_io,pos_x,pos_y,pos_z,frame,trial_num,block_num,practicing,left_right_hand,palm_back_hand,target_loc,distractor_loc,participant_id
<_io.BytesIO object at 0x000001E1C8E179F0>,0.5942084193229675,0.053151436150074005,-0.07612615823745728,497430,55,4,False,Right,Back,Centre,Right,61
_io,pos_x,pos_y,pos_z,frame,trial_num,block_num,practicing,left_right_hand,palm_back_hand,target_loc,distractor_loc,participant_id
<_io.BytesIO object at 0x000001E1C8DEED60>,0.5389575958251953,0.02910367026925087,-0.12859873473644257,497430,55,4,False,Right,Back,Centre,Right,61
_io,pos_x,pos_y,pos_z,frame,trial_num,block_num,practicing,left_right_hand,palm_back_hand,target_loc,distractor_loc,participant_id
<_io.BytesIO object at 0x000001E1C8DEE8B0>,0.5166260004043579,0.05338725820183754,-0.10359667986631393,497430,55,4,False,Right,Back,Centre,Right,61
_io,pos_x,pos_y,pos_z,frame,trial_num,block_num,practicing,left_right_hand,palm_back_hand,target_loc,distractor_loc,participant_id
<_io.BytesIO object at 0x000001E1C8DEEF90>,0.5193502306938171,0.02590843103826046,-0.023757876828312874,497430,55,4,False,Right,Back,Centre,Right,61
_io,pos_x,pos_y,pos_z,frame,trial_num,block_num,practicing,left_right_hand,palm_back_hand,target_loc,distractor_loc,participant_id
<_io.BytesIO object at 0x000001E1C8DEE400>,0.48562091588974,0.02730586752295494,-0.08590558171272278,497430,55,4,False,Right,Back,Centre,Right,61
_io,pos_x,pos_y,pos_z,frame,trial_num,block_num,practicing,left_right_hand,palm_back_hand,target_loc,distractor_loc,participant_id
<_io.BytesIO object at 0x000001E1C6033630>,0.8861744403839111,0.04794090986251831,-0.03407431021332741,497430,55,4,False,Right,Back,Centre,Right,61
_io,pos_x,pos_y,pos_z,frame,trial_num,block_num,practicing,left_right_hand,palm_back_hand,target_loc,distractor_loc,participant_id
<_io.BytesIO object at 0x000001E1C60330E0>,0.929310142993927,-0.023150168359279633,0.003202255815267563,497430,55,4,False,Right,Back,Centre,Right,61
_io,pos_x,pos_y,pos_z,frame,trial_num,block_num,practicing,left_right_hand,palm_back_hand,target_loc,distractor_loc,participant_id
<_io.BytesIO object at 0x000001E1C60338B0>,0.8623960018157959,0.02766786701977253,0.05039484426379204,497430,55,4,False,Right,Back,Centre,Right,61
_io,pos_x,pos_y,pos_z,frame,trial_num,block_num,practicing,left_right_hand,palm_back_hand,target_loc,distractor_loc,participant_id
<_io.BytesIO object at 0x000001E1C60339A0>,0.84147047996521,0.039274659007787704,-0.03955419734120369,497430,55,4,False,Right,Back,Centre,Right,61
_io,pos_x,pos_y,pos_z,frame,trial_num,block_num,practicing,left_right_hand,palm_back_hand,target_loc,distractor_loc,participant_id
<_io.BytesIO object at 0x000001E1C6033DB0>,0.9083816409111023,0.012837360613048077,-0.050365328788757324,497430,55,4,False,Right,Back,Centre,Right,61
<_io.BytesIO object at 0x000001E1C8DEECC0>,0.5943387150764465,0.05213519558310509,-0.07577916234731674,497431,55,4,False,Right,Back,Centre,Right,61
<_io.BytesIO object at 0x000001E1C6033EA0>,0.5392491221427917,0.028673365712165833,-0.1285858005285263,497431,55,4,False,Right,Back,Centre,Right,61
<_io.BytesIO object at 0x000001E1C60334A0>,0.5167406797409058,0.05281217396259308,-0.10362979024648666,497431,55,4,False,Right,Back,Centre,Right,61
<_io.BytesIO object at 0x000001E1C60337C0>,0.5192465782165527,0.024782685562968254,-0.023878851905465126,497431,55,4,False,Right,Back,Centre,Right,61
<_io.BytesIO object at 0x000001E1C6033B80>,0.48571062088012695,0.02682633325457573,-0.0860709398984909,497431,55,4,False,Right,Back,Centre,Right,61
<_io.BytesIO object at 0x000001E1C6033040>,0.886166512966156,0.047953180968761444,-0.03405401110649109,497431,55,4,False,Right,Back,Centre,Right,61
<_io.BytesIO object at 0x000001E1C6033540>,0.9293044209480286,-0.02313627302646637,0.0032051177695393562,497431,55,4,False,Right,Back,Centre,Right,61
<_io.BytesIO object at 0x000001E1C8F6F9A0>,0.8623868823051453,0.027652041986584663,0.05038819462060928,497431,55,4,False,Right,Back,Centre,Right,61
<_io.BytesIO object at 0x000001E1C8F6F310>,0.8414482474327087,0.039246298372745514,-0.03962461277842522,497431,55,4,False,Right,Back,Centre,Right,61
<_io.BytesIO object at 0x000001E1C8F6F720>,0.908375084400177,0.01285167783498764,-0.05037739500403404,497431,55,4,False,Right,Back,Centre,Right,61
<_io.BytesIO object at 0x000001E1C8DEE450>,0.5944245457649231,0.05116387829184532,-0.07561003416776657,497432,55,4,False,Right,Back,Centre,Right,61
<_io.BytesIO object at 0x000001E1C8DEEDB0>,0.539526641368866,0.02832162380218506,-0.1286056637763977,497432,55,4,False,Right,Back,Centre,Right,61
<_io.BytesIO object at 0x000001E1C8DEE180>,0.5169087052345276,0.05223257467150688,-0.1036875918507576,497432,55,4,False,Right,Back,Centre,Right,61
<_io.BytesIO object at 0x000001E1C8DEE5E0>,0.5191401839256287,0.023699237033724785,-0.024048037827014923,497432,55,4,False,Right,Back,Centre,Right,61
<_io.BytesIO object at 0x000001E1C8DEE130>,0.4857995808124542,0.026194918900728226,-0.08628729730844498,497432,55,4,False,Right,Back,Centre,Right,61
<_io.BytesIO object at 0x000001E1C8DEEC70>,0.8860970735549927,0.04799380898475647,-0.03402922675013542,497432,55,4,False,Right,Back,Centre,Right,61
<_io.BytesIO object at 0x000001E1C8DEE720>,0.9293251037597656,-0.023104429244995117,0.003177533857524395,497432,55,4,False,Right,Back,Centre,Right,61
<_io.BytesIO object at 0x000001E1C6033DB0>,0.862377941608429,0.027628351002931595,0.05037836357951164,497432,55,4,False,Right,Back,Centre,Right,61
<_io.BytesIO object at 0x000001E1C6033F40>,0.8414384126663208,0.039236050099134445,-0.03962920606136322,497432,55,4,False,Right,Back,Centre,Right,61
<_io.BytesIO object at 0x000001E1C6033C20>,0.908365786075592,0.012861164286732674,-0.05038613826036453,497432,55,4,False,Right,Back,Centre,Right,61
<_io.BytesIO object at 0x000001E1C60334F0>,0.5944131016731262,0.050708577036857605,-0.07572347670793533,497433,55,4,False,Right,Back,Centre,Right,61
<_io.BytesIO object at 0x000001E1C6033D10>,0.5397055745124817,0.028113223612308502,-0.12866957485675812,497433,55,4,False,Right,Back,Centre,Right,61
<_io.BytesIO object at 0x000001E1C8E176D0>,0.5169870257377625,0.05184793472290039,-0.1037697121500969,497433,55,4,False,Right,Back,Centre,Right,61
<_io.BytesIO object at 0x000001E1C8E17770>,0.5192864537239075,0.022697053849697113,-0.024190416559576988,497433,55,4,False,Right,Back,Centre,Right,61
<_io.BytesIO object at 0x000001E1C8E172C0>,0.48589223623275757,0.02571154199540615,-0.0864100456237793,497433,55,4,False,Right,Back,Centre,Right,61
<_io.BytesIO object at 0x000001E1C8E17B80>,0.8861243724822998,0.04795007035136223,-0.03409312292933464,497433,55,4,False,Right,Back,Centre,Right,61
<_io.BytesIO object at 0x000001E1C8E17090>,0.9293327331542969,-0.023102683946490288,0.00315979216247797,497433,55,4,False,Right,Back,Centre,Right,61
<_io.BytesIO object at 0x000001E1C8F6FBD0>,0.862373411655426,0.02760178968310356,0.050372812896966934,497433,55,4,False,Right,Back,Centre,Right,61
<_io.BytesIO object at 0x000001E1C8F6F2C0>,0.8413988351821899,0.0392070971429348,-0.039619967341423035,497433,55,4,False,Right,Back,Centre,Right,61
<_io.BytesIO object at 0x000001E1C8F6F630>,0.9083645939826965,0.012873504310846329,-0.05040273442864418,497433,55,4,False,Right,Back,Centre,Right,61
<_io.BytesIO object at 0x000001E1C6033B80>,0.5944086909294128,0.050536107271909714,-0.07592466473579407,497434,55,4,False,Right,Back,Centre,Right,61
<_io.BytesIO object at 0x000001E1C6033400>,0.5397875308990479,0.02796851098537445,-0.12873509526252747,497434,55,4,False,Right,Back,Centre,Right,61
<_io.BytesIO object at 0x000001E1C60334A0>,0.5170171856880188,0.051542531698942184,-0.10389064997434616,497434,55,4,False,Right,Back,Centre,Right,61
<_io.BytesIO object at 0x000001E1C6033A90>,0.5193393230438232,0.022157730534672737,-0.024388214573264122,497434,55,4,False,Right,Back,Centre,Right,61
<_io.BytesIO object at 0x000001E1C6033A40>,0.48606669902801514,0.02521834895014763,-0.08655382692813873,497434,55,4,False,Right,Back,Centre,Right,61
<_io.BytesIO object at 0x000001E1C6033360>,0.886050283908844,0.04801267385482788,-0.034058667719364166,497434,55,4,False,Right,Back,Centre,Right,61
<_io.BytesIO object at 0x000001E1C6033630>,0.9293280243873596,-0.023069217801094055,0.0031353067606687546,497434,55,4,False,Right,Back,Centre,Right,61
<_io.BytesIO object at 0x000001E1C8E17C70>,0.8623648285865784,0.027582665905356407,0.05036701261997223,497434,55,4,False,Right,Back,Centre,Right,61
<_io.BytesIO object at 0x000001E1C8E17DB0>,0.8413851261138916,0.039216261357069016,-0.039620984345674515,497434,55,4,False,Right,Back,Centre,Right,61
<_io.BytesIO object at 0x000001E1C8E17E00>,0.9083471298217773,0.012889984995126724,-0.050404105335474014,497434,55,4,False,Right,Back,Centre,Right,61
<_io.BytesIO object at 0x000001E1C6033900>,0.5944300889968872,0.05056693032383919,-0.0761309266090393,497435,55,4,False,Right,Back,Centre,Right,61
<_io.BytesIO object at 0x000001E1C60331D0>,0.5398243069648743,0.027866315096616745,-0.12885233759880066,497435,55,4,False,Right,Back,Centre,Right,61
<_io.BytesIO object at 0x000001E1C6033E50>,0.5170435309410095,0.05134786665439606,-0.10398751497268677,497435,55,4,False,Right,Back,Centre,Right,61
<_io.BytesIO object at 0x000001E1C6033130>,0.5196055769920349,0.021988827735185623,-0.024538232013583183,497435,55,4,False,Right,Back,Centre,Right,61
<_io.BytesIO object at 0x000001E1C6033A90>,0.48614200949668884,0.024958176538348198,-0.08666179329156876,497435,55,4,False,Right,Back,Centre,Right,61
<_io.BytesIO object at 0x000001E1C6033310>,0.8860853314399719,0.047978855669498444,-0.03413138911128044,497435,55,4,False,Right,Back,Centre,Right,61
<_io.BytesIO object at 0x000001E1C8E173B0>,0.9292848110198975,-0.02307673543691635,0.0031333528459072113,497435,55,4,False,Right,Back,Centre,Right,61
<_io.BytesIO object at 0x000001E1C8E17590>,0.862357497215271,0.027586815878748894,0.05035456642508507,497435,55,4,False,Right,Back,Centre,Right,61
<_io.BytesIO object at 0x000001E1C8E17310>,0.8413711190223694,0.039229050278663635,-0.039635736495256424,497435,55,4,False,Right,Back,Centre,Right,61
<_io.BytesIO object at 0x000001E1C8E17C70>,0.9083351492881775,0.012909000739455223,-0.050410252064466476,497435,55,4,False,Right,Back,Centre,Right,61
<_io.BytesIO object at 0x000001E1C8E17D10>,0.5945042967796326,0.050704460591077805,-0.07628569006919861,497436,55,4,False,Right,Back,Centre,Right,61
<_io.BytesIO object at 0x000001E1C8E174A0>,0.5398035645484924,0.027795908972620964,-0.1289799064397812,497436,55,4,False,Right,Back,Centre,Right,61
<_io.BytesIO object at 0x000001E1C60334F0>,0.5170578360557556,0.05131883546710014,-0.10406026244163513,497436,55,4,False,Right,Back,Centre,Right,61
<_io.BytesIO object at 0x000001E1C6033680>,0.5198500156402588,0.022190852090716362,-0.024591656401753426,497436,55,4,False,Right,Back,Centre,Right,61
<_io.BytesIO object at 0x000001E1C6033130>,0.4862322211265564,0.024903034791350365,-0.08666300773620605,497436,55,4,False,Right,Back,Centre,Right,61
<_io.BytesIO object at 0x000001E1C6033400>,0.8860132098197937,0.04803953319787979,-0.034094493836164474,497436,55,4,False,Right,Back,Centre,Right,61
<_io.BytesIO object at 0x000001E1C6033180>,0.9292920827865601,-0.023036889731884003,0.003110078163444996,497436,55,4,False,Right,Back,Centre,Right,61
<_io.BytesIO object at 0x000001E1C6033F90>,0.8623605370521545,0.02757946215569973,0.05034739524126053,497436,55,4,False,Right,Back,Centre,Right,61
<_io.BytesIO object at 0x000001E1C8DEE540>,0.8413668274879456,0.03924975171685219,-0.039647165685892105,497436,55,4,False,Right,Back,Centre,Right,61
<_io.BytesIO object at 0x000001E1C8DEE1D0>,0.9083293080329895,0.012930680066347122,-0.050412412732839584,497436,55,4,False,Right,Back,Centre,Right,61
<_io.BytesIO object at 0x000001E1C60337C0>,0.5946197509765625,0.05086318403482437,-0.07640818506479263,497437,55,4,False,Right,Back,Centre,Right,61
<_io.BytesIO object at 0x000001E1C6033A40>,0.5397253632545471,0.02777876891195774,-0.1291024535894394,497437,55,4,False,Right,Back,Centre,Right,61
<_io.BytesIO object at 0x000001E1C6033590>,0.5171406269073486,0.05141936615109444,-0.10410318523645401,497437,55,4,False,Right,Back,Centre,Right,61
<_io.BytesIO object at 0x000001E1C6033EA0>,0.5200971961021423,0.022504666820168495,-0.02458980493247509,497437,55,4,False,Right,Back,Centre,Right,61
<_io.BytesIO object at 0x000001E1C6033F40>,0.48630017042160034,0.025056786835193634,-0.08659888058900833,497437,55,4,False,Right,Back,Centre,Right,61
<_io.BytesIO object at 0x000001E1C6033F90>,0.8859976530075073,0.04805846884846687,-0.034120824187994,497437,55,4,False,Right,Back,Centre,Right,61
<_io.BytesIO object at 0x000001E1C8E17720>,0.9292877912521362,-0.023008674383163452,0.0030915122479200363,497437,55,4,False,Right,Back,Centre,Right,61
<_io.BytesIO object at 0x000001E1C8E17D60>,0.8623605370521545,0.027578914538025856,0.05033588409423828,497437,55,4,False,Right,Back,Centre,Right,61
<_io.BytesIO object at 0x000001E1C8E17B80>,0.8413447737693787,0.03925243765115738,-0.039661478251218796,497437,55,4,False,Right,Back,Centre,Right,61
<_io.BytesIO object at 0x000001E1C8E177C0>,0.9083219766616821,0.012951280921697617,-0.05042498558759689,497437,55,4,False,Right,Back,Centre,Right,61
<_io.BytesIO object at 0x000001E1C6033EF0>,0.5947290658950806,0.05110650137066841,-0.07648226618766785,497438,55,4,False,Right,Back,Centre,Right,61
<_io.BytesIO object at 0x000001E1C6033CC0>,0.5396329760551453,0.027783995494246483,-0.12920767068862915,497438,55,4,False,Right,Back,Centre,Right,61
<_io.BytesIO object at 0x000001E1C8E17090>,0.5171962380409241,0.051603052765131,-0.10410168766975403,497438,55,4,False,Right,Back,Centre,Right,61
<_io.BytesIO object at 0x000001E1C8E17A90>,0.5203753113746643,0.02281816676259041,-0.024606285616755486,497438,55,4,False,Right,Back,Centre,Right,61
<_io.BytesIO object at 0x000001E1C8E176D0>,0.4863923490047455,0.025280119851231575,-0.08648788183927536,497438,55,4,False,Right,Back,Centre,Right,61
<_io.BytesIO object at 0x000001E1C8E17720>,0.8859947323799133,0.048075053840875626,-0.03413495048880577,497438,55,4,False,Right,Back,Centre,Right,61
<_io.BytesIO object at 0x000001E1C8E174A0>,0.9292975068092346,-0.023032240569591522,0.0030115926638245583,497438,55,4,False,Right,Back,Centre,Right,61
<_io.BytesIO object at 0x000001E1C8E17E50>,0.8623679876327515,0.027571044862270355,0.05032029375433922,497438,55,4,False,Right,Back,Centre,Right,61
<_io.BytesIO object at 0x000001E1C8DEED10>,0.8413363099098206,0.039265651255846024,-0.039673902094364166,497438,55,4,False,Right,Back,Centre,Right,61
<_io.BytesIO object at 0x000001E1C8DEEB30>,0.9082850813865662,0.012948669493198395,-0.05048474296927452,497438,55,4,False,Right,Back,Centre,Right,61
<_io.BytesIO object at 0x000001E1C8E175E0>,0.5948255658149719,0.05127551406621933,-0.07647006213665009,497439,55,4,False,Right,Back,Centre,Right,61
<_io.BytesIO object at 0x000001E1C8E17E50>,0.5395169854164124,0.027807015925645828,-0.12924543023109436,497439,55,4,False,Right,Back,Centre,Right,61
<_io.BytesIO object at 0x000001E1C6033EA0>,0.5172269344329834,0.05181840434670448,-0.10407704859972,497439,55,4,False,Right,Back,Centre,Right,61
<_io.BytesIO object at 0x000001E1C60331D0>,0.5205641388893127,0.02313419058918953,-0.024480974301695824,497439,55,4,False,Right,Back,Centre,Right,61
<_io.BytesIO object at 0x000001E1C6033310>,0.486407607793808,0.0255572609603405,-0.08632692694664001,497439,55,4,False,Right,Back,Centre,Right,61
<_io.BytesIO object at 0x000001E1C60330E0>,0.886040985584259,0.048036813735961914,-0.03419329598546028,497439,55,4,False,Right,Back,Centre,Right,61
<_io.BytesIO object at 0x000001E1C60332C0>,0.9292887449264526,-0.023049913346767426,0.0029909443110227585,497439,55,4,False,Right,Back,Centre,Right,61
<_io.BytesIO object at 0x000001E1C6033450>,0.8623620867729187,0.027557576075196266,0.05030972138047218,497439,55,4,False,Right,Back,Centre,Right,61
<_io.BytesIO object at 0x000001E1C8DEE720>,0.841328501701355,0.03926683962345123,-0.039682626724243164,497439,55,4,False,Right,Back,Centre,Right,61
<_io.BytesIO object at 0x000001E1C8DEE2C0>,0.9082825183868408,0.012965157628059387,-0.050504595041275024,497439,55,4,False,Right,Back,Centre,Right,61
<_io.BytesIO object at 0x000001E1C6033040>,0.5948458909988403,0.05154288932681084,-0.07639451324939728,497440,55,4,False,Right,Back,Centre,Right,61
<_io.BytesIO object at 0x000001E1C6033360>,0.5394008159637451,0.027880875393748283,-0.1292545646429062,497440,55,4,False,Right,Back,Centre,Right,61
<_io.BytesIO object at 0x000001E1C6033A40>,0.5171977877616882,0.052053313702344894,-0.10396898537874222,497440,55,4,False,Right,Back,Centre,Right,61
<_io.BytesIO object at 0x000001E1C60338B0>,0.5206950306892395,0.023448172956705093,-0.024257933720946312,497440,55,4,False,Right,Back,Centre,Right,61
<_io.BytesIO object at 0x000001E1C6033C20>,0.4864574670791626,0.025841908529400826,-0.08616603165864944,497440,55,4,False,Right,Back,Centre,Right,61
<_io.BytesIO object at 0x000001E1C8E17E00>,0.8859782218933105,0.04811547324061394,-0.03413787856698036,497440,55,4,False,Right,Back,Centre,Right,61
<_io.BytesIO object at 0x000001E1C8E17C70>,0.9292664527893066,-0.02301163226366043,0.002983223646879196,497440,55,4,False,Right,Back,Centre,Right,61
<_io.BytesIO object at 0x000001E1C8E17950>,0.8623586297035217,0.027554960921406746,0.050300855189561844,497440,55,4,False,Right,Back,Centre,Right,61
<_io.BytesIO object at 0x000001E1C8E170E0>,0.8413109183311462,0.039284784346818924,-0.03969980403780937,497440,55,4,False,Right,Back,Centre,Right,61
<_io.BytesIO object at 0x000001E1C8E17540>,0.9082714319229126,0.012987222522497177,-0.05050262436270714,497440,55,4,False,Right,Back,Centre,Right,61
<_io.BytesIO object at 0x000001E1C60339A0>,0.5947976112365723,0.05184487998485565,-0.07624979317188263,497441,55,4,False,Right,Back,Centre,Right,61
<_io.BytesIO object at 0x000001E1C6033B30>,0.5392877459526062,0.02797606587409973,-0.129192054271698,497441,55,4,False,Right,Back,Centre,Right,61
<_io.BytesIO object at 0x000001E1C6033220>,0.5171394944190979,0.05230048671364784,-0.1038387343287468,497441,55,4,False,Right,Back,Centre,Right,61
<_io.BytesIO object at 0x000001E1C60334F0>,0.5206472873687744,0.023795895278453827,-0.02400348335504532,497441,55,4,False,Right,Back,Centre,Right,61
<_io.BytesIO object at 0x000001E1C60334A0>,0.4863865375518799,0.026183433830738068,-0.08591964095830917,497441,55,4,False,Right,Back,Centre,Right,61
<_io.BytesIO object at 0x000001E1C8E17360>,0.8859570026397705,0.048128824681043625,-0.03415587171912193,497441,55,4,False,Right,Back,Centre,Right,61
<_io.BytesIO object at 0x000001E1C8E17A90>,0.9292573928833008,-0.022989939898252487,0.002959955483675003,497441,55,4,False,Right,Back,Centre,Right,61
<_io.BytesIO object at 0x000001E1C8E17D10>,0.8623642921447754,0.027535267174243927,0.050292007625103,497441,55,4,False,Right,Back,Centre,Right,61
<_io.BytesIO object at 0x000001E1C8E172C0>,0.8412993550300598,0.039291467517614365,-0.03969735652208328,497441,55,4,False,Right,Back,Centre,Right,61
<_io.BytesIO object at 0x000001E1C8E17AE0>,0.9082591533660889,0.013019903562963009,-0.05051166191697121,497441,55,4,False,Right,Back,Centre,Right,61
<_io.BytesIO object at 0x000001E1C6033B80>,0.5946831107139587,0.05223340913653374,-0.07607455551624298,497442,55,4,False,Right,Back,Centre,Right,61
<_io.BytesIO object at 0x000001E1C6033270>,0.5391668677330017,0.02822216786444187,-0.12915949523448944,497442,55,4,False,Right,Back,Centre,Right,61
<_io.BytesIO object at 0x000001E1C6033400>,0.5170757174491882,0.05263137444853783,-0.1037149429321289,497442,55,4,False,Right,Back,Centre,Right,61
<_io.BytesIO object at 0x000001E1C6033CC0>,0.520571768283844,0.02414998598396778,-0.02380395494401455,497442,55,4,False,Right,Back,Centre,Right,61
<_io.BytesIO object at 0x000001E1C6033220>,0.48637261986732483,0.026400893926620483,-0.08570258319377899,497442,55,4,False,Right,Back,Centre,Right,61
<_io.BytesIO object at 0x000001E1C8E174A0>,0.8859363198280334,0.04813919588923454,-0.034168727695941925,497442,55,4,False,Right,Back,Centre,Right,61
<_io.BytesIO object at 0x000001E1C8E17A90>,0.9292559027671814,-0.02299359254539013,0.0029173651710152626,497442,55,4,False,Right,Back,Centre,Right,61
<_io.BytesIO object at 0x000001E1C8E17360>,0.8623542785644531,0.027523353695869446,0.05028366670012474,497442,55,4,False,Right,Back,Centre,Right,61
<_io.BytesIO object at 0x000001E1C8E17EF0>,0.8412864208221436,0.03931611031293869,-0.03969621658325195,497442,55,4,False,Right,Back,Centre,Right,61
<_io.BytesIO object at 0x000001E1C8E17270>,0.9082450866699219,0.013029694557189941,-0.0505315437912941,497442,55,4,False,Right,Back,Centre,Right,61
<_io.BytesIO object at 0x000001E1C60334A0>,0.5944845676422119,0.052676308900117874,-0.07590988278388977,497443,55,4,False,Right,Back,Centre,Right,61
<_io.BytesIO object at 0x000001E1C8E17EF0>,0.5390150547027588,0.028445398434996605,-0.12892143428325653,497443,55,4,False,Right,Back,Centre,Right,61
<_io.BytesIO object at 0x000001E1C8E17BD0>,0.5169022679328918,0.052970487624406815,-0.10352838039398193,497443,55,4,False,Right,Back,Centre,Right,61
<_io.BytesIO object at 0x000001E1C8E170E0>,0.5203768610954285,0.02461310476064682,-0.023537652567029,497443,55,4,False,Right,Back,Centre,Right,61
<_io.BytesIO object at 0x000001E1C8DEE8B0>,0.48627617955207825,0.026603959500789642,-0.0854860320687294,497443,55,4,False,Right,Back,Centre,Right,61
<_io.BytesIO object at 0x000001E1C8DEE720>,0.8859199285507202,0.048161428421735764,-0.034178830683231354,497443,55,4,False,Right,Back,Centre,Right,61
<_io.BytesIO object at 0x000001E1C8DEE1D0>,0.9292241930961609,-0.02295965515077114,0.0029235240072011948,497443,55,4,False,Right,Back,Centre,Right,61
<_io.BytesIO object at 0x000001E1C8DEE4F0>,0.8623619675636292,0.02751890756189823,0.05028483271598816,497443,55,4,False,Right,Back,Centre,Right,61
<_io.BytesIO object at 0x000001E1C8DEEAE0>,0.8412571549415588,0.03932143375277519,-0.03970018029212952,497443,55,4,False,Right,Back,Centre,Right,61
<_io.BytesIO object at 0x000001E1C8DEEDB0>,0.9082324504852295,0.013066527433693409,-0.05052275210618973,497443,55,4,False,Right,Back,Centre,Right,61
<_io.BytesIO object at 0x000001E1C6033810>,0.5942306518554688,0.053207263350486755,-0.07570148259401321,497444,55,4,False,Right,Back,Centre,Right,61
<_io.BytesIO object at 0x000001E1C6033D10>,0.5388472080230713,0.028881708160042763,-0.12875549495220184,497444,55,4,False,Right,Back,Centre,Right,61
<_io.BytesIO object at 0x000001E1C8DEE720>,0.5167456865310669,0.05332604795694351,-0.10341648757457733,497444,55,4,False,Right,Back,Centre,Right,61
<_io.BytesIO object at 0x000001E1C8DEEAE0>,0.5202569961547852,0.025008412078022957,-0.023244809359312057,497444,55,4,False,Right,Back,Centre,Right,61
<_io.BytesIO object at 0x000001E1C8DEEE50>,0.48614829778671265,0.02689642645418644,-0.08528745919466019,497444,55,4,False,Right,Back,Centre,Right,61
<_io.BytesIO object at 0x000001E1C8DEE540>,0.885891318321228,0.048174213618040085,-0.03418361768126488,497444,55,4,False,Right,Back,Centre,Right,61
<_io.BytesIO object at 0x000001E1C8DEE4A0>,0.9292263388633728,-0.02294681966304779,0.0028943493962287903,497444,55,4,False,Right,Back,Centre,Right,61
<_io.BytesIO object at 0x000001E1C8DEE270>,0.8623553514480591,0.027514580637216568,0.05027852579951286,497444,55,4,False,Right,Back,Centre,Right,61
<_io.BytesIO object at 0x000001E1C8DEEE00>,0.8412424325942993,0.03933649882674217,-0.039701081812381744,497444,55,4,False,Right,Back,Centre,Right,61
<_io.BytesIO object at 0x000001E1C8F6F900>,0.9082172513008118,0.013084135949611664,-0.050538089126348495,497444,55,4,False,Right,Back,Centre,Right,61
<_io.BytesIO object at 0x000001E1C6033590>,0.5940767526626587,0.05363590270280838,-0.07558948546648026,497445,55,4,False,Right,Back,Centre,Right,61
<_io.BytesIO object at 0x000001E1C6033E00>,0.5388551950454712,0.02901936136186123,-0.12838059663772583,497445,55,4,False,Right,Back,Centre,Right,61
<_io.BytesIO object at 0x000001E1C8E17040>,0.5165017247200012,0.05361766740679741,-0.10317905247211456,497445,55,4,False,Right,Back,Centre,Right,61
<_io.BytesIO object at 0x000001E1C8E17220>,0.5201101899147034,0.025403007864952087,-0.023071210831403732,497445,55,4,False,Right,Back,Centre,Right,61
<_io.BytesIO object at 0x000001E1C8E17720>,0.48592913150787354,0.027178023010492325,-0.08504391461610794,497445,55,4,False,Right,Back,Centre,Right,61
<_io.BytesIO object at 0x000001E1C8E17B80>,0.8858724236488342,0.04817904159426689,-0.034209419041872025,497445,55,4,False,Right,Back,Centre,Right,61
<_io.BytesIO object at 0x000001E1C8E17400>,0.9292163252830505,-0.022924114018678665,0.002881028689444065,497445,55,4,False,Right,Back,Centre,Right,61
<_io.BytesIO object at 0x000001E1C8E177C0>,0.8623540997505188,0.02751723863184452,0.05027768388390541,497445,55,4,False,Right,Back,Centre,Right,61
<_io.BytesIO object at 0x000001E1C8E170E0>,0.8412219882011414,0.03934478387236595,-0.03970402851700783,497445,55,4,False,Right,Back,Centre,Right,61
<_io.BytesIO object at 0x000001E1C8F6F900>,0.908197820186615,0.013109255582094193,-0.050543755292892456,497445,55,4,False,Right,Back,Centre,Right,61
<_io.BytesIO object at 0x000001E1C8E17590>,0.5938848853111267,0.05407130718231201,-0.07552622258663177,497446,55,4,False,Right,Back,Centre,Right,61
<_io.BytesIO object at 0x000001E1C8E174F0>,0.5388175845146179,0.02932806871831417,-0.12806853652000427,497446,55,4,False,Right,Back,Centre,Right,61
<_io.BytesIO object at 0x000001E1C6033900>,0.5163119435310364,0.05390811711549759,-0.10302449017763138,497446,55,4,False,Right,Back,Centre,Right,61
<_io.BytesIO object at 0x000001E1C6033C20>,0.5202065110206604,0.02568899095058441,-0.02285415679216385,497446,55,4,False,Right,Back,Centre,Right,61
<_io.BytesIO object at 0x000001E1C6033450>,0.4857805371284485,0.02739911898970604,-0.08489560335874557,497446,55,4,False,Right,Back,Centre,Right,61
<_io.BytesIO object at 0x000001E1C6033F40>,0.8858604431152344,0.0481998585164547,-0.03421350568532944,497446,55,4,False,Right,Back,Centre,Right,61
<_io.BytesIO object at 0x000001E1C6033AE0>,0.9291873574256897,-0.022908451035618782,0.0028740912675857544,497446,55,4,False,Right,Back,Centre,Right,61
<_io.BytesIO object at 0x000001E1C60335E0>,0.8623528480529785,0.027517354115843773,0.05025887489318848,497446,55,4,False,Right,Back,Centre,Right,61
<_io.BytesIO object at 0x000001E1C8DEE810>,0.8412127494812012,0.03934946283698082,-0.03969806432723999,497446,55,4,False,Right,Back,Centre,Right,61
<_io.BytesIO object at 0x000001E1C8DEE7C0>,0.9081849455833435,0.013132649473845959,-0.0505509190261364,497446,55,4,False,Right,Back,Centre,Right,61
<_io.BytesIO object at 0x000001E1C8E172C0>,0.5935418605804443,0.05472927168011665,-0.0755452886223793,497447,55,4,False,Right,Back,Centre,Right,61
<_io.BytesIO object at 0x000001E1C8E17810>,0.5387338399887085,0.029678041115403175,-0.12774083018302917,497447,55,4,False,Right,Back,Centre,Right,61
<_io.BytesIO object at 0x000001E1C8DEEDB0>,0.5161296129226685,0.05420023575425148,-0.10293572396039963,497447,55,4,False,Right,Back,Centre,Right,61
<_io.BytesIO object at 0x000001E1C8DEEF40>,0.5197986364364624,0.026525046676397324,-0.02266310714185238,497447,55,4,False,Right,Back,Centre,Right,61
<_io.BytesIO object at 0x000001E1C8DEEC20>,0.4856030344963074,0.027656354010105133,-0.08473978191614151,497447,55,4,False,Right,Back,Centre,Right,61
<_io.BytesIO object at 0x000001E1C8DEE1D0>,0.8858411908149719,0.04820539802312851,-0.03422105684876442,497447,55,4,False,Right,Back,Centre,Right,61
<_io.BytesIO object at 0x000001E1C8DEE9A0>,0.9291806817054749,-0.022914445027709007,0.002836950123310089,497447,55,4,False,Right,Back,Centre,Right,61
<_io.BytesIO object at 0x000001E1C8DEE4A0>,0.8623536825180054,0.027504561468958855,0.05025246739387512,497447,55,4,False,Right,Back,Centre,Right,61
<_io.BytesIO object at 0x000001E1C8DEEE50>,0.8412001132965088,0.039355840533971786,-0.039704274386167526,497447,55,4,False,Right,Back,Centre,Right,61
<_io.BytesIO object at 0x000001E1C8F6F900>,0.908159077167511,0.013139485381543636,-0.05057424306869507,497447,55,4,False,Right,Back,Centre,Right,61
<_io.BytesIO object at 0x000001E1C6033540>,0.5932822227478027,0.05552423372864723,-0.07546977698802948,497448,55,4,False,Right,Back,Centre,Right,61
<_io.BytesIO object at 0x000001E1C6033270>,0.5385275483131409,0.030101116746664047,-0.1273936927318573,497448,55,4,False,Right,Back,Centre,Right,61
<_io.BytesIO object at 0x000001E1C8E175E0>,0.5159280896186829,0.0545739009976387,-0.10287349671125412,497448,55,4,False,Right,Back,Centre,Right,61
<_io.BytesIO object at 0x000001E1C8E17F40>,0.5198328495025635,0.027063097804784775,-0.022536130622029305,497448,55,4,False,Right,Back,Centre,Right,61
<_io.BytesIO object at 0x000001E1C8E17680>,0.48544055223464966,0.028018997982144356,-0.08460536599159241,497448,55,4,False,Right,Back,Centre,Right,61
<_io.BytesIO object at 0x000001E1C8E17450>,0.8858348727226257,0.048228830099105835,-0.0342479944229126,497448,55,4,False,Right,Back,Centre,Right,61
<_io.BytesIO object at 0x000001E1C8E17770>,0.9291908144950867,-0.022891119122505188,0.002807258628308773,497448,55,4,False,Right,Back,Centre,Right,61
<_io.BytesIO object at 0x000001E1C8E17360>,0.8623600602149963,0.027501724660396576,0.050244949758052826,497448,55,4,False,Right,Back,Centre,Right,61
<_io.BytesIO object at 0x000001E1C8E17C20>,0.8412009477615356,0.03937405347824097,-0.03970632329583168,497448,55,4,False,Right,Back,Centre,Right,61
<_io.BytesIO object at 0x000001E1C8F6FEF0>,0.908157467842102,0.013165541924536228,-0.050586502999067307,497448,55,4,False,Right,Back,Centre,Right,61
<_io.BytesIO object at 0x000001E1C6033F90>,0.5930109620094299,0.0563528873026371,-0.07531867176294327,497449,55,4,False,Right,Back,Centre,Right,61
<_io.BytesIO object at 0x000001E1C6033B30>,0.5384988188743591,0.0304704662412405,-0.12722675502300262,497449,55,4,False,Right,Back,Centre,Right,61
<_io.BytesIO object at 0x000001E1C8DEE0E0>,0.515707790851593,0.05509220436215401,-0.10280239582061768,497449,55,4,False,Right,Back,Centre,Right,61
<_io.BytesIO object at 0x000001E1C8DEEF90>,0.5194427967071533,0.02800730988383293,-0.022244945168495178,497449,55,4,False,Right,Back,Centre,Right,61
<_io.BytesIO object at 0x000001E1C8DEE040>,0.48524290323257446,0.02851974032819271,-0.08449556678533554,497449,55,4,False,Right,Back,Centre,Right,61
<_io.BytesIO object at 0x000001E1C8DEE4F0>,0.88581782579422,0.048244837671518326,-0.03426242247223854,497449,55,4,False,Right,Back,Centre,Right,61
<_io.BytesIO object at 0x000001E1C8DEE450>,0.9291837811470032,-0.02287708967924118,0.0027768267318606377,497449,55,4,False,Right,Back,Centre,Right,61
<_io.BytesIO object at 0x000001E1C8DEE9A0>,0.8623753190040588,0.027511773630976677,0.050231486558914185,497449,55,4,False,Right,Back,Centre,Right,61
<_io.BytesIO object at 0x000001E1C8DEEC20>,0.8411927819252014,0.03938598930835724,-0.039705365896224976,497449,55,4,False,Right,Back,Centre,Right,61
<_io.BytesIO object at 0x000001E1C8F6FEF0>,0.9081359505653381,0.013183282688260078,-0.05060935765504837,497449,55,4,False,Right,Back,Centre,Right,61
<_io.BytesIO object at 0x000001E1C8DEEF40>,0.5927442908287048,0.057256393134593964,-0.07511472702026367,497450,55,4,False,Right,Back,Centre,Right,61
<_io.BytesIO object at 0x000001E1C8DEE9F0>,0.5384256839752197,0.031034352257847786,-0.12723062932491302,497450,55,4,False,Right,Back,Centre,Right,61
<_io.BytesIO object at 0x000001E1C8DEE770>,0.5155478119850159,0.05582115426659584,-0.1027875691652298,497450,55,4,False,Right,Back,Centre,Right,61
<_io.BytesIO object at 0x000001E1C8DEEDB0>,0.5194532871246338,0.028633765876293182,-0.02208881638944149,497450,55,4,False,Right,Back,Centre,Right,61
<_io.BytesIO object at 0x000001E1C8DEE720>,0.4851374626159668,0.02899712510406971,-0.08440107107162476,497450,55,4,False,Right,Back,Centre,Right,61
<_io.BytesIO object at 0x000001E1C8DEE450>,0.8858003616333008,0.04826347157359123,-0.03428982198238373,497450,55,4,False,Right,Back,Centre,Right,61
<_io.BytesIO object at 0x000001E1C6033A90>,0.9291956424713135,-0.022890087217092514,0.002691982313990593,497450,55,4,False,Right,Back,Centre,Right,61
<_io.BytesIO object at 0x000001E1C6033810>,0.8623702526092529,0.027505744248628616,0.05021096020936966,497450,55,4,False,Right,Back,Centre,Right,61
<_io.BytesIO object at 0x000001E1C6033CC0>,0.8411865830421448,0.039393652230501175,-0.039708297699689865,497450,55,4,False,Right,Back,Centre,Right,61
<_io.BytesIO object at 0x000001E1C6033040>,0.908087432384491,0.0131857143715024,-0.05066978931427002,497450,55,4,False,Right,Back,Centre,Right,61
<_io.BytesIO object at 0x000001E1C8DEE1D0>,0.5925028324127197,0.05818621814250946,-0.07488806545734406,497451,55,4,False,Right,Back,Centre,Right,61
<_io.BytesIO object at 0x000001E1C8DEE2C0>,0.5381215810775757,0.03180912509560585,-0.12716585397720337,497451,55,4,False,Right,Back,Centre,Right,61
<_io.BytesIO object at 0x000001E1C60337C0>,0.5152539014816284,0.05654111132025719,-0.10267574340105057,497451,55,4,False,Right,Back,Centre,Right,61
<_io.BytesIO object at 0x000001E1C6033C70>,0.5192131400108337,0.029453180730342865,-0.021894289180636406,497451,55,4,False,Right,Back,Centre,Right,61
<_io.BytesIO object at 0x000001E1C6033EA0>,0.48503345251083374,0.029509568586945534,-0.08432182669639587,497451,55,4,False,Right,Back,Centre,Right,61
<_io.BytesIO object at 0x000001E1C6033630>,0.8857806324958801,0.048463739454746246,-0.03437717258930206,497451,55,4,False,Right,Back,Centre,Right,61
<_io.BytesIO object at 0x000001E1C6033810>,0.9292123317718506,-0.02278757467865944,0.0025982987135648727,497451,55,4,False,Right,Back,Centre,Right,61
<_io.BytesIO object at 0x000001E1C6033130>,0.8623766899108887,0.027496397495269775,0.05018707737326622,497451,55,4,False,Right,Back,Centre,Right,61
<_io.BytesIO object at 0x000001E1C8E17E50>,0.8411718010902405,0.03940523788332939,-0.03971761092543602,497451,55,4,False,Right,Back,Centre,Right,61
<_io.BytesIO object at 0x000001E1C8E17860>,0.9080734252929688,0.013210613280534744,-0.05070332810282707,497451,55,4,False,Right,Back,Centre,Right,61
<_io.BytesIO object at 0x000001E1C8DEED60>,0.5920110940933228,0.059563472867012024,-0.07453597337007523,497452,55,4,False,Right,Back,Centre,Right,61
<_io.BytesIO object at 0x000001E1C8DEE680>,0.5380558967590332,0.03232733905315399,-0.12706835567951202,497452,55,4,False,Right,Back,Centre,Right,61
<_io.BytesIO object at 0x000001E1C8E177C0>,0.5149502158164978,0.05704700946807861,-0.10262150317430496,497452,55,4,False,Right,Back,Centre,Right,61
<_io.BytesIO object at 0x000001E1C8E17B80>,0.519091784954071,0.03016141802072525,-0.021735327318310738,497452,55,4,False,Right,Back,Centre,Right,61
<_io.BytesIO object at 0x000001E1C8DEE8B0>,0.4849645793437958,0.030115611851215363,-0.0842684730887413,497452,55,4,False,Right,Back,Centre,Right,61
<_io.BytesIO object at 0x000001E1C8DEE4F0>,0.885805606842041,0.048340655863285065,-0.03434259444475174,497452,55,4,False,Right,Back,Centre,Right,61
<_io.BytesIO object at 0x000001E1C8DEEA90>,0.9290951490402222,-0.022888530045747757,0.0025922050699591637,497452,55,4,False,Right,Back,Centre,Right,61
<_io.BytesIO object at 0x000001E1C8DEE810>,0.8623396158218384,0.02742946334183216,0.05014682561159134,497452,55,4,False,Right,Back,Centre,Right,61
<_io.BytesIO object at 0x000001E1C8DEE450>,0.8411253690719604,0.03942232206463814,-0.03977071866393089,497452,55,4,False,Right,Back,Centre,Right,61
<_io.BytesIO object at 0x000001E1C8DEEB30>,0.9080494046211243,0.013221491128206253,-0.050731100142002106,497452,55,4,False,Right,Back,Centre,Right,61
<_io.BytesIO object at 0x000001E1C6033720>,0.591719925403595,0.060939908027648926,-0.07425528764724731,497453,55,4,False,Right,Back,Centre,Right,61
<_io.BytesIO object at 0x000001E1C60339A0>,0.5379127264022827,0.03314966335892677,-0.12707549333572388,497453,55,4,False,Right,Back,Centre,Right,61
<_io.BytesIO object at 0x000001E1C8DEE1D0>,0.5147830843925476,0.05800870060920715,-0.10240311175584793,497453,55,4,False,Right,Back,Centre,Right,61
<_io.BytesIO object at 0x000001E1C8DEE5E0>,0.5188310146331787,0.031079480424523354,-0.02161778137087822,497453,55,4,False,Right,Back,Centre,Right,61
<_io.BytesIO object at 0x000001E1C8DEE180>,0.4848823845386505,0.030799400061368942,-0.08418308198451996,497453,55,4,False,Right,Back,Centre,Right,61
<_io.BytesIO object at 0x000001E1C8DEE630>,0.8858221173286438,0.04835890233516693,-0.03434300795197487,497453,55,4,False,Right,Back,Centre,Right,61
<_io.BytesIO object at 0x000001E1C8DEEC70>,0.92904132604599,-0.022904047742486,0.002581201493740082,497453,55,4,False,Right,Back,Centre,Right,61
<_io.BytesIO object at 0x000001E1C8DEE8B0>,0.8623397350311279,0.02742030844092369,0.050123196095228195,497453,55,4,False,Right,Back,Centre,Right,61
<_io.BytesIO object at 0x000001E1C8E17860>,0.8411125540733337,0.039437904953956604,-0.03978472948074341,497453,55,4,False,Right,Back,Centre,Right,61
<_io.BytesIO object at 0x000001E1C8E177C0>,0.9080418348312378,0.013252430595457554,-0.05074796825647354,497453,55,4,False,Right,Back,Centre,Right,61
<_io.BytesIO object at 0x000001E1C6033B30>,0.5915758609771729,0.0623793751001358,-0.07395404577255249,497454,55,4,False,Right,Back,Centre,Right,61
<_io.BytesIO object at 0x000001E1C6033540>,0.537717342376709,0.03415997698903084,-0.12706799805164337,497454,55,4,False,Right,Back,Centre,Right,61
<_io.BytesIO object at 0x000001E1C8E17900>,0.5146279335021973,0.058856699615716934,-0.10222020000219345,497454,55,4,False,Right,Back,Centre,Right,61
<_io.BytesIO object at 0x000001E1C8E17C70>,0.5187644958496094,0.031939275562763214,-0.02138422057032585,497454,55,4,False,Right,Back,Centre,Right,61
<_io.BytesIO object at 0x000001E1C8E17720>,0.4848276376724243,0.03140243515372276,-0.08412256836891174,497454,55,4,False,Right,Back,Centre,Right,61
<_io.BytesIO object at 0x000001E1C8E170E0>,0.88577800989151,0.048518143594264984,-0.03403278440237045,497454,55,4,False,Right,Back,Centre,Right,61
<_io.BytesIO object at 0x000001E1C8E17400>,0.9289776682853699,-0.02292010746896267,0.002600671723484993,497454,55,4,False,Right,Back,Centre,Right,61
<_io.BytesIO object at 0x000001E1C8E17450>,0.862335741519928,0.027418356388807297,0.05010218545794487,497454,55,4,False,Right,Back,Centre,Right,61
<_io.BytesIO object at 0x000001E1C8E17D10>,0.8411065340042114,0.03944455087184906,-0.03979780524969101,497454,55,4,False,Right,Back,Centre,Right,61
<_io.BytesIO object at 0x000001E1C8F6F900>,0.9080260396003723,0.013274645432829857,-0.05076391622424126,497454,55,4,False,Right,Back,Centre,Right,61
<_io.BytesIO object at 0x000001E1C8E174F0>,0.5912041664123535,0.06408561021089554,-0.07356270402669907,497455,55,4,False,Right,Back,Centre,Right,61
<_io.BytesIO object at 0x000001E1C8E17360>,0.5376906991004944,0.034988436847925186,-0.12689383327960968,497455,55,4,False,Right,Back,Centre,Right,61
<_io.BytesIO object at 0x000001E1C8E17400>,0.5143260359764099,0.059928782284259796,-0.10193342715501785,497455,55,4,False,Right,Back,Centre,Right,61
<_io.BytesIO object at 0x000001E1C8E178B0>,0.5185375213623047,0.03304275497794151,-0.021190153434872627,497455,55,4,False,Right,Back,Centre,Right,61
<_io.BytesIO object at 0x000001E1C8E17810>,0.4848436415195465,0.03223534673452377,-0.0839945450425148,497455,55,4,False,Right,Back,Centre,Right,61
<_io.BytesIO object at 0x000001E1C6033680>,0.885728120803833,0.04859260842204094,-0.034020762890577316,497455,55,4,False,Right,Back,Centre,Right,61
<_io.BytesIO object at 0x000001E1C60339F0>,0.9289636015892029,-0.02289249375462532,0.0025552120059728622,497455,55,4,False,Right,Back,Centre,Right,61
<_io.BytesIO object at 0x000001E1C6033810>,0.8623360395431519,0.027407905086874962,0.0500742644071579,497455,55,4,False,Right,Back,Centre,Right,61
<_io.BytesIO object at 0x000001E1C6033540>,0.8410793542861938,0.039457984268665314,-0.03981446102261543,497455,55,4,False,Right,Back,Centre,Right,61
<_io.BytesIO object at 0x000001E1C6033EA0>,0.9080093502998352,0.013292638584971428,-0.05079788342118263,497455,55,4,False,Right,Back,Centre,Right,61
<_io.BytesIO object at 0x000001E1C8E17E50>,0.5909152030944824,0.06587795913219452,-0.07313202321529388,497456,55,4,False,Right,Back,Centre,Right,61
<_io.BytesIO object at 0x000001E1C8E17770>,0.5375152230262756,0.036319099366664886,-0.1268450766801834,497456,55,4,False,Right,Back,Centre,Right,61
<_io.BytesIO object at 0x000001E1C6033F90>,0.5143052935600281,0.06099851056933403,-0.1017022356390953,497456,55,4,False,Right,Back,Centre,Right,61
<_io.BytesIO object at 0x000001E1C6033630>,0.5184713006019592,0.034104254096746445,-0.020963456481695175,497456,55,4,False,Right,Back,Centre,Right,61
<_io.BytesIO object at 0x000001E1C6033770>,0.4847746789455414,0.03308194875717163,-0.08387700468301773,497456,55,4,False,Right,Back,Centre,Right,61
<_io.BytesIO object at 0x000001E1C6033450>,0.885724663734436,0.04861106351017952,-0.034047774970531464,497456,55,4,False,Right,Back,Centre,Right,61
<_io.BytesIO object at 0x000001E1C6033040>,0.9289115071296692,-0.02289281040430069,0.002531028352677822,497456,55,4,False,Right,Back,Centre,Right,61
<_io.BytesIO object at 0x000001E1C6033720>,0.8623540997505188,0.02740618772804737,0.050046905875205994,497456,55,4,False,Right,Back,Centre,Right,61
<_io.BytesIO object at 0x000001E1C8DEEF40>,0.8410631418228149,0.03947065398097038,-0.039815112948417664,497456,55,4,False,Right,Back,Centre,Right,61
<_io.BytesIO object at 0x000001E1C8DEEB80>,0.907986044883728,0.01330574695020914,-0.050818491727113724,497456,55,4,False,Right,Back,Centre,Right,61
<_io.BytesIO object at 0x000001E1C8F6F270>,0.5905798673629761,0.06780452281236649,-0.07268889993429184,497457,55,4,False,Right,Back,Centre,Right,61
<_io.BytesIO object at 0x000001E1C8F6F590>,0.5397005677223206,0.03947511687874794,-0.12493906915187836,497457,55,4,False,Right,Back,Centre,Right,61
<_io.BytesIO object at 0x000001E1C1425770>,0.5140030980110168,0.06216233968734741,-0.1014377698302269,497457,55,4,False,Right,Back,Centre,Right,61
<_io.BytesIO object at 0x000001E1C14251D0>,0.5182510018348694,0.03530312329530716,-0.020702779293060303,497457,55,4,False,Right,Back,Centre,Right,61
<_io.BytesIO object at 0x000001E1C8D90860>,0.48479121923446655,0.03400525078177452,-0.08370555937290192,497457,55,4,False,Right,Back,Centre,Right,61
<_io.BytesIO object at 0x000001E1C8D90B80>,0.8857049345970154,0.04863221198320389,-0.03406678885221481,497457,55,4,False,Right,Back,Centre,Right,61
<_io.BytesIO object at 0x000001E1C8D90590>,0.9288352131843567,-0.022915886715054512,0.002516714856028557,497457,55,4,False,Right,Back,Centre,Right,61
<_io.BytesIO object at 0x000001E1C8D90540>,0.8623465895652771,0.02739596925675869,0.050034064799547195,497457,55,4,False,Right,Back,Centre,Right,61
<_io.BytesIO object at 0x000001E1C8D90680>,0.8410451412200928,0.039478693157434464,-0.03981783613562584,497457,55,4,False,Right,Back,Centre,Right,61
<_io.BytesIO object at 0x000001E1C8D90BD0>,0.9079398512840271,0.013284670189023018,-0.05082431063055992,497457,55,4,False,Right,Back,Centre,Right,61
<_io.BytesIO object at 0x000001E1C8D9DC70>,0.5903656482696533,0.06979266554117203,-0.07211320847272873,497458,55,4,False,Right,Back,Centre,Right,61
<_io.BytesIO object at 0x000001E1C6040770>,0.5396222472190857,0.04082682356238365,-0.12469121813774109,497458,55,4,False,Right,Back,Centre,Right,61
<_io.BytesIO object at 0x000001E1C60408B0>,0.5139284729957581,0.06348489969968796,-0.10101388394832611,497458,55,4,False,Right,Back,Centre,Right,61
<_io.BytesIO object at 0x000001E1C6040720>,0.5180503726005554,0.03654564544558525,-0.020217986777424812,497458,55,4,False,Right,Back,Centre,Right,61
<_io.BytesIO object at 0x000001E1C6040360>,0.4848593771457672,0.03494527190923691,-0.0834912657737732,497458,55,4,False,Right,Back,Centre,Right,61
<_io.BytesIO object at 0x000001E1C6040BD0>,0.8856642246246338,0.04865335673093796,-0.034106750041246414,497458,55,4,False,Right,Back,Centre,Right,61
<_io.BytesIO object at 0x000001E1C60406D0>,0.9289010167121887,-0.022830158472061157,0.002482296898961067,497458,55,4,False,Right,Back,Centre,Right,61
<_io.BytesIO object at 0x000001E1C8DA8220>,0.8623402118682861,0.027392951771616936,0.05001778528094292,497458,55,4,False,Right,Back,Centre,Right,61
<_io.BytesIO object at 0x000001E1C8DA8540>,0.8410277366638184,0.03949364274740219,-0.03981515392661095,497458,55,4,False,Right,Back,Centre,Right,61
<_io.BytesIO object at 0x000001E1C8DA89F0>,0.9079686999320984,0.013357910327613354,-0.050838615745306015,497458,55,4,False,Right,Back,Centre,Right,61
<_io.BytesIO object at 0x000001E1C8DB3D10>,0.5900840163230896,0.07179319858551025,-0.07146633416414261,497459,55,4,False,Right,Back,Centre,Right,61
<_io.BytesIO object at 0x000001E1C604EB30>,0.5397847890853882,0.04245735704898834,-0.12434378266334534,497459,55,4,False,Right,Back,Centre,Right,61
<_io.BytesIO object at 0x000001E1C604EF40>,0.5136936902999878,0.06484740972518921,-0.10060829669237137,497459,55,4,False,Right,Back,Centre,Right,61
<_io.BytesIO object at 0x000001E1C604E540>,0.5178655385971069,0.0378761850297451,-0.019867463037371635,497459,55,4,False,Right,Back,Centre,Right,61
<_io.BytesIO object at 0x000001E1C604EF90>,0.4848531186580658,0.03611411899328232,-0.08324208110570908,497459,55,4,False,Right,Back,Centre,Right,61
<_io.BytesIO object at 0x000001E1C604E0E0>,0.8857386708259583,0.048793260008096695,-0.034111566841602325,497459,55,4,False,Right,Back,Centre,Right,61
<_io.BytesIO object at 0x000001E1C604E400>,0.9287916421890259,-0.022855490446090698,0.002464916557073593,497459,55,4,False,Right,Back,Centre,Right,61
<_io.BytesIO object at 0x000001E1C604E220>,0.8623374104499817,0.02738821879029274,0.05000831559300423,497459,55,4,False,Right,Back,Centre,Right,61
<_io.BytesIO object at 0x000001E1C8DB7B80>,0.8410181403160095,0.03950775787234306,-0.0397956445813179,497459,55,4,False,Right,Back,Centre,Right,61
<_io.BytesIO object at 0x000001E1C8DB7EF0>,0.9079126119613647,0.013321098871529102,-0.05084032565355301,497459,55,4,False,Right,Back,Centre,Right,61
<_io.BytesIO object at 0x000001E1C8DB7630>,0.5898680090904236,0.07370926439762115,-0.07077571749687195,497460,55,4,False,Right,Back,Centre,Right,61
<_io.BytesIO object at 0x000001E1C8DB7A90>,0.5399479866027832,0.04406072571873665,-0.12379735708236694,497460,55,4,False,Right,Back,Centre,Right,61
<_io.BytesIO object at 0x000001E1C8DB7B80>,0.5135999321937561,0.06627169251441956,-0.10028500854969025,497460,55,4,False,Right,Back,Centre,Right,61
<_io.BytesIO object at 0x000001E1C604E220>,0.5178107023239136,0.039170775562524796,-0.019434049725532532,497460,55,4,False,Right,Back,Centre,Right,61
<_io.BytesIO object at 0x000001E1C604EA40>,0.4848203659057617,0.037387218326330185,-0.08297252655029297,497460,55,4,False,Right,Back,Centre,Right,61
<_io.BytesIO object at 0x000001E1C604EE50>,0.8855853080749512,0.048640210181474686,-0.034095920622348785,497460,55,4,False,Right,Back,Centre,Right,61
<_io.BytesIO object at 0x000001E1C604EEF0>,0.9287858605384827,-0.022896574810147285,0.0024420367553830147,497460,55,4,False,Right,Back,Centre,Right,61
<_io.BytesIO object at 0x000001E1C604E630>,0.8623279929161072,0.027378404513001442,0.050004731863737106,497460,55,4,False,Right,Back,Centre,Right,61
<_io.BytesIO object at 0x000001E1C604EB30>,0.8409859538078308,0.03955245390534401,-0.03969944640994072,497460,55,4,False,Right,Back,Centre,Right,61
<_io.BytesIO object at 0x000001E1C604E590>,0.9078922271728516,0.013326980173587799,-0.05084334313869476,497460,55,4,False,Right,Back,Centre,Right,61
<_io.BytesIO object at 0x000001E1C8DA83B0>,0.589678943157196,0.07563454657793045,-0.07001980394124985,497461,55,4,False,Right,Back,Centre,Right,61
<_io.BytesIO object at 0x000001E1C8DA8360>,0.5398924350738525,0.04561123996973038,-0.12329450249671936,497461,55,4,False,Right,Back,Centre,Right,61
<_io.BytesIO object at 0x000001E1C8DA85E0>,0.5134071707725525,0.0677211731672287,-0.0995730310678482,497461,55,4,False,Right,Back,Centre,Right,61
<_io.BytesIO object at 0x000001E1C6040D10>,0.5176593661308289,0.04066549241542816,-0.018975883722305298,497461,55,4,False,Right,Back,Centre,Right,61
<_io.BytesIO object at 0x000001E1C6040130>,0.48497480154037476,0.03849564120173454,-0.08248486369848251,497461,55,4,False,Right,Back,Centre,Right,61
<_io.BytesIO object at 0x000001E1C60400E0>,0.8855724334716797,0.04864475131034851,-0.03410065174102783,497461,55,4,False,Right,Back,Centre,Right,61
<_io.BytesIO object at 0x000001E1C6040AE0>,0.9288371205329895,-0.022871606051921844,0.0023979637771844864,497461,55,4,False,Right,Back,Centre,Right,61
<_io.BytesIO object at 0x000001E1C60408B0>,0.8623158931732178,0.027363445609807968,0.05000649020075798,497461,55,4,False,Right,Back,Centre,Right,61
<_io.BytesIO object at 0x000001E1C6040E50>,0.8409695625305176,0.03956078737974167,-0.03968961536884308,497461,55,4,False,Right,Back,Centre,Right,61
<_io.BytesIO object at 0x000001E1C6040EA0>,0.9078920483589172,0.013366132974624634,-0.05086692422628403,497461,55,4,False,Right,Back,Centre,Right,61
<_io.BytesIO object at 0x000001E1C8D9D450>,0.5895152688026428,0.07758335769176483,-0.06909193098545074,497462,55,4,False,Right,Back,Centre,Right,61
<_io.BytesIO object at 0x000001E1C8D904A0>,0.5400692820549011,0.04722537472844124,-0.12254788726568222,497462,55,4,False,Right,Back,Centre,Right,61
<_io.BytesIO object at 0x000001E1C8D90540>,0.5133723020553589,0.06912709772586823,-0.0990496426820755,497462,55,4,False,Right,Back,Centre,Right,61
<_io.BytesIO object at 0x000001E1C8D90D10>,0.5176506042480469,0.04199615865945816,-0.018391110002994537,497462,55,4,False,Right,Back,Centre,Right,61
<_io.BytesIO object at 0x000001E1C8D904F0>,0.4849664866924286,0.03970438241958618,-0.08204932510852814,497462,55,4,False,Right,Back,Centre,Right,61
<_io.BytesIO object at 0x000001E1C14258B0>,0.8855738043785095,0.04870045930147171,-0.03406897559762001,497462,55,4,False,Right,Back,Centre,Right,61
<_io.BytesIO object at 0x000001E1C14257C0>,0.9287908673286438,-0.02287048101425171,0.0023921793326735497,497462,55,4,False,Right,Back,Centre,Right,61
<_io.BytesIO object at 0x000001E1C1425180>,0.8623062372207642,0.027345534414052963,0.05001088231801987,497462,55,4,False,Right,Back,Centre,Right,61
<_io.BytesIO object at 0x000001E1C8F6FB80>,0.8409464955329895,0.039568837732076645,-0.039675477892160416,497462,55,4,False,Right,Back,Centre,Right,61
<_io.BytesIO object at 0x000001E1C8F6F5E0>,0.9078673720359802,0.01338312216103077,-0.05086500570178032,497462,55,4,False,Right,Back,Centre,Right,61
<_io.BytesIO object at 0x000001E1C8DEE540>,0.5893676280975342,0.07953771203756332,-0.06827399134635925,497463,55,4,False,Right,Back,Centre,Right,61
<_io.BytesIO object at 0x000001E1C8DEE590>,0.5399489402770996,0.048891909420490265,-0.12198198586702347,497463,55,4,False,Right,Back,Centre,Right,61
<_io.BytesIO object at 0x000001E1C6033180>,0.5132645964622498,0.0704466700553894,-0.09838545322418213,497463,55,4,False,Right,Back,Centre,Right,61
<_io.BytesIO object at 0x000001E1C60339A0>,0.5174273252487183,0.043513670563697815,-0.017687417566776276,497463,55,4,False,Right,Back,Centre,Right,61
<_io.BytesIO object at 0x000001E1C60335E0>,0.48506617546081543,0.04087346792221069,-0.08158795535564423,497463,55,4,False,Right,Back,Centre,Right,61
<_io.BytesIO object at 0x000001E1C6033770>,0.8855478763580322,0.048473041504621506,-0.034491002559661865,497463,55,4,False,Right,Back,Centre,Right,61
<_io.BytesIO object at 0x000001E1C6033E50>,0.928881049156189,-0.022811386734247208,0.002330932766199112,497463,55,4,False,Right,Back,Centre,Right,61
<_io.BytesIO object at 0x000001E1C6033CC0>,0.8622997403144836,0.02734379842877388,0.0500212162733078,497463,55,4,False,Right,Back,Centre,Right,61
<_io.BytesIO object at 0x000001E1C6033310>,0.8409256339073181,0.03957193344831467,-0.03964538127183914,497463,55,4,False,Right,Back,Centre,Right,61
<_io.BytesIO object at 0x000001E1C8E17680>,0.9078590869903564,0.013403292745351791,-0.05085579305887222,497463,55,4,False,Right,Back,Centre,Right,61
<_io.BytesIO object at 0x000001E1C605F810>,0.5890774130821228,0.0815749540925026,-0.06742323935031891,497464,55,4,False,Right,Back,Centre,Right,61
<_io.BytesIO object at 0x000001E1C605FBD0>,0.5400844216346741,0.05043322592973709,-0.12129776179790497,497464,55,4,False,Right,Back,Centre,Right,61
<_io.BytesIO object at 0x000001E1C6046090>,0.5131608843803406,0.07197142392396927,-0.09778840839862823,497464,55,4,False,Right,Back,Centre,Right,61
<_io.BytesIO object at 0x000001E1C6046270>,0.5174205899238586,0.04487334191799164,-0.01704462803900242,497464,55,4,False,Right,Back,Centre,Right,61
<_io.BytesIO object at 0x000001E1C6046450>,0.4850829541683197,0.042129360139369965,-0.08100379258394241,497464,55,4,False,Right,Back,Centre,Right,61
<_io.BytesIO object at 0x000001E1C6046630>,0.8855334520339966,0.048478979617357254,-0.03448682650923729,497464,55,4,False,Right,Back,Centre,Right,61
<_io.BytesIO object at 0x000001E1C6046810>,0.9288498163223267,-0.022805484011769295,0.002344343811273575,497464,55,4,False,Right,Back,Centre,Right,61
<_io.BytesIO object at 0x000001E1C60469F0>,0.8622909784317017,0.027334466576576233,0.050043705850839615,497464,55,4,False,Right,Back,Centre,Right,61
<_io.BytesIO object at 0x000001E1C6046BD0>,0.8408874869346619,0.03958000987768173,-0.039619311690330505,497464,55,4,False,Right,Back,Centre,Right,61
<_io.BytesIO object at 0x000001E1C6046DB0>,0.907842218875885,0.013412428088486195,-0.0508352592587471,497464,55,4,False,Right,Back,Centre,Right,61
<_io.BytesIO object at 0x000001E1C6046450>,0.5887156128883362,0.08366520702838898,-0.06647680699825287,497465,55,4,False,Right,Back,Centre,Right,61
<_io.BytesIO object at 0x000001E1C6046040>,0.5402783155441284,0.051864564418792725,-0.1203928291797638,497465,55,4,False,Right,Back,Centre,Right,61
<_io.BytesIO object at 0x000001E1C605FCC0>,0.5130075216293335,0.07335972040891647,-0.0970042422413826,497465,55,4,False,Right,Back,Centre,Right,61
<_io.BytesIO object at 0x000001E1C605FA90>,0.5173361301422119,0.046335432678461075,-0.016352424398064613,497465,55,4,False,Right,Back,Centre,Right,61
<_io.BytesIO object at 0x000001E1C605F860>,0.48522886633872986,0.04327709972858429,-0.08048302680253983,497465,55,4,False,Right,Back,Centre,Right,61
<_io.BytesIO object at 0x000001E1C605F310>,0.8855067491531372,0.04848560690879822,-0.03445970267057419,497465,55,4,False,Right,Back,Centre,Right,61
<_io.BytesIO object at 0x000001E1C605F400>,0.9288276433944702,-0.022812603041529655,0.002345491200685501,497465,55,4,False,Right,Back,Centre,Right,61
<_io.BytesIO object at 0x000001E1C605F040>,0.862280011177063,0.027313705533742905,0.0500621534883976,497465,55,4,False,Right,Back,Centre,Right,61
<_io.BytesIO object at 0x000001E1C8E173B0>,0.8408690094947815,0.03959187492728233,-0.03958339989185333,497465,55,4,False,Right,Back,Centre,Right,61
<_io.BytesIO object at 0x000001E1C8E17BD0>,0.9078221917152405,0.013417912647128105,-0.050819139927625656,497465,55,4,False,Right,Back,Centre,Right,61
<_io.BytesIO object at 0x000001E1C6033E00>,0.5883808732032776,0.0859016552567482,-0.065648652613163,497466,55,4,False,Right,Back,Centre,Right,61
<_io.BytesIO object at 0x000001E1C8DEE630>,0.5402308702468872,0.0535515621304512,-0.11964615434408188,497466,55,4,False,Right,Back,Centre,Right,61
<_io.BytesIO object at 0x000001E1C8DEE2C0>,0.5128666162490845,0.07481468468904495,-0.09642314165830612,497466,55,4,False,Right,Back,Centre,Right,61
<_io.BytesIO object at 0x000001E1C8DEEE00>,0.5170758366584778,0.047908488661050797,-0.015547891147434711,497466,55,4,False,Right,Back,Centre,Right,61
<_io.BytesIO object at 0x000001E1C8DEE1D0>,0.48531240224838257,0.04448765888810158,-0.07984339445829391,497466,55,4,False,Right,Back,Centre,Right,61
<_io.BytesIO object at 0x000001E1C8DEE3B0>,0.8854832053184509,0.04848495125770569,-0.03444119542837143,497466,55,4,False,Right,Back,Centre,Right,61
<_io.BytesIO object at 0x000001E1C8DEE400>,0.9288187026977539,-0.022820530459284782,0.0023483168333768845,497466,55,4,False,Right,Back,Centre,Right,61
<_io.BytesIO object at 0x000001E1C8F6F860>,0.8622493147850037,0.027292681857943535,0.050091616809368134,497466,55,4,False,Right,Back,Centre,Right,61
<_io.BytesIO object at 0x000001E1C8F6FE00>,0.8408463001251221,0.03960215672850609,-0.03952355310320854,497466,55,4,False,Right,Back,Centre,Right,61
<_io.BytesIO object at 0x000001E1C8F6FC70>,0.9078026413917542,0.013421940617263317,-0.050793979316949844,497466,55,4,False,Right,Back,Centre,Right,61
<_io.BytesIO object at 0x000001E1C8D90C20>,0.5880693197250366,0.0880122110247612,-0.06459551304578781,497467,55,4,False,Right,Back,Centre,Right,61
<_io.BytesIO object at 0x000001E1C8D90680>,0.54030841588974,0.05516967922449112,-0.1187685877084732,497467,55,4,False,Right,Back,Centre,Right,61
<_io.BytesIO object at 0x000001E1C8D909F0>,0.5127016305923462,0.07622766494750977,-0.09562399983406067,497467,55,4,False,Right,Back,Centre,Right,61
<_io.BytesIO object at 0x000001E1C8D90630>,0.5170444250106812,0.04922932758927345,-0.014789484441280365,497467,55,4,False,Right,Back,Centre,Right,61
<_io.BytesIO object at 0x000001E1C8D9DA90>,0.4853944778442383,0.045659106224775314,-0.07908874750137329,497467,55,4,False,Right,Back,Centre,Right,61
<_io.BytesIO object at 0x000001E1C8D9D680>,0.8854628205299377,0.04849119111895561,-0.034410543739795685,497467,55,4,False,Right,Back,Centre,Right,61
<_io.BytesIO object at 0x000001E1C8D9D630>,0.9287912845611572,-0.022841421887278557,0.002347998321056366,497467,55,4,False,Right,Back,Centre,Right,61
<_io.BytesIO object at 0x000001E1C8D9D810>,0.8622077107429504,0.02727552317082882,0.0501290038228035,497467,55,4,False,Right,Back,Centre,Right,61
<_io.BytesIO object at 0x000001E1C8D9D860>,0.8408061265945435,0.03962252289056778,-0.039450425654649734,497467,55,4,False,Right,Back,Centre,Right,61
<_io.BytesIO object at 0x000001E1C8D9D400>,0.9077674150466919,0.01341988891363144,-0.05077245458960533,497467,55,4,False,Right,Back,Centre,Right,61
<_io.BytesIO object at 0x000001E1C6040DB0>,0.587693989276886,0.09031428396701813,-0.06338551640510559,497468,55,4,False,Right,Back,Centre,Right,61
<_io.BytesIO object at 0x000001E1C8DA8360>,0.5403486490249634,0.05712609365582466,-0.11798591166734695,497468,55,4,False,Right,Back,Centre,Right,61
<_io.BytesIO object at 0x000001E1C8DA84A0>,0.5125463604927063,0.07766715437173843,-0.0947030559182167,497468,55,4,False,Right,Back,Centre,Right,61
<_io.BytesIO object at 0x000001E1C8DA8680>,0.5169155597686768,0.05072509124875069,-0.013959916308522224,497468,55,4,False,Right,Back,Centre,Right,61
<_io.BytesIO object at 0x000001E1C8DA8630>,0.48558902740478516,0.046788159757852554,-0.07836202532052994,497468,55,4,False,Right,Back,Centre,Right,61
<_io.BytesIO object at 0x000001E1C8DA88B0>,0.8854301571846008,0.048494357615709305,-0.034390196204185486,497468,55,4,False,Right,Back,Centre,Right,61
<_io.BytesIO object at 0x000001E1C8DA8C20>,0.9287703037261963,-0.022836782038211823,0.0023342659696936607,497468,55,4,False,Right,Back,Centre,Right,61
<_io.BytesIO object at 0x000001E1C8DB3720>,0.8621833920478821,0.027268296107649803,0.05015925318002701,497468,55,4,False,Right,Back,Centre,Right,61
<_io.BytesIO object at 0x000001E1C8DB3F90>,0.8407309055328369,0.03968318551778793,-0.03939085826277733,497468,55,4,False,Right,Back,Centre,Right,61
<_io.BytesIO object at 0x000001E1C8DB3680>,0.9077604413032532,0.013444687239825726,-0.050758786499500275,497468,55,4,False,Right,Back,Centre,Right,61
<_io.BytesIO object at 0x000001E1C604EEA0>,0.5872029662132263,0.0926261693239212,-0.06222962215542793,497469,55,4,False,Right,Back,Centre,Right,61
<_io.BytesIO object at 0x000001E1C8DB7950>,0.5405504703521729,0.05870102345943451,-0.11704806238412857,497469,55,4,False,Right,Back,Centre,Right,61
<_io.BytesIO object at 0x000001E1C8DB7DB0>,0.5125744342803955,0.07912078499794006,-0.09379442781209946,497469,55,4,False,Right,Back,Centre,Right,61
<_io.BytesIO object at 0x000001E1C8DB7D60>,0.5167970657348633,0.05208902060985565,-0.012946193106472492,497469,55,4,False,Right,Back,Centre,Right,61
<_io.BytesIO object at 0x000001E1C8DB75E0>,0.48571157455444336,0.04791871830821037,-0.07758893072605133,497469,55,4,False,Right,Back,Centre,Right,61
<_io.BytesIO object at 0x000001E1C8DB7BD0>,0.8854067325592041,0.048507656902074814,-0.034354571253061295,497469,55,4,False,Right,Back,Centre,Right,61
<_io.BytesIO object at 0x000001E1C8DB7770>,0.9287522435188293,-0.022833455353975296,0.0023464513942599297,497469,55,4,False,Right,Back,Centre,Right,61
<_io.BytesIO object at 0x000001E1C8DB7540>,0.8621721267700195,0.027261728420853615,0.050192371010780334,497469,55,4,False,Right,Back,Centre,Right,61
<_io.BytesIO object at 0x000001E1C6038360>,0.8406965732574463,0.039678607136011124,-0.03929995000362396,497469,55,4,False,Right,Back,Centre,Right,61
<_io.BytesIO object at 0x000001E1C60383B0>,0.9077257513999939,0.013451538980007172,-0.05073527619242668,497469,55,4,False,Right,Back,Centre,Right,61
<_io.BytesIO object at 0x000001E1C8DB7EF0>,0.5867378115653992,0.09497598558664322,-0.060927364975214005,497470,55,4,False,Right,Back,Centre,Right,61
<_io.BytesIO object at 0x000001E1C604EF90>,0.5407149195671082,0.06032588332891464,-0.11578231304883957,497470,55,4,False,Right,Back,Centre,Right,61
<_io.BytesIO object at 0x000001E1C604EB30>,0.5123966932296753,0.0805232971906662,-0.09284643083810806,497470,55,4,False,Right,Back,Centre,Right,61
<_io.BytesIO object at 0x000001E1C604E8B0>,0.5167804956436157,0.053371720016002655,-0.012050362303853035,497470,55,4,False,Right,Back,Centre,Right,61
<_io.BytesIO object at 0x000001E1C604E540>,0.485889732837677,0.048980843275785446,-0.0767623707652092,497470,55,4,False,Right,Back,Centre,Right,61
<_io.BytesIO object at 0x000001E1C8DB3D10>,0.8853945136070251,0.04849543794989586,-0.03434344753623009,497470,55,4,False,Right,Back,Centre,Right,61
<_io.BytesIO object at 0x000001E1C8DB3DB0>,0.9287425875663757,-0.022834153845906258,0.0023609278723597527,497470,55,4,False,Right,Back,Centre,Right,61
<_io.BytesIO object at 0x000001E1C8DB39A0>,0.8621482253074646,0.027248630300164223,0.0502241775393486,497470,55,4,False,Right,Back,Centre,Right,61
<_io.BytesIO object at 0x000001E1C8DB3B30>,0.8406510353088379,0.03967772424221039,-0.03922125697135925,497470,55,4,False,Right,Back,Centre,Right,61
<_io.BytesIO object at 0x000001E1C8DB3680>,0.9077120423316956,0.013454143889248371,-0.05070929229259491,497470,55,4,False,Right,Back,Centre,Right,61
<_io.BytesIO object at 0x000001E1C8DA8D10>,0.5861377120018005,0.0974772721529007,-0.05945873260498047,497471,55,4,False,Right,Back,Centre,Right,61
<_io.BytesIO object at 0x000001E1C6040720>,0.5408467650413513,0.062403853982686996,-0.11477869749069214,497471,55,4,False,Right,Back,Centre,Right,61
<_io.BytesIO object at 0x000001E1C6040AE0>,0.51214599609375,0.08205821365118027,-0.0917377844452858,497471,55,4,False,Right,Back,Centre,Right,61
<_io.BytesIO object at 0x000001E1C6040770>,0.5166744589805603,0.05462808161973953,-0.0110261719673872,497471,55,4,False,Right,Back,Centre,Right,61
<_io.BytesIO object at 0x000001E1C6040EA0>,0.48604631423950195,0.05015242472290993,-0.07581035047769547,497471,55,4,False,Right,Back,Centre,Right,61
<_io.BytesIO object at 0x000001E1C6040630>,0.8853715062141418,0.04851005971431732,-0.03431516885757446,497471,55,4,False,Right,Back,Centre,Right,61
<_io.BytesIO object at 0x000001E1C6040E00>,0.9286984801292419,-0.022850606590509415,0.0023467857390642166,497471,55,4,False,Right,Back,Centre,Right,61
<_io.BytesIO object at 0x000001E1C8D9DF40>,0.8621047735214233,0.027243586257100105,0.0502806156873703,497471,55,4,False,Right,Back,Centre,Right,61
<_io.BytesIO object at 0x000001E1C8D9DD60>,0.8406187295913696,0.03969346731901169,-0.039115842431783676,497471,55,4,False,Right,Back,Centre,Right,61
<_io.BytesIO object at 0x000001E1C8D9D5E0>,0.9076053500175476,0.013490262441337109,-0.050697024911642075,497471,55,4,False,Right,Back,Centre,Right,61
<_io.BytesIO object at 0x000001E1C8D901D0>,0.5856181979179382,0.0998987928032875,-0.05799717456102371,497472,55,4,False,Right,Back,Centre,Right,61
<_io.BytesIO object at 0x000001E1C8D90F90>,0.5410698056221008,0.06425405293703079,-0.11366941034793854,497472,55,4,False,Right,Back,Centre,Right,61
<_io.BytesIO object at 0x000001E1C1425590>,0.511945366859436,0.08346326649188995,-0.09062474966049194,497472,55,4,False,Right,Back,Centre,Right,61
<_io.BytesIO object at 0x000001E1C1425130>,0.5166265964508057,0.055867716670036316,-0.009832853451371193,497472,55,4,False,Right,Back,Centre,Right,61
<_io.BytesIO object at 0x000001E1C8F6F400>,0.4862002730369568,0.05127802863717079,-0.07482431828975677,497472,55,4,False,Right,Back,Centre,Right,61
<_io.BytesIO object at 0x000001E1C8F6F770>,0.8853638768196106,0.048505641520023346,-0.03430066630244255,497472,55,4,False,Right,Back,Centre,Right,61
<_io.BytesIO object at 0x000001E1C8F6FF90>,0.9286759495735168,-0.022896166890859604,0.002306566573679447,497472,55,4,False,Right,Back,Centre,Right,61
<_io.BytesIO object at 0x000001E1C8F6FC20>,0.8620882034301758,0.02723732963204384,0.05030234530568123,497472,55,4,False,Right,Back,Centre,Right,61
<_io.BytesIO object at 0x000001E1C8F6F590>,0.8405964970588684,0.03976237028837204,-0.038946691900491714,497472,55,4,False,Right,Back,Centre,Right,61
<_io.BytesIO object at 0x000001E1C8F6FDB0>,0.9075829386711121,0.013484994880855083,-0.05068943649530411,497472,55,4,False,Right,Back,Centre,Right,61
<_io.BytesIO object at 0x000001E1C8DEE720>,0.58518385887146,0.10237762331962585,-0.056374441832304,497473,55,4,False,Right,Back,Centre,Right,61
<_io.BytesIO object at 0x000001E1C6033E50>,0.5412649512290955,0.06657461822032928,-0.11232096701860428,497473,55,4,False,Right,Back,Centre,Right,61
<_io.BytesIO object at 0x000001E1C6033CC0>,0.5117872953414917,0.08499547839164734,-0.08932337909936905,497473,55,4,False,Right,Back,Centre,Right,61
<_io.BytesIO object at 0x000001E1C60339F0>,0.5165860056877136,0.057043448090553284,-0.008676852099597454,497473,55,4,False,Right,Back,Centre,Right,61
<_io.BytesIO object at 0x000001E1C8E170E0>,0.4863862097263336,0.052420053631067276,-0.07375720143318176,497473,55,4,False,Right,Back,Centre,Right,61
<_io.BytesIO object at 0x000001E1C8E17680>,0.8852969408035278,0.048534758388996124,-0.03420050069689751,497473,55,4,False,Right,Back,Centre,Right,61
<_io.BytesIO object at 0x000001E1C8E17360>,0.9287254214286804,-0.022951282560825348,0.0022656889632344246,497473,55,4,False,Right,Back,Centre,Right,61
<_io.BytesIO object at 0x000001E1C8E176D0>,0.8620843887329102,0.027237186208367348,0.050317421555519104,497473,55,4,False,Right,Back,Centre,Right,61
<_io.BytesIO object at 0x000001E1C8E17DB0>,0.8406914472579956,0.03987940400838852,-0.03885000944137573,497473,55,4,False,Right,Back,Centre,Right,61
<_io.BytesIO object at 0x000001E1C8E17F40>,0.907611608505249,0.013445003889501095,-0.05065781995654106,497473,55,4,False,Right,Back,Centre,Right,61
<_io.BytesIO object at 0x000001E1C605F180>,0.5845518112182617,0.10485348105430603,-0.05439043045043945,497474,55,4,False,Right,Back,Centre,Right,61
<_io.BytesIO object at 0x000001E1C60382C0>,0.5415093302726746,0.06857491284608841,-0.1110144779086113,497474,55,4,False,Right,Back,Centre,Right,61
<_io.BytesIO object at 0x000001E1C6038A40>,0.5115686058998108,0.08643247187137604,-0.08827123790979385,497474,55,4,False,Right,Back,Centre,Right,61
<_io.BytesIO object at 0x000001E1C6038C20>,0.5164766311645508,0.058303385972976685,-0.007364687509834766,497474,55,4,False,Right,Back,Centre,Right,61
<_io.BytesIO object at 0x000001E1C6038E00>,0.486487478017807,0.05368399620056152,-0.07252657413482666,497474,55,4,False,Right,Back,Centre,Right,61
<_io.BytesIO object at 0x000001E1C6024040>,0.8853410482406616,0.04849144443869591,-0.034290097653865814,497474,55,4,False,Right,Back,Centre,Right,61
<_io.BytesIO object at 0x000001E1C6024220>,0.928671658039093,-0.022793680429458618,0.0025227535516023636,497474,55,4,False,Right,Back,Centre,Right,61
<_io.BytesIO object at 0x000001E1C6024400>,0.8620777130126953,0.027229566127061844,0.05032506212592125,497474,55,4,False,Right,Back,Centre,Right,61
<_io.BytesIO object at 0x000001E1C60245E0>,0.8406847715377808,0.039521221071481705,-0.03973497077822685,497474,55,4,False,Right,Back,Centre,Right,61
<_io.BytesIO object at 0x000001E1C60247C0>,0.9075959920883179,0.01349701639264822,-0.05062174052000046,497474,55,4,False,Right,Back,Centre,Right,61
<_io.BytesIO object at 0x000001E1C605FB80>,0.584011435508728,0.10714716464281082,-0.05263660475611687,497475,55,4,False,Right,Back,Centre,Right,61
<_io.BytesIO object at 0x000001E1C605F310>,0.5417232513427734,0.07048783451318741,-0.10942121595144272,497475,55,4,False,Right,Back,Centre,Right,61
<_io.BytesIO object at 0x000001E1C605FC20>,0.5113077163696289,0.08774830400943756,-0.08683460205793381,497475,55,4,False,Right,Back,Centre,Right,61
<_io.BytesIO object at 0x000001E1C8E17D60>,0.5165371298789978,0.05942864716053009,-0.0060397046618163586,497475,55,4,False,Right,Back,Centre,Right,61
<_io.BytesIO object at 0x000001E1C8E17900>,0.4865739345550537,0.05498534440994263,-0.071204274892807,497475,55,4,False,Right,Back,Centre,Right,61
<_io.BytesIO object at 0x000001E1C8E17F40>,0.885347306728363,0.048466671258211136,-0.034293707460165024,497475,55,4,False,Right,Back,Centre,Right,61
<_io.BytesIO object at 0x000001E1C8E17720>,0.9287341237068176,-0.022821545600891113,0.002499000169336796,497475,55,4,False,Right,Back,Centre,Right,61
<_io.BytesIO object at 0x000001E1C8E171D0>,0.8620885014533997,0.027234770357608795,0.05033409968018532,497475,55,4,False,Right,Back,Centre,Right,61
<_io.BytesIO object at 0x000001E1C8E17770>,0.8406640887260437,0.039500508457422256,-0.03966675326228142,497475,55,4,False,Right,Back,Centre,Right,61
<_io.BytesIO object at 0x000001E1C8E17220>,0.9075983762741089,0.01340275164693594,-0.05066497623920441,497475,55,4,False,Right,Back,Centre,Right,61
<_io.BytesIO object at 0x000001E1C8DEE0E0>,0.583424985408783,0.10943341255187988,-0.05097228288650513,497476,55,4,False,Right,Back,Centre,Right,61
<_io.BytesIO object at 0x000001E1C8DEE860>,0.541843593120575,0.0724271684885025,-0.10799359530210495,497476,55,4,False,Right,Back,Centre,Right,61
<_io.BytesIO object at 0x000001E1C8DEE7C0>,0.511096715927124,0.08925188332796097,-0.08547510951757431,497476,55,4,False,Right,Back,Centre,Right,61
<_io.BytesIO object at 0x000001E1C8F6FEF0>,0.5165205597877502,0.06062192842364311,-0.004599386360496283,497476,55,4,False,Right,Back,Centre,Right,61
<_io.BytesIO object at 0x000001E1C8F6F860>,0.4869765341281891,0.05579426512122154,-0.06997735053300858,497476,55,4,False,Right,Back,Centre,Right,61
<_io.BytesIO object at 0x000001E1C8F6FE00>,0.885349690914154,0.04846852272748947,-0.03429732099175453,497476,55,4,False,Right,Back,Centre,Right,61
<_io.BytesIO object at 0x000001E1C8F6F590>,0.9287511110305786,-0.022829320281744003,0.002477501519024372,497476,55,4,False,Right,Back,Centre,Right,61
<_io.BytesIO object at 0x000001E1C8F6FD60>,0.8620854616165161,0.027239402756094933,0.050327979028224945,497476,55,4,False,Right,Back,Centre,Right,61
<_io.BytesIO object at 0x000001E1C8F6F7C0>,0.840663731098175,0.03950086608529091,-0.03965301439166069,497476,55,4,False,Right,Back,Centre,Right,61
<_io.BytesIO object at 0x000001E1C8F6F0E0>,0.9075967669487,0.01339360885322094,-0.05067824944853783,497476,55,4,False,Right,Back,Centre,Right,61
<_io.BytesIO object at 0x000001E1C8D90D60>,0.5828637480735779,0.11186399310827255,-0.0490921214222908,497477,55,4,False,Right,Back,Centre,Right,61
<_io.BytesIO object at 0x000001E1C8D9D4F0>,0.5420563220977783,0.07431650906801224,-0.10630973428487778,497477,55,4,False,Right,Back,Centre,Right,61
<_io.BytesIO object at 0x000001E1C8D9DBD0>,0.5110949277877808,0.09053929150104523,-0.08401616662740707,497477,55,4,False,Right,Back,Centre,Right,61
<_io.BytesIO object at 0x000001E1C8D9D130>,0.5163378119468689,0.061992257833480835,-0.0030802995897829533,497477,55,4,False,Right,Back,Centre,Right,61
<_io.BytesIO object at 0x000001E1C8D9DC20>,0.4868239164352417,0.05705297365784645,-0.06860816478729248,497477,55,4,False,Right,Back,Centre,Right,61
<_io.BytesIO object at 0x000001E1C8D9D2C0>,0.885343074798584,0.0484498031437397,-0.034320224076509476,497477,55,4,False,Right,Back,Centre,Right,61
<_io.BytesIO object at 0x000001E1C8D9DC70>,0.9287670850753784,-0.022821269929409027,0.0024754777550697327,497477,55,4,False,Right,Back,Centre,Right,61
<_io.BytesIO object at 0x000001E1C8D9D7C0>,0.8621007800102234,0.027249282225966454,0.05033128336071968,497477,55,4,False,Right,Back,Centre,Right,61
<_io.BytesIO object at 0x000001E1C6040D60>,0.8406667709350586,0.03949218615889549,-0.03966049477458,497477,55,4,False,Right,Back,Centre,Right,61
<_io.BytesIO object at 0x000001E1C6040310>,0.9075931906700134,0.013390133157372475,-0.05068112909793854,497477,55,4,False,Right,Back,Centre,Right,61
<_io.BytesIO object at 0x000001E1C8DA8C70>,0.5823212265968323,0.11421452462673187,-0.047133829444646835,497478,55,4,False,Right,Back,Centre,Right,61
<_io.BytesIO object at 0x000001E1C8DA8630>,0.5422696471214294,0.07613921165466309,-0.10462693870067596,497478,55,4,False,Right,Back,Centre,Right,61
<_io.BytesIO object at 0x000001E1C8DB3C20>,0.5108926892280579,0.09197542816400528,-0.08239094913005829,497478,55,4,False,Right,Back,Centre,Right,61
<_io.BytesIO object at 0x000001E1C8DB3A90>,0.5164296627044678,0.06316743791103363,-0.001537600182928145,497478,55,4,False,Right,Back,Centre,Right,61
<_io.BytesIO object at 0x000001E1C8DB3720>,0.48746058344841003,0.058013223111629486,-0.06719937175512314,497478,55,4,False,Right,Back,Centre,Right,61
<_io.BytesIO object at 0x000001E1C8DB3680>,0.8853462338447571,0.04845571890473366,-0.0343167707324028,497478,55,4,False,Right,Back,Centre,Right,61
<_io.BytesIO object at 0x000001E1C8DB35E0>,0.9287732839584351,-0.022829391062259674,0.0024672867730259895,497478,55,4,False,Right,Back,Centre,Right,61
<_io.BytesIO object at 0x000001E1C8DB32C0>,0.8621137738227844,0.02725815959274769,0.05032891035079956,497478,55,4,False,Right,Back,Centre,Right,61
<_io.BytesIO object at 0x000001E1C8DB39F0>,0.8406650424003601,0.03948340192437172,-0.03965558856725693,497478,55,4,False,Right,Back,Centre,Right,61
<_io.BytesIO object at 0x000001E1C604EC70>,0.9075902104377747,0.013367835432291031,-0.05069202557206154,497478,55,4,False,Right,Back,Centre,Right,61
<_io.BytesIO object at 0x000001E1C8DB7310>,0.581639289855957,0.11637343466281891,-0.04512062668800354,497479,55,4,False,Right,Back,Centre,Right,61
<_io.BytesIO object at 0x000001E1C8DB7590>,0.5424692034721375,0.07794895768165588,-0.102901391685009,497479,55,4,False,Right,Back,Centre,Right,61
<_io.BytesIO object at 0x000001E1C604E590>,0.5108360052108765,0.09338638186454773,-0.08087792992591858,497479,55,4,False,Right,Back,Centre,Right,61
<_io.BytesIO object at 0x000001E1C604EEA0>,0.5162422060966492,0.06445427238941193,5.701806003344245e-05,497479,55,4,False,Right,Back,Centre,Right,61
<_io.BytesIO object at 0x000001E1C604E810>,0.4877830743789673,0.058992043137550354,-0.06572854518890381,497479,55,4,False,Right,Back,Centre,Right,61
<_io.BytesIO object at 0x000001E1C604EB80>,0.8853470683097839,0.048444729298353195,-0.034335821866989136,497479,55,4,False,Right,Back,Centre,Right,61
<_io.BytesIO object at 0x000001E1C604EEF0>,0.928801417350769,-0.022833336144685745,0.002452680841088295,497479,55,4,False,Right,Back,Centre,Right,61
<_io.BytesIO object at 0x000001E1C604EB30>,0.8621162176132202,0.027254927903413773,0.05033406987786293,497479,55,4,False,Right,Back,Centre,Right,61
<_io.BytesIO object at 0x000001E1C604E720>,0.8406664133071899,0.03948190063238144,-0.039654091000556946,497479,55,4,False,Right,Back,Centre,Right,61
<_io.BytesIO object at 0x000001E1C604E1D0>,0.9075984358787537,0.0133519871160388,-0.05069712921977043,497479,55,4,False,Right,Back,Centre,Right,61
<_io.BytesIO object at 0x000001E1C8DA8400>,0.5810873508453369,0.11865752190351486,-0.04307151585817337,497480,55,4,False,Right,Back,Centre,Right,61
<_io.BytesIO object at 0x000001E1C8DA8860>,0.5426368117332458,0.0796588733792305,-0.10116155445575714,497480,55,4,False,Right,Back,Centre,Right,61
<_io.BytesIO object at 0x000001E1C6040BD0>,0.510761022567749,0.09467963129281998,-0.07920646667480469,497480,55,4,False,Right,Back,Centre,Right,61
<_io.BytesIO object at 0x000001E1C60404A0>,0.5160741209983826,0.06587062031030655,0.0017339942278340459,497480,55,4,False,Right,Back,Centre,Right,61
<_io.BytesIO object at 0x000001E1C60408B0>,0.48805031180381775,0.06001659110188484,-0.06418629735708237,497480,55,4,False,Right,Back,Centre,Right,61
<_io.BytesIO object at 0x000001E1C6040F40>,0.8853550553321838,0.04842403903603554,-0.03434957191348076,497480,55,4,False,Right,Back,Centre,Right,61
<_io.BytesIO object at 0x000001E1C6040B30>,0.928824245929718,-0.022828545421361923,0.002451816573739052,497480,55,4,False,Right,Back,Centre,Right,61
<_io.BytesIO object at 0x000001E1C6040C70>,0.8621230125427246,0.02726849541068077,0.0503324419260025,497480,55,4,False,Right,Back,Centre,Right,61
<_io.BytesIO object at 0x000001E1C6040310>,0.840660572052002,0.03946996480226517,-0.03966057673096657,497480,55,4,False,Right,Back,Centre,Right,61
<_io.BytesIO object at 0x000001E1C6040E50>,0.9076041579246521,0.013347511179745197,-0.050707243382930756,497480,55,4,False,Right,Back,Centre,Right,61
<_io.BytesIO object at 0x000001E1C8D90810>,0.5804582238197327,0.12096112966537476,-0.04089909419417381,497481,55,4,False,Right,Back,Centre,Right,61
<_io.BytesIO object at 0x000001E1C8D90A40>,0.5426988005638123,0.08150042593479156,-0.09932562708854675,497481,55,4,False,Right,Back,Centre,Right,61
<_io.BytesIO object at 0x000001E1C8D904F0>,0.5105896592140198,0.09600500762462616,-0.07744935899972916,497481,55,4,False,Right,Back,Centre,Right,61
<_io.BytesIO object at 0x000001E1C8D90770>,0.5158928036689758,0.06710154563188553,0.0034930044785141945,497481,55,4,False,Right,Back,Centre,Right,61
<_io.BytesIO object at 0x000001E1C14257C0>,0.4884147644042969,0.06101514771580696,-0.06256294250488281,497481,55,4,False,Right,Back,Centre,Right,61
<_io.BytesIO object at 0x000001E1C1425630>,0.8853576183319092,0.048413995653390884,-0.034353673458099365,497481,55,4,False,Right,Back,Centre,Right,61
<_io.BytesIO object at 0x000001E1C14251D0>,0.9288263320922852,-0.022835660725831985,0.0024504754692316055,497481,55,4,False,Right,Back,Centre,Right,61
<_io.BytesIO object at 0x000001E1C8F6FAE0>,0.8621321320533752,0.027275510132312775,0.050337813794612885,497481,55,4,False,Right,Back,Centre,Right,61
<_io.BytesIO object at 0x000001E1C8F6F400>,0.8406597375869751,0.03946854919195175,-0.039656203240156174,497481,55,4,False,Right,Back,Centre,Right,61
<_io.BytesIO object at 0x000001E1C8F6F5E0>,0.9075978994369507,0.013338572345674038,-0.05070962384343147,497481,55,4,False,Right,Back,Centre,Right,61
<_io.BytesIO object at 0x000001E1C8DEE130>,0.5797048211097717,0.12312323600053787,-0.03862052038311958,497482,55,4,False,Right,Back,Centre,Right,61
<_io.BytesIO object at 0x000001E1C8DEE540>,0.542963445186615,0.08316005766391754,-0.09740757942199707,497482,55,4,False,Right,Back,Centre,Right,61
<_io.BytesIO object at 0x000001E1C6033130>,0.510538637638092,0.0971757248044014,-0.07575404644012451,497482,55,4,False,Right,Back,Centre,Right,61
<_io.BytesIO object at 0x000001E1C6033220>,0.5157577395439148,0.06832490116357803,0.005280816927552223,497482,55,4,False,Right,Back,Centre,Right,61
<_io.BytesIO object at 0x000001E1C6033EF0>,0.48870423436164856,0.0619717538356781,-0.06093258410692215,497482,55,4,False,Right,Back,Centre,Right,61
<_io.BytesIO object at 0x000001E1C6033680>,0.8853486776351929,0.04841949790716171,-0.034348227083683014,497482,55,4,False,Right,Back,Centre,Right,61
<_io.BytesIO object at 0x000001E1C6033B80>,0.9288387894630432,-0.02283485047519207,0.0024404851719737053,497482,55,4,False,Right,Back,Centre,Right,61
<_io.BytesIO object at 0x000001E1C6033540>,0.8621389865875244,0.027270032092928886,0.05034743249416351,497482,55,4,False,Right,Back,Centre,Right,61
<_io.BytesIO object at 0x000001E1C8E179A0>,0.8406506180763245,0.03946258872747421,-0.03964376449584961,497482,55,4,False,Right,Back,Centre,Right,61
<_io.BytesIO object at 0x000001E1C8E17D10>,0.9075915813446045,0.013331557624042034,-0.05071219429373741,497482,55,4,False,Right,Back,Centre,Right,61
<_io.BytesIO object at 0x000001E1C605FAE0>,0.5789209604263306,0.12542152404785156,-0.03628886491060257,497483,55,4,False,Right,Back,Centre,Right,61
<_io.BytesIO object at 0x000001E1C605F9F0>,0.5430368185043335,0.08492971211671829,-0.09543976187705994,497483,55,4,False,Right,Back,Centre,Right,61
<_io.BytesIO object at 0x000001E1C6038CC0>,0.5104736089706421,0.09858837723731995,-0.07380086183547974,497483,55,4,False,Right,Back,Centre,Right,61
<_io.BytesIO object at 0x000001E1C6038950>,0.5154613852500916,0.069525346159935,0.007250272203236818,497483,55,4,False,Right,Back,Centre,Right,61
<_io.BytesIO object at 0x000001E1C60388B0>,0.4890669584274292,0.06290828436613083,-0.05919439345598221,497483,55,4,False,Right,Back,Centre,Right,61
<_io.BytesIO object at 0x000001E1C60383B0>,0.8853424191474915,0.04840761795639992,-0.03435356169939041,497483,55,4,False,Right,Back,Centre,Right,61
<_io.BytesIO object at 0x000001E1C60389F0>,0.9288495182991028,-0.022847367450594902,0.0024321423843503,497483,55,4,False,Right,Back,Centre,Right,61
<_io.BytesIO object at 0x000001E1C6038B80>,0.8621415495872498,0.02727513387799263,0.05035247281193733,497483,55,4,False,Right,Back,Centre,Right,61
<_io.BytesIO object at 0x000001E1C6038E50>,0.8406445980072021,0.039453040808439255,-0.03964219614863396,497483,55,4,False,Right,Back,Centre,Right,61
<_io.BytesIO object at 0x000001E1C8DB7590>,0.9075828194618225,0.013305497355759144,-0.05071987584233284,497483,55,4,False,Right,Back,Centre,Right,61
<_io.BytesIO object at 0x000001E1C8DB7720>,0.5782386660575867,0.1275687962770462,-0.03370273858308792,497484,55,4,False,Right,Back,Centre,Right,61
<_io.BytesIO object at 0x000001E1C8DB7180>,0.5432215332984924,0.08673090487718582,-0.09326665848493576,497484,55,4,False,Right,Back,Centre,Right,61
<_io.BytesIO object at 0x000001E1C8DB70E0>,0.5102741718292236,0.09983830153942108,-0.07182316482067108,497484,55,4,False,Right,Back,Centre,Right,61
<_io.BytesIO object at 0x000001E1C8DB7C20>,0.5151830911636353,0.07066594064235687,0.009275056421756744,497484,55,4,False,Right,Back,Centre,Right,61
<_io.BytesIO object at 0x000001E1C8DB7950>,0.4893690049648285,0.06384298205375671,-0.05729811638593674,497484,55,4,False,Right,Back,Centre,Right,61
<_io.BytesIO object at 0x000001E1C8DB73B0>,0.885337769985199,0.04840627312660217,-0.03434852883219719,497484,55,4,False,Right,Back,Centre,Right,61
<_io.BytesIO object at 0x000001E1C6038DB0>,0.9288713932037354,-0.022838018834590912,0.0024256808683276176,497484,55,4,False,Right,Back,Centre,Right,61
<_io.BytesIO object at 0x000001E1C6038900>,0.8621372580528259,0.027279440313577652,0.05036483705043793,497484,55,4,False,Right,Back,Centre,Right,61
<_io.BytesIO object at 0x000001E1C6038540>,0.8406279683113098,0.03944322466850281,-0.03962495177984238,497484,55,4,False,Right,Back,Centre,Right,61
<_io.BytesIO object at 0x000001E1C60388B0>,0.9075720310211182,0.013310380280017853,-0.05072525143623352,497484,55,4,False,Right,Back,Centre,Right,61
<_io.BytesIO object at 0x000001E1C605F3B0>,0.5775159001350403,0.129756897687912,-0.030962718650698662,497485,55,4,False,Right,Back,Centre,Right,61
<_io.BytesIO object at 0x000001E1C8E17C70>,0.5434399843215942,0.0885983556509018,-0.09095318615436554,497485,55,4,False,Right,Back,Centre,Right,61
<_io.BytesIO object at 0x000001E1C8E17720>,0.510093092918396,0.10106667876243591,-0.06975437700748444,497485,55,4,False,Right,Back,Centre,Right,61
<_io.BytesIO object at 0x000001E1C8E17040>,0.5148580074310303,0.07168388366699219,0.011299487203359604,497485,55,4,False,Right,Back,Centre,Right,61
<_io.BytesIO object at 0x000001E1C8E17220>,0.4897230565547943,0.06477813422679901,-0.05545889213681221,497485,55,4,False,Right,Back,Centre,Right,61
<_io.BytesIO object at 0x000001E1C8E17A90>,0.8853270411491394,0.04840369522571564,-0.034355729818344116,497485,55,4,False,Right,Back,Centre,Right,61
<_io.BytesIO object at 0x000001E1C6033360>,0.9288702607154846,-0.02283533290028572,0.00241892971098423,497485,55,4,False,Right,Back,Centre,Right,61
<_io.BytesIO object at 0x000001E1C60332C0>,0.8621406555175781,0.027293352410197258,0.0503695011138916,497485,55,4,False,Right,Back,Centre,Right,61
<_io.BytesIO object at 0x000001E1C60334F0>,0.8406168818473816,0.03943450376391411,-0.03961034119129181,497485,55,4,False,Right,Back,Centre,Right,61
<_io.BytesIO object at 0x000001E1C6033EF0>,0.907547116279602,0.013305522501468658,-0.050733137875795364,497485,55,4,False,Right,Back,Centre,Right,61
<_io.BytesIO object at 0x000001E1C8DEE220>,0.5765645503997803,0.13185107707977295,-0.02816743403673172,497486,55,4,False,Right,Back,Centre,Right,61
<_io.BytesIO object at 0x000001E1C8F6F270>,0.5435847043991089,0.09041658788919449,-0.08861135691404343,497486,55,4,False,Right,Back,Centre,Right,61
<_io.BytesIO object at 0x000001E1C8F6F9A0>,0.5100134015083313,0.10229663550853729,-0.0675252303481102,497486,55,4,False,Right,Back,Centre,Right,61
<_io.BytesIO object at 0x000001E1C8F6FCC0>,0.514371931552887,0.07280151546001434,0.013532368466258049,497486,55,4,False,Right,Back,Centre,Right,61
<_io.BytesIO object at 0x000001E1C8F6F450>,0.49005624651908875,0.06570467352867126,-0.05352860689163208,497486,55,4,False,Right,Back,Centre,Right,61
<_io.BytesIO object at 0x000001E1C8F6F630>,0.8853174448013306,0.04840404912829399,-0.03435538709163666,497486,55,4,False,Right,Back,Centre,Right,61
<_io.BytesIO object at 0x000001E1C1425130>,0.9288676381111145,-0.022829826921224594,0.002432936802506447,497486,55,4,False,Right,Back,Centre,Right,61
<_io.BytesIO object at 0x000001E1C1425720>,0.8621296882629395,0.027296990156173706,0.050380680710077286,497486,55,4,False,Right,Back,Centre,Right,61
<_io.BytesIO object at 0x000001E1C14254F0>,0.840610682964325,0.03943081945180893,-0.03960032761096954,497486,55,4,False,Right,Back,Centre,Right,61
<_io.BytesIO object at 0x000001E1C8D90360>,0.9075420498847961,0.013300386257469654,-0.050719004124403,497486,55,4,False,Right,Back,Centre,Right,61
<_io.BytesIO object at 0x000001E1C8D9D540>,0.5758488178253174,0.133812814950943,-0.025069203227758408,497487,55,4,False,Right,Back,Centre,Right,61
<_io.BytesIO object at 0x000001E1C8D9DEA0>,0.543803334236145,0.09236463904380798,-0.0861368253827095,497487,55,4,False,Right,Back,Centre,Right,61
<_io.BytesIO object at 0x000001E1C8D9D7C0>,0.5098526477813721,0.10334194451570511,-0.06534391641616821,497487,55,4,False,Right,Back,Centre,Right,61
<_io.BytesIO object at 0x000001E1C6040090>,0.5152670741081238,0.07265134900808334,0.015506595373153687,497487,55,4,False,Right,Back,Centre,Right,61
<_io.BytesIO object at 0x000001E1C60400E0>,0.4904972314834595,0.06647171825170517,-0.05139724537730217,497487,55,4,False,Right,Back,Centre,Right,61
<_io.BytesIO object at 0x000001E1C6040E00>,0.8852477669715881,0.04844063147902489,-0.03426103666424751,497487,55,4,False,Right,Back,Centre,Right,61
<_io.BytesIO object at 0x000001E1C6040B80>,0.9288747310638428,-0.02281106449663639,0.0024401722475886345,497487,55,4,False,Right,Back,Centre,Right,61
<_io.BytesIO object at 0x000001E1C6040B30>,0.8621240854263306,0.027305321767926216,0.050394874066114426,497487,55,4,False,Right,Back,Centre,Right,61
<_io.BytesIO object at 0x000001E1C60403B0>,0.8405855298042297,0.03941631317138672,-0.03960876166820526,497487,55,4,False,Right,Back,Centre,Right,61
<_io.BytesIO object at 0x000001E1C60409F0>,0.907513439655304,0.013299102894961834,-0.050719596445560455,497487,55,4,False,Right,Back,Centre,Right,61
<_io.BytesIO object at 0x000001E1C8DA8EF0>,0.5750882029533386,0.13567790389060974,-0.021910857409238815,497488,55,4,False,Right,Back,Centre,Right,61
<_io.BytesIO object at 0x000001E1C8DB3900>,0.5439712405204773,0.09400126338005066,-0.08357584476470947,497488,55,4,False,Right,Back,Centre,Right,61
<_io.BytesIO object at 0x000001E1C8DB3950>,0.5098024606704712,0.1044405922293663,-0.0628579705953598,497488,55,4,False,Right,Back,Centre,Right,61
<_io.BytesIO object at 0x000001E1C8DB3590>,0.5152561664581299,0.07330484688282013,0.017804022878408432,497488,55,4,False,Right,Back,Centre,Right,61
<_io.BytesIO object at 0x000001E1C8DB3860>,0.4909224212169647,0.06723178923130035,-0.049230076372623444,497488,55,4,False,Right,Back,Centre,Right,61
<_io.BytesIO object at 0x000001E1C604E310>,0.8852260112762451,0.0484393835067749,-0.03426185995340347,497488,55,4,False,Right,Back,Centre,Right,61
<_io.BytesIO object at 0x000001E1C604EC70>,0.9288721084594727,-0.022805679589509964,0.002438223920762539,497488,55,4,False,Right,Back,Centre,Right,61
<_io.BytesIO object at 0x000001E1C604E4F0>,0.8621126413345337,0.02730266936123371,0.05040276423096657,497488,55,4,False,Right,Back,Centre,Right,61
<_io.BytesIO object at 0x000001E1C604EB30>,0.840568482875824,0.03941522538661957,-0.03959997743368149,497488,55,4,False,Right,Back,Centre,Right,61
<_io.BytesIO object at 0x000001E1C604EF40>,0.9074992537498474,0.013299252837896347,-0.05071600154042244,497488,55,4,False,Right,Back,Centre,Right,61
<_io.BytesIO object at 0x000001E1C604E400>,0.5742616057395935,0.1375536471605301,-0.018755855038762093,497489,55,4,False,Right,Back,Centre,Right,61
<_io.BytesIO object at 0x000001E1C604E900>,0.5441118478775024,0.09574094414710999,-0.08095203340053558,497489,55,4,False,Right,Back,Centre,Right,61
<_io.BytesIO object at 0x000001E1C604EAE0>,0.5096539258956909,0.10549377650022507,-0.06028096377849579,497489,55,4,False,Right,Back,Centre,Right,61
<_io.BytesIO object at 0x000001E1C8DB3310>,0.5152342319488525,0.07391521334648132,0.02025924250483513,497489,55,4,False,Right,Back,Centre,Right,61
<_io.BytesIO object at 0x000001E1C8DB3450>,0.49134114384651184,0.06800969690084457,-0.04687957093119621,497489,55,4,False,Right,Back,Centre,Right,61
<_io.BytesIO object at 0x000001E1C8DB35E0>,0.8852052688598633,0.04845442995429039,-0.03426027670502663,497489,55,4,False,Right,Back,Centre,Right,61
<_io.BytesIO object at 0x000001E1C8DB3770>,0.9288382530212402,-0.02279253676533699,0.002452428452670574,497489,55,4,False,Right,Back,Centre,Right,61
<_io.BytesIO object at 0x000001E1C8DB3220>,0.8621004223823547,0.027313562110066414,0.05040882155299187,497489,55,4,False,Right,Back,Centre,Right,61
<_io.BytesIO object at 0x000001E1C8DB3F40>,0.8405500054359436,0.03942127525806427,-0.03960200399160385,497489,55,4,False,Right,Back,Centre,Right,61
<_io.BytesIO object at 0x000001E1C8DA8630>,0.9074742197990417,0.013310783542692661,-0.05070291832089424,497489,55,4,False,Right,Back,Centre,Right,61
<_io.BytesIO object at 0x000001E1C6040810>,0.5736871361732483,0.1391773372888565,-0.015270235016942024,497490,55,4,False,Right,Back,Centre,Right,61
<_io.BytesIO object at 0x000001E1C6040A90>,0.5443102121353149,0.09730829298496246,-0.07808880507946014,497490,55,4,False,Right,Back,Centre,Right,61
<_io.BytesIO object at 0x000001E1C6040590>,0.5096158981323242,0.10646799206733704,-0.05754144862294197,497490,55,4,False,Right,Back,Centre,Right,61
<_io.BytesIO object at 0x000001E1C8D9DB30>,0.5152273178100586,0.07452090084552765,0.02290525659918785,497490,55,4,False,Right,Back,Centre,Right,61
<_io.BytesIO object at 0x000001E1C8D9D7C0>,0.4917500913143158,0.068716861307621,-0.04436440020799637,497490,55,4,False,Right,Back,Centre,Right,61
<_io.BytesIO object at 0x000001E1C8D9D8B0>,0.8851972818374634,0.04845462366938591,-0.03425171971321106,497490,55,4,False,Right,Back,Centre,Right,61
<_io.BytesIO object at 0x000001E1C8D9D9A0>,0.9287998080253601,-0.022786090150475502,0.0024585314095020294,497490,55,4,False,Right,Back,Centre,Right,61
<_io.BytesIO object at 0x000001E1C8D9DAE0>,0.8620997667312622,0.027322184294462204,0.05042111128568649,497490,55,4,False,Right,Back,Centre,Right,61
<_io.BytesIO object at 0x000001E1C8D9DBD0>,0.8405327796936035,0.03942152485251427,-0.03959918022155762,497490,55,4,False,Right,Back,Centre,Right,61
<_io.BytesIO object at 0x000001E1C8D9D1D0>,0.9074254035949707,0.013344082981348038,-0.05070383474230766,497490,55,4,False,Right,Back,Centre,Right,61
<_io.BytesIO object at 0x000001E1C8D90F90>,0.5729823708534241,0.14080670475959778,-0.0117374612018466,497491,55,4,False,Right,Back,Centre,Right,61
<_io.BytesIO object at 0x000001E1C14256D0>,0.5445699691772461,0.09897930175065994,-0.07505081593990326,497491,55,4,False,Right,Back,Centre,Right,61
<_io.BytesIO object at 0x000001E1C8F6F040>,0.5096030235290527,0.10739769786596298,-0.05476107448339462,497491,55,4,False,Right,Back,Centre,Right,61
<_io.BytesIO object at 0x000001E1C8F6F7C0>,0.5153347253799438,0.07502494752407074,0.025778161361813545,497491,55,4,False,Right,Back,Centre,Right,61
<_io.BytesIO object at 0x000001E1C8F6F9A0>,0.492297887802124,0.06934995204210281,-0.041658077389001846,497491,55,4,False,Right,Back,Centre,Right,61
<_io.BytesIO object at 0x000001E1C8F6FF90>,0.8851839900016785,0.04845559597015381,-0.03424691781401634,497491,55,4,False,Right,Back,Centre,Right,61
<_io.BytesIO object at 0x000001E1C8F6F860>,0.9288181066513062,-0.02279343456029892,0.002458591014146805,497491,55,4,False,Right,Back,Centre,Right,61
<_io.BytesIO object at 0x000001E1C8F6FEF0>,0.8620935082435608,0.027331188321113586,0.05043819546699524,497491,55,4,False,Right,Back,Centre,Right,61
<_io.BytesIO object at 0x000001E1C8DEE4A0>,0.8405195474624634,0.039431408047676086,-0.03957611694931984,497491,55,4,False,Right,Back,Centre,Right,61
<_io.BytesIO object at 0x000001E1C8DEEDB0>,0.9074354767799377,0.013307929039001465,-0.05069510266184807,497491,55,4,False,Right,Back,Centre,Right,61
<_io.BytesIO object at 0x000001E1C6033CC0>,0.5722549557685852,0.14269082248210907,-0.007863756269216537,497492,55,4,False,Right,Back,Centre,Right,61
<_io.BytesIO object at 0x000001E1C60337C0>,0.544805109500885,0.10048174858093262,-0.07182008028030396,497492,55,4,False,Right,Back,Centre,Right,61
<_io.BytesIO object at 0x000001E1C8E17090>,0.5097028017044067,0.10827122628688812,-0.051629889756441116,497492,55,4,False,Right,Back,Centre,Right,61
<_io.BytesIO object at 0x000001E1C8E17040>,0.5156040787696838,0.07546275109052658,0.02889019064605236,497492,55,4,False,Right,Back,Centre,Right,61
<_io.BytesIO object at 0x000001E1C8E171D0>,0.49285927414894104,0.06998501718044281,-0.03874365612864494,497492,55,4,False,Right,Back,Centre,Right,61
<_io.BytesIO object at 0x000001E1C8E17810>,0.8851701617240906,0.04846145957708359,-0.034232642501592636,497492,55,4,False,Right,Back,Centre,Right,61
<_io.BytesIO object at 0x000001E1C8E173B0>,0.9287869334220886,-0.0227535218000412,0.002517247572541237,497492,55,4,False,Right,Back,Centre,Right,61
<_io.BytesIO object at 0x000001E1C8E17950>,0.8620937466621399,0.027339017018675804,0.05045560002326965,497492,55,4,False,Right,Back,Centre,Right,61
<_io.BytesIO object at 0x000001E1C605F040>,0.8405094742774963,0.03943239524960518,-0.03956715390086174,497492,55,4,False,Right,Back,Centre,Right,61
<_io.BytesIO object at 0x000001E1C605FEF0>,0.9074398279190063,0.013345069251954556,-0.05064813420176506,497492,55,4,False,Right,Back,Centre,Right,61
<_io.BytesIO object at 0x000001E1C6038950>,0.5717583894729614,0.14420491456985474,-0.004036022815853357,497493,55,4,False,Right,Back,Centre,Right,61
<_io.BytesIO object at 0x000001E1C60384F0>,0.5450267791748047,0.1018918976187706,-0.06840546429157257,497493,55,4,False,Right,Back,Centre,Right,61
<_io.BytesIO object at 0x000001E1C8DB7310>,0.50978022813797,0.10914620757102966,-0.04823300987482071,497493,55,4,False,Right,Back,Centre,Right,61
<_io.BytesIO object at 0x000001E1C8DB7590>,0.5159809589385986,0.07593945413827896,0.032114386558532715,497493,55,4,False,Right,Back,Centre,Right,61
<_io.BytesIO object at 0x000001E1C8DB7450>,0.493491530418396,0.07065612822771072,-0.035612430423498154,497493,55,4,False,Right,Back,Centre,Right,61
<_io.BytesIO object at 0x000001E1C8DB72C0>,0.8851528763771057,0.048450812697410583,-0.034241702407598495,497493,55,4,False,Right,Back,Centre,Right,61
<_io.BytesIO object at 0x000001E1C8DB7180>,0.9287615418434143,-0.02273803949356079,0.002532358281314373,497493,55,4,False,Right,Back,Centre,Right,61
<_io.BytesIO object at 0x000001E1C8DB7F40>,0.8620870113372803,0.027337074279785156,0.05046961084008217,497493,55,4,False,Right,Back,Centre,Right,61
<_io.BytesIO object at 0x000001E1C8DB7220>,0.8405026793479919,0.03942376375198364,-0.03957066684961319,497493,55,4,False,Right,Back,Centre,Right,61
<_io.BytesIO object at 0x000001E1C60244F0>,0.9074004292488098,0.013376612216234207,-0.050637777894735336,497493,55,4,False,Right,Back,Centre,Right,61
<_io.BytesIO object at 0x000001E1C8DB7C70>,0.5713467001914978,0.14567825198173523,0.00014965746959205717,497494,55,4,False,Right,Back,Centre,Right,61
<_io.BytesIO object at 0x000001E1C6038AE0>,0.5454717874526978,0.10343193262815475,-0.06481325626373291,497494,55,4,False,Right,Back,Centre,Right,61
<_io.BytesIO object at 0x000001E1C6038450>,0.5100124478340149,0.11023477464914322,-0.04448602348566055,497494,55,4,False,Right,Back,Centre,Right,61
<_io.BytesIO object at 0x000001E1C6038400>,0.516525387763977,0.0762413963675499,0.03558087721467018,497494,55,4,False,Right,Back,Centre,Right,61
<_io.BytesIO object at 0x000001E1C6038A40>,0.4943068325519562,0.07127416133880615,-0.03221263363957405,497494,55,4,False,Right,Back,Centre,Right,61
<_io.BytesIO object at 0x000001E1C6038810>,0.8851442933082581,0.04844288155436516,-0.034239765256643295,497494,55,4,False,Right,Back,Centre,Right,61
<_io.BytesIO object at 0x000001E1C605FE50>,0.9288222789764404,-0.022751938551664352,0.0025240276008844376,497494,55,4,False,Right,Back,Centre,Right,61
<_io.BytesIO object at 0x000001E1C605F720>,0.8620495200157166,0.0273395087569952,0.050494175404310226,497494,55,4,False,Right,Back,Centre,Right,61
<_io.BytesIO object at 0x000001E1C605F9A0>,0.840483546257019,0.039419468492269516,-0.039561204612255096,497494,55,4,False,Right,Back,Centre,Right,61
<_io.BytesIO object at 0x000001E1C605F8B0>,0.907423734664917,0.013320236466825008,-0.05063282698392868,497494,55,4,False,Right,Back,Centre,Right,61
<_io.BytesIO object at 0x000001E1C8E17A90>,0.5713694095611572,0.14700277149677277,0.0046583376824855804,497495,55,4,False,Right,Back,Centre,Right,61
<_io.BytesIO object at 0x000001E1C60330E0>,0.5459538102149963,0.1051735132932663,-0.060965221375226974,497495,55,4,False,Right,Back,Centre,Right,61
<_io.BytesIO object at 0x000001E1C6033900>,0.5103881359100342,0.11100082844495773,-0.04072532057762146,497495,55,4,False,Right,Back,Centre,Right,61
<_io.BytesIO object at 0x000001E1C6033220>,0.5173006653785706,0.07661512494087219,0.03934312239289284,497495,55,4,False,Right,Back,Centre,Right,61
<_io.BytesIO object at 0x000001E1C6033E00>,0.4953959584236145,0.07187552005052567,-0.028610210865736008,497495,55,4,False,Right,Back,Centre,Right,61
<_io.BytesIO object at 0x000001E1C6033270>,0.8851284384727478,0.048428650945425034,-0.03422895446419716,497495,55,4,False,Right,Back,Centre,Right,61
<_io.BytesIO object at 0x000001E1C8DEEF90>,0.9287886023521423,-0.022749846801161766,0.0025351308286190033,497495,55,4,False,Right,Back,Centre,Right,61
<_io.BytesIO object at 0x000001E1C8DEEE00>,0.8620137572288513,0.027332620695233345,0.050512395799160004,497495,55,4,False,Right,Back,Centre,Right,61
<_io.BytesIO object at 0x000001E1C8DEE2C0>,0.8404646515846252,0.039413608610630035,-0.03956428915262222,497495,55,4,False,Right,Back,Centre,Right,61
<_io.BytesIO object at 0x000001E1C8DEECC0>,0.907371461391449,0.013358842581510544,-0.05062543973326683,497495,55,4,False,Right,Back,Centre,Right,61
<_io.BytesIO object at 0x000001E1C8D906D0>,0.5716788172721863,0.14832036197185516,0.009444987401366234,497496,55,4,False,Right,Back,Centre,Right,61
<_io.BytesIO object at 0x000001E1C8D90900>,0.5464675426483154,0.10690825432538986,-0.05698920041322708,497496,55,4,False,Right,Back,Centre,Right,61
<_io.BytesIO object at 0x000001E1C8D90AE0>,0.5108996033668518,0.11204249411821365,-0.03661942481994629,497496,55,4,False,Right,Back,Centre,Right,61
<_io.BytesIO object at 0x000001E1C8D9D950>,0.5186471939086914,0.07674629986286163,0.04336732253432274,497496,55,4,False,Right,Back,Centre,Right,61
<_io.BytesIO object at 0x000001E1C8D9D040>,0.49612343311309814,0.07306009531021118,-0.024687161669135094,497496,55,4,False,Right,Back,Centre,Right,61
<_io.BytesIO object at 0x000001E1C8D9D9F0>,0.8851051330566406,0.04842494800686836,-0.034201689064502716,497496,55,4,False,Right,Back,Centre,Right,61
<_io.BytesIO object at 0x000001E1C8D9D310>,0.9287614822387695,-0.022753573954105377,0.0025635361671447754,497496,55,4,False,Right,Back,Centre,Right,61
<_io.BytesIO object at 0x000001E1C8D9DAE0>,0.8619928956031799,0.02732025273144245,0.05052974820137024,497496,55,4,False,Right,Back,Centre,Right,61
<_io.BytesIO object at 0x000001E1C8D9DD60>,0.8404418230056763,0.03940378502011299,-0.03955039381980896,497496,55,4,False,Right,Back,Centre,Right,61
<_io.BytesIO object at 0x000001E1C8D9DEA0>,0.9073606133460999,0.013350038789212704,-0.050597913563251495,497496,55,4,False,Right,Back,Centre,Right,61
<_io.BytesIO object at 0x000001E1C6040630>,0.5721509456634521,0.14968998730182648,0.01448415033519268,497497,55,4,False,Right,Back,Centre,Right,61
<_io.BytesIO object at 0x000001E1C6040E00>,0.5471900701522827,0.10862396657466888,-0.052595771849155426,497497,55,4,False,Right,Back,Centre,Right,61
<_io.BytesIO object at 0x000001E1C60404A0>,0.5117884874343872,0.11302893608808517,-0.03229605779051781,497497,55,4,False,Right,Back,Centre,Right,61
<_io.BytesIO object at 0x000001E1C6040EF0>,0.5199241638183594,0.07704541832208633,0.04755410924553871,497497,55,4,False,Right,Back,Centre,Right,61
<_io.BytesIO object at 0x000001E1C6040450>,0.49758148193359375,0.073598712682724,-0.020397314801812172,497497,55,4,False,Right,Back,Centre,Right,61
<_io.BytesIO object at 0x000001E1C8DA86D0>,0.8850785493850708,0.048422377556562424,-0.034175433218479156,497497,55,4,False,Right,Back,Centre,Right,61
<_io.BytesIO object at 0x000001E1C8DA8C20>,0.9287484288215637,-0.022758865728974342,0.0025777099654078484,497497,55,4,False,Right,Back,Centre,Right,61
<_io.BytesIO object at 0x000001E1C8DA8270>,0.8619633316993713,0.0273121427744627,0.05054632946848869,497497,55,4,False,Right,Back,Centre,Right,61
<_io.BytesIO object at 0x000001E1C8DA85E0>,0.8404275178909302,0.039409033954143524,-0.039527956396341324,497497,55,4,False,Right,Back,Centre,Right,61
<_io.BytesIO object at 0x000001E1C8DA8DB0>,0.9073453545570374,0.013349651359021664,-0.050580400973558426,497497,55,4,False,Right,Back,Centre,Right,61
<_io.BytesIO object at 0x000001E1C8DB3860>,0.5732029676437378,0.15084508061408997,0.019950391724705696,497498,55,4,False,Right,Back,Centre,Right,61
<_io.BytesIO object at 0x000001E1C604E900>,0.5480931401252747,0.11039984226226807,-0.04782964661717415,497498,55,4,False,Right,Back,Centre,Right,61
<_io.BytesIO object at 0x000001E1C604EB30>,0.512726366519928,0.11420179158449173,-0.027502181008458138,497498,55,4,False,Right,Back,Centre,Right,61
<_io.BytesIO object at 0x000001E1C604E5E0>,0.5212616324424744,0.0779791995882988,0.051908381283283234,497498,55,4,False,Right,Back,Centre,Right,61
<_io.BytesIO object at 0x000001E1C604E860>,0.4989921450614929,0.07460704445838928,-0.01585078053176403,497498,55,4,False,Right,Back,Centre,Right,61
<_io.BytesIO object at 0x000001E1C604E130>,0.8850677609443665,0.04842032864689827,-0.034146759659051895,497498,55,4,False,Right,Back,Centre,Right,61
<_io.BytesIO object at 0x000001E1C6024AE0>,0.9287747740745544,-0.022758200764656067,0.002622785046696663,497498,55,4,False,Right,Back,Centre,Right,61
<_io.BytesIO object at 0x000001E1C6024A90>,0.8619517683982849,0.027303725481033325,0.050595808774232864,497498,55,4,False,Right,Back,Centre,Right,61
<_io.BytesIO object at 0x000001E1C60249F0>,0.840411365032196,0.03938721865415573,-0.0395316518843174,497498,55,4,False,Right,Back,Centre,Right,61
<_io.BytesIO object at 0x000001E1C6024360>,0.9073603749275208,0.01331162266433239,-0.050536416471004486,497498,55,4,False,Right,Back,Centre,Right,61
<_io.BytesIO object at 0x000001E1C8DA8900>,0.5744507908821106,0.1520441472530365,0.02563546970486641,497499,55,4,False,Right,Back,Centre,Right,61
<_io.BytesIO object at 0x000001E1C6040D10>,0.5491690039634705,0.11224879324436188,-0.042994093149900436,497499,55,4,False,Right,Back,Centre,Right,61
<_io.BytesIO object at 0x000001E1C6040680>,0.5138245820999146,0.11537717282772064,-0.022449076175689697,497499,55,4,False,Right,Back,Centre,Right,61
<_io.BytesIO object at 0x000001E1C6040B80>,0.5220571756362915,0.07896590232849121,0.05624626576900482,497499,55,4,False,Right,Back,Centre,Right,61
<_io.BytesIO object at 0x000001E1C6040540>,0.5005784034729004,0.07558852434158325,-0.010985192842781544,497499,55,4,False,Right,Back,Centre,Right,61
<_io.BytesIO object at 0x000001E1C6040090>,0.8850507140159607,0.04840250685811043,-0.034121088683605194,497499,55,4,False,Right,Back,Centre,Right,61
<_io.BytesIO object at 0x000001E1C8F6F4F0>,0.9287631511688232,-0.022771764546632767,0.0026473067700862885,497499,55,4,False,Right,Back,Centre,Right,61
<_io.BytesIO object at 0x000001E1C8F6F590>,0.8619297742843628,0.027295030653476715,0.05062985047698021,497499,55,4,False,Right,Back,Centre,Right,61
<_io.BytesIO object at 0x000001E1C8F6F540>,0.8403736352920532,0.039409082382917404,-0.03948342427611351,497499,55,4,False,Right,Back,Centre,Right,61
<_io.BytesIO object at 0x000001E1C8F6F6D0>,0.9073641896247864,0.013299083337187767,-0.050502579659223557,497499,55,4,False,Right,Back,Centre,Right,61
<_io.BytesIO object at 0x000001E1C8D9D630>,0.5758890509605408,0.1531287431716919,0.031527623534202576,497500,55,4,False,Right,Back,Centre,Right,61
<_io.BytesIO object at 0x000001E1C8D90A90>,0.5503005981445312,0.113878533244133,-0.03774137794971466,497500,55,4,False,Right,Back,Centre,Right,61
<_io.BytesIO object at 0x000001E1C8D904A0>,0.5151596665382385,0.11654447764158249,-0.01694345660507679,497500,55,4,False,Right,Back,Centre,Right,61
<_io.BytesIO object at 0x000001E1C8D90540>,0.5228887796401978,0.08054997026920319,0.06076449155807495,497500,55,4,False,Right,Back,Centre,Right,61
<_io.BytesIO object at 0x000001E1C8D90BD0>,0.5023583173751831,0.0766095221042633,-0.005724020302295685,497500,55,4,False,Right,Back,Centre,Right,61
<_io.BytesIO object at 0x000001E1C8D905E0>,0.8850778341293335,0.04832969233393669,-0.03407011926174164,497500,55,4,False,Right,Back,Centre,Right,61
<_io.BytesIO object at 0x000001E1C8D90180>,0.9287456274032593,-0.022816907614469528,0.0027115345001220703,497500,55,4,False,Right,Back,Centre,Right,61
<_io.BytesIO object at 0x000001E1C14251D0>,0.8619116544723511,0.027285261079669,0.05067196115851402,497500,55,4,False,Right,Back,Centre,Right,61
<_io.BytesIO object at 0x000001E1C1425630>,0.8403567671775818,0.0394006110727787,-0.03946197032928467,497500,55,4,False,Right,Back,Centre,Right,61
<_io.BytesIO object at 0x000001E1C1425130>,0.9073699116706848,0.013287513516843319,-0.050460994243621826,497500,55,4,False,Right,Back,Centre,Right,61
<_io.BytesIO object at 0x000001E1C8E17450>,0.577812910079956,0.1541566401720047,0.03764856606721878,497501,55,4,False,Right,Back,Centre,Right,61
<_io.BytesIO object at 0x000001E1C8E171D0>,0.551699697971344,0.11556429415941238,-0.032138850539922714,497501,55,4,False,Right,Back,Centre,Right,61
<_io.BytesIO object at 0x000001E1C8E17F40>,0.5167092680931091,0.11759652942419052,-0.01127765141427517,497501,55,4,False,Right,Back,Centre,Right,61
<_io.BytesIO object at 0x000001E1C8DB35E0>,0.5237593650817871,0.08234306424856186,0.06548240780830383,497501,55,4,False,Right,Back,Centre,Right,61
<_io.BytesIO object at 0x000001E1C8DB39F0>,0.5043754577636719,0.0775446742773056,-6.862221198389307e-05,497501,55,4,False,Right,Back,Centre,Right,61
<_io.BytesIO object at 0x000001E1C8DB3B30>,0.8850396275520325,0.04831539839506149,-0.03400286287069321,497501,55,4,False,Right,Back,Centre,Right,61
<_io.BytesIO object at 0x000001E1C8DB3D60>,0.9287708401679993,-0.022814566269516945,0.002745276317000389,497501,55,4,False,Right,Back,Centre,Right,61
<_io.BytesIO object at 0x000001E1C8DB3A90>,0.86189866065979,0.02727458067238331,0.05070270225405693,497501,55,4,False,Right,Back,Centre,Right,61
<_io.BytesIO object at 0x000001E1C8DB3EA0>,0.8403597474098206,0.03939925506711006,-0.03942793980240822,497501,55,4,False,Right,Back,Centre,Right,61
<_io.BytesIO object at 0x000001E1C8DB3A40>,0.9073813557624817,0.013286622241139412,-0.050425734370946884,497501,55,4,False,Right,Back,Centre,Right,61
<_io.BytesIO object at 0x000001E1C60333B0>,0.5794930458068848,0.15542542934417725,0.04395633563399315,497502,55,4,False,Right,Back,Centre,Right,61
<_io.BytesIO object at 0x000001E1C6033590>,0.5531465411186218,0.1170988529920578,-0.02617594040930271,497502,55,4,False,Right,Back,Centre,Right,61
<_io.BytesIO object at 0x000001E1C6033630>,0.5183418393135071,0.11863688379526138,-0.005099164787679911,497502,55,4,False,Right,Back,Centre,Right,61
<_io.BytesIO object at 0x000001E1C60339F0>,0.5247204303741455,0.08412110805511475,0.07063716650009155,497502,55,4,False,Right,Back,Centre,Right,61
<_io.BytesIO object at 0x000001E1C604E4A0>,0.5064927935600281,0.07838432490825653,0.005865450482815504,497502,55,4,False,Right,Back,Centre,Right,61
<_io.BytesIO object at 0x000001E1C604EA90>,0.8850371241569519,0.048307061195373535,-0.033973775804042816,497502,55,4,False,Right,Back,Centre,Right,61
<_io.BytesIO object at 0x000001E1C604E9A0>,0.9288005828857422,-0.022794421762228012,0.002791682258248329,497502,55,4,False,Right,Back,Centre,Right,61
<_io.BytesIO object at 0x000001E1C604EB80>,0.861882209777832,0.027270935475826263,0.05074010416865349,497502,55,4,False,Right,Back,Centre,Right,61
<_io.BytesIO object at 0x000001E1C604EBD0>,0.8403486013412476,0.03936421498656273,-0.039413049817085266,497502,55,4,False,Right,Back,Centre,Right,61
<_io.BytesIO object at 0x000001E1C604E7C0>,0.9073886275291443,0.013286408968269825,-0.050390150398015976,497502,55,4,False,Right,Back,Centre,Right,61
<_io.BytesIO object at 0x000001E1C602FF40>,0.5810736417770386,0.1566203385591507,0.05054868385195732,497503,55,4,False,Right,Back,Centre,Right,61
<_io.BytesIO object at 0x000001E1C604C360>,0.554693341255188,0.11868483573198318,-0.019814003258943558,497503,55,4,False,Right,Back,Centre,Right,61
<_io.BytesIO object at 0x000001E1C604C7C0>,0.5200144648551941,0.11962448805570602,0.0013826118083670735,497503,55,4,False,Right,Back,Centre,Right,61
<_io.BytesIO object at 0x000001E1C604C9A0>,0.5260652899742126,0.08586353808641434,0.07609297335147858,497503,55,4,False,Right,Back,Centre,Right,61
<_io.BytesIO object at 0x000001E1C604CB80>,0.5088411569595337,0.07907002419233322,0.012182590551674366,497503,55,4,False,Right,Back,Centre,Right,61
<_io.BytesIO object at 0x000001E1C604CD60>,0.8850334882736206,0.048281703144311905,-0.03393227607011795,497503,55,4,False,Right,Back,Centre,Right,61
<_io.BytesIO object at 0x000001E1C604CF40>,0.9288609027862549,-0.022815849632024765,0.002790505066514015,497503,55,4,False,Right,Back,Centre,Right,61
<_io.BytesIO object at 0x000001E1C605FA40>,0.8619210124015808,0.02721736766397953,0.05079776421189308,497503,55,4,False,Right,Back,Centre,Right,61
<_io.BytesIO object at 0x000001E1C605FB30>,0.8403545618057251,0.03933095186948776,-0.03931540623307228,497503,55,4,False,Right,Back,Centre,Right,61
<_io.BytesIO object at 0x000001E1C605FDB0>,0.9073939919471741,0.013266422785818577,-0.050362225621938705,497503,55,4,False,Right,Back,Centre,Right,61
<_io.BytesIO object at 0x000001E1C8DB36D0>,0.5829718708992004,0.1577920764684677,0.05744276940822601,497504,55,4,False,Right,Back,Centre,Right,61
<_io.BytesIO object at 0x000001E1C8DB3B30>,0.5566173791885376,0.12012117356061935,-0.0131157748401165,497504,55,4,False,Right,Back,Centre,Right,61
<_io.BytesIO object at 0x000001E1C8E17590>,0.5218093395233154,0.12019003182649612,0.008186038583517075,497504,55,4,False,Right,Back,Centre,Right,61
<_io.BytesIO object at 0x000001E1C8E177C0>,0.5278272032737732,0.08722404390573502,0.08204067498445511,497504,55,4,False,Right,Back,Centre,Right,61
<_io.BytesIO object at 0x000001E1C8E17AE0>,0.5113753080368042,0.0795992836356163,0.0188674908131361,497504,55,4,False,Right,Back,Centre,Right,61
<_io.BytesIO object at 0x000001E1C8E17400>,0.8850479125976562,0.04826953262090683,-0.033878736197948456,497504,55,4,False,Right,Back,Centre,Right,61
<_io.BytesIO object at 0x000001E1C8E17B80>,0.9288570880889893,-0.022831011563539505,0.002833419479429722,497504,55,4,False,Right,Back,Centre,Right,61
<_io.BytesIO object at 0x000001E1C8E17090>,0.8619238138198853,0.027214879170060158,0.050826240330934525,497504,55,4,False,Right,Back,Centre,Right,61
<_io.BytesIO object at 0x000001E1C8E176D0>,0.8403622508049011,0.03933379799127579,-0.03926392272114754,497504,55,4,False,Right,Back,Centre,Right,61
<_io.BytesIO object at 0x000001E1C8DEE540>,0.9074079990386963,0.013264344073832035,-0.050325337797403336,497504,55,4,False,Right,Back,Centre,Right,61
<_io.BytesIO object at 0x000001E1C14256D0>,0.5845455527305603,0.15876653790473938,0.06481323391199112,497505,55,4,False,Right,Back,Centre,Right,61
<_io.BytesIO object at 0x000001E1C8D90C70>,0.5585005879402161,0.12140887975692749,-0.006059476640075445,497505,55,4,False,Right,Back,Centre,Right,61
<_io.BytesIO object at 0x000001E1C8D90E50>,0.5238299369812012,0.12090983986854553,0.015282822772860527,497505,55,4,False,Right,Back,Centre,Right,61
<_io.BytesIO object at 0x000001E1C8D90A40>,0.530164897441864,0.08817298710346222,0.08854275941848755,497505,55,4,False,Right,Back,Centre,Right,61
<_io.BytesIO object at 0x000001E1C8D90D60>,0.5140417218208313,0.08003051578998566,0.02579968422651291,497505,55,4,False,Right,Back,Centre,Right,61
<_io.BytesIO object at 0x000001E1C8D90630>,0.8850550651550293,0.048250749707221985,-0.033833470195531845,497505,55,4,False,Right,Back,Centre,Right,61
<_io.BytesIO object at 0x000001E1C8D9DA40>,0.9288938641548157,-0.022828014567494392,0.00286775641143322,497505,55,4,False,Right,Back,Centre,Right,61
<_io.BytesIO object at 0x000001E1C8D9DC70>,0.8619281053543091,0.027221355587244034,0.05085968226194382,497505,55,4,False,Right,Back,Centre,Right,61
<_io.BytesIO object at 0x000001E1C8D9DE50>,0.8403542637825012,0.03931708633899689,-0.039221685379743576,497505,55,4,False,Right,Back,Centre,Right,61
<_io.BytesIO object at 0x000001E1C8D9DBD0>,0.9074234962463379,0.013258547522127628,-0.05030151084065437,497505,55,4,False,Right,Back,Centre,Right,61
<_io.BytesIO object at 0x000001E1C6033B80>,0.5861839056015015,0.15997089445590973,0.07267904281616211,497506,55,4,False,Right,Back,Centre,Right,61
<_io.BytesIO object at 0x000001E1C604EC20>,0.5605329871177673,0.1225912794470787,0.0013741047587245703,497506,55,4,False,Right,Back,Centre,Right,61
<_io.BytesIO object at 0x000001E1C604EA40>,0.5260077118873596,0.12140725553035736,0.022888850420713425,497506,55,4,False,Right,Back,Centre,Right,61
<_io.BytesIO object at 0x000001E1C604E400>,0.5329329967498779,0.08855550736188889,0.09550682455301285,497506,55,4,False,Right,Back,Centre,Right,61
<_io.BytesIO object at 0x000001E1C604E450>,0.5169240236282349,0.08024575561285019,0.03302978351712227,497506,55,4,False,Right,Back,Centre,Right,61
<_io.BytesIO object at 0x000001E1C604E9A0>,0.8850628733634949,0.04824226349592209,-0.03377240151166916,497506,55,4,False,Right,Back,Centre,Right,61
<_io.BytesIO object at 0x000001E1C604E1D0>,0.9289220571517944,-0.022837473079562187,0.0028954558074474335,497506,55,4,False,Right,Back,Centre,Right,61
<_io.BytesIO object at 0x000001E1C604EEF0>,0.8619278073310852,0.02722848579287529,0.05089465528726578,497506,55,4,False,Right,Back,Centre,Right,61
<_io.BytesIO object at 0x000001E1C8F6F220>,0.8403591513633728,0.03932083770632744,-0.03914865851402283,497506,55,4,False,Right,Back,Centre,Right,61
<_io.BytesIO object at 0x000001E1C8F6F450>,0.907433807849884,0.013255398720502853,-0.05027568340301514,497506,55,4,False,Right,Back,Centre,Right,61
<_io.BytesIO object at 0x000001E1C6040900>,0.5878365635871887,0.16074737906455994,0.08092965930700302,497507,55,4,False,Right,Back,Centre,Right,61
<_io.BytesIO object at 0x000001E1C6040400>,0.5627655386924744,0.12379857152700424,0.00919237732887268,497507,55,4,False,Right,Back,Centre,Right,61
<_io.BytesIO object at 0x000001E1C8DA8C20>,0.5281187891960144,0.12179552763700485,0.03075244091451168,497507,55,4,False,Right,Back,Centre,Right,61
<_io.BytesIO object at 0x000001E1C8DA8D10>,0.5361127257347107,0.08849488198757172,0.10304483026266098,497507,55,4,False,Right,Back,Centre,Right,61
<_io.BytesIO object at 0x000001E1C8DA8F40>,0.5199404954910278,0.08030325919389725,0.040627531707286835,497507,55,4,False,Right,Back,Centre,Right,61
<_io.BytesIO object at 0x000001E1C8DA83B0>,0.8850569128990173,0.048216331750154495,-0.03375459834933281,497507,55,4,False,Right,Back,Centre,Right,61
<_io.BytesIO object at 0x000001E1C8DA8DB0>,0.9289463758468628,-0.022831354290246964,0.0029246527701616287,497507,55,4,False,Right,Back,Centre,Right,61
<_io.BytesIO object at 0x000001E1C8DA8450>,0.8619365096092224,0.0272468663752079,0.05091986060142517,497507,55,4,False,Right,Back,Centre,Right,61
<_io.BytesIO object at 0x000001E1C8DA8860>,0.8403698801994324,0.03931012749671936,-0.039093442261219025,497507,55,4,False,Right,Back,Centre,Right,61
<_io.BytesIO object at 0x000001E1C8DA89F0>,0.9074329733848572,0.013252471573650837,-0.05025206506252289,497507,55,4,False,Right,Back,Centre,Right,61
<_io.BytesIO object at 0x000001E1C60500E0>,0.5895288586616516,0.16127148270606995,0.08975629508495331,497508,55,4,False,Right,Back,Centre,Right,61
<_io.BytesIO object at 0x000001E1C6050680>,0.5647692680358887,0.12496277689933777,0.017424393445253372,497508,55,4,False,Right,Back,Centre,Right,61
<_io.BytesIO object at 0x000001E1C8DA8C70>,0.5303343534469604,0.12206217646598816,0.03901183232665062,497508,55,4,False,Right,Back,Centre,Right,61
<_io.BytesIO object at 0x000001E1C8DA8860>,0.5395053625106812,0.0878155380487442,0.11092732846736908,497508,55,4,False,Right,Back,Centre,Right,61
<_io.BytesIO object at 0x000001E1C8DA8B80>,0.5228874683380127,0.0803741067647934,0.04850086569786072,497508,55,4,False,Right,Back,Centre,Right,61
<_io.BytesIO object at 0x000001E1C8DA8220>,0.8850668668746948,0.048222750425338745,-0.03369501978158951,497508,55,4,False,Right,Back,Centre,Right,61
<_io.BytesIO object at 0x000001E1C8DA8EA0>,0.9289551377296448,-0.022837456315755844,0.002955719828605652,497508,55,4,False,Right,Back,Centre,Right,61
<_io.BytesIO object at 0x000001E1C8DA8D60>,0.8619436621665955,0.027266519144177437,0.05093720555305481,497508,55,4,False,Right,Back,Centre,Right,61
<_io.BytesIO object at 0x000001E1C8DA8C20>,0.8403590321540833,0.039284974336624146,-0.039071012288331985,497508,55,4,False,Right,Back,Centre,Right,61
<_io.BytesIO object at 0x000001E1C6040400>,0.9074326157569885,0.01323162391781807,-0.05024353414773941,497508,55,4,False,Right,Back,Centre,Right,61
<_io.BytesIO object at 0x000001E1C8F6F810>,0.591349184513092,0.16179686784744263,0.09914883971214294,497509,55,4,False,Right,Back,Centre,Right,61
<_io.BytesIO object at 0x000001E1C8F6F090>,0.5667155981063843,0.1259935051202774,0.025945112109184265,497509,55,4,False,Right,Back,Centre,Right,61
<_io.BytesIO object at 0x000001E1C604E950>,0.5324059128761292,0.12245843559503555,0.047695890069007874,497509,55,4,False,Right,Back,Centre,Right,61
<_io.BytesIO object at 0x000001E1C604EBD0>,0.5430863499641418,0.08682260662317276,0.11926662921905518,497509,55,4,False,Right,Back,Centre,Right,61
<_io.BytesIO object at 0x000001E1C604E4A0>,0.52494877576828,0.08136574923992157,0.056337833404541016,497509,55,4,False,Right,Back,Centre,Right,61
<_io.BytesIO object at 0x000001E1C604E860>,0.8850641250610352,0.048172932118177414,-0.033684857189655304,497509,55,4,False,Right,Back,Centre,Right,61
<_io.BytesIO object at 0x000001E1C604E450>,0.9290153384208679,-0.022861097007989883,0.002940892241895199,497509,55,4,False,Right,Back,Centre,Right,61
<_io.BytesIO object at 0x000001E1C604E6D0>,0.8619624972343445,0.02729080058634281,0.0509495846927166,497509,55,4,False,Right,Back,Centre,Right,61
<_io.BytesIO object at 0x000001E1C604E040>,0.8403946757316589,0.03929687291383743,-0.03895138204097748,497509,55,4,False,Right,Back,Centre,Right,61
<_io.BytesIO object at 0x000001E1C604ED60>,0.9074369072914124,0.013211744837462902,-0.050247810781002045,497509,55,4,False,Right,Back,Centre,Right,61
<_io.BytesIO object at 0x000001E1C8D9D4A0>,0.5932223796844482,0.16179688274860382,0.10900119692087173,497510,55,4,False,Right,Back,Centre,Right,61
<_io.BytesIO object at 0x000001E1C8D9D090>,0.5688095688819885,0.12715114653110504,0.03510835021734238,497510,55,4,False,Right,Back,Centre,Right,61
<_io.BytesIO object at 0x000001E1C8D9D270>,0.5348594188690186,0.12289426475763321,0.056501470506191254,497510,55,4,False,Right,Back,Centre,Right,61
<_io.BytesIO object at 0x000001E1C8D9D950>,0.546505868434906,0.08571083843708038,0.12781313061714172,497510,55,4,False,Right,Back,Centre,Right,61
<_io.BytesIO object at 0x000001E1C136FB80>,0.5263760089874268,0.08228795230388641,0.06433427333831787,497510,55,4,False,Right,Back,Centre,Right,61
<_io.BytesIO object at 0x000001E1C8D90B80>,0.8850998878479004,0.048167452216148376,-0.03365030884742737,497510,55,4,False,Right,Back,Centre,Right,61
<_io.BytesIO object at 0x000001E1C8D90400>,0.9290533661842346,-0.022869909182190895,0.0029487507417798042,497510,55,4,False,Right,Back,Centre,Right,61
<_io.BytesIO object at 0x000001E1C8D90A40>,0.8619811534881592,0.027329903095960617,0.05094395950436592,497510,55,4,False,Right,Back,Centre,Right,61
<_io.BytesIO object at 0x000001E1C8D90130>,0.8404231071472168,0.03928379714488983,-0.03892512246966362,497510,55,4,False,Right,Back,Centre,Right,61
<_io.BytesIO object at 0x000001E1C8D90BD0>,0.9074515700340271,0.013198359869420528,-0.050264254212379456,497510,55,4,False,Right,Back,Centre,Right,61
<_io.BytesIO object at 0x000001E1C8DEEAE0>,0.5951064825057983,0.16180622577667236,0.1194114238023758,497511,55,4,False,Right,Back,Centre,Right,61
<_io.BytesIO object at 0x000001E1C8DEEC20>,0.5708961486816406,0.12833288311958313,0.04451277107000351,497511,55,4,False,Right,Back,Centre,Right,61
<_io.BytesIO object at 0x000001E1C8E17900>,0.5369042158126831,0.12275093793869019,0.06595427542924881,497511,55,4,False,Right,Back,Centre,Right,61
<_io.BytesIO object at 0x000001E1C8E17770>,0.5495507717132568,0.08472425490617752,0.13651075959205627,497511,55,4,False,Right,Back,Centre,Right,61
<_io.BytesIO object at 0x000001E1C8E17B80>,0.5277166366577148,0.0834961012005806,0.07243704795837402,497511,55,4,False,Right,Back,Centre,Right,61
<_io.BytesIO object at 0x000001E1C8E175E0>,0.8851203918457031,0.04810738191008568,-0.03366086632013321,497511,55,4,False,Right,Back,Centre,Right,61
<_io.BytesIO object at 0x000001E1C8E172C0>,0.9291130900382996,-0.022884901612997055,0.0029518697410821915,497511,55,4,False,Right,Back,Centre,Right,61
<_io.BytesIO object at 0x000001E1C8E174A0>,0.8620062470436096,0.0274602510035038,0.0509212426841259,497511,55,4,False,Right,Back,Centre,Right,61
<_io.BytesIO object at 0x000001E1C8DB3590>,0.8404501676559448,0.03926349803805351,-0.03889937326312065,497511,55,4,False,Right,Back,Centre,Right,61
<_io.BytesIO object at 0x000001E1C8DB3310>,0.9074377417564392,0.013134642504155636,-0.050317130982875824,497511,55,4,False,Right,Back,Centre,Right,61
<_io.BytesIO object at 0x000001E1C8DB7E50>,0.5968088507652283,0.16153067350387573,0.1299857497215271,497512,55,4,False,Right,Back,Centre,Right,61
<_io.BytesIO object at 0x000001E1C8DB7180>,0.572995126247406,0.12915004789829254,0.05418426916003227,497512,55,4,False,Right,Back,Centre,Right,61
<_io.BytesIO object at 0x000001E1C60509F0>,0.5390395522117615,0.12267722934484482,0.07558757811784744,497512,55,4,False,Right,Back,Centre,Right,61
<_io.BytesIO object at 0x000001E1C60508B0>,0.5521884560585022,0.08383932709693909,0.14513511955738068,497512,55,4,False,Right,Back,Centre,Right,61
<_io.BytesIO object at 0x000001E1C6050590>,0.5288934111595154,0.08465700596570969,0.0807122066617012,497512,55,4,False,Right,Back,Centre,Right,61
<_io.BytesIO object at 0x000001E1C6050360>,0.8851464986801147,0.048087216913700104,-0.033668939024209976,497512,55,4,False,Right,Back,Centre,Right,61
<_io.BytesIO object at 0x000001E1C6050130>,0.9292153716087341,-0.02294888347387314,0.002860667183995247,497512,55,4,False,Right,Back,Centre,Right,61
<_io.BytesIO object at 0x000001E1C6050BD0>,0.8620614409446716,0.027535978704690933,0.050903692841529846,497512,55,4,False,Right,Back,Centre,Right,61
<_io.BytesIO object at 0x000001E1C6050DB0>,0.8404836058616638,0.039227794855833054,-0.038876816630363464,497512,55,4,False,Right,Back,Centre,Right,61
<_io.BytesIO object at 0x000001E1C6050F90>,0.907404899597168,0.013025669381022453,-0.05042704567313194,497512,55,4,False,Right,Back,Centre,Right,61
<_io.BytesIO object at 0x000001E1C605BE50>,0.5984535217285156,0.16130661964416504,0.14067935943603516,497513,55,4,False,Right,Back,Centre,Right,61
<_io.BytesIO object at 0x000001E1C605BEF0>,0.5749195218086243,0.12997545301914215,0.06403807550668716,497513,55,4,False,Right,Back,Centre,Right,61
<_io.BytesIO object at 0x000001E1C605B950>,0.5410321354866028,0.12272288650274277,0.08535148948431015,497513,55,4,False,Right,Back,Centre,Right,61
<_io.BytesIO object at 0x000001E1C605B720>,0.5476340055465698,0.08060498535633087,0.1597430408000946,497513,55,4,False,Right,Back,Centre,Right,61
<_io.BytesIO object at 0x000001E1C605B090>,0.53016597032547,0.08572294563055038,0.08906541764736176,497513,55,4,False,Right,Back,Centre,Right,61
<_io.BytesIO object at 0x000001E1C605B270>,0.8852503895759583,0.04802526533603668,-0.0337202325463295,497513,55,4,False,Right,Back,Centre,Right,61
<_io.BytesIO object at 0x000001E1C605B130>,0.9292657971382141,-0.02299359068274498,0.002845793031156063,497513,55,4,False,Right,Back,Centre,Right,61
<_io.BytesIO object at 0x000001E1C6050EA0>,0.8621501922607422,0.027653323486447334,0.05085694417357445,497513,55,4,False,Right,Back,Centre,Right,61
<_io.BytesIO object at 0x000001E1C6050BD0>,0.8405421376228333,0.03919901326298714,-0.0388558991253376,497513,55,4,False,Right,Back,Centre,Right,61
<_io.BytesIO object at 0x000001E1C6050090>,0.9074251651763916,0.012946766801178455,-0.05049927160143852,497513,55,4,False,Right,Back,Centre,Right,61
<_io.BytesIO object at 0x000001E1C8DB7EA0>,0.5998651385307312,0.1608654111623764,0.15139909088611603,497514,55,4,False,Right,Back,Centre,Right,61
<_io.BytesIO object at 0x000001E1C8DB3630>,0.5772844552993774,0.13075383007526398,0.07421885430812836,497514,55,4,False,Right,Back,Centre,Right,61
<_io.BytesIO object at 0x000001E1C8DB33B0>,0.5432307720184326,0.12246713787317276,0.09505204856395721,497514,55,4,False,Right,Back,Centre,Right,61
<_io.BytesIO object at 0x000001E1C8DB3E50>,0.5477859973907471,0.08024437725543976,0.16863565146923065,497514,55,4,False,Right,Back,Centre,Right,61
<_io.BytesIO object at 0x000001E1C8DB36D0>,0.531380295753479,0.08662911504507065,0.09747453778982162,497514,55,4,False,Right,Back,Centre,Right,61
<_io.BytesIO object at 0x000001E1C8DB3590>,0.8853753209114075,0.047901302576065063,-0.03376145288348198,497514,55,4,False,Right,Back,Centre,Right,61
<_io.BytesIO object at 0x000001E1C8E17D60>,0.9292736649513245,-0.02307109534740448,0.0028700735419988632,497514,55,4,False,Right,Back,Centre,Right,61
<_io.BytesIO object at 0x000001E1C8E174A0>,0.8622528314590454,0.027780089527368546,0.05079149827361107,497514,55,4,False,Right,Back,Centre,Right,61
<_io.BytesIO object at 0x000001E1C8E171D0>,0.8406162261962891,0.03915709629654884,-0.03884037211537361,497514,55,4,False,Right,Back,Centre,Right,61
<_io.BytesIO object at 0x000001E1C8E17400>,0.907450258731842,0.012854358181357384,-0.050559043884277344,497514,55,4,False,Right,Back,Centre,Right,61
<_io.BytesIO object at 0x000001E1C8DEE360>,0.6012452840805054,0.16035747528076172,0.1621558964252472,497515,55,4,False,Right,Back,Centre,Right,61
<_io.BytesIO object at 0x000001E1C1425360>,0.5793055295944214,0.13131658732891083,0.08409140259027481,497515,55,4,False,Right,Back,Centre,Right,61
<_io.BytesIO object at 0x000001E1C8D90EF0>,0.5454546809196472,0.12203528732061386,0.10494683682918549,497515,55,4,False,Right,Back,Centre,Right,61
<_io.BytesIO object at 0x000001E1C8D904F0>,0.5562332272529602,0.07610714435577393,0.17876814305782318,497515,55,4,False,Right,Back,Centre,Right,61
<_io.BytesIO object at 0x000001E1C8D90450>,0.5382893085479736,0.08223006129264832,0.10877790302038193,497515,55,4,False,Right,Back,Centre,Right,61
<_io.BytesIO object at 0x000001E1C8D90BD0>,0.8854578137397766,0.04783409833908081,-0.0337713323533535,497515,55,4,False,Right,Back,Centre,Right,61
<_io.BytesIO object at 0x000001E1C8D90540>,0.9293138980865479,-0.023133670911192894,0.002847321331501007,497515,55,4,False,Right,Back,Centre,Right,61
<_io.BytesIO object at 0x000001E1C8D90A90>,0.8623833656311035,0.027920713648200035,0.050727419555187225,497515,55,4,False,Right,Back,Centre,Right,61
<_io.BytesIO object at 0x000001E1C8D903B0>,0.8407005667686462,0.039139993488788605,-0.038819652050733566,497515,55,4,False,Right,Back,Centre,Right,61
<_io.BytesIO object at 0x000001E1C8D901D0>,0.9074610471725464,0.012760456651449203,-0.05064874142408371,497515,55,4,False,Right,Back,Centre,Right,61
<_io.BytesIO object at 0x000001E1C6033400>,0.6025987863540649,0.15971863269805908,0.17299789190292358,497516,55,4,False,Right,Back,Centre,Right,61
<_io.BytesIO object at 0x000001E1C6033900>,0.5813001990318298,0.13156010210514069,0.09437988698482513,497516,55,4,False,Right,Back,Centre,Right,61
<_io.BytesIO object at 0x000001E1C60338B0>,0.5475042462348938,0.12138673663139343,0.11492347717285156,497516,55,4,False,Right,Back,Centre,Right,61
<_io.BytesIO object at 0x000001E1C6033180>,0.5673321485519409,0.0758749321103096,0.18304790556430817,497516,55,4,False,Right,Back,Centre,Right,61
<_io.BytesIO object at 0x000001E1C604EDB0>,0.5446904301643372,0.07906752824783325,0.11949046701192856,497516,55,4,False,Right,Back,Centre,Right,61
<_io.BytesIO object at 0x000001E1C604EB30>,0.885545015335083,0.04779166728258133,-0.03377960994839668,497516,55,4,False,Right,Back,Centre,Right,61
<_io.BytesIO object at 0x000001E1C604E040>,0.9292934536933899,-0.023163896054029465,0.0028623053804039955,497516,55,4,False,Right,Back,Centre,Right,61
<_io.BytesIO object at 0x000001E1C604EF40>,0.8625426292419434,0.02806447260081768,0.05064314231276512,497516,55,4,False,Right,Back,Centre,Right,61
<_io.BytesIO object at 0x000001E1C604E680>,0.8407779335975647,0.03912353515625,-0.03876150771975517,497516,55,4,False,Right,Back,Centre,Right,61
<_io.BytesIO object at 0x000001E1C604EA90>,0.9074840545654297,0.012697994709014893,-0.05069795995950699,497516,55,4,False,Right,Back,Centre,Right,61
<_io.BytesIO object at 0x000001E1C8F6F770>,0.6040260791778564,0.15901777148246765,0.18379655480384827,497517,55,4,False,Right,Back,Centre,Right,61
<_io.BytesIO object at 0x000001E1C6040E50>,0.5833836197853088,0.13190391659736633,0.10460314154624939,497517,55,4,False,Right,Back,Centre,Right,61
<_io.BytesIO object at 0x000001E1C6040360>,0.5496243238449097,0.12087496370077133,0.12482096254825592,497517,55,4,False,Right,Back,Centre,Right,61
<_io.BytesIO object at 0x000001E1C60409F0>,0.5723258852958679,0.07278922945261002,0.1931719332933426,497517,55,4,False,Right,Back,Centre,Right,61
<_io.BytesIO object at 0x000001E1C6040EF0>,0.5498753190040588,0.07639527320861816,0.12981054186820984,497517,55,4,False,Right,Back,Centre,Right,61
<_io.BytesIO object at 0x000001E1C6040BD0>,0.8856005072593689,0.04775133356451988,-0.03378942608833313,497517,55,4,False,Right,Back,Centre,Right,61
<_io.BytesIO object at 0x000001E1C8DA8F40>,0.9293599128723145,-0.02319406531751156,0.0028357626870274544,497517,55,4,False,Right,Back,Centre,Right,61
<_io.BytesIO object at 0x000001E1C8DA8130>,0.8626492619514465,0.028192387893795967,0.050605788826942444,497517,55,4,False,Right,Back,Centre,Right,61
<_io.BytesIO object at 0x000001E1C8DA88B0>,0.8408805727958679,0.0391516275703907,-0.03867065906524658,497517,55,4,False,Right,Back,Centre,Right,61
<_io.BytesIO object at 0x000001E1C8DA8A90>,0.9075031280517578,0.01264563761651516,-0.0507509708404541,497517,55,4,False,Right,Back,Centre,Right,61
<_io.BytesIO object at 0x000001E1C8DA8B80>,0.6053771376609802,0.15803463757038116,0.19457480311393738,497518,55,4,False,Right,Back,Centre,Right,61
<_io.BytesIO object at 0x000001E1C8DA8D60>,0.5852705836296082,0.13227593898773193,0.11483023315668106,497518,55,4,False,Right,Back,Centre,Right,61
<_io.BytesIO object at 0x000001E1C8DA8E00>,0.5517148375511169,0.12012461572885513,0.13474708795547485,497518,55,4,False,Right,Back,Centre,Right,61
<_io.BytesIO object at 0x000001E1C6040220>,0.5767481923103333,0.07014120370149612,0.20299634337425232,497518,55,4,False,Right,Back,Centre,Right,61
<_io.BytesIO object at 0x000001E1C60406D0>,0.5539973974227905,0.07461872696876526,0.13957355916500092,497518,55,4,False,Right,Back,Centre,Right,61
<_io.BytesIO object at 0x000001E1C60404A0>,0.8856728672981262,0.0477394200861454,-0.0337434820830822,497518,55,4,False,Right,Back,Centre,Right,61
<_io.BytesIO object at 0x000001E1C6040E50>,0.9293521046638489,-0.023228701204061508,0.0028334781527519226,497518,55,4,False,Right,Back,Centre,Right,61
<_io.BytesIO object at 0x000001E1C6040B30>,0.8627428412437439,0.02827891893684864,0.05055317282676697,497518,55,4,False,Right,Back,Centre,Right,61
<_io.BytesIO object at 0x000001E1C6040590>,0.8409208059310913,0.039141636341810226,-0.038650449365377426,497518,55,4,False,Right,Back,Centre,Right,61
<_io.BytesIO object at 0x000001E1C6040270>,0.907515823841095,0.012610754929482937,-0.050804268568754196,497518,55,4,False,Right,Back,Centre,Right,61
<_io.BytesIO object at 0x000001E1C604E0E0>,0.608584463596344,0.15580664575099945,0.21574145555496216,497520,55,4,False,Right,Back,Centre,Right,61
<_io.BytesIO object at 0x000001E1C604E3B0>,0.5890479683876038,0.13246507942676544,0.13469931483268738,497520,55,4,False,Right,Back,Centre,Right,61
<_io.BytesIO object at 0x000001E1C604E310>,0.555371105670929,0.11926689743995667,0.1540769636631012,497520,55,4,False,Right,Back,Centre,Right,61
<_io.BytesIO object at 0x000001E1C604E770>,0.5836951732635498,0.065497487783432,0.22186651825904846,497520,55,4,False,Right,Back,Centre,Right,61
<_io.BytesIO object at 0x000001E1C6033180>,0.5601950883865356,0.07230771332979202,0.15821488201618195,497520,55,4,False,Right,Back,Centre,Right,61
<_io.BytesIO object at 0x000001E1C6033C20>,0.8857467174530029,0.047711387276649475,-0.03370927646756172,497520,55,4,False,Right,Back,Centre,Right,61
<_io.BytesIO object at 0x000001E1C6033450>,0.9294390082359314,-0.02322535216808319,0.0028077801689505577,497520,55,4,False,Right,Back,Centre,Right,61
<_io.BytesIO object at 0x000001E1C6033680>,0.8628653883934021,0.02840982750058174,0.05049246922135353,497520,55,4,False,Right,Back,Centre,Right,61
<_io.BytesIO object at 0x000001E1C60334A0>,0.8409994840621948,0.0391106903553009,-0.03856551647186279,497520,55,4,False,Right,Back,Centre,Right,61
<_io.BytesIO object at 0x000001E1C60339F0>,0.9075379967689514,0.012587880715727806,-0.05088517814874649,497520,55,4,False,Right,Back,Centre,Right,61
<_io.BytesIO object at 0x000001E1C8D9D720>,0.610683023929596,0.15442147850990295,0.22597840428352356,497521,55,4,False,Right,Back,Centre,Right,61
<_io.BytesIO object at 0x000001E1C8D90400>,0.5900216102600098,0.1335294097661972,0.14328932762145996,497521,55,4,False,Right,Back,Centre,Right,61
<_io.BytesIO object at 0x000001E1C8D905E0>,0.5551641583442688,0.1211729496717453,0.16214309632778168,497521,55,4,False,Right,Back,Centre,Right,61
<_io.BytesIO object at 0x000001E1C8D90F90>,0.5862665176391602,0.06355877965688705,0.2310735136270523,497521,55,4,False,Right,Back,Centre,Right,61
<_io.BytesIO object at 0x000001E1C8D90EF0>,0.5622491240501404,0.07187667489051819,0.1671309471130371,497521,55,4,False,Right,Back,Centre,Right,61
<_io.BytesIO object at 0x000001E1C1425810>,0.885761559009552,0.04769890010356903,-0.03369312733411789,497521,55,4,False,Right,Back,Centre,Right,61
<_io.BytesIO object at 0x000001E1C1425180>,0.9294780492782593,-0.02323208749294281,0.0027670785784721375,497521,55,4,False,Right,Back,Centre,Right,61
<_io.BytesIO object at 0x000001E1C1425770>,0.862911581993103,0.028436150401830673,0.05046636238694191,497521,55,4,False,Right,Back,Centre,Right,61
<_io.BytesIO object at 0x000001E1C8DEE2C0>,0.8410178422927856,0.03909892216324806,-0.03851392865180969,497521,55,4,False,Right,Back,Centre,Right,61
<_io.BytesIO object at 0x000001E1C8DEED10>,0.9075360894203186,0.012583848088979721,-0.050931885838508606,497521,55,4,False,Right,Back,Centre,Right,61
<_io.BytesIO object at 0x000001E1C8E17040>,0.6126754879951477,0.15298107266426086,0.23591555655002594,497522,55,4,False,Right,Back,Centre,Right,61
<_io.BytesIO object at 0x000001E1C8E17310>,0.590595543384552,0.13430926203727722,0.15232959389686584,497522,55,4,False,Right,Back,Centre,Right,61
<_io.BytesIO object at 0x000001E1C8DB3590>,0.5556924939155579,0.12161082029342651,0.1705133467912674,497522,55,4,False,Right,Back,Centre,Right,61
<_io.BytesIO object at 0x000001E1C8DB3310>,0.5881320834159851,0.06190909817814827,0.23983435332775116,497522,55,4,False,Right,Back,Centre,Right,61
<_io.BytesIO object at 0x000001E1C8DB3450>,0.5634295344352722,0.0721096321940422,0.17548339068889618,497522,55,4,False,Right,Back,Centre,Right,61
<_io.BytesIO object at 0x000001E1C8DB3860>,0.8857874870300293,0.047692131251096725,-0.033661019057035446,497522,55,4,False,Right,Back,Centre,Right,61
<_io.BytesIO object at 0x000001E1C8DB3EA0>,0.9294847846031189,-0.02324143424630165,0.0027523301541805267,497522,55,4,False,Right,Back,Centre,Right,61
<_io.BytesIO object at 0x000001E1C8DB34F0>,0.8629515171051025,0.028475800529122353,0.05044484883546829,497522,55,4,False,Right,Back,Centre,Right,61
<_io.BytesIO object at 0x000001E1C8DB7C70>,0.8410276174545288,0.03908446058630943,-0.038478996604681015,497522,55,4,False,Right,Back,Centre,Right,61
<_io.BytesIO object at 0x000001E1C8DB7900>,0.9075238108634949,0.012581070885062218,-0.05096742883324623,497522,55,4,False,Right,Back,Centre,Right,61
<_io.BytesIO object at 0x000001E1C60508B0>,0.6144865155220032,0.1516323834657669,0.24557822942733765,497523,55,4,False,Right,Back,Centre,Right,61
<_io.BytesIO object at 0x000001E1C6050180>,0.5915980935096741,0.13492760062217712,0.16094309091567993,497523,55,4,False,Right,Back,Centre,Right,61
<_io.BytesIO object at 0x000001E1C60467C0>,0.5574687123298645,0.12140186876058578,0.17927031219005585,497523,55,4,False,Right,Back,Centre,Right,61
<_io.BytesIO object at 0x000001E1C60460E0>,0.5896334648132324,0.06045370548963547,0.24806134402751923,497523,55,4,False,Right,Back,Centre,Right,61
<_io.BytesIO object at 0x000001E1C6046630>,0.5641034841537476,0.07269268482923508,0.18335147202014923,497523,55,4,False,Right,Back,Centre,Right,61
<_io.BytesIO object at 0x000001E1C6046400>,0.8858153820037842,0.0476841926574707,-0.03365480527281761,497523,55,4,False,Right,Back,Centre,Right,61
<_io.BytesIO object at 0x000001E1C6046950>,0.9295743107795715,-0.0232287235558033,0.002711411565542221,497523,55,4,False,Right,Back,Centre,Right,61
<_io.BytesIO object at 0x000001E1C6046B30>,0.8629881739616394,0.02853020280599594,0.050431881099939346,497523,55,4,False,Right,Back,Centre,Right,61
<_io.BytesIO object at 0x000001E1C6046D10>,0.8410518169403076,0.039061762392520905,-0.03844112902879715,497523,55,4,False,Right,Back,Centre,Right,61
<_io.BytesIO object at 0x000001E1C6046EF0>,0.9075310826301575,0.01256980188190937,-0.05102299526333809,497523,55,4,False,Right,Back,Centre,Right,61
<_io.BytesIO object at 0x000001E1C60467C0>,0.616176962852478,0.15027740597724915,0.25481122732162476,497524,55,4,False,Right,Back,Centre,Right,61
<_io.BytesIO object at 0x000001E1C6050450>,0.595613956451416,0.13359490036964417,0.17076563835144043,497524,55,4,False,Right,Back,Centre,Right,61
<_io.BytesIO object at 0x000001E1C60506D0>,0.560072124004364,0.12056756764650345,0.18812699615955353,497524,55,4,False,Right,Back,Centre,Right,61
<_io.BytesIO object at 0x000001E1C6050C70>,0.5909777283668518,0.05932023748755455,0.2559157907962799,497524,55,4,False,Right,Back,Centre,Right,61
<_io.BytesIO object at 0x000001E1C6050E50>,0.5646377801895142,0.07337123900651932,0.19063599407672882,497524,55,4,False,Right,Back,Centre,Right,61
<_io.BytesIO object at 0x000001E1C60502C0>,0.8858428597450256,0.04766547679901123,-0.033639777451753616,497524,55,4,False,Right,Back,Centre,Right,61
<_io.BytesIO object at 0x000001E1C8DB7590>,0.9294275641441345,-0.023305220529437065,0.0026987921446561813,497524,55,4,False,Right,Back,Centre,Right,61
<_io.BytesIO object at 0x000001E1C8DB7E50>,0.8629806637763977,0.02847576141357422,0.05028297007083893,497524,55,4,False,Right,Back,Centre,Right,61
<_io.BytesIO object at 0x000001E1C8DB7A40>,0.841067373752594,0.039010655134916306,-0.038390059024095535,497524,55,4,False,Right,Back,Centre,Right,61
<_io.BytesIO object at 0x000001E1C8DB75E0>,0.9075316190719604,0.012550611980259418,-0.05106725916266441,497524,55,4,False,Right,Back,Centre,Right,61
<_io.BytesIO object at 0x000001E1C8DB3590>,0.6175768375396729,0.14894503355026245,0.263753741979599,497525,55,4,False,Right,Back,Centre,Right,61
<_io.BytesIO object at 0x000001E1C8E176D0>,0.5984973907470703,0.13226275146007538,0.17992672324180603,497525,55,4,False,Right,Back,Centre,Right,61
<_io.BytesIO object at 0x000001E1C8E171D0>,0.5629425048828125,0.11920908093452454,0.19696344435214996,497525,55,4,False,Right,Back,Centre,Right,61
<_io.BytesIO object at 0x000001E1C8E17400>,0.5921868085861206,0.058385852724313736,0.263078898191452,497525,55,4,False,Right,Back,Centre,Right,61
<_io.BytesIO object at 0x000001E1C8E17BD0>,0.5651403665542603,0.07392445206642151,0.19760245084762573,497525,55,4,False,Right,Back,Centre,Right,61
<_io.BytesIO object at 0x000001E1C8E17F40>,0.8858763575553894,0.047640398144721985,-0.033622875809669495,497525,55,4,False,Right,Back,Centre,Right,61
<_io.BytesIO object at 0x000001E1C8E17860>,0.9294761419296265,-0.023303795605897903,0.0026831328868865967,497525,55,4,False,Right,Back,Centre,Right,61
<_io.BytesIO object at 0x000001E1C8DEEC20>,0.8630562424659729,0.028562266379594803,0.05024206265807152,497525,55,4,False,Right,Back,Centre,Right,61
<_io.BytesIO object at 0x000001E1C8DEE310>,0.8411015868186951,0.03894762694835663,-0.03834972530603409,497525,55,4,False,Right,Back,Centre,Right,61
<_io.BytesIO object at 0x000001E1C8DEEB30>,0.9075310826301575,0.012512660585343838,-0.05112867057323456,497525,55,4,False,Right,Back,Centre,Right,61
<_io.BytesIO object at 0x000001E1C8D9D950>,0.6185752153396606,0.1479431688785553,0.2721446454524994,497526,55,4,False,Right,Back,Centre,Right,61
<_io.BytesIO object at 0x000001E1C8D9DBD0>,0.6008281111717224,0.1316005289554596,0.1885097473859787,497526,55,4,False,Right,Back,Centre,Right,61
<_io.BytesIO object at 0x000001E1C8D9D5E0>,0.5655874609947205,0.11782122403383255,0.20540371537208557,497526,55,4,False,Right,Back,Centre,Right,61
<_io.BytesIO object at 0x000001E1C8D9D8B0>,0.5928875207901001,0.05814128741621971,0.2694740295410156,497526,55,4,False,Right,Back,Centre,Right,61
<_io.BytesIO object at 0x000001E1C6033C70>,0.5656255483627319,0.07454891502857208,0.20413337647914886,497526,55,4,False,Right,Back,Centre,Right,61
<_io.BytesIO object at 0x000001E1C6033360>,0.8859362006187439,0.047635555267333984,-0.03357803821563721,497526,55,4,False,Right,Back,Centre,Right,61
<_io.BytesIO object at 0x000001E1C6033CC0>,0.9296525120735168,-0.02328505367040634,0.002644632011651993,497526,55,4,False,Right,Back,Centre,Right,61
<_io.BytesIO object at 0x000001E1C6033310>,0.8631367087364197,0.028683822602033615,0.0502064973115921,497526,55,4,False,Right,Back,Centre,Right,61
<_io.BytesIO object at 0x000001E1C6033A40>,0.8411091566085815,0.03889584541320801,-0.038333792239427567,497526,55,4,False,Right,Back,Centre,Right,61
<_io.BytesIO object at 0x000001E1C6033900>,0.9075978398323059,0.012418425641953945,-0.05122072994709015,497526,55,4,False,Right,Back,Centre,Right,61
<_io.BytesIO object at 0x000001E1C604E590>,0.6194043755531311,0.14692740142345428,0.2801510989665985,497527,55,4,False,Right,Back,Centre,Right,61
<_io.BytesIO object at 0x000001E1C8D90180>,0.6025252342224121,0.13134828209877014,0.19654418528079987,497527,55,4,False,Right,Back,Centre,Right,61
<_io.BytesIO object at 0x000001E1C8D90090>,0.5678118467330933,0.11653487384319305,0.2133251428604126,497527,55,4,False,Right,Back,Centre,Right,61
<_io.BytesIO object at 0x000001E1C8D90220>,0.5930781960487366,0.05788672715425491,0.275317519903183,497527,55,4,False,Right,Back,Centre,Right,61
<_io.BytesIO object at 0x000001E1C8D90270>,0.5662018060684204,0.07490475475788116,0.21023747324943542,497527,55,4,False,Right,Back,Centre,Right,61
<_io.BytesIO object at 0x000001E1C8F6F400>,0.8860199451446533,0.047558657824993134,-0.033673401921987534,497527,55,4,False,Right,Back,Centre,Right,61
<_io.BytesIO object at 0x000001E1C8F6F090>,0.9296283721923828,-0.023353882133960724,0.0026072124019265175,497527,55,4,False,Right,Back,Centre,Right,61
<_io.BytesIO object at 0x000001E1C8F6F630>,0.8632277846336365,0.028796924278140068,0.05017402768135071,497527,55,4,False,Right,Back,Centre,Right,61
<_io.BytesIO object at 0x000001E1C8F6F180>,0.8411554098129272,0.0388728603720665,-0.03826981782913208,497527,55,4,False,Right,Back,Centre,Right,61
<_io.BytesIO object at 0x000001E1C8F6FA40>,0.9075231552124023,0.012345543131232262,-0.05129160359501839,497527,55,4,False,Right,Back,Centre,Right,61
<_io.BytesIO object at 0x000001E1C6040EF0>,0.6198025345802307,0.14612339437007904,0.2877223491668701,497528,55,4,False,Right,Back,Centre,Right,61
<_io.BytesIO object at 0x000001E1C8DA8360>,0.6036087870597839,0.1314755082130432,0.20396171510219574,497528,55,4,False,Right,Back,Centre,Right,61
<_io.BytesIO object at 0x000001E1C8DA88B0>,0.5695633888244629,0.11551832407712936,0.2205667793750763,497528,55,4,False,Right,Back,Centre,Right,61
<_io.BytesIO object at 0x000001E1C8DA8770>,0.5839699506759644,0.05634034052491188,0.2839531898498535,497528,55,4,False,Right,Back,Centre,Right,61
<_io.BytesIO object at 0x000001E1C8DA82C0>,0.56722092628479,0.07496946305036545,0.2159687578678131,497528,55,4,False,Right,Back,Centre,Right,61
<_io.BytesIO object at 0x000001E1C8DA8E50>,0.8860724568367004,0.04754124581813812,-0.033650148659944534,497528,55,4,False,Right,Back,Centre,Right,61
<_io.BytesIO object at 0x000001E1C8DA8630>,0.9297500252723694,-0.023316025733947754,0.0026134317740797997,497528,55,4,False,Right,Back,Centre,Right,61
<_io.BytesIO object at 0x000001E1C605F4A0>,0.8633093237876892,0.028917470946907997,0.050144605338573456,497528,55,4,False,Right,Back,Centre,Right,61
<_io.BytesIO object at 0x000001E1C605F4F0>,0.841172456741333,0.0388312041759491,-0.038224175572395325,497528,55,4,False,Right,Back,Centre,Right,61
<_io.BytesIO object at 0x000001E1C605F360>,0.9075853824615479,0.012291484512388706,-0.051339637488126755,497528,55,4,False,Right,Back,Centre,Right,61
<_io.BytesIO object at 0x000001E1C8DA8400>,0.6201211214065552,0.14511942863464355,0.2950204908847809,497529,55,4,False,Right,Back,Centre,Right,61
<_io.BytesIO object at 0x000001E1C6040E00>,0.6048061847686768,0.13147470355033875,0.21099762618541718,497529,55,4,False,Right,Back,Centre,Right,61
<_io.BytesIO object at 0x000001E1C6040DB0>,0.5707171559333801,0.11489713191986084,0.22712329030036926,497529,55,4,False,Right,Back,Centre,Right,61
<_io.BytesIO object at 0x000001E1C60409A0>,0.5834067463874817,0.055317915976047516,0.28983229398727417,497529,55,4,False,Right,Back,Centre,Right,61
<_io.BytesIO object at 0x000001E1C6040F40>,0.5682769417762756,0.07503793388605118,0.2215004861354828,497529,55,4,False,Right,Back,Centre,Right,61
<_io.BytesIO object at 0x000001E1C8F6FC20>,0.8861169815063477,0.047518663108348846,-0.03359881415963173,497529,55,4,False,Right,Back,Centre,Right,61
<_io.BytesIO object at 0x000001E1C8F6F2C0>,0.9298164248466492,-0.023320704698562622,0.0026068463921546936,497529,55,4,False,Right,Back,Centre,Right,61
<_io.BytesIO object at 0x000001E1C8F6F720>,0.8633906245231628,0.0290029589086771,0.050145816057920456,497529,55,4,False,Right,Back,Centre,Right,61
<_io.BytesIO object at 0x000001E1C8F6FAE0>,0.8412032127380371,0.03881749138236046,-0.038141559809446335,497529,55,4,False,Right,Back,Centre,Right,61
<_io.BytesIO object at 0x000001E1C8F6FCC0>,0.9075931906700134,0.012261015363037586,-0.05137312412261963,497529,55,4,False,Right,Back,Centre,Right,61
<_io.BytesIO object at 0x000001E1C8D90450>,0.620279848575592,0.144493967294693,0.3016074001789093,497530,55,4,False,Right,Back,Centre,Right,61
<_io.BytesIO object at 0x000001E1C604E6D0>,0.6059510707855225,0.13142040371894836,0.21768637001514435,497530,55,4,False,Right,Back,Centre,Right,61
<_io.BytesIO object at 0x000001E1C604E810>,0.5712975263595581,0.11461608856916428,0.2329605668783188,497530,55,4,False,Right,Back,Centre,Right,61
<_io.BytesIO object at 0x000001E1C604E9A0>,0.5837137699127197,0.05456230416893959,0.2949115037918091,497530,55,4,False,Right,Back,Centre,Right,61
<_io.BytesIO object at 0x000001E1C604EB30>,0.5693759322166443,0.0750715509057045,0.22649960219860077,497530,55,4,False,Right,Back,Centre,Right,61
<_io.BytesIO object at 0x000001E1C604E310>,0.8861994743347168,0.04744043946266174,-0.03355490788817406,497530,55,4,False,Right,Back,Centre,Right,61
<_io.BytesIO object at 0x000001E1C6033720>,0.9298669695854187,-0.023340526968240738,0.0026290854439139366,497530,55,4,False,Right,Back,Centre,Right,61
<_io.BytesIO object at 0x000001E1C6033F40>,0.8634669184684753,0.029073283076286316,0.05015050992369652,497530,55,4,False,Right,Back,Centre,Right,61
<_io.BytesIO object at 0x000001E1C60338B0>,0.8412083387374878,0.038792457431554794,-0.03806538134813309,497530,55,4,False,Right,Back,Centre,Right,61
<_io.BytesIO object at 0x000001E1C6033E00>,0.9076119065284729,0.01223923172801733,-0.05139102414250374,497530,55,4,False,Right,Back,Centre,Right,61
<_io.BytesIO object at 0x000001E1C8D9DB80>,0.6202431321144104,0.14384725689888,0.3079204857349396,497531,55,4,False,Right,Back,Centre,Right,61
<_io.BytesIO object at 0x000001E1C136FB80>,0.6070297360420227,0.1314304918050766,0.2239106297492981,497531,55,4,False,Right,Back,Centre,Right,61
<_io.BytesIO object at 0x000001E1C1425130>,0.5714748501777649,0.11463070660829544,0.2381371110677719,497531,55,4,False,Right,Back,Centre,Right,61
<_io.BytesIO object at 0x000001E1C8DEE270>,0.5837072730064392,0.05384717136621475,0.29954993724823,497531,55,4,False,Right,Back,Centre,Right,61
<_io.BytesIO object at 0x000001E1C8DEE9A0>,0.570458173751831,0.07510998845100403,0.23110033571720123,497531,55,4,False,Right,Back,Centre,Right,61
<_io.BytesIO object at 0x000001E1C8DEEF90>,0.886217474937439,0.04742128401994705,-0.03351634368300438,497531,55,4,False,Right,Back,Centre,Right,61
<_io.BytesIO object at 0x000001E1C8DEE630>,0.9298995733261108,-0.02332412265241146,0.0026558227837085724,497531,55,4,False,Right,Back,Centre,Right,61
<_io.BytesIO object at 0x000001E1C8DEE950>,0.8635123372077942,0.02910817414522171,0.05016818642616272,497531,55,4,False,Right,Back,Centre,Right,61
<_io.BytesIO object at 0x000001E1C8DEE040>,0.8412231802940369,0.03877369686961174,-0.03799682855606079,497531,55,4,False,Right,Back,Centre,Right,61
<_io.BytesIO object at 0x000001E1C8DEE720>,0.9076159596443176,0.012246469035744667,-0.051378797739744186,497531,55,4,False,Right,Back,Centre,Right,61
<_io.BytesIO object at 0x000001E1C8DB3950>,0.6203815937042236,0.1432468295097351,0.31383994221687317,497532,55,4,False,Right,Back,Centre,Right,61
<_io.BytesIO object at 0x000001E1C8DB34A0>,0.6080029606819153,0.1316063404083252,0.22981882095336914,497532,55,4,False,Right,Back,Centre,Right,61
<_io.BytesIO object at 0x000001E1C8DB3900>,0.571555495262146,0.1150040253996849,0.24280205368995667,497532,55,4,False,Right,Back,Centre,Right,61
<_io.BytesIO object at 0x000001E1C8DB7220>,0.5837111473083496,0.05324063450098038,0.3038555681705475,497532,55,4,False,Right,Back,Centre,Right,61
<_io.BytesIO object at 0x000001E1C8DB7400>,0.57143634557724,0.07518887519836426,0.23546060919761658,497532,55,4,False,Right,Back,Centre,Right,61
<_io.BytesIO object at 0x000001E1C8DB72C0>,0.8861798644065857,0.04745097830891609,-0.03334607928991318,497532,55,4,False,Right,Back,Centre,Right,61
<_io.BytesIO object at 0x000001E1C8DB77C0>,0.9301420450210571,-0.02319583296775818,0.0027096495032310486,497532,55,4,False,Right,Back,Centre,Right,61
<_io.BytesIO object at 0x000001E1C8DB7D60>,0.8635839223861694,0.029210513457655907,0.05032309889793396,497532,55,4,False,Right,Back,Centre,Right,61
<_io.BytesIO object at 0x000001E1C8DB7DB0>,0.8412125706672668,0.03867529705166817,-0.037928562611341476,497532,55,4,False,Right,Back,Centre,Right,61
<_io.BytesIO object at 0x000001E1C8DB7CC0>,0.9076116681098938,0.012253105640411377,-0.051349759101867676,497532,55,4,False,Right,Back,Centre,Right,61
<_io.BytesIO object at 0x000001E1C6050900>,0.6204430460929871,0.14249329268932343,0.3192293643951416,497533,55,4,False,Right,Back,Centre,Right,61
<_io.BytesIO object at 0x000001E1C6046040>,0.6088860630989075,0.13175874948501587,0.2350926250219345,497533,55,4,False,Right,Back,Centre,Right,61
<_io.BytesIO object at 0x000001E1C6046900>,0.5715503692626953,0.11544065177440643,0.2471131682395935,497533,55,4,False,Right,Back,Centre,Right,61
<_io.BytesIO object at 0x000001E1C6046C70>,0.5836575627326965,0.052671629935503006,0.30777716636657715,497533,55,4,False,Right,Back,Centre,Right,61
<_io.BytesIO object at 0x000001E1C6046E50>,0.5723485350608826,0.07534120231866837,0.23951855301856995,497533,55,4,False,Right,Back,Centre,Right,61
<_io.BytesIO object at 0x000001E1C605F0E0>,0.8861713409423828,0.0474577322602272,-0.03325279802083969,497533,55,4,False,Right,Back,Centre,Right,61
<_io.BytesIO object at 0x000001E1C605F9F0>,0.9302106499671936,-0.023168273270130157,0.002728060819208622,497533,55,4,False,Right,Back,Centre,Right,61
<_io.BytesIO object at 0x000001E1C605F220>,0.8635939359664917,0.02920355275273323,0.05036940798163414,497533,55,4,False,Right,Back,Centre,Right,61
<_io.BytesIO object at 0x000001E1C605F3B0>,0.8412061929702759,0.03865289315581322,-0.037851057946681976,497533,55,4,False,Right,Back,Centre,Right,61
<_io.BytesIO object at 0x000001E1C605F680>,0.907629132270813,0.012271713465452194,-0.0513283833861351,497533,55,4,False,Right,Back,Centre,Right,61
<_io.BytesIO object at 0x000001E1C6050310>,0.62014240026474,0.14197511970996857,0.32408151030540466,497534,55,4,False,Right,Back,Centre,Right,61
<_io.BytesIO object at 0x000001E1C6050E50>,0.6095580458641052,0.13195762038230896,0.24008409678936005,497534,55,4,False,Right,Back,Centre,Right,61
<_io.BytesIO object at 0x000001E1C8DB7950>,0.5714807510375977,0.11571550369262695,0.25116315484046936,497534,55,4,False,Right,Back,Centre,Right,61
<_io.BytesIO object at 0x000001E1C8DB73B0>,0.5834871530532837,0.052221883088350296,0.31151413917541504,497534,55,4,False,Right,Back,Centre,Right,61
<_io.BytesIO object at 0x000001E1C8DB7810>,0.5730990767478943,0.07551158964633942,0.24332329630851746,497534,55,4,False,Right,Back,Centre,Right,61
<_io.BytesIO object at 0x000001E1C8DB7270>,0.886177122592926,0.047431375831365585,-0.03318503499031067,497534,55,4,False,Right,Back,Centre,Right,61
<_io.BytesIO object at 0x000001E1C8DB75E0>,0.9302618503570557,-0.023133305832743645,0.0027923379093408585,497534,55,4,False,Right,Back,Centre,Right,61
<_io.BytesIO object at 0x000001E1C8DB7C20>,0.8635929226875305,0.02919100783765316,0.05040498450398445,497534,55,4,False,Right,Back,Centre,Right,61
<_io.BytesIO object at 0x000001E1C8DB72C0>,0.8412354588508606,0.03857049718499184,-0.03779301792383194,497534,55,4,False,Right,Back,Centre,Right,61
<_io.BytesIO object at 0x000001E1C8DB7310>,0.9076350927352905,0.012298044748604298,-0.05128287523984909,497534,55,4,False,Right,Back,Centre,Right,61
<_io.BytesIO object at 0x000001E1C8E170E0>,0.619478702545166,0.14164884388446808,0.32858237624168396,497535,55,4,False,Right,Back,Centre,Right,61
<_io.BytesIO object at 0x000001E1C8E179A0>,0.6100280284881592,0.13217951357364655,0.2447648048400879,497535,55,4,False,Right,Back,Centre,Right,61
<_io.BytesIO object at 0x000001E1C8E17900>,0.5714812278747559,0.11581915616989136,0.25493207573890686,497535,55,4,False,Right,Back,Centre,Right,61
<_io.BytesIO object at 0x000001E1C8DEE810>,0.5832241177558899,0.05180010944604874,0.31493425369262695,497535,55,4,False,Right,Back,Centre,Right,61
<_io.BytesIO object at 0x000001E1C8DEEA90>,0.5737543702125549,0.07564587891101837,0.24673408269882202,497535,55,4,False,Right,Back,Centre,Right,61
<_io.BytesIO object at 0x000001E1C8DEEE00>,0.8861566185951233,0.04743361845612526,-0.033109501004219055,497535,55,4,False,Right,Back,Centre,Right,61
<_io.BytesIO object at 0x000001E1C8DEE220>,0.9302601218223572,-0.023129431530833244,0.00283901859074831,497535,55,4,False,Right,Back,Centre,Right,61
<_io.BytesIO object at 0x000001E1C8DEE1D0>,0.8635715246200562,0.02916308119893074,0.05042841657996178,497535,55,4,False,Right,Back,Centre,Right,61
<_io.BytesIO object at 0x000001E1C8DEEF90>,0.8412429690361023,0.03854735940694809,-0.03774188831448555,497535,55,4,False,Right,Back,Centre,Right,61
<_io.BytesIO object at 0x000001E1C8DEEB80>,0.9076442122459412,0.012306706048548222,-0.051238253712654114,497535,55,4,False,Right,Back,Centre,Right,61
<_io.BytesIO object at 0x000001E1C6033F40>,0.6185353398323059,0.14141607284545898,0.33268970251083374,497536,55,4,False,Right,Back,Centre,Right,61
<_io.BytesIO object at 0x000001E1C604EF90>,0.6102632284164429,0.1323430836200714,0.24911713600158691,497536,55,4,False,Right,Back,Centre,Right,61
<_io.BytesIO object at 0x000001E1C604EAE0>,0.5714635252952576,0.11576106399297714,0.258619099855423,497536,55,4,False,Right,Back,Centre,Right,61
<_io.BytesIO object at 0x000001E1C604E810>,0.5830005407333374,0.05130334571003914,0.31803810596466064,497536,55,4,False,Right,Back,Centre,Right,61
<_io.BytesIO object at 0x000001E1C604E220>,0.5743528604507446,0.07573223859071732,0.24975641071796417,497536,55,4,False,Right,Back,Centre,Right,61
<_io.BytesIO object at 0x000001E1C604ED10>,0.8861775398254395,0.04740004241466522,-0.03305399417877197,497536,55,4,False,Right,Back,Centre,Right,61
<_io.BytesIO object at 0x000001E1C604E720>,0.93028724193573,-0.02314603328704834,0.0028677238151431084,497536,55,4,False,Right,Back,Centre,Right,61
<_io.BytesIO object at 0x000001E1C8D905E0>,0.8635767698287964,0.02916342206299305,0.050463803112506866,497536,55,4,False,Right,Back,Centre,Right,61
<_io.BytesIO object at 0x000001E1C8D90A40>,0.8412381410598755,0.038515038788318634,-0.03768356516957283,497536,55,4,False,Right,Back,Centre,Right,61
<_io.BytesIO object at 0x000001E1C8D90860>,0.9076445698738098,0.012288842350244522,-0.0512198731303215,497536,55,4,False,Right,Back,Centre,Right,61
<_io.BytesIO object at 0x000001E1C8D9D630>,0.6174789071083069,0.14141210913658142,0.3367454409599304,497537,55,4,False,Right,Back,Centre,Right,61
<_io.BytesIO object at 0x000001E1C8D9DF40>,0.6074961423873901,0.1347348541021347,0.251729816198349,497537,55,4,False,Right,Back,Centre,Right,61
<_io.BytesIO object at 0x000001E1C8F6FA40>,0.5714375376701355,0.1154586523771286,0.2620309889316559,497537,55,4,False,Right,Back,Centre,Right,61
<_io.BytesIO object at 0x000001E1C8F6FE50>,0.5870578289031982,0.050109393894672394,0.31939905881881714,497537,55,4,False,Right,Back,Centre,Right,61
<_io.BytesIO object at 0x000001E1C8F6FDB0>,0.5750407576560974,0.07589437812566757,0.25242364406585693,497537,55,4,False,Right,Back,Centre,Right,61
<_io.BytesIO object at 0x000001E1C8F6F0E0>,0.8862027525901794,0.04738276079297066,-0.0329849012196064,497537,55,4,False,Right,Back,Centre,Right,61
<_io.BytesIO object at 0x000001E1C8F6FC70>,0.9303088784217834,-0.023156989365816116,0.00291286688297987,497537,55,4,False,Right,Back,Centre,Right,61
<_io.BytesIO object at 0x000001E1C8F6F2C0>,0.8635801076889038,0.02916416898369789,0.05049098655581474,497537,55,4,False,Right,Back,Centre,Right,61
<_io.BytesIO object at 0x000001E1C8F6F590>,0.8412510752677917,0.03849941864609718,-0.037614744156599045,497537,55,4,False,Right,Back,Centre,Right,61
<_io.BytesIO object at 0x000001E1C60404A0>,0.9076704382896423,0.012278012000024319,-0.05118609592318535,497537,55,4,False,Right,Back,Centre,Right,61
<_io.BytesIO object at 0x000001E1C8DA82C0>,0.616155207157135,0.14151477813720703,0.34017497301101685,497538,55,4,False,Right,Back,Centre,Right,61
<_io.BytesIO object at 0x000001E1C8DA8D10>,0.6068413257598877,0.13526755571365356,0.2553867697715759,497538,55,4,False,Right,Back,Centre,Right,61
<_io.BytesIO object at 0x000001E1C6040090>,0.5711593627929688,0.1151641309261322,0.2651408016681671,497538,55,4,False,Right,Back,Centre,Right,61
<_io.BytesIO object at 0x000001E1C6040680>,0.5875701308250427,0.04965737462043762,0.32193243503570557,497538,55,4,False,Right,Back,Centre,Right,61
<_io.BytesIO object at 0x000001E1C6040810>,0.5754890441894531,0.07593517750501633,0.2550368905067444,497538,55,4,False,Right,Back,Centre,Right,61
<_io.BytesIO object at 0x000001E1C6040770>,0.8862737417221069,0.04728475585579872,-0.0329330675303936,497538,55,4,False,Right,Back,Centre,Right,61
<_io.BytesIO object at 0x000001E1C60401D0>,0.9303462505340576,-0.02322550304234028,0.0029297200962901115,497538,55,4,False,Right,Back,Centre,Right,61
<_io.BytesIO object at 0x000001E1C6040950>,0.8636003732681274,0.029174163937568665,0.050511185079813004,497538,55,4,False,Right,Back,Centre,Right,61
<_io.BytesIO object at 0x000001E1C6040270>,0.841303825378418,0.03848927095532417,-0.037513524293899536,497538,55,4,False,Right,Back,Centre,Right,61
<_io.BytesIO object at 0x000001E1C60408B0>,0.9076944589614868,0.012243136763572693,-0.05118527263402939,497538,55,4,False,Right,Back,Centre,Right,61
<_io.BytesIO object at 0x000001E1C8D9DAE0>,0.6152303814888,0.14115172624588013,0.34367772936820984,497539,55,4,False,Right,Back,Centre,Right,61
<_io.BytesIO object at 0x000001E1C8D9D270>,0.6059028506278992,0.135900616645813,0.2585160732269287,497539,55,4,False,Right,Back,Centre,Right,61
<_io.BytesIO object at 0x000001E1C8D90090>,0.5748636722564697,0.11154183745384216,0.2706492245197296,497539,55,4,False,Right,Back,Centre,Right,61
<_io.BytesIO object at 0x000001E1C8D90310>,0.5910153985023499,0.048176538199186325,0.3244105577468872,497539,55,4,False,Right,Back,Centre,Right,61
<_io.BytesIO object at 0x000001E1C8D90220>,0.575992226600647,0.075960174202919,0.257370263338089,497539,55,4,False,Right,Back,Centre,Right,61
<_io.BytesIO object at 0x000001E1C8D90D10>,0.8863007426261902,0.047244567424058914,-0.032872430980205536,497539,55,4,False,Right,Back,Centre,Right,61
<_io.BytesIO object at 0x000001E1C8D90770>,0.9304189682006836,-0.023243989795446396,0.002950463443994522,497539,55,4,False,Right,Back,Centre,Right,61
<_io.BytesIO object at 0x000001E1C8D900E0>,0.8637012839317322,0.029207773506641388,0.0505763441324234,497539,55,4,False,Right,Back,Centre,Right,61
<_io.BytesIO object at 0x000001E1C8D90C70>,0.841336190700531,0.038468241691589355,-0.037455275654792786,497539,55,4,False,Right,Back,Centre,Right,61
<_io.BytesIO object at 0x000001E1C8D905E0>,0.9077045917510986,0.012200192548334599,-0.05116948485374451,497539,55,4,False,Right,Back,Centre,Right,61
<_io.BytesIO object at 0x000001E1C6033450>,0.6138209700584412,0.14122770726680756,0.34630265831947327,497540,55,4,False,Right,Back,Centre,Right,61
<_io.BytesIO object at 0x000001E1C6033680>,0.6047332882881165,0.13656176626682281,0.26139169931411743,497540,55,4,False,Right,Back,Centre,Right,61
<_io.BytesIO object at 0x000001E1C6033540>,0.5735487937927246,0.11190604418516159,0.27277299761772156,497540,55,4,False,Right,Back,Centre,Right,61
<_io.BytesIO object at 0x000001E1C6033400>,0.5921942591667175,0.04793458431959152,0.3264038562774658,497540,55,4,False,Right,Back,Centre,Right,61
<_io.BytesIO object at 0x000001E1C14256D0>,0.5768129229545593,0.07555350661277771,0.25988149642944336,497540,55,4,False,Right,Back,Centre,Right,61
<_io.BytesIO object at 0x000001E1C1425270>,0.8863345384597778,0.04721502959728241,-0.03281867876648903,497540,55,4,False,Right,Back,Centre,Right,61
<_io.BytesIO object at 0x000001E1C136FB80>,0.9304797053337097,-0.023245621472597122,0.0029826629906892776,497540,55,4,False,Right,Back,Centre,Right,61
<_io.BytesIO object at 0x000001E1C8DEE680>,0.8637330532073975,0.029234986752271652,0.05061686038970947,497540,55,4,False,Right,Back,Centre,Right,61
<_io.BytesIO object at 0x000001E1C8DEEB80>,0.8413646817207336,0.03844963759183884,-0.037380851805210114,497540,55,4,False,Right,Back,Centre,Right,61
<_io.BytesIO object at 0x000001E1C8DEEBD0>,0.9077305197715759,0.012184600345790386,-0.05114898085594177,497540,55,4,False,Right,Back,Centre,Right,61
<_io.BytesIO object at 0x000001E1C8E17D60>,0.6123993992805481,0.1413905918598175,0.34874606132507324,497541,55,4,False,Right,Back,Centre,Right,61
<_io.BytesIO object at 0x000001E1C8DB3E50>,0.6033774018287659,0.13722814619541168,0.26410818099975586,497541,55,4,False,Right,Back,Centre,Right,61
<_io.BytesIO object at 0x000001E1C8DB3310>,0.5726909637451172,0.11177662760019302,0.27517181634902954,497541,55,4,False,Right,Back,Centre,Right,61
<_io.BytesIO object at 0x000001E1C8DB3AE0>,0.5938656330108643,0.04774835705757141,0.32851937413215637,497541,55,4,False,Right,Back,Centre,Right,61
<_io.BytesIO object at 0x000001E1C8DB34A0>,0.5776721835136414,0.07516816258430481,0.26236826181411743,497541,55,4,False,Right,Back,Centre,Right,61
<_io.BytesIO object at 0x000001E1C8DB3900>,0.886356770992279,0.047210048884153366,-0.03276374563574791,497541,55,4,False,Right,Back,Centre,Right,61
<_io.BytesIO object at 0x000001E1C8DB3720>,0.9305070042610168,-0.023245634511113167,0.0030222442001104355,497541,55,4,False,Right,Back,Centre,Right,61
<_io.BytesIO object at 0x000001E1C8DB7D60>,0.8637499809265137,0.029242992401123047,0.050636906176805496,497541,55,4,False,Right,Back,Centre,Right,61
<_io.BytesIO object at 0x000001E1C8DB7EA0>,0.8413915634155273,0.038425154983997345,-0.03732024133205414,497541,55,4,False,Right,Back,Centre,Right,61
<_io.BytesIO object at 0x000001E1C8DB72C0>,0.9077522158622742,0.012172881513834,-0.05112224072217941,497541,55,4,False,Right,Back,Centre,Right,61
<_io.BytesIO object at 0x000001E1C6050130>,0.6111397743225098,0.14191359281539917,0.3511236011981964,497542,55,4,False,Right,Back,Centre,Right,61
<_io.BytesIO object at 0x000001E1C6050BD0>,0.6020733714103699,0.13805115222930908,0.2664433717727661,497542,55,4,False,Right,Back,Centre,Right,61
<_io.BytesIO object at 0x000001E1C6046F40>,0.5716931819915771,0.11195475608110428,0.2772166430950165,497542,55,4,False,Right,Back,Centre,Right,61
<_io.BytesIO object at 0x000001E1C6046F90>,0.595650851726532,0.047882162034511566,0.3304387032985687,497542,55,4,False,Right,Back,Centre,Right,61
<_io.BytesIO object at 0x000001E1C6046720>,0.5785936713218689,0.07465267181396484,0.26455971598625183,497542,55,4,False,Right,Back,Centre,Right,61
<_io.BytesIO object at 0x000001E1C6046220>,0.8863644003868103,0.047187402844429016,-0.03272411599755287,497542,55,4,False,Right,Back,Centre,Right,61
<_io.BytesIO object at 0x000001E1C6046450>,0.9305498600006104,-0.023241404443979263,0.0030456334352493286,497542,55,4,False,Right,Back,Centre,Right,61
<_io.BytesIO object at 0x000001E1C6046950>,0.8637593984603882,0.029242772608995438,0.050672415643930435,497542,55,4,False,Right,Back,Centre,Right,61
<_io.BytesIO object at 0x000001E1C8DA82C0>,0.8413950204849243,0.03840663284063339,-0.037270087748765945,497542,55,4,False,Right,Back,Centre,Right,61
<_io.BytesIO object at 0x000001E1C8DA8EF0>,0.9077670574188232,0.01216751616448164,-0.05110279843211174,497542,55,4,False,Right,Back,Centre,Right,61
<_io.BytesIO object at 0x000001E1C8DA8270>,0.6099173426628113,0.14252644777297974,0.35324642062187195,497543,55,4,False,Right,Back,Centre,Right,61
<_io.BytesIO object at 0x000001E1C8DA8630>,0.6007406711578369,0.1389005184173584,0.2683923542499542,497543,55,4,False,Right,Back,Centre,Right,61
<_io.BytesIO object at 0x000001E1C8DA8D10>,0.5706951022148132,0.11233841627836227,0.2790655195713043,497543,55,4,False,Right,Back,Centre,Right,61
<_io.BytesIO object at 0x000001E1C8DA8360>,0.6016638875007629,0.047989580780267715,0.33147409558296204,497543,55,4,False,Right,Back,Centre,Right,61
<_io.BytesIO object at 0x000001E1C8DA8450>,0.5829418301582336,0.07349896430969238,0.2659654915332794,497543,55,4,False,Right,Back,Centre,Right,61
<_io.BytesIO object at 0x000001E1C8DA86D0>,0.8863832354545593,0.04719311743974686,-0.03264210373163223,497543,55,4,False,Right,Back,Centre,Right,61
<_io.BytesIO object at 0x000001E1C6046680>,0.9305596947669983,-0.023252950981259346,0.0030709141865372658,497543,55,4,False,Right,Back,Centre,Right,61
<_io.BytesIO object at 0x000001E1C6046450>,0.8637657165527344,0.02922423556447029,0.05070101469755173,497543,55,4,False,Right,Back,Centre,Right,61
<_io.BytesIO object at 0x000001E1C60464A0>,0.841413676738739,0.03841488063335419,-0.03722481429576874,497543,55,4,False,Right,Back,Centre,Right,61
<_io.BytesIO object at 0x000001E1C60467C0>,0.9077879786491394,0.012182344682514668,-0.051072873175144196,497543,55,4,False,Right,Back,Centre,Right,61
<_io.BytesIO object at 0x000001E1C60502C0>,0.6085230112075806,0.14323538541793823,0.3553851246833801,497544,55,4,False,Right,Back,Centre,Right,61
<_io.BytesIO object at 0x000001E1C8DB7540>,0.5993431210517883,0.13979224860668182,0.270153671503067,497544,55,4,False,Right,Back,Centre,Right,61
<_io.BytesIO object at 0x000001E1C8DB7D10>,0.5692387223243713,0.11304868757724762,0.2807994484901428,497544,55,4,False,Right,Back,Centre,Right,61
<_io.BytesIO object at 0x000001E1C8DB7B30>,0.6010540723800659,0.04869060963392258,0.3330194652080536,497544,55,4,False,Right,Back,Centre,Right,61
<_io.BytesIO object at 0x000001E1C8DB7400>,0.5820509195327759,0.07422361522912979,0.2676010727882385,497544,55,4,False,Right,Back,Centre,Right,61
<_io.BytesIO object at 0x000001E1C8DB7D60>,0.8863896727561951,0.047197677195072174,-0.03260795399546623,497544,55,4,False,Right,Back,Centre,Right,61
<_io.BytesIO object at 0x000001E1C8DB33B0>,0.9305849075317383,-0.023243213072419167,0.0030862707644701004,497544,55,4,False,Right,Back,Centre,Right,61
<_io.BytesIO object at 0x000001E1C8DB31D0>,0.8637694716453552,0.02920939028263092,0.050723616033792496,497544,55,4,False,Right,Back,Centre,Right,61
<_io.BytesIO object at 0x000001E1C8DB3D60>,0.841429591178894,0.03841127082705498,-0.03717361018061638,497544,55,4,False,Right,Back,Centre,Right,61
<_io.BytesIO object at 0x000001E1C8DB3950>,0.9078046083450317,0.012199902907013893,-0.05105091258883476,497544,55,4,False,Right,Back,Centre,Right,61
<_io.BytesIO object at 0x000001E1C8E17900>,0.6070739030838013,0.14406496286392212,0.357272207736969,497545,55,4,False,Right,Back,Centre,Right,61
<_io.BytesIO object at 0x000001E1C8DEE8B0>,0.5977033972740173,0.14080072939395905,0.27197885513305664,497545,55,4,False,Right,Back,Centre,Right,61
<_io.BytesIO object at 0x000001E1C8DEE040>,0.5679486989974976,0.113746777176857,0.28244316577911377,497545,55,4,False,Right,Back,Centre,Right,61
<_io.BytesIO object at 0x000001E1C8DEE630>,0.6005263924598694,0.04951384663581848,0.33437925577163696,497545,55,4,False,Right,Back,Centre,Right,61
<_io.BytesIO object at 0x000001E1C8DEE3B0>,0.581134557723999,0.0751003623008728,0.2690959572792053,497545,55,4,False,Right,Back,Centre,Right,61
<_io.BytesIO object at 0x000001E1C8DEE360>,0.886408269405365,0.04718569666147232,-0.032574284821748734,497545,55,4,False,Right,Back,Centre,Right,61
<_io.BytesIO object at 0x000001E1C8DEEE50>,0.9305723309516907,-0.023288032039999962,0.0030851028859615326,497545,55,4,False,Right,Back,Centre,Right,61
<_io.BytesIO object at 0x000001E1C1425400>,0.863787829875946,0.02920825593173504,0.050732940435409546,497545,55,4,False,Right,Back,Centre,Right,61
<_io.BytesIO object at 0x000001E1C14256D0>,0.8414722681045532,0.03843412920832634,-0.037086889147758484,497545,55,4,False,Right,Back,Centre,Right,61
<_io.BytesIO object at 0x000001E1C60335E0>,0.9078055620193481,0.012182076461613178,-0.05104312673211098,497545,55,4,False,Right,Back,Centre,Right,61
<_io.BytesIO object at 0x000001E1C604ED60>,0.6053860783576965,0.14493897557258606,0.3591386079788208,497546,55,4,False,Right,Back,Centre,Right,61
<_io.BytesIO object at 0x000001E1C604EA40>,0.5958036184310913,0.14185380935668945,0.2735861837863922,497546,55,4,False,Right,Back,Centre,Right,61
<_io.BytesIO object at 0x000001E1C604E770>,0.5662454962730408,0.11468947678804398,0.2838526964187622,497546,55,4,False,Right,Back,Centre,Right,61
<_io.BytesIO object at 0x000001E1C8D90B80>,0.5991751551628113,0.050407782196998596,0.3355466425418854,497546,55,4,False,Right,Back,Centre,Right,61
<_io.BytesIO object at 0x000001E1C8D905E0>,0.5795747637748718,0.07613600790500641,0.27038145065307617,497546,55,4,False,Right,Back,Centre,Right,61
<_io.BytesIO object at 0x000001E1C8D90A40>,0.886448860168457,0.04712424799799919,-0.0325465202331543,497546,55,4,False,Right,Back,Centre,Right,61
<_io.BytesIO object at 0x000001E1C8D904F0>,0.9305901527404785,-0.023296715691685677,0.0031020445749163628,497546,55,4,False,Right,Back,Centre,Right,61
<_io.BytesIO object at 0x000001E1C8D90E50>,0.8638193607330322,0.029209665954113007,0.05074648559093475,497546,55,4,False,Right,Back,Centre,Right,61
<_io.BytesIO object at 0x000001E1C8D903B0>,0.841471791267395,0.03840982913970947,-0.03707437589764595,497546,55,4,False,Right,Back,Centre,Right,61
<_io.BytesIO object at 0x000001E1C8D90310>,0.9078065752983093,0.012195955030620098,-0.05103764683008194,497546,55,4,False,Right,Back,Centre,Right,61
<_io.BytesIO object at 0x000001E1C8F6FEA0>,0.6033757925033569,0.14583896100521088,0.36100953817367554,497547,55,4,False,Right,Back,Centre,Right,61
<_io.BytesIO object at 0x000001E1C8F6F810>,0.5934176445007324,0.14315372705459595,0.27502870559692383,497547,55,4,False,Right,Back,Centre,Right,61
<_io.BytesIO object at 0x000001E1C8F6FD10>,0.5646300911903381,0.115378737449646,0.28509724140167236,497547,55,4,False,Right,Back,Centre,Right,61
<_io.BytesIO object at 0x000001E1C8F6F6D0>,0.5991201996803284,0.05138213187456131,0.33615773916244507,497547,55,4,False,Right,Back,Centre,Right,61
<_io.BytesIO object at 0x000001E1C6040400>,0.5787031054496765,0.07718905806541443,0.27127501368522644,497547,55,4,False,Right,Back,Centre,Right,61
<_io.BytesIO object at 0x000001E1C60400E0>,0.8864707350730896,0.04712044820189476,-0.03252058103680611,497547,55,4,False,Right,Back,Centre,Right,61
<_io.BytesIO object at 0x000001E1C60404A0>,0.9305953979492188,-0.023319551721215248,0.003089847043156624,497547,55,4,False,Right,Back,Centre,Right,61
<_io.BytesIO object at 0x000001E1C6040AE0>,0.8638341426849365,0.029204649850726128,0.050752874463796616,497547,55,4,False,Right,Back,Centre,Right,61
<_io.BytesIO object at 0x000001E1C60406D0>,0.8414741158485413,0.038423191756010056,-0.037014298141002655,497547,55,4,False,Right,Back,Centre,Right,61
<_io.BytesIO object at 0x000001E1C6040BD0>,0.9078137278556824,0.012189092114567757,-0.05104244872927666,497547,55,4,False,Right,Back,Centre,Right,61
<_io.BytesIO object at 0x000001E1C6040F90>,0.6009802222251892,0.14678262174129486,0.36290788650512695,497548,55,4,False,Right,Back,Centre,Right,61
<_io.BytesIO object at 0x000001E1C6040950>,0.5908479690551758,0.14442303776741028,0.2764975130558014,497548,55,4,False,Right,Back,Centre,Right,61
<_io.BytesIO object at 0x000001E1C6040B80>,0.564669132232666,0.11444054543972015,0.28737014532089233,497548,55,4,False,Right,Back,Centre,Right,61
<_io.BytesIO object at 0x000001E1C8F6F360>,0.6044706702232361,0.052850350737571716,0.3373110592365265,497548,55,4,False,Right,Back,Centre,Right,61
<_io.BytesIO object at 0x000001E1C8F6FD10>,0.5815272331237793,0.07751529663801193,0.2728296220302582,497548,55,4,False,Right,Back,Centre,Right,61
<_io.BytesIO object at 0x000001E1C8F6F720>,0.8864664435386658,0.0471174530684948,-0.03251531347632408,497548,55,4,False,Right,Back,Centre,Right,61
<_io.BytesIO object at 0x000001E1C8F6F0E0>,0.9306268095970154,-0.023307722061872482,0.0030726538971066475,497548,55,4,False,Right,Back,Centre,Right,61
<_io.BytesIO object at 0x000001E1C8F6FD60>,0.8638477325439453,0.029214954003691673,0.05074924975633621,497548,55,4,False,Right,Back,Centre,Right,61
<_io.BytesIO object at 0x000001E1C8F6F630>,0.841475248336792,0.03841317072510719,-0.03700050339102745,497548,55,4,False,Right,Back,Centre,Right,61
<_io.BytesIO object at 0x000001E1C8F6F220>,0.9078179597854614,0.012187429703772068,-0.051061369478702545,497548,55,4,False,Right,Back,Centre,Right,61
<_io.BytesIO object at 0x000001E1C8D90950>,0.5982078909873962,0.14752556383609772,0.3648133873939514,497549,55,4,False,Right,Back,Centre,Right,61
<_io.BytesIO object at 0x000001E1C8D904F0>,0.5878261923789978,0.1458185464143753,0.27791866660118103,497549,55,4,False,Right,Back,Centre,Right,61
<_io.BytesIO object at 0x000001E1C8D90D60>,0.5641047954559326,0.11345625668764114,0.2900514602661133,497549,55,4,False,Right,Back,Centre,Right,61
<_io.BytesIO object at 0x000001E1C604E450>,0.6111946105957031,0.05370505526661873,0.34103909134864807,497549,55,4,False,Right,Back,Centre,Right,61
<_io.BytesIO object at 0x000001E1C604E8B0>,0.584915280342102,0.07764042913913727,0.27575716376304626,497549,55,4,False,Right,Back,Centre,Right,61
<_io.BytesIO object at 0x000001E1C604E720>,0.886471152305603,0.047083791345357895,-0.03252560645341873,497549,55,4,False,Right,Back,Centre,Right,61
<_io.BytesIO object at 0x000001E1C604E680>,0.9306297302246094,-0.02331744134426117,0.0030667204409837723,497549,55,4,False,Right,Back,Centre,Right,61
<_io.BytesIO object at 0x000001E1C604E810>,0.8638558387756348,0.02921849861741066,0.050745539367198944,497549,55,4,False,Right,Back,Centre,Right,61
<_io.BytesIO object at 0x000001E1C604E3B0>,0.8414764404296875,0.03839797526597977,-0.03698672354221344,497549,55,4,False,Right,Back,Centre,Right,61
<_io.BytesIO object at 0x000001E1C604EEF0>,0.9078051447868347,0.012178239412605762,-0.051070671528577805,497549,55,4,False,Right,Back,Centre,Right,61
<_io.BytesIO object at 0x000001E1C1425590>,0.5952662229537964,0.14814741909503937,0.366896390914917,497550,55,4,False,Right,Back,Centre,Right,61
<_io.BytesIO object at 0x000001E1C8DEE450>,0.5843198299407959,0.14715512096881866,0.2792307138442993,497550,55,4,False,Right,Back,Centre,Right,61
<_io.BytesIO object at 0x000001E1C8DEED60>,0.5636986494064331,0.11208643764257431,0.29250115156173706,497550,55,4,False,Right,Back,Centre,Right,61
<_io.BytesIO object at 0x000001E1C8DEE220>,0.6124205589294434,0.05710038170218468,0.3405505120754242,497550,55,4,False,Right,Back,Centre,Right,61
<_io.BytesIO object at 0x000001E1C8DEEE00>,0.5858079195022583,0.07881607860326767,0.2770121693611145,497550,55,4,False,Right,Back,Centre,Right,61
<_io.BytesIO object at 0x000001E1C8DEE9A0>,0.8864659667015076,0.04706525802612305,-0.03250490128993988,497550,55,4,False,Right,Back,Centre,Right,61
<_io.BytesIO object at 0x000001E1C8DEE810>,0.9306532144546509,-0.023310374468564987,0.003052499145269394,497550,55,4,False,Right,Back,Centre,Right,61
<_io.BytesIO object at 0x000001E1C8E17BD0>,0.8638775944709778,0.029230594635009766,0.05073637142777443,497550,55,4,False,Right,Back,Centre,Right,61
<_io.BytesIO object at 0x000001E1C8E17E50>,0.8414653539657593,0.03838011622428894,-0.03695942088961601,497550,55,4,False,Right,Back,Centre,Right,61
<_io.BytesIO object at 0x000001E1C8E17F40>,0.907804548740387,0.012176203541457653,-0.05109158530831337,497550,55,4,False,Right,Back,Centre,Right,61
<_io.BytesIO object at 0x000001E1C8DB3900>,0.5933175086975098,0.14758673310279846,0.3699501156806946,497551,55,4,False,Right,Back,Centre,Right,61
<_io.BytesIO object at 0x000001E1C8DB7EF0>,0.5804073810577393,0.14834289252758026,0.28050997853279114,497551,55,4,False,Right,Back,Centre,Right,61
<_io.BytesIO object at 0x000001E1C8DB70E0>,0.5629627704620361,0.11053687334060669,0.29487013816833496,497551,55,4,False,Right,Back,Centre,Right,61
<_io.BytesIO object at 0x000001E1C8DB79F0>,0.6133309602737427,0.060589324682950974,0.34022700786590576,497551,55,4,False,Right,Back,Centre,Right,61
<_io.BytesIO object at 0x000001E1C8DB7DB0>,0.5858590006828308,0.07997022569179535,0.2778750956058502,497551,55,4,False,Right,Back,Centre,Right,61
<_io.BytesIO object at 0x000001E1C8DB7720>,0.8864719271659851,0.047063738107681274,-0.03250817209482193,497551,55,4,False,Right,Back,Centre,Right,61
<_io.BytesIO object at 0x000001E1C8DB73B0>,0.9306771755218506,-0.023311328142881393,0.003027701750397682,497551,55,4,False,Right,Back,Centre,Right,61
<_io.BytesIO object at 0x000001E1C8DB7590>,0.8638833165168762,0.029236117377877235,0.05072421208024025,497551,55,4,False,Right,Back,Centre,Right,61
<_io.BytesIO object at 0x000001E1C6050040>,0.8414612412452698,0.03835587203502655,-0.03697296231985092,497551,55,4,False,Right,Back,Centre,Right,61
<_io.BytesIO object at 0x000001E1C6050680>,0.9078021049499512,0.012160499580204487,-0.05112199857831001,497551,55,4,False,Right,Back,Centre,Right,61
<_io.BytesIO object at 0x000001E1C60467C0>,0.5905831456184387,0.1472773551940918,0.3727398216724396,497552,55,4,False,Right,Back,Centre,Right,61
<_io.BytesIO object at 0x000001E1C6046AE0>,0.5761228203773499,0.1493673473596573,0.2818872034549713,497552,55,4,False,Right,Back,Centre,Right,61
<_io.BytesIO object at 0x000001E1C8DA8540>,0.5625647902488708,0.10907290875911713,0.2956821024417877,497552,55,4,False,Right,Back,Centre,Right,61
<_io.BytesIO object at 0x000001E1C8DA8450>,0.6141016483306885,0.0637887716293335,0.3398924171924591,497552,55,4,False,Right,Back,Centre,Right,61
<_io.BytesIO object at 0x000001E1C8DA8A90>,0.585076093673706,0.08187364041805267,0.277187317609787,497552,55,4,False,Right,Back,Centre,Right,61
<_io.BytesIO object at 0x000001E1C8DA8860>,0.8864793181419373,0.04706011340022087,-0.03250236436724663,497552,55,4,False,Right,Back,Centre,Right,61
<_io.BytesIO object at 0x000001E1C8DA8C70>,0.9306881427764893,-0.023304346948862076,0.003017023205757141,497552,55,4,False,Right,Back,Centre,Right,61
<_io.BytesIO object at 0x000001E1C8DA84A0>,0.8639034032821655,0.02924356795847416,0.05071462690830231,497552,55,4,False,Right,Back,Centre,Right,61
<_io.BytesIO object at 0x000001E1C8DA8F40>,0.8414533734321594,0.03834793344140053,-0.0369490310549736,497552,55,4,False,Right,Back,Centre,Right,61
<_io.BytesIO object at 0x000001E1C605FC70>,0.9078023433685303,0.01216445304453373,-0.05113399401307106,497552,55,4,False,Right,Back,Centre,Right,61
<_io.BytesIO object at 0x000001E1C8DA83B0>,0.5865773558616638,0.14757506549358368,0.37460869550704956,497553,55,4,False,Right,Back,Centre,Right,61
<_io.BytesIO object at 0x000001E1C6046B80>,0.5717478394508362,0.150262713432312,0.28301846981048584,497553,55,4,False,Right,Back,Centre,Right,61
<_io.BytesIO object at 0x000001E1C6046DB0>,0.5619261264801025,0.10955633223056793,0.2967217266559601,497553,55,4,False,Right,Back,Centre,Right,61
<_io.BytesIO object at 0x000001E1C6046D60>,0.6145887970924377,0.06722559779882431,0.3397551476955414,497553,55,4,False,Right,Back,Centre,Right,61
<_io.BytesIO object at 0x000001E1C60463B0>,0.5845907330513,0.08399006724357605,0.27701595425605774,497553,55,4,False,Right,Back,Centre,Right,61
<_io.BytesIO object at 0x000001E1C6046EA0>,0.8864685893058777,0.047048334032297134,-0.03249537572264671,497553,55,4,False,Right,Back,Centre,Right,61
<_io.BytesIO object at 0x000001E1C6050E00>,0.9307111501693726,-0.023303460329771042,0.002992568537592888,497553,55,4,False,Right,Back,Centre,Right,61
<_io.BytesIO object at 0x000001E1C6050EF0>,0.8639187812805176,0.029242295771837234,0.05071212351322174,497553,55,4,False,Right,Back,Centre,Right,61
<_io.BytesIO object at 0x000001E1C6050270>,0.8414567708969116,0.03834568336606026,-0.03693186119198799,497553,55,4,False,Right,Back,Centre,Right,61
<_io.BytesIO object at 0x000001E1C60506D0>,0.9078022241592407,0.012164111249148846,-0.05115374177694321,497553,55,4,False,Right,Back,Centre,Right,61
<_io.BytesIO object at 0x000001E1C8DB7900>,0.579413890838623,0.15371377766132355,0.36712101101875305,497554,55,4,False,Right,Back,Centre,Right,61
<_io.BytesIO object at 0x000001E1C8DB3C70>,0.5688457489013672,0.1507422775030136,0.2858886122703552,497554,55,4,False,Right,Back,Centre,Right,61
<_io.BytesIO object at 0x000001E1C8DB34A0>,0.5556455850601196,0.11335964500904083,0.29327690601348877,497554,55,4,False,Right,Back,Centre,Right,61
<_io.BytesIO object at 0x000001E1C8DB3450>,0.6164972186088562,0.06840040534734726,0.3400759994983673,497554,55,4,False,Right,Back,Centre,Right,61
<_io.BytesIO object at 0x000001E1C8DB3360>,0.5844045877456665,0.08565736562013626,0.27710869908332825,497554,55,4,False,Right,Back,Centre,Right,61
<_io.BytesIO object at 0x000001E1C8DB3C20>,0.886473536491394,0.0470399484038353,-0.032495852559804916,497554,55,4,False,Right,Back,Centre,Right,61
<_io.BytesIO object at 0x000001E1C8DB3BD0>,0.9307258129119873,-0.023297403007745743,0.0029913410544395447,497554,55,4,False,Right,Back,Centre,Right,61
<_io.BytesIO object at 0x000001E1C8E17A90>,0.863929033279419,0.029232848435640335,0.050706323236227036,497554,55,4,False,Right,Back,Centre,Right,61
<_io.BytesIO object at 0x000001E1C8E178B0>,0.8414464592933655,0.03831879794597626,-0.03693316876888275,497554,55,4,False,Right,Back,Centre,Right,61
<_io.BytesIO object at 0x000001E1C8E17540>,0.9078060984611511,0.012161750346422195,-0.05115790665149689,497554,55,4,False,Right,Back,Centre,Right,61
<_io.BytesIO object at 0x000001E1C604EEA0>,0.579413890838623,0.15371377766132355,0.36712101101875305,497555,55,4,False,Right,Back,Centre,Right,61
<_io.BytesIO object at 0x000001E1C604EAE0>,0.5688457489013672,0.1507422775030136,0.2858886122703552,497555,55,4,False,Right,Back,Centre,Right,61
<_io.BytesIO object at 0x000001E1C604EB80>,0.5556455850601196,0.11335964500904083,0.29327690601348877,497555,55,4,False,Right,Back,Centre,Right,61
<_io.BytesIO object at 0x000001E1C604EB30>,0.6164972186088562,0.06840040534734726,0.3400759994983673,497555,55,4,False,Right,Back,Centre,Right,61
<_io.BytesIO object at 0x000001E1C8D905E0>,0.5844045877456665,0.08565736562013626,0.27710869908332825,497555,55,4,False,Right,Back,Centre,Right,61
<_io.BytesIO object at 0x000001E1C8D90D60>,0.8864738345146179,0.04703144356608391,-0.03247442469000816,497555,55,4,False,Right,Back,Centre,Right,61
<_io.BytesIO object at 0x000001E1C8D90B30>,0.9307692050933838,-0.023264192044734955,0.0029960712417960167,497555,55,4,False,Right,Back,Centre,Right,61
<_io.BytesIO object at 0x000001E1C8D90090>,0.8639631867408752,0.02924380823969841,0.050707411020994186,497555,55,4,False,Right,Back,Centre,Right,61
<_io.BytesIO object at 0x000001E1C8D90770>,0.8414559960365295,0.03829498961567879,-0.0369204618036747,497555,55,4,False,Right,Back,Centre,Right,61
<_io.BytesIO object at 0x000001E1C8D90220>,0.9078198075294495,0.012180851772427559,-0.05115897208452225,497555,55,4,False,Right,Back,Centre,Right,61
<_io.BytesIO object at 0x000001E1C8DEEB80>,0.579413890838623,0.15371377766132355,0.36712101101875305,497556,55,4,False,Right,Back,Centre,Right,61
<_io.BytesIO object at 0x000001E1C8D9D400>,0.5688457489013672,0.1507422775030136,0.2858886122703552,497556,55,4,False,Right,Back,Centre,Right,61
<_io.BytesIO object at 0x000001E1C8D9DD10>,0.5556455850601196,0.11335964500904083,0.29327690601348877,497556,55,4,False,Right,Back,Centre,Right,61
<_io.BytesIO object at 0x000001E1C8D9D220>,0.6164972186088562,0.06840040534734726,0.3400759994983673,497556,55,4,False,Right,Back,Centre,Right,61
<_io.BytesIO object at 0x000001E1C8D9D180>,0.5844045877456665,0.08565736562013626,0.27710869908332825,497556,55,4,False,Right,Back,Centre,Right,61
<_io.BytesIO object at 0x000001E1C8D9DF90>,0.8864638209342957,0.04702981933951378,-0.03245706856250763,497556,55,4,False,Right,Back,Centre,Right,61
<_io.BytesIO object at 0x000001E1C8F6FC20>,0.9308058023452759,-0.023242183029651642,0.002982950769364834,497556,55,4,False,Right,Back,Centre,Right,61
<_io.BytesIO object at 0x000001E1C8F6F270>,0.863974928855896,0.02922438085079193,0.050716377794742584,497556,55,4,False,Right,Back,Centre,Right,61
<_io.BytesIO object at 0x000001E1C8F6F860>,0.8414429426193237,0.03827853873372078,-0.036909040063619614,497556,55,4,False,Right,Back,Centre,Right,61
<_io.BytesIO object at 0x000001E1C8F6FE00>,0.907826840877533,0.012200967408716679,-0.05116404592990875,497556,55,4,False,Right,Back,Centre,Right,61
<_io.BytesIO object at 0x000001E1C6040EA0>,0.579413890838623,0.15371377766132355,0.36712101101875305,497557,55,4,False,Right,Back,Centre,Right,61
<_io.BytesIO object at 0x000001E1C605F6D0>,0.5688457489013672,0.1507422775030136,0.2858886122703552,497557,55,4,False,Right,Back,Centre,Right,61
<_io.BytesIO object at 0x000001E1C605F720>,0.5556455850601196,0.11335964500904083,0.29327690601348877,497557,55,4,False,Right,Back,Centre,Right,61
<_io.BytesIO object at 0x000001E1C605FEA0>,0.6164972186088562,0.06840040534734726,0.3400759994983673,497557,55,4,False,Right,Back,Centre,Right,61
<_io.BytesIO object at 0x000001E1C60270E0>,0.5844045877456665,0.08565736562013626,0.27710869908332825,497557,55,4,False,Right,Back,Centre,Right,61
<_io.BytesIO object at 0x000001E1C60272C0>,0.8864617943763733,0.04702744260430336,-0.0324208065867424,497557,55,4,False,Right,Back,Centre,Right,61
<_io.BytesIO object at 0x000001E1C60401D0>,0.9308196306228638,-0.02325257658958435,0.0029816748574376106,497557,55,4,False,Right,Back,Centre,Right,61
<_io.BytesIO object at 0x000001E1C6040C20>,0.8639706969261169,0.02920309454202652,0.05073385313153267,497557,55,4,False,Right,Back,Centre,Right,61
<_io.BytesIO object at 0x000001E1C6040310>,0.8414403200149536,0.03827064856886864,-0.036875542253255844,497557,55,4,False,Right,Back,Centre,Right,61
<_io.BytesIO object at 0x000001E1C6040BD0>,0.9078306555747986,0.012197211384773254,-0.051158782094717026,497557,55,4,False,Right,Back,Centre,Right,61
<_io.BytesIO object at 0x000001E1C8DEE040>,0.579413890838623,0.15371377766132355,0.36712101101875305,497558,55,4,False,Right,Back,Centre,Right,61
<_io.BytesIO object at 0x000001E1C8DEEF90>,0.5688457489013672,0.1507422775030136,0.2858886122703552,497558,55,4,False,Right,Back,Centre,Right,61
<_io.BytesIO object at 0x000001E1C8DEEAE0>,0.5556455850601196,0.11335964500904083,0.29327690601348877,497558,55,4,False,Right,Back,Centre,Right,61
<_io.BytesIO object at 0x000001E1C8DEEE50>,0.6164972186088562,0.06840040534734726,0.3400759994983673,497558,55,4,False,Right,Back,Centre,Right,61
<_io.BytesIO object at 0x000001E1C8D90900>,0.5844045877456665,0.08565736562013626,0.27710869908332825,497558,55,4,False,Right,Back,Centre,Right,61
<_io.BytesIO object at 0x000001E1C8D90AE0>,0.8864620923995972,0.047024160623550415,-0.03238282352685928,497558,55,4,False,Right,Back,Centre,Right,61
<_io.BytesIO object at 0x000001E1C8D90630>,0.9308184385299683,-0.023242617025971413,0.002997320145368576,497558,55,4,False,Right,Back,Centre,Right,61
<_io.BytesIO object at 0x000001E1C8D903B0>,0.8639317154884338,0.02914791740477085,0.05075046420097351,497558,55,4,False,Right,Back,Centre,Right,61
<_io.BytesIO object at 0x000001E1C8D90130>,0.8413849472999573,0.03826417028903961,-0.036817517131567,497558,55,4,False,Right,Back,Centre,Right,61
<_io.BytesIO object at 0x000001E1C8D90950>,0.9078421592712402,0.012232126668095589,-0.0511297844350338,497558,55,4,False,Right,Back,Centre,Right,61
<_io.BytesIO object at 0x000001E1C8E17E50>,0.579413890838623,0.15371377766132355,0.36712101101875305,497559,55,4,False,Right,Back,Centre,Right,61
<_io.BytesIO object at 0x000001E1C8E17270>,0.5688457489013672,0.1507422775030136,0.2858886122703552,497559,55,4,False,Right,Back,Centre,Right,61
<_io.BytesIO object at 0x000001E1C8E17360>,0.5556455850601196,0.11335964500904083,0.29327690601348877,497559,55,4,False,Right,Back,Centre,Right,61
<_io.BytesIO object at 0x000001E1C8DB37C0>,0.6164972186088562,0.06840040534734726,0.3400759994983673,497559,55,4,False,Right,Back,Centre,Right,61
<_io.BytesIO object at 0x000001E1C8DB3E00>,0.5844045877456665,0.08565736562013626,0.27710869908332825,497559,55,4,False,Right,Back,Centre,Right,61
<_io.BytesIO object at 0x000001E1C8DB3E50>,0.8864471316337585,0.0470171682536602,-0.03234635666012764,497559,55,4,False,Right,Back,Centre,Right,61
<_io.BytesIO object at 0x000001E1C8DB3450>,0.930831789970398,-0.02323015220463276,0.003012468107044697,497559,55,4,False,Right,Back,Centre,Right,61
<_io.BytesIO object at 0x000001E1C8DB3EA0>,0.8639290928840637,0.029115846380591393,0.050779346376657486,497559,55,4,False,Right,Back,Centre,Right,61
<_io.BytesIO object at 0x000001E1C8DB3860>,0.8413742184638977,0.03824804350733757,-0.036800459027290344,497559,55,4,False,Right,Back,Centre,Right,61
<_io.BytesIO object at 0x000001E1C8DB39F0>,0.907839298248291,0.012256735004484653,-0.051105059683322906,497559,55,4,False,Right,Back,Centre,Right,61
<_io.BytesIO object at 0x000001E1C8F6F7C0>,0.579413890838623,0.15371377766132355,0.36712101101875305,497560,55,4,False,Right,Back,Centre,Right,61
<_io.BytesIO object at 0x000001E1C8F6F770>,0.5688457489013672,0.1507422775030136,0.2858886122703552,497560,55,4,False,Right,Back,Centre,Right,61
<_io.BytesIO object at 0x000001E1C1425040>,0.5556455850601196,0.11335964500904083,0.29327690601348877,497560,55,4,False,Right,Back,Centre,Right,61
<_io.BytesIO object at 0x000001E1C1425130>,0.6164972186088562,0.06840040534734726,0.3400759994983673,497560,55,4,False,Right,Back,Centre,Right,61
<_io.BytesIO object at 0x000001E1C14257C0>,0.5844045877456665,0.08565736562013626,0.27710869908332825,497560,55,4,False,Right,Back,Centre,Right,61
<_io.BytesIO object at 0x000001E1C604ECC0>,0.886437177658081,0.04703623801469803,-0.03230086341500282,497560,55,4,False,Right,Back,Centre,Right,61
<_io.BytesIO object at 0x000001E1C604E770>,0.9308497309684753,-0.023199085146188736,0.0030420497059822083,497560,55,4,False,Right,Back,Centre,Right,61
<_io.BytesIO object at 0x000001E1C604E720>,0.8639131784439087,0.029096605256199837,0.05079935863614082,497560,55,4,False,Right,Back,Centre,Right,61
<_io.BytesIO object at 0x000001E1C604E130>,0.8413597345352173,0.03822099044919014,-0.03678761050105095,497560,55,4,False,Right,Back,Centre,Right,61
<_io.BytesIO object at 0x000001E1C604E630>,0.9078465700149536,0.012282256036996841,-0.05107596889138222,497560,55,4,False,Right,Back,Centre,Right,61
<_io.BytesIO object at 0x000001E1C8DA89A0>,0.579413890838623,0.15371377766132355,0.36712101101875305,497561,55,4,False,Right,Back,Centre,Right,61
<_io.BytesIO object at 0x000001E1C6027540>,0.5688457489013672,0.1507422775030136,0.2858886122703552,497561,55,4,False,Right,Back,Centre,Right,61
<_io.BytesIO object at 0x000001E1C60279A0>,0.5556455850601196,0.11335964500904083,0.29327690601348877,497561,55,4,False,Right,Back,Centre,Right,61
<_io.BytesIO object at 0x000001E1C6027B80>,0.6164972186088562,0.06840040534734726,0.3400759994983673,497561,55,4,False,Right,Back,Centre,Right,61
<_io.BytesIO object at 0x000001E1C6027D60>,0.5844045877456665,0.08565736562013626,0.27710869908332825,497561,55,4,False,Right,Back,Centre,Right,61
<_io.BytesIO object at 0x000001E1C6027F40>,0.8864307999610901,0.047040946781635284,-0.032248396426439285,497561,55,4,False,Right,Back,Centre,Right,61
<_io.BytesIO object at 0x000001E1C6038180>,0.9308314323425293,-0.023204084485769272,0.0030432166531682014,497561,55,4,False,Right,Back,Centre,Right,61
<_io.BytesIO object at 0x000001E1C6038360>,0.8638916611671448,0.02906561642885208,0.05080444738268852,497561,55,4,False,Right,Back,Centre,Right,61
<_io.BytesIO object at 0x000001E1C6038540>,0.8413465023040771,0.038218848407268524,-0.036767568439245224,497561,55,4,False,Right,Back,Centre,Right,61
<_io.BytesIO object at 0x000001E1C6038720>,0.9078345894813538,0.012310073710978031,-0.05106595531105995,497561,55,4,False,Right,Back,Centre,Right,61
<_io.BytesIO object at 0x000001E1C6038BD0>,0.579413890838623,0.15371377766132355,0.36712101101875305,497562,55,4,False,Right,Back,Centre,Right,61
<_io.BytesIO object at 0x000001E1C60386D0>,0.5688457489013672,0.1507422775030136,0.2858886122703552,497562,55,4,False,Right,Back,Centre,Right,61
<_io.BytesIO object at 0x000001E1C60381D0>,0.5556455850601196,0.11335964500904083,0.29327690601348877,497562,55,4,False,Right,Back,Centre,Right,61
<_io.BytesIO object at 0x000001E1C6027F90>,0.6164972186088562,0.06840040534734726,0.3400759994983673,497562,55,4,False,Right,Back,Centre,Right,61
<_io.BytesIO object at 0x000001E1C6027D10>,0.5844045877456665,0.08565736562013626,0.27710869908332825,497562,55,4,False,Right,Back,Centre,Right,61
<_io.BytesIO object at 0x000001E1C6027AE0>,0.8864151835441589,0.04702895134687424,-0.03221900016069412,497562,55,4,False,Right,Back,Centre,Right,61
<_io.BytesIO object at 0x000001E1C60278B0>,0.9308210015296936,-0.023207874968647957,0.0030531371012330055,497562,55,4,False,Right,Back,Centre,Right,61
<_io.BytesIO object at 0x000001E1C60270E0>,0.8638840913772583,0.029041964560747147,0.05081012472510338,497562,55,4,False,Right,Back,Centre,Right,61
<_io.BytesIO object at 0x000001E1C60274F0>,0.8413208723068237,0.03820785507559776,-0.036749210208654404,497562,55,4,False,Right,Back,Centre,Right,61
<_io.BytesIO object at 0x000001E1C6027220>,0.9078298211097717,0.01231374777853489,-0.05105273425579071,497562,55,4,False,Right,Back,Centre,Right,61
<_io.BytesIO object at 0x000001E1C604EEF0>,0.579413890838623,0.15371377766132355,0.36712101101875305,497563,55,4,False,Right,Back,Centre,Right,61
<_io.BytesIO object at 0x000001E1C604E310>,0.5688457489013672,0.1507422775030136,0.2858886122703552,497563,55,4,False,Right,Back,Centre,Right,61
<_io.BytesIO object at 0x000001E1C604E450>,0.5556455850601196,0.11335964500904083,0.29327690601348877,497563,55,4,False,Right,Back,Centre,Right,61
<_io.BytesIO object at 0x000001E1C604E180>,0.6164972186088562,0.06840040534734726,0.3400759994983673,497563,55,4,False,Right,Back,Centre,Right,61
<_io.BytesIO object at 0x000001E1C1425180>,0.5844045877456665,0.08565736562013626,0.27710869908332825,497563,55,4,False,Right,Back,Centre,Right,61
<_io.BytesIO object at 0x000001E1C14256D0>,0.8864190578460693,0.04704878851771355,-0.03216865658760071,497563,55,4,False,Right,Back,Centre,Right,61
<_io.BytesIO object at 0x000001E1C1425720>,0.930822491645813,-0.02320285513997078,0.003053409978747368,497563,55,4,False,Right,Back,Centre,Right,61
<_io.BytesIO object at 0x000001E1C8F6FC20>,0.8638741374015808,0.02901056781411171,0.050817299634218216,497563,55,4,False,Right,Back,Centre,Right,61
<_io.BytesIO object at 0x000001E1C8F6F590>,0.8413131237030029,0.038203541189432144,-0.03671526536345482,497563,55,4,False,Right,Back,Centre,Right,61
<_io.BytesIO object at 0x000001E1C8F6F3B0>,0.907832682132721,0.01234340574592352,-0.051041144877672195,497563,55,4,False,Right,Back,Centre,Right,61
<_io.BytesIO object at 0x000001E1C8DB75E0>,0.579413890838623,0.15371377766132355,0.36712101101875305,497564,55,4,False,Right,Back,Centre,Right,61
<_io.BytesIO object at 0x000001E1C8DB3900>,0.5688457489013672,0.1507422775030136,0.2858886122703552,497564,55,4,False,Right,Back,Centre,Right,61
<_io.BytesIO object at 0x000001E1C8DB34A0>,0.5556455850601196,0.11335964500904083,0.29327690601348877,497564,55,4,False,Right,Back,Centre,Right,61
<_io.BytesIO object at 0x000001E1C8DB3F90>,0.6164972186088562,0.06840040534734726,0.3400759994983673,497564,55,4,False,Right,Back,Centre,Right,61
<_io.BytesIO object at 0x000001E1C8DB3EF0>,0.5844045877456665,0.08565736562013626,0.27710869908332825,497564,55,4,False,Right,Back,Centre,Right,61
<_io.BytesIO object at 0x000001E1C8DB37C0>,0.886416494846344,0.04704900458455086,-0.03213275223970413,497564,55,4,False,Right,Back,Centre,Right,61
<_io.BytesIO object at 0x000001E1C8E17590>,0.9308319091796875,-0.02317703515291214,0.0030833352357149124,497564,55,4,False,Right,Back,Centre,Right,61
<_io.BytesIO object at 0x000001E1C8E17680>,0.8638622164726257,0.028991572558879852,0.05083760619163513,497564,55,4,False,Right,Back,Centre,Right,61
<_io.BytesIO object at 0x000001E1C8E17E50>,0.8412972688674927,0.038199443370103836,-0.03668583557009697,497564,55,4,False,Right,Back,Centre,Right,61
<_io.BytesIO object at 0x000001E1C8E174F0>,0.9078441858291626,0.012380504049360752,-0.05100761726498604,497564,55,4,False,Right,Back,Centre,Right,61
<_io.BytesIO object at 0x000001E1C6033090>,0.579413890838623,0.15371377766132355,0.36712101101875305,497565,55,4,False,Right,Back,Centre,Right,61
<_io.BytesIO object at 0x000001E1C8DEE4A0>,0.5688457489013672,0.1507422775030136,0.2858886122703552,497565,55,4,False,Right,Back,Centre,Right,61
<_io.BytesIO object at 0x000001E1C8DEE5E0>,0.5556455850601196,0.11335964500904083,0.29327690601348877,497565,55,4,False,Right,Back,Centre,Right,61
<_io.BytesIO object at 0x000001E1C8DEE360>,0.6164972186088562,0.06840040534734726,0.3400759994983673,497565,55,4,False,Right,Back,Centre,Right,61
<_io.BytesIO object at 0x000001E1C8DEED10>,0.5844045877456665,0.08565736562013626,0.27710869908332825,497565,55,4,False,Right,Back,Centre,Right,61
<_io.BytesIO object at 0x000001E1C8DEE950>,0.8864170908927917,0.04706456512212753,-0.03207414969801903,497565,55,4,False,Right,Back,Centre,Right,61
<_io.BytesIO object at 0x000001E1C8D9DA40>,0.9308197498321533,-0.023182909935712814,0.003094695508480072,497565,55,4,False,Right,Back,Centre,Right,61
<_io.BytesIO object at 0x000001E1C8D9D1D0>,0.863848865032196,0.02896227315068245,0.050861380994319916,497565,55,4,False,Right,Back,Centre,Right,61
<_io.BytesIO object at 0x000001E1C8D9D270>,0.8412946462631226,0.03820125386118889,-0.03664366900920868,497565,55,4,False,Right,Back,Centre,Right,61
<_io.BytesIO object at 0x000001E1C8D9DC70>,0.9078347086906433,0.012405909597873688,-0.05098358169198036,497565,55,4,False,Right,Back,Centre,Right,61
<_io.BytesIO object at 0x000001E1C8D906D0>,0.579413890838623,0.15371377766132355,0.36712101101875305,497566,55,4,False,Right,Back,Centre,Right,61
<_io.BytesIO object at 0x000001E1C6040EA0>,0.5688457489013672,0.1507422775030136,0.2858886122703552,497566,55,4,False,Right,Back,Centre,Right,61
<_io.BytesIO object at 0x000001E1C60408B0>,0.5556455850601196,0.11335964500904083,0.29327690601348877,497566,55,4,False,Right,Back,Centre,Right,61
<_io.BytesIO object at 0x000001E1C6040450>,0.6164972186088562,0.06840040534734726,0.3400759994983673,497566,55,4,False,Right,Back,Centre,Right,61
<_io.BytesIO object at 0x000001E1C6040D10>,0.5844045877456665,0.08565736562013626,0.27710869908332825,497566,55,4,False,Right,Back,Centre,Right,61
<_io.BytesIO object at 0x000001E1C6040B30>,0.8864163160324097,0.047070812433958054,-0.032016292214393616,497566,55,4,False,Right,Back,Centre,Right,61
<_io.BytesIO object at 0x000001E1C60401D0>,0.930823028087616,-0.023161176592111588,0.0031388867646455765,497566,55,4,False,Right,Back,Centre,Right,61
<_io.BytesIO object at 0x000001E1C605B090>,0.8638021945953369,0.028913291171193123,0.05087677389383316,497566,55,4,False,Right,Back,Centre,Right,61
<_io.BytesIO object at 0x000001E1C605B680>,0.8412976264953613,0.03816306218504906,-0.036611057817935944,497566,55,4,False,Right,Back,Centre,Right,61
<_io.BytesIO object at 0x000001E1C605B5E0>,0.907845139503479,0.012450341135263443,-0.05093883350491524,497566,55,4,False,Right,Back,Centre,Right,61
<_io.BytesIO object at 0x000001E1C8D90590>,0.579413890838623,0.15371377766132355,0.36712101101875305,497567,55,4,False,Right,Back,Centre,Right,61
<_io.BytesIO object at 0x000001E1C8D903B0>,0.5688457489013672,0.1507422775030136,0.2858886122703552,497567,55,4,False,Right,Back,Centre,Right,61
<_io.BytesIO object at 0x000001E1C8D90860>,0.5556455850601196,0.11335964500904083,0.29327690601348877,497567,55,4,False,Right,Back,Centre,Right,61
<_io.BytesIO object at 0x000001E1C8D909A0>,0.6164972186088562,0.06840040534734726,0.3400759994983673,497567,55,4,False,Right,Back,Centre,Right,61
<_io.BytesIO object at 0x000001E1C8D9DB30>,0.5844045877456665,0.08565736562013626,0.27710869908332825,497567,55,4,False,Right,Back,Centre,Right,61
<_io.BytesIO object at 0x000001E1C8D9D2C0>,0.8864130973815918,0.047084856778383255,-0.031940292567014694,497567,55,4,False,Right,Back,Centre,Right,61
<_io.BytesIO object at 0x000001E1C8D9DD10>,0.9308489561080933,-0.023138253018260002,0.0031606871634721756,497567,55,4,False,Right,Back,Centre,Right,61
<_io.BytesIO object at 0x000001E1C8D9D630>,0.8637803792953491,0.02886533923447132,0.05090690404176712,497567,55,4,False,Right,Back,Centre,Right,61
<_io.BytesIO object at 0x000001E1C8D9D6D0>,0.841295599937439,0.03815841302275658,-0.03656604886054993,497567,55,4,False,Right,Back,Centre,Right,61
<_io.BytesIO object at 0x000001E1C8D9D270>,0.9078686237335205,0.012501402758061886,-0.05090305209159851,497567,55,4,False,Right,Back,Centre,Right,61
<_io.BytesIO object at 0x000001E1C6033810>,0.579413890838623,0.15371377766132355,0.36712101101875305,497568,55,4,False,Right,Back,Centre,Right,61
<_io.BytesIO object at 0x000001E1C8E17F40>,0.5688457489013672,0.1507422775030136,0.2858886122703552,497568,55,4,False,Right,Back,Centre,Right,61
<_io.BytesIO object at 0x000001E1C8E17400>,0.5556455850601196,0.11335964500904083,0.29327690601348877,497568,55,4,False,Right,Back,Centre,Right,61
<_io.BytesIO object at 0x000001E1C8E17A90>,0.6164972186088562,0.06840040534734726,0.3400759994983673,497568,55,4,False,Right,Back,Centre,Right,61
<_io.BytesIO object at 0x000001E1C8DB7360>,0.5844045877456665,0.08565736562013626,0.27710869908332825,497568,55,4,False,Right,Back,Centre,Right,61
<_io.BytesIO object at 0x000001E1C8DB7F90>,0.886410653591156,0.047104399651288986,-0.03187863901257515,497568,55,4,False,Right,Back,Centre,Right,61
<_io.BytesIO object at 0x000001E1C8DB7C70>,0.9308485388755798,-0.02311214990913868,0.0031798789277672768,497568,55,4,False,Right,Back,Centre,Right,61
<_io.BytesIO object at 0x000001E1C8DB7B80>,0.8637608289718628,0.028822699561715126,0.050933148711919785,497568,55,4,False,Right,Back,Centre,Right,61
<_io.BytesIO object at 0x000001E1C8DB7B30>,0.8412774205207825,0.03813628852367401,-0.03657276928424835,497568,55,4,False,Right,Back,Centre,Right,61
<_io.BytesIO object at 0x000001E1C8DB7540>,0.9078532457351685,0.012562520802021027,-0.050871480256319046,497568,55,4,False,Right,Back,Centre,Right,61
<_io.BytesIO object at 0x000001E1C14254F0>,0.579413890838623,0.15371377766132355,0.36712101101875305,497569,55,4,False,Right,Back,Centre,Right,61
<_io.BytesIO object at 0x000001E1C1425180>,0.5688457489013672,0.1507422775030136,0.2858886122703552,497569,55,4,False,Right,Back,Centre,Right,61
<_io.BytesIO object at 0x000001E1C604E450>,0.5556455850601196,0.11335964500904083,0.29327690601348877,497569,55,4,False,Right,Back,Centre,Right,61
<_io.BytesIO object at 0x000001E1C604EB80>,0.6164972186088562,0.06840040534734726,0.3400759994983673,497569,55,4,False,Right,Back,Centre,Right,61
<_io.BytesIO object at 0x000001E1C604EBD0>,0.5844045877456665,0.08565736562013626,0.27710869908332825,497569,55,4,False,Right,Back,Centre,Right,61
<_io.BytesIO object at 0x000001E1C604E6D0>,0.8864103555679321,0.04711092263460159,-0.03183099254965782,497569,55,4,False,Right,Back,Centre,Right,61
<_io.BytesIO object at 0x000001E1C604EF40>,0.9308223128318787,-0.023142773658037186,0.00318724662065506,497569,55,4,False,Right,Back,Centre,Right,61
<_io.BytesIO object at 0x000001E1C604EE50>,0.8637490272521973,0.028780216351151466,0.050956469029188156,497569,55,4,False,Right,Back,Centre,Right,61
<_io.BytesIO object at 0x000001E1C604E3B0>,0.8412768244743347,0.038134824484586716,-0.036525655537843704,497569,55,4,False,Right,Back,Centre,Right,61
<_io.BytesIO object at 0x000001E1C8DB3C70>,0.9078384637832642,0.01256620418280363,-0.05084791034460068,497569,55,4,False,Right,Back,Centre,Right,61
<_io.BytesIO object at 0x000001E1C8DA8450>,0.579413890838623,0.15371377766132355,0.36712101101875305,497570,55,4,False,Right,Back,Centre,Right,61
<_io.BytesIO object at 0x000001E1C8DA8720>,0.5688457489013672,0.1507422775030136,0.2858886122703552,497570,55,4,False,Right,Back,Centre,Right,61
<_io.BytesIO object at 0x000001E1C8DA89A0>,0.5556455850601196,0.11335964500904083,0.29327690601348877,497570,55,4,False,Right,Back,Centre,Right,61
<_io.BytesIO object at 0x000001E1C6027090>,0.6164972186088562,0.06840040534734726,0.3400759994983673,497570,55,4,False,Right,Back,Centre,Right,61
<_io.BytesIO object at 0x000001E1C6027180>,0.5844045877456665,0.08565736562013626,0.27710869908332825,497570,55,4,False,Right,Back,Centre,Right,61
<_io.BytesIO object at 0x000001E1C60274F0>,0.8864166140556335,0.04711800068616867,-0.031762201339006424,497570,55,4,False,Right,Back,Centre,Right,61
<_io.BytesIO object at 0x000001E1C6027770>,0.930829644203186,-0.02314147911965847,0.003210073336958885,497570,55,4,False,Right,Back,Centre,Right,61
<_io.BytesIO object at 0x000001E1C6027900>,0.8637368083000183,0.028745556250214577,0.05098813399672508,497570,55,4,False,Right,Back,Centre,Right,61
<_io.BytesIO object at 0x000001E1C6027BD0>,0.8412652015686035,0.03813571110367775,-0.036478959023952484,497570,55,4,False,Right,Back,Centre,Right,61
<_io.BytesIO object at 0x000001E1C6027E50>,0.9078487157821655,0.012593241408467293,-0.050813205540180206,497570,55,4,False,Right,Back,Centre,Right,61
<_io.BytesIO object at 0x000001E1C605B590>,0.579413890838623,0.15371377766132355,0.36712101101875305,497571,55,4,False,Right,Back,Centre,Right,61
<_io.BytesIO object at 0x000001E1C605B900>,0.5688457489013672,0.1507422775030136,0.2858886122703552,497571,55,4,False,Right,Back,Centre,Right,61
<_io.BytesIO object at 0x000001E1C605BD60>,0.5556455850601196,0.11335964500904083,0.29327690601348877,497571,55,4,False,Right,Back,Centre,Right,61
<_io.BytesIO object at 0x000001E1C605BF40>,0.6164972186088562,0.06840040534734726,0.3400759994983673,497571,55,4,False,Right,Back,Centre,Right,61
<_io.BytesIO object at 0x000001E1C604C180>,0.5844045877456665,0.08565736562013626,0.27710869908332825,497571,55,4,False,Right,Back,Centre,Right,61
<_io.BytesIO object at 0x000001E1C604C360>,0.8864269852638245,0.04716518148779869,-0.03162039816379547,497571,55,4,False,Right,Back,Centre,Right,61
<_io.BytesIO object at 0x000001E1C604C540>,0.9308366775512695,-0.02314693108201027,0.0032204454764723778,497571,55,4,False,Right,Back,Centre,Right,61
<_io.BytesIO object at 0x000001E1C604C720>,0.863713264465332,0.028688011690974236,0.051008280366659164,497571,55,4,False,Right,Back,Centre,Right,61
<_io.BytesIO object at 0x000001E1C604C900>,0.8412535786628723,0.03813120722770691,-0.03643778711557388,497571,55,4,False,Right,Back,Centre,Right,61
<_io.BytesIO object at 0x000001E1C604CAE0>,0.907866895198822,0.012629031203687191,-0.05078539252281189,497571,55,4,False,Right,Back,Centre,Right,61
<_io.BytesIO object at 0x000001E1C8DEECC0>,0.579413890838623,0.15371377766132355,0.36712101101875305,497572,55,4,False,Right,Back,Centre,Right,61
<_io.BytesIO object at 0x000001E1C6027D10>,0.5688457489013672,0.1507422775030136,0.2858886122703552,497572,55,4,False,Right,Back,Centre,Right,61
<_io.BytesIO object at 0x000001E1C6027B80>,0.5556455850601196,0.11335964500904083,0.29327690601348877,497572,55,4,False,Right,Back,Centre,Right,61
<_io.BytesIO object at 0x000001E1C6027540>,0.6164972186088562,0.06840040534734726,0.3400759994983673,497572,55,4,False,Right,Back,Centre,Right,61
<_io.BytesIO object at 0x000001E1C60275E0>,0.5844045877456665,0.08565736562013626,0.27710869908332825,497572,55,4,False,Right,Back,Centre,Right,61
<_io.BytesIO object at 0x000001E1C6027130>,0.8863565921783447,0.047241196036338806,-0.03147602453827858,497572,55,4,False,Right,Back,Centre,Right,61
<_io.BytesIO object at 0x000001E1C6027090>,0.9307985305786133,-0.023160384967923164,0.0032276930287480354,497572,55,4,False,Right,Back,Centre,Right,61
<_io.BytesIO object at 0x000001E1C8DA8F40>,0.8636873960494995,0.028598623350262642,0.05104002356529236,497572,55,4,False,Right,Back,Centre,Right,61
<_io.BytesIO object at 0x000001E1C8DA87C0>,0.8412533402442932,0.03813861683011055,-0.036397937685251236,497572,55,4,False,Right,Back,Centre,Right,61
<_io.BytesIO object at 0x000001E1C8DA8450>,0.9078636169433594,0.012656007893383503,-0.05074605345726013,497572,55,4,False,Right,Back,Centre,Right,61
<_io.BytesIO object at 0x000001E1C604EBD0>,0.579413890838623,0.15371377766132355,0.36712101101875305,497573,55,4,False,Right,Back,Centre,Right,61
<_io.BytesIO object at 0x000001E1C604E860>,0.5688457489013672,0.1507422775030136,0.2858886122703552,497573,55,4,False,Right,Back,Centre,Right,61
<_io.BytesIO object at 0x000001E1C14251D0>,0.5556455850601196,0.11335964500904083,0.29327690601348877,497573,55,4,False,Right,Back,Centre,Right,61
<_io.BytesIO object at 0x000001E1C1425090>,0.6164972186088562,0.06840040534734726,0.3400759994983673,497573,55,4,False,Right,Back,Centre,Right,61
<_io.BytesIO object at 0x000001E1C8F6F220>,0.5844045877456665,0.08565736562013626,0.27710869908332825,497573,55,4,False,Right,Back,Centre,Right,61
<_io.BytesIO object at 0x000001E1C8F6FF90>,0.8863385915756226,0.047247905284166336,-0.031396448612213135,497573,55,4,False,Right,Back,Centre,Right,61
<_io.BytesIO object at 0x000001E1C8F6FA40>,0.9308001399040222,-0.02316988632082939,0.0032229842618107796,497573,55,4,False,Right,Back,Centre,Right,61
<_io.BytesIO object at 0x000001E1C8F6F5E0>,0.8636783361434937,0.028497332707047462,0.0510638989508152,497573,55,4,False,Right,Back,Centre,Right,61
<_io.BytesIO object at 0x000001E1C8F6F720>,0.8412235975265503,0.038123879581689835,-0.03635871037840843,497573,55,4,False,Right,Back,Centre,Right,61
<_io.BytesIO object at 0x000001E1C8F6F180>,0.9078711867332458,0.012696671299636364,-0.05071712285280228,497573,55,4,False,Right,Back,Centre,Right,61
<_io.BytesIO object at 0x000001E1C8E173B0>,0.579413890838623,0.15371377766132355,0.36712101101875305,497574,55,4,False,Right,Back,Centre,Right,61
<_io.BytesIO object at 0x000001E1C8E17F40>,0.5688457489013672,0.1507422775030136,0.2858886122703552,497574,55,4,False,Right,Back,Centre,Right,61
<_io.BytesIO object at 0x000001E1C8E17EF0>,0.5556455850601196,0.11335964500904083,0.29327690601348877,497574,55,4,False,Right,Back,Centre,Right,61
<_io.BytesIO object at 0x000001E1C8E17900>,0.6164972186088562,0.06840040534734726,0.3400759994983673,497574,55,4,False,Right,Back,Centre,Right,61
<_io.BytesIO object at 0x000001E1C6033C20>,0.5844045877456665,0.08565736562013626,0.27710869908332825,497574,55,4,False,Right,Back,Centre,Right,61
<_io.BytesIO object at 0x000001E1C6033400>,0.8863186240196228,0.04725165665149689,-0.0313517302274704,497574,55,4,False,Right,Back,Centre,Right,61
<_io.BytesIO object at 0x000001E1C60334F0>,0.9307845234870911,-0.023180551826953888,0.0032432014122605324,497574,55,4,False,Right,Back,Centre,Right,61
<_io.BytesIO object at 0x000001E1C6033310>,0.8636539578437805,0.028449969366192818,0.05109109729528427,497574,55,4,False,Right,Back,Centre,Right,61
<_io.BytesIO object at 0x000001E1C6033220>,0.8412141799926758,0.0381016843020916,-0.03634675592184067,497574,55,4,False,Right,Back,Centre,Right,61
<_io.BytesIO object at 0x000001E1C6033130>,0.9078570604324341,0.012704153545200825,-0.05068668723106384,497574,55,4,False,Right,Back,Centre,Right,61
<_io.BytesIO object at 0x000001E1C8D9DA40>,0.579413890838623,0.15371377766132355,0.36712101101875305,497575,55,4,False,Right,Back,Centre,Right,61
<_io.BytesIO object at 0x000001E1C8D9DC70>,0.5688457489013672,0.1507422775030136,0.2858886122703552,497575,55,4,False,Right,Back,Centre,Right,61
<_io.BytesIO object at 0x000001E1C8D9D2C0>,0.5556455850601196,0.11335964500904083,0.29327690601348877,497575,55,4,False,Right,Back,Centre,Right,61
<_io.BytesIO object at 0x000001E1C8D9DA90>,0.6164972186088562,0.06840040534734726,0.3400759994983673,497575,55,4,False,Right,Back,Centre,Right,61
<_io.BytesIO object at 0x000001E1C8D90220>,0.5844045877456665,0.08565736562013626,0.27710869908332825,497575,55,4,False,Right,Back,Centre,Right,61
<_io.BytesIO object at 0x000001E1C8D90310>,0.8863014578819275,0.047262147068977356,-0.03129139915108681,497575,55,4,False,Right,Back,Centre,Right,61
<_io.BytesIO object at 0x000001E1C8D90720>,0.9307965040206909,-0.02318187803030014,0.0032352544367313385,497575,55,4,False,Right,Back,Centre,Right,61
<_io.BytesIO object at 0x000001E1C8D90590>,0.8636278510093689,0.02839900180697441,0.051119111478328705,497575,55,4,False,Right,Back,Centre,Right,61
<_io.BytesIO object at 0x000001E1C8D90B30>,0.8411940336227417,0.03809291124343872,-0.03630988299846649,497575,55,4,False,Right,Back,Centre,Right,61
<_io.BytesIO object at 0x000001E1C8D90630>,0.9078499674797058,0.012727178633213043,-0.050673894584178925,497575,55,4,False,Right,Back,Centre,Right,61
<_io.BytesIO object at 0x000001E1C60407C0>,0.579413890838623,0.15371377766132355,0.36712101101875305,497576,55,4,False,Right,Back,Centre,Right,61
<_io.BytesIO object at 0x000001E1C60409A0>,0.5688457489013672,0.1507422775030136,0.2858886122703552,497576,55,4,False,Right,Back,Centre,Right,61
<_io.BytesIO object at 0x000001E1C60405E0>,0.5556455850601196,0.11335964500904083,0.29327690601348877,497576,55,4,False,Right,Back,Centre,Right,61
<_io.BytesIO object at 0x000001E1C6040DB0>,0.6164972186088562,0.06840040534734726,0.3400759994983673,497576,55,4,False,Right,Back,Centre,Right,61
<_io.BytesIO object at 0x000001E1C6040E00>,0.5844045877456665,0.08565736562013626,0.27710869908332825,497576,55,4,False,Right,Back,Centre,Right,61
<_io.BytesIO object at 0x000001E1C6040040>,0.8862830996513367,0.04728111997246742,-0.031227843835949898,497576,55,4,False,Right,Back,Centre,Right,61
<_io.BytesIO object at 0x000001E1C8D90680>,0.9307821989059448,-0.02318766713142395,0.0032386165112257004,497576,55,4,False,Right,Back,Centre,Right,61
<_io.BytesIO object at 0x000001E1C8D90A90>,0.8636050820350647,0.028350651264190674,0.05114288255572319,497576,55,4,False,Right,Back,Centre,Right,61
<_io.BytesIO object at 0x000001E1C8D902C0>,0.8411816358566284,0.0380951464176178,-0.036291997879743576,497576,55,4,False,Right,Back,Centre,Right,61
<_io.BytesIO object at 0x000001E1C8D90770>,0.9078399538993835,0.012755392119288445,-0.050651706755161285,497576,55,4,False,Right,Back,Centre,Right,61
<_io.BytesIO object at 0x000001E1C8D9D9F0>,0.579413890838623,0.15371377766132355,0.36712101101875305,497577,55,4,False,Right,Back,Centre,Right,61
<_io.BytesIO object at 0x000001E1C8DB3680>,0.5688457489013672,0.1507422775030136,0.2858886122703552,497577,55,4,False,Right,Back,Centre,Right,61
<_io.BytesIO object at 0x000001E1C8DB3EA0>,0.5556455850601196,0.11335964500904083,0.29327690601348877,497577,55,4,False,Right,Back,Centre,Right,61
<_io.BytesIO object at 0x000001E1C8DB3F40>,0.6164972186088562,0.06840040534734726,0.3400759994983673,497577,55,4,False,Right,Back,Centre,Right,61
<_io.BytesIO object at 0x000001E1C8DB3A40>,0.5844045877456665,0.08565736562013626,0.27710869908332825,497577,55,4,False,Right,Back,Centre,Right,61
<_io.BytesIO object at 0x000001E1C6033F90>,0.886235773563385,0.04729749634861946,-0.031092990189790726,497577,55,4,False,Right,Back,Centre,Right,61
<_io.BytesIO object at 0x000001E1C6033090>,0.9307678937911987,-0.02316759154200554,0.003272377885878086,497577,55,4,False,Right,Back,Centre,Right,61
<_io.BytesIO object at 0x000001E1C6033B80>,0.8635918498039246,0.028339575976133347,0.05115529149770737,497577,55,4,False,Right,Back,Centre,Right,61
<_io.BytesIO object at 0x000001E1C6033220>,0.8411750793457031,0.03810619190335274,-0.03625129535794258,497577,55,4,False,Right,Back,Centre,Right,61
<_io.BytesIO object at 0x000001E1C60332C0>,0.907850980758667,0.012793325819075108,-0.050621308386325836,497577,55,4,False,Right,Back,Centre,Right,61
<_io.BytesIO object at 0x000001E1C8DB7040>,0.579413890838623,0.15371377766132355,0.36712101101875305,497578,55,4,False,Right,Back,Centre,Right,61
<_io.BytesIO object at 0x000001E1C8DB7860>,0.5688457489013672,0.1507422775030136,0.2858886122703552,497578,55,4,False,Right,Back,Centre,Right,61
<_io.BytesIO object at 0x000001E1C8DB7810>,0.5556455850601196,0.11335964500904083,0.29327690601348877,497578,55,4,False,Right,Back,Centre,Right,61
<_io.BytesIO object at 0x000001E1C8DB72C0>,0.6164972186088562,0.06840040534734726,0.3400759994983673,497578,55,4,False,Right,Back,Centre,Right,61
<_io.BytesIO object at 0x000001E1C8DB7590>,0.5844045877456665,0.08565736562013626,0.27710869908332825,497578,55,4,False,Right,Back,Centre,Right,61
<_io.BytesIO object at 0x000001E1C8F6F630>,0.8862388134002686,0.04730049520730972,-0.03106316365301609,497578,55,4,False,Right,Back,Centre,Right,61
<_io.BytesIO object at 0x000001E1C8F6F400>,0.9307303428649902,-0.02320042997598648,0.0032665403559803963,497578,55,4,False,Right,Back,Centre,Right,61
<_io.BytesIO object at 0x000001E1C8F6FBD0>,0.8635843396186829,0.02830646187067032,0.051162250339984894,497578,55,4,False,Right,Back,Centre,Right,61
<_io.BytesIO object at 0x000001E1C8F6F720>,0.8411521911621094,0.03811667114496231,-0.036193087697029114,497578,55,4,False,Right,Back,Centre,Right,61
<_io.BytesIO object at 0x000001E1C8F6FE00>,0.9078317880630493,0.012794408947229385,-0.050610169768333435,497578,55,4,False,Right,Back,Centre,Right,61
<_io.BytesIO object at 0x000001E1C604E180>,0.579413890838623,0.15371377766132355,0.36712101101875305,497579,55,4,False,Right,Back,Centre,Right,61
<_io.BytesIO object at 0x000001E1C604ED60>,0.5688457489013672,0.1507422775030136,0.2858886122703552,497579,55,4,False,Right,Back,Centre,Right,61
<_io.BytesIO object at 0x000001E1C8DA8270>,0.5556455850601196,0.11335964500904083,0.29327690601348877,497579,55,4,False,Right,Back,Centre,Right,61
<_io.BytesIO object at 0x000001E1C8DA8400>,0.6164972186088562,0.06840040534734726,0.3400759994983673,497579,55,4,False,Right,Back,Centre,Right,61
<_io.BytesIO object at 0x000001E1C8DA8540>,0.5844045877456665,0.08565736562013626,0.27710869908332825,497579,55,4,False,Right,Back,Centre,Right,61
<_io.BytesIO object at 0x000001E1C8DA8D10>,0.8862310647964478,0.04730015620589256,-0.03101912885904312,497579,55,4,False,Right,Back,Centre,Right,61
<_io.BytesIO object at 0x000001E1C8DA8C20>,0.9307319521903992,-0.02321363240480423,0.0032556215301156044,497579,55,4,False,Right,Back,Centre,Right,61
<_io.BytesIO object at 0x000001E1C8DA89F0>,0.8635689616203308,0.028265004977583885,0.05117448791861534,497579,55,4,False,Right,Back,Centre,Right,61
<_io.BytesIO object at 0x000001E1C8DA8EA0>,0.8411308526992798,0.03811659663915634,-0.036162082105875015,497579,55,4,False,Right,Back,Centre,Right,61
<_io.BytesIO object at 0x000001E1C8DEE9A0>,0.9078307747840881,0.012803959660232067,-0.050604768097400665,497579,55,4,False,Right,Back,Centre,Right,61
<_io.BytesIO object at 0x000001E1C6027540>,0.579413890838623,0.15371377766132355,0.36712101101875305,497580,55,4,False,Right,Back,Centre,Right,61
<_io.BytesIO object at 0x000001E1C6027E50>,0.5688457489013672,0.1507422775030136,0.2858886122703552,497580,55,4,False,Right,Back,Centre,Right,61
<_io.BytesIO object at 0x000001E1C605B900>,0.5556455850601196,0.11335964500904083,0.29327690601348877,497580,55,4,False,Right,Back,Centre,Right,61
<_io.BytesIO object at 0x000001E1C605BAE0>,0.6164972186088562,0.06840040534734726,0.3400759994983673,497580,55,4,False,Right,Back,Centre,Right,61
<_io.BytesIO object at 0x000001E1C605B450>,0.5844045877456665,0.08565736562013626,0.27710869908332825,497580,55,4,False,Right,Back,Centre,Right,61
<_io.BytesIO object at 0x000001E1C605B770>,0.8862176537513733,0.04731304198503494,-0.030975766479969025,497580,55,4,False,Right,Back,Centre,Right,61
<_io.BytesIO object at 0x000001E1C605B180>,0.930742621421814,-0.023197922855615616,0.003265983425080776,497580,55,4,False,Right,Back,Centre,Right,61
<_io.BytesIO object at 0x000001E1C605BF90>,0.8635569214820862,0.028240913525223732,0.051204342395067215,497580,55,4,False,Right,Back,Centre,Right,61
<_io.BytesIO object at 0x000001E1C605BD10>,0.8411303162574768,0.03812874108552933,-0.036130938678979874,497580,55,4,False,Right,Back,Centre,Right,61
<_io.BytesIO object at 0x000001E1C604C360>,0.9078359603881836,0.012839341536164284,-0.05058068409562111,497580,55,4,False,Right,Back,Centre,Right,61
<_io.BytesIO object at 0x000001E1C605B590>,0.579413890838623,0.15371377766132355,0.36712101101875305,497581,55,4,False,Right,Back,Centre,Right,61
<_io.BytesIO object at 0x000001E1C60276D0>,0.5688457489013672,0.1507422775030136,0.2858886122703552,497581,55,4,False,Right,Back,Centre,Right,61
<_io.BytesIO object at 0x000001E1C6027720>,0.5556455850601196,0.11335964500904083,0.29327690601348877,497581,55,4,False,Right,Back,Centre,Right,61
<_io.BytesIO object at 0x000001E1C6027040>,0.6164972186088562,0.06840040534734726,0.3400759994983673,497581,55,4,False,Right,Back,Centre,Right,61
<_io.BytesIO object at 0x000001E1C6027360>,0.5844045877456665,0.08565736562013626,0.27710869908332825,497581,55,4,False,Right,Back,Centre,Right,61
<_io.BytesIO object at 0x000001E1C6027220>,0.886206328868866,0.047334685921669006,-0.030921662226319313,497581,55,4,False,Right,Back,Centre,Right,61
<_io.BytesIO object at 0x000001E1C8DEEA90>,0.9307432770729065,-0.023173922672867775,0.0032898765057325363,497581,55,4,False,Right,Back,Centre,Right,61
<_io.BytesIO object at 0x000001E1C8DEE8B0>,0.8635514974594116,0.028230587020516396,0.05122966691851616,497581,55,4,False,Right,Back,Centre,Right,61
<_io.BytesIO object at 0x000001E1C8DEE770>,0.8411245942115784,0.03813425451517105,-0.03610386326909065,497581,55,4,False,Right,Back,Centre,Right,61
<_io.BytesIO object at 0x000001E1C8DEE590>,0.907835841178894,0.01287760678678751,-0.050550322979688644,497581,55,4,False,Right,Back,Centre,Right,61
<_io.BytesIO object at 0x000001E1C8DA88B0>,0.579413890838623,0.15371377766132355,0.36712101101875305,497582,55,4,False,Right,Back,Centre,Right,61
<_io.BytesIO object at 0x000001E1C604E6D0>,0.5688457489013672,0.1507422775030136,0.2858886122703552,497582,55,4,False,Right,Back,Centre,Right,61
<_io.BytesIO object at 0x000001E1C604E950>,0.5556455850601196,0.11335964500904083,0.29327690601348877,497582,55,4,False,Right,Back,Centre,Right,61
<_io.BytesIO object at 0x000001E1C604E9A0>,0.6164972186088562,0.06840040534734726,0.3400759994983673,497582,55,4,False,Right,Back,Centre,Right,61
<_io.BytesIO object at 0x000001E1C604EEF0>,0.5844045877456665,0.08565736562013626,0.27710869908332825,497582,55,4,False,Right,Back,Centre,Right,61
<_io.BytesIO object at 0x000001E1C604E450>,0.8861985206604004,0.04733595252037048,-0.030885780230164528,497582,55,4,False,Right,Back,Centre,Right,61
<_io.BytesIO object at 0x000001E1C604EBD0>,0.9307498931884766,-0.023172929883003235,0.003299436531960964,497582,55,4,False,Right,Back,Centre,Right,61
<_io.BytesIO object at 0x000001E1C1425180>,0.8635475635528564,0.02821054495871067,0.051248688250780106,497582,55,4,False,Right,Back,Centre,Right,61
<_io.BytesIO object at 0x000001E1C1425810>,0.8411097526550293,0.038117170333862305,-0.03607853129506111,497582,55,4,False,Right,Back,Centre,Right,61
<_io.BytesIO object at 0x000001E1C1425130>,0.9078298211097717,0.012881001457571983,-0.05053515359759331,497582,55,4,False,Right,Back,Centre,Right,61
<_io.BytesIO object at 0x000001E1C8DB73B0>,0.579413890838623,0.15371377766132355,0.36712101101875305,497583,55,4,False,Right,Back,Centre,Right,61
<_io.BytesIO object at 0x000001E1C8DB7180>,0.5688457489013672,0.1507422775030136,0.2858886122703552,497583,55,4,False,Right,Back,Centre,Right,61
<_io.BytesIO object at 0x000001E1C8DB7360>,0.5556455850601196,0.11335964500904083,0.29327690601348877,497583,55,4,False,Right,Back,Centre,Right,61
<_io.BytesIO object at 0x000001E1C8E17680>,0.6164972186088562,0.06840040534734726,0.3400759994983673,497583,55,4,False,Right,Back,Centre,Right,61
<_io.BytesIO object at 0x000001E1C8E17950>,0.5844045877456665,0.08565736562013626,0.27710869908332825,497583,55,4,False,Right,Back,Centre,Right,61
<_io.BytesIO object at 0x000001E1C8E17270>,0.8862087726593018,0.04734492674469948,-0.03083919547498226,497583,55,4,False,Right,Back,Centre,Right,61
<_io.BytesIO object at 0x000001E1C8E17810>,0.9307485222816467,-0.02318846806883812,0.0032950937747955322,497583,55,4,False,Right,Back,Centre,Right,61
<_io.BytesIO object at 0x000001E1C8E17770>,0.863538920879364,0.028164032846689224,0.051262371242046356,497583,55,4,False,Right,Back,Centre,Right,61
<_io.BytesIO object at 0x000001E1C8E176D0>,0.8410967588424683,0.03811511769890785,-0.03604438155889511,497583,55,4,False,Right,Back,Centre,Right,61
<_io.BytesIO object at 0x000001E1C8E174A0>,0.9078313112258911,0.012896894477307796,-0.05052085965871811,497583,55,4,False,Right,Back,Centre,Right,61
<_io.BytesIO object at 0x000001E1C8DB3D60>,0.579413890838623,0.15371377766132355,0.36712101101875305,497584,55,4,False,Right,Back,Centre,Right,61
<_io.BytesIO object at 0x000001E1C8DB3EF0>,0.5688457489013672,0.1507422775030136,0.2858886122703552,497584,55,4,False,Right,Back,Centre,Right,61
<_io.BytesIO object at 0x000001E1C8D9D720>,0.5556455850601196,0.11335964500904083,0.29327690601348877,497584,55,4,False,Right,Back,Centre,Right,61
<_io.BytesIO object at 0x000001E1C8D9D860>,0.6164972186088562,0.06840040534734726,0.3400759994983673,497584,55,4,False,Right,Back,Centre,Right,61
<_io.BytesIO object at 0x000001E1C8D9DBD0>,0.5844045877456665,0.08565736562013626,0.27710869908332825,497584,55,4,False,Right,Back,Centre,Right,61
<_io.BytesIO object at 0x000001E1C8D9DDB0>,0.8861866593360901,0.04734158143401146,-0.030800649896264076,497584,55,4,False,Right,Back,Centre,Right,61
<_io.BytesIO object at 0x000001E1C8D9DC20>,0.9307470917701721,-0.0231856107711792,0.0033004945144057274,497584,55,4,False,Right,Back,Centre,Right,61
<_io.BytesIO object at 0x000001E1C8D9DD10>,0.8635399341583252,0.028121953830122948,0.051287680864334106,497584,55,4,False,Right,Back,Centre,Right,61
<_io.BytesIO object at 0x000001E1C8D9D180>,0.8410725593566895,0.03811020031571388,-0.03599705174565315,497584,55,4,False,Right,Back,Centre,Right,61
<_io.BytesIO object at 0x000001E1C8D9DE50>,0.9078241586685181,0.01292008999735117,-0.05049774795770645,497584,55,4,False,Right,Back,Centre,Right,61
<_io.BytesIO object at 0x000001E1C6040130>,0.579413890838623,0.15371377766132355,0.36712101101875305,497585,55,4,False,Right,Back,Centre,Right,61
<_io.BytesIO object at 0x000001E1C60409A0>,0.5688457489013672,0.1507422775030136,0.2858886122703552,497585,55,4,False,Right,Back,Centre,Right,61
<_io.BytesIO object at 0x000001E1C60404A0>,0.5556455850601196,0.11335964500904083,0.29327690601348877,497585,55,4,False,Right,Back,Centre,Right,61
<_io.BytesIO object at 0x000001E1C604C0E0>,0.6164972186088562,0.06840040534734726,0.3400759994983673,497585,55,4,False,Right,Back,Centre,Right,61
<_io.BytesIO object at 0x000001E1C604C590>,0.5844045877456665,0.08565736562013626,0.27710869908332825,497585,55,4,False,Right,Back,Centre,Right,61
<_io.BytesIO object at 0x000001E1C604C6D0>,0.8861149549484253,0.047325219959020615,-0.03074304573237896,497585,55,4,False,Right,Back,Centre,Right,61
<_io.BytesIO object at 0x000001E1C604C950>,0.9306634664535522,-0.023214265704154968,0.0032949093729257584,497585,55,4,False,Right,Back,Centre,Right,61
<_io.BytesIO object at 0x000001E1C604CAE0>,0.8635097742080688,0.02807966247200966,0.051315199583768845,497585,55,4,False,Right,Back,Centre,Right,61
<_io.BytesIO object at 0x000001E1C604CB80>,0.8410531282424927,0.03810751810669899,-0.03597895801067352,497585,55,4,False,Right,Back,Centre,Right,61
<_io.BytesIO object at 0x000001E1C604CE00>,0.9077383279800415,0.01294906809926033,-0.050484903156757355,497585,55,4,False,Right,Back,Centre,Right,61
<_io.BytesIO object at 0x000001E1C60403B0>,0.579413890838623,0.15371377766132355,0.36712101101875305,497586,55,4,False,Right,Back,Centre,Right,61
<_io.BytesIO object at 0x000001E1C6040680>,0.5688457489013672,0.1507422775030136,0.2858886122703552,497586,55,4,False,Right,Back,Centre,Right,61
<_io.BytesIO object at 0x000001E1C8D902C0>,0.5556455850601196,0.11335964500904083,0.29327690601348877,497586,55,4,False,Right,Back,Centre,Right,61
<_io.BytesIO object at 0x000001E1C8D90770>,0.6164972186088562,0.06840040534734726,0.3400759994983673,497586,55,4,False,Right,Back,Centre,Right,61
<_io.BytesIO object at 0x000001E1C8D903B0>,0.5844045877456665,0.08565736562013626,0.27710869908332825,497586,55,4,False,Right,Back,Centre,Right,61
<_io.BytesIO object at 0x000001E1C8D909F0>,0.886080801486969,0.04733092337846756,-0.03069033846259117,497586,55,4,False,Right,Back,Centre,Right,61
<_io.BytesIO object at 0x000001E1C8D90400>,0.9306213855743408,-0.023162610828876495,0.003399656154215336,497586,55,4,False,Right,Back,Centre,Right,61
<_io.BytesIO object at 0x000001E1C8D900E0>,0.8634764552116394,0.028036221861839294,0.05133761093020439,497586,55,4,False,Right,Back,Centre,Right,61
<_io.BytesIO object at 0x000001E1C8D9D040>,0.8410213589668274,0.03811143711209297,-0.035944417119026184,497586,55,4,False,Right,Back,Centre,Right,61
<_io.BytesIO object at 0x000001E1C8D9D5E0>,0.9077712893486023,0.01302656065672636,-0.05038582533597946,497586,55,4,False,Right,Back,Centre,Right,61
<_io.BytesIO object at 0x000001E1C8DB39F0>,0.579413890838623,0.15371377766132355,0.36712101101875305,497587,55,4,False,Right,Back,Centre,Right,61
<_io.BytesIO object at 0x000001E1C8DB33B0>,0.5688457489013672,0.1507422775030136,0.2858886122703552,497587,55,4,False,Right,Back,Centre,Right,61
<_io.BytesIO object at 0x000001E1C6033EA0>,0.5556455850601196,0.11335964500904083,0.29327690601348877,497587,55,4,False,Right,Back,Centre,Right,61
<_io.BytesIO object at 0x000001E1C6033E50>,0.6164972186088562,0.06840040534734726,0.3400759994983673,497587,55,4,False,Right,Back,Centre,Right,61
<_io.BytesIO object at 0x000001E1C60334F0>,0.5844045877456665,0.08565736562013626,0.27710869908332825,497587,55,4,False,Right,Back,Centre,Right,61
<_io.BytesIO object at 0x000001E1C6033B30>,0.8860525488853455,0.04735197499394417,-0.030648445710539818,497587,55,4,False,Right,Back,Centre,Right,61
<_io.BytesIO object at 0x000001E1C6033EF0>,0.9306190609931946,-0.02314722165465355,0.0034116460010409355,497587,55,4,False,Right,Back,Centre,Right,61
<_io.BytesIO object at 0x000001E1C60338B0>,0.8634532690048218,0.02800881490111351,0.05137735605239868,497587,55,4,False,Right,Back,Centre,Right,61
<_io.BytesIO object at 0x000001E1C8E17590>,0.8409822583198547,0.03811149299144745,-0.03590720146894455,497587,55,4,False,Right,Back,Centre,Right,61
<_io.BytesIO object at 0x000001E1C8E17C20>,0.90775066614151,0.013049809262156487,-0.050356701016426086,497587,55,4,False,Right,Back,Centre,Right,61
<_io.BytesIO object at 0x000001E1C8DB71D0>,0.579413890838623,0.15371377766132355,0.36712101101875305,497588,55,4,False,Right,Back,Centre,Right,61
<_io.BytesIO object at 0x000001E1C8F6F270>,0.5688457489013672,0.1507422775030136,0.2858886122703552,497588,55,4,False,Right,Back,Centre,Right,61
<_io.BytesIO object at 0x000001E1C8F6F9F0>,0.5556455850601196,0.11335964500904083,0.29327690601348877,497588,55,4,False,Right,Back,Centre,Right,61
<_io.BytesIO object at 0x000001E1C8F6F810>,0.6164972186088562,0.06840040534734726,0.3400759994983673,497588,55,4,False,Right,Back,Centre,Right,61
<_io.BytesIO object at 0x000001E1C8F6FA40>,0.5844045877456665,0.08565736562013626,0.27710869908332825,497588,55,4,False,Right,Back,Centre,Right,61
<_io.BytesIO object at 0x000001E1C8F6F590>,0.886013388633728,0.04735864698886871,-0.030602075159549713,497588,55,4,False,Right,Back,Centre,Right,61
<_io.BytesIO object at 0x000001E1C8F6FEA0>,0.9306198358535767,-0.02312730997800827,0.003429938107728958,497588,55,4,False,Right,Back,Centre,Right,61
<_io.BytesIO object at 0x000001E1C1425360>,0.8634145855903625,0.027966871857643127,0.0514109767973423,497588,55,4,False,Right,Back,Centre,Right,61
<_io.BytesIO object at 0x000001E1C1425040>,0.8409765958786011,0.0381157249212265,-0.03588467836380005,497588,55,4,False,Right,Back,Centre,Right,61
<_io.BytesIO object at 0x000001E1C1425590>,0.9077491164207458,0.013092724606394768,-0.05032391846179962,497588,55,4,False,Right,Back,Centre,Right,61
<_io.BytesIO object at 0x000001E1C8DA8270>,0.579413890838623,0.15371377766132355,0.36712101101875305,497589,55,4,False,Right,Back,Centre,Right,61
<_io.BytesIO object at 0x000001E1C8DA8540>,0.5688457489013672,0.1507422775030136,0.2858886122703552,497589,55,4,False,Right,Back,Centre,Right,61
<_io.BytesIO object at 0x000001E1C8DA8720>,0.5556455850601196,0.11335964500904083,0.29327690601348877,497589,55,4,False,Right,Back,Centre,Right,61
<_io.BytesIO object at 0x000001E1C8DA8E50>,0.6164972186088562,0.06840040534734726,0.3400759994983673,497589,55,4,False,Right,Back,Centre,Right,61
<_io.BytesIO object at 0x000001E1C8DEEE00>,0.5844045877456665,0.08565736562013626,0.27710869908332825,497589,55,4,False,Right,Back,Centre,Right,61
<_io.BytesIO object at 0x000001E1C8DEE630>,0.8859800100326538,0.04736623913049698,-0.030567066743969917,497589,55,4,False,Right,Back,Centre,Right,61
<_io.BytesIO object at 0x000001E1C8DEE220>,0.9306055903434753,-0.023114752024412155,0.003449501469731331,497589,55,4,False,Right,Back,Centre,Right,61
<_io.BytesIO object at 0x000001E1C8DEE3B0>,0.8633970022201538,0.027919497340917587,0.051435042172670364,497589,55,4,False,Right,Back,Centre,Right,61
<_io.BytesIO object at 0x000001E1C8DEE590>,0.8409536480903625,0.038101863116025925,-0.03587118908762932,497589,55,4,False,Right,Back,Centre,Right,61
<_io.BytesIO object at 0x000001E1C8DEE720>,0.9077378511428833,0.01312427967786789,-0.05029139295220375,497589,55,4,False,Right,Back,Centre,Right,61
<_io.BytesIO object at 0x000001E1C6027C70>,0.579413890838623,0.15371377766132355,0.36712101101875305,497590,55,4,False,Right,Back,Centre,Right,61
<_io.BytesIO object at 0x000001E1C6027B30>,0.5688457489013672,0.1507422775030136,0.2858886122703552,497590,55,4,False,Right,Back,Centre,Right,61
<_io.BytesIO object at 0x000001E1C60275E0>,0.5556455850601196,0.11335964500904083,0.29327690601348877,497590,55,4,False,Right,Back,Centre,Right,61
<_io.BytesIO object at 0x000001E1C6027090>,0.6164972186088562,0.06840040534734726,0.3400759994983673,497590,55,4,False,Right,Back,Centre,Right,61
<_io.BytesIO object at 0x000001E1C6027B80>,0.5844045877456665,0.08565736562013626,0.27710869908332825,497590,55,4,False,Right,Back,Centre,Right,61
<_io.BytesIO object at 0x000001E1C60270E0>,0.8858800530433655,0.04742973670363426,-0.03049565851688385,497590,55,4,False,Right,Back,Centre,Right,61
<_io.BytesIO object at 0x000001E1C8DEE0E0>,0.9305955171585083,-0.023052243515849113,0.0034821471199393272,497590,55,4,False,Right,Back,Centre,Right,61
<_io.BytesIO object at 0x000001E1C8DEEDB0>,0.8633727431297302,0.02788981981575489,0.05145275592803955,497590,55,4,False,Right,Back,Centre,Right,61
<_io.BytesIO object at 0x000001E1C8DEE590>,0.8409358859062195,0.038108162581920624,-0.03585527837276459,497590,55,4,False,Right,Back,Centre,Right,61
<_io.BytesIO object at 0x000001E1C8DEE130>,0.907748281955719,0.013171645812690258,-0.05025157704949379,497590,55,4,False,Right,Back,Centre,Right,61
<_io.BytesIO object at 0x000001E1C8DA8770>,0.579413890838623,0.15371377766132355,0.36712101101875305,497591,55,4,False,Right,Back,Centre,Right,61
<_io.BytesIO object at 0x000001E1C604EE50>,0.5688457489013672,0.1507422775030136,0.2858886122703552,497591,55,4,False,Right,Back,Centre,Right,61
<_io.BytesIO object at 0x000001E1C604EEF0>,0.5556455850601196,0.11335964500904083,0.29327690601348877,497591,55,4,False,Right,Back,Centre,Right,61
<_io.BytesIO object at 0x000001E1C604E4F0>,0.6164972186088562,0.06840040534734726,0.3400759994983673,497591,55,4,False,Right,Back,Centre,Right,61
<_io.BytesIO object at 0x000001E1C604EA40>,0.5844045877456665,0.08565736562013626,0.27710869908332825,497591,55,4,False,Right,Back,Centre,Right,61
<_io.BytesIO object at 0x000001E1C604E8B0>,0.8858635425567627,0.047433167695999146,-0.0304684117436409,497591,55,4,False,Right,Back,Centre,Right,61
<_io.BytesIO object at 0x000001E1C1425180>,0.9306009411811829,-0.023053813725709915,0.0034880489110946655,497591,55,4,False,Right,Back,Centre,Right,61
<_io.BytesIO object at 0x000001E1C1425040>,0.8633068799972534,0.027848076075315475,0.05147823318839073,497591,55,4,False,Right,Back,Centre,Right,61
<_io.BytesIO object at 0x000001E1C1425680>,0.8409133553504944,0.038108453154563904,-0.03583940863609314,497591,55,4,False,Right,Back,Centre,Right,61
<_io.BytesIO object at 0x000001E1C8F6F900>,0.9077468514442444,0.013182707130908966,-0.050231922417879105,497591,55,4,False,Right,Back,Centre,Right,61
<_io.BytesIO object at 0x000001E1C8DB7220>,0.579413890838623,0.15371377766132355,0.36712101101875305,497592,55,4,False,Right,Back,Centre,Right,61
<_io.BytesIO object at 0x000001E1C8DB7B30>,0.5688457489013672,0.1507422775030136,0.2858886122703552,497592,55,4,False,Right,Back,Centre,Right,61
<_io.BytesIO object at 0x000001E1C8E171D0>,0.5556455850601196,0.11335964500904083,0.29327690601348877,497592,55,4,False,Right,Back,Centre,Right,61
<_io.BytesIO object at 0x000001E1C8E176D0>,0.6164972186088562,0.06840040534734726,0.3400759994983673,497592,55,4,False,Right,Back,Centre,Right,61
<_io.BytesIO object at 0x000001E1C8E17AE0>,0.5844045877456665,0.08565736562013626,0.27710869908332825,497592,55,4,False,Right,Back,Centre,Right,61
<_io.BytesIO object at 0x000001E1C8E17360>,0.8858538269996643,0.04741853475570679,-0.030448153614997864,497592,55,4,False,Right,Back,Centre,Right,61
<_io.BytesIO object at 0x000001E1C8E17900>,0.9305881857872009,-0.02306048758327961,0.0035052746534347534,497592,55,4,False,Right,Back,Centre,Right,61
<_io.BytesIO object at 0x000001E1C8E17590>,0.8632804155349731,0.027799922972917557,0.05149690806865692,497592,55,4,False,Right,Back,Centre,Right,61
<_io.BytesIO object at 0x000001E1C6033130>,0.8409090042114258,0.038105834275484085,-0.03582283481955528,497592,55,4,False,Right,Back,Centre,Right,61
<_io.BytesIO object at 0x000001E1C6033590>,0.9077478647232056,0.013208404183387756,-0.05020274221897125,497592,55,4,False,Right,Back,Centre,Right,61
<_io.BytesIO object at 0x000001E1C8DB34F0>,0.579413890838623,0.15371377766132355,0.36712101101875305,497593,55,4,False,Right,Back,Centre,Right,61
<_io.BytesIO object at 0x000001E1C8DB3810>,0.5688457489013672,0.1507422775030136,0.2858886122703552,497593,55,4,False,Right,Back,Centre,Right,61
<_io.BytesIO object at 0x000001E1C8D90400>,0.5556455850601196,0.11335964500904083,0.29327690601348877,497593,55,4,False,Right,Back,Centre,Right,61
<_io.BytesIO object at 0x000001E1C8D905E0>,0.6164972186088562,0.06840040534734726,0.3400759994983673,497593,55,4,False,Right,Back,Centre,Right,61
<_io.BytesIO object at 0x000001E1C8D90720>,0.5844045877456665,0.08565736562013626,0.27710869908332825,497593,55,4,False,Right,Back,Centre,Right,61
<_io.BytesIO object at 0x000001E1C8D90E50>,0.8858582377433777,0.04743906855583191,-0.030399633571505547,497593,55,4,False,Right,Back,Centre,Right,61
<_io.BytesIO object at 0x000001E1C8D90A90>,0.9305976629257202,-0.023055102676153183,0.0035201506689190865,497593,55,4,False,Right,Back,Centre,Right,61
<_io.BytesIO object at 0x000001E1C8D90D10>,0.8632553219795227,0.027761247009038925,0.051520735025405884,497593,55,4,False,Right,Back,Centre,Right,61
<_io.BytesIO object at 0x000001E1C6040400>,0.8408987522125244,0.03809884935617447,-0.03581472113728523,497593,55,4,False,Right,Back,Centre,Right,61
<_io.BytesIO object at 0x000001E1C60404F0>,0.9077566862106323,0.013231264427304268,-0.05017634853720665,497593,55,4,False,Right,Back,Centre,Right,61
<_io.BytesIO object at 0x000001E1C8D9DC20>,0.579413890838623,0.15371377766132355,0.36712101101875305,497594,55,4,False,Right,Back,Centre,Right,61
<_io.BytesIO object at 0x000001E1C8D9DE50>,0.5688457489013672,0.1507422775030136,0.2858886122703552,497594,55,4,False,Right,Back,Centre,Right,61
<_io.BytesIO object at 0x000001E1C604C0E0>,0.5556455850601196,0.11335964500904083,0.29327690601348877,497594,55,4,False,Right,Back,Centre,Right,61
<_io.BytesIO object at 0x000001E1C604C4F0>,0.6164972186088562,0.06840040534734726,0.3400759994983673,497594,55,4,False,Right,Back,Centre,Right,61
<_io.BytesIO object at 0x000001E1C604C8B0>,0.5844045877456665,0.08565736562013626,0.27710869908332825,497594,55,4,False,Right,Back,Centre,Right,61
<_io.BytesIO object at 0x000001E1C604CB80>,0.8858517408370972,0.04744899272918701,-0.030373461544513702,497594,55,4,False,Right,Back,Centre,Right,61
<_io.BytesIO object at 0x000001E1C604CA40>,0.9305955171585083,-0.023062538355588913,0.0035272054374217987,497594,55,4,False,Right,Back,Centre,Right,61
<_io.BytesIO object at 0x000001E1C604C360>,0.8632338643074036,0.027722278609871864,0.051553692668676376,497594,55,4,False,Right,Back,Centre,Right,61
<_io.BytesIO object at 0x000001E1C604CF90>,0.8409103751182556,0.038111962378025055,-0.03579608350992203,497594,55,4,False,Right,Back,Centre,Right,61
<_io.BytesIO object at 0x000001E1C605BB30>,0.9077558517456055,0.013252793811261654,-0.050150107592344284,497594,55,4,False,Right,Back,Centre,Right,61
<_io.BytesIO object at 0x000001E1C604CEA0>,0.579413890838623,0.15371377766132355,0.36712101101875305,497595,55,4,False,Right,Back,Centre,Right,61
<_io.BytesIO object at 0x000001E1C8D9D040>,0.5688457489013672,0.1507422775030136,0.2858886122703552,497595,55,4,False,Right,Back,Centre,Right,61
<_io.BytesIO object at 0x000001E1C8D9DDB0>,0.5556455850601196,0.11335964500904083,0.29327690601348877,497595,55,4,False,Right,Back,Centre,Right,61
<_io.BytesIO object at 0x000001E1C8D9D360>,0.6164972186088562,0.06840040534734726,0.3400759994983673,497595,55,4,False,Right,Back,Centre,Right,61
<_io.BytesIO object at 0x000001E1C8D9DBD0>,0.5844045877456665,0.08565736562013626,0.27710869908332825,497595,55,4,False,Right,Back,Centre,Right,61
<_io.BytesIO object at 0x000001E1C8D9D090>,0.8858462572097778,0.04746222123503685,-0.03034970536828041,497595,55,4,False,Right,Back,Centre,Right,61
<_io.BytesIO object at 0x000001E1C60407C0>,0.9305697679519653,-0.023066718131303787,0.003543991595506668,497595,55,4,False,Right,Back,Centre,Right,61
<_io.BytesIO object at 0x000001E1C6040D10>,0.863235592842102,0.027702927589416504,0.05155831202864647,497595,55,4,False,Right,Back,Centre,Right,61
<_io.BytesIO object at 0x000001E1C6040590>,0.8409042954444885,0.03812325745820999,-0.03579304367303848,497595,55,4,False,Right,Back,Centre,Right,61
<_io.BytesIO object at 0x000001E1C6040130>,0.9077607989311218,0.013266202993690968,-0.050128452479839325,497595,55,4,False,Right,Back,Centre,Right,61
<_io.BytesIO object at 0x000001E1C8D904A0>,0.579413890838623,0.15371377766132355,0.36712101101875305,497596,55,4,False,Right,Back,Centre,Right,61
<_io.BytesIO object at 0x000001E1C8DB35E0>,0.5688457489013672,0.1507422775030136,0.2858886122703552,497596,55,4,False,Right,Back,Centre,Right,61
<_io.BytesIO object at 0x000001E1C8DB3720>,0.5556455850601196,0.11335964500904083,0.29327690601348877,497596,55,4,False,Right,Back,Centre,Right,61
<_io.BytesIO object at 0x000001E1C8DB3D10>,0.6164972186088562,0.06840040534734726,0.3400759994983673,497596,55,4,False,Right,Back,Centre,Right,61
<_io.BytesIO object at 0x000001E1C8DB3B30>,0.5844045877456665,0.08565736562013626,0.27710869908332825,497596,55,4,False,Right,Back,Centre,Right,61
<_io.BytesIO object at 0x000001E1C8DB3B80>,0.8858495950698853,0.0474630706012249,-0.030338292941451073,497596,55,4,False,Right,Back,Centre,Right,61
<_io.BytesIO object at 0x000001E1C6033A40>,0.9305852651596069,-0.02306426130235195,0.0035325847566127777,497596,55,4,False,Right,Back,Centre,Right,61
<_io.BytesIO object at 0x000001E1C6033A90>,0.8632368445396423,0.02769635245203972,0.05156877636909485,497596,55,4,False,Right,Back,Centre,Right,61
<_io.BytesIO object at 0x000001E1C6033680>,0.840906023979187,0.038133442401885986,-0.035779908299446106,497596,55,4,False,Right,Back,Centre,Right,61
<_io.BytesIO object at 0x000001E1C6033270>,0.9077633023262024,0.013278594240546227,-0.05013063922524452,497596,55,4,False,Right,Back,Centre,Right,61
<_io.BytesIO object at 0x000001E1C8E176D0>,0.579413890838623,0.15371377766132355,0.36712101101875305,497597,55,4,False,Right,Back,Centre,Right,61
<_io.BytesIO object at 0x000001E1C8DB75E0>,0.5688457489013672,0.1507422775030136,0.2858886122703552,497597,55,4,False,Right,Back,Centre,Right,61
<_io.BytesIO object at 0x000001E1C8DB7630>,0.5556455850601196,0.11335964500904083,0.29327690601348877,497597,55,4,False,Right,Back,Centre,Right,61
<_io.BytesIO object at 0x000001E1C8DB7810>,0.6164972186088562,0.06840040534734726,0.3400759994983673,497597,55,4,False,Right,Back,Centre,Right,61
<_io.BytesIO object at 0x000001E1C8DB76D0>,0.5844045877456665,0.08565736562013626,0.27710869908332825,497597,55,4,False,Right,Back,Centre,Right,61
<_io.BytesIO object at 0x000001E1C8DB7D60>,0.8858598470687866,0.04746495932340622,-0.030339177697896957,497597,55,4,False,Right,Back,Centre,Right,61
<_io.BytesIO object at 0x000001E1C8F6F7C0>,0.9305789470672607,-0.023078814148902893,0.0035364842042326927,497597,55,4,False,Right,Back,Centre,Right,61
<_io.BytesIO object at 0x000001E1C8F6F630>,0.8632383942604065,0.027677105739712715,0.05157339200377464,497597,55,4,False,Right,Back,Centre,Right,61
<_io.BytesIO object at 0x000001E1C8F6FAE0>,0.8409027457237244,0.03812720626592636,-0.035786744207143784,497597,55,4,False,Right,Back,Centre,Right,61
<_io.BytesIO object at 0x000001E1C8F6F8B0>,0.9077656865119934,0.013269738294184208,-0.05012241005897522,497597,55,4,False,Right,Back,Centre,Right,61
<_io.BytesIO object at 0x000001E1C604EE50>,0.579413890838623,0.15371377766132355,0.36712101101875305,497598,55,4,False,Right,Back,Centre,Right,61
<_io.BytesIO object at 0x000001E1C604E3B0>,0.5688457489013672,0.1507422775030136,0.2858886122703552,497598,55,4,False,Right,Back,Centre,Right,61
<_io.BytesIO object at 0x000001E1C8DA8900>,0.5556455850601196,0.11335964500904083,0.29327690601348877,497598,55,4,False,Right,Back,Centre,Right,61
<_io.BytesIO object at 0x000001E1C8DA8040>,0.6164972186088562,0.06840040534734726,0.3400759994983673,497598,55,4,False,Right,Back,Centre,Right,61
<_io.BytesIO object at 0x000001E1C8DA8090>,0.5844045877456665,0.08565736562013626,0.27710869908332825,497598,55,4,False,Right,Back,Centre,Right,61
<_io.BytesIO object at 0x000001E1C8DA85E0>,0.8858534097671509,0.04746897518634796,-0.030331403017044067,497598,55,4,False,Right,Back,Centre,Right,61
<_io.BytesIO object at 0x000001E1C8DA8680>,0.9305634498596191,-0.023090818896889687,0.0035308627411723137,497598,55,4,False,Right,Back,Centre,Right,61
<_io.BytesIO object at 0x000001E1C8DA8B80>,0.8632345199584961,0.027670525014400482,0.05157749727368355,497598,55,4,False,Right,Back,Centre,Right,61
<_io.BytesIO object at 0x000001E1C8DA8220>,0.8409140706062317,0.038143955171108246,-0.03576060011982918,497598,55,4,False,Right,Back,Centre,Right,61
<_io.BytesIO object at 0x000001E1C8DA8450>,0.9077592492103577,0.013273797929286957,-0.05012019723653793,497598,55,4,False,Right,Back,Centre,Right,61
<_io.BytesIO object at 0x000001E1C60277C0>,0.579413890838623,0.15371377766132355,0.36712101101875305,497599,55,4,False,Right,Back,Centre,Right,61
<_io.BytesIO object at 0x000001E1C6027BD0>,0.5688457489013672,0.1507422775030136,0.2858886122703552,497599,55,4,False,Right,Back,Centre,Right,61
<_io.BytesIO object at 0x000001E1C6027A40>,0.5556455850601196,0.11335964500904083,0.29327690601348877,497599,55,4,False,Right,Back,Centre,Right,61
<_io.BytesIO object at 0x000001E1C605B180>,0.6164972186088562,0.06840040534734726,0.3400759994983673,497599,55,4,False,Right,Back,Centre,Right,61
<_io.BytesIO object at 0x000001E1C605B9A0>,0.5844045877456665,0.08565736562013626,0.27710869908332825,497599,55,4,False,Right,Back,Centre,Right,61
<_io.BytesIO object at 0x000001E1C605B6D0>,0.8858473300933838,0.04745747521519661,-0.030338941141963005,497599,55,4,False,Right,Back,Centre,Right,61
<_io.BytesIO object at 0x000001E1C605B0E0>,0.9305799603462219,-0.02307475358247757,0.0035301335155963898,497599,55,4,False,Right,Back,Centre,Right,61
<_io.BytesIO object at 0x000001E1C605BBD0>,0.8632387518882751,0.027670977637171745,0.05157480761408806,497599,55,4,False,Right,Back,Centre,Right,61
<_io.BytesIO object at 0x000001E1C605B450>,0.8409010767936707,0.03812505304813385,-0.035779986530542374,497599,55,4,False,Right,Back,Centre,Right,61
<_io.BytesIO object at 0x000001E1C605BDB0>,0.9077586531639099,0.013278715312480927,-0.05012532323598862,497599,55,4,False,Right,Back,Centre,Right,61
<_io.BytesIO object at 0x000001E1C60270E0>,0.579413890838623,0.15371377766132355,0.36712101101875305,497600,55,4,False,Right,Back,Centre,Right,61
<_io.BytesIO object at 0x000001E1C8DEE040>,0.5688457489013672,0.1507422775030136,0.2858886122703552,497600,55,4,False,Right,Back,Centre,Right,61
<_io.BytesIO object at 0x000001E1C8DEE3B0>,0.5556455850601196,0.11335964500904083,0.29327690601348877,497600,55,4,False,Right,Back,Centre,Right,61
<_io.BytesIO object at 0x000001E1C8DEEC20>,0.6164972186088562,0.06840040534734726,0.3400759994983673,497600,55,4,False,Right,Back,Centre,Right,61
<_io.BytesIO object at 0x000001E1C8DEE090>,0.5844045877456665,0.08565736562013626,0.27710869908332825,497600,55,4,False,Right,Back,Centre,Right,61
<_io.BytesIO object at 0x000001E1C8DEEB30>,0.885847270488739,0.04744666814804077,-0.030336521565914154,497600,55,4,False,Right,Back,Centre,Right,61
<_io.BytesIO object at 0x000001E1C8DEE680>,0.9305800199508667,-0.023085154592990875,0.003522043116390705,497600,55,4,False,Right,Back,Centre,Right,61
<_io.BytesIO object at 0x000001E1C8DA8950>,0.8632332682609558,0.027662597596645355,0.05157693475484848,497600,55,4,False,Right,Back,Centre,Right,61
<_io.BytesIO object at 0x000001E1C8DA8E50>,0.8408879041671753,0.038121968507766724,-0.035777077078819275,497600,55,4,False,Right,Back,Centre,Right,61
<_io.BytesIO object at 0x000001E1C8DA8720>,0.9077524542808533,0.013271485455334187,-0.05013003200292587,497600,55,4,False,Right,Back,Centre,Right,61
<_io.BytesIO object at 0x000001E1C604EDB0>,0.579413890838623,0.15371377766132355,0.36712101101875305,497601,55,4,False,Right,Back,Centre,Right,61
<_io.BytesIO object at 0x000001E1C604E540>,0.5688457489013672,0.1507422775030136,0.2858886122703552,497601,55,4,False,Right,Back,Centre,Right,61
<_io.BytesIO object at 0x000001E1C1425720>,0.5556455850601196,0.11335964500904083,0.29327690601348877,497601,55,4,False,Right,Back,Centre,Right,61
<_io.BytesIO object at 0x000001E1C8F6F590>,0.6164972186088562,0.06840040534734726,0.3400759994983673,497601,55,4,False,Right,Back,Centre,Right,61
<_io.BytesIO object at 0x000001E1C8F6F270>,0.5844045877456665,0.08565736562013626,0.27710869908332825,497601,55,4,False,Right,Back,Centre,Right,61
<_io.BytesIO object at 0x000001E1C8F6F5E0>,0.8858379125595093,0.04744340851902962,-0.030338231474161148,497601,55,4,False,Right,Back,Centre,Right,61
<_io.BytesIO object at 0x000001E1C8F6FC20>,0.9305711388587952,-0.02309073694050312,0.0035096164792776108,497601,55,4,False,Right,Back,Centre,Right,61
<_io.BytesIO object at 0x000001E1C8F6F720>,0.8632275462150574,0.027644474059343338,0.05157497897744179,497601,55,4,False,Right,Back,Centre,Right,61
<_io.BytesIO object at 0x000001E1C8F6FAE0>,0.8408669829368591,0.03811556473374367,-0.035780083388090134,497601,55,4,False,Right,Back,Centre,Right,61
<_io.BytesIO object at 0x000001E1C8F6FE50>,0.9077388644218445,0.013273412361741066,-0.05013545975089073,497601,55,4,False,Right,Back,Centre,Right,61
<_io.BytesIO object at 0x000001E1C8E17D10>,0.579413890838623,0.15371377766132355,0.36712101101875305,497602,55,4,False,Right,Back,Centre,Right,61
<_io.BytesIO object at 0x000001E1C8E17F40>,0.5688457489013672,0.1507422775030136,0.2858886122703552,497602,55,4,False,Right,Back,Centre,Right,61
<_io.BytesIO object at 0x000001E1C8E170E0>,0.5556455850601196,0.11335964500904083,0.29327690601348877,497602,55,4,False,Right,Back,Centre,Right,61
<_io.BytesIO object at 0x000001E1C6033040>,0.6164972186088562,0.06840040534734726,0.3400759994983673,497602,55,4,False,Right,Back,Centre,Right,61
<_io.BytesIO object at 0x000001E1C6033F90>,0.5844045877456665,0.08565736562013626,0.27710869908332825,497602,55,4,False,Right,Back,Centre,Right,61
<_io.BytesIO object at 0x000001E1C6033310>,0.8858221173286438,0.04744686558842659,-0.03033297136425972,497602,55,4,False,Right,Back,Centre,Right,61
<_io.BytesIO object at 0x000001E1C6033810>,0.9305733442306519,-0.023064296692609787,0.003521028906106949,497602,55,4,False,Right,Back,Centre,Right,61
<_io.BytesIO object at 0x000001E1C6033220>,0.8632320761680603,0.027659947052598,0.05158070847392082,497602,55,4,False,Right,Back,Centre,Right,61
<_io.BytesIO object at 0x000001E1C6033680>,0.8408555388450623,0.03810982033610344,-0.03576955571770668,497602,55,4,False,Right,Back,Centre,Right,61
<_io.BytesIO object at 0x000001E1C60330E0>,0.9077289700508118,0.013290517963469028,-0.05012863874435425,497602,55,4,False,Right,Back,Centre,Right,61
<_io.BytesIO object at 0x000001E1C8D905E0>,0.579413890838623,0.15371377766132355,0.36712101101875305,497603,55,4,False,Right,Back,Centre,Right,61
<_io.BytesIO object at 0x000001E1C8D90E50>,0.5688457489013672,0.1507422775030136,0.2858886122703552,497603,55,4,False,Right,Back,Centre,Right,61
<_io.BytesIO object at 0x000001E1C8D90950>,0.5556455850601196,0.11335964500904083,0.29327690601348877,497603,55,4,False,Right,Back,Centre,Right,61
<_io.BytesIO object at 0x000001E1C6040400>,0.6164972186088562,0.06840040534734726,0.3400759994983673,497603,55,4,False,Right,Back,Centre,Right,61
<_io.BytesIO object at 0x000001E1C6040770>,0.5844045877456665,0.08565736562013626,0.27710869908332825,497603,55,4,False,Right,Back,Centre,Right,61
<_io.BytesIO object at 0x000001E1C60404F0>,0.8858101963996887,0.04744856804609299,-0.030335187911987305,497603,55,4,False,Right,Back,Centre,Right,61
<_io.BytesIO object at 0x000001E1C60400E0>,0.9305642247200012,-0.023071564733982086,0.0035035694018006325,497603,55,4,False,Right,Back,Centre,Right,61
<_io.BytesIO object at 0x000001E1C6040F90>,0.8632367849349976,0.027665596455335617,0.051583170890808105,497603,55,4,False,Right,Back,Centre,Right,61
<_io.BytesIO object at 0x000001E1C6040BD0>,0.8408406376838684,0.038124531507492065,-0.03576086461544037,497603,55,4,False,Right,Back,Centre,Right,61
<_io.BytesIO object at 0x000001E1C6040D10>,0.9077135920524597,0.013283923268318176,-0.05013951286673546,497603,55,4,False,Right,Back,Centre,Right,61
<_io.BytesIO object at 0x000001E1C8D9D2C0>,0.579413890838623,0.15371377766132355,0.36712101101875305,497604,55,4,False,Right,Back,Centre,Right,61
<_io.BytesIO object at 0x000001E1C8D9D7C0>,0.5688457489013672,0.1507422775030136,0.2858886122703552,497604,55,4,False,Right,Back,Centre,Right,61
<_io.BytesIO object at 0x000001E1C8D9D400>,0.5556455850601196,0.11335964500904083,0.29327690601348877,497604,55,4,False,Right,Back,Centre,Right,61
<_io.BytesIO object at 0x000001E1C8D9D860>,0.6164972186088562,0.06840040534734726,0.3400759994983673,497604,55,4,False,Right,Back,Centre,Right,61
<_io.BytesIO object at 0x000001E1C8D9D720>,0.5844045877456665,0.08565736562013626,0.27710869908332825,497604,55,4,False,Right,Back,Centre,Right,61
<_io.BytesIO object at 0x000001E1C8D9D5E0>,0.8858020901679993,0.04744447022676468,-0.030354056507349014,497604,55,4,False,Right,Back,Centre,Right,61
<_io.BytesIO object at 0x000001E1C60404A0>,0.9305543303489685,-0.0230835173279047,0.003476451151072979,497604,55,4,False,Right,Back,Centre,Right,61
<_io.BytesIO object at 0x000001E1C60401D0>,0.8632307648658752,0.027656234800815582,0.05158165097236633,497604,55,4,False,Right,Back,Centre,Right,61
<_io.BytesIO object at 0x000001E1C6040EA0>,0.8408419489860535,0.03813309594988823,-0.03574012592434883,497604,55,4,False,Right,Back,Centre,Right,61
<_io.BytesIO object at 0x000001E1C6040AE0>,0.9076928496360779,0.013286574743688107,-0.050154559314250946,497604,55,4,False,Right,Back,Centre,Right,61
<_io.BytesIO object at 0x000001E1C8D907C0>,0.579413890838623,0.15371377766132355,0.36712101101875305,497605,55,4,False,Right,Back,Centre,Right,61
<_io.BytesIO object at 0x000001E1C8DB3C70>,0.5688457489013672,0.1507422775030136,0.2858886122703552,497605,55,4,False,Right,Back,Centre,Right,61
<_io.BytesIO object at 0x000001E1C8DB3DB0>,0.5556455850601196,0.11335964500904083,0.29327690601348877,497605,55,4,False,Right,Back,Centre,Right,61
<_io.BytesIO object at 0x000001E1C8DB3310>,0.6164972186088562,0.06840040534734726,0.3400759994983673,497605,55,4,False,Right,Back,Centre,Right,61
<_io.BytesIO object at 0x000001E1C8DB3BD0>,0.5844045877456665,0.08565736562013626,0.27710869908332825,497605,55,4,False,Right,Back,Centre,Right,61
<_io.BytesIO object at 0x000001E1C6033E00>,0.8857907652854919,0.047439564019441605,-0.030358513817191124,497605,55,4,False,Right,Back,Centre,Right,61
<_io.BytesIO object at 0x000001E1C6033180>,0.9305708408355713,-0.023056238889694214,0.0034697679802775383,497605,55,4,False,Right,Back,Centre,Right,61
<_io.BytesIO object at 0x000001E1C6033450>,0.8632413744926453,0.027656519785523415,0.05158069729804993,497605,55,4,False,Right,Back,Centre,Right,61
<_io.BytesIO object at 0x000001E1C60337C0>,0.8408222794532776,0.03811384364962578,-0.035736337304115295,497605,55,4,False,Right,Back,Centre,Right,61
<_io.BytesIO object at 0x000001E1C6033810>,0.9076824188232422,0.013307626359164715,-0.05016062781214714,497605,55,4,False,Right,Back,Centre,Right,61
<_io.BytesIO object at 0x000001E1C8DB79F0>,0.579413890838623,0.15371377766132355,0.36712101101875305,497606,55,4,False,Right,Back,Centre,Right,61
<_io.BytesIO object at 0x000001E1C8DB7DB0>,0.5688457489013672,0.1507422775030136,0.2858886122703552,497606,55,4,False,Right,Back,Centre,Right,61
<_io.BytesIO object at 0x000001E1C8DB7400>,0.5556455850601196,0.11335964500904083,0.29327690601348877,497606,55,4,False,Right,Back,Centre,Right,61
<_io.BytesIO object at 0x000001E1C8DB7130>,0.6164972186088562,0.06840040534734726,0.3400759994983673,497606,55,4,False,Right,Back,Centre,Right,61
<_io.BytesIO object at 0x000001E1C8DB79A0>,0.5844045877456665,0.08565736562013626,0.27710869908332825,497606,55,4,False,Right,Back,Centre,Right,61
<_io.BytesIO object at 0x000001E1C8F6FCC0>,0.8857908248901367,0.04743237420916557,-0.030354486778378487,497606,55,4,False,Right,Back,Centre,Right,61
<_io.BytesIO object at 0x000001E1C8F6F1D0>,0.9305688142776489,-0.02306763082742691,0.0034539196640253067,497606,55,4,False,Right,Back,Centre,Right,61
<_io.BytesIO object at 0x000001E1C8F6FD10>,0.8632507920265198,0.02765621431171894,0.05158137530088425,497606,55,4,False,Right,Back,Centre,Right,61
<_io.BytesIO object at 0x000001E1C8F6F090>,0.8408092856407166,0.03810955211520195,-0.03572596237063408,497606,55,4,False,Right,Back,Centre,Right,61
<_io.BytesIO object at 0x000001E1C8F6FC20>,0.9076667428016663,0.013298364356160164,-0.050172362476587296,497606,55,4,False,Right,Back,Centre,Right,61
<_io.BytesIO object at 0x000001E1C604E360>,0.579413890838623,0.15371377766132355,0.36712101101875305,497607,55,4,False,Right,Back,Centre,Right,61
<_io.BytesIO object at 0x000001E1C604E040>,0.5688457489013672,0.1507422775030136,0.2858886122703552,497607,55,4,False,Right,Back,Centre,Right,61
<_io.BytesIO object at 0x000001E1C8DEED60>,0.5556455850601196,0.11335964500904083,0.29327690601348877,497607,55,4,False,Right,Back,Centre,Right,61
<_io.BytesIO object at 0x000001E1C8DEEAE0>,0.6164972186088562,0.06840040534734726,0.3400759994983673,497607,55,4,False,Right,Back,Centre,Right,61
<_io.BytesIO object at 0x000001E1C8DEEC20>,0.5844045877456665,0.08565736562013626,0.27710869908332825,497607,55,4,False,Right,Back,Centre,Right,61
<_io.BytesIO object at 0x000001E1C8DEEEA0>,0.8857955932617188,0.04744238778948784,-0.03034789487719536,497607,55,4,False,Right,Back,Centre,Right,61
<_io.BytesIO object at 0x000001E1C8DEE720>,0.9305820465087891,-0.023059383034706116,0.0034403884783387184,497607,55,4,False,Right,Back,Centre,Right,61
<_io.BytesIO object at 0x000001E1C8DEEE50>,0.8632577657699585,0.02766922488808632,0.05156419798731804,497607,55,4,False,Right,Back,Centre,Right,61
<_io.BytesIO object at 0x000001E1C60270E0>,0.8408063650131226,0.03810432553291321,-0.03572477772831917,497607,55,4,False,Right,Back,Centre,Right,61
<_io.BytesIO object at 0x000001E1C6027950>,0.907672643661499,0.013295093551278114,-0.050190337002277374,497607,55,4,False,Right,Back,Centre,Right,61
<_io.BytesIO object at 0x000001E1C8DA80E0>,0.579413890838623,0.15371377766132355,0.36712101101875305,497608,55,4,False,Right,Back,Centre,Right,61
<_io.BytesIO object at 0x000001E1C8DA8C70>,0.5688457489013672,0.1507422775030136,0.2858886122703552,497608,55,4,False,Right,Back,Centre,Right,61
<_io.BytesIO object at 0x000001E1C605BDB0>,0.5556455850601196,0.11335964500904083,0.29327690601348877,497608,55,4,False,Right,Back,Centre,Right,61
<_io.BytesIO object at 0x000001E1C605BF90>,0.6164972186088562,0.06840040534734726,0.3400759994983673,497608,55,4,False,Right,Back,Centre,Right,61
<_io.BytesIO object at 0x000001E1C605B220>,0.5844045877456665,0.08565736562013626,0.27710869908332825,497608,55,4,False,Right,Back,Centre,Right,61
<_io.BytesIO object at 0x000001E1C605BC70>,0.8857936263084412,0.04744185507297516,-0.030359147116541862,497608,55,4,False,Right,Back,Centre,Right,61
<_io.BytesIO object at 0x000001E1C605BA40>,0.9306073784828186,-0.02304675430059433,0.0034290337935090065,497608,55,4,False,Right,Back,Centre,Right,61
<_io.BytesIO object at 0x000001E1C605B590>,0.8632595539093018,0.027668898925185204,0.05157893896102905,497608,55,4,False,Right,Back,Centre,Right,61
<_io.BytesIO object at 0x000001E1C604CDB0>,0.8408076763153076,0.03810904547572136,-0.035716064274311066,497608,55,4,False,Right,Back,Centre,Right,61
<_io.BytesIO object at 0x000001E1C604C220>,0.9076722860336304,0.013304775580763817,-0.05019349232316017,497608,55,4,False,Right,Back,Centre,Right,61
<_io.BytesIO object at 0x000001E1C605B4F0>,0.579413890838623,0.15371377766132355,0.36712101101875305,497609,55,4,False,Right,Back,Centre,Right,61
<_io.BytesIO object at 0x000001E1C8DA8D10>,0.5688457489013672,0.1507422775030136,0.2858886122703552,497609,55,4,False,Right,Back,Centre,Right,61
<_io.BytesIO object at 0x000001E1C8DA85E0>,0.5556455850601196,0.11335964500904083,0.29327690601348877,497609,55,4,False,Right,Back,Centre,Right,61
<_io.BytesIO object at 0x000001E1C8DA84A0>,0.6164972186088562,0.06840040534734726,0.3400759994983673,497609,55,4,False,Right,Back,Centre,Right,61
<_io.BytesIO object at 0x000001E1C8DA8AE0>,0.5844045877456665,0.08565736562013626,0.27710869908332825,497609,55,4,False,Right,Back,Centre,Right,61
<_io.BytesIO object at 0x000001E1C8DA8F90>,0.8858033418655396,0.04744511470198631,-0.030359163880348206,497609,55,4,False,Right,Back,Centre,Right,61
<_io.BytesIO object at 0x000001E1C6027F90>,0.9306044578552246,-0.02304914966225624,0.003428160212934017,497609,55,4,False,Right,Back,Centre,Right,61
<_io.BytesIO object at 0x000001E1C6027E50>,0.8632856011390686,0.02768319472670555,0.05156417936086655,497609,55,4,False,Right,Back,Centre,Right,61
<_io.BytesIO object at 0x000001E1C6027C70>,0.8408164978027344,0.03810304030776024,-0.035725824534893036,497609,55,4,False,Right,Back,Centre,Right,61
<_io.BytesIO object at 0x000001E1C6027E00>,0.9076762199401855,0.013295743614435196,-0.050201933830976486,497609,55,4,False,Right,Back,Centre,Right,61
<_io.BytesIO object at 0x000001E1C8DEE860>,0.579413890838623,0.15371377766132355,0.36712101101875305,497610,55,4,False,Right,Back,Centre,Right,61
<_io.BytesIO object at 0x000001E1C604E9F0>,0.5688457489013672,0.1507422775030136,0.2858886122703552,497610,55,4,False,Right,Back,Centre,Right,61
<_io.BytesIO object at 0x000001E1C604E4F0>,0.5556455850601196,0.11335964500904083,0.29327690601348877,497610,55,4,False,Right,Back,Centre,Right,61
<_io.BytesIO object at 0x000001E1C604E1D0>,0.6164972186088562,0.06840040534734726,0.3400759994983673,497610,55,4,False,Right,Back,Centre,Right,61
<_io.BytesIO object at 0x000001E1C604EA40>,0.5844045877456665,0.08565736562013626,0.27710869908332825,497610,55,4,False,Right,Back,Centre,Right,61
<_io.BytesIO object at 0x000001E1C604E0E0>,0.8858057856559753,0.047421347349882126,-0.030375255271792412,497610,55,4,False,Right,Back,Centre,Right,61
<_io.BytesIO object at 0x000001E1C1425810>,0.9306002855300903,-0.023058775812387466,0.003419221378862858,497610,55,4,False,Right,Back,Centre,Right,61
<_io.BytesIO object at 0x000001E1C1425400>,0.8632924556732178,0.027689330279827118,0.051554154604673386,497610,55,4,False,Right,Back,Centre,Right,61
<_io.BytesIO object at 0x000001E1C14258B0>,0.8408163189888,0.03809722512960434,-0.035708632320165634,497610,55,4,False,Right,Back,Centre,Right,61
<_io.BytesIO object at 0x000001E1C8F6F400>,0.907667875289917,0.013287782669067383,-0.05021381378173828,497610,55,4,False,Right,Back,Centre,Right,61
<_io.BytesIO object at 0x000001E1C8DB7860>,0.579413890838623,0.15371377766132355,0.36712101101875305,497611,55,4,False,Right,Back,Centre,Right,61
<_io.BytesIO object at 0x000001E1C8DB7A40>,0.5688457489013672,0.1507422775030136,0.2858886122703552,497611,55,4,False,Right,Back,Centre,Right,61
<_io.BytesIO object at 0x000001E1C8E17680>,0.5556455850601196,0.11335964500904083,0.29327690601348877,497611,55,4,False,Right,Back,Centre,Right,61
<_io.BytesIO object at 0x000001E1C8E17B80>,0.6164972186088562,0.06840040534734726,0.3400759994983673,497611,55,4,False,Right,Back,Centre,Right,61
<_io.BytesIO object at 0x000001E1C8E17270>,0.5844045877456665,0.08565736562013626,0.27710869908332825,497611,55,4,False,Right,Back,Centre,Right,61
<_io.BytesIO object at 0x000001E1C8E17A90>,0.8858152031898499,0.047429159283638,-0.0303640216588974,497611,55,4,False,Right,Back,Centre,Right,61
<_io.BytesIO object at 0x000001E1C8E174A0>,0.9305931329727173,-0.023059047758579254,0.0034295376390218735,497611,55,4,False,Right,Back,Centre,Right,61
<_io.BytesIO object at 0x000001E1C8E17F40>,0.8633076548576355,0.02770477533340454,0.05154315009713173,497611,55,4,False,Right,Back,Centre,Right,61
<_io.BytesIO object at 0x000001E1C8E175E0>,0.8408262133598328,0.03808386251330376,-0.035717397928237915,497611,55,4,False,Right,Back,Centre,Right,61
<_io.BytesIO object at 0x000001E1C6033270>,0.907667875289917,0.013280067592859268,-0.050214651972055435,497611,55,4,False,Right,Back,Centre,Right,61
<_io.BytesIO object at 0x000001E1C8DB3630>,0.579413890838623,0.15371377766132355,0.36712101101875305,497612,55,4,False,Right,Back,Centre,Right,61
<_io.BytesIO object at 0x000001E1C8DB3680>,0.5688457489013672,0.1507422775030136,0.2858886122703552,497612,55,4,False,Right,Back,Centre,Right,61
<_io.BytesIO object at 0x000001E1C8D90A40>,0.5556455850601196,0.11335964500904083,0.29327690601348877,497612,55,4,False,Right,Back,Centre,Right,61
<_io.BytesIO object at 0x000001E1C8D90630>,0.6164972186088562,0.06840040534734726,0.3400759994983673,497612,55,4,False,Right,Back,Centre,Right,61
<_io.BytesIO object at 0x000001E1C8D902C0>,0.5844045877456665,0.08565736562013626,0.27710869908332825,497612,55,4,False,Right,Back,Centre,Right,61
<_io.BytesIO object at 0x000001E1C8D90C70>,0.8858218193054199,0.04742369428277016,-0.030373478308320045,497612,55,4,False,Right,Back,Centre,Right,61
<_io.BytesIO object at 0x000001E1C8D90590>,0.9306000471115112,-0.023062236607074738,0.003413800150156021,497612,55,4,False,Right,Back,Centre,Right,61
<_io.BytesIO object at 0x000001E1C8D90E50>,0.8633115291595459,0.027712402865290642,0.05154190585017204,497612,55,4,False,Right,Back,Centre,Right,61
<_io.BytesIO object at 0x000001E1C8D90090>,0.8408227562904358,0.03807925060391426,-0.035711031407117844,497612,55,4,False,Right,Back,Centre,Right,61
<_io.BytesIO object at 0x000001E1C6040770>,0.9076554775238037,0.013275271281599998,-0.05022864043712616,497612,55,4,False,Right,Back,Centre,Right,61
<_io.BytesIO object at 0x000001E1C8D9D540>,0.579413890838623,0.15371377766132355,0.36712101101875305,497613,55,4,False,Right,Back,Centre,Right,61
<_io.BytesIO object at 0x000001E1C8D9D2C0>,0.5688457489013672,0.1507422775030136,0.2858886122703552,497613,55,4,False,Right,Back,Centre,Right,61
<_io.BytesIO object at 0x000001E1C604C950>,0.5556455850601196,0.11335964500904083,0.29327690601348877,497613,55,4,False,Right,Back,Centre,Right,61
<_io.BytesIO object at 0x000001E1C604CBD0>,0.6164972186088562,0.06840040534734726,0.3400759994983673,497613,55,4,False,Right,Back,Centre,Right,61
<_io.BytesIO object at 0x000001E1C604CA40>,0.5844045877456665,0.08565736562013626,0.27710869908332825,497613,55,4,False,Right,Back,Centre,Right,61
<_io.BytesIO object at 0x000001E1C604C680>,0.8858151435852051,0.04741562157869339,-0.030388737097382545,497613,55,4,False,Right,Back,Centre,Right,61
<_io.BytesIO object at 0x000001E1C604C3B0>,0.9306145310401917,-0.02305741235613823,0.003408939577639103,497613,55,4,False,Right,Back,Centre,Right,61
<_io.BytesIO object at 0x000001E1C604C220>,0.8633262515068054,0.02771368995308876,0.05153997987508774,497613,55,4,False,Right,Back,Centre,Right,61
<_io.BytesIO object at 0x000001E1C604CE00>,0.8408246040344238,0.03808057680726051,-0.03570370376110077,497613,55,4,False,Right,Back,Centre,Right,61
<_io.BytesIO object at 0x000001E1C605F180>,0.9076670408248901,0.01326887309551239,-0.0502331405878067,497613,55,4,False,Right,Back,Centre,Right,61
<_io.BytesIO object at 0x000001E1C8D90630>,0.579413890838623,0.15371377766132355,0.36712101101875305,497614,55,4,False,Right,Back,Centre,Right,61
<_io.BytesIO object at 0x000001E1C8D907C0>,0.5688457489013672,0.1507422775030136,0.2858886122703552,497614,55,4,False,Right,Back,Centre,Right,61
<_io.BytesIO object at 0x000001E1C8DB3AE0>,0.5556455850601196,0.11335964500904083,0.29327690601348877,497614,55,4,False,Right,Back,Centre,Right,61
<_io.BytesIO object at 0x000001E1C8DB35E0>,0.6164972186088562,0.06840040534734726,0.3400759994983673,497614,55,4,False,Right,Back,Centre,Right,61
<_io.BytesIO object at 0x000001E1C8DB3F40>,0.5844045877456665,0.08565736562013626,0.27710869908332825,497614,55,4,False,Right,Back,Centre,Right,61
<_io.BytesIO object at 0x000001E1C8DB3A40>,0.8858276009559631,0.04741033911705017,-0.030392760410904884,497614,55,4,False,Right,Back,Centre,Right,61
<_io.BytesIO object at 0x000001E1C8DB31D0>,0.9306355714797974,-0.02306455746293068,0.0033843182027339935,497614,55,4,False,Right,Back,Centre,Right,61
<_io.BytesIO object at 0x000001E1C6033E00>,0.8633340001106262,0.027720309793949127,0.051536694169044495,497614,55,4,False,Right,Back,Centre,Right,61
<_io.BytesIO object at 0x000001E1C60339F0>,0.8408300280570984,0.03806571662425995,-0.03571820259094238,497614,55,4,False,Right,Back,Centre,Right,61
<_io.BytesIO object at 0x000001E1C6033A90>,0.9076575040817261,0.013255166821181774,-0.05025727301836014,497614,55,4,False,Right,Back,Centre,Right,61
<_io.BytesIO object at 0x000001E1C8DB7400>,0.579413890838623,0.15371377766132355,0.36712101101875305,497615,55,4,False,Right,Back,Centre,Right,61
<_io.BytesIO object at 0x000001E1C8DB7D60>,0.5688457489013672,0.1507422775030136,0.2858886122703552,497615,55,4,False,Right,Back,Centre,Right,61
<_io.BytesIO object at 0x000001E1C8F6F1D0>,0.5556455850601196,0.11335964500904083,0.29327690601348877,497615,55,4,False,Right,Back,Centre,Right,61
<_io.BytesIO object at 0x000001E1C8F6F090>,0.6164972186088562,0.06840040534734726,0.3400759994983673,497615,55,4,False,Right,Back,Centre,Right,61
<_io.BytesIO object at 0x000001E1C8F6FEA0>,0.5844045877456665,0.08565736562013626,0.27710869908332825,497615,55,4,False,Right,Back,Centre,Right,61
<_io.BytesIO object at 0x000001E1C8F6F220>,0.8858336806297302,0.04740056023001671,-0.030389316380023956,497615,55,4,False,Right,Back,Centre,Right,61
<_io.BytesIO object at 0x000001E1C8F6FEF0>,0.930661141872406,-0.023058824241161346,0.0033833663910627365,497615,55,4,False,Right,Back,Centre,Right,61
<_io.BytesIO object at 0x000001E1C8F6F400>,0.8633404970169067,0.02773427404463291,0.05154731869697571,497615,55,4,False,Right,Back,Centre,Right,61
<_io.BytesIO object at 0x000001E1C1425770>,0.8408353328704834,0.03805889934301376,-0.03570569306612015,497615,55,4,False,Right,Back,Centre,Right,61
<_io.BytesIO object at 0x000001E1C1425040>,0.9076588153839111,0.013249028474092484,-0.050260886549949646,497615,55,4,False,Right,Back,Centre,Right,61
<_io.BytesIO object at 0x000001E1C8DA8360>,0.579413890838623,0.15371377766132355,0.36712101101875305,497616,55,4,False,Right,Back,Centre,Right,61
<_io.BytesIO object at 0x000001E1C8DA82C0>,0.5688457489013672,0.1507422775030136,0.2858886122703552,497616,55,4,False,Right,Back,Centre,Right,61
<_io.BytesIO object at 0x000001E1C8DA8F40>,0.5556455850601196,0.11335964500904083,0.29327690601348877,497616,55,4,False,Right,Back,Centre,Right,61
<_io.BytesIO object at 0x000001E1C8DA8270>,0.6164972186088562,0.06840040534734726,0.3400759994983673,497616,55,4,False,Right,Back,Centre,Right,61
<_io.BytesIO object at 0x000001E1C8DA8C70>,0.5844045877456665,0.08565736562013626,0.27710869908332825,497616,55,4,False,Right,Back,Centre,Right,61
<_io.BytesIO object at 0x000001E1C6027680>,0.8858379125595093,0.04738998785614967,-0.030377382412552834,497616,55,4,False,Right,Back,Centre,Right,61
<_io.BytesIO object at 0x000001E1C6027220>,0.9306705594062805,-0.0230566393584013,0.003387739881873131,497616,55,4,False,Right,Back,Centre,Right,61
<_io.BytesIO object at 0x000001E1C6027B30>,0.8633444309234619,0.027730578556656837,0.05155403912067413,497616,55,4,False,Right,Back,Centre,Right,61
<_io.BytesIO object at 0x000001E1C6027770>,0.8408194184303284,0.038049641996622086,-0.035690680146217346,497616,55,4,False,Right,Back,Centre,Right,61
<_io.BytesIO object at 0x000001E1C60275E0>,0.9076586365699768,0.013249955140054226,-0.05025607720017433,497616,55,4,False,Right,Back,Centre,Right,61
<_io.BytesIO object at 0x000001E1C6040B80>,0.579413890838623,0.15371377766132355,0.36712101101875305,497617,55,4,False,Right,Back,Centre,Right,61
<_io.BytesIO object at 0x000001E1C8DEE4A0>,0.5688457489013672,0.1507422775030136,0.2858886122703552,497617,55,4,False,Right,Back,Centre,Right,61
<_io.BytesIO object at 0x000001E1C8DEEEA0>,0.5556455850601196,0.11335964500904083,0.29327690601348877,497617,55,4,False,Right,Back,Centre,Right,61
<_io.BytesIO object at 0x000001E1C8DEE720>,0.6164972186088562,0.06840040534734726,0.3400759994983673,497617,55,4,False,Right,Back,Centre,Right,61
<_io.BytesIO object at 0x000001E1C8DEE2C0>,0.5844045877456665,0.08565736562013626,0.27710869908332825,497617,55,4,False,Right,Back,Centre,Right,61
<_io.BytesIO object at 0x000001E1C8DEEBD0>,0.8858405947685242,0.04739179089665413,-0.03037371300160885,497617,55,4,False,Right,Back,Centre,Right,61
<_io.BytesIO object at 0x000001E1C8E170E0>,0.9306695461273193,-0.023043204098939896,0.0034099752083420753,497617,55,4,False,Right,Back,Centre,Right,61
<_io.BytesIO object at 0x000001E1C8E17EF0>,0.8633538484573364,0.027740132063627243,0.05156350135803223,497617,55,4,False,Right,Back,Centre,Right,61
<_io.BytesIO object at 0x000001E1C8E17C20>,0.8408135771751404,0.03804481029510498,-0.035669147968292236,497617,55,4,False,Right,Back,Centre,Right,61
<_io.BytesIO object at 0x000001E1C8E17AE0>,0.9076583981513977,0.013257894665002823,-0.05023794248700142,497617,55,4,False,Right,Back,Centre,Right,61
<_io.BytesIO object at 0x000001E1C602ED10>,0.579413890838623,0.15371377766132355,0.36712101101875305,497618,55,4,False,Right,Back,Centre,Right,61
<_io.BytesIO object at 0x000001E1C602ED60>,0.5688457489013672,0.1507422775030136,0.2858886122703552,497618,55,4,False,Right,Back,Centre,Right,61
<_io.BytesIO object at 0x000001E1C602E9A0>,0.5556455850601196,0.11335964500904083,0.29327690601348877,497618,55,4,False,Right,Back,Centre,Right,61
<_io.BytesIO object at 0x000001E1C602E720>,0.6164972186088562,0.06840040534734726,0.3400759994983673,497618,55,4,False,Right,Back,Centre,Right,61
<_io.BytesIO object at 0x000001E1C602E4F0>,0.5844045877456665,0.08565736562013626,0.27710869908332825,497618,55,4,False,Right,Back,Centre,Right,61
<_io.BytesIO object at 0x000001E1C602E2C0>,0.8858280181884766,0.04737939313054085,-0.030376240611076355,497618,55,4,False,Right,Back,Centre,Right,61
<_io.BytesIO object at 0x000001E1C602E040>,0.9306837320327759,-0.023034974932670593,0.0034047067165374756,497618,55,4,False,Right,Back,Centre,Right,61
<_io.BytesIO object at 0x000001E1C8E179A0>,0.8633647561073303,0.027737600728869438,0.05157625302672386,497618,55,4,False,Right,Back,Centre,Right,61
<_io.BytesIO object at 0x000001E1C8E17950>,0.8408100008964539,0.03803878650069237,-0.035651255398988724,497618,55,4,False,Right,Back,Centre,Right,61
<_io.BytesIO object at 0x000001E1C8E17860>,0.9076508283615112,0.01326318271458149,-0.05023851990699768,497618,55,4,False,Right,Back,Centre,Right,61
<_io.BytesIO object at 0x000001E1C8DEE4F0>,0.579413890838623,0.15371377766132355,0.36712101101875305,497619,55,4,False,Right,Back,Centre,Right,61
<_io.BytesIO object at 0x000001E1C6040860>,0.5688457489013672,0.1507422775030136,0.2858886122703552,497619,55,4,False,Right,Back,Centre,Right,61
<_io.BytesIO object at 0x000001E1C6040C70>,0.5556455850601196,0.11335964500904083,0.29327690601348877,497619,55,4,False,Right,Back,Centre,Right,61
<_io.BytesIO object at 0x000001E1C60405E0>,0.6164972186088562,0.06840040534734726,0.3400759994983673,497619,55,4,False,Right,Back,Centre,Right,61
<_io.BytesIO object at 0x000001E1C6040C20>,0.5844045877456665,0.08565736562013626,0.27710869908332825,497619,55,4,False,Right,Back,Centre,Right,61
<_io.BytesIO object at 0x000001E1C6040AE0>,0.8858176469802856,0.04738669842481613,-0.030375195667147636,497619,55,4,False,Right,Back,Centre,Right,61
<_io.BytesIO object at 0x000001E1C6027720>,0.9306932687759399,-0.02301850914955139,0.003397136926651001,497619,55,4,False,Right,Back,Centre,Right,61
<_io.BytesIO object at 0x000001E1C60279A0>,0.8633710741996765,0.02774634212255478,0.05157813802361488,497619,55,4,False,Right,Back,Centre,Right,61
<_io.BytesIO object at 0x000001E1C6027E50>,0.8407977223396301,0.03803456947207451,-0.035642340779304504,497619,55,4,False,Right,Back,Centre,Right,61
<_io.BytesIO object at 0x000001E1C6027F40>,0.907641589641571,0.013270345516502857,-0.050244711339473724,497619,55,4,False,Right,Back,Centre,Right,61
<_io.BytesIO object at 0x000001E1C8DA8220>,0.579413890838623,0.15371377766132355,0.36712101101875305,497620,55,4,False,Right,Back,Centre,Right,61
<_io.BytesIO object at 0x000001E1C604E4A0>,0.5688457489013672,0.1507422775030136,0.2858886122703552,497620,55,4,False,Right,Back,Centre,Right,61
<_io.BytesIO object at 0x000001E1C604E180>,0.5556455850601196,0.11335964500904083,0.29327690601348877,497620,55,4,False,Right,Back,Centre,Right,61
<_io.BytesIO object at 0x000001E1C604E950>,0.6164972186088562,0.06840040534734726,0.3400759994983673,497620,55,4,False,Right,Back,Centre,Right,61
<_io.BytesIO object at 0x000001E1C604E630>,0.5844045877456665,0.08565736562013626,0.27710869908332825,497620,55,4,False,Right,Back,Centre,Right,61
<_io.BytesIO object at 0x000001E1C604E090>,0.8858185410499573,0.047390732914209366,-0.03036658465862274,497620,55,4,False,Right,Back,Centre,Right,61
<_io.BytesIO object at 0x000001E1C604EB80>,0.9306878447532654,-0.023022018373012543,0.0033960090950131416,497620,55,4,False,Right,Back,Centre,Right,61
<_io.BytesIO object at 0x000001E1C1425130>,0.8633636236190796,0.02773793414235115,0.05158187821507454,497620,55,4,False,Right,Back,Centre,Right,61
<_io.BytesIO object at 0x000001E1C1425590>,0.8407852053642273,0.03802589699625969,-0.03562775254249573,497620,55,4,False,Right,Back,Centre,Right,61
<_io.BytesIO object at 0x000001E1C1425360>,0.9076298475265503,0.013270734809339046,-0.050242118537425995,497620,55,4,False,Right,Back,Centre,Right,61
<_io.BytesIO object at 0x000001E1C8DB7C20>,0.579413890838623,0.15371377766132355,0.36712101101875305,497621,55,4,False,Right,Back,Centre,Right,61
<_io.BytesIO object at 0x000001E1C8DB7B80>,0.5688457489013672,0.1507422775030136,0.2858886122703552,497621,55,4,False,Right,Back,Centre,Right,61
<_io.BytesIO object at 0x000001E1C8DB7A40>,0.5556455850601196,0.11335964500904083,0.29327690601348877,497621,55,4,False,Right,Back,Centre,Right,61
<_io.BytesIO object at 0x000001E1C6033310>,0.6164972186088562,0.06840040534734726,0.3400759994983673,497621,55,4,False,Right,Back,Centre,Right,61
<_io.BytesIO object at 0x000001E1C60334F0>,0.5844045877456665,0.08565736562013626,0.27710869908332825,497621,55,4,False,Right,Back,Centre,Right,61
<_io.BytesIO object at 0x000001E1C60339A0>,0.8858084678649902,0.04738090559840202,-0.030372101813554764,497621,55,4,False,Right,Back,Centre,Right,61
<_io.BytesIO object at 0x000001E1C6033720>,0.9307107329368591,-0.023001572117209435,0.0034035909920930862,497621,55,4,False,Right,Back,Centre,Right,61
<_io.BytesIO object at 0x000001E1C6033EF0>,0.8633772134780884,0.027751868590712547,0.05159000679850578,497621,55,4,False,Right,Back,Centre,Right,61
<_io.BytesIO object at 0x000001E1C6033450>,0.8407943844795227,0.03801153600215912,-0.03562916815280914,497621,55,4,False,Right,Back,Centre,Right,61
<_io.BytesIO object at 0x000001E1C60339F0>,0.9076313376426697,0.013273638673126698,-0.050241049379110336,497621,55,4,False,Right,Back,Centre,Right,61
<_io.BytesIO object at 0x000001E1C8D90310>,0.579413890838623,0.15371377766132355,0.36712101101875305,497622,55,4,False,Right,Back,Centre,Right,61
<_io.BytesIO object at 0x000001E1C8D90EF0>,0.5688457489013672,0.1507422775030136,0.2858886122703552,497622,55,4,False,Right,Back,Centre,Right,61
<_io.BytesIO object at 0x000001E1C8D905E0>,0.5556455850601196,0.11335964500904083,0.29327690601348877,497622,55,4,False,Right,Back,Centre,Right,61
<_io.BytesIO object at 0x000001E1C8D9D540>,0.6164972186088562,0.06840040534734726,0.3400759994983673,497622,55,4,False,Right,Back,Centre,Right,61
<_io.BytesIO object at 0x000001E1C8D9D5E0>,0.5844045877456665,0.08565736562013626,0.27710869908332825,497622,55,4,False,Right,Back,Centre,Right,61
<_io.BytesIO object at 0x000001E1C8D9DBD0>,0.8858084082603455,0.047372836619615555,-0.03037268854677677,497622,55,4,False,Right,Back,Centre,Right,61
<_io.BytesIO object at 0x000001E1C8D9DEF0>,0.93071049451828,-0.02300472930073738,0.003401936963200569,497622,55,4,False,Right,Back,Centre,Right,61
<_io.BytesIO object at 0x000001E1C8D9D360>,0.863386332988739,0.027757877483963966,0.05159610137343407,497622,55,4,False,Right,Back,Centre,Right,61
<_io.BytesIO object at 0x000001E1C8D9D630>,0.8407911062240601,0.03801422566175461,-0.03561311215162277,497622,55,4,False,Right,Back,Centre,Right,61
<_io.BytesIO object at 0x000001E1C8D9DB80>,0.9076244831085205,0.013270808383822441,-0.05024135857820511,497622,55,4,False,Right,Back,Centre,Right,61
<_io.BytesIO object at 0x000001E1C8D9D540>,0.579413890838623,0.15371377766132355,0.36712101101875305,497623,55,4,False,Right,Back,Centre,Right,61
<_io.BytesIO object at 0x000001E1C8D90EF0>,0.5688457489013672,0.1507422775030136,0.2858886122703552,497623,55,4,False,Right,Back,Centre,Right,61
<_io.BytesIO object at 0x000001E1C8D904A0>,0.5556455850601196,0.11335964500904083,0.29327690601348877,497623,55,4,False,Right,Back,Centre,Right,61
<_io.BytesIO object at 0x000001E1C8D901D0>,0.6164972186088562,0.06840040534734726,0.3400759994983673,497623,55,4,False,Right,Back,Centre,Right,61
<_io.BytesIO object at 0x000001E1C8D90A40>,0.5844045877456665,0.08565736562013626,0.27710869908332825,497623,55,4,False,Right,Back,Centre,Right,61
<_io.BytesIO object at 0x000001E1C8D90040>,0.8858016729354858,0.04737630486488342,-0.03037138655781746,497623,55,4,False,Right,Back,Centre,Right,61
<_io.BytesIO object at 0x000001E1C8DB3810>,0.9307358860969543,-0.022995933890342712,0.0033901548013091087,497623,55,4,False,Right,Back,Centre,Right,61
<_io.BytesIO object at 0x000001E1C8DB3630>,0.8633948564529419,0.02775317057967186,0.05160132795572281,497623,55,4,False,Right,Back,Centre,Right,61
<_io.BytesIO object at 0x000001E1C8DB3AE0>,0.8407931923866272,0.038007210940122604,-0.0355931855738163,497623,55,4,False,Right,Back,Centre,Right,61
<_io.BytesIO object at 0x000001E1C8DB35E0>,0.9076299667358398,0.013269065879285336,-0.05024800822138786,497623,55,4,False,Right,Back,Centre,Right,61
<_io.BytesIO object at 0x000001E1C60331D0>,0.579413890838623,0.15371377766132355,0.36712101101875305,497624,55,4,False,Right,Back,Centre,Right,61
<_io.BytesIO object at 0x000001E1C8DB7B80>,0.5688457489013672,0.1507422775030136,0.2858886122703552,497624,55,4,False,Right,Back,Centre,Right,61
<_io.BytesIO object at 0x000001E1C8DB7770>,0.5556455850601196,0.11335964500904083,0.29327690601348877,497624,55,4,False,Right,Back,Centre,Right,61
<_io.BytesIO object at 0x000001E1C8DB7720>,0.6164972186088562,0.06840040534734726,0.3400759994983673,497624,55,4,False,Right,Back,Centre,Right,61
<_io.BytesIO object at 0x000001E1C8DB71D0>,0.5844045877456665,0.08565736562013626,0.27710869908332825,497624,55,4,False,Right,Back,Centre,Right,61
<_io.BytesIO object at 0x000001E1C8DB79A0>,0.8858067989349365,0.047369301319122314,-0.030358489602804184,497624,55,4,False,Right,Back,Centre,Right,61
<_io.BytesIO object at 0x000001E1C14258B0>,0.9307629466056824,-0.02299831062555313,0.00338621623814106,497624,55,4,False,Right,Back,Centre,Right,61
<_io.BytesIO object at 0x000001E1C1425360>,0.8633733987808228,0.027737392112612724,0.051622286438941956,497624,55,4,False,Right,Back,Centre,Right,61
<_io.BytesIO object at 0x000001E1C1425630>,0.8407926559448242,0.03799983486533165,-0.03558551147580147,497624,55,4,False,Right,Back,Centre,Right,61
<_io.BytesIO object at 0x000001E1C604E810>,0.9076324701309204,0.013267599046230316,-0.050244979560375214,497624,55,4,False,Right,Back,Centre,Right,61
<_io.BytesIO object at 0x000001E1C8DA8590>,0.579413890838623,0.15371377766132355,0.36712101101875305,497625,55,4,False,Right,Back,Centre,Right,61
<_io.BytesIO object at 0x000001E1C8DA8CC0>,0.5688457489013672,0.1507422775030136,0.2858886122703552,497625,55,4,False,Right,Back,Centre,Right,61
<_io.BytesIO object at 0x000001E1C8DA8C70>,0.5556455850601196,0.11335964500904083,0.29327690601348877,497625,55,4,False,Right,Back,Centre,Right,61
<_io.BytesIO object at 0x000001E1C6040090>,0.6164972186088562,0.06840040534734726,0.3400759994983673,497625,55,4,False,Right,Back,Centre,Right,61
<_io.BytesIO object at 0x000001E1C6040AE0>,0.5844045877456665,0.08565736562013626,0.27710869908332825,497625,55,4,False,Right,Back,Centre,Right,61
<_io.BytesIO object at 0x000001E1C60401D0>,0.8858055472373962,0.0473623052239418,-0.030345549806952477,497625,55,4,False,Right,Back,Centre,Right,61
<_io.BytesIO object at 0x000001E1C6040720>,0.9307541847229004,-0.02299473062157631,0.003413318656384945,497625,55,4,False,Right,Back,Centre,Right,61
<_io.BytesIO object at 0x000001E1C6040E50>,0.863395631313324,0.02775849588215351,0.051627080887556076,497625,55,4,False,Right,Back,Centre,Right,61
<_io.BytesIO object at 0x000001E1C6040310>,0.8407890200614929,0.03798717260360718,-0.035567399114370346,497625,55,4,False,Right,Back,Centre,Right,61
<_io.BytesIO object at 0x000001E1C6040540>,0.9076281189918518,0.013257068581879139,-0.0502300001680851,497625,55,4,False,Right,Back,Centre,Right,61
<_io.BytesIO object at 0x000001E1C8F6FEA0>,0.579413890838623,0.15371377766132355,0.36712101101875305,497626,55,4,False,Right,Back,Centre,Right,61
<_io.BytesIO object at 0x000001E1C8F6FAE0>,0.5688457489013672,0.1507422775030136,0.2858886122703552,497626,55,4,False,Right,Back,Centre,Right,61
<_io.BytesIO object at 0x000001E1C8F6F8B0>,0.5556455850601196,0.11335964500904083,0.29327690601348877,497626,55,4,False,Right,Back,Centre,Right,61
<_io.BytesIO object at 0x000001E1C8F6FDB0>,0.6164972186088562,0.06840040534734726,0.3400759994983673,497626,55,4,False,Right,Back,Centre,Right,61
<_io.BytesIO object at 0x000001E1C6027950>,0.5844045877456665,0.08565736562013626,0.27710869908332825,497626,55,4,False,Right,Back,Centre,Right,61
<_io.BytesIO object at 0x000001E1C6027400>,0.8857959508895874,0.04736427962779999,-0.030331382527947426,497626,55,4,False,Right,Back,Centre,Right,61
<_io.BytesIO object at 0x000001E1C6027220>,0.9307607412338257,-0.02298944815993309,0.0034301113337278366,497626,55,4,False,Right,Back,Centre,Right,61
<_io.BytesIO object at 0x000001E1C6027450>,0.8633881211280823,0.027739830315113068,0.05164676904678345,497626,55,4,False,Right,Back,Centre,Right,61
<_io.BytesIO object at 0x000001E1C6027C20>,0.8407779335975647,0.0379813052713871,-0.03554730862379074,497626,55,4,False,Right,Back,Centre,Right,61
<_io.BytesIO object at 0x000001E1C6027A40>,0.9076338410377502,0.013259787112474442,-0.05020824819803238,497626,55,4,False,Right,Back,Centre,Right,61
<_io.BytesIO object at 0x000001E1C6050770>,0.579413890838623,0.15371377766132355,0.36712101101875305,497627,55,4,False,Right,Back,Centre,Right,61
<_io.BytesIO object at 0x000001E1C6050180>,0.5688457489013672,0.1507422775030136,0.2858886122703552,497627,55,4,False,Right,Back,Centre,Right,61
<_io.BytesIO object at 0x000001E1C6050D10>,0.5556455850601196,0.11335964500904083,0.29327690601348877,497627,55,4,False,Right,Back,Centre,Right,61
<_io.BytesIO object at 0x000001E1C6050EF0>,0.6164972186088562,0.06840040534734726,0.3400759994983673,497627,55,4,False,Right,Back,Centre,Right,61
<_io.BytesIO object at 0x000001E1C6059130>,0.5844045877456665,0.08565736562013626,0.27710869908332825,497627,55,4,False,Right,Back,Centre,Right,61
<_io.BytesIO object at 0x000001E1C6059310>,0.8857975602149963,0.04737069830298424,-0.030306514352560043,497627,55,4,False,Right,Back,Centre,Right,61
<_io.BytesIO object at 0x000001E1C60594F0>,0.930783212184906,-0.022977199405431747,0.003448295406997204,497627,55,4,False,Right,Back,Centre,Right,61
<_io.BytesIO object at 0x000001E1C60596D0>,0.8633750081062317,0.02772529236972332,0.05167517438530922,497627,55,4,False,Right,Back,Centre,Right,61
<_io.BytesIO object at 0x000001E1C60598B0>,0.8407620787620544,0.03796572983264923,-0.03553815931081772,497627,55,4,False,Right,Back,Centre,Right,61
<_io.BytesIO object at 0x000001E1C6059A90>,0.9076364636421204,0.013265143148601055,-0.0501859150826931,497627,55,4,False,Right,Back,Centre,Right,61
<_io.BytesIO object at 0x000001E1C8E178B0>,0.579413890838623,0.15371377766132355,0.36712101101875305,497628,55,4,False,Right,Back,Centre,Right,61
<_io.BytesIO object at 0x000001E1C60278B0>,0.5688457489013672,0.1507422775030136,0.2858886122703552,497628,55,4,False,Right,Back,Centre,Right,61
<_io.BytesIO object at 0x000001E1C60277C0>,0.5556455850601196,0.11335964500904083,0.29327690601348877,497628,55,4,False,Right,Back,Centre,Right,61
<_io.BytesIO object at 0x000001E1C6027F40>,0.6164972186088562,0.06840040534734726,0.3400759994983673,497628,55,4,False,Right,Back,Centre,Right,61
<_io.BytesIO object at 0x000001E1C6027A90>,0.5844045877456665,0.08565736562013626,0.27710869908332825,497628,55,4,False,Right,Back,Centre,Right,61
<_io.BytesIO object at 0x000001E1C6027680>,0.8857936263084412,0.047354139387607574,-0.030306244269013405,497628,55,4,False,Right,Back,Centre,Right,61
<_io.BytesIO object at 0x000001E1C6027950>,0.9307934641838074,-0.022964973002672195,0.0034637218341231346,497628,55,4,False,Right,Back,Centre,Right,61
<_io.BytesIO object at 0x000001E1C8F6F6D0>,0.8633614182472229,0.027713974937796593,0.0516815148293972,497628,55,4,False,Right,Back,Centre,Right,61
<_io.BytesIO object at 0x000001E1C8F6FE00>,0.8407520055770874,0.03795850649476051,-0.03552659973502159,497628,55,4,False,Right,Back,Centre,Right,61
<_io.BytesIO object at 0x000001E1C8F6F590>,0.9076463580131531,0.013277635909616947,-0.050171658396720886,497628,55,4,False,Right,Back,Centre,Right,61
<_io.BytesIO object at 0x000001E1C8DEEB30>,0.579413890838623,0.15371377766132355,0.36712101101875305,497629,55,4,False,Right,Back,Centre,Right,61
<_io.BytesIO object at 0x000001E1C6040860>,0.5688457489013672,0.1507422775030136,0.2858886122703552,497629,55,4,False,Right,Back,Centre,Right,61
<_io.BytesIO object at 0x000001E1C6040540>,0.5556455850601196,0.11335964500904083,0.29327690601348877,497629,55,4,False,Right,Back,Centre,Right,61
<_io.BytesIO object at 0x000001E1C6040770>,0.6164972186088562,0.06840040534734726,0.3400759994983673,497629,55,4,False,Right,Back,Centre,Right,61
<_io.BytesIO object at 0x000001E1C6040630>,0.5844045877456665,0.08565736562013626,0.27710869908332825,497629,55,4,False,Right,Back,Centre,Right,61
<_io.BytesIO object at 0x000001E1C60405E0>,0.8857898712158203,0.04735998809337616,-0.030296213924884796,497629,55,4,False,Right,Back,Centre,Right,61
<_io.BytesIO object at 0x000001E1C60409A0>,0.930787205696106,-0.022959794849157333,0.003483036532998085,497629,55,4,False,Right,Back,Centre,Right,61
<_io.BytesIO object at 0x000001E1C6040090>,0.8633586764335632,0.027712484821677208,0.051688797771930695,497629,55,4,False,Right,Back,Centre,Right,61
<_io.BytesIO object at 0x000001E1C8DA8C20>,0.8407583832740784,0.037950292229652405,-0.0355185829102993,497629,55,4,False,Right,Back,Centre,Right,61
<_io.BytesIO object at 0x000001E1C8DA87C0>,0.9076456427574158,0.013281608000397682,-0.05015568807721138,497629,55,4,False,Right,Back,Centre,Right,61
<_io.BytesIO object at 0x000001E1C604E950>,0.579413890838623,0.15371377766132355,0.36712101101875305,497630,55,4,False,Right,Back,Centre,Right,61
<_io.BytesIO object at 0x000001E1C604EA90>,0.5688457489013672,0.1507422775030136,0.2858886122703552,497630,55,4,False,Right,Back,Centre,Right,61
<_io.BytesIO object at 0x000001E1C1425130>,0.5556455850601196,0.11335964500904083,0.29327690601348877,497630,55,4,False,Right,Back,Centre,Right,61
<_io.BytesIO object at 0x000001E1C1425720>,0.6164972186088562,0.06840040534734726,0.3400759994983673,497630,55,4,False,Right,Back,Centre,Right,61
<_io.BytesIO object at 0x000001E1C14258B0>,0.5844045877456665,0.08565736562013626,0.27710869908332825,497630,55,4,False,Right,Back,Centre,Right,61
<_io.BytesIO object at 0x000001E1C8DB7EA0>,0.885775089263916,0.047347113490104675,-0.03029310517013073,497630,55,4,False,Right,Back,Centre,Right,61
<_io.BytesIO object at 0x000001E1C8DB79A0>,0.9307993650436401,-0.022953830659389496,0.0034951232373714447,497630,55,4,False,Right,Back,Centre,Right,61
<_io.BytesIO object at 0x000001E1C8DB7400>,0.8633568286895752,0.027719084173440933,0.05170745030045509,497630,55,4,False,Right,Back,Centre,Right,61
<_io.BytesIO object at 0x000001E1C8DB7270>,0.8407543301582336,0.037949755787849426,-0.03550802916288376,497630,55,4,False,Right,Back,Centre,Right,61
<_io.BytesIO object at 0x000001E1C8DB77C0>,0.907646894454956,0.013273615390062332,-0.05014599487185478,497630,55,4,False,Right,Back,Centre,Right,61
<_io.BytesIO object at 0x000001E1C60339F0>,0.579413890838623,0.15371377766132355,0.36712101101875305,497631,55,4,False,Right,Back,Centre,Right,61
<_io.BytesIO object at 0x000001E1C8DB3360>,0.5688457489013672,0.1507422775030136,0.2858886122703552,497631,55,4,False,Right,Back,Centre,Right,61
<_io.BytesIO object at 0x000001E1C8DB3770>,0.5556455850601196,0.11335964500904083,0.29327690601348877,497631,55,4,False,Right,Back,Centre,Right,61
<_io.BytesIO object at 0x000001E1C8DB3630>,0.6164972186088562,0.06840040534734726,0.3400759994983673,497631,55,4,False,Right,Back,Centre,Right,61
<_io.BytesIO object at 0x000001E1C8DB3310>,0.5844045877456665,0.08565736562013626,0.27710869908332825,497631,55,4,False,Right,Back,Centre,Right,61
<_io.BytesIO object at 0x000001E1C8D909A0>,0.8857831954956055,0.04734570160508156,-0.03029034100472927,497631,55,4,False,Right,Back,Centre,Right,61
<_io.BytesIO object at 0x000001E1C8D90630>,0.9308225512504578,-0.022940637543797493,0.0035060280933976173,497631,55,4,False,Right,Back,Centre,Right,61
<_io.BytesIO object at 0x000001E1C8D90A40>,0.8633582592010498,0.02771058864891529,0.05171331763267517,497631,55,4,False,Right,Back,Centre,Right,61
<_io.BytesIO object at 0x000001E1C8D90EA0>,0.8407643437385559,0.037934161722660065,-0.03551303967833519,497631,55,4,False,Right,Back,Centre,Right,61
<_io.BytesIO object at 0x000001E1C8D90F90>,0.9076617360115051,0.013282264582812786,-0.05013683810830116,497631,55,4,False,Right,Back,Centre,Right,61
<_io.BytesIO object at 0x000001E1C8D9D590>,0.579413890838623,0.15371377766132355,0.36712101101875305,497632,55,4,False,Right,Back,Centre,Right,61
<_io.BytesIO object at 0x000001E1C8D9D270>,0.5688457489013672,0.1507422775030136,0.2858886122703552,497632,55,4,False,Right,Back,Centre,Right,61
<_io.BytesIO object at 0x000001E1C8D9DBD0>,0.5556455850601196,0.11335964500904083,0.29327690601348877,497632,55,4,False,Right,Back,Centre,Right,61
<_io.BytesIO object at 0x000001E1C8D9D4F0>,0.6164972186088562,0.06840040534734726,0.3400759994983673,497632,55,4,False,Right,Back,Centre,Right,61
<_io.BytesIO object at 0x000001E1C8D9DD10>,0.5844045877456665,0.08565736562013626,0.27710869908332825,497632,55,4,False,Right,Back,Centre,Right,61
<_io.BytesIO object at 0x000001E1C8D9DA90>,0.885789155960083,0.04734720662236214,-0.03027907945215702,497632,55,4,False,Right,Back,Centre,Right,61
<_io.BytesIO object at 0x000001E1C8D905E0>,0.9307987689971924,-0.02297736331820488,0.0035018743947148323,497632,55,4,False,Right,Back,Centre,Right,61
<_io.BytesIO object at 0x000001E1C8D90180>,0.8633544445037842,0.027695342898368835,0.05171329900622368,497632,55,4,False,Right,Back,Centre,Right,61
<_io.BytesIO object at 0x000001E1C8D90F90>,0.8407592177391052,0.037941426038742065,-0.035494089126586914,497632,55,4,False,Right,Back,Centre,Right,61
<_io.BytesIO object at 0x000001E1C8D902C0>,0.9076581001281738,0.01325515192002058,-0.05013524740934372,497632,55,4,False,Right,Back,Centre,Right,61
<_io.BytesIO object at 0x000001E1C6033B30>,0.579413890838623,0.15371377766132355,0.36712101101875305,497633,55,4,False,Right,Back,Centre,Right,61
<_io.BytesIO object at 0x000001E1C60337C0>,0.5688457489013672,0.1507422775030136,0.2858886122703552,497633,55,4,False,Right,Back,Centre,Right,61
<_io.BytesIO object at 0x000001E1C60338B0>,0.5556455850601196,0.11335964500904083,0.29327690601348877,497633,55,4,False,Right,Back,Centre,Right,61
<_io.BytesIO object at 0x000001E1C60339A0>,0.6164972186088562,0.06840040534734726,0.3400759994983673,497633,55,4,False,Right,Back,Centre,Right,61
<_io.BytesIO object at 0x000001E1C8DB78B0>,0.5844045877456665,0.08565736562013626,0.27710869908332825,497633,55,4,False,Right,Back,Centre,Right,61
<_io.BytesIO object at 0x000001E1C8DB7B80>,0.885788083076477,0.04734333977103233,-0.0302810650318861,497633,55,4,False,Right,Back,Centre,Right,61
<_io.BytesIO object at 0x000001E1C8DB7680>,0.9308080077171326,-0.022981416434049606,0.0035080835223197937,497633,55,4,False,Right,Back,Centre,Right,61
<_io.BytesIO object at 0x000001E1C8DB7C20>,0.8633480072021484,0.02770097367465496,0.05172782391309738,497633,55,4,False,Right,Back,Centre,Right,61
<_io.BytesIO object at 0x000001E1C8DB7040>,0.8407684564590454,0.037938930094242096,-0.035497214645147324,497633,55,4,False,Right,Back,Centre,Right,61
<_io.BytesIO object at 0x000001E1C8DB72C0>,0.9076573252677917,0.013241314329206944,-0.050131116062402725,497633,55,4,False,Right,Back,Centre,Right,61
<_io.BytesIO object at 0x000001E1C604E4A0>,0.579413890838623,0.15371377766132355,0.36712101101875305,497634,55,4,False,Right,Back,Centre,Right,61
<_io.BytesIO object at 0x000001E1C604E590>,0.5688457489013672,0.1507422775030136,0.2858886122703552,497634,55,4,False,Right,Back,Centre,Right,61
<_io.BytesIO object at 0x000001E1C8DA8400>,0.5556455850601196,0.11335964500904083,0.29327690601348877,497634,55,4,False,Right,Back,Centre,Right,61
<_io.BytesIO object at 0x000001E1C8DA84A0>,0.6164972186088562,0.06840040534734726,0.3400759994983673,497634,55,4,False,Right,Back,Centre,Right,61
<_io.BytesIO object at 0x000001E1C8DA8CC0>,0.5844045877456665,0.08565736562013626,0.27710869908332825,497634,55,4,False,Right,Back,Centre,Right,61
<_io.BytesIO object at 0x000001E1C8DA8EF0>,0.885793149471283,0.047337912023067474,-0.030259501188993454,497634,55,4,False,Right,Back,Centre,Right,61
<_io.BytesIO object at 0x000001E1C8DA8590>,0.9308128952980042,-0.02297355979681015,0.0035474877804517746,497634,55,4,False,Right,Back,Centre,Right,61
<_io.BytesIO object at 0x000001E1C8DA8270>,0.8633410930633545,0.027705222368240356,0.05173632502555847,497634,55,4,False,Right,Back,Centre,Right,61
<_io.BytesIO object at 0x000001E1C8DA8EA0>,0.8407740592956543,0.037928953766822815,-0.03548673167824745,497634,55,4,False,Right,Back,Centre,Right,61
<_io.BytesIO object at 0x000001E1C6040900>,0.907677412033081,0.013239081017673016,-0.05010385811328888,497634,55,4,False,Right,Back,Centre,Right,61
<_io.BytesIO object at 0x000001E1C8DEEB80>,0.579413890838623,0.15371377766132355,0.36712101101875305,497635,55,4,False,Right,Back,Centre,Right,61
<_io.BytesIO object at 0x000001E1C8DEE2C0>,0.5688457489013672,0.1507422775030136,0.2858886122703552,497635,55,4,False,Right,Back,Centre,Right,61
<_io.BytesIO object at 0x000001E1C8F6F5E0>,0.5556455850601196,0.11335964500904083,0.29327690601348877,497635,55,4,False,Right,Back,Centre,Right,61
<_io.BytesIO object at 0x000001E1C8F6FD60>,0.6164972186088562,0.06840040534734726,0.3400759994983673,497635,55,4,False,Right,Back,Centre,Right,61
<_io.BytesIO object at 0x000001E1C8F6F310>,0.5844045877456665,0.08565736562013626,0.27710869908332825,497635,55,4,False,Right,Back,Centre,Right,61
<_io.BytesIO object at 0x000001E1C8F6F1D0>,0.8857890367507935,0.04732987657189369,-0.030255381017923355,497635,55,4,False,Right,Back,Centre,Right,61
<_io.BytesIO object at 0x000001E1C8F6FF90>,0.9308260083198547,-0.022966943681240082,0.003570523113012314,497635,55,4,False,Right,Back,Centre,Right,61
<_io.BytesIO object at 0x000001E1C8F6F590>,0.8633367419242859,0.0277019701898098,0.05175295099616051,497635,55,4,False,Right,Back,Centre,Right,61
<_io.BytesIO object at 0x000001E1C8F6F9F0>,0.8407691717147827,0.03791549429297447,-0.035488054156303406,497635,55,4,False,Right,Back,Centre,Right,61
<_io.BytesIO object at 0x000001E1C8F6F270>,0.9076856970787048,0.013231049291789532,-0.050085391849279404,497635,55,4,False,Right,Back,Centre,Right,61
<_io.BytesIO object at 0x000001E1C6027F40>,0.579413890838623,0.15371377766132355,0.36712101101875305,497636,55,4,False,Right,Back,Centre,Right,61
<_io.BytesIO object at 0x000001E1C6027810>,0.5688457489013672,0.1507422775030136,0.2858886122703552,497636,55,4,False,Right,Back,Centre,Right,61
<_io.BytesIO object at 0x000001E1C6050A90>,0.5556455850601196,0.11335964500904083,0.29327690601348877,497636,55,4,False,Right,Back,Centre,Right,61
<_io.BytesIO object at 0x000001E1C6050CC0>,0.6164972186088562,0.06840040534734726,0.3400759994983673,497636,55,4,False,Right,Back,Centre,Right,61
<_io.BytesIO object at 0x000001E1C60507C0>,0.5844045877456665,0.08565736562013626,0.27710869908332825,497636,55,4,False,Right,Back,Centre,Right,61
<_io.BytesIO object at 0x000001E1C6050630>,0.885786771774292,0.047324832528829575,-0.030245326459407806,497636,55,4,False,Right,Back,Centre,Right,61
<_io.BytesIO object at 0x000001E1C6050BD0>,0.9308139085769653,-0.022953592240810394,0.0036223651841282845,497636,55,4,False,Right,Back,Centre,Right,61
<_io.BytesIO object at 0x000001E1C6050950>,0.8633394241333008,0.02769414894282818,0.05176491662859917,497636,55,4,False,Right,Back,Centre,Right,61
<_io.BytesIO object at 0x000001E1C6050C70>,0.8407659530639648,0.03791370242834091,-0.03547322377562523,497636,55,4,False,Right,Back,Centre,Right,61
<_io.BytesIO object at 0x000001E1C6050EA0>,0.9077070355415344,0.013244125060737133,-0.050040945410728455,497636,55,4,False,Right,Back,Centre,Right,61
<_io.BytesIO object at 0x000001E1C60501D0>,0.579413890838623,0.15371377766132355,0.36712101101875305,497637,55,4,False,Right,Back,Centre,Right,61
<_io.BytesIO object at 0x000001E1C60279F0>,0.5688457489013672,0.1507422775030136,0.2858886122703552,497637,55,4,False,Right,Back,Centre,Right,61
<_io.BytesIO object at 0x000001E1C6027E00>,0.5556455850601196,0.11335964500904083,0.29327690601348877,497637,55,4,False,Right,Back,Centre,Right,61
<_io.BytesIO object at 0x000001E1C60274A0>,0.6164972186088562,0.06840040534734726,0.3400759994983673,497637,55,4,False,Right,Back,Centre,Right,61
<_io.BytesIO object at 0x000001E1C6027360>,0.5844045877456665,0.08565736562013626,0.27710869908332825,497637,55,4,False,Right,Back,Centre,Right,61
<_io.BytesIO object at 0x000001E1C6027590>,0.8857942223548889,0.047340478748083115,-0.030211923643946648,497637,55,4,False,Right,Back,Centre,Right,61
<_io.BytesIO object at 0x000001E1C8E177C0>,0.93082594871521,-0.022951869294047356,0.0036445194855332375,497637,55,4,False,Right,Back,Centre,Right,61
<_io.BytesIO object at 0x000001E1C8E17900>,0.8633251786231995,0.027680188417434692,0.05178563669323921,497637,55,4,False,Right,Back,Centre,Right,61
<_io.BytesIO object at 0x000001E1C8E17B80>,0.8407820463180542,0.03790905326604843,-0.03547830134630203,497637,55,4,False,Right,Back,Centre,Right,61
<_io.BytesIO object at 0x000001E1C8E17C20>,0.907721757888794,0.013248427771031857,-0.050017938017845154,497637,55,4,False,Right,Back,Centre,Right,61
<_io.BytesIO object at 0x000001E1C8F6FAE0>,0.579413890838623,0.15371377766132355,0.36712101101875305,497638,55,4,False,Right,Back,Centre,Right,61
<_io.BytesIO object at 0x000001E1C8DEE360>,0.5688457489013672,0.1507422775030136,0.2858886122703552,497638,55,4,False,Right,Back,Centre,Right,61
<_io.BytesIO object at 0x000001E1C8DEE090>,0.5556455850601196,0.11335964500904083,0.29327690601348877,497638,55,4,False,Right,Back,Centre,Right,61
<_io.BytesIO object at 0x000001E1C8DEE1D0>,0.6164972186088562,0.06840040534734726,0.3400759994983673,497638,55,4,False,Right,Back,Centre,Right,61
<_io.BytesIO object at 0x000001E1C8DEE770>,0.5844045877456665,0.08565736562013626,0.27710869908332825,497638,55,4,False,Right,Back,Centre,Right,61
<_io.BytesIO object at 0x000001E1C8DEEC20>,0.8857980966567993,0.04732738807797432,-0.03021952323615551,497638,55,4,False,Right,Back,Centre,Right,61
<_io.BytesIO object at 0x000001E1C6040180>,0.9308311343193054,-0.02295457199215889,0.0036576949059963226,497638,55,4,False,Right,Back,Centre,Right,61
<_io.BytesIO object at 0x000001E1C6040400>,0.8633267879486084,0.02768716588616371,0.051791414618492126,497638,55,4,False,Right,Back,Centre,Right,61
<_io.BytesIO object at 0x000001E1C6040540>,0.840791642665863,0.03790843114256859,-0.03547273948788643,497638,55,4,False,Right,Back,Centre,Right,61
<_io.BytesIO object at 0x000001E1C60409F0>,0.9077304005622864,0.013238508254289627,-0.05001020058989525,497638,55,4,False,Right,Back,Centre,Right,61
<_io.BytesIO object at 0x000001E1C8DA84F0>,0.579413890838623,0.15371377766132355,0.36712101101875305,497639,55,4,False,Right,Back,Centre,Right,61
<_io.BytesIO object at 0x000001E1C604E8B0>,0.5688457489013672,0.1507422775030136,0.2858886122703552,497639,55,4,False,Right,Back,Centre,Right,61
<_io.BytesIO object at 0x000001E1C604EAE0>,0.5556455850601196,0.11335964500904083,0.29327690601348877,497639,55,4,False,Right,Back,Centre,Right,61
<_io.BytesIO object at 0x000001E1C604E770>,0.6164972186088562,0.06840040534734726,0.3400759994983673,497639,55,4,False,Right,Back,Centre,Right,61
<_io.BytesIO object at 0x000001E1C604EA40>,0.5844045877456665,0.08565736562013626,0.27710869908332825,497639,55,4,False,Right,Back,Centre,Right,61
<_io.BytesIO object at 0x000001E1C604E860>,0.8858067393302917,0.04732552543282509,-0.030206458643078804,497639,55,4,False,Right,Back,Centre,Right,61
<_io.BytesIO object at 0x000001E1C604E950>,0.9308282732963562,-0.022966418415308,0.003673228435218334,497639,55,4,False,Right,Back,Centre,Right,61
<_io.BytesIO object at 0x000001E1C604E7C0>,0.8633307218551636,0.02769099734723568,0.051807701587677,497639,55,4,False,Right,Back,Centre,Right,61
<_io.BytesIO object at 0x000001E1C1425130>,0.8408057689666748,0.03791775926947594,-0.03546486794948578,497639,55,4,False,Right,Back,Centre,Right,61
<_io.BytesIO object at 0x000001E1C1425360>,0.9077355265617371,0.013230022974312305,-0.04999538138508797,497639,55,4,False,Right,Back,Centre,Right,61
<_io.BytesIO object at 0x000001E1C60339A0>,0.579413890838623,0.15371377766132355,0.36712101101875305,497640,55,4,False,Right,Back,Centre,Right,61
<_io.BytesIO object at 0x000001E1C6033770>,0.5688457489013672,0.1507422775030136,0.2858886122703552,497640,55,4,False,Right,Back,Centre,Right,61
<_io.BytesIO object at 0x000001E1C6033AE0>,0.5556455850601196,0.11335964500904083,0.29327690601348877,497640,55,4,False,Right,Back,Centre,Right,61
<_io.BytesIO object at 0x000001E1C60339F0>,0.6164972186088562,0.06840040534734726,0.3400759994983673,497640,55,4,False,Right,Back,Centre,Right,61
<_io.BytesIO object at 0x000001E1C8DB3E50>,0.5844045877456665,0.08565736562013626,0.27710869908332825,497640,55,4,False,Right,Back,Centre,Right,61
<_io.BytesIO object at 0x000001E1C8DB3CC0>,0.8858146667480469,0.04732385277748108,-0.030216407030820847,497640,55,4,False,Right,Back,Centre,Right,61
<_io.BytesIO object at 0x000001E1C8DB3DB0>,0.9308171272277832,-0.022978387773036957,0.0036859754472970963,497640,55,4,False,Right,Back,Centre,Right,61
<_io.BytesIO object at 0x000001E1C8DB3360>,0.8633355498313904,0.02768789231777191,0.051809631288051605,497640,55,4,False,Right,Back,Centre,Right,61
<_io.BytesIO object at 0x000001E1C8DB37C0>,0.8408048748970032,0.03791891038417816,-0.03547454997897148,497640,55,4,False,Right,Back,Centre,Right,61
<_io.BytesIO object at 0x000001E1C8DB39F0>,0.9077410697937012,0.013216019608080387,-0.049984611570835114,497640,55,4,False,Right,Back,Centre,Right,61
<_io.BytesIO object at 0x000001E1C8D9D8B0>,0.579413890838623,0.15371377766132355,0.36712101101875305,497641,55,4,False,Right,Back,Centre,Right,61
<_io.BytesIO object at 0x000001E1C8D9D630>,0.5688457489013672,0.1507422775030136,0.2858886122703552,497641,55,4,False,Right,Back,Centre,Right,61
<_io.BytesIO object at 0x000001E1C8D9DD60>,0.5556455850601196,0.11335964500904083,0.29327690601348877,497641,55,4,False,Right,Back,Centre,Right,61
<_io.BytesIO object at 0x000001E1C6022900>,0.6164972186088562,0.06840040534734726,0.3400759994983673,497641,55,4,False,Right,Back,Centre,Right,61
<_io.BytesIO object at 0x000001E1C6022950>,0.5844045877456665,0.08565736562013626,0.27710869908332825,497641,55,4,False,Right,Back,Centre,Right,61
<_io.BytesIO object at 0x000001E1C60225E0>,0.8858139514923096,0.04732901602983475,-0.030219653621315956,497641,55,4,False,Right,Back,Centre,Right,61
<_io.BytesIO object at 0x000001E1C6022630>,0.9308150410652161,-0.02297823876142502,0.0036943601444363594,497641,55,4,False,Right,Back,Centre,Right,61
<_io.BytesIO object at 0x000001E1C60223B0>,0.8633238077163696,0.027689611539244652,0.05180990323424339,497641,55,4,False,Right,Back,Centre,Right,61
<_io.BytesIO object at 0x000001E1C60220E0>,0.8408205509185791,0.03792782127857208,-0.03548227995634079,497641,55,4,False,Right,Back,Centre,Right,61
<_io.BytesIO object at 0x000001E1C6022CC0>,0.9077513813972473,0.013215741142630577,-0.04997880384325981,497641,55,4,False,Right,Back,Centre,Right,61
<_io.BytesIO object at 0x000001E1C8D90C70>,0.579413890838623,0.15371377766132355,0.36712101101875305,497642,55,4,False,Right,Back,Centre,Right,61
<_io.BytesIO object at 0x000001E1C8D909F0>,0.5688457489013672,0.1507422775030136,0.2858886122703552,497642,55,4,False,Right,Back,Centre,Right,61
<_io.BytesIO object at 0x000001E1C8DB3810>,0.5556455850601196,0.11335964500904083,0.29327690601348877,497642,55,4,False,Right,Back,Centre,Right,61
<_io.BytesIO object at 0x000001E1C8DB3770>,0.6164972186088562,0.06840040534734726,0.3400759994983673,497642,55,4,False,Right,Back,Centre,Right,61
<_io.BytesIO object at 0x000001E1C8DB3DB0>,0.5844045877456665,0.08565736562013626,0.27710869908332825,497642,55,4,False,Right,Back,Centre,Right,61
<_io.BytesIO object at 0x000001E1C8DB38B0>,0.8858123421669006,0.04731176048517227,-0.030253155156970024,497642,55,4,False,Right,Back,Centre,Right,61
<_io.BytesIO object at 0x000001E1C8DB3220>,0.9308115243911743,-0.022988175973296165,0.003694583661854267,497642,55,4,False,Right,Back,Centre,Right,61
<_io.BytesIO object at 0x000001E1C6033130>,0.8633230328559875,0.027696745470166206,0.05180853232741356,497642,55,4,False,Right,Back,Centre,Right,61
<_io.BytesIO object at 0x000001E1C60332C0>,0.8408327102661133,0.037932269275188446,-0.035489343106746674,497642,55,4,False,Right,Back,Centre,Right,61
<_io.BytesIO object at 0x000001E1C6033770>,0.9077518582344055,0.01319968607276678,-0.049981940537691116,497642,55,4,False,Right,Back,Centre,Right,61
<_io.BytesIO object at 0x000001E1C8DB7D60>,0.579413890838623,0.15371377766132355,0.36712101101875305,497643,55,4,False,Right,Back,Centre,Right,61
<_io.BytesIO object at 0x000001E1C1425680>,0.5688457489013672,0.1507422775030136,0.2858886122703552,497643,55,4,False,Right,Back,Centre,Right,61
<_io.BytesIO object at 0x000001E1C1425810>,0.5556455850601196,0.11335964500904083,0.29327690601348877,497643,55,4,False,Right,Back,Centre,Right,61
<_io.BytesIO object at 0x000001E1C604E130>,0.6164972186088562,0.06840040534734726,0.3400759994983673,497643,55,4,False,Right,Back,Centre,Right,61
<_io.BytesIO object at 0x000001E1C604ECC0>,0.5844045877456665,0.08565736562013626,0.27710869908332825,497643,55,4,False,Right,Back,Centre,Right,61
<_io.BytesIO object at 0x000001E1C604E9F0>,0.8858262896537781,0.04732263833284378,-0.030258841812610626,497643,55,4,False,Right,Back,Centre,Right,61
<_io.BytesIO object at 0x000001E1C604E450>,0.930804431438446,-0.023004522547125816,0.0036888448521494865,497643,55,4,False,Right,Back,Centre,Right,61
<_io.BytesIO object at 0x000001E1C604E770>,0.863315999507904,0.027696602046489716,0.051798004657030106,497643,55,4,False,Right,Back,Centre,Right,61
<_io.BytesIO object at 0x000001E1C604E180>,0.840843915939331,0.03793254867196083,-0.03550409898161888,497643,55,4,False,Right,Back,Centre,Right,61
<_io.BytesIO object at 0x000001E1C604EBD0>,0.907755434513092,0.013182989321649075,-0.04998956620693207,497643,55,4,False,Right,Back,Centre,Right,61
<_io.BytesIO object at 0x000001E1C60407C0>,0.579413890838623,0.15371377766132355,0.36712101101875305,497644,55,4,False,Right,Back,Centre,Right,61
<_io.BytesIO object at 0x000001E1C6040EA0>,0.5688457489013672,0.1507422775030136,0.2858886122703552,497644,55,4,False,Right,Back,Centre,Right,61
<_io.BytesIO object at 0x000001E1C6040540>,0.5556455850601196,0.11335964500904083,0.29327690601348877,497644,55,4,False,Right,Back,Centre,Right,61
<_io.BytesIO object at 0x000001E1C6040B30>,0.6164972186088562,0.06840040534734726,0.3400759994983673,497644,55,4,False,Right,Back,Centre,Right,61
<_io.BytesIO object at 0x000001E1C6040EF0>,0.5844045877456665,0.08565736562013626,0.27710869908332825,497644,55,4,False,Right,Back,Centre,Right,61
<_io.BytesIO object at 0x000001E1C8DEE590>,0.8858195543289185,0.04729810357093811,-0.03029649145901203,497644,55,4,False,Right,Back,Centre,Right,61
<_io.BytesIO object at 0x000001E1C8DEEAE0>,0.9307832717895508,-0.023018166422843933,0.0036828787997365,497644,55,4,False,Right,Back,Centre,Right,61
<_io.BytesIO object at 0x000001E1C8DEE9A0>,0.8633161187171936,0.027708394452929497,0.051787119358778,497644,55,4,False,Right,Back,Centre,Right,61
<_io.BytesIO object at 0x000001E1C8DEE090>,0.8408546447753906,0.037950772792100906,-0.03552255779504776,497644,55,4,False,Right,Back,Centre,Right,61
<_io.BytesIO object at 0x000001E1C8DEE860>,0.9077488780021667,0.013175408355891705,-0.049998920410871506,497644,55,4,False,Right,Back,Centre,Right,61
<_io.BytesIO object at 0x000001E1C8F6F4F0>,0.579413890838623,0.15371377766132355,0.36712101101875305,497645,55,4,False,Right,Back,Centre,Right,61
<_io.BytesIO object at 0x000001E1C8E17770>,0.5688457489013672,0.1507422775030136,0.2858886122703552,497645,55,4,False,Right,Back,Centre,Right,61
<_io.BytesIO object at 0x000001E1C8E171D0>,0.5556455850601196,0.11335964500904083,0.29327690601348877,497645,55,4,False,Right,Back,Centre,Right,61
<_io.BytesIO object at 0x000001E1C8E17DB0>,0.6164972186088562,0.06840040534734726,0.3400759994983673,497645,55,4,False,Right,Back,Centre,Right,61
<_io.BytesIO object at 0x000001E1C8E175E0>,0.5844045877456665,0.08565736562013626,0.27710869908332825,497645,55,4,False,Right,Back,Centre,Right,61
<_io.BytesIO object at 0x000001E1C60274F0>,0.8858256340026855,0.04729422554373741,-0.030320601537823677,497645,55,4,False,Right,Back,Centre,Right,61
<_io.BytesIO object at 0x000001E1C6027D10>,0.9307889938354492,-0.02304740995168686,0.003662528470158577,497645,55,4,False,Right,Back,Centre,Right,61
<_io.BytesIO object at 0x000001E1C6027400>,0.863322377204895,0.027716590091586113,0.05177834630012512,497645,55,4,False,Right,Back,Centre,Right,61
<_io.BytesIO object at 0x000001E1C6027D60>,0.840859055519104,0.03794950246810913,-0.035559315234422684,497645,55,4,False,Right,Back,Centre,Right,61
<_io.BytesIO object at 0x000001E1C60277C0>,0.9077523350715637,0.013124522753059864,-0.05002274364233017,497645,55,4,False,Right,Back,Centre,Right,61
<_io.BytesIO object at 0x000001E1C6050E50>,0.579413890838623,0.15371377766132355,0.36712101101875305,497646,55,4,False,Right,Back,Centre,Right,61
<_io.BytesIO object at 0x000001E1C6050C20>,0.5688457489013672,0.1507422775030136,0.2858886122703552,497646,55,4,False,Right,Back,Centre,Right,61
<_io.BytesIO object at 0x000001E1C60503B0>,0.5556455850601196,0.11335964500904083,0.29327690601348877,497646,55,4,False,Right,Back,Centre,Right,61
<_io.BytesIO object at 0x000001E1C6050DB0>,0.6164972186088562,0.06840040534734726,0.3400759994983673,497646,55,4,False,Right,Back,Centre,Right,61
<_io.BytesIO object at 0x000001E1C6050680>,0.5844045877456665,0.08565736562013626,0.27710869908332825,497646,55,4,False,Right,Back,Centre,Right,61
<_io.BytesIO object at 0x000001E1C6050040>,0.8858364820480347,0.04729236289858818,-0.03035629726946354,497646,55,4,False,Right,Back,Centre,Right,61
<_io.BytesIO object at 0x000001E1C6027900>,0.9307994842529297,-0.023055586963891983,0.003649221733212471,497646,55,4,False,Right,Back,Centre,Right,61
<_io.BytesIO object at 0x000001E1C6027CC0>,0.8633233904838562,0.027739308774471283,0.051772505044937134,497646,55,4,False,Right,Back,Centre,Right,61
<_io.BytesIO object at 0x000001E1C6027540>,0.8408642411231995,0.037950120866298676,-0.03559328243136406,497646,55,4,False,Right,Back,Centre,Right,61
<_io.BytesIO object at 0x000001E1C60277C0>,0.9077510833740234,0.013097663410007954,-0.05004199966788292,497646,55,4,False,Right,Back,Centre,Right,61
<_io.BytesIO object at 0x000001E1C8E17A90>,0.579413890838623,0.15371377766132355,0.36712101101875305,497647,55,4,False,Right,Back,Centre,Right,61
<_io.BytesIO object at 0x000001E1C8F6F950>,0.5688457489013672,0.1507422775030136,0.2858886122703552,497647,55,4,False,Right,Back,Centre,Right,61
<_io.BytesIO object at 0x000001E1C8F6F860>,0.5556455850601196,0.11335964500904083,0.29327690601348877,497647,55,4,False,Right,Back,Centre,Right,61
<_io.BytesIO object at 0x000001E1C8F6F400>,0.6164972186088562,0.06840040534734726,0.3400759994983673,497647,55,4,False,Right,Back,Centre,Right,61
<_io.BytesIO object at 0x000001E1C8F6FA40>,0.5844045877456665,0.08565736562013626,0.27710869908332825,497647,55,4,False,Right,Back,Centre,Right,61
<_io.BytesIO object at 0x000001E1C8DEE180>,0.8858387470245361,0.04728399217128754,-0.030397051945328712,497647,55,4,False,Right,Back,Centre,Right,61
<_io.BytesIO object at 0x000001E1C8DEE2C0>,0.9307730197906494,-0.02308952994644642,0.0036244550719857216,497647,55,4,False,Right,Back,Centre,Right,61
<_io.BytesIO object at 0x000001E1C8DEE810>,0.8633401989936829,0.02774934098124504,0.051756612956523895,497647,55,4,False,Right,Back,Centre,Right,61
<_io.BytesIO object at 0x000001E1C8DEE8B0>,0.8408811092376709,0.03796558827161789,-0.03561218082904816,497647,55,4,False,Right,Back,Centre,Right,61
<_io.BytesIO object at 0x000001E1C8DEEE50>,0.9077363610267639,0.013065209612250328,-0.050065357238054276,497647,55,4,False,Right,Back,Centre,Right,61
<_io.BytesIO object at 0x000001E1C6040270>,0.579413890838623,0.15371377766132355,0.36712101101875305,497648,55,4,False,Right,Back,Centre,Right,61
<_io.BytesIO object at 0x000001E1C8DA89A0>,0.5688457489013672,0.1507422775030136,0.2858886122703552,497648,55,4,False,Right,Back,Centre,Right,61
<_io.BytesIO object at 0x000001E1C8DA86D0>,0.5556455850601196,0.11335964500904083,0.29327690601348877,497648,55,4,False,Right,Back,Centre,Right,61
<_io.BytesIO object at 0x000001E1C8DA8900>,0.6164972186088562,0.06840040534734726,0.3400759994983673,497648,55,4,False,Right,Back,Centre,Right,61
<_io.BytesIO object at 0x000001E1C8DA8860>,0.5844045877456665,0.08565736562013626,0.27710869908332825,497648,55,4,False,Right,Back,Centre,Right,61
<_io.BytesIO object at 0x000001E1C8DA8630>,0.8858420252799988,0.04726977273821831,-0.030426284298300743,497648,55,4,False,Right,Back,Centre,Right,61
<_io.BytesIO object at 0x000001E1C604E810>,0.9307495951652527,-0.023116542026400566,0.0036134934052824974,497648,55,4,False,Right,Back,Centre,Right,61
<_io.BytesIO object at 0x000001E1C604E4A0>,0.863336980342865,0.02776305191218853,0.05173996463418007,497648,55,4,False,Right,Back,Centre,Right,61
<_io.BytesIO object at 0x000001E1C604EC70>,0.8408849835395813,0.03797569498419762,-0.03563445061445236,497648,55,4,False,Right,Back,Centre,Right,61
<_io.BytesIO object at 0x000001E1C604EAE0>,0.907727837562561,0.013036394491791725,-0.05008210986852646,497648,55,4,False,Right,Back,Centre,Right,61
<_io.BytesIO object at 0x000001E1C8DB7720>,0.579413890838623,0.15371377766132355,0.36712101101875305,497649,55,4,False,Right,Back,Centre,Right,61
<_io.BytesIO object at 0x000001E1C8DB7C70>,0.5688457489013672,0.1507422775030136,0.2858886122703552,497649,55,4,False,Right,Back,Centre,Right,61
<_io.BytesIO object at 0x000001E1C60331D0>,0.5556455850601196,0.11335964500904083,0.29327690601348877,497649,55,4,False,Right,Back,Centre,Right,61
<_io.BytesIO object at 0x000001E1C6033810>,0.6164972186088562,0.06840040534734726,0.3400759994983673,497649,55,4,False,Right,Back,Centre,Right,61
<_io.BytesIO object at 0x000001E1C6033270>,0.5844045877456665,0.08565736562013626,0.27710869908332825,497649,55,4,False,Right,Back,Centre,Right,61
<_io.BytesIO object at 0x000001E1C6033590>,0.8858462572097778,0.04726560786366463,-0.030469773337244987,497649,55,4,False,Right,Back,Centre,Right,61
<_io.BytesIO object at 0x000001E1C6033D10>,0.9307335019111633,-0.023141946643590927,0.0035854382440447807,497649,55,4,False,Right,Back,Centre,Right,61
<_io.BytesIO object at 0x000001E1C6033F40>,0.8633341193199158,0.027770787477493286,0.051729895174503326,497649,55,4,False,Right,Back,Centre,Right,61
<_io.BytesIO object at 0x000001E1C60332C0>,0.8408957719802856,0.03798164799809456,-0.035669274628162384,497649,55,4,False,Right,Back,Centre,Right,61
<_io.BytesIO object at 0x000001E1C60335E0>,0.9077054262161255,0.013013008050620556,-0.05010784789919853,497649,55,4,False,Right,Back,Centre,Right,61
<_io.BytesIO object at 0x000001E1C8DB3B80>,0.579413890838623,0.15371377766132355,0.36712101101875305,497650,55,4,False,Right,Back,Centre,Right,61
<_io.BytesIO object at 0x000001E1C8DB39F0>,0.5688457489013672,0.1507422775030136,0.2858886122703552,497650,55,4,False,Right,Back,Centre,Right,61
<_io.BytesIO object at 0x000001E1C8D9DEF0>,0.5556455850601196,0.11335964500904083,0.29327690601348877,497650,55,4,False,Right,Back,Centre,Right,61
<_io.BytesIO object at 0x000001E1C8D9D720>,0.6164972186088562,0.06840040534734726,0.3400759994983673,497650,55,4,False,Right,Back,Centre,Right,61
<_io.BytesIO object at 0x000001E1C8D9D0E0>,0.5844045877456665,0.08565736562013626,0.27710869908332825,497650,55,4,False,Right,Back,Centre,Right,61
<_io.BytesIO object at 0x000001E1C8D9DD10>,0.8858472108840942,0.04726042225956917,-0.030505817383527756,497650,55,4,False,Right,Back,Centre,Right,61
<_io.BytesIO object at 0x000001E1C8D9D130>,0.9307123422622681,-0.02315579541027546,0.0036006662994623184,497650,55,4,False,Right,Back,Centre,Right,61
<_io.BytesIO object at 0x000001E1C8D9D090>,0.8633394241333008,0.027800120413303375,0.051711179316043854,497650,55,4,False,Right,Back,Centre,Right,61
<_io.BytesIO object at 0x000001E1C8D9DAE0>,0.8408911824226379,0.03799179941415787,-0.03568762168288231,497650,55,4,False,Right,Back,Centre,Right,61
<_io.BytesIO object at 0x000001E1C8D9D450>,0.9077203273773193,0.012969628907740116,-0.05010567232966423,497650,55,4,False,Right,Back,Centre,Right,61
<_io.BytesIO object at 0x000001E1C8D9D630>,0.579413890838623,0.15371377766132355,0.36712101101875305,497651,55,4,False,Right,Back,Centre,Right,61
<_io.BytesIO object at 0x000001E1C8DB3B80>,0.5688457489013672,0.1507422775030136,0.2858886122703552,497651,55,4,False,Right,Back,Centre,Right,61
<_io.BytesIO object at 0x000001E1C8DB3770>,0.5556455850601196,0.11335964500904083,0.29327690601348877,497651,55,4,False,Right,Back,Centre,Right,61
<_io.BytesIO object at 0x000001E1C8DB3BD0>,0.6164972186088562,0.06840040534734726,0.3400759994983673,497651,55,4,False,Right,Back,Centre,Right,61
<_io.BytesIO object at 0x000001E1C8DB3A40>,0.5844045877456665,0.08565736562013626,0.27710869908332825,497651,55,4,False,Right,Back,Centre,Right,61
<_io.BytesIO object at 0x000001E1C8DB3F40>,0.8858526945114136,0.047245852649211884,-0.03055010363459587,497651,55,4,False,Right,Back,Centre,Right,61
<_io.BytesIO object at 0x000001E1C8D90900>,0.9306773543357849,-0.023183554410934448,0.0036179404705762863,497651,55,4,False,Right,Back,Centre,Right,61
<_io.BytesIO object at 0x000001E1C8D90450>,0.8633264303207397,0.02781364880502224,0.051708340644836426,497651,55,4,False,Right,Back,Centre,Right,61
<_io.BytesIO object at 0x000001E1C8D90C20>,0.8409023880958557,0.038021259009838104,-0.035729534924030304,497651,55,4,False,Right,Back,Centre,Right,61
<_io.BytesIO object at 0x000001E1C8D90F90>,0.9077230095863342,0.012941659428179264,-0.05009889602661133,497651,55,4,False,Right,Back,Centre,Right,61
<_io.BytesIO object at 0x000001E1C6033270>,0.579413890838623,0.15371377766132355,0.36712101101875305,497652,55,4,False,Right,Back,Centre,Right,61
<_io.BytesIO object at 0x000001E1C8DB7BD0>,0.5688457489013672,0.1507422775030136,0.2858886122703552,497652,55,4,False,Right,Back,Centre,Right,61
<_io.BytesIO object at 0x000001E1C8DB70E0>,0.5556455850601196,0.11335964500904083,0.29327690601348877,497652,55,4,False,Right,Back,Centre,Right,61
<_io.BytesIO object at 0x000001E1C8DB7F90>,0.6164972186088562,0.06840040534734726,0.3400759994983673,497652,55,4,False,Right,Back,Centre,Right,61
<_io.BytesIO object at 0x000001E1C8DB7450>,0.5844045877456665,0.08565736562013626,0.27710869908332825,497652,55,4,False,Right,Back,Centre,Right,61
<_io.BytesIO object at 0x000001E1C8DB7F40>,0.8858737945556641,0.04724522680044174,-0.030572067946195602,497652,55,4,False,Right,Back,Centre,Right,61
<_io.BytesIO object at 0x000001E1C1425090>,0.930640697479248,-0.023216672241687775,0.0036386512219905853,497652,55,4,False,Right,Back,Centre,Right,61
<_io.BytesIO object at 0x000001E1C1425270>,0.8633248805999756,0.027837378904223442,0.05170433595776558,497652,55,4,False,Right,Back,Centre,Right,61
<_io.BytesIO object at 0x000001E1C14257C0>,0.8409244418144226,0.03803914785385132,-0.03575513884425163,497652,55,4,False,Right,Back,Centre,Right,61
<_io.BytesIO object at 0x000001E1C8DA8310>,0.9077237248420715,0.012904580682516098,-0.050088997930288315,497652,55,4,False,Right,Back,Centre,Right,61
<_io.BytesIO object at 0x000001E1C8DEEE50>,0.579413890838623,0.15371377766132355,0.36712101101875305,497653,55,4,False,Right,Back,Centre,Right,61
<_io.BytesIO object at 0x000001E1C8DEE680>,0.5688457489013672,0.1507422775030136,0.2858886122703552,497653,55,4,False,Right,Back,Centre,Right,61
<_io.BytesIO object at 0x000001E1C8F6F9F0>,0.5556455850601196,0.11335964500904083,0.29327690601348877,497653,55,4,False,Right,Back,Centre,Right,61
<_io.BytesIO object at 0x000001E1C8F6FAE0>,0.6164972186088562,0.06840040534734726,0.3400759994983673,497653,55,4,False,Right,Back,Centre,Right,61
<_io.BytesIO object at 0x000001E1C8F6F040>,0.5844045877456665,0.08565736562013626,0.27710869908332825,497653,55,4,False,Right,Back,Centre,Right,61
<_io.BytesIO object at 0x000001E1C8F6FBD0>,0.8858916759490967,0.04725056141614914,-0.03059426322579384,497653,55,4,False,Right,Back,Centre,Right,61
<_io.BytesIO object at 0x000001E1C8F6F8B0>,0.9306233525276184,-0.02325555309653282,0.003636670298874378,497653,55,4,False,Right,Back,Centre,Right,61
<_io.BytesIO object at 0x000001E1C8F6FE00>,0.8633250594139099,0.027843637391924858,0.05170828104019165,497653,55,4,False,Right,Back,Centre,Right,61
<_io.BytesIO object at 0x000001E1C8F6F180>,0.8409336805343628,0.038048889487981796,-0.03579485043883324,497653,55,4,False,Right,Back,Centre,Right,61
<_io.BytesIO object at 0x000001E1C8F6FEA0>,0.9077208638191223,0.012859887443482876,-0.05009354278445244,497653,55,4,False,Right,Back,Centre,Right,61
<_io.BytesIO object at 0x000001E1C60407C0>,0.579413890838623,0.15371377766132355,0.36712101101875305,497654,55,4,False,Right,Back,Centre,Right,61
<_io.BytesIO object at 0x000001E1C6040400>,0.5688457489013672,0.1507422775030136,0.2858886122703552,497654,55,4,False,Right,Back,Centre,Right,61
<_io.BytesIO object at 0x000001E1C604EB80>,0.5556455850601196,0.11335964500904083,0.29327690601348877,497654,55,4,False,Right,Back,Centre,Right,61
<_io.BytesIO object at 0x000001E1C604E8B0>,0.6164972186088562,0.06840040534734726,0.3400759994983673,497654,55,4,False,Right,Back,Centre,Right,61
<_io.BytesIO object at 0x000001E1C604E7C0>,0.5844045877456665,0.08565736562013626,0.27710869908332825,497654,55,4,False,Right,Back,Centre,Right,61
<_io.BytesIO object at 0x000001E1C604E220>,0.8859056234359741,0.04723840206861496,-0.03062792867422104,497654,55,4,False,Right,Back,Centre,Right,61
<_io.BytesIO object at 0x000001E1C604EA40>,0.9305907487869263,-0.023292850703001022,0.00366281159222126,497654,55,4,False,Right,Back,Centre,Right,61
<_io.BytesIO object at 0x000001E1C604EF90>,0.8633093237876892,0.027854256331920624,0.05171072110533714,497654,55,4,False,Right,Back,Centre,Right,61
<_io.BytesIO object at 0x000001E1C604E9A0>,0.8409557342529297,0.038076695054769516,-0.035831645131111145,497654,55,4,False,Right,Back,Centre,Right,61
<_io.BytesIO object at 0x000001E1C604E6D0>,0.9077349901199341,0.012820175848901272,-0.050076067447662354,497654,55,4,False,Right,Back,Centre,Right,61
<_io.BytesIO object at 0x000001E1C6050680>,0.579413890838623,0.15371377766132355,0.36712101101875305,497655,55,4,False,Right,Back,Centre,Right,61
<_io.BytesIO object at 0x000001E1C60509A0>,0.5688457489013672,0.1507422775030136,0.2858886122703552,497655,55,4,False,Right,Back,Centre,Right,61
<_io.BytesIO object at 0x000001E1C6050590>,0.5556455850601196,0.11335964500904083,0.29327690601348877,497655,55,4,False,Right,Back,Centre,Right,61
<_io.BytesIO object at 0x000001E1C6050EA0>,0.6164972186088562,0.06840040534734726,0.3400759994983673,497655,55,4,False,Right,Back,Centre,Right,61
<_io.BytesIO object at 0x000001E1C6022400>,0.5844045877456665,0.08565736562013626,0.27710869908332825,497655,55,4,False,Right,Back,Centre,Right,61
<_io.BytesIO object at 0x000001E1C6022900>,0.8860008120536804,0.04719512537121773,-0.03068104386329651,497655,55,4,False,Right,Back,Centre,Right,61
<_io.BytesIO object at 0x000001E1C6022950>,0.9305300116539001,-0.023363826796412468,0.003710252232849598,497655,55,4,False,Right,Back,Centre,Right,61
<_io.BytesIO object at 0x000001E1C60223B0>,0.8633058667182922,0.027866752818226814,0.0517190620303154,497655,55,4,False,Right,Back,Centre,Right,61
<_io.BytesIO object at 0x000001E1C6022CC0>,0.8409936428070068,0.03809721767902374,-0.03586994484066963,497655,55,4,False,Right,Back,Centre,Right,61
<_io.BytesIO object at 0x000001E1C6022770>,0.9077348709106445,0.012790868058800697,-0.050042346119880676,497655,55,4,False,Right,Back,Centre,Right,61
<_io.BytesIO object at 0x000001E1C6050DB0>,0.579413890838623,0.15371377766132355,0.36712101101875305,497656,55,4,False,Right,Back,Centre,Right,61
<_io.BytesIO object at 0x000001E1C6050A40>,0.5688457489013672,0.1507422775030136,0.2858886122703552,497656,55,4,False,Right,Back,Centre,Right,61
<_io.BytesIO object at 0x000001E1C6027040>,0.5556455850601196,0.11335964500904083,0.29327690601348877,497656,55,4,False,Right,Back,Centre,Right,61
<_io.BytesIO object at 0x000001E1C6027540>,0.6164972186088562,0.06840040534734726,0.3400759994983673,497656,55,4,False,Right,Back,Centre,Right,61
<_io.BytesIO object at 0x000001E1C60274A0>,0.5844045877456665,0.08565736562013626,0.27710869908332825,497656,55,4,False,Right,Back,Centre,Right,61
<_io.BytesIO object at 0x000001E1C6027360>,0.8860191106796265,0.047179222106933594,-0.03071083314716816,497656,55,4,False,Right,Back,Centre,Right,61
<_io.BytesIO object at 0x000001E1C6027950>,0.9305024147033691,-0.023403406143188477,0.003741282969713211,497656,55,4,False,Right,Back,Centre,Right,61
<_io.BytesIO object at 0x000001E1C6027B80>,0.8632937073707581,0.027859775349497795,0.051722362637519836,497656,55,4,False,Right,Back,Centre,Right,61
<_io.BytesIO object at 0x000001E1C604E4A0>,0.8410045504570007,0.038114625960588455,-0.035894062370061874,497656,55,4,False,Right,Back,Centre,Right,61
<_io.BytesIO object at 0x000001E1C604EEA0>,0.907759428024292,0.012747534550726414,-0.050017692148685455,497656,55,4,False,Right,Back,Centre,Right,61
<_io.BytesIO object at 0x000001E1C60408B0>,0.579413890838623,0.15371377766132355,0.36712101101875305,497657,55,4,False,Right,Back,Centre,Right,61
<_io.BytesIO object at 0x000001E1C60409A0>,0.5688457489013672,0.1507422775030136,0.2858886122703552,497657,55,4,False,Right,Back,Centre,Right,61
<_io.BytesIO object at 0x000001E1C6040C20>,0.5556455850601196,0.11335964500904083,0.29327690601348877,497657,55,4,False,Right,Back,Centre,Right,61
<_io.BytesIO object at 0x000001E1C8E17900>,0.6164972186088562,0.06840040534734726,0.3400759994983673,497657,55,4,False,Right,Back,Centre,Right,61
<_io.BytesIO object at 0x000001E1C8E17EF0>,0.5844045877456665,0.08565736562013626,0.27710869908332825,497657,55,4,False,Right,Back,Centre,Right,61
<_io.BytesIO object at 0x000001E1C8E176D0>,0.8860344886779785,0.04718213155865669,-0.030725786462426186,497657,55,4,False,Right,Back,Centre,Right,61
<_io.BytesIO object at 0x000001E1C8E17810>,0.9304713606834412,-0.023438241332769394,0.003775365650653839,497657,55,4,False,Right,Back,Centre,Right,61
<_io.BytesIO object at 0x000001E1C8E172C0>,0.8632664084434509,0.027860566973686218,0.05173369124531746,497657,55,4,False,Right,Back,Centre,Right,61
<_io.BytesIO object at 0x000001E1C8E17090>,0.8410174250602722,0.03813634067773819,-0.0359494574368,497657,55,4,False,Right,Back,Centre,Right,61
<_io.BytesIO object at 0x000001E1C8E173B0>,0.907775342464447,0.012708708643913269,-0.04999135434627533,497657,55,4,False,Right,Back,Centre,Right,61
<_io.BytesIO object at 0x000001E1C8DEE2C0>,0.579413890838623,0.15371377766132355,0.36712101101875305,497658,55,4,False,Right,Back,Centre,Right,61
<_io.BytesIO object at 0x000001E1C8DEE040>,0.5688457489013672,0.1507422775030136,0.2858886122703552,497658,55,4,False,Right,Back,Centre,Right,61
<_io.BytesIO object at 0x000001E1C8DEEBD0>,0.5556455850601196,0.11335964500904083,0.29327690601348877,497658,55,4,False,Right,Back,Centre,Right,61
<_io.BytesIO object at 0x000001E1C8DA8180>,0.6164972186088562,0.06840040534734726,0.3400759994983673,497658,55,4,False,Right,Back,Centre,Right,61
<_io.BytesIO object at 0x000001E1C8DA8B80>,0.5844045877456665,0.08565736562013626,0.27710869908332825,497658,55,4,False,Right,Back,Centre,Right,61
<_io.BytesIO object at 0x000001E1C8DA8A90>,0.8860628604888916,0.04718299210071564,-0.030770789831876755,497658,55,4,False,Right,Back,Centre,Right,61
<_io.BytesIO object at 0x000001E1C8DA8E50>,0.930411696434021,-0.023484153673052788,0.00380873866379261,497658,55,4,False,Right,Back,Centre,Right,61
<_io.BytesIO object at 0x000001E1C8DA8810>,0.8632563352584839,0.02786935307085514,0.051728300750255585,497658,55,4,False,Right,Back,Centre,Right,61
<_io.BytesIO object at 0x000001E1C8DA8360>,0.8410479426383972,0.03816334903240204,-0.03598446026444435,497658,55,4,False,Right,Back,Centre,Right,61
<_io.BytesIO object at 0x000001E1C8DA8AE0>,0.9077805876731873,0.01266825944185257,-0.04996608570218086,497658,55,4,False,Right,Back,Centre,Right,61
<_io.BytesIO object at 0x000001E1C8DB7090>,0.579413890838623,0.15371377766132355,0.36712101101875305,497659,55,4,False,Right,Back,Centre,Right,61
<_io.BytesIO object at 0x000001E1C8DB7590>,0.5688457489013672,0.1507422775030136,0.2858886122703552,497659,55,4,False,Right,Back,Centre,Right,61
<_io.BytesIO object at 0x000001E1C6033810>,0.5556455850601196,0.11335964500904083,0.29327690601348877,497659,55,4,False,Right,Back,Centre,Right,61
<_io.BytesIO object at 0x000001E1C60337C0>,0.6164972186088562,0.06840040534734726,0.3400759994983673,497659,55,4,False,Right,Back,Centre,Right,61
<_io.BytesIO object at 0x000001E1C6033590>,0.5844045877456665,0.08565736562013626,0.27710869908332825,497659,55,4,False,Right,Back,Centre,Right,61
<_io.BytesIO object at 0x000001E1C6033630>,0.886067271232605,0.04719572141766548,-0.030779175460338593,497659,55,4,False,Right,Back,Centre,Right,61
<_io.BytesIO object at 0x000001E1C60332C0>,0.930397629737854,-0.023511521518230438,0.003825070336461067,497659,55,4,False,Right,Back,Centre,Right,61
<_io.BytesIO object at 0x000001E1C60330E0>,0.8632370233535767,0.027860740199685097,0.05174683779478073,497659,55,4,False,Right,Back,Centre,Right,61
<_io.BytesIO object at 0x000001E1C8D90EA0>,0.8410654664039612,0.03819577768445015,-0.036032505333423615,497659,55,4,False,Right,Back,Centre,Right,61
<_io.BytesIO object at 0x000001E1C8D903B0>,0.907802939414978,0.01264123897999525,-0.049946658313274384,497659,55,4,False,Right,Back,Centre,Right,61
<_io.BytesIO object at 0x000001E1C8DB3AE0>,0.579413890838623,0.15371377766132355,0.36712101101875305,497660,55,4,False,Right,Back,Centre,Right,61
<_io.BytesIO object at 0x000001E1C8DB31D0>,0.5688457489013672,0.1507422775030136,0.2858886122703552,497660,55,4,False,Right,Back,Centre,Right,61
<_io.BytesIO object at 0x000001E1C8DB3720>,0.5556455850601196,0.11335964500904083,0.29327690601348877,497660,55,4,False,Right,Back,Centre,Right,61
<_io.BytesIO object at 0x000001E1C8DB3860>,0.6164972186088562,0.06840040534734726,0.3400759994983673,497660,55,4,False,Right,Back,Centre,Right,61
<_io.BytesIO object at 0x000001E1C8DB3E00>,0.5844045877456665,0.08565736562013626,0.27710869908332825,497660,55,4,False,Right,Back,Centre,Right,61
<_io.BytesIO object at 0x000001E1C8DB3DB0>,0.8860846757888794,0.04720655828714371,-0.030823538079857826,497660,55,4,False,Right,Back,Centre,Right,61
<_io.BytesIO object at 0x000001E1C8DB3E50>,0.9303022027015686,-0.023604953661561012,0.0038667460903525352,497660,55,4,False,Right,Back,Centre,Right,61
<_io.BytesIO object at 0x000001E1C8DB3F90>,0.8632208108901978,0.027860421687364578,0.0517408587038517,497660,55,4,False,Right,Back,Centre,Right,61
<_io.BytesIO object at 0x000001E1C8DB3EF0>,0.8410970568656921,0.03821948543190956,-0.03608812764286995,497660,55,4,False,Right,Back,Centre,Right,61
<_io.BytesIO object at 0x000001E1C8D90950>,0.9078075289726257,0.012533949688076973,-0.04991584271192551,497660,55,4,False,Right,Back,Centre,Right,61
<_io.BytesIO object at 0x000001E1C6033450>,0.579413890838623,0.15371377766132355,0.36712101101875305,497661,55,4,False,Right,Back,Centre,Right,61
<_io.BytesIO object at 0x000001E1C6033D10>,0.5688457489013672,0.1507422775030136,0.2858886122703552,497661,55,4,False,Right,Back,Centre,Right,61
<_io.BytesIO object at 0x000001E1C8DB7CC0>,0.5556455850601196,0.11335964500904083,0.29327690601348877,497661,55,4,False,Right,Back,Centre,Right,61
<_io.BytesIO object at 0x000001E1C8DB7400>,0.6164972186088562,0.06840040534734726,0.3400759994983673,497661,55,4,False,Right,Back,Centre,Right,61
<_io.BytesIO object at 0x000001E1C8DB7360>,0.5844045877456665,0.08565736562013626,0.27710869908332825,497661,55,4,False,Right,Back,Centre,Right,61
<_io.BytesIO object at 0x000001E1C8DB76D0>,0.886100709438324,0.04719473421573639,-0.030873926356434822,497661,55,4,False,Right,Back,Centre,Right,61
<_io.BytesIO object at 0x000001E1C8DB7EA0>,0.9302690029144287,-0.023648055270314217,0.003870713524520397,497661,55,4,False,Right,Back,Centre,Right,61
<_io.BytesIO object at 0x000001E1C8DB7B80>,0.8632012009620667,0.02786501683294773,0.051735080778598785,497661,55,4,False,Right,Back,Centre,Right,61
<_io.BytesIO object at 0x000001E1C14257C0>,0.8410982489585876,0.038235392421483994,-0.03616241365671158,497661,55,4,False,Right,Back,Centre,Right,61
<_io.BytesIO object at 0x000001E1C1425090>,0.9078073501586914,0.012484442442655563,-0.04991821199655533,497661,55,4,False,Right,Back,Centre,Right,61
<_io.BytesIO object at 0x000001E1C8DA8EA0>,0.579413890838623,0.15371377766132355,0.36712101101875305,497662,55,4,False,Right,Back,Centre,Right,61
<_io.BytesIO object at 0x000001E1C8DEE630>,0.5688457489013672,0.1507422775030136,0.2858886122703552,497662,55,4,False,Right,Back,Centre,Right,61
<_io.BytesIO object at 0x000001E1C8DEE400>,0.5556455850601196,0.11335964500904083,0.29327690601348877,497662,55,4,False,Right,Back,Centre,Right,61
<_io.BytesIO object at 0x000001E1C8DEE310>,0.6164972186088562,0.06840040534734726,0.3400759994983673,497662,55,4,False,Right,Back,Centre,Right,61
<_io.BytesIO object at 0x000001E1C8DEE180>,0.5844045877456665,0.08565736562013626,0.27710869908332825,497662,55,4,False,Right,Back,Centre,Right,61
<_io.BytesIO object at 0x000001E1C8DEEA90>,0.8861441016197205,0.04721706733107567,-0.030925339087843895,497662,55,4,False,Right,Back,Centre,Right,61
<_io.BytesIO object at 0x000001E1C8F6F3B0>,0.9302250742912292,-0.023683728650212288,0.0038778968155384064,497662,55,4,False,Right,Back,Centre,Right,61
<_io.BytesIO object at 0x000001E1C8F6F5E0>,0.8631869554519653,0.02786727249622345,0.05172578617930412,497662,55,4,False,Right,Back,Centre,Right,61
<_io.BytesIO object at 0x000001E1C8F6F0E0>,0.8411241173744202,0.038276296108961105,-0.03621925413608551,497662,55,4,False,Right,Back,Centre,Right,61
<_io.BytesIO object at 0x000001E1C8F6FF90>,0.9078199863433838,0.012464696541428566,-0.04990879073739052,497662,55,4,False,Right,Back,Centre,Right,61
<_io.BytesIO object at 0x000001E1C8E17040>,0.579413890838623,0.15371377766132355,0.36712101101875305,497663,55,4,False,Right,Back,Centre,Right,61
<_io.BytesIO object at 0x000001E1C60401D0>,0.5688457489013672,0.1507422775030136,0.2858886122703552,497663,55,4,False,Right,Back,Centre,Right,61
<_io.BytesIO object at 0x000001E1C6040D10>,0.5556455850601196,0.11335964500904083,0.29327690601348877,497663,55,4,False,Right,Back,Centre,Right,61
<_io.BytesIO object at 0x000001E1C6040130>,0.6164972186088562,0.06840040534734726,0.3400759994983673,497663,55,4,False,Right,Back,Centre,Right,61
<_io.BytesIO object at 0x000001E1C6040770>,0.5844045877456665,0.08565736562013626,0.27710869908332825,497663,55,4,False,Right,Back,Centre,Right,61
<_io.BytesIO object at 0x000001E1C6040810>,0.88613361120224,0.047222379595041275,-0.03097032941877842,497663,55,4,False,Right,Back,Centre,Right,61
<_io.BytesIO object at 0x000001E1C6040720>,0.930195689201355,-0.02370382286608219,0.0038733631372451782,497663,55,4,False,Right,Back,Centre,Right,61
<_io.BytesIO object at 0x000001E1C6027180>,0.8631693124771118,0.02785351313650608,0.05171865597367287,497663,55,4,False,Right,Back,Centre,Right,61
<_io.BytesIO object at 0x000001E1C6027B80>,0.8411147594451904,0.03831141069531441,-0.036302514374256134,497663,55,4,False,Right,Back,Centre,Right,61
<_io.BytesIO object at 0x000001E1C6027720>,0.9078323841094971,0.012443045154213905,-0.04990746080875397,497663,55,4,False,Right,Back,Centre,Right,61
<_io.BytesIO object at 0x000001E1C6050E50>,0.579413890838623,0.15371377766132355,0.36712101101875305,497664,55,4,False,Right,Back,Centre,Right,61
<_io.BytesIO object at 0x000001E1C6050720>,0.5688457489013672,0.1507422775030136,0.2858886122703552,497664,55,4,False,Right,Back,Centre,Right,61
<_io.BytesIO object at 0x000001E1C604ED60>,0.5556455850601196,0.11335964500904083,0.29327690601348877,497664,55,4,False,Right,Back,Centre,Right,61
<_io.BytesIO object at 0x000001E1C604E220>,0.6164972186088562,0.06840040534734726,0.3400759994983673,497664,55,4,False,Right,Back,Centre,Right,61
<_io.BytesIO object at 0x000001E1C604EAE0>,0.5844045877456665,0.08565736562013626,0.27710869908332825,497664,55,4,False,Right,Back,Centre,Right,61
<_io.BytesIO object at 0x000001E1C604EC70>,0.8861339092254639,0.047225408256053925,-0.031024564057588577,497664,55,4,False,Right,Back,Centre,Right,61
<_io.BytesIO object at 0x000001E1C604EDB0>,0.9301384091377258,-0.023738889023661613,0.0038634100928902626,497664,55,4,False,Right,Back,Centre,Right,61
<_io.BytesIO object at 0x000001E1C604E860>,0.8631442189216614,0.027853943407535553,0.051690660417079926,497664,55,4,False,Right,Back,Centre,Right,61
<_io.BytesIO object at 0x000001E1C604E1D0>,0.8411357402801514,0.03834449499845505,-0.036409419029951096,497664,55,4,False,Right,Back,Centre,Right,61
<_io.BytesIO object at 0x000001E1C6022F40>,0.9078269600868225,0.012421353720128536,-0.04992047697305679,497664,55,4,False,Right,Back,Centre,Right,61
<_io.BytesIO object at 0x000001E1C6022630>,0.579413890838623,0.15371377766132355,0.36712101101875305,497665,55,4,False,Right,Back,Centre,Right,61
<_io.BytesIO object at 0x000001E1C6022810>,0.5688457489013672,0.1507422775030136,0.2858886122703552,497665,55,4,False,Right,Back,Centre,Right,61
<_io.BytesIO object at 0x000001E1C6022B80>,0.5556455850601196,0.11335964500904083,0.29327690601348877,497665,55,4,False,Right,Back,Centre,Right,61
<_io.BytesIO object at 0x000001E1C6022270>,0.6164972186088562,0.06840040534734726,0.3400759994983673,497665,55,4,False,Right,Back,Centre,Right,61
<_io.BytesIO object at 0x000001E1C6022D60>,0.5844045877456665,0.08565736562013626,0.27710869908332825,497665,55,4,False,Right,Back,Centre,Right,61
<_io.BytesIO object at 0x000001E1C6022040>,0.8861393928527832,0.04723852500319481,-0.031105561181902885,497665,55,4,False,Right,Back,Centre,Right,61
<_io.BytesIO object at 0x000001E1C604E360>,0.9300956726074219,-0.023769790306687355,0.003840300254523754,497665,55,4,False,Right,Back,Centre,Right,61
<_io.BytesIO object at 0x000001E1C604EDB0>,0.8631299734115601,0.02785682864487171,0.05167324095964432,497665,55,4,False,Right,Back,Centre,Right,61
<_io.BytesIO object at 0x000001E1C604EF90>,0.8411466479301453,0.038385141640901566,-0.0364813432097435,497665,55,4,False,Right,Back,Centre,Right,61
<_io.BytesIO object at 0x000001E1C604E180>,0.9078192114830017,0.012393503449857235,-0.04993705824017525,497665,55,4,False,Right,Back,Centre,Right,61
<_io.BytesIO object at 0x000001E1C6050A40>,0.579413890838623,0.15371377766132355,0.36712101101875305,497666,55,4,False,Right,Back,Centre,Right,61
<_io.BytesIO object at 0x000001E1C6027EF0>,0.5688457489013672,0.1507422775030136,0.2858886122703552,497666,55,4,False,Right,Back,Centre,Right,61
<_io.BytesIO object at 0x000001E1C60275E0>,0.5556455850601196,0.11335964500904083,0.29327690601348877,497666,55,4,False,Right,Back,Centre,Right,61
<_io.BytesIO object at 0x000001E1C6027D10>,0.6164972186088562,0.06840040534734726,0.3400759994983673,497666,55,4,False,Right,Back,Centre,Right,61
<_io.BytesIO object at 0x000001E1C6027B80>,0.5844045877456665,0.08565736562013626,0.27710869908332825,497666,55,4,False,Right,Back,Centre,Right,61
<_io.BytesIO object at 0x000001E1C60278B0>,0.8861436247825623,0.04723406210541725,-0.031191805377602577,497666,55,4,False,Right,Back,Centre,Right,61
<_io.BytesIO object at 0x000001E1C6040C20>,0.9300158619880676,-0.023806225508451462,0.0038361521437764168,497666,55,4,False,Right,Back,Centre,Right,61
<_io.BytesIO object at 0x000001E1C6040720>,0.8631204962730408,0.027857325971126556,0.051629479974508286,497666,55,4,False,Right,Back,Centre,Right,61
<_io.BytesIO object at 0x000001E1C60407C0>,0.841143012046814,0.03841009736061096,-0.036562465131282806,497666,55,4,False,Right,Back,Centre,Right,61
<_io.BytesIO object at 0x000001E1C6040310>,0.9078125953674316,0.012358983978629112,-0.04994487762451172,497666,55,4,False,Right,Back,Centre,Right,61
<_io.BytesIO object at 0x000001E1C8E179F0>,0.579413890838623,0.15371377766132355,0.36712101101875305,497667,55,4,False,Right,Back,Centre,Right,61
<_io.BytesIO object at 0x000001E1C8F6FEF0>,0.5688457489013672,0.1507422775030136,0.2858886122703552,497667,55,4,False,Right,Back,Centre,Right,61
<_io.BytesIO object at 0x000001E1C8F6FE00>,0.5556455850601196,0.11335964500904083,0.29327690601348877,497667,55,4,False,Right,Back,Centre,Right,61
<_io.BytesIO object at 0x000001E1C8F6F630>,0.6164972186088562,0.06840040534734726,0.3400759994983673,497667,55,4,False,Right,Back,Centre,Right,61
<_io.BytesIO object at 0x000001E1C8F6FBD0>,0.5844045877456665,0.08565736562013626,0.27710869908332825,497667,55,4,False,Right,Back,Centre,Right,61
<_io.BytesIO object at 0x000001E1C8F6F5E0>,0.8861131072044373,0.047194257378578186,-0.031333692371845245,497667,55,4,False,Right,Back,Centre,Right,61
<_io.BytesIO object at 0x000001E1C8F6FE50>,0.9300127029418945,-0.023805584758520126,0.003798423334956169,497667,55,4,False,Right,Back,Centre,Right,61
<_io.BytesIO object at 0x000001E1C8DEED10>,0.8631125688552856,0.027873437851667404,0.051591306924819946,497667,55,4,False,Right,Back,Centre,Right,61
<_io.BytesIO object at 0x000001E1C8DEE4F0>,0.8411458134651184,0.03842770680785179,-0.03663927689194679,497667,55,4,False,Right,Back,Centre,Right,61
<_io.BytesIO object at 0x000001E1C8DEEE50>,0.9078142046928406,0.012331916950643063,-0.04998737946152687,497667,55,4,False,Right,Back,Centre,Right,61
<_io.BytesIO object at 0x000001E1C8DA8AE0>,0.579413890838623,0.15371377766132355,0.36712101101875305,497668,55,4,False,Right,Back,Centre,Right,61
<_io.BytesIO object at 0x000001E1C8DA8630>,0.5688457489013672,0.1507422775030136,0.2858886122703552,497668,55,4,False,Right,Back,Centre,Right,61
<_io.BytesIO object at 0x000001E1C1425090>,0.5556455850601196,0.11335964500904083,0.29327690601348877,497668,55,4,False,Right,Back,Centre,Right,61
<_io.BytesIO object at 0x000001E1C1425270>,0.6164972186088562,0.06840040534734726,0.3400759994983673,497668,55,4,False,Right,Back,Centre,Right,61
<_io.BytesIO object at 0x000001E1C8DB7F90>,0.5844045877456665,0.08565736562013626,0.27710869908332825,497668,55,4,False,Right,Back,Centre,Right,61
<_io.BytesIO object at 0x000001E1C8DB7B80>,0.886158287525177,0.047151580452919006,-0.031554799526929855,497668,55,4,False,Right,Back,Centre,Right,61
<_io.BytesIO object at 0x000001E1C8DB7E00>,0.9299960732460022,-0.023825179785490036,0.003773590549826622,497668,55,4,False,Right,Back,Centre,Right,61
<_io.BytesIO object at 0x000001E1C8DB7AE0>,0.8631008863449097,0.027896638959646225,0.05155397579073906,497668,55,4,False,Right,Back,Centre,Right,61
<_io.BytesIO object at 0x000001E1C8DB7BD0>,0.841168224811554,0.03843793645501137,-0.03675032779574394,497668,55,4,False,Right,Back,Centre,Right,61
<_io.BytesIO object at 0x000001E1C8DB7130>,0.9078125357627869,0.012283953838050365,-0.050015196204185486,497668,55,4,False,Right,Back,Centre,Right,61
<_io.BytesIO object at 0x000001E1C8D90EA0>,0.579413890838623,0.15371377766132355,0.36712101101875305,497669,55,4,False,Right,Back,Centre,Right,61
<_io.BytesIO object at 0x000001E1C8D90590>,0.5688457489013672,0.1507422775030136,0.2858886122703552,497669,55,4,False,Right,Back,Centre,Right,61
<_io.BytesIO object at 0x000001E1C8D901D0>,0.5556455850601196,0.11335964500904083,0.29327690601348877,497669,55,4,False,Right,Back,Centre,Right,61
<_io.BytesIO object at 0x000001E1C8D90F90>,0.6164972186088562,0.06840040534734726,0.3400759994983673,497669,55,4,False,Right,Back,Centre,Right,61
<_io.BytesIO object at 0x000001E1C8DB3C20>,0.5844045877456665,0.08565736562013626,0.27710869908332825,497669,55,4,False,Right,Back,Centre,Right,61
<_io.BytesIO object at 0x000001E1C8DB3D10>,0.8861743807792664,0.04714467376470566,-0.03165711835026741,497669,55,4,False,Right,Back,Centre,Right,61
<_io.BytesIO object at 0x000001E1C8DB3EA0>,0.9299609661102295,-0.023851269856095314,0.0037624817341566086,497669,55,4,False,Right,Back,Centre,Right,61
<_io.BytesIO object at 0x000001E1C8DB3BD0>,0.8631064295768738,0.0279253963381052,0.051511649042367935,497669,55,4,False,Right,Back,Centre,Right,61
<_io.BytesIO object at 0x000001E1C8DB3360>,0.841179370880127,0.03844809904694557,-0.03682418912649155,497669,55,4,False,Right,Back,Centre,Right,61
<_io.BytesIO object at 0x000001E1C8DB3860>,0.907817006111145,0.012227360159158707,-0.05003906786441803,497669,55,4,False,Right,Back,Centre,Right,61
