_io,pos_x,pos_y,pos_z,frame,trial_num,block_num,practicing,left_right_hand,palm_back_hand,target_loc,distractor_loc,participant_id
<_io.BytesIO object at 0x00000258D7D24220>,0.6645786166191101,-0.1003350019454956,-0.314815878868103,165092,10,2,False,Right,Front,Centre,Left,76
_io,pos_x,pos_y,pos_z,frame,trial_num,block_num,practicing,left_right_hand,palm_back_hand,target_loc,distractor_loc,participant_id
<_io.BytesIO object at 0x00000258D7D3AC70>,0.7064639925956726,-0.10177060961723328,-0.3211718201637268,165092,10,2,False,Right,Front,Centre,Left,76
_io,pos_x,pos_y,pos_z,frame,trial_num,block_num,practicing,left_right_hand,palm_back_hand,target_loc,distractor_loc,participant_id
<_io.BytesIO object at 0x00000258D7D3AEF0>,0.715898871421814,-0.12339778244495392,-0.3581599295139313,165092,10,2,False,Right,Front,Centre,Left,76
_io,pos_x,pos_y,pos_z,frame,trial_num,block_num,practicing,left_right_hand,palm_back_hand,target_loc,distractor_loc,participant_id
<_io.BytesIO object at 0x00000258D7D3AA90>,0.7262335419654846,-0.17557473480701447,-0.3599987030029297,165092,10,2,False,Right,Front,Centre,Left,76
_io,pos_x,pos_y,pos_z,frame,trial_num,block_num,practicing,left_right_hand,palm_back_hand,target_loc,distractor_loc,participant_id
<_io.BytesIO object at 0x00000258D7D3A810>,0.6612598299980164,-0.20491868257522583,-0.2970012128353119,165092,10,2,False,Right,Front,Centre,Left,76
<_io.BytesIO object at 0x00000258D7D24270>,0.6645786166191101,-0.1003350019454956,-0.314815878868103,165093,10,2,False,Right,Front,Centre,Left,76
<_io.BytesIO object at 0x00000258DAB3DE00>,0.7064639925956726,-0.10177060961723328,-0.3211718201637268,165093,10,2,False,Right,Front,Centre,Left,76
<_io.BytesIO object at 0x00000258DAB3D770>,0.715898871421814,-0.12339778244495392,-0.3581599295139313,165093,10,2,False,Right,Front,Centre,Left,76
<_io.BytesIO object at 0x00000258DAB3D680>,0.7262335419654846,-0.17557473480701447,-0.3599987030029297,165093,10,2,False,Right,Front,Centre,Left,76
<_io.BytesIO object at 0x00000258DAB3D130>,0.6612598299980164,-0.20491868257522583,-0.2970012128353119,165093,10,2,False,Right,Front,Centre,Left,76
<_io.BytesIO object at 0x00000258D7D3AC70>,0.6645786166191101,-0.1003350019454956,-0.314815878868103,165094,10,2,False,Right,Front,Centre,Left,76
<_io.BytesIO object at 0x00000258D7D3AA90>,0.7064639925956726,-0.10177060961723328,-0.3211718201637268,165094,10,2,False,Right,Front,Centre,Left,76
<_io.BytesIO object at 0x00000258D7D3A5E0>,0.715898871421814,-0.12339778244495392,-0.3581599295139313,165094,10,2,False,Right,Front,Centre,Left,76
<_io.BytesIO object at 0x00000258D7D3A9A0>,0.7262335419654846,-0.17557473480701447,-0.3599987030029297,165094,10,2,False,Right,Front,Centre,Left,76
<_io.BytesIO object at 0x00000258D7D3AEA0>,0.6612598299980164,-0.20491868257522583,-0.2970012128353119,165094,10,2,False,Right,Front,Centre,Left,76
<_io.BytesIO object at 0x00000258DAB3DC70>,0.6645786166191101,-0.1003350019454956,-0.314815878868103,165095,10,2,False,Right,Front,Centre,Left,76
<_io.BytesIO object at 0x00000258DAB3DC20>,0.7064639925956726,-0.10177060961723328,-0.3211718201637268,165095,10,2,False,Right,Front,Centre,Left,76
<_io.BytesIO object at 0x00000258D7D3AE00>,0.715898871421814,-0.12339778244495392,-0.3581599295139313,165095,10,2,False,Right,Front,Centre,Left,76
<_io.BytesIO object at 0x00000258D7D3AEA0>,0.7262335419654846,-0.17557473480701447,-0.3599987030029297,165095,10,2,False,Right,Front,Centre,Left,76
<_io.BytesIO object at 0x00000258D7D3A7C0>,0.6612598299980164,-0.20491868257522583,-0.2970012128353119,165095,10,2,False,Right,Front,Centre,Left,76
<_io.BytesIO object at 0x00000258DAB3D090>,0.6645786166191101,-0.1003350019454956,-0.314815878868103,165096,10,2,False,Right,Front,Centre,Left,76
<_io.BytesIO object at 0x00000258D7D24B30>,0.7064639925956726,-0.10177060961723328,-0.3211718201637268,165096,10,2,False,Right,Front,Centre,Left,76
<_io.BytesIO object at 0x00000258D7D3A450>,0.715898871421814,-0.12339778244495392,-0.3581599295139313,165096,10,2,False,Right,Front,Centre,Left,76
<_io.BytesIO object at 0x00000258D7D3A4A0>,0.7262335419654846,-0.17557473480701447,-0.3599987030029297,165096,10,2,False,Right,Front,Centre,Left,76
<_io.BytesIO object at 0x00000258D7D3AEA0>,0.6612598299980164,-0.20491868257522583,-0.2970012128353119,165096,10,2,False,Right,Front,Centre,Left,76
<_io.BytesIO object at 0x00000258DAB3D540>,0.6645786166191101,-0.1003350019454956,-0.314815878868103,165097,10,2,False,Right,Front,Centre,Left,76
<_io.BytesIO object at 0x00000258D7D3A4A0>,0.7064639925956726,-0.10177060961723328,-0.3211718201637268,165097,10,2,False,Right,Front,Centre,Left,76
<_io.BytesIO object at 0x00000258D7D3A590>,0.715898871421814,-0.12339778244495392,-0.3581599295139313,165097,10,2,False,Right,Front,Centre,Left,76
<_io.BytesIO object at 0x00000258D7D3A270>,0.7262335419654846,-0.17557473480701447,-0.3599987030029297,165097,10,2,False,Right,Front,Centre,Left,76
<_io.BytesIO object at 0x00000258D7D3A3B0>,0.6612598299980164,-0.20491868257522583,-0.2970012128353119,165097,10,2,False,Right,Front,Centre,Left,76
<_io.BytesIO object at 0x00000258D7D24220>,0.6645786166191101,-0.1003350019454956,-0.314815878868103,165098,10,2,False,Right,Front,Centre,Left,76
<_io.BytesIO object at 0x00000258D7D24B80>,0.7064639925956726,-0.10177060961723328,-0.3211718201637268,165098,10,2,False,Right,Front,Centre,Left,76
<_io.BytesIO object at 0x00000258DAB3DDB0>,0.715898871421814,-0.12339778244495392,-0.3581599295139313,165098,10,2,False,Right,Front,Centre,Left,76
<_io.BytesIO object at 0x00000258DAB3D9A0>,0.7262335419654846,-0.17557473480701447,-0.3599987030029297,165098,10,2,False,Right,Front,Centre,Left,76
<_io.BytesIO object at 0x00000258DAB3D770>,0.6612598299980164,-0.20491868257522583,-0.2970012128353119,165098,10,2,False,Right,Front,Centre,Left,76
<_io.BytesIO object at 0x00000258D7D3A2C0>,0.6645786166191101,-0.1003350019454956,-0.314815878868103,165099,10,2,False,Right,Front,Centre,Left,76
<_io.BytesIO object at 0x00000258DAB3D7C0>,0.7064639925956726,-0.10177060961723328,-0.3211718201637268,165099,10,2,False,Right,Front,Centre,Left,76
<_io.BytesIO object at 0x00000258DAB3D9F0>,0.715898871421814,-0.12339778244495392,-0.3581599295139313,165099,10,2,False,Right,Front,Centre,Left,76
<_io.BytesIO object at 0x00000258DAB3D680>,0.7262335419654846,-0.17557473480701447,-0.3599987030029297,165099,10,2,False,Right,Front,Centre,Left,76
<_io.BytesIO object at 0x00000258DAB3D6D0>,0.6612598299980164,-0.20491868257522583,-0.2970012128353119,165099,10,2,False,Right,Front,Centre,Left,76
<_io.BytesIO object at 0x00000258DAB3D8B0>,0.6645786166191101,-0.1003350019454956,-0.314815878868103,165100,10,2,False,Right,Front,Centre,Left,76
<_io.BytesIO object at 0x00000258DAB3D180>,0.7064639925956726,-0.10177060961723328,-0.3211718201637268,165100,10,2,False,Right,Front,Centre,Left,76
<_io.BytesIO object at 0x00000258DAB3DF90>,0.715898871421814,-0.12339778244495392,-0.3581599295139313,165100,10,2,False,Right,Front,Centre,Left,76
<_io.BytesIO object at 0x00000258DAB3D680>,0.7262335419654846,-0.17557473480701447,-0.3599987030029297,165100,10,2,False,Right,Front,Centre,Left,76
<_io.BytesIO object at 0x00000258DAB3DB30>,0.6612598299980164,-0.20491868257522583,-0.2970012128353119,165100,10,2,False,Right,Front,Centre,Left,76
<_io.BytesIO object at 0x00000258D7D24AE0>,0.6645786166191101,-0.1003350019454956,-0.314815878868103,165101,10,2,False,Right,Front,Centre,Left,76
<_io.BytesIO object at 0x00000258D7D24270>,0.7064639925956726,-0.10177060961723328,-0.3211718201637268,165101,10,2,False,Right,Front,Centre,Left,76
<_io.BytesIO object at 0x00000258D7D3A2C0>,0.715898871421814,-0.12339778244495392,-0.3581599295139313,165101,10,2,False,Right,Front,Centre,Left,76
<_io.BytesIO object at 0x00000258D7D3AB30>,0.7262335419654846,-0.17557473480701447,-0.3599987030029297,165101,10,2,False,Right,Front,Centre,Left,76
<_io.BytesIO object at 0x00000258D7D3A7C0>,0.6612598299980164,-0.20491868257522583,-0.2970012128353119,165101,10,2,False,Right,Front,Centre,Left,76
<_io.BytesIO object at 0x00000258D7D24AE0>,0.6645786166191101,-0.1003350019454956,-0.314815878868103,165102,10,2,False,Right,Front,Centre,Left,76
<_io.BytesIO object at 0x00000258DAB3D7C0>,0.7064639925956726,-0.10177060961723328,-0.3211718201637268,165102,10,2,False,Right,Front,Centre,Left,76
<_io.BytesIO object at 0x00000258DAB3D4F0>,0.715898871421814,-0.12339778244495392,-0.3581599295139313,165102,10,2,False,Right,Front,Centre,Left,76
<_io.BytesIO object at 0x00000258DAB3D770>,0.7262335419654846,-0.17557473480701447,-0.3599987030029297,165102,10,2,False,Right,Front,Centre,Left,76
<_io.BytesIO object at 0x00000258DAB3D310>,0.6612598299980164,-0.20491868257522583,-0.2970012128353119,165102,10,2,False,Right,Front,Centre,Left,76
<_io.BytesIO object at 0x00000258D7D3A8B0>,0.6645786166191101,-0.1003350019454956,-0.314815878868103,165103,10,2,False,Right,Front,Centre,Left,76
<_io.BytesIO object at 0x00000258DAB3D130>,0.7064639925956726,-0.10177060961723328,-0.3211718201637268,165103,10,2,False,Right,Front,Centre,Left,76
<_io.BytesIO object at 0x00000258DAB3D040>,0.715898871421814,-0.12339778244495392,-0.3581599295139313,165103,10,2,False,Right,Front,Centre,Left,76
<_io.BytesIO object at 0x00000258DAB3D900>,0.7262335419654846,-0.17557473480701447,-0.3599987030029297,165103,10,2,False,Right,Front,Centre,Left,76
<_io.BytesIO object at 0x00000258DAB3D590>,0.6612598299980164,-0.20491868257522583,-0.2970012128353119,165103,10,2,False,Right,Front,Centre,Left,76
<_io.BytesIO object at 0x00000258DAB3D7C0>,0.6645786166191101,-0.1003350019454956,-0.314815878868103,165104,10,2,False,Right,Front,Centre,Left,76
<_io.BytesIO object at 0x00000258DAB3DB80>,0.7064639925956726,-0.10177060961723328,-0.3211718201637268,165104,10,2,False,Right,Front,Centre,Left,76
<_io.BytesIO object at 0x00000258DAB3D680>,0.715898871421814,-0.12339778244495392,-0.3581599295139313,165104,10,2,False,Right,Front,Centre,Left,76
<_io.BytesIO object at 0x00000258DAB3D9A0>,0.7262335419654846,-0.17557473480701447,-0.3599987030029297,165104,10,2,False,Right,Front,Centre,Left,76
<_io.BytesIO object at 0x00000258D7D3A220>,0.6612598299980164,-0.20491868257522583,-0.2970012128353119,165104,10,2,False,Right,Front,Centre,Left,76
<_io.BytesIO object at 0x00000258D7D3A130>,0.6645786166191101,-0.1003350019454956,-0.314815878868103,165105,10,2,False,Right,Front,Centre,Left,76
<_io.BytesIO object at 0x00000258DAB3D180>,0.7064639925956726,-0.10177060961723328,-0.3211718201637268,165105,10,2,False,Right,Front,Centre,Left,76
<_io.BytesIO object at 0x00000258DAB3DBD0>,0.715898871421814,-0.12339778244495392,-0.3581599295139313,165105,10,2,False,Right,Front,Centre,Left,76
<_io.BytesIO object at 0x00000258DAB3D770>,0.7262335419654846,-0.17557473480701447,-0.3599987030029297,165105,10,2,False,Right,Front,Centre,Left,76
<_io.BytesIO object at 0x00000258DAB3D950>,0.6612598299980164,-0.20491868257522583,-0.2970012128353119,165105,10,2,False,Right,Front,Centre,Left,76
<_io.BytesIO object at 0x00000258DAB3DD60>,0.6645786166191101,-0.1003350019454956,-0.314815878868103,165106,10,2,False,Right,Front,Centre,Left,76
<_io.BytesIO object at 0x00000258D7D3A540>,0.7064639925956726,-0.10177060961723328,-0.3211718201637268,165106,10,2,False,Right,Front,Centre,Left,76
<_io.BytesIO object at 0x00000258D7D3A720>,0.715898871421814,-0.12339778244495392,-0.3581599295139313,165106,10,2,False,Right,Front,Centre,Left,76
<_io.BytesIO object at 0x00000258D7D3A770>,0.7262335419654846,-0.17557473480701447,-0.3599987030029297,165106,10,2,False,Right,Front,Centre,Left,76
<_io.BytesIO object at 0x00000258D7D3AAE0>,0.6612598299980164,-0.20491868257522583,-0.2970012128353119,165106,10,2,False,Right,Front,Centre,Left,76
<_io.BytesIO object at 0x00000258D7D3AEA0>,0.6645786166191101,-0.1003350019454956,-0.314815878868103,165107,10,2,False,Right,Front,Centre,Left,76
<_io.BytesIO object at 0x00000258DAB3D9F0>,0.7064639925956726,-0.10177060961723328,-0.3211718201637268,165107,10,2,False,Right,Front,Centre,Left,76
<_io.BytesIO object at 0x00000258DAB3D130>,0.715898871421814,-0.12339778244495392,-0.3581599295139313,165107,10,2,False,Right,Front,Centre,Left,76
<_io.BytesIO object at 0x00000258DAB3D540>,0.7262335419654846,-0.17557473480701447,-0.3599987030029297,165107,10,2,False,Right,Front,Centre,Left,76
<_io.BytesIO object at 0x00000258DAB3D220>,0.6612598299980164,-0.20491868257522583,-0.2970012128353119,165107,10,2,False,Right,Front,Centre,Left,76
<_io.BytesIO object at 0x00000258D7D3A0E0>,0.6645786166191101,-0.1003350019454956,-0.314815878868103,165108,10,2,False,Right,Front,Centre,Left,76
<_io.BytesIO object at 0x00000258D7D3AD10>,0.7064639925956726,-0.10177060961723328,-0.3211718201637268,165108,10,2,False,Right,Front,Centre,Left,76
<_io.BytesIO object at 0x00000258D7D3A4A0>,0.715898871421814,-0.12339778244495392,-0.3581599295139313,165108,10,2,False,Right,Front,Centre,Left,76
<_io.BytesIO object at 0x00000258D7D3A9A0>,0.7262335419654846,-0.17557473480701447,-0.3599987030029297,165108,10,2,False,Right,Front,Centre,Left,76
<_io.BytesIO object at 0x00000258D7D3A400>,0.6612598299980164,-0.20491868257522583,-0.2970012128353119,165108,10,2,False,Right,Front,Centre,Left,76
<_io.BytesIO object at 0x00000258D7D3AE50>,0.6645786166191101,-0.1003350019454956,-0.314815878868103,165109,10,2,False,Right,Front,Centre,Left,76
<_io.BytesIO object at 0x00000258D7D3A810>,0.7064639925956726,-0.10177060961723328,-0.3211718201637268,165109,10,2,False,Right,Front,Centre,Left,76
<_io.BytesIO object at 0x00000258D7D3A7C0>,0.715898871421814,-0.12339778244495392,-0.3581599295139313,165109,10,2,False,Right,Front,Centre,Left,76
<_io.BytesIO object at 0x00000258D7D3AF40>,0.7262335419654846,-0.17557473480701447,-0.3599987030029297,165109,10,2,False,Right,Front,Centre,Left,76
<_io.BytesIO object at 0x00000258D7D3A9F0>,0.6612598299980164,-0.20491868257522583,-0.2970012128353119,165109,10,2,False,Right,Front,Centre,Left,76
<_io.BytesIO object at 0x00000258D7D249F0>,0.6645786166191101,-0.1003350019454956,-0.314815878868103,165110,10,2,False,Right,Front,Centre,Left,76
<_io.BytesIO object at 0x00000258D27F7B80>,0.7064639925956726,-0.10177060961723328,-0.3211718201637268,165110,10,2,False,Right,Front,Centre,Left,76
<_io.BytesIO object at 0x00000258DAB3D680>,0.715898871421814,-0.12339778244495392,-0.3581599295139313,165110,10,2,False,Right,Front,Centre,Left,76
<_io.BytesIO object at 0x00000258DAB3D310>,0.7262335419654846,-0.17557473480701447,-0.3599987030029297,165110,10,2,False,Right,Front,Centre,Left,76
<_io.BytesIO object at 0x00000258DAB3D6D0>,0.6612598299980164,-0.20491868257522583,-0.2970012128353119,165110,10,2,False,Right,Front,Centre,Left,76
<_io.BytesIO object at 0x00000258D7D249F0>,0.6645786166191101,-0.1003350019454956,-0.314815878868103,165111,10,2,False,Right,Front,Centre,Left,76
<_io.BytesIO object at 0x00000258D7D24B80>,0.7064639925956726,-0.10177060961723328,-0.3211718201637268,165111,10,2,False,Right,Front,Centre,Left,76
<_io.BytesIO object at 0x00000258D7D3A3B0>,0.715898871421814,-0.12339778244495392,-0.3581599295139313,165111,10,2,False,Right,Front,Centre,Left,76
<_io.BytesIO object at 0x00000258D7D3A810>,0.7262335419654846,-0.17557473480701447,-0.3599987030029297,165111,10,2,False,Right,Front,Centre,Left,76
<_io.BytesIO object at 0x00000258D7D3A720>,0.6612598299980164,-0.20491868257522583,-0.2970012128353119,165111,10,2,False,Right,Front,Centre,Left,76
<_io.BytesIO object at 0x00000258D7D24900>,0.6645786166191101,-0.1003350019454956,-0.314815878868103,165112,10,2,False,Right,Front,Centre,Left,76
<_io.BytesIO object at 0x00000258DAB3D220>,0.7064639925956726,-0.10177060961723328,-0.3211718201637268,165112,10,2,False,Right,Front,Centre,Left,76
<_io.BytesIO object at 0x00000258DAB3D630>,0.715898871421814,-0.12339778244495392,-0.3581599295139313,165112,10,2,False,Right,Front,Centre,Left,76
<_io.BytesIO object at 0x00000258DAB3DDB0>,0.7262335419654846,-0.17557473480701447,-0.3599987030029297,165112,10,2,False,Right,Front,Centre,Left,76
<_io.BytesIO object at 0x00000258DAB3DD60>,0.6612598299980164,-0.20491868257522583,-0.2970012128353119,165112,10,2,False,Right,Front,Centre,Left,76
<_io.BytesIO object at 0x00000258DAB3D3B0>,0.6645786166191101,-0.1003350019454956,-0.314815878868103,165113,10,2,False,Right,Front,Centre,Left,76
<_io.BytesIO object at 0x00000258D7D3AC70>,0.7064639925956726,-0.10177060961723328,-0.3211718201637268,165113,10,2,False,Right,Front,Centre,Left,76
<_io.BytesIO object at 0x00000258D7D3AF40>,0.715898871421814,-0.12339778244495392,-0.3581599295139313,165113,10,2,False,Right,Front,Centre,Left,76
<_io.BytesIO object at 0x00000258D7D3A090>,0.7262335419654846,-0.17557473480701447,-0.3599987030029297,165113,10,2,False,Right,Front,Centre,Left,76
<_io.BytesIO object at 0x00000258D7D3A5E0>,0.6612598299980164,-0.20491868257522583,-0.2970012128353119,165113,10,2,False,Right,Front,Centre,Left,76
<_io.BytesIO object at 0x00000258DAB3DC70>,0.6645786166191101,-0.1003350019454956,-0.314815878868103,165114,10,2,False,Right,Front,Centre,Left,76
<_io.BytesIO object at 0x00000258D7D249A0>,0.7064639925956726,-0.10177060961723328,-0.3211718201637268,165114,10,2,False,Right,Front,Centre,Left,76
<_io.BytesIO object at 0x00000258D7D3AB30>,0.715898871421814,-0.12339778244495392,-0.3581599295139313,165114,10,2,False,Right,Front,Centre,Left,76
<_io.BytesIO object at 0x00000258D7D3A400>,0.7262335419654846,-0.17557473480701447,-0.3599987030029297,165114,10,2,False,Right,Front,Centre,Left,76
<_io.BytesIO object at 0x00000258D7D3A770>,0.6612598299980164,-0.20491868257522583,-0.2970012128353119,165114,10,2,False,Right,Front,Centre,Left,76
<_io.BytesIO object at 0x00000258D7D3A720>,0.6645786166191101,-0.1003350019454956,-0.314815878868103,165115,10,2,False,Right,Front,Centre,Left,76
<_io.BytesIO object at 0x00000258D7D24B30>,0.7064639925956726,-0.10177060961723328,-0.3211718201637268,165115,10,2,False,Right,Front,Centre,Left,76
<_io.BytesIO object at 0x00000258DAB3DB80>,0.715898871421814,-0.12339778244495392,-0.3581599295139313,165115,10,2,False,Right,Front,Centre,Left,76
<_io.BytesIO object at 0x00000258DAB3D360>,0.7262335419654846,-0.17557473480701447,-0.3599987030029297,165115,10,2,False,Right,Front,Centre,Left,76
<_io.BytesIO object at 0x00000258DAB3D9F0>,0.6612598299980164,-0.20491868257522583,-0.2970012128353119,165115,10,2,False,Right,Front,Centre,Left,76
<_io.BytesIO object at 0x00000258D7D24AE0>,0.6645786166191101,-0.1003350019454956,-0.314815878868103,165116,10,2,False,Right,Front,Centre,Left,76
<_io.BytesIO object at 0x00000258DAB3D040>,0.7064639925956726,-0.10177060961723328,-0.3211718201637268,165116,10,2,False,Right,Front,Centre,Left,76
<_io.BytesIO object at 0x00000258DAB3D9A0>,0.715898871421814,-0.12339778244495392,-0.3581599295139313,165116,10,2,False,Right,Front,Centre,Left,76
<_io.BytesIO object at 0x00000258DAB3DD60>,0.7262335419654846,-0.17557473480701447,-0.3599987030029297,165116,10,2,False,Right,Front,Centre,Left,76
<_io.BytesIO object at 0x00000258DAB3D270>,0.6612598299980164,-0.20491868257522583,-0.2970012128353119,165116,10,2,False,Right,Front,Centre,Left,76
<_io.BytesIO object at 0x00000258DAB28220>,0.6645786166191101,-0.1003350019454956,-0.314815878868103,165117,10,2,False,Right,Front,Centre,Left,76
<_io.BytesIO object at 0x00000258DAB37900>,0.7064639925956726,-0.10177060961723328,-0.3211718201637268,165117,10,2,False,Right,Front,Centre,Left,76
<_io.BytesIO object at 0x00000258DAB37C70>,0.715898871421814,-0.12339778244495392,-0.3581599295139313,165117,10,2,False,Right,Front,Centre,Left,76
<_io.BytesIO object at 0x00000258DAB37810>,0.7262335419654846,-0.17557473480701447,-0.3599987030029297,165117,10,2,False,Right,Front,Centre,Left,76
<_io.BytesIO object at 0x00000258DAB377C0>,0.6612598299980164,-0.20491868257522583,-0.2970012128353119,165117,10,2,False,Right,Front,Centre,Left,76
<_io.BytesIO object at 0x00000258D7DC4F40>,0.6645786166191101,-0.1003350019454956,-0.314815878868103,165118,10,2,False,Right,Front,Centre,Left,76
<_io.BytesIO object at 0x00000258D7D33310>,0.7064639925956726,-0.10177060961723328,-0.3211718201637268,165118,10,2,False,Right,Front,Centre,Left,76
<_io.BytesIO object at 0x00000258D7D33540>,0.715898871421814,-0.12339778244495392,-0.3581599295139313,165118,10,2,False,Right,Front,Centre,Left,76
<_io.BytesIO object at 0x00000258D7D33F40>,0.7262335419654846,-0.17557473480701447,-0.3599987030029297,165118,10,2,False,Right,Front,Centre,Left,76
<_io.BytesIO object at 0x00000258D7D33270>,0.6612598299980164,-0.20491868257522583,-0.2970012128353119,165118,10,2,False,Right,Front,Centre,Left,76
<_io.BytesIO object at 0x00000258D7DC4310>,0.6645786166191101,-0.1003350019454956,-0.314815878868103,165119,10,2,False,Right,Front,Centre,Left,76
<_io.BytesIO object at 0x00000258D7DC41D0>,0.7064639925956726,-0.10177060961723328,-0.3211718201637268,165119,10,2,False,Right,Front,Centre,Left,76
<_io.BytesIO object at 0x00000258DAB25090>,0.715898871421814,-0.12339778244495392,-0.3581599295139313,165119,10,2,False,Right,Front,Centre,Left,76
<_io.BytesIO object at 0x00000258DAB25220>,0.7262335419654846,-0.17557473480701447,-0.3599987030029297,165119,10,2,False,Right,Front,Centre,Left,76
<_io.BytesIO object at 0x00000258DAB25A40>,0.6612598299980164,-0.20491868257522583,-0.2970012128353119,165119,10,2,False,Right,Front,Centre,Left,76
<_io.BytesIO object at 0x00000258DAB288B0>,0.6645786166191101,-0.1003350019454956,-0.314815878868103,165120,10,2,False,Right,Front,Centre,Left,76
<_io.BytesIO object at 0x00000258DAB28EA0>,0.7064639925956726,-0.10177060961723328,-0.3211718201637268,165120,10,2,False,Right,Front,Centre,Left,76
<_io.BytesIO object at 0x00000258DAB28E00>,0.715898871421814,-0.12339778244495392,-0.3581599295139313,165120,10,2,False,Right,Front,Centre,Left,76
<_io.BytesIO object at 0x00000258D7D3AEF0>,0.7262335419654846,-0.17557473480701447,-0.3599987030029297,165120,10,2,False,Right,Front,Centre,Left,76
<_io.BytesIO object at 0x00000258D7D3A310>,0.6612598299980164,-0.20491868257522583,-0.2970012128353119,165120,10,2,False,Right,Front,Centre,Left,76
<_io.BytesIO object at 0x00000258DAB06900>,0.6645786166191101,-0.1003350019454956,-0.314815878868103,165121,10,2,False,Right,Front,Centre,Left,76
<_io.BytesIO object at 0x00000258D7D60770>,0.7064639925956726,-0.10177060961723328,-0.3211718201637268,165121,10,2,False,Right,Front,Centre,Left,76
<_io.BytesIO object at 0x00000258D7D60450>,0.715898871421814,-0.12339778244495392,-0.3581599295139313,165121,10,2,False,Right,Front,Centre,Left,76
<_io.BytesIO object at 0x00000258D7D60F90>,0.7262335419654846,-0.17557473480701447,-0.3599987030029297,165121,10,2,False,Right,Front,Centre,Left,76
<_io.BytesIO object at 0x00000258D7D60B80>,0.6612598299980164,-0.20491868257522583,-0.2970012128353119,165121,10,2,False,Right,Front,Centre,Left,76
<_io.BytesIO object at 0x00000258DAC21720>,0.6645786166191101,-0.1003350019454956,-0.314815878868103,165122,10,2,False,Right,Front,Centre,Left,76
<_io.BytesIO object at 0x00000258D7D54860>,0.7064639925956726,-0.10177060961723328,-0.3211718201637268,165122,10,2,False,Right,Front,Centre,Left,76
<_io.BytesIO object at 0x00000258D7D541D0>,0.715898871421814,-0.12339778244495392,-0.3581599295139313,165122,10,2,False,Right,Front,Centre,Left,76
<_io.BytesIO object at 0x00000258D7D54D10>,0.7262335419654846,-0.17557473480701447,-0.3599987030029297,165122,10,2,False,Right,Front,Centre,Left,76
<_io.BytesIO object at 0x00000258D7D549A0>,0.6612598299980164,-0.20491868257522583,-0.2970012128353119,165122,10,2,False,Right,Front,Centre,Left,76
<_io.BytesIO object at 0x00000258D7D63180>,0.6645786166191101,-0.1003350019454956,-0.314815878868103,165123,10,2,False,Right,Front,Centre,Left,76
<_io.BytesIO object at 0x00000258D7D63E00>,0.7064639925956726,-0.10177060961723328,-0.3211718201637268,165123,10,2,False,Right,Front,Centre,Left,76
<_io.BytesIO object at 0x00000258D7D63040>,0.715898871421814,-0.12339778244495392,-0.3581599295139313,165123,10,2,False,Right,Front,Centre,Left,76
<_io.BytesIO object at 0x00000258D7D63D60>,0.7262335419654846,-0.17557473480701447,-0.3599987030029297,165123,10,2,False,Right,Front,Centre,Left,76
<_io.BytesIO object at 0x00000258DAB1F7C0>,0.6612598299980164,-0.20491868257522583,-0.2970012128353119,165123,10,2,False,Right,Front,Centre,Left,76
<_io.BytesIO object at 0x00000258DAB06310>,0.6645786166191101,-0.1003350019454956,-0.314815878868103,165124,10,2,False,Right,Front,Centre,Left,76
<_io.BytesIO object at 0x00000258DAB3DA90>,0.7064639925956726,-0.10177060961723328,-0.3211718201637268,165124,10,2,False,Right,Front,Centre,Left,76
<_io.BytesIO object at 0x00000258DAB3D4F0>,0.715898871421814,-0.12339778244495392,-0.3581599295139313,165124,10,2,False,Right,Front,Centre,Left,76
<_io.BytesIO object at 0x00000258DAB3DBD0>,0.7262335419654846,-0.17557473480701447,-0.3599987030029297,165124,10,2,False,Right,Front,Centre,Left,76
<_io.BytesIO object at 0x00000258DAB3D950>,0.6612598299980164,-0.20491868257522583,-0.2970012128353119,165124,10,2,False,Right,Front,Centre,Left,76
<_io.BytesIO object at 0x00000258DAB37D60>,0.6645786166191101,-0.1003350019454956,-0.314815878868103,165125,10,2,False,Right,Front,Centre,Left,76
<_io.BytesIO object at 0x00000258DAB374A0>,0.7064639925956726,-0.10177060961723328,-0.3211718201637268,165125,10,2,False,Right,Front,Centre,Left,76
<_io.BytesIO object at 0x00000258DAB5D950>,0.715898871421814,-0.12339778244495392,-0.3581599295139313,165125,10,2,False,Right,Front,Centre,Left,76
<_io.BytesIO object at 0x00000258DAB5D810>,0.7262335419654846,-0.17557473480701447,-0.3599987030029297,165125,10,2,False,Right,Front,Centre,Left,76
<_io.BytesIO object at 0x00000258DAB5DC70>,0.6612598299980164,-0.20491868257522583,-0.2970012128353119,165125,10,2,False,Right,Front,Centre,Left,76
<_io.BytesIO object at 0x00000258D7D33F90>,0.6645786166191101,-0.1003350019454956,-0.314815878868103,165126,10,2,False,Right,Front,Centre,Left,76
<_io.BytesIO object at 0x00000258D7D33860>,0.7064639925956726,-0.10177060961723328,-0.3211718201637268,165126,10,2,False,Right,Front,Centre,Left,76
<_io.BytesIO object at 0x00000258D2805130>,0.715898871421814,-0.12339778244495392,-0.3581599295139313,165126,10,2,False,Right,Front,Centre,Left,76
<_io.BytesIO object at 0x00000258D28054F0>,0.7262335419654846,-0.17557473480701447,-0.3599987030029297,165126,10,2,False,Right,Front,Centre,Left,76
<_io.BytesIO object at 0x00000258D2805090>,0.6612598299980164,-0.20491868257522583,-0.2970012128353119,165126,10,2,False,Right,Front,Centre,Left,76
<_io.BytesIO object at 0x00000258D7DC4090>,0.6645786166191101,-0.1003350019454956,-0.314815878868103,165127,10,2,False,Right,Front,Centre,Left,76
<_io.BytesIO object at 0x00000258D7DC45E0>,0.7064639925956726,-0.10177060961723328,-0.3211718201637268,165127,10,2,False,Right,Front,Centre,Left,76
<_io.BytesIO object at 0x00000258D7DC4D60>,0.715898871421814,-0.12339778244495392,-0.3581599295139313,165127,10,2,False,Right,Front,Centre,Left,76
<_io.BytesIO object at 0x00000258D7DC4A40>,0.7262335419654846,-0.17557473480701447,-0.3599987030029297,165127,10,2,False,Right,Front,Centre,Left,76
<_io.BytesIO object at 0x00000258DAB5DD60>,0.6612598299980164,-0.20491868257522583,-0.2970012128353119,165127,10,2,False,Right,Front,Centre,Left,76
<_io.BytesIO object at 0x00000258D7D3AC70>,0.6645786166191101,-0.1003350019454956,-0.314815878868103,165128,10,2,False,Right,Front,Centre,Left,76
<_io.BytesIO object at 0x00000258D7D3A680>,0.7064639925956726,-0.10177060961723328,-0.3211718201637268,165128,10,2,False,Right,Front,Centre,Left,76
<_io.BytesIO object at 0x00000258D7D3A6D0>,0.715898871421814,-0.12339778244495392,-0.3581599295139313,165128,10,2,False,Right,Front,Centre,Left,76
<_io.BytesIO object at 0x00000258D7D3A810>,0.7262335419654846,-0.17557473480701447,-0.3599987030029297,165128,10,2,False,Right,Front,Centre,Left,76
<_io.BytesIO object at 0x00000258DAB3D9F0>,0.6612598299980164,-0.20491868257522583,-0.2970012128353119,165128,10,2,False,Right,Front,Centre,Left,76
<_io.BytesIO object at 0x00000258D7D60B80>,0.6645786166191101,-0.1003350019454956,-0.314815878868103,165129,10,2,False,Right,Front,Centre,Left,76
<_io.BytesIO object at 0x00000258DAB1F310>,0.7064639925956726,-0.10177060961723328,-0.3211718201637268,165129,10,2,False,Right,Front,Centre,Left,76
<_io.BytesIO object at 0x00000258DAB1F720>,0.715898871421814,-0.12339778244495392,-0.3581599295139313,165129,10,2,False,Right,Front,Centre,Left,76
<_io.BytesIO object at 0x00000258DAB1F4F0>,0.7262335419654846,-0.17557473480701447,-0.3599987030029297,165129,10,2,False,Right,Front,Centre,Left,76
<_io.BytesIO object at 0x00000258DAB1F9F0>,0.6612598299980164,-0.20491868257522583,-0.2970012128353119,165129,10,2,False,Right,Front,Centre,Left,76
<_io.BytesIO object at 0x00000258D7D54D10>,0.6645786166191101,-0.1003350019454956,-0.314815878868103,165130,10,2,False,Right,Front,Centre,Left,76
<_io.BytesIO object at 0x00000258D7D54680>,0.7064639925956726,-0.10177060961723328,-0.3211718201637268,165130,10,2,False,Right,Front,Centre,Left,76
<_io.BytesIO object at 0x00000258D7D5CC20>,0.715898871421814,-0.12339778244495392,-0.3581599295139313,165130,10,2,False,Right,Front,Centre,Left,76
<_io.BytesIO object at 0x00000258D7D54090>,0.7262335419654846,-0.17557473480701447,-0.3599987030029297,165130,10,2,False,Right,Front,Centre,Left,76
<_io.BytesIO object at 0x00000258D7D54130>,0.6612598299980164,-0.20491868257522583,-0.2970012128353119,165130,10,2,False,Right,Front,Centre,Left,76
<_io.BytesIO object at 0x00000258DAB1F6D0>,0.6645786166191101,-0.1003350019454956,-0.314815878868103,165131,10,2,False,Right,Front,Centre,Left,76
<_io.BytesIO object at 0x00000258DAB1F720>,0.7064639925956726,-0.10177060961723328,-0.3211718201637268,165131,10,2,False,Right,Front,Centre,Left,76
<_io.BytesIO object at 0x00000258DAB1F360>,0.715898871421814,-0.12339778244495392,-0.3581599295139313,165131,10,2,False,Right,Front,Centre,Left,76
<_io.BytesIO object at 0x00000258D7D60AE0>,0.7262335419654846,-0.17557473480701447,-0.3599987030029297,165131,10,2,False,Right,Front,Centre,Left,76
<_io.BytesIO object at 0x00000258D7D60D60>,0.6612598299980164,-0.20491868257522583,-0.2970012128353119,165131,10,2,False,Right,Front,Centre,Left,76
<_io.BytesIO object at 0x00000258DAB3D040>,0.6645786166191101,-0.1003350019454956,-0.314815878868103,165132,10,2,False,Right,Front,Centre,Left,76
<_io.BytesIO object at 0x00000258D7D3ACC0>,0.7064639925956726,-0.10177060961723328,-0.3211718201637268,165132,10,2,False,Right,Front,Centre,Left,76
<_io.BytesIO object at 0x00000258D7D3A5E0>,0.715898871421814,-0.12339778244495392,-0.3581599295139313,165132,10,2,False,Right,Front,Centre,Left,76
<_io.BytesIO object at 0x00000258D7D3A220>,0.7262335419654846,-0.17557473480701447,-0.3599987030029297,165132,10,2,False,Right,Front,Centre,Left,76
<_io.BytesIO object at 0x00000258D7D3ABD0>,0.6612598299980164,-0.20491868257522583,-0.2970012128353119,165132,10,2,False,Right,Front,Centre,Left,76
<_io.BytesIO object at 0x00000258DAB5D9F0>,0.6645786166191101,-0.1003350019454956,-0.314815878868103,165133,10,2,False,Right,Front,Centre,Left,76
<_io.BytesIO object at 0x00000258D7DC4CC0>,0.7064639925956726,-0.10177060961723328,-0.3211718201637268,165133,10,2,False,Right,Front,Centre,Left,76
<_io.BytesIO object at 0x00000258D7DC4040>,0.715898871421814,-0.12339778244495392,-0.3581599295139313,165133,10,2,False,Right,Front,Centre,Left,76
<_io.BytesIO object at 0x00000258D7DC4860>,0.7262335419654846,-0.17557473480701447,-0.3599987030029297,165133,10,2,False,Right,Front,Centre,Left,76
<_io.BytesIO object at 0x00000258D7DC49F0>,0.6612598299980164,-0.20491868257522583,-0.2970012128353119,165133,10,2,False,Right,Front,Centre,Left,76
<_io.BytesIO object at 0x00000258D28054F0>,0.6645786166191101,-0.1003350019454956,-0.314815878868103,165134,10,2,False,Right,Front,Centre,Left,76
<_io.BytesIO object at 0x00000258D28058B0>,0.7064639925956726,-0.10177060961723328,-0.3211718201637268,165134,10,2,False,Right,Front,Centre,Left,76
<_io.BytesIO object at 0x00000258D7D33CC0>,0.715898871421814,-0.12339778244495392,-0.3581599295139313,165134,10,2,False,Right,Front,Centre,Left,76
<_io.BytesIO object at 0x00000258D7D331D0>,0.7262335419654846,-0.17557473480701447,-0.3599987030029297,165134,10,2,False,Right,Front,Centre,Left,76
<_io.BytesIO object at 0x00000258D7D33EA0>,0.6612598299980164,-0.20491868257522583,-0.2970012128353119,165134,10,2,False,Right,Front,Centre,Left,76
<_io.BytesIO object at 0x00000258DAB5DDB0>,0.6645786166191101,-0.1003350019454956,-0.314815878868103,165135,10,2,False,Right,Front,Centre,Left,76
<_io.BytesIO object at 0x00000258DAB37DB0>,0.7064639925956726,-0.10177060961723328,-0.3211718201637268,165135,10,2,False,Right,Front,Centre,Left,76
<_io.BytesIO object at 0x00000258DAB37B30>,0.715898871421814,-0.12339778244495392,-0.3581599295139313,165135,10,2,False,Right,Front,Centre,Left,76
<_io.BytesIO object at 0x00000258DAB379A0>,0.7262335419654846,-0.17557473480701447,-0.3599987030029297,165135,10,2,False,Right,Front,Centre,Left,76
<_io.BytesIO object at 0x00000258DAB376D0>,0.6612598299980164,-0.20491868257522583,-0.2970012128353119,165135,10,2,False,Right,Front,Centre,Left,76
<_io.BytesIO object at 0x00000258DAB3D6D0>,0.6645786166191101,-0.1003350019454956,-0.314815878868103,165136,10,2,False,Right,Front,Centre,Left,76
<_io.BytesIO object at 0x00000258DAB3D0E0>,0.7064639925956726,-0.10177060961723328,-0.3211718201637268,165136,10,2,False,Right,Front,Centre,Left,76
<_io.BytesIO object at 0x00000258D7D24220>,0.715898871421814,-0.12339778244495392,-0.3581599295139313,165136,10,2,False,Right,Front,Centre,Left,76
<_io.BytesIO object at 0x00000258DAB06D60>,0.7262335419654846,-0.17557473480701447,-0.3599987030029297,165136,10,2,False,Right,Front,Centre,Left,76
<_io.BytesIO object at 0x00000258DAB06860>,0.6612598299980164,-0.20491868257522583,-0.2970012128353119,165136,10,2,False,Right,Front,Centre,Left,76
<_io.BytesIO object at 0x00000258D7D63F40>,0.6645786166191101,-0.1003350019454956,-0.314815878868103,165137,10,2,False,Right,Front,Centre,Left,76
<_io.BytesIO object at 0x00000258D7D63A90>,0.7064639925956726,-0.10177060961723328,-0.3211718201637268,165137,10,2,False,Right,Front,Centre,Left,76
<_io.BytesIO object at 0x00000258D7D639A0>,0.715898871421814,-0.12339778244495392,-0.3581599295139313,165137,10,2,False,Right,Front,Centre,Left,76
<_io.BytesIO object at 0x00000258D7D63310>,0.7262335419654846,-0.17557473480701447,-0.3599987030029297,165137,10,2,False,Right,Front,Centre,Left,76
<_io.BytesIO object at 0x00000258D7D63A40>,0.6612598299980164,-0.20491868257522583,-0.2970012128353119,165137,10,2,False,Right,Front,Centre,Left,76
<_io.BytesIO object at 0x00000258D7D54E50>,0.6645786166191101,-0.1003350019454956,-0.314815878868103,165138,10,2,False,Right,Front,Centre,Left,76
<_io.BytesIO object at 0x00000258D7D54630>,0.7064639925956726,-0.10177060961723328,-0.3211718201637268,165138,10,2,False,Right,Front,Centre,Left,76
<_io.BytesIO object at 0x00000258DAC212C0>,0.715898871421814,-0.12339778244495392,-0.3581599295139313,165138,10,2,False,Right,Front,Centre,Left,76
<_io.BytesIO object at 0x00000258DAC21270>,0.7262335419654846,-0.17557473480701447,-0.3599987030029297,165138,10,2,False,Right,Front,Centre,Left,76
<_io.BytesIO object at 0x00000258DAC21130>,0.6612598299980164,-0.20491868257522583,-0.2970012128353119,165138,10,2,False,Right,Front,Centre,Left,76
<_io.BytesIO object at 0x00000258D7D60540>,0.6645786166191101,-0.1003350019454956,-0.314815878868103,165139,10,2,False,Right,Front,Centre,Left,76
<_io.BytesIO object at 0x00000258D7D60630>,0.7064639925956726,-0.10177060961723328,-0.3211718201637268,165139,10,2,False,Right,Front,Centre,Left,76
<_io.BytesIO object at 0x00000258D7D24AE0>,0.715898871421814,-0.12339778244495392,-0.3581599295139313,165139,10,2,False,Right,Front,Centre,Left,76
<_io.BytesIO object at 0x00000258DAB3DB80>,0.7262335419654846,-0.17557473480701447,-0.3599987030029297,165139,10,2,False,Right,Front,Centre,Left,76
<_io.BytesIO object at 0x00000258DAB3D130>,0.6612598299980164,-0.20491868257522583,-0.2970012128353119,165139,10,2,False,Right,Front,Centre,Left,76
<_io.BytesIO object at 0x00000258DAB37E50>,0.6645786166191101,-0.1003350019454956,-0.314815878868103,165140,10,2,False,Right,Front,Centre,Left,76
<_io.BytesIO object at 0x00000258DAB37270>,0.7064639925956726,-0.10177060961723328,-0.3211718201637268,165140,10,2,False,Right,Front,Centre,Left,76
<_io.BytesIO object at 0x00000258DAB37450>,0.715898871421814,-0.12339778244495392,-0.3581599295139313,165140,10,2,False,Right,Front,Centre,Left,76
<_io.BytesIO object at 0x00000258DAB37C20>,0.7262335419654846,-0.17557473480701447,-0.3599987030029297,165140,10,2,False,Right,Front,Centre,Left,76
<_io.BytesIO object at 0x00000258DAB374A0>,0.6612598299980164,-0.20491868257522583,-0.2970012128353119,165140,10,2,False,Right,Front,Centre,Left,76
<_io.BytesIO object at 0x00000258D7D33C20>,0.6645786166191101,-0.1003350019454956,-0.314815878868103,165141,10,2,False,Right,Front,Centre,Left,76
<_io.BytesIO object at 0x00000258D7D33220>,0.7064639925956726,-0.10177060961723328,-0.3211718201637268,165141,10,2,False,Right,Front,Centre,Left,76
<_io.BytesIO object at 0x00000258D7D331D0>,0.715898871421814,-0.12339778244495392,-0.3581599295139313,165141,10,2,False,Right,Front,Centre,Left,76
<_io.BytesIO object at 0x00000258D7D33F90>,0.7262335419654846,-0.17557473480701447,-0.3599987030029297,165141,10,2,False,Right,Front,Centre,Left,76
<_io.BytesIO object at 0x00000258D28058B0>,0.6612598299980164,-0.20491868257522583,-0.2970012128353119,165141,10,2,False,Right,Front,Centre,Left,76
<_io.BytesIO object at 0x00000258DAB06450>,0.6645786166191101,-0.1003350019454956,-0.314815878868103,165142,10,2,False,Right,Front,Centre,Left,76
<_io.BytesIO object at 0x00000258D7D33F40>,0.7064639925956726,-0.10177060961723328,-0.3211718201637268,165142,10,2,False,Right,Front,Centre,Left,76
<_io.BytesIO object at 0x00000258D7D339F0>,0.715898871421814,-0.12339778244495392,-0.3581599295139313,165142,10,2,False,Right,Front,Centre,Left,76
<_io.BytesIO object at 0x00000258D7D33B30>,0.7262335419654846,-0.17557473480701447,-0.3599987030029297,165142,10,2,False,Right,Front,Centre,Left,76
<_io.BytesIO object at 0x00000258D7D33DB0>,0.6612598299980164,-0.20491868257522583,-0.2970012128353119,165142,10,2,False,Right,Front,Centre,Left,76
<_io.BytesIO object at 0x00000258DAB3D4F0>,0.6645786166191101,-0.1003350019454956,-0.314815878868103,165143,10,2,False,Right,Front,Centre,Left,76
<_io.BytesIO object at 0x00000258DAB3D090>,0.7064639925956726,-0.10177060961723328,-0.3211718201637268,165143,10,2,False,Right,Front,Centre,Left,76
<_io.BytesIO object at 0x00000258DAB3D9A0>,0.715898871421814,-0.12339778244495392,-0.3581599295139313,165143,10,2,False,Right,Front,Centre,Left,76
<_io.BytesIO object at 0x00000258D7D24950>,0.7262335419654846,-0.17557473480701447,-0.3599987030029297,165143,10,2,False,Right,Front,Centre,Left,76
<_io.BytesIO object at 0x00000258D7D24B80>,0.6612598299980164,-0.20491868257522583,-0.2970012128353119,165143,10,2,False,Right,Front,Centre,Left,76
<_io.BytesIO object at 0x00000258D7D54E00>,0.6645786166191101,-0.1003350019454956,-0.314815878868103,165144,10,2,False,Right,Front,Centre,Left,76
<_io.BytesIO object at 0x00000258D7D54B80>,0.7064639925956726,-0.10177060961723328,-0.3211718201637268,165144,10,2,False,Right,Front,Centre,Left,76
<_io.BytesIO object at 0x00000258DAB280E0>,0.715898871421814,-0.12339778244495392,-0.3581599295139313,165144,10,2,False,Right,Front,Centre,Left,76
<_io.BytesIO object at 0x00000258DAB28C20>,0.7262335419654846,-0.17557473480701447,-0.3599987030029297,165144,10,2,False,Right,Front,Centre,Left,76
<_io.BytesIO object at 0x00000258DAB28090>,0.6612598299980164,-0.20491868257522583,-0.2970012128353119,165144,10,2,False,Right,Front,Centre,Left,76
<_io.BytesIO object at 0x00000258D7DC42C0>,0.6645786166191101,-0.1003350019454956,-0.314815878868103,165145,10,2,False,Right,Front,Centre,Left,76
<_io.BytesIO object at 0x00000258D7DC4AE0>,0.7064639925956726,-0.10177060961723328,-0.3211718201637268,165145,10,2,False,Right,Front,Centre,Left,76
<_io.BytesIO object at 0x00000258D7DC4130>,0.715898871421814,-0.12339778244495392,-0.3581599295139313,165145,10,2,False,Right,Front,Centre,Left,76
<_io.BytesIO object at 0x00000258D7DC4D60>,0.7262335419654846,-0.17557473480701447,-0.3599987030029297,165145,10,2,False,Right,Front,Centre,Left,76
<_io.BytesIO object at 0x00000258DAB1FE50>,0.6612598299980164,-0.20491868257522583,-0.2970012128353119,165145,10,2,False,Right,Front,Centre,Left,76
<_io.BytesIO object at 0x00000258DAB254A0>,0.6645786166191101,-0.1003350019454956,-0.314815878868103,165146,10,2,False,Right,Front,Centre,Left,76
<_io.BytesIO object at 0x00000258DAB25BD0>,0.7064639925956726,-0.10177060961723328,-0.3211718201637268,165146,10,2,False,Right,Front,Centre,Left,76
<_io.BytesIO object at 0x00000258DAB25220>,0.715898871421814,-0.12339778244495392,-0.3581599295139313,165146,10,2,False,Right,Front,Centre,Left,76
<_io.BytesIO object at 0x00000258DAB256D0>,0.7262335419654846,-0.17557473480701447,-0.3599987030029297,165146,10,2,False,Right,Front,Centre,Left,76
<_io.BytesIO object at 0x00000258DAB283B0>,0.6612598299980164,-0.20491868257522583,-0.2970012128353119,165146,10,2,False,Right,Front,Centre,Left,76
<_io.BytesIO object at 0x00000258D7D609F0>,0.6645786166191101,-0.1003350019454956,-0.314815878868103,165147,10,2,False,Right,Front,Centre,Left,76
<_io.BytesIO object at 0x00000258DAC218B0>,0.7064639925956726,-0.10177060961723328,-0.3211718201637268,165147,10,2,False,Right,Front,Centre,Left,76
<_io.BytesIO object at 0x00000258DAC21090>,0.715898871421814,-0.12339778244495392,-0.3581599295139313,165147,10,2,False,Right,Front,Centre,Left,76
<_io.BytesIO object at 0x00000258DAC21EF0>,0.7262335419654846,-0.17557473480701447,-0.3599987030029297,165147,10,2,False,Right,Front,Centre,Left,76
<_io.BytesIO object at 0x00000258DAC21310>,0.6612598299980164,-0.20491868257522583,-0.2970012128353119,165147,10,2,False,Right,Front,Centre,Left,76
<_io.BytesIO object at 0x00000258DAB377C0>,0.6645786166191101,-0.1003350019454956,-0.314815878868103,165148,10,2,False,Right,Front,Centre,Left,76
<_io.BytesIO object at 0x00000258DAB378B0>,0.7064639925956726,-0.10177060961723328,-0.3211718201637268,165148,10,2,False,Right,Front,Centre,Left,76
<_io.BytesIO object at 0x00000258DAB5DEA0>,0.715898871421814,-0.12339778244495392,-0.3581599295139313,165148,10,2,False,Right,Front,Centre,Left,76
<_io.BytesIO object at 0x00000258DAB5D630>,0.7262335419654846,-0.17557473480701447,-0.3599987030029297,165148,10,2,False,Right,Front,Centre,Left,76
<_io.BytesIO object at 0x00000258DAB5D950>,0.6612598299980164,-0.20491868257522583,-0.2970012128353119,165148,10,2,False,Right,Front,Centre,Left,76
<_io.BytesIO object at 0x00000258D2805810>,0.6645786166191101,-0.1003350019454956,-0.314815878868103,165149,10,2,False,Right,Front,Centre,Left,76
<_io.BytesIO object at 0x00000258DAB06EF0>,0.7064639925956726,-0.10177060961723328,-0.3211718201637268,165149,10,2,False,Right,Front,Centre,Left,76
<_io.BytesIO object at 0x00000258DAB06220>,0.715898871421814,-0.12339778244495392,-0.3581599295139313,165149,10,2,False,Right,Front,Centre,Left,76
<_io.BytesIO object at 0x00000258DAB06360>,0.7262335419654846,-0.17557473480701447,-0.3599987030029297,165149,10,2,False,Right,Front,Centre,Left,76
<_io.BytesIO object at 0x00000258DAB06EA0>,0.6612598299980164,-0.20491868257522583,-0.2970012128353119,165149,10,2,False,Right,Front,Centre,Left,76
<_io.BytesIO object at 0x00000258D7D333B0>,0.6645786166191101,-0.1003350019454956,-0.314815878868103,165150,10,2,False,Right,Front,Centre,Left,76
<_io.BytesIO object at 0x00000258D7D33EF0>,0.7064639925956726,-0.10177060961723328,-0.3211718201637268,165150,10,2,False,Right,Front,Centre,Left,76
<_io.BytesIO object at 0x00000258D7D33DB0>,0.715898871421814,-0.12339778244495392,-0.3581599295139313,165150,10,2,False,Right,Front,Centre,Left,76
<_io.BytesIO object at 0x00000258D7D33D10>,0.7262335419654846,-0.17557473480701447,-0.3599987030029297,165150,10,2,False,Right,Front,Centre,Left,76
<_io.BytesIO object at 0x00000258DAB5D6D0>,0.6612598299980164,-0.20491868257522583,-0.2970012128353119,165150,10,2,False,Right,Front,Centre,Left,76
<_io.BytesIO object at 0x00000258DAB3D040>,0.6645786166191101,-0.1003350019454956,-0.314815878868103,165151,10,2,False,Right,Front,Centre,Left,76
<_io.BytesIO object at 0x00000258DAB3D270>,0.7064639925956726,-0.10177060961723328,-0.3211718201637268,165151,10,2,False,Right,Front,Centre,Left,76
<_io.BytesIO object at 0x00000258D7D24900>,0.715898871421814,-0.12339778244495392,-0.3581599295139313,165151,10,2,False,Right,Front,Centre,Left,76
<_io.BytesIO object at 0x00000258D7D24270>,0.7262335419654846,-0.17557473480701447,-0.3599987030029297,165151,10,2,False,Right,Front,Centre,Left,76
<_io.BytesIO object at 0x00000258DAC21F40>,0.6612598299980164,-0.20491868257522583,-0.2970012128353119,165151,10,2,False,Right,Front,Centre,Left,76
<_io.BytesIO object at 0x00000258D7D54C20>,0.6645786166191101,-0.1003350019454956,-0.314815878868103,165152,10,2,False,Right,Front,Centre,Left,76
<_io.BytesIO object at 0x00000258DAB28180>,0.7064639925956726,-0.10177060961723328,-0.3211718201637268,165152,10,2,False,Right,Front,Centre,Left,76
<_io.BytesIO object at 0x00000258DAB28B30>,0.715898871421814,-0.12339778244495392,-0.3581599295139313,165152,10,2,False,Right,Front,Centre,Left,76
<_io.BytesIO object at 0x00000258DAB28630>,0.7262335419654846,-0.17557473480701447,-0.3599987030029297,165152,10,2,False,Right,Front,Centre,Left,76
<_io.BytesIO object at 0x00000258DAB28130>,0.6612598299980164,-0.20491868257522583,-0.2970012128353119,165152,10,2,False,Right,Front,Centre,Left,76
<_io.BytesIO object at 0x00000258DAB1F180>,0.6645786166191101,-0.1003350019454956,-0.314815878868103,165153,10,2,False,Right,Front,Centre,Left,76
<_io.BytesIO object at 0x00000258DAB1FB30>,0.7064639925956726,-0.10177060961723328,-0.3211718201637268,165153,10,2,False,Right,Front,Centre,Left,76
<_io.BytesIO object at 0x00000258D7D5CA40>,0.715898871421814,-0.12339778244495392,-0.3581599295139313,165153,10,2,False,Right,Front,Centre,Left,76
<_io.BytesIO object at 0x00000258DAB1F5E0>,0.7262335419654846,-0.17557473480701447,-0.3599987030029297,165153,10,2,False,Right,Front,Centre,Left,76
<_io.BytesIO object at 0x00000258DAB1F7C0>,0.6612598299980164,-0.20491868257522583,-0.2970012128353119,165153,10,2,False,Right,Front,Centre,Left,76
<_io.BytesIO object at 0x00000258DAB282C0>,0.6645786166191101,-0.1003350019454956,-0.314815878868103,165154,10,2,False,Right,Front,Centre,Left,76
<_io.BytesIO object at 0x00000258DAB28BD0>,0.7064639925956726,-0.10177060961723328,-0.3211718201637268,165154,10,2,False,Right,Front,Centre,Left,76
<_io.BytesIO object at 0x00000258DAB28B80>,0.715898871421814,-0.12339778244495392,-0.3581599295139313,165154,10,2,False,Right,Front,Centre,Left,76
<_io.BytesIO object at 0x00000258DAB28400>,0.7262335419654846,-0.17557473480701447,-0.3599987030029297,165154,10,2,False,Right,Front,Centre,Left,76
<_io.BytesIO object at 0x00000258D7D54B80>,0.6612598299980164,-0.20491868257522583,-0.2970012128353119,165154,10,2,False,Right,Front,Centre,Left,76
<_io.BytesIO object at 0x00000258DAC217C0>,0.6645786166191101,-0.1003350019454956,-0.314815878868103,165155,10,2,False,Right,Front,Centre,Left,76
<_io.BytesIO object at 0x00000258D7D24B30>,0.7064639925956726,-0.10177060961723328,-0.3211718201637268,165155,10,2,False,Right,Front,Centre,Left,76
<_io.BytesIO object at 0x00000258DAB3DEF0>,0.715898871421814,-0.12339778244495392,-0.3581599295139313,165155,10,2,False,Right,Front,Centre,Left,76
<_io.BytesIO object at 0x00000258DAB3D400>,0.7262335419654846,-0.17557473480701447,-0.3599987030029297,165155,10,2,False,Right,Front,Centre,Left,76
<_io.BytesIO object at 0x00000258DAB3D220>,0.6612598299980164,-0.20491868257522583,-0.2970012128353119,165155,10,2,False,Right,Front,Centre,Left,76
<_io.BytesIO object at 0x00000258DAB5DE00>,0.6645786166191101,-0.1003350019454956,-0.314815878868103,165156,10,2,False,Right,Front,Centre,Left,76
<_io.BytesIO object at 0x00000258D7D33860>,0.7064639925956726,-0.10177060961723328,-0.3211718201637268,165156,10,2,False,Right,Front,Centre,Left,76
<_io.BytesIO object at 0x00000258D7D33F40>,0.715898871421814,-0.12339778244495392,-0.3581599295139313,165156,10,2,False,Right,Front,Centre,Left,76
<_io.BytesIO object at 0x00000258D7D33680>,0.7262335419654846,-0.17557473480701447,-0.3599987030029297,165156,10,2,False,Right,Front,Centre,Left,76
<_io.BytesIO object at 0x00000258D7D33270>,0.6612598299980164,-0.20491868257522583,-0.2970012128353119,165156,10,2,False,Right,Front,Centre,Left,76
<_io.BytesIO object at 0x00000258DAB06D10>,0.6645786166191101,-0.1003350019454956,-0.314815878868103,165157,10,2,False,Right,Front,Centre,Left,76
<_io.BytesIO object at 0x00000258DAB06D60>,0.7064639925956726,-0.10177060961723328,-0.3211718201637268,165157,10,2,False,Right,Front,Centre,Left,76
<_io.BytesIO object at 0x00000258DAB062C0>,0.715898871421814,-0.12339778244495392,-0.3581599295139313,165157,10,2,False,Right,Front,Centre,Left,76
<_io.BytesIO object at 0x00000258DAB065E0>,0.7262335419654846,-0.17557473480701447,-0.3599987030029297,165157,10,2,False,Right,Front,Centre,Left,76
<_io.BytesIO object at 0x00000258DAB06680>,0.6612598299980164,-0.20491868257522583,-0.2970012128353119,165157,10,2,False,Right,Front,Centre,Left,76
<_io.BytesIO object at 0x00000258DAB5DEA0>,0.6645786166191101,-0.1003350019454956,-0.314815878868103,165158,10,2,False,Right,Front,Centre,Left,76
<_io.BytesIO object at 0x00000258DAB37310>,0.7064639925956726,-0.10177060961723328,-0.3211718201637268,165158,10,2,False,Right,Front,Centre,Left,76
<_io.BytesIO object at 0x00000258DAB37040>,0.715898871421814,-0.12339778244495392,-0.3581599295139313,165158,10,2,False,Right,Front,Centre,Left,76
<_io.BytesIO object at 0x00000258DAB37900>,0.7262335419654846,-0.17557473480701447,-0.3599987030029297,165158,10,2,False,Right,Front,Centre,Left,76
<_io.BytesIO object at 0x00000258DAB37EF0>,0.6612598299980164,-0.20491868257522583,-0.2970012128353119,165158,10,2,False,Right,Front,Centre,Left,76
<_io.BytesIO object at 0x00000258DAC21BD0>,0.6645786166191101,-0.1003350019454956,-0.314815878868103,165159,10,2,False,Right,Front,Centre,Left,76
<_io.BytesIO object at 0x00000258DAC21630>,0.7064639925956726,-0.10177060961723328,-0.3211718201637268,165159,10,2,False,Right,Front,Centre,Left,76
<_io.BytesIO object at 0x00000258D7D60400>,0.715898871421814,-0.12339778244495392,-0.3581599295139313,165159,10,2,False,Right,Front,Centre,Left,76
<_io.BytesIO object at 0x00000258D7D60B30>,0.7262335419654846,-0.17557473480701447,-0.3599987030029297,165159,10,2,False,Right,Front,Centre,Left,76
<_io.BytesIO object at 0x00000258D7D60090>,0.6612598299980164,-0.20491868257522583,-0.2970012128353119,165159,10,2,False,Right,Front,Centre,Left,76
<_io.BytesIO object at 0x00000258DAB288B0>,0.6645786166191101,-0.1003350019454956,-0.314815878868103,165160,10,2,False,Right,Front,Centre,Left,76
<_io.BytesIO object at 0x00000258DAB25810>,0.7064639925956726,-0.10177060961723328,-0.3211718201637268,165160,10,2,False,Right,Front,Centre,Left,76
<_io.BytesIO object at 0x00000258DAB25400>,0.715898871421814,-0.12339778244495392,-0.3581599295139313,165160,10,2,False,Right,Front,Centre,Left,76
<_io.BytesIO object at 0x00000258DAB259F0>,0.7262335419654846,-0.17557473480701447,-0.3599987030029297,165160,10,2,False,Right,Front,Centre,Left,76
<_io.BytesIO object at 0x00000258DAB25B80>,0.6612598299980164,-0.20491868257522583,-0.2970012128353119,165160,10,2,False,Right,Front,Centre,Left,76
<_io.BytesIO object at 0x00000258DAB1FD10>,0.6645786166191101,-0.1003350019454956,-0.314815878868103,165161,10,2,False,Right,Front,Centre,Left,76
<_io.BytesIO object at 0x00000258DAB1F400>,0.7064639925956726,-0.10177060961723328,-0.3211718201637268,165161,10,2,False,Right,Front,Centre,Left,76
<_io.BytesIO object at 0x00000258D7D635E0>,0.715898871421814,-0.12339778244495392,-0.3581599295139313,165161,10,2,False,Right,Front,Centre,Left,76
<_io.BytesIO object at 0x00000258D7D63180>,0.7262335419654846,-0.17557473480701447,-0.3599987030029297,165161,10,2,False,Right,Front,Centre,Left,76
<_io.BytesIO object at 0x00000258D7D63AE0>,0.6612598299980164,-0.20491868257522583,-0.2970012128353119,165161,10,2,False,Right,Front,Centre,Left,76
<_io.BytesIO object at 0x00000258D7D54400>,0.6645786166191101,-0.1003350019454956,-0.314815878868103,165162,10,2,False,Right,Front,Centre,Left,76
<_io.BytesIO object at 0x00000258D7D541D0>,0.7064639925956726,-0.10177060961723328,-0.3211718201637268,165162,10,2,False,Right,Front,Centre,Left,76
<_io.BytesIO object at 0x00000258DAC212C0>,0.715898871421814,-0.12339778244495392,-0.3581599295139313,165162,10,2,False,Right,Front,Centre,Left,76
<_io.BytesIO object at 0x00000258DAC21BD0>,0.7262335419654846,-0.17557473480701447,-0.3599987030029297,165162,10,2,False,Right,Front,Centre,Left,76
<_io.BytesIO object at 0x00000258DAC21B80>,0.6612598299980164,-0.20491868257522583,-0.2970012128353119,165162,10,2,False,Right,Front,Centre,Left,76
<_io.BytesIO object at 0x00000258DAB37220>,0.6645786166191101,-0.1003350019454956,-0.314815878868103,165163,10,2,False,Right,Front,Centre,Left,76
<_io.BytesIO object at 0x00000258DAB37EF0>,0.7064639925956726,-0.10177060961723328,-0.3211718201637268,165163,10,2,False,Right,Front,Centre,Left,76
<_io.BytesIO object at 0x00000258DAB37450>,0.715898871421814,-0.12339778244495392,-0.3581599295139313,165163,10,2,False,Right,Front,Centre,Left,76
<_io.BytesIO object at 0x00000258DAB37F40>,0.7262335419654846,-0.17557473480701447,-0.3599987030029297,165163,10,2,False,Right,Front,Centre,Left,76
<_io.BytesIO object at 0x00000258DAB37590>,0.6612598299980164,-0.20491868257522583,-0.2970012128353119,165163,10,2,False,Right,Front,Centre,Left,76
<_io.BytesIO object at 0x00000258D2805630>,0.6645786166191101,-0.1003350019454956,-0.314815878868103,165164,10,2,False,Right,Front,Centre,Left,76
<_io.BytesIO object at 0x00000258DAB06E00>,0.7064639925956726,-0.10177060961723328,-0.3211718201637268,165164,10,2,False,Right,Front,Centre,Left,76
<_io.BytesIO object at 0x00000258DAB061D0>,0.715898871421814,-0.12339778244495392,-0.3581599295139313,165164,10,2,False,Right,Front,Centre,Left,76
<_io.BytesIO object at 0x00000258DAB063B0>,0.7262335419654846,-0.17557473480701447,-0.3599987030029297,165164,10,2,False,Right,Front,Centre,Left,76
<_io.BytesIO object at 0x00000258DAB06F40>,0.6612598299980164,-0.20491868257522583,-0.2970012128353119,165164,10,2,False,Right,Front,Centre,Left,76
<_io.BytesIO object at 0x00000258DAB066D0>,0.6645786166191101,-0.1003350019454956,-0.314815878868103,165165,10,2,False,Right,Front,Centre,Left,76
<_io.BytesIO object at 0x00000258DAB065E0>,0.7064639925956726,-0.10177060961723328,-0.3211718201637268,165165,10,2,False,Right,Front,Centre,Left,76
<_io.BytesIO object at 0x00000258D2805270>,0.715898871421814,-0.12339778244495392,-0.3581599295139313,165165,10,2,False,Right,Front,Centre,Left,76
<_io.BytesIO object at 0x00000258D2805770>,0.7262335419654846,-0.17557473480701447,-0.3599987030029297,165165,10,2,False,Right,Front,Centre,Left,76
<_io.BytesIO object at 0x00000258D2805810>,0.6612598299980164,-0.20491868257522583,-0.2970012128353119,165165,10,2,False,Right,Front,Centre,Left,76
<_io.BytesIO object at 0x00000258DAB37C20>,0.6645786166191101,-0.1003350019454956,-0.314815878868103,165166,10,2,False,Right,Front,Centre,Left,76
<_io.BytesIO object at 0x00000258DAB37770>,0.7064639925956726,-0.10177060961723328,-0.3211718201637268,165166,10,2,False,Right,Front,Centre,Left,76
<_io.BytesIO object at 0x00000258DAB37180>,0.715898871421814,-0.12339778244495392,-0.3581599295139313,165166,10,2,False,Right,Front,Centre,Left,76
<_io.BytesIO object at 0x00000258DAB374A0>,0.7262335419654846,-0.17557473480701447,-0.3599987030029297,165166,10,2,False,Right,Front,Centre,Left,76
<_io.BytesIO object at 0x00000258DAB37270>,0.6612598299980164,-0.20491868257522583,-0.2970012128353119,165166,10,2,False,Right,Front,Centre,Left,76
<_io.BytesIO object at 0x00000258DAC21540>,0.6645786166191101,-0.1003350019454956,-0.314815878868103,165167,10,2,False,Right,Front,Centre,Left,76
<_io.BytesIO object at 0x00000258D7D54BD0>,0.7064639925956726,-0.10177060961723328,-0.3211718201637268,165167,10,2,False,Right,Front,Centre,Left,76
<_io.BytesIO object at 0x00000258D7D54590>,0.715898871421814,-0.12339778244495392,-0.3581599295139313,165167,10,2,False,Right,Front,Centre,Left,76
<_io.BytesIO object at 0x00000258D7D54270>,0.7262335419654846,-0.17557473480701447,-0.3599987030029297,165167,10,2,False,Right,Front,Centre,Left,76
<_io.BytesIO object at 0x00000258D7D54C70>,0.6612598299980164,-0.20491868257522583,-0.2970012128353119,165167,10,2,False,Right,Front,Centre,Left,76
<_io.BytesIO object at 0x00000258D7D63270>,0.6645786166191101,-0.1003350019454956,-0.314815878868103,165168,10,2,False,Right,Front,Centre,Left,76
<_io.BytesIO object at 0x00000258D7D63180>,0.7064639925956726,-0.10177060961723328,-0.3211718201637268,165168,10,2,False,Right,Front,Centre,Left,76
<_io.BytesIO object at 0x00000258D7D63590>,0.715898871421814,-0.12339778244495392,-0.3581599295139313,165168,10,2,False,Right,Front,Centre,Left,76
<_io.BytesIO object at 0x00000258DAB1F130>,0.7262335419654846,-0.17557473480701447,-0.3599987030029297,165168,10,2,False,Right,Front,Centre,Left,76
<_io.BytesIO object at 0x00000258DAB1F6D0>,0.6612598299980164,-0.20491868257522583,-0.2970012128353119,165168,10,2,False,Right,Front,Centre,Left,76
<_io.BytesIO object at 0x00000258DAB25180>,0.6645786166191101,-0.1003350019454956,-0.314815878868103,165169,10,2,False,Right,Front,Centre,Left,76
<_io.BytesIO object at 0x00000258DAB254F0>,0.7064639925956726,-0.10177060961723328,-0.3211718201637268,165169,10,2,False,Right,Front,Centre,Left,76
<_io.BytesIO object at 0x00000258DAB25310>,0.715898871421814,-0.12339778244495392,-0.3581599295139313,165169,10,2,False,Right,Front,Centre,Left,76
<_io.BytesIO object at 0x00000258DAB28EA0>,0.7262335419654846,-0.17557473480701447,-0.3599987030029297,165169,10,2,False,Right,Front,Centre,Left,76
<_io.BytesIO object at 0x00000258DAB288B0>,0.6612598299980164,-0.20491868257522583,-0.2970012128353119,165169,10,2,False,Right,Front,Centre,Left,76
<_io.BytesIO object at 0x00000258DAC214F0>,0.6645786166191101,-0.1003350019454956,-0.314815878868103,165170,10,2,False,Right,Front,Centre,Left,76
<_io.BytesIO object at 0x00000258DAB3D950>,0.7064639925956726,-0.10177060961723328,-0.3211718201637268,165170,10,2,False,Right,Front,Centre,Left,76
<_io.BytesIO object at 0x00000258DAB3D9A0>,0.715898871421814,-0.12339778244495392,-0.3581599295139313,165170,10,2,False,Right,Front,Centre,Left,76
<_io.BytesIO object at 0x00000258DAB3D9F0>,0.7262335419654846,-0.17557473480701447,-0.3599987030029297,165170,10,2,False,Right,Front,Centre,Left,76
<_io.BytesIO object at 0x00000258DAB3D540>,0.6612598299980164,-0.20491868257522583,-0.2970012128353119,165170,10,2,False,Right,Front,Centre,Left,76
<_io.BytesIO object at 0x00000258DAB5DEA0>,0.6645786166191101,-0.1003350019454956,-0.314815878868103,165171,10,2,False,Right,Front,Centre,Left,76
<_io.BytesIO object at 0x00000258D7DC4E00>,0.7064639925956726,-0.10177060961723328,-0.3211718201637268,165171,10,2,False,Right,Front,Centre,Left,76
<_io.BytesIO object at 0x00000258D7DC4590>,0.715898871421814,-0.12339778244495392,-0.3581599295139313,165171,10,2,False,Right,Front,Centre,Left,76
<_io.BytesIO object at 0x00000258D7DC4810>,0.7262335419654846,-0.17557473480701447,-0.3599987030029297,165171,10,2,False,Right,Front,Centre,Left,76
<_io.BytesIO object at 0x00000258D7DC4900>,0.6612598299980164,-0.20491868257522583,-0.2970012128353119,165171,10,2,False,Right,Front,Centre,Left,76
<_io.BytesIO object at 0x00000258D7D607C0>,0.6645786166191101,-0.1003350019454956,-0.314815878868103,165172,10,2,False,Right,Front,Centre,Left,76
<_io.BytesIO object at 0x00000258D7D60360>,0.7064639925956726,-0.10177060961723328,-0.3211718201637268,165172,10,2,False,Right,Front,Centre,Left,76
<_io.BytesIO object at 0x00000258D7D60B30>,0.715898871421814,-0.12339778244495392,-0.3581599295139313,165172,10,2,False,Right,Front,Centre,Left,76
<_io.BytesIO object at 0x00000258D7D5C400>,0.7262335419654846,-0.17557473480701447,-0.3599987030029297,165172,10,2,False,Right,Front,Centre,Left,76
<_io.BytesIO object at 0x00000258D7D5C270>,0.6612598299980164,-0.20491868257522583,-0.2970012128353119,165172,10,2,False,Right,Front,Centre,Left,76
<_io.BytesIO object at 0x00000258DAB069F0>,0.6645786166191101,-0.1003350019454956,-0.314815878868103,165173,10,2,False,Right,Front,Centre,Left,76
<_io.BytesIO object at 0x00000258D2805310>,0.7064639925956726,-0.10177060961723328,-0.3211718201637268,165173,10,2,False,Right,Front,Centre,Left,76
<_io.BytesIO object at 0x00000258D2805590>,0.715898871421814,-0.12339778244495392,-0.3581599295139313,165173,10,2,False,Right,Front,Centre,Left,76
<_io.BytesIO object at 0x00000258D2805720>,0.7262335419654846,-0.17557473480701447,-0.3599987030029297,165173,10,2,False,Right,Front,Centre,Left,76
<_io.BytesIO object at 0x00000258D7DC4950>,0.6612598299980164,-0.20491868257522583,-0.2970012128353119,165173,10,2,False,Right,Front,Centre,Left,76
<_io.BytesIO object at 0x00000258D7D3A270>,0.6645786166191101,-0.1003350019454956,-0.314815878868103,165174,10,2,False,Right,Front,Centre,Left,76
<_io.BytesIO object at 0x00000258D7D3A0E0>,0.7064639925956726,-0.10177060961723328,-0.3211718201637268,165174,10,2,False,Right,Front,Centre,Left,76
<_io.BytesIO object at 0x00000258D7D3A680>,0.715898871421814,-0.12339778244495392,-0.3581599295139313,165174,10,2,False,Right,Front,Centre,Left,76
<_io.BytesIO object at 0x00000258D7D3A090>,0.7262335419654846,-0.17557473480701447,-0.3599987030029297,165174,10,2,False,Right,Front,Centre,Left,76
<_io.BytesIO object at 0x00000258DAB3D180>,0.6612598299980164,-0.20491868257522583,-0.2970012128353119,165174,10,2,False,Right,Front,Centre,Left,76
<_io.BytesIO object at 0x00000258D7D54860>,0.6645786166191101,-0.1003350019454956,-0.314815878868103,165175,10,2,False,Right,Front,Centre,Left,76
<_io.BytesIO object at 0x00000258DAB25090>,0.7064639925956726,-0.10177060961723328,-0.3211718201637268,165175,10,2,False,Right,Front,Centre,Left,76
<_io.BytesIO object at 0x00000258DAB256D0>,0.715898871421814,-0.12339778244495392,-0.3581599295139313,165175,10,2,False,Right,Front,Centre,Left,76
<_io.BytesIO object at 0x00000258DAB25CC0>,0.7262335419654846,-0.17557473480701447,-0.3599987030029297,165175,10,2,False,Right,Front,Centre,Left,76
<_io.BytesIO object at 0x00000258DAB25810>,0.6612598299980164,-0.20491868257522583,-0.2970012128353119,165175,10,2,False,Right,Front,Centre,Left,76
<_io.BytesIO object at 0x00000258DAB1F9A0>,0.6645786166191101,-0.1003350019454956,-0.314815878868103,165176,10,2,False,Right,Front,Centre,Left,76
<_io.BytesIO object at 0x00000258DAB1FEA0>,0.7064639925956726,-0.10177060961723328,-0.3211718201637268,165176,10,2,False,Right,Front,Centre,Left,76
<_io.BytesIO object at 0x00000258D7D5CDB0>,0.715898871421814,-0.12339778244495392,-0.3581599295139313,165176,10,2,False,Right,Front,Centre,Left,76
<_io.BytesIO object at 0x00000258D7D5C1D0>,0.7262335419654846,-0.17557473480701447,-0.3599987030029297,165176,10,2,False,Right,Front,Centre,Left,76
<_io.BytesIO object at 0x00000258D7D5C8B0>,0.6612598299980164,-0.20491868257522583,-0.2970012128353119,165176,10,2,False,Right,Front,Centre,Left,76
<_io.BytesIO object at 0x00000258DAB28770>,0.6645786166191101,-0.1003350019454956,-0.314815878868103,165177,10,2,False,Right,Front,Centre,Left,76
<_io.BytesIO object at 0x00000258DAB25DB0>,0.7064639925956726,-0.10177060961723328,-0.3211718201637268,165177,10,2,False,Right,Front,Centre,Left,76
<_io.BytesIO object at 0x00000258DAB25A40>,0.715898871421814,-0.12339778244495392,-0.3581599295139313,165177,10,2,False,Right,Front,Centre,Left,76
<_io.BytesIO object at 0x00000258DAB25E00>,0.7262335419654846,-0.17557473480701447,-0.3599987030029297,165177,10,2,False,Right,Front,Centre,Left,76
<_io.BytesIO object at 0x00000258DAB25310>,0.6612598299980164,-0.20491868257522583,-0.2970012128353119,165177,10,2,False,Right,Front,Centre,Left,76
<_io.BytesIO object at 0x00000258DAB3D040>,0.6645786166191101,-0.1003350019454956,-0.314815878868103,165178,10,2,False,Right,Front,Centre,Left,76
<_io.BytesIO object at 0x00000258DAB3D7C0>,0.7064639925956726,-0.10177060961723328,-0.3211718201637268,165178,10,2,False,Right,Front,Centre,Left,76
<_io.BytesIO object at 0x00000258D7D3A090>,0.715898871421814,-0.12339778244495392,-0.3581599295139313,165178,10,2,False,Right,Front,Centre,Left,76
<_io.BytesIO object at 0x00000258D7D3AAE0>,0.7262335419654846,-0.17557473480701447,-0.3599987030029297,165178,10,2,False,Right,Front,Centre,Left,76
<_io.BytesIO object at 0x00000258D7D3A1D0>,0.6612598299980164,-0.20491868257522583,-0.2970012128353119,165178,10,2,False,Right,Front,Centre,Left,76
<_io.BytesIO object at 0x00000258D7DC4AE0>,0.6645786166191101,-0.1003350019454956,-0.314815878868103,165179,10,2,False,Right,Front,Centre,Left,76
<_io.BytesIO object at 0x00000258D7DC4DB0>,0.7064639925956726,-0.10177060961723328,-0.3211718201637268,165179,10,2,False,Right,Front,Centre,Left,76
<_io.BytesIO object at 0x00000258D28051D0>,0.715898871421814,-0.12339778244495392,-0.3581599295139313,165179,10,2,False,Right,Front,Centre,Left,76
<_io.BytesIO object at 0x00000258D2805680>,0.7262335419654846,-0.17557473480701447,-0.3599987030029297,165179,10,2,False,Right,Front,Centre,Left,76
<_io.BytesIO object at 0x00000258D2805220>,0.6612598299980164,-0.20491868257522583,-0.2970012128353119,165179,10,2,False,Right,Front,Centre,Left,76
<_io.BytesIO object at 0x00000258D7D60180>,0.6645786166191101,-0.1003350019454956,-0.314815878868103,165180,10,2,False,Right,Front,Centre,Left,76
<_io.BytesIO object at 0x00000258D7D5C7C0>,0.7064639925956726,-0.10177060961723328,-0.3211718201637268,165180,10,2,False,Right,Front,Centre,Left,76
<_io.BytesIO object at 0x00000258D7D5CB30>,0.715898871421814,-0.12339778244495392,-0.3581599295139313,165180,10,2,False,Right,Front,Centre,Left,76
<_io.BytesIO object at 0x00000258D7D60F40>,0.7262335419654846,-0.17557473480701447,-0.3599987030029297,165180,10,2,False,Right,Front,Centre,Left,76
<_io.BytesIO object at 0x00000258D7D60E50>,0.6612598299980164,-0.20491868257522583,-0.2970012128353119,165180,10,2,False,Right,Front,Centre,Left,76
<_io.BytesIO object at 0x00000258D28054F0>,0.6645786166191101,-0.1003350019454956,-0.314815878868103,165181,10,2,False,Right,Front,Centre,Left,76
<_io.BytesIO object at 0x00000258D7DC4A40>,0.7064639925956726,-0.10177060961723328,-0.3211718201637268,165181,10,2,False,Right,Front,Centre,Left,76
<_io.BytesIO object at 0x00000258D7DC4F40>,0.715898871421814,-0.12339778244495392,-0.3581599295139313,165181,10,2,False,Right,Front,Centre,Left,76
<_io.BytesIO object at 0x00000258D7DC4540>,0.7262335419654846,-0.17557473480701447,-0.3599987030029297,165181,10,2,False,Right,Front,Centre,Left,76
<_io.BytesIO object at 0x00000258D7DC4270>,0.6612598299980164,-0.20491868257522583,-0.2970012128353119,165181,10,2,False,Right,Front,Centre,Left,76
<_io.BytesIO object at 0x00000258D7D3A130>,0.6645786166191101,-0.1003350019454956,-0.314815878868103,165182,10,2,False,Right,Front,Centre,Left,76
<_io.BytesIO object at 0x00000258DAB3DA90>,0.7064639925956726,-0.10177060961723328,-0.3211718201637268,165182,10,2,False,Right,Front,Centre,Left,76
<_io.BytesIO object at 0x00000258DAB3DBD0>,0.715898871421814,-0.12339778244495392,-0.3581599295139313,165182,10,2,False,Right,Front,Centre,Left,76
<_io.BytesIO object at 0x00000258DAB3D9A0>,0.7262335419654846,-0.17557473480701447,-0.3599987030029297,165182,10,2,False,Right,Front,Centre,Left,76
<_io.BytesIO object at 0x00000258DAB3D590>,0.6612598299980164,-0.20491868257522583,-0.2970012128353119,165182,10,2,False,Right,Front,Centre,Left,76
<_io.BytesIO object at 0x00000258DAB25950>,0.6645786166191101,-0.1003350019454956,-0.314815878868103,165183,10,2,False,Right,Front,Centre,Left,76
<_io.BytesIO object at 0x00000258DAB25B30>,0.7064639925956726,-0.10177060961723328,-0.3211718201637268,165183,10,2,False,Right,Front,Centre,Left,76
<_io.BytesIO object at 0x00000258DAB25860>,0.715898871421814,-0.12339778244495392,-0.3581599295139313,165183,10,2,False,Right,Front,Centre,Left,76
<_io.BytesIO object at 0x00000258DAB284F0>,0.7262335419654846,-0.17557473480701447,-0.3599987030029297,165183,10,2,False,Right,Front,Centre,Left,76
<_io.BytesIO object at 0x00000258DAB28F40>,0.6612598299980164,-0.20491868257522583,-0.2970012128353119,165183,10,2,False,Right,Front,Centre,Left,76
<_io.BytesIO object at 0x00000258DAB1F770>,0.6645786166191101,-0.1003350019454956,-0.314815878868103,165184,10,2,False,Right,Front,Centre,Left,76
<_io.BytesIO object at 0x00000258DAB1F7C0>,0.7064639925956726,-0.10177060961723328,-0.3211718201637268,165184,10,2,False,Right,Front,Centre,Left,76
<_io.BytesIO object at 0x00000258DAB1FF90>,0.715898871421814,-0.12339778244495392,-0.3581599295139313,165184,10,2,False,Right,Front,Centre,Left,76
<_io.BytesIO object at 0x00000258DAB1F3B0>,0.7262335419654846,-0.17557473480701447,-0.3599987030029297,165184,10,2,False,Right,Front,Centre,Left,76
<_io.BytesIO object at 0x00000258DAB1F720>,0.6612598299980164,-0.20491868257522583,-0.2970012128353119,165184,10,2,False,Right,Front,Centre,Left,76
<_io.BytesIO object at 0x00000258DAB256D0>,0.6645786166191101,-0.1003350019454956,-0.314815878868103,165185,10,2,False,Right,Front,Centre,Left,76
<_io.BytesIO object at 0x00000258DAB255E0>,0.7064639925956726,-0.10177060961723328,-0.3211718201637268,165185,10,2,False,Right,Front,Centre,Left,76
<_io.BytesIO object at 0x00000258D7D549A0>,0.715898871421814,-0.12339778244495392,-0.3581599295139313,165185,10,2,False,Right,Front,Centre,Left,76
<_io.BytesIO object at 0x00000258D7D54AE0>,0.7262335419654846,-0.17557473480701447,-0.3599987030029297,165185,10,2,False,Right,Front,Centre,Left,76
<_io.BytesIO object at 0x00000258D7D543B0>,0.6612598299980164,-0.20491868257522583,-0.2970012128353119,165185,10,2,False,Right,Front,Centre,Left,76
<_io.BytesIO object at 0x00000258D7D3A720>,0.6645786166191101,-0.1003350019454956,-0.314815878868103,165186,10,2,False,Right,Front,Centre,Left,76
<_io.BytesIO object at 0x00000258D7D3A270>,0.7064639925956726,-0.10177060961723328,-0.3211718201637268,165186,10,2,False,Right,Front,Centre,Left,76
<_io.BytesIO object at 0x00000258D7D3A7C0>,0.715898871421814,-0.12339778244495392,-0.3581599295139313,165186,10,2,False,Right,Front,Centre,Left,76
<_io.BytesIO object at 0x00000258D7D3A6D0>,0.7262335419654846,-0.17557473480701447,-0.3599987030029297,165186,10,2,False,Right,Front,Centre,Left,76
<_io.BytesIO object at 0x00000258DAB37720>,0.6612598299980164,-0.20491868257522583,-0.2970012128353119,165186,10,2,False,Right,Front,Centre,Left,76
<_io.BytesIO object at 0x00000258D2805680>,0.6645786166191101,-0.1003350019454956,-0.314815878868103,165187,10,2,False,Right,Front,Centre,Left,76
<_io.BytesIO object at 0x00000258D2805630>,0.7064639925956726,-0.10177060961723328,-0.3211718201637268,165187,10,2,False,Right,Front,Centre,Left,76
<_io.BytesIO object at 0x00000258DAB064A0>,0.715898871421814,-0.12339778244495392,-0.3581599295139313,165187,10,2,False,Right,Front,Centre,Left,76
<_io.BytesIO object at 0x00000258DAB06310>,0.7262335419654846,-0.17557473480701447,-0.3599987030029297,165187,10,2,False,Right,Front,Centre,Left,76
<_io.BytesIO object at 0x00000258DAB06E00>,0.6612598299980164,-0.20491868257522583,-0.2970012128353119,165187,10,2,False,Right,Front,Centre,Left,76
<_io.BytesIO object at 0x00000258D7D60090>,0.6645786166191101,-0.1003350019454956,-0.314815878868103,165188,10,2,False,Right,Front,Centre,Left,76
<_io.BytesIO object at 0x00000258D7D60C20>,0.7064639925956726,-0.10177060961723328,-0.3211718201637268,165188,10,2,False,Right,Front,Centre,Left,76
<_io.BytesIO object at 0x00000258D7D60F90>,0.715898871421814,-0.12339778244495392,-0.3581599295139313,165188,10,2,False,Right,Front,Centre,Left,76
<_io.BytesIO object at 0x00000258D7D604A0>,0.7262335419654846,-0.17557473480701447,-0.3599987030029297,165188,10,2,False,Right,Front,Centre,Left,76
<_io.BytesIO object at 0x00000258D7D606D0>,0.6612598299980164,-0.20491868257522583,-0.2970012128353119,165188,10,2,False,Right,Front,Centre,Left,76
<_io.BytesIO object at 0x00000258DAB3D950>,0.6645786166191101,-0.1003350019454956,-0.314815878868103,165189,10,2,False,Right,Front,Centre,Left,76
<_io.BytesIO object at 0x00000258DAB3DC20>,0.7064639925956726,-0.10177060961723328,-0.3211718201637268,165189,10,2,False,Right,Front,Centre,Left,76
<_io.BytesIO object at 0x00000258DAB3C630>,0.715898871421814,-0.12339778244495392,-0.3581599295139313,165189,10,2,False,Right,Front,Centre,Left,76
<_io.BytesIO object at 0x00000258DAC21770>,0.7262335419654846,-0.17557473480701447,-0.3599987030029297,165189,10,2,False,Right,Front,Centre,Left,76
<_io.BytesIO object at 0x00000258DAC219F0>,0.6612598299980164,-0.20491868257522583,-0.2970012128353119,165189,10,2,False,Right,Front,Centre,Left,76
<_io.BytesIO object at 0x00000258DAB28AE0>,0.6645786166191101,-0.1003350019454956,-0.314815878868103,165190,10,2,False,Right,Front,Centre,Left,76
<_io.BytesIO object at 0x00000258D7D54540>,0.7064639925956726,-0.10177060961723328,-0.3211718201637268,165190,10,2,False,Right,Front,Centre,Left,76
<_io.BytesIO object at 0x00000258D7D543B0>,0.715898871421814,-0.12339778244495392,-0.3581599295139313,165190,10,2,False,Right,Front,Centre,Left,76
<_io.BytesIO object at 0x00000258D7D54770>,0.7262335419654846,-0.17557473480701447,-0.3599987030029297,165190,10,2,False,Right,Front,Centre,Left,76
<_io.BytesIO object at 0x00000258D7D54C20>,0.6612598299980164,-0.20491868257522583,-0.2970012128353119,165190,10,2,False,Right,Front,Centre,Left,76
<_io.BytesIO object at 0x00000258D7D3A0E0>,0.6645786166191101,-0.1003350019454956,-0.314815878868103,165191,10,2,False,Right,Front,Centre,Left,76
<_io.BytesIO object at 0x00000258D7D3A310>,0.7064639925956726,-0.10177060961723328,-0.3211718201637268,165191,10,2,False,Right,Front,Centre,Left,76
<_io.BytesIO object at 0x00000258D7DC4EF0>,0.715898871421814,-0.12339778244495392,-0.3581599295139313,165191,10,2,False,Right,Front,Centre,Left,76
<_io.BytesIO object at 0x00000258D7DC40E0>,0.7262335419654846,-0.17557473480701447,-0.3599987030029297,165191,10,2,False,Right,Front,Centre,Left,76
<_io.BytesIO object at 0x00000258D7DC4540>,0.6612598299980164,-0.20491868257522583,-0.2970012128353119,165191,10,2,False,Right,Front,Centre,Left,76
<_io.BytesIO object at 0x00000258DAB25F90>,0.6645786166191101,-0.1003350019454956,-0.314815878868103,165192,10,2,False,Right,Front,Centre,Left,76
<_io.BytesIO object at 0x00000258DAB25180>,0.7064639925956726,-0.10177060961723328,-0.3211718201637268,165192,10,2,False,Right,Front,Centre,Left,76
<_io.BytesIO object at 0x00000258DAB258B0>,0.715898871421814,-0.12339778244495392,-0.3581599295139313,165192,10,2,False,Right,Front,Centre,Left,76
<_io.BytesIO object at 0x00000258DAB25BD0>,0.7262335419654846,-0.17557473480701447,-0.3599987030029297,165192,10,2,False,Right,Front,Centre,Left,76
<_io.BytesIO object at 0x00000258DAB255E0>,0.6612598299980164,-0.20491868257522583,-0.2970012128353119,165192,10,2,False,Right,Front,Centre,Left,76
<_io.BytesIO object at 0x00000258D7D63630>,0.6645786166191101,-0.1003350019454956,-0.314815878868103,165193,10,2,False,Right,Front,Centre,Left,76
<_io.BytesIO object at 0x00000258DAB1FE00>,0.7064639925956726,-0.10177060961723328,-0.3211718201637268,165193,10,2,False,Right,Front,Centre,Left,76
<_io.BytesIO object at 0x00000258DAB1FC20>,0.715898871421814,-0.12339778244495392,-0.3581599295139313,165193,10,2,False,Right,Front,Centre,Left,76
<_io.BytesIO object at 0x00000258DAB1FEF0>,0.7262335419654846,-0.17557473480701447,-0.3599987030029297,165193,10,2,False,Right,Front,Centre,Left,76
<_io.BytesIO object at 0x00000258DAB1F5E0>,0.6612598299980164,-0.20491868257522583,-0.2970012128353119,165193,10,2,False,Right,Front,Centre,Left,76
<_io.BytesIO object at 0x00000258DAB06040>,0.6645786166191101,-0.1003350019454956,-0.314815878868103,165194,10,2,False,Right,Front,Centre,Left,76
<_io.BytesIO object at 0x00000258DAB06680>,0.7064639925956726,-0.10177060961723328,-0.3211718201637268,165194,10,2,False,Right,Front,Centre,Left,76
<_io.BytesIO object at 0x00000258DAC21B80>,0.715898871421814,-0.12339778244495392,-0.3581599295139313,165194,10,2,False,Right,Front,Centre,Left,76
<_io.BytesIO object at 0x00000258DAC21540>,0.7262335419654846,-0.17557473480701447,-0.3599987030029297,165194,10,2,False,Right,Front,Centre,Left,76
<_io.BytesIO object at 0x00000258DAC21040>,0.6612598299980164,-0.20491868257522583,-0.2970012128353119,165194,10,2,False,Right,Front,Centre,Left,76
<_io.BytesIO object at 0x00000258D7D33E50>,0.6645786166191101,-0.1003350019454956,-0.314815878868103,165195,10,2,False,Right,Front,Centre,Left,76
<_io.BytesIO object at 0x00000258DAB37C70>,0.7064639925956726,-0.10177060961723328,-0.3211718201637268,165195,10,2,False,Right,Front,Centre,Left,76
<_io.BytesIO object at 0x00000258DAB37360>,0.715898871421814,-0.12339778244495392,-0.3581599295139313,165195,10,2,False,Right,Front,Centre,Left,76
<_io.BytesIO object at 0x00000258DAB377C0>,0.7262335419654846,-0.17557473480701447,-0.3599987030029297,165195,10,2,False,Right,Front,Centre,Left,76
<_io.BytesIO object at 0x00000258DAB373B0>,0.6612598299980164,-0.20491868257522583,-0.2970012128353119,165195,10,2,False,Right,Front,Centre,Left,76
<_io.BytesIO object at 0x00000258D7D60770>,0.6645786166191101,-0.1003350019454956,-0.314815878868103,165196,10,2,False,Right,Front,Centre,Left,76
<_io.BytesIO object at 0x00000258D7D60CC0>,0.7064639925956726,-0.10177060961723328,-0.3211718201637268,165196,10,2,False,Right,Front,Centre,Left,76
<_io.BytesIO object at 0x00000258D7D602C0>,0.715898871421814,-0.12339778244495392,-0.3581599295139313,165196,10,2,False,Right,Front,Centre,Left,76
<_io.BytesIO object at 0x00000258D7D60950>,0.7262335419654846,-0.17557473480701447,-0.3599987030029297,165196,10,2,False,Right,Front,Centre,Left,76
<_io.BytesIO object at 0x00000258D28054F0>,0.6612598299980164,-0.20491868257522583,-0.2970012128353119,165196,10,2,False,Right,Front,Centre,Left,76
<_io.BytesIO object at 0x00000258DAB3D040>,0.6645786166191101,-0.1003350019454956,-0.314815878868103,165197,10,2,False,Right,Front,Centre,Left,76
<_io.BytesIO object at 0x00000258D7D24220>,0.7064639925956726,-0.10177060961723328,-0.3211718201637268,165197,10,2,False,Right,Front,Centre,Left,76
<_io.BytesIO object at 0x00000258DAC21450>,0.715898871421814,-0.12339778244495392,-0.3581599295139313,165197,10,2,False,Right,Front,Centre,Left,76
<_io.BytesIO object at 0x00000258DAC21220>,0.7262335419654846,-0.17557473480701447,-0.3599987030029297,165197,10,2,False,Right,Front,Centre,Left,76
<_io.BytesIO object at 0x00000258DAC21900>,0.6612598299980164,-0.20491868257522583,-0.2970012128353119,165197,10,2,False,Right,Front,Centre,Left,76
<_io.BytesIO object at 0x00000258DAB28310>,0.6645786166191101,-0.1003350019454956,-0.314815878868103,165198,10,2,False,Right,Front,Centre,Left,76
<_io.BytesIO object at 0x00000258D7D54F40>,0.7064639925956726,-0.10177060961723328,-0.3211718201637268,165198,10,2,False,Right,Front,Centre,Left,76
<_io.BytesIO object at 0x00000258D7D543B0>,0.715898871421814,-0.12339778244495392,-0.3581599295139313,165198,10,2,False,Right,Front,Centre,Left,76
<_io.BytesIO object at 0x00000258D7D549A0>,0.7262335419654846,-0.17557473480701447,-0.3599987030029297,165198,10,2,False,Right,Front,Centre,Left,76
<_io.BytesIO object at 0x00000258D7D54900>,0.6612598299980164,-0.20491868257522583,-0.2970012128353119,165198,10,2,False,Right,Front,Centre,Left,76
<_io.BytesIO object at 0x00000258D7D638B0>,0.6645786166191101,-0.1003350019454956,-0.314815878868103,165199,10,2,False,Right,Front,Centre,Left,76
<_io.BytesIO object at 0x00000258D7D63B30>,0.7064639925956726,-0.10177060961723328,-0.3211718201637268,165199,10,2,False,Right,Front,Centre,Left,76
<_io.BytesIO object at 0x00000258D7D3A6D0>,0.715898871421814,-0.12339778244495392,-0.3581599295139313,165199,10,2,False,Right,Front,Centre,Left,76
<_io.BytesIO object at 0x00000258D7D3AEA0>,0.7262335419654846,-0.17557473480701447,-0.3599987030029297,165199,10,2,False,Right,Front,Centre,Left,76
<_io.BytesIO object at 0x00000258D7D3A3B0>,0.6612598299980164,-0.20491868257522583,-0.2970012128353119,165199,10,2,False,Right,Front,Centre,Left,76
<_io.BytesIO object at 0x00000258DAB25D60>,0.6645786166191101,-0.1003350019454956,-0.314815878868103,165200,10,2,False,Right,Front,Centre,Left,76
<_io.BytesIO object at 0x00000258DAB25DB0>,0.7064639925956726,-0.10177060961723328,-0.3211718201637268,165200,10,2,False,Right,Front,Centre,Left,76
<_io.BytesIO object at 0x00000258DAB25270>,0.715898871421814,-0.12339778244495392,-0.3581599295139313,165200,10,2,False,Right,Front,Centre,Left,76
<_io.BytesIO object at 0x00000258DAB258B0>,0.7262335419654846,-0.17557473480701447,-0.3599987030029297,165200,10,2,False,Right,Front,Centre,Left,76
<_io.BytesIO object at 0x00000258DAB256D0>,0.6612598299980164,-0.20491868257522583,-0.2970012128353119,165200,10,2,False,Right,Front,Centre,Left,76
<_io.BytesIO object at 0x00000258D7D63B80>,0.6645786166191101,-0.1003350019454956,-0.314815878868103,165201,10,2,False,Right,Front,Centre,Left,76
<_io.BytesIO object at 0x00000258D7D63360>,0.7064639925956726,-0.10177060961723328,-0.3211718201637268,165201,10,2,False,Right,Front,Centre,Left,76
<_io.BytesIO object at 0x00000258D7D33630>,0.715898871421814,-0.12339778244495392,-0.3581599295139313,165201,10,2,False,Right,Front,Centre,Left,76
<_io.BytesIO object at 0x00000258D7D33900>,0.7262335419654846,-0.17557473480701447,-0.3599987030029297,165201,10,2,False,Right,Front,Centre,Left,76
<_io.BytesIO object at 0x00000258D7D33D10>,0.6612598299980164,-0.20491868257522583,-0.2970012128353119,165201,10,2,False,Right,Front,Centre,Left,76
<_io.BytesIO object at 0x00000258DAB28590>,0.6645786166191101,-0.1003350019454956,-0.314815878868103,165202,10,2,False,Right,Front,Centre,Left,76
<_io.BytesIO object at 0x00000258DAB28130>,0.7064639925956726,-0.10177060961723328,-0.3211718201637268,165202,10,2,False,Right,Front,Centre,Left,76
<_io.BytesIO object at 0x00000258DAB28EA0>,0.715898871421814,-0.12339778244495392,-0.3581599295139313,165202,10,2,False,Right,Front,Centre,Left,76
<_io.BytesIO object at 0x00000258DAB28680>,0.7262335419654846,-0.17557473480701447,-0.3599987030029297,165202,10,2,False,Right,Front,Centre,Left,76
<_io.BytesIO object at 0x00000258DAB06A90>,0.6612598299980164,-0.20491868257522583,-0.2970012128353119,165202,10,2,False,Right,Front,Centre,Left,76
<_io.BytesIO object at 0x00000258DAB3D220>,0.6645786166191101,-0.1003350019454956,-0.314815878868103,165203,10,2,False,Right,Front,Centre,Left,76
<_io.BytesIO object at 0x00000258DAB3D770>,0.7064639925956726,-0.10177060961723328,-0.3211718201637268,165203,10,2,False,Right,Front,Centre,Left,76
<_io.BytesIO object at 0x00000258DAB37180>,0.715898871421814,-0.12339778244495392,-0.3581599295139313,165203,10,2,False,Right,Front,Centre,Left,76
<_io.BytesIO object at 0x00000258DAB37400>,0.7262335419654846,-0.17557473480701447,-0.3599987030029297,165203,10,2,False,Right,Front,Centre,Left,76
<_io.BytesIO object at 0x00000258DAB379F0>,0.6612598299980164,-0.20491868257522583,-0.2970012128353119,165203,10,2,False,Right,Front,Centre,Left,76
<_io.BytesIO object at 0x00000258D7D60540>,0.6645786166191101,-0.1003350019454956,-0.314815878868103,165204,10,2,False,Right,Front,Centre,Left,76
<_io.BytesIO object at 0x00000258D7D60360>,0.7064639925956726,-0.10177060961723328,-0.3211718201637268,165204,10,2,False,Right,Front,Centre,Left,76
<_io.BytesIO object at 0x00000258D7D60CC0>,0.715898871421814,-0.12339778244495392,-0.3581599295139313,165204,10,2,False,Right,Front,Centre,Left,76
<_io.BytesIO object at 0x00000258D7D60860>,0.7262335419654846,-0.17557473480701447,-0.3599987030029297,165204,10,2,False,Right,Front,Centre,Left,76
<_io.BytesIO object at 0x00000258D7D60590>,0.6612598299980164,-0.20491868257522583,-0.2970012128353119,165204,10,2,False,Right,Front,Centre,Left,76
<_io.BytesIO object at 0x00000258DAB3D3B0>,0.6645786166191101,-0.1003350019454956,-0.314815878868103,165205,10,2,False,Right,Front,Centre,Left,76
<_io.BytesIO object at 0x00000258DAB3DE00>,0.7064639925956726,-0.10177060961723328,-0.3211718201637268,165205,10,2,False,Right,Front,Centre,Left,76
<_io.BytesIO object at 0x00000258D7D24900>,0.715898871421814,-0.12339778244495392,-0.3581599295139313,165205,10,2,False,Right,Front,Centre,Left,76
<_io.BytesIO object at 0x00000258D7D249F0>,0.7262335419654846,-0.17557473480701447,-0.3599987030029297,165205,10,2,False,Right,Front,Centre,Left,76
<_io.BytesIO object at 0x00000258DAC21400>,0.6612598299980164,-0.20491868257522583,-0.2970012128353119,165205,10,2,False,Right,Front,Centre,Left,76
<_io.BytesIO object at 0x00000258DAB286D0>,0.6645786166191101,-0.1003350019454956,-0.314815878868103,165206,10,2,False,Right,Front,Centre,Left,76
<_io.BytesIO object at 0x00000258DAB28860>,0.7064639925956726,-0.10177060961723328,-0.3211718201637268,165206,10,2,False,Right,Front,Centre,Left,76
<_io.BytesIO object at 0x00000258D7D54EA0>,0.715898871421814,-0.12339778244495392,-0.3581599295139313,165206,10,2,False,Right,Front,Centre,Left,76
<_io.BytesIO object at 0x00000258D7D54C20>,0.7262335419654846,-0.17557473480701447,-0.3599987030029297,165206,10,2,False,Right,Front,Centre,Left,76
<_io.BytesIO object at 0x00000258D7D545E0>,0.6612598299980164,-0.20491868257522583,-0.2970012128353119,165206,10,2,False,Right,Front,Centre,Left,76
<_io.BytesIO object at 0x00000258D7D63220>,0.6645786166191101,-0.1003350019454956,-0.314815878868103,165207,10,2,False,Right,Front,Centre,Left,76
<_io.BytesIO object at 0x00000258D7D63F40>,0.7064639925956726,-0.10177060961723328,-0.3211718201637268,165207,10,2,False,Right,Front,Centre,Left,76
<_io.BytesIO object at 0x00000258D7D632C0>,0.715898871421814,-0.12339778244495392,-0.3581599295139313,165207,10,2,False,Right,Front,Centre,Left,76
<_io.BytesIO object at 0x00000258D7D3A130>,0.7262335419654846,-0.17557473480701447,-0.3599987030029297,165207,10,2,False,Right,Front,Centre,Left,76
<_io.BytesIO object at 0x00000258D7D3ABD0>,0.6612598299980164,-0.20491868257522583,-0.2970012128353119,165207,10,2,False,Right,Front,Centre,Left,76
<_io.BytesIO object at 0x00000258DAB25EA0>,0.6645786166191101,-0.1003350019454956,-0.314815878868103,165208,10,2,False,Right,Front,Centre,Left,76
<_io.BytesIO object at 0x00000258DAB25860>,0.7064639925956726,-0.10177060961723328,-0.3211718201637268,165208,10,2,False,Right,Front,Centre,Left,76
<_io.BytesIO object at 0x00000258DAB25630>,0.715898871421814,-0.12339778244495392,-0.3581599295139313,165208,10,2,False,Right,Front,Centre,Left,76
<_io.BytesIO object at 0x00000258DAB25D10>,0.7262335419654846,-0.17557473480701447,-0.3599987030029297,165208,10,2,False,Right,Front,Centre,Left,76
<_io.BytesIO object at 0x00000258DAB25090>,0.6612598299980164,-0.20491868257522583,-0.2970012128353119,165208,10,2,False,Right,Front,Centre,Left,76
<_io.BytesIO object at 0x00000258D7D63220>,0.6645786166191101,-0.1003350019454956,-0.314815878868103,165209,10,2,False,Right,Front,Centre,Left,76
<_io.BytesIO object at 0x00000258D7D63770>,0.7064639925956726,-0.10177060961723328,-0.3211718201637268,165209,10,2,False,Right,Front,Centre,Left,76
<_io.BytesIO object at 0x00000258D7D63400>,0.715898871421814,-0.12339778244495392,-0.3581599295139313,165209,10,2,False,Right,Front,Centre,Left,76
<_io.BytesIO object at 0x00000258D7D33180>,0.7262335419654846,-0.17557473480701447,-0.3599987030029297,165209,10,2,False,Right,Front,Centre,Left,76
<_io.BytesIO object at 0x00000258D7D33590>,0.6612598299980164,-0.20491868257522583,-0.2970012128353119,165209,10,2,False,Right,Front,Centre,Left,76
<_io.BytesIO object at 0x00000258D7D54F40>,0.6645786166191101,-0.1003350019454956,-0.314815878868103,165210,10,2,False,Right,Front,Centre,Left,76
<_io.BytesIO object at 0x00000258DAB28950>,0.7064639925956726,-0.10177060961723328,-0.3211718201637268,165210,10,2,False,Right,Front,Centre,Left,76
<_io.BytesIO object at 0x00000258DAB280E0>,0.715898871421814,-0.12339778244495392,-0.3581599295139313,165210,10,2,False,Right,Front,Centre,Left,76
<_io.BytesIO object at 0x00000258DAB28A40>,0.7262335419654846,-0.17557473480701447,-0.3599987030029297,165210,10,2,False,Right,Front,Centre,Left,76
<_io.BytesIO object at 0x00000258DAB28E00>,0.6612598299980164,-0.20491868257522583,-0.2970012128353119,165210,10,2,False,Right,Front,Centre,Left,76
<_io.BytesIO object at 0x00000258DAB3D3B0>,0.6645786166191101,-0.1003350019454956,-0.314815878868103,165211,10,2,False,Right,Front,Centre,Left,76
<_io.BytesIO object at 0x00000258DAB3D0E0>,0.7064639925956726,-0.10177060961723328,-0.3211718201637268,165211,10,2,False,Right,Front,Centre,Left,76
<_io.BytesIO object at 0x00000258DAB37810>,0.715898871421814,-0.12339778244495392,-0.3581599295139313,165211,10,2,False,Right,Front,Centre,Left,76
<_io.BytesIO object at 0x00000258DAB376D0>,0.7262335419654846,-0.17557473480701447,-0.3599987030029297,165211,10,2,False,Right,Front,Centre,Left,76
<_io.BytesIO object at 0x00000258DAB37AE0>,0.6612598299980164,-0.20491868257522583,-0.2970012128353119,165211,10,2,False,Right,Front,Centre,Left,76
<_io.BytesIO object at 0x00000258D7D60B80>,0.6645786166191101,-0.1003350019454956,-0.314815878868103,165212,10,2,False,Right,Front,Centre,Left,76
<_io.BytesIO object at 0x00000258D7D60090>,0.7064639925956726,-0.10177060961723328,-0.3211718201637268,165212,10,2,False,Right,Front,Centre,Left,76
<_io.BytesIO object at 0x00000258D7D60270>,0.715898871421814,-0.12339778244495392,-0.3581599295139313,165212,10,2,False,Right,Front,Centre,Left,76
<_io.BytesIO object at 0x00000258D7D602C0>,0.7262335419654846,-0.17557473480701447,-0.3599987030029297,165212,10,2,False,Right,Front,Centre,Left,76
<_io.BytesIO object at 0x00000258D7D60A90>,0.6612598299980164,-0.20491868257522583,-0.2970012128353119,165212,10,2,False,Right,Front,Centre,Left,76
<_io.BytesIO object at 0x00000258DAB3DC70>,0.6645786166191101,-0.1003350019454956,-0.314815878868103,165213,10,2,False,Right,Front,Centre,Left,76
<_io.BytesIO object at 0x00000258DAB3D4F0>,0.7064639925956726,-0.10177060961723328,-0.3211718201637268,165213,10,2,False,Right,Front,Centre,Left,76
<_io.BytesIO object at 0x00000258DAB3DE00>,0.715898871421814,-0.12339778244495392,-0.3581599295139313,165213,10,2,False,Right,Front,Centre,Left,76
<_io.BytesIO object at 0x00000258D7D24220>,0.7262335419654846,-0.17557473480701447,-0.3599987030029297,165213,10,2,False,Right,Front,Centre,Left,76
<_io.BytesIO object at 0x00000258D7D249F0>,0.6612598299980164,-0.20491868257522583,-0.2970012128353119,165213,10,2,False,Right,Front,Centre,Left,76
<_io.BytesIO object at 0x00000258DAB28680>,0.6645786166191101,-0.1003350019454956,-0.314815878868103,165214,10,2,False,Right,Front,Centre,Left,76
<_io.BytesIO object at 0x00000258DAB28B30>,0.7064639925956726,-0.10177060961723328,-0.3211718201637268,165214,10,2,False,Right,Front,Centre,Left,76
<_io.BytesIO object at 0x00000258D7D54810>,0.715898871421814,-0.12339778244495392,-0.3581599295139313,165214,10,2,False,Right,Front,Centre,Left,76
<_io.BytesIO object at 0x00000258D7D540E0>,0.7262335419654846,-0.17557473480701447,-0.3599987030029297,165214,10,2,False,Right,Front,Centre,Left,76
<_io.BytesIO object at 0x00000258D7D54130>,0.6612598299980164,-0.20491868257522583,-0.2970012128353119,165214,10,2,False,Right,Front,Centre,Left,76
<_io.BytesIO object at 0x00000258D7D33C20>,0.6645786166191101,-0.1003350019454956,-0.314815878868103,165215,10,2,False,Right,Front,Centre,Left,76
<_io.BytesIO object at 0x00000258D7D63270>,0.7064639925956726,-0.10177060961723328,-0.3211718201637268,165215,10,2,False,Right,Front,Centre,Left,76
<_io.BytesIO object at 0x00000258D7D63450>,0.715898871421814,-0.12339778244495392,-0.3581599295139313,165215,10,2,False,Right,Front,Centre,Left,76
<_io.BytesIO object at 0x00000258D7D63CC0>,0.7262335419654846,-0.17557473480701447,-0.3599987030029297,165215,10,2,False,Right,Front,Centre,Left,76
<_io.BytesIO object at 0x00000258D7D63A90>,0.6612598299980164,-0.20491868257522583,-0.2970012128353119,165215,10,2,False,Right,Front,Centre,Left,76
<_io.BytesIO object at 0x00000258DAB25F40>,0.6645786166191101,-0.1003350019454956,-0.314815878868103,165216,10,2,False,Right,Front,Centre,Left,76
<_io.BytesIO object at 0x00000258DAB25D60>,0.7064639925956726,-0.10177060961723328,-0.3211718201637268,165216,10,2,False,Right,Front,Centre,Left,76
<_io.BytesIO object at 0x00000258DAB25720>,0.715898871421814,-0.12339778244495392,-0.3581599295139313,165216,10,2,False,Right,Front,Centre,Left,76
<_io.BytesIO object at 0x00000258D7D5C270>,0.7262335419654846,-0.17557473480701447,-0.3599987030029297,165216,10,2,False,Right,Front,Centre,Left,76
<_io.BytesIO object at 0x00000258D7D5C900>,0.6612598299980164,-0.20491868257522583,-0.2970012128353119,165216,10,2,False,Right,Front,Centre,Left,76
<_io.BytesIO object at 0x00000258D7D3A6D0>,0.6645786166191101,-0.1003350019454956,-0.314815878868103,165217,10,2,False,Right,Front,Centre,Left,76
<_io.BytesIO object at 0x00000258D7D63C70>,0.7064639925956726,-0.10177060961723328,-0.3211718201637268,165217,10,2,False,Right,Front,Centre,Left,76
<_io.BytesIO object at 0x00000258D7D63CC0>,0.715898871421814,-0.12339778244495392,-0.3581599295139313,165217,10,2,False,Right,Front,Centre,Left,76
<_io.BytesIO object at 0x00000258D7D63860>,0.7262335419654846,-0.17557473480701447,-0.3599987030029297,165217,10,2,False,Right,Front,Centre,Left,76
<_io.BytesIO object at 0x00000258D7D63040>,0.6612598299980164,-0.20491868257522583,-0.2970012128353119,165217,10,2,False,Right,Front,Centre,Left,76
<_io.BytesIO object at 0x00000258D7D54BD0>,0.6645786166191101,-0.1003350019454956,-0.314815878868103,165218,10,2,False,Right,Front,Centre,Left,76
<_io.BytesIO object at 0x00000258D7D54630>,0.7064639925956726,-0.10177060961723328,-0.3211718201637268,165218,10,2,False,Right,Front,Centre,Left,76
<_io.BytesIO object at 0x00000258D7D542C0>,0.715898871421814,-0.12339778244495392,-0.3581599295139313,165218,10,2,False,Right,Front,Centre,Left,76
<_io.BytesIO object at 0x00000258DAB28630>,0.7262335419654846,-0.17557473480701447,-0.3599987030029297,165218,10,2,False,Right,Front,Centre,Left,76
<_io.BytesIO object at 0x00000258DAB286D0>,0.6612598299980164,-0.20491868257522583,-0.2970012128353119,165218,10,2,False,Right,Front,Centre,Left,76
<_io.BytesIO object at 0x00000258DAC21C70>,0.6645786166191101,-0.1003350019454956,-0.314815878868103,165219,10,2,False,Right,Front,Centre,Left,76
<_io.BytesIO object at 0x00000258DAC214A0>,0.7064639925956726,-0.10177060961723328,-0.3211718201637268,165219,10,2,False,Right,Front,Centre,Left,76
<_io.BytesIO object at 0x00000258DAB3D630>,0.715898871421814,-0.12339778244495392,-0.3581599295139313,165219,10,2,False,Right,Front,Centre,Left,76
<_io.BytesIO object at 0x00000258DAB3DC20>,0.7262335419654846,-0.17557473480701447,-0.3599987030029297,165219,10,2,False,Right,Front,Centre,Left,76
<_io.BytesIO object at 0x00000258DAB3D6D0>,0.6612598299980164,-0.20491868257522583,-0.2970012128353119,165219,10,2,False,Right,Front,Centre,Left,76
<_io.BytesIO object at 0x00000258D28052C0>,0.6645786166191101,-0.1003350019454956,-0.314815878868103,165220,10,2,False,Right,Front,Centre,Left,76
<_io.BytesIO object at 0x00000258D7D604A0>,0.7064639925956726,-0.10177060961723328,-0.3211718201637268,165220,10,2,False,Right,Front,Centre,Left,76
<_io.BytesIO object at 0x00000258D7D60450>,0.715898871421814,-0.12339778244495392,-0.3581599295139313,165220,10,2,False,Right,Front,Centre,Left,76
<_io.BytesIO object at 0x00000258D7D60400>,0.7262335419654846,-0.17557473480701447,-0.3599987030029297,165220,10,2,False,Right,Front,Centre,Left,76
<_io.BytesIO object at 0x00000258D7D60540>,0.6612598299980164,-0.20491868257522583,-0.2970012128353119,165220,10,2,False,Right,Front,Centre,Left,76
<_io.BytesIO object at 0x00000258D28058B0>,0.6645786166191101,-0.1003350019454956,-0.314815878868103,165221,10,2,False,Right,Front,Centre,Left,76
<_io.BytesIO object at 0x00000258DAB37090>,0.7064639925956726,-0.10177060961723328,-0.3211718201637268,165221,10,2,False,Right,Front,Centre,Left,76
<_io.BytesIO object at 0x00000258DAB37AE0>,0.715898871421814,-0.12339778244495392,-0.3581599295139313,165221,10,2,False,Right,Front,Centre,Left,76
<_io.BytesIO object at 0x00000258DAB37270>,0.7262335419654846,-0.17557473480701447,-0.3599987030029297,165221,10,2,False,Right,Front,Centre,Left,76
<_io.BytesIO object at 0x00000258DAB37810>,0.6612598299980164,-0.20491868257522583,-0.2970012128353119,165221,10,2,False,Right,Front,Centre,Left,76
<_io.BytesIO object at 0x00000258DAB06EA0>,0.6645786166191101,-0.1003350019454956,-0.314815878868103,165222,10,2,False,Right,Front,Centre,Left,76
<_io.BytesIO object at 0x00000258DAB06770>,0.7064639925956726,-0.10177060961723328,-0.3211718201637268,165222,10,2,False,Right,Front,Centre,Left,76
<_io.BytesIO object at 0x00000258DAB284F0>,0.715898871421814,-0.12339778244495392,-0.3581599295139313,165222,10,2,False,Right,Front,Centre,Left,76
<_io.BytesIO object at 0x00000258DAB280E0>,0.7262335419654846,-0.17557473480701447,-0.3599987030029297,165222,10,2,False,Right,Front,Centre,Left,76
<_io.BytesIO object at 0x00000258DAB28270>,0.6612598299980164,-0.20491868257522583,-0.2970012128353119,165222,10,2,False,Right,Front,Centre,Left,76
<_io.BytesIO object at 0x00000258DAB1F9F0>,0.6645786166191101,-0.1003350019454956,-0.314815878868103,165223,10,2,False,Right,Front,Centre,Left,76
<_io.BytesIO object at 0x00000258D7D33810>,0.7064639925956726,-0.10177060961723328,-0.3211718201637268,165223,10,2,False,Right,Front,Centre,Left,76
<_io.BytesIO object at 0x00000258D7D33F90>,0.715898871421814,-0.12339778244495392,-0.3581599295139313,165223,10,2,False,Right,Front,Centre,Left,76
<_io.BytesIO object at 0x00000258D7D33F40>,0.7262335419654846,-0.17557473480701447,-0.3599987030029297,165223,10,2,False,Right,Front,Centre,Left,76
<_io.BytesIO object at 0x00000258D7D33590>,0.6612598299980164,-0.20491868257522583,-0.2970012128353119,165223,10,2,False,Right,Front,Centre,Left,76
<_io.BytesIO object at 0x00000258D7DC49F0>,0.6645786166191101,-0.1003350019454956,-0.314815878868103,165224,10,2,False,Right,Front,Centre,Left,76
<_io.BytesIO object at 0x00000258D7DC4F90>,0.7064639925956726,-0.10177060961723328,-0.3211718201637268,165224,10,2,False,Right,Front,Centre,Left,76
<_io.BytesIO object at 0x00000258D7DC4D10>,0.715898871421814,-0.12339778244495392,-0.3581599295139313,165224,10,2,False,Right,Front,Centre,Left,76
<_io.BytesIO object at 0x00000258DAB25A40>,0.7262335419654846,-0.17557473480701447,-0.3599987030029297,165224,10,2,False,Right,Front,Centre,Left,76
<_io.BytesIO object at 0x00000258DAB25EA0>,0.6612598299980164,-0.20491868257522583,-0.2970012128353119,165224,10,2,False,Right,Front,Centre,Left,76
<_io.BytesIO object at 0x00000258D7DC4130>,0.6645786166191101,-0.1003350019454956,-0.314815878868103,165225,10,2,False,Right,Front,Centre,Left,76
<_io.BytesIO object at 0x00000258D7DC4C70>,0.7064639925956726,-0.10177060961723328,-0.3211718201637268,165225,10,2,False,Right,Front,Centre,Left,76
<_io.BytesIO object at 0x00000258D7D3AB80>,0.715898871421814,-0.12339778244495392,-0.3581599295139313,165225,10,2,False,Right,Front,Centre,Left,76
<_io.BytesIO object at 0x00000258D7D3A540>,0.7262335419654846,-0.17557473480701447,-0.3599987030029297,165225,10,2,False,Right,Front,Centre,Left,76
<_io.BytesIO object at 0x00000258D7D3A9A0>,0.6612598299980164,-0.20491868257522583,-0.2970012128353119,165225,10,2,False,Right,Front,Centre,Left,76
<_io.BytesIO object at 0x00000258D7D33DB0>,0.6645786166191101,-0.1003350019454956,-0.314815878868103,165226,10,2,False,Right,Front,Centre,Left,76
<_io.BytesIO object at 0x00000258DAB1FE00>,0.7064639925956726,-0.10177060961723328,-0.3211718201637268,165226,10,2,False,Right,Front,Centre,Left,76
<_io.BytesIO object at 0x00000258DAB1F630>,0.715898871421814,-0.12339778244495392,-0.3581599295139313,165226,10,2,False,Right,Front,Centre,Left,76
<_io.BytesIO object at 0x00000258DAB1F4F0>,0.7262335419654846,-0.17557473480701447,-0.3599987030029297,165226,10,2,False,Right,Front,Centre,Left,76
<_io.BytesIO object at 0x00000258D7D54BD0>,0.6612598299980164,-0.20491868257522583,-0.2970012128353119,165226,10,2,False,Right,Front,Centre,Left,76
<_io.BytesIO object at 0x00000258DAB06680>,0.6645786166191101,-0.1003350019454956,-0.314815878868103,165227,10,2,False,Right,Front,Centre,Left,76
<_io.BytesIO object at 0x00000258DAB06D60>,0.7064639925956726,-0.10177060961723328,-0.3211718201637268,165227,10,2,False,Right,Front,Centre,Left,76
<_io.BytesIO object at 0x00000258DAC21CC0>,0.715898871421814,-0.12339778244495392,-0.3581599295139313,165227,10,2,False,Right,Front,Centre,Left,76
<_io.BytesIO object at 0x00000258DAC212C0>,0.7262335419654846,-0.17557473480701447,-0.3599987030029297,165227,10,2,False,Right,Front,Centre,Left,76
<_io.BytesIO object at 0x00000258DAC21E00>,0.6612598299980164,-0.20491868257522583,-0.2970012128353119,165227,10,2,False,Right,Front,Centre,Left,76
<_io.BytesIO object at 0x00000258DAB37540>,0.6645786166191101,-0.1003350019454956,-0.314815878868103,165228,10,2,False,Right,Front,Centre,Left,76
<_io.BytesIO object at 0x00000258DAB5DD60>,0.7064639925956726,-0.10177060961723328,-0.3211718201637268,165228,10,2,False,Right,Front,Centre,Left,76
<_io.BytesIO object at 0x00000258DAB5D540>,0.715898871421814,-0.12339778244495392,-0.3581599295139313,165228,10,2,False,Right,Front,Centre,Left,76
<_io.BytesIO object at 0x00000258DAB5DDB0>,0.7262335419654846,-0.17557473480701447,-0.3599987030029297,165228,10,2,False,Right,Front,Centre,Left,76
<_io.BytesIO object at 0x00000258D2805680>,0.6612598299980164,-0.20491868257522583,-0.2970012128353119,165228,10,2,False,Right,Front,Centre,Left,76
<_io.BytesIO object at 0x00000258D7D60180>,0.6645786166191101,-0.1003350019454956,-0.314815878868103,165229,10,2,False,Right,Front,Centre,Left,76
<_io.BytesIO object at 0x00000258D2805360>,0.7064639925956726,-0.10177060961723328,-0.3211718201637268,165229,10,2,False,Right,Front,Centre,Left,76
<_io.BytesIO object at 0x00000258DAB5DC20>,0.715898871421814,-0.12339778244495392,-0.3581599295139313,165229,10,2,False,Right,Front,Centre,Left,76
<_io.BytesIO object at 0x00000258DAB5DF90>,0.7262335419654846,-0.17557473480701447,-0.3599987030029297,165229,10,2,False,Right,Front,Centre,Left,76
<_io.BytesIO object at 0x00000258DAB5D7C0>,0.6612598299980164,-0.20491868257522583,-0.2970012128353119,165229,10,2,False,Right,Front,Centre,Left,76
<_io.BytesIO object at 0x00000258DAC21EF0>,0.6645786166191101,-0.1003350019454956,-0.314815878868103,165230,10,2,False,Right,Front,Centre,Left,76
<_io.BytesIO object at 0x00000258DAC21630>,0.7064639925956726,-0.10177060961723328,-0.3211718201637268,165230,10,2,False,Right,Front,Centre,Left,76
<_io.BytesIO object at 0x00000258DAC21CC0>,0.715898871421814,-0.12339778244495392,-0.3581599295139313,165230,10,2,False,Right,Front,Centre,Left,76
<_io.BytesIO object at 0x00000258DAB06720>,0.7262335419654846,-0.17557473480701447,-0.3599987030029297,165230,10,2,False,Right,Front,Centre,Left,76
<_io.BytesIO object at 0x00000258DAB06680>,0.6612598299980164,-0.20491868257522583,-0.2970012128353119,165230,10,2,False,Right,Front,Centre,Left,76
<_io.BytesIO object at 0x00000258D7D54E50>,0.6645786166191101,-0.1003350019454956,-0.314815878868103,165231,10,2,False,Right,Front,Centre,Left,76
<_io.BytesIO object at 0x00000258D7D54AE0>,0.7064639925956726,-0.10177060961723328,-0.3211718201637268,165231,10,2,False,Right,Front,Centre,Left,76
<_io.BytesIO object at 0x00000258DAB1FBD0>,0.715898871421814,-0.12339778244495392,-0.3581599295139313,165231,10,2,False,Right,Front,Centre,Left,76
<_io.BytesIO object at 0x00000258DAB1F770>,0.7262335419654846,-0.17557473480701447,-0.3599987030029297,165231,10,2,False,Right,Front,Centre,Left,76
<_io.BytesIO object at 0x00000258DAB1F090>,0.6612598299980164,-0.20491868257522583,-0.2970012128353119,165231,10,2,False,Right,Front,Centre,Left,76
<_io.BytesIO object at 0x00000258D7D63EA0>,0.6645786166191101,-0.1003350019454956,-0.314815878868103,165232,10,2,False,Right,Front,Centre,Left,76
<_io.BytesIO object at 0x00000258D7D63450>,0.7064639925956726,-0.10177060961723328,-0.3211718201637268,165232,10,2,False,Right,Front,Centre,Left,76
<_io.BytesIO object at 0x00000258D7D63360>,0.715898871421814,-0.12339778244495392,-0.3581599295139313,165232,10,2,False,Right,Front,Centre,Left,76
<_io.BytesIO object at 0x00000258D7DC4EF0>,0.7262335419654846,-0.17557473480701447,-0.3599987030029297,165232,10,2,False,Right,Front,Centre,Left,76
<_io.BytesIO object at 0x00000258D7DC4720>,0.6612598299980164,-0.20491868257522583,-0.2970012128353119,165232,10,2,False,Right,Front,Centre,Left,76
<_io.BytesIO object at 0x00000258D7DC40E0>,0.6645786166191101,-0.1003350019454956,-0.314815878868103,165233,10,2,False,Right,Front,Centre,Left,76
<_io.BytesIO object at 0x00000258D7D63EA0>,0.7064639925956726,-0.10177060961723328,-0.3211718201637268,165233,10,2,False,Right,Front,Centre,Left,76
<_io.BytesIO object at 0x00000258D7D63130>,0.715898871421814,-0.12339778244495392,-0.3581599295139313,165233,10,2,False,Right,Front,Centre,Left,76
<_io.BytesIO object at 0x00000258D7D63D60>,0.7262335419654846,-0.17557473480701447,-0.3599987030029297,165233,10,2,False,Right,Front,Centre,Left,76
<_io.BytesIO object at 0x00000258D7D63630>,0.6612598299980164,-0.20491868257522583,-0.2970012128353119,165233,10,2,False,Right,Front,Centre,Left,76
<_io.BytesIO object at 0x00000258DAB1F130>,0.6645786166191101,-0.1003350019454956,-0.314815878868103,165234,10,2,False,Right,Front,Centre,Left,76
<_io.BytesIO object at 0x00000258D7D54590>,0.7064639925956726,-0.10177060961723328,-0.3211718201637268,165234,10,2,False,Right,Front,Centre,Left,76
<_io.BytesIO object at 0x00000258D7D549A0>,0.715898871421814,-0.12339778244495392,-0.3581599295139313,165234,10,2,False,Right,Front,Centre,Left,76
<_io.BytesIO object at 0x00000258D7D54DB0>,0.7262335419654846,-0.17557473480701447,-0.3599987030029297,165234,10,2,False,Right,Front,Centre,Left,76
<_io.BytesIO object at 0x00000258D7D54C20>,0.6612598299980164,-0.20491868257522583,-0.2970012128353119,165234,10,2,False,Right,Front,Centre,Left,76
<_io.BytesIO object at 0x00000258DAB066D0>,0.6645786166191101,-0.1003350019454956,-0.314815878868103,165235,10,2,False,Right,Front,Centre,Left,76
<_io.BytesIO object at 0x00000258DAC21270>,0.7064639925956726,-0.10177060961723328,-0.3211718201637268,165235,10,2,False,Right,Front,Centre,Left,76
<_io.BytesIO object at 0x00000258DAC213B0>,0.715898871421814,-0.12339778244495392,-0.3581599295139313,165235,10,2,False,Right,Front,Centre,Left,76
<_io.BytesIO object at 0x00000258DAC21D60>,0.7262335419654846,-0.17557473480701447,-0.3599987030029297,165235,10,2,False,Right,Front,Centre,Left,76
<_io.BytesIO object at 0x00000258DAC21310>,0.6612598299980164,-0.20491868257522583,-0.2970012128353119,165235,10,2,False,Right,Front,Centre,Left,76
<_io.BytesIO object at 0x00000258DAB3DF40>,0.6645786166191101,-0.1003350019454956,-0.314815878868103,165236,10,2,False,Right,Front,Centre,Left,76
<_io.BytesIO object at 0x00000258DAB3D130>,0.7064639925956726,-0.10177060961723328,-0.3211718201637268,165236,10,2,False,Right,Front,Centre,Left,76
<_io.BytesIO object at 0x00000258DAB3DF90>,0.715898871421814,-0.12339778244495392,-0.3581599295139313,165236,10,2,False,Right,Front,Centre,Left,76
<_io.BytesIO object at 0x00000258D7D60A90>,0.7262335419654846,-0.17557473480701447,-0.3599987030029297,165236,10,2,False,Right,Front,Centre,Left,76
<_io.BytesIO object at 0x00000258D7D60E00>,0.6612598299980164,-0.20491868257522583,-0.2970012128353119,165236,10,2,False,Right,Front,Centre,Left,76
<_io.BytesIO object at 0x00000258D7D60C70>,0.6645786166191101,-0.1003350019454956,-0.314815878868103,165237,10,2,False,Right,Front,Centre,Left,76
<_io.BytesIO object at 0x00000258DAB3DF40>,0.7064639925956726,-0.10177060961723328,-0.3211718201637268,165237,10,2,False,Right,Front,Centre,Left,76
<_io.BytesIO object at 0x00000258DAB3DB30>,0.715898871421814,-0.12339778244495392,-0.3581599295139313,165237,10,2,False,Right,Front,Centre,Left,76
<_io.BytesIO object at 0x00000258DAB3DEA0>,0.7262335419654846,-0.17557473480701447,-0.3599987030029297,165237,10,2,False,Right,Front,Centre,Left,76
<_io.BytesIO object at 0x00000258D7D249F0>,0.6612598299980164,-0.20491868257522583,-0.2970012128353119,165237,10,2,False,Right,Front,Centre,Left,76
<_io.BytesIO object at 0x00000258DAB284F0>,0.6645786166191101,-0.1003350019454956,-0.314815878868103,165238,10,2,False,Right,Front,Centre,Left,76
<_io.BytesIO object at 0x00000258DAB28D60>,0.7064639925956726,-0.10177060961723328,-0.3211718201637268,165238,10,2,False,Right,Front,Centre,Left,76
<_io.BytesIO object at 0x00000258DAB282C0>,0.715898871421814,-0.12339778244495392,-0.3581599295139313,165238,10,2,False,Right,Front,Centre,Left,76
<_io.BytesIO object at 0x00000258D7D542C0>,0.7262335419654846,-0.17557473480701447,-0.3599987030029297,165238,10,2,False,Right,Front,Centre,Left,76
<_io.BytesIO object at 0x00000258D7D54F90>,0.6612598299980164,-0.20491868257522583,-0.2970012128353119,165238,10,2,False,Right,Front,Centre,Left,76
<_io.BytesIO object at 0x00000258D7D63720>,0.6645786166191101,-0.1003350019454956,-0.314815878868103,165239,10,2,False,Right,Front,Centre,Left,76
<_io.BytesIO object at 0x00000258D7D63270>,0.7064639925956726,-0.10177060961723328,-0.3211718201637268,165239,10,2,False,Right,Front,Centre,Left,76
<_io.BytesIO object at 0x00000258DAB37B30>,0.715898871421814,-0.12339778244495392,-0.3581599295139313,165239,10,2,False,Right,Front,Centre,Left,76
<_io.BytesIO object at 0x00000258DAB37680>,0.7262335419654846,-0.17557473480701447,-0.3599987030029297,165239,10,2,False,Right,Front,Centre,Left,76
<_io.BytesIO object at 0x00000258DAB375E0>,0.6612598299980164,-0.20491868257522583,-0.2970012128353119,165239,10,2,False,Right,Front,Centre,Left,76
<_io.BytesIO object at 0x00000258D7DC4BD0>,0.6645786166191101,-0.1003350019454956,-0.314815878868103,165240,10,2,False,Right,Front,Centre,Left,76
<_io.BytesIO object at 0x00000258D7DC49F0>,0.7064639925956726,-0.10177060961723328,-0.3211718201637268,165240,10,2,False,Right,Front,Centre,Left,76
<_io.BytesIO object at 0x00000258D28050E0>,0.715898871421814,-0.12339778244495392,-0.3581599295139313,165240,10,2,False,Right,Front,Centre,Left,76
<_io.BytesIO object at 0x00000258D2805130>,0.7262335419654846,-0.17557473480701447,-0.3599987030029297,165240,10,2,False,Right,Front,Centre,Left,76
<_io.BytesIO object at 0x00000258D28051D0>,0.6612598299980164,-0.20491868257522583,-0.2970012128353119,165240,10,2,False,Right,Front,Centre,Left,76
<_io.BytesIO object at 0x00000258D28050E0>,0.6645786166191101,-0.1003350019454956,-0.314815878868103,165241,10,2,False,Right,Front,Centre,Left,76
<_io.BytesIO object at 0x00000258D7DC4310>,0.7064639925956726,-0.10177060961723328,-0.3211718201637268,165241,10,2,False,Right,Front,Centre,Left,76
<_io.BytesIO object at 0x00000258D7DC4770>,0.715898871421814,-0.12339778244495392,-0.3581599295139313,165241,10,2,False,Right,Front,Centre,Left,76
<_io.BytesIO object at 0x00000258D7DC4180>,0.7262335419654846,-0.17557473480701447,-0.3599987030029297,165241,10,2,False,Right,Front,Centre,Left,76
<_io.BytesIO object at 0x00000258D7DC48B0>,0.6612598299980164,-0.20491868257522583,-0.2970012128353119,165241,10,2,False,Right,Front,Centre,Left,76
<_io.BytesIO object at 0x00000258D7D63EA0>,0.6645786166191101,-0.1003350019454956,-0.314815878868103,165242,10,2,False,Right,Front,Centre,Left,76
<_io.BytesIO object at 0x00000258D7D63090>,0.7064639925956726,-0.10177060961723328,-0.3211718201637268,165242,10,2,False,Right,Front,Centre,Left,76
<_io.BytesIO object at 0x00000258DAB1F180>,0.715898871421814,-0.12339778244495392,-0.3581599295139313,165242,10,2,False,Right,Front,Centre,Left,76
<_io.BytesIO object at 0x00000258DAB1FC20>,0.7262335419654846,-0.17557473480701447,-0.3599987030029297,165242,10,2,False,Right,Front,Centre,Left,76
<_io.BytesIO object at 0x00000258DAB1F5E0>,0.6612598299980164,-0.20491868257522583,-0.2970012128353119,165242,10,2,False,Right,Front,Centre,Left,76
<_io.BytesIO object at 0x00000258DAB28400>,0.6645786166191101,-0.1003350019454956,-0.314815878868103,165243,10,2,False,Right,Front,Centre,Left,76
<_io.BytesIO object at 0x00000258DAB06540>,0.7064639925956726,-0.10177060961723328,-0.3211718201637268,165243,10,2,False,Right,Front,Centre,Left,76
<_io.BytesIO object at 0x00000258DAB06400>,0.715898871421814,-0.12339778244495392,-0.3581599295139313,165243,10,2,False,Right,Front,Centre,Left,76
<_io.BytesIO object at 0x00000258DAB06450>,0.7262335419654846,-0.17557473480701447,-0.3599987030029297,165243,10,2,False,Right,Front,Centre,Left,76
<_io.BytesIO object at 0x00000258DAB060E0>,0.6612598299980164,-0.20491868257522583,-0.2970012128353119,165243,10,2,False,Right,Front,Centre,Left,76
<_io.BytesIO object at 0x00000258DAB371D0>,0.6645786166191101,-0.1003350019454956,-0.314815878868103,165244,10,2,False,Right,Front,Centre,Left,76
<_io.BytesIO object at 0x00000258DAB37AE0>,0.7064639925956726,-0.10177060961723328,-0.3211718201637268,165244,10,2,False,Right,Front,Centre,Left,76
<_io.BytesIO object at 0x00000258DAB37F40>,0.715898871421814,-0.12339778244495392,-0.3581599295139313,165244,10,2,False,Right,Front,Centre,Left,76
<_io.BytesIO object at 0x00000258DAB37CC0>,0.7262335419654846,-0.17557473480701447,-0.3599987030029297,165244,10,2,False,Right,Front,Centre,Left,76
<_io.BytesIO object at 0x00000258D7D60450>,0.6612598299980164,-0.20491868257522583,-0.2970012128353119,165244,10,2,False,Right,Front,Centre,Left,76
<_io.BytesIO object at 0x00000258D7D60360>,0.6645786166191101,-0.1003350019454956,-0.314815878868103,165245,10,2,False,Right,Front,Centre,Left,76
<_io.BytesIO object at 0x00000258DAB37720>,0.7064639925956726,-0.10177060961723328,-0.3211718201637268,165245,10,2,False,Right,Front,Centre,Left,76
<_io.BytesIO object at 0x00000258DAB37EA0>,0.715898871421814,-0.12339778244495392,-0.3581599295139313,165245,10,2,False,Right,Front,Centre,Left,76
<_io.BytesIO object at 0x00000258DAB37BD0>,0.7262335419654846,-0.17557473480701447,-0.3599987030029297,165245,10,2,False,Right,Front,Centre,Left,76
<_io.BytesIO object at 0x00000258DAB370E0>,0.6612598299980164,-0.20491868257522583,-0.2970012128353119,165245,10,2,False,Right,Front,Centre,Left,76
<_io.BytesIO object at 0x00000258DAB066D0>,0.6645786166191101,-0.1003350019454956,-0.314815878868103,165246,10,2,False,Right,Front,Centre,Left,76
<_io.BytesIO object at 0x00000258DAB06DB0>,0.7064639925956726,-0.10177060961723328,-0.3211718201637268,165246,10,2,False,Right,Front,Centre,Left,76
<_io.BytesIO object at 0x00000258DAB06310>,0.715898871421814,-0.12339778244495392,-0.3581599295139313,165246,10,2,False,Right,Front,Centre,Left,76
<_io.BytesIO object at 0x00000258DAB28630>,0.7262335419654846,-0.17557473480701447,-0.3599987030029297,165246,10,2,False,Right,Front,Centre,Left,76
<_io.BytesIO object at 0x00000258DAB289F0>,0.6612598299980164,-0.20491868257522583,-0.2970012128353119,165246,10,2,False,Right,Front,Centre,Left,76
<_io.BytesIO object at 0x00000258DAB1FA90>,0.6645786166191101,-0.1003350019454956,-0.314815878868103,165247,10,2,False,Right,Front,Centre,Left,76
<_io.BytesIO object at 0x00000258D7D63AE0>,0.7064639925956726,-0.10177060961723328,-0.3211718201637268,165247,10,2,False,Right,Front,Centre,Left,76
<_io.BytesIO object at 0x00000258D7D635E0>,0.715898871421814,-0.12339778244495392,-0.3581599295139313,165247,10,2,False,Right,Front,Centre,Left,76
<_io.BytesIO object at 0x00000258D7D638B0>,0.7262335419654846,-0.17557473480701447,-0.3599987030029297,165247,10,2,False,Right,Front,Centre,Left,76
<_io.BytesIO object at 0x00000258D7D63CC0>,0.6612598299980164,-0.20491868257522583,-0.2970012128353119,165247,10,2,False,Right,Front,Centre,Left,76
<_io.BytesIO object at 0x00000258D2805720>,0.6645786166191101,-0.1003350019454956,-0.314815878868103,165248,10,2,False,Right,Front,Centre,Left,76
<_io.BytesIO object at 0x00000258D7D3A630>,0.7064639925956726,-0.10177060961723328,-0.3211718201637268,165248,10,2,False,Right,Front,Centre,Left,76
<_io.BytesIO object at 0x00000258D7D3A720>,0.715898871421814,-0.12339778244495392,-0.3581599295139313,165248,10,2,False,Right,Front,Centre,Left,76
<_io.BytesIO object at 0x00000258D7D3A220>,0.7262335419654846,-0.17557473480701447,-0.3599987030029297,165248,10,2,False,Right,Front,Centre,Left,76
<_io.BytesIO object at 0x00000258D7D3AC70>,0.6612598299980164,-0.20491868257522583,-0.2970012128353119,165248,10,2,False,Right,Front,Centre,Left,76
<_io.BytesIO object at 0x00000258D7D3ACC0>,0.6645786166191101,-0.1003350019454956,-0.314815878868103,165249,10,2,False,Right,Front,Centre,Left,76
<_io.BytesIO object at 0x00000258D7D3AE00>,0.7064639925956726,-0.10177060961723328,-0.3211718201637268,165249,10,2,False,Right,Front,Centre,Left,76
<_io.BytesIO object at 0x00000258D7D3A270>,0.715898871421814,-0.12339778244495392,-0.3581599295139313,165249,10,2,False,Right,Front,Centre,Left,76
<_io.BytesIO object at 0x00000258D2805720>,0.7262335419654846,-0.17557473480701447,-0.3599987030029297,165249,10,2,False,Right,Front,Centre,Left,76
<_io.BytesIO object at 0x00000258D28054F0>,0.6612598299980164,-0.20491868257522583,-0.2970012128353119,165249,10,2,False,Right,Front,Centre,Left,76
<_io.BytesIO object at 0x00000258D7D63860>,0.6645786166191101,-0.1003350019454956,-0.314815878868103,165250,10,2,False,Right,Front,Centre,Left,76
<_io.BytesIO object at 0x00000258D7D63AE0>,0.7064639925956726,-0.10177060961723328,-0.3211718201637268,165250,10,2,False,Right,Front,Centre,Left,76
<_io.BytesIO object at 0x00000258DAB1F7C0>,0.715898871421814,-0.12339778244495392,-0.3581599295139313,165250,10,2,False,Right,Front,Centre,Left,76
<_io.BytesIO object at 0x00000258DAB1F1D0>,0.7262335419654846,-0.17557473480701447,-0.3599987030029297,165250,10,2,False,Right,Front,Centre,Left,76
<_io.BytesIO object at 0x00000258DAB1F9F0>,0.6612598299980164,-0.20491868257522583,-0.2970012128353119,165250,10,2,False,Right,Front,Centre,Left,76
<_io.BytesIO object at 0x00000258DAB28AE0>,0.6645786166191101,-0.1003350019454956,-0.314815878868103,165251,10,2,False,Right,Front,Centre,Left,76
<_io.BytesIO object at 0x00000258DAB063B0>,0.7064639925956726,-0.10177060961723328,-0.3211718201637268,165251,10,2,False,Right,Front,Centre,Left,76
<_io.BytesIO object at 0x00000258DAB06E00>,0.715898871421814,-0.12339778244495392,-0.3581599295139313,165251,10,2,False,Right,Front,Centre,Left,76
<_io.BytesIO object at 0x00000258DAB06450>,0.7262335419654846,-0.17557473480701447,-0.3599987030029297,165251,10,2,False,Right,Front,Centre,Left,76
<_io.BytesIO object at 0x00000258DAB06950>,0.6612598299980164,-0.20491868257522583,-0.2970012128353119,165251,10,2,False,Right,Front,Centre,Left,76
<_io.BytesIO object at 0x00000258DAC21EA0>,0.6645786166191101,-0.1003350019454956,-0.314815878868103,165252,10,2,False,Right,Front,Centre,Left,76
<_io.BytesIO object at 0x00000258DAC21B80>,0.7064639925956726,-0.10177060961723328,-0.3211718201637268,165252,10,2,False,Right,Front,Centre,Left,76
<_io.BytesIO object at 0x00000258DAC21180>,0.715898871421814,-0.12339778244495392,-0.3581599295139313,165252,10,2,False,Right,Front,Centre,Left,76
<_io.BytesIO object at 0x00000258DAC21630>,0.7262335419654846,-0.17557473480701447,-0.3599987030029297,165252,10,2,False,Right,Front,Centre,Left,76
<_io.BytesIO object at 0x00000258D7D60630>,0.6612598299980164,-0.20491868257522583,-0.2970012128353119,165252,10,2,False,Right,Front,Centre,Left,76
<_io.BytesIO object at 0x00000258D7D60810>,0.6645786166191101,-0.1003350019454956,-0.314815878868103,165253,10,2,False,Right,Front,Centre,Left,76
<_io.BytesIO object at 0x00000258DAC21B30>,0.7064639925956726,-0.10177060961723328,-0.3211718201637268,165253,10,2,False,Right,Front,Centre,Left,76
<_io.BytesIO object at 0x00000258DAC21BD0>,0.715898871421814,-0.12339778244495392,-0.3581599295139313,165253,10,2,False,Right,Front,Centre,Left,76
<_io.BytesIO object at 0x00000258DAC21F40>,0.7262335419654846,-0.17557473480701447,-0.3599987030029297,165253,10,2,False,Right,Front,Centre,Left,76
<_io.BytesIO object at 0x00000258DAC21DB0>,0.6612598299980164,-0.20491868257522583,-0.2970012128353119,165253,10,2,False,Right,Front,Centre,Left,76
<_io.BytesIO object at 0x00000258DAB06D60>,0.6645786166191101,-0.1003350019454956,-0.314815878868103,165254,10,2,False,Right,Front,Centre,Left,76
<_io.BytesIO object at 0x00000258DAB06EA0>,0.7064639925956726,-0.10177060961723328,-0.3211718201637268,165254,10,2,False,Right,Front,Centre,Left,76
<_io.BytesIO object at 0x00000258DAB06360>,0.715898871421814,-0.12339778244495392,-0.3581599295139313,165254,10,2,False,Right,Front,Centre,Left,76
<_io.BytesIO object at 0x00000258DAB289F0>,0.7262335419654846,-0.17557473480701447,-0.3599987030029297,165254,10,2,False,Right,Front,Centre,Left,76
<_io.BytesIO object at 0x00000258DAB28810>,0.6612598299980164,-0.20491868257522583,-0.2970012128353119,165254,10,2,False,Right,Front,Centre,Left,76
<_io.BytesIO object at 0x00000258DAB1FC20>,0.6645786166191101,-0.1003350019454956,-0.314815878868103,165255,10,2,False,Right,Front,Centre,Left,76
<_io.BytesIO object at 0x00000258D7D63180>,0.7064639925956726,-0.10177060961723328,-0.3211718201637268,165255,10,2,False,Right,Front,Centre,Left,76
<_io.BytesIO object at 0x00000258D7D634F0>,0.715898871421814,-0.12339778244495392,-0.3581599295139313,165255,10,2,False,Right,Front,Centre,Left,76
<_io.BytesIO object at 0x00000258D7D63130>,0.7262335419654846,-0.17557473480701447,-0.3599987030029297,165255,10,2,False,Right,Front,Centre,Left,76
<_io.BytesIO object at 0x00000258D7D63CC0>,0.6612598299980164,-0.20491868257522583,-0.2970012128353119,165255,10,2,False,Right,Front,Centre,Left,76
<_io.BytesIO object at 0x00000258D7D3A720>,0.6645786166191101,-0.1003350019454956,-0.314815878868103,165256,10,2,False,Right,Front,Centre,Left,76
<_io.BytesIO object at 0x00000258D7D3ABD0>,0.7064639925956726,-0.10177060961723328,-0.3211718201637268,165256,10,2,False,Right,Front,Centre,Left,76
<_io.BytesIO object at 0x00000258DAB5DB30>,0.715898871421814,-0.12339778244495392,-0.3581599295139313,165256,10,2,False,Right,Front,Centre,Left,76
<_io.BytesIO object at 0x00000258DAB5D6D0>,0.7262335419654846,-0.17557473480701447,-0.3599987030029297,165256,10,2,False,Right,Front,Centre,Left,76
<_io.BytesIO object at 0x00000258DAB5DBD0>,0.6612598299980164,-0.20491868257522583,-0.2970012128353119,165256,10,2,False,Right,Front,Centre,Left,76
<_io.BytesIO object at 0x00000258DAB5D950>,0.6645786166191101,-0.1003350019454956,-0.314815878868103,165257,10,2,False,Right,Front,Centre,Left,76
<_io.BytesIO object at 0x00000258DAB5D9F0>,0.7064639925956726,-0.10177060961723328,-0.3211718201637268,165257,10,2,False,Right,Front,Centre,Left,76
<_io.BytesIO object at 0x00000258D7D3A9F0>,0.715898871421814,-0.12339778244495392,-0.3581599295139313,165257,10,2,False,Right,Front,Centre,Left,76
<_io.BytesIO object at 0x00000258D7D3A810>,0.7262335419654846,-0.17557473480701447,-0.3599987030029297,165257,10,2,False,Right,Front,Centre,Left,76
<_io.BytesIO object at 0x00000258D7D3A590>,0.6612598299980164,-0.20491868257522583,-0.2970012128353119,165257,10,2,False,Right,Front,Centre,Left,76
<_io.BytesIO object at 0x00000258D7D63810>,0.6645786166191101,-0.1003350019454956,-0.314815878868103,165258,10,2,False,Right,Front,Centre,Left,76
<_io.BytesIO object at 0x00000258D7D63180>,0.7064639925956726,-0.10177060961723328,-0.3211718201637268,165258,10,2,False,Right,Front,Centre,Left,76
<_io.BytesIO object at 0x00000258DAB1F180>,0.715898871421814,-0.12339778244495392,-0.3581599295139313,165258,10,2,False,Right,Front,Centre,Left,76
<_io.BytesIO object at 0x00000258DAB1F0E0>,0.7262335419654846,-0.17557473480701447,-0.3599987030029297,165258,10,2,False,Right,Front,Centre,Left,76
<_io.BytesIO object at 0x00000258DAB1F5E0>,0.6612598299980164,-0.20491868257522583,-0.2970012128353119,165258,10,2,False,Right,Front,Centre,Left,76
<_io.BytesIO object at 0x00000258DAB28400>,0.6645786166191101,-0.1003350019454956,-0.314815878868103,165259,10,2,False,Right,Front,Centre,Left,76
<_io.BytesIO object at 0x00000258DAB069F0>,0.7064639925956726,-0.10177060961723328,-0.3211718201637268,165259,10,2,False,Right,Front,Centre,Left,76
<_io.BytesIO object at 0x00000258DAB06180>,0.715898871421814,-0.12339778244495392,-0.3581599295139313,165259,10,2,False,Right,Front,Centre,Left,76
<_io.BytesIO object at 0x00000258DAB06D10>,0.7262335419654846,-0.17557473480701447,-0.3599987030029297,165259,10,2,False,Right,Front,Centre,Left,76
<_io.BytesIO object at 0x00000258DAB06630>,0.6612598299980164,-0.20491868257522583,-0.2970012128353119,165259,10,2,False,Right,Front,Centre,Left,76
<_io.BytesIO object at 0x00000258DAC21B30>,0.6645786166191101,-0.1003350019454956,-0.314815878868103,165260,10,2,False,Right,Front,Centre,Left,76
<_io.BytesIO object at 0x00000258DAB3DD60>,0.7064639925956726,-0.10177060961723328,-0.3211718201637268,165260,10,2,False,Right,Front,Centre,Left,76
<_io.BytesIO object at 0x00000258DAB3D540>,0.715898871421814,-0.12339778244495392,-0.3581599295139313,165260,10,2,False,Right,Front,Centre,Left,76
<_io.BytesIO object at 0x00000258DAB3D630>,0.7262335419654846,-0.17557473480701447,-0.3599987030029297,165260,10,2,False,Right,Front,Centre,Left,76
<_io.BytesIO object at 0x00000258D7D606D0>,0.6612598299980164,-0.20491868257522583,-0.2970012128353119,165260,10,2,False,Right,Front,Centre,Left,76
<_io.BytesIO object at 0x00000258D7D60680>,0.6645786166191101,-0.1003350019454956,-0.314815878868103,165261,10,2,False,Right,Front,Centre,Left,76
<_io.BytesIO object at 0x00000258DAB3D090>,0.7064639925956726,-0.10177060961723328,-0.3211718201637268,165261,10,2,False,Right,Front,Centre,Left,76
<_io.BytesIO object at 0x00000258DAB3D900>,0.715898871421814,-0.12339778244495392,-0.3581599295139313,165261,10,2,False,Right,Front,Centre,Left,76
<_io.BytesIO object at 0x00000258DAB3D9A0>,0.7262335419654846,-0.17557473480701447,-0.3599987030029297,165261,10,2,False,Right,Front,Centre,Left,76
<_io.BytesIO object at 0x00000258DAC217C0>,0.6612598299980164,-0.20491868257522583,-0.2970012128353119,165261,10,2,False,Right,Front,Centre,Left,76
<_io.BytesIO object at 0x00000258DAB06AE0>,0.6645786166191101,-0.1003350019454956,-0.314815878868103,165262,10,2,False,Right,Front,Centre,Left,76
<_io.BytesIO object at 0x00000258DAB06040>,0.7064639925956726,-0.10177060961723328,-0.3211718201637268,165262,10,2,False,Right,Front,Centre,Left,76
<_io.BytesIO object at 0x00000258DAB06220>,0.715898871421814,-0.12339778244495392,-0.3581599295139313,165262,10,2,False,Right,Front,Centre,Left,76
<_io.BytesIO object at 0x00000258DAB28810>,0.7262335419654846,-0.17557473480701447,-0.3599987030029297,165262,10,2,False,Right,Front,Centre,Left,76
<_io.BytesIO object at 0x00000258DAB28310>,0.6612598299980164,-0.20491868257522583,-0.2970012128353119,165262,10,2,False,Right,Front,Centre,Left,76
<_io.BytesIO object at 0x00000258DAB1F1D0>,0.6645786166191101,-0.1003350019454956,-0.314815878868103,165263,10,2,False,Right,Front,Centre,Left,76
<_io.BytesIO object at 0x00000258D7D63040>,0.7064639925956726,-0.10177060961723328,-0.3211718201637268,165263,10,2,False,Right,Front,Centre,Left,76
<_io.BytesIO object at 0x00000258D7D63450>,0.715898871421814,-0.12339778244495392,-0.3581599295139313,165263,10,2,False,Right,Front,Centre,Left,76
<_io.BytesIO object at 0x00000258D7D635E0>,0.7262335419654846,-0.17557473480701447,-0.3599987030029297,165263,10,2,False,Right,Front,Centre,Left,76
<_io.BytesIO object at 0x00000258D7D63CC0>,0.6612598299980164,-0.20491868257522583,-0.2970012128353119,165263,10,2,False,Right,Front,Centre,Left,76
<_io.BytesIO object at 0x00000258DAB5DA40>,0.6645786166191101,-0.1003350019454956,-0.314815878868103,165264,10,2,False,Right,Front,Centre,Left,76
<_io.BytesIO object at 0x00000258D7DC47C0>,0.7064639925956726,-0.10177060961723328,-0.3211718201637268,165264,10,2,False,Right,Front,Centre,Left,76
<_io.BytesIO object at 0x00000258D7DC41D0>,0.715898871421814,-0.12339778244495392,-0.3581599295139313,165264,10,2,False,Right,Front,Centre,Left,76
<_io.BytesIO object at 0x00000258D7DC4BD0>,0.7262335419654846,-0.17557473480701447,-0.3599987030029297,165264,10,2,False,Right,Front,Centre,Left,76
<_io.BytesIO object at 0x00000258D7DC4C20>,0.6612598299980164,-0.20491868257522583,-0.2970012128353119,165264,10,2,False,Right,Front,Centre,Left,76
<_io.BytesIO object at 0x00000258D7DC4630>,0.6645786166191101,-0.1003350019454956,-0.314815878868103,165265,10,2,False,Right,Front,Centre,Left,76
<_io.BytesIO object at 0x00000258D7DC4E00>,0.7064639925956726,-0.10177060961723328,-0.3211718201637268,165265,10,2,False,Right,Front,Centre,Left,76
<_io.BytesIO object at 0x00000258D7DC4B30>,0.715898871421814,-0.12339778244495392,-0.3581599295139313,165265,10,2,False,Right,Front,Centre,Left,76
<_io.BytesIO object at 0x00000258D7DC44A0>,0.7262335419654846,-0.17557473480701447,-0.3599987030029297,165265,10,2,False,Right,Front,Centre,Left,76
<_io.BytesIO object at 0x00000258DAB5DF40>,0.6612598299980164,-0.20491868257522583,-0.2970012128353119,165265,10,2,False,Right,Front,Centre,Left,76
<_io.BytesIO object at 0x00000258D7D639A0>,0.6645786166191101,-0.1003350019454956,-0.314815878868103,165266,10,2,False,Right,Front,Centre,Left,76
<_io.BytesIO object at 0x00000258D7D630E0>,0.7064639925956726,-0.10177060961723328,-0.3211718201637268,165266,10,2,False,Right,Front,Centre,Left,76
<_io.BytesIO object at 0x00000258DAB1F310>,0.715898871421814,-0.12339778244495392,-0.3581599295139313,165266,10,2,False,Right,Front,Centre,Left,76
<_io.BytesIO object at 0x00000258DAB1F400>,0.7262335419654846,-0.17557473480701447,-0.3599987030029297,165266,10,2,False,Right,Front,Centre,Left,76
<_io.BytesIO object at 0x00000258DAB1FF90>,0.6612598299980164,-0.20491868257522583,-0.2970012128353119,165266,10,2,False,Right,Front,Centre,Left,76
<_io.BytesIO object at 0x00000258DAB285E0>,0.6645786166191101,-0.1003350019454956,-0.314815878868103,165267,10,2,False,Right,Front,Centre,Left,76
<_io.BytesIO object at 0x00000258DAB06770>,0.7064639925956726,-0.10177060961723328,-0.3211718201637268,165267,10,2,False,Right,Front,Centre,Left,76
<_io.BytesIO object at 0x00000258DAB069F0>,0.715898871421814,-0.12339778244495392,-0.3581599295139313,165267,10,2,False,Right,Front,Centre,Left,76
<_io.BytesIO object at 0x00000258DAB068B0>,0.7262335419654846,-0.17557473480701447,-0.3599987030029297,165267,10,2,False,Right,Front,Centre,Left,76
<_io.BytesIO object at 0x00000258DAB06680>,0.6612598299980164,-0.20491868257522583,-0.2970012128353119,165267,10,2,False,Right,Front,Centre,Left,76
<_io.BytesIO object at 0x00000258DAB37E00>,0.6645786166191101,-0.1003350019454956,-0.314815878868103,165268,10,2,False,Right,Front,Centre,Left,76
<_io.BytesIO object at 0x00000258DAB37810>,0.7064639925956726,-0.10177060961723328,-0.3211718201637268,165268,10,2,False,Right,Front,Centre,Left,76
<_io.BytesIO object at 0x00000258DAB37900>,0.715898871421814,-0.12339778244495392,-0.3581599295139313,165268,10,2,False,Right,Front,Centre,Left,76
<_io.BytesIO object at 0x00000258DAB37BD0>,0.7262335419654846,-0.17557473480701447,-0.3599987030029297,165268,10,2,False,Right,Front,Centre,Left,76
<_io.BytesIO object at 0x00000258D7D60E00>,0.6612598299980164,-0.20491868257522583,-0.2970012128353119,165268,10,2,False,Right,Front,Centre,Left,76
<_io.BytesIO object at 0x00000258D7D60770>,0.6645786166191101,-0.1003350019454956,-0.314815878868103,165269,10,2,False,Right,Front,Centre,Left,76
<_io.BytesIO object at 0x00000258DAB37D60>,0.7064639925956726,-0.10177060961723328,-0.3211718201637268,165269,10,2,False,Right,Front,Centre,Left,76
<_io.BytesIO object at 0x00000258DAB37450>,0.715898871421814,-0.12339778244495392,-0.3581599295139313,165269,10,2,False,Right,Front,Centre,Left,76
<_io.BytesIO object at 0x00000258DAB37310>,0.7262335419654846,-0.17557473480701447,-0.3599987030029297,165269,10,2,False,Right,Front,Centre,Left,76
<_io.BytesIO object at 0x00000258DAB37220>,0.6612598299980164,-0.20491868257522583,-0.2970012128353119,165269,10,2,False,Right,Front,Centre,Left,76
<_io.BytesIO object at 0x00000258DAB28180>,0.6645786166191101,-0.1003350019454956,-0.314815878868103,165270,10,2,False,Right,Front,Centre,Left,76
<_io.BytesIO object at 0x00000258DAB28F90>,0.7064639925956726,-0.10177060961723328,-0.3211718201637268,165270,10,2,False,Right,Front,Centre,Left,76
<_io.BytesIO object at 0x00000258DAB28040>,0.715898871421814,-0.12339778244495392,-0.3581599295139313,165270,10,2,False,Right,Front,Centre,Left,76
<_io.BytesIO object at 0x00000258DAB28720>,0.7262335419654846,-0.17557473480701447,-0.3599987030029297,165270,10,2,False,Right,Front,Centre,Left,76
<_io.BytesIO object at 0x00000258D7D54450>,0.6612598299980164,-0.20491868257522583,-0.2970012128353119,165270,10,2,False,Right,Front,Centre,Left,76
<_io.BytesIO object at 0x00000258D7D63D10>,0.6645786166191101,-0.1003350019454956,-0.314815878868103,165271,10,2,False,Right,Front,Centre,Left,76
<_io.BytesIO object at 0x00000258D7D639F0>,0.7064639925956726,-0.10177060961723328,-0.3211718201637268,165271,10,2,False,Right,Front,Centre,Left,76
<_io.BytesIO object at 0x00000258D2805770>,0.715898871421814,-0.12339778244495392,-0.3581599295139313,165271,10,2,False,Right,Front,Centre,Left,76
<_io.BytesIO object at 0x00000258D2805360>,0.7262335419654846,-0.17557473480701447,-0.3599987030029297,165271,10,2,False,Right,Front,Centre,Left,76
<_io.BytesIO object at 0x00000258D2805220>,0.6612598299980164,-0.20491868257522583,-0.2970012128353119,165271,10,2,False,Right,Front,Centre,Left,76
<_io.BytesIO object at 0x00000258D7DC4860>,0.6645786166191101,-0.1003350019454956,-0.314815878868103,165272,10,2,False,Right,Front,Centre,Left,76
<_io.BytesIO object at 0x00000258DAB3D8B0>,0.7064639925956726,-0.10177060961723328,-0.3211718201637268,165272,10,2,False,Right,Front,Centre,Left,76
<_io.BytesIO object at 0x00000258DAB3DB80>,0.715898871421814,-0.12339778244495392,-0.3581599295139313,165272,10,2,False,Right,Front,Centre,Left,76
<_io.BytesIO object at 0x00000258DAB3DB30>,0.7262335419654846,-0.17557473480701447,-0.3599987030029297,165272,10,2,False,Right,Front,Centre,Left,76
<_io.BytesIO object at 0x00000258DAB3DDB0>,0.6612598299980164,-0.20491868257522583,-0.2970012128353119,165272,10,2,False,Right,Front,Centre,Left,76
