_io,pos_x,pos_y,pos_z,frame,trial_num,block_num,practicing,left_right_hand,palm_back_hand,target_loc,distractor_loc,participant_id
<_io.BytesIO object at 0x000002A112E0E180>,0.7936878800392151,0.05204007402062416,-0.02740219607949257,120327,48,2,False,Right,Front,Right,Left,67
_io,pos_x,pos_y,pos_z,frame,trial_num,block_num,practicing,left_right_hand,palm_back_hand,target_loc,distractor_loc,participant_id
<_io.BytesIO object at 0x000002A112E828B0>,0.8296951651573181,0.05847587808966637,-0.03391818702220917,120327,48,2,False,Right,Front,Right,Left,67
_io,pos_x,pos_y,pos_z,frame,trial_num,block_num,practicing,left_right_hand,palm_back_hand,target_loc,distractor_loc,participant_id
<_io.BytesIO object at 0x000002A112E821D0>,0.8814328908920288,-0.02254180982708931,-0.024521050974726677,120327,48,2,False,Right,Front,Right,Left,67
_io,pos_x,pos_y,pos_z,frame,trial_num,block_num,practicing,left_right_hand,palm_back_hand,target_loc,distractor_loc,participant_id
<_io.BytesIO object at 0x000002A112E82EF0>,0.8551535606384277,0.03576967120170593,-0.052810247987508774,120327,48,2,False,Right,Front,Right,Left,67
_io,pos_x,pos_y,pos_z,frame,trial_num,block_num,practicing,left_right_hand,palm_back_hand,target_loc,distractor_loc,participant_id
<_io.BytesIO object at 0x000002A112E82C70>,0.8136342167854309,-0.029319733381271362,0.04591089114546776,120327,48,2,False,Right,Front,Right,Left,67
<_io.BytesIO object at 0x000002A112E824F0>,0.7936878800392151,0.05204007402062416,-0.02740219607949257,120328,48,2,False,Right,Front,Right,Left,67
<_io.BytesIO object at 0x000002A112E0EAE0>,0.8296951651573181,0.05847587808966637,-0.03391818702220917,120328,48,2,False,Right,Front,Right,Left,67
<_io.BytesIO object at 0x000002A112E0EEF0>,0.8814328908920288,-0.02254180982708931,-0.024521050974726677,120328,48,2,False,Right,Front,Right,Left,67
<_io.BytesIO object at 0x000002A112E0E8B0>,0.8551535606384277,0.03576967120170593,-0.052810247987508774,120328,48,2,False,Right,Front,Right,Left,67
<_io.BytesIO object at 0x000002A112E0ED10>,0.8136342167854309,-0.029319733381271362,0.04591089114546776,120328,48,2,False,Right,Front,Right,Left,67
<_io.BytesIO object at 0x000002A112E219A0>,0.7936878800392151,0.05204007402062416,-0.02740219607949257,120329,48,2,False,Right,Front,Right,Left,67
<_io.BytesIO object at 0x000002A112E0E040>,0.8296951651573181,0.05847587808966637,-0.03391818702220917,120329,48,2,False,Right,Front,Right,Left,67
<_io.BytesIO object at 0x000002A112E0E4F0>,0.8814328908920288,-0.02254180982708931,-0.024521050974726677,120329,48,2,False,Right,Front,Right,Left,67
<_io.BytesIO object at 0x000002A112E0E770>,0.8551535606384277,0.03576967120170593,-0.052810247987508774,120329,48,2,False,Right,Front,Right,Left,67
<_io.BytesIO object at 0x000002A112E0E810>,0.8136342167854309,-0.029319733381271362,0.04591089114546776,120329,48,2,False,Right,Front,Right,Left,67
<_io.BytesIO object at 0x000002A112E82BD0>,0.7936878800392151,0.05204007402062416,-0.02740219607949257,120330,48,2,False,Right,Front,Right,Left,67
<_io.BytesIO object at 0x000002A112E0E4A0>,0.8296951651573181,0.05847587808966637,-0.03391818702220917,120330,48,2,False,Right,Front,Right,Left,67
<_io.BytesIO object at 0x000002A112E0E180>,0.8814328908920288,-0.02254180982708931,-0.024521050974726677,120330,48,2,False,Right,Front,Right,Left,67
<_io.BytesIO object at 0x000002A112E0ED10>,0.8551535606384277,0.03576967120170593,-0.052810247987508774,120330,48,2,False,Right,Front,Right,Left,67
<_io.BytesIO object at 0x000002A112E0E950>,0.8136342167854309,-0.029319733381271362,0.04591089114546776,120330,48,2,False,Right,Front,Right,Left,67
<_io.BytesIO object at 0x000002A112E82180>,0.7936878800392151,0.05204007402062416,-0.02740219607949257,120331,48,2,False,Right,Front,Right,Left,67
<_io.BytesIO object at 0x000002A112E82C70>,0.8296951651573181,0.05847587808966637,-0.03391818702220917,120331,48,2,False,Right,Front,Right,Left,67
<_io.BytesIO object at 0x000002A112E0E9A0>,0.8814328908920288,-0.02254180982708931,-0.024521050974726677,120331,48,2,False,Right,Front,Right,Left,67
<_io.BytesIO object at 0x000002A112E0E860>,0.8551535606384277,0.03576967120170593,-0.052810247987508774,120331,48,2,False,Right,Front,Right,Left,67
<_io.BytesIO object at 0x000002A112E0E1D0>,0.8136342167854309,-0.029319733381271362,0.04591089114546776,120331,48,2,False,Right,Front,Right,Left,67
<_io.BytesIO object at 0x000002A112E826D0>,0.7936878800392151,0.05204007402062416,-0.02740219607949257,120332,48,2,False,Right,Front,Right,Left,67
<_io.BytesIO object at 0x000002A112E0E810>,0.8296951651573181,0.05847587808966637,-0.03391818702220917,120332,48,2,False,Right,Front,Right,Left,67
<_io.BytesIO object at 0x000002A112E0EDB0>,0.8814328908920288,-0.02254180982708931,-0.024521050974726677,120332,48,2,False,Right,Front,Right,Left,67
<_io.BytesIO object at 0x000002A112E0E630>,0.8551535606384277,0.03576967120170593,-0.052810247987508774,120332,48,2,False,Right,Front,Right,Left,67
<_io.BytesIO object at 0x000002A112E0E1D0>,0.8136342167854309,-0.029319733381271362,0.04591089114546776,120332,48,2,False,Right,Front,Right,Left,67
<_io.BytesIO object at 0x000002A112E0E180>,0.7936878800392151,0.05204007402062416,-0.02740219607949257,120333,48,2,False,Right,Front,Right,Left,67
<_io.BytesIO object at 0x000002A112E0EF90>,0.8296951651573181,0.05847587808966637,-0.03391818702220917,120333,48,2,False,Right,Front,Right,Left,67
<_io.BytesIO object at 0x000002A112E0E770>,0.8814328908920288,-0.02254180982708931,-0.024521050974726677,120333,48,2,False,Right,Front,Right,Left,67
<_io.BytesIO object at 0x000002A112E0E2C0>,0.8551535606384277,0.03576967120170593,-0.052810247987508774,120333,48,2,False,Right,Front,Right,Left,67
<_io.BytesIO object at 0x000002A112E0E400>,0.8136342167854309,-0.029319733381271362,0.04591089114546776,120333,48,2,False,Right,Front,Right,Left,67
<_io.BytesIO object at 0x000002A112E82720>,0.7936878800392151,0.05204007402062416,-0.02740219607949257,120334,48,2,False,Right,Front,Right,Left,67
<_io.BytesIO object at 0x000002A112E0E630>,0.8296951651573181,0.05847587808966637,-0.03391818702220917,120334,48,2,False,Right,Front,Right,Left,67
<_io.BytesIO object at 0x000002A112E0E5E0>,0.8814328908920288,-0.02254180982708931,-0.024521050974726677,120334,48,2,False,Right,Front,Right,Left,67
<_io.BytesIO object at 0x000002A112E0E9A0>,0.8551535606384277,0.03576967120170593,-0.052810247987508774,120334,48,2,False,Right,Front,Right,Left,67
<_io.BytesIO object at 0x000002A112E0ECC0>,0.8136342167854309,-0.029319733381271362,0.04591089114546776,120334,48,2,False,Right,Front,Right,Left,67
<_io.BytesIO object at 0x000002A112E21E50>,0.7936878800392151,0.05204007402062416,-0.02740219607949257,120335,48,2,False,Right,Front,Right,Left,67
<_io.BytesIO object at 0x000002A112E21130>,0.8296951651573181,0.05847587808966637,-0.03391818702220917,120335,48,2,False,Right,Front,Right,Left,67
<_io.BytesIO object at 0x000002A112E213B0>,0.8814328908920288,-0.02254180982708931,-0.024521050974726677,120335,48,2,False,Right,Front,Right,Left,67
<_io.BytesIO object at 0x000002A112E211D0>,0.8551535606384277,0.03576967120170593,-0.052810247987508774,120335,48,2,False,Right,Front,Right,Left,67
<_io.BytesIO object at 0x000002A112E21E00>,0.8136342167854309,-0.029319733381271362,0.04591089114546776,120335,48,2,False,Right,Front,Right,Left,67
<_io.BytesIO object at 0x000002A112E0E860>,0.7936878800392151,0.05204007402062416,-0.02740219607949257,120336,48,2,False,Right,Front,Right,Left,67
<_io.BytesIO object at 0x000002A112E21220>,0.8296951651573181,0.05847587808966637,-0.03391818702220917,120336,48,2,False,Right,Front,Right,Left,67
<_io.BytesIO object at 0x000002A112E21400>,0.8814328908920288,-0.02254180982708931,-0.024521050974726677,120336,48,2,False,Right,Front,Right,Left,67
<_io.BytesIO object at 0x000002A112E211D0>,0.8551535606384277,0.03576967120170593,-0.052810247987508774,120336,48,2,False,Right,Front,Right,Left,67
<_io.BytesIO object at 0x000002A112E21C70>,0.8136342167854309,-0.029319733381271362,0.04591089114546776,120336,48,2,False,Right,Front,Right,Left,67
<_io.BytesIO object at 0x000002A112E82B30>,0.7936878800392151,0.05204007402062416,-0.02740219607949257,120337,48,2,False,Right,Front,Right,Left,67
<_io.BytesIO object at 0x000002A112E218B0>,0.8296951651573181,0.05847587808966637,-0.03391818702220917,120337,48,2,False,Right,Front,Right,Left,67
<_io.BytesIO object at 0x000002A112E21900>,0.8814328908920288,-0.02254180982708931,-0.024521050974726677,120337,48,2,False,Right,Front,Right,Left,67
<_io.BytesIO object at 0x000002A112E21090>,0.8551535606384277,0.03576967120170593,-0.052810247987508774,120337,48,2,False,Right,Front,Right,Left,67
<_io.BytesIO object at 0x000002A112E21B30>,0.8136342167854309,-0.029319733381271362,0.04591089114546776,120337,48,2,False,Right,Front,Right,Left,67
<_io.BytesIO object at 0x000002A112E0ED60>,0.7936878800392151,0.05204007402062416,-0.02740219607949257,120338,48,2,False,Right,Front,Right,Left,67
<_io.BytesIO object at 0x000002A112E0E040>,0.8296951651573181,0.05847587808966637,-0.03391818702220917,120338,48,2,False,Right,Front,Right,Left,67
<_io.BytesIO object at 0x000002A112E21220>,0.8814328908920288,-0.02254180982708931,-0.024521050974726677,120338,48,2,False,Right,Front,Right,Left,67
<_io.BytesIO object at 0x000002A112E214A0>,0.8551535606384277,0.03576967120170593,-0.052810247987508774,120338,48,2,False,Right,Front,Right,Left,67
<_io.BytesIO object at 0x000002A112E21770>,0.8136342167854309,-0.029319733381271362,0.04591089114546776,120338,48,2,False,Right,Front,Right,Left,67
<_io.BytesIO object at 0x000002A112E21C20>,0.7936878800392151,0.05204007402062416,-0.02740219607949257,120339,48,2,False,Right,Front,Right,Left,67
<_io.BytesIO object at 0x000002A112E21B30>,0.8296951651573181,0.05847587808966637,-0.03391818702220917,120339,48,2,False,Right,Front,Right,Left,67
<_io.BytesIO object at 0x000002A112E0EE00>,0.8814328908920288,-0.02254180982708931,-0.024521050974726677,120339,48,2,False,Right,Front,Right,Left,67
<_io.BytesIO object at 0x000002A112E0E090>,0.8551535606384277,0.03576967120170593,-0.052810247987508774,120339,48,2,False,Right,Front,Right,Left,67
<_io.BytesIO object at 0x000002A112E0E270>,0.8136342167854309,-0.029319733381271362,0.04591089114546776,120339,48,2,False,Right,Front,Right,Left,67
<_io.BytesIO object at 0x000002A112E0EF40>,0.7936878800392151,0.05204007402062416,-0.02740219607949257,120340,48,2,False,Right,Front,Right,Left,67
<_io.BytesIO object at 0x000002A112E0E680>,0.8296951651573181,0.05847587808966637,-0.03391818702220917,120340,48,2,False,Right,Front,Right,Left,67
<_io.BytesIO object at 0x000002A112E0EEA0>,0.8814328908920288,-0.02254180982708931,-0.024521050974726677,120340,48,2,False,Right,Front,Right,Left,67
<_io.BytesIO object at 0x000002A112E0E310>,0.8551535606384277,0.03576967120170593,-0.052810247987508774,120340,48,2,False,Right,Front,Right,Left,67
<_io.BytesIO object at 0x000002A112E0EA40>,0.8136342167854309,-0.029319733381271362,0.04591089114546776,120340,48,2,False,Right,Front,Right,Left,67
<_io.BytesIO object at 0x000002A112E21540>,0.7936878800392151,0.05204007402062416,-0.02740219607949257,120341,48,2,False,Right,Front,Right,Left,67
<_io.BytesIO object at 0x000002A112E21720>,0.8296951651573181,0.05847587808966637,-0.03391818702220917,120341,48,2,False,Right,Front,Right,Left,67
<_io.BytesIO object at 0x000002A112E21E00>,0.8814328908920288,-0.02254180982708931,-0.024521050974726677,120341,48,2,False,Right,Front,Right,Left,67
<_io.BytesIO object at 0x000002A112E21180>,0.8551535606384277,0.03576967120170593,-0.052810247987508774,120341,48,2,False,Right,Front,Right,Left,67
<_io.BytesIO object at 0x000002A112E21D60>,0.8136342167854309,-0.029319733381271362,0.04591089114546776,120341,48,2,False,Right,Front,Right,Left,67
<_io.BytesIO object at 0x000002A112E0EE00>,0.7936878800392151,0.05204007402062416,-0.02740219607949257,120342,48,2,False,Right,Front,Right,Left,67
<_io.BytesIO object at 0x000002A112E0EC20>,0.8296951651573181,0.05847587808966637,-0.03391818702220917,120342,48,2,False,Right,Front,Right,Left,67
<_io.BytesIO object at 0x000002A112E0E810>,0.8814328908920288,-0.02254180982708931,-0.024521050974726677,120342,48,2,False,Right,Front,Right,Left,67
<_io.BytesIO object at 0x000002A112E0E8B0>,0.8551535606384277,0.03576967120170593,-0.052810247987508774,120342,48,2,False,Right,Front,Right,Left,67
<_io.BytesIO object at 0x000002A112E0E6D0>,0.8136342167854309,-0.029319733381271362,0.04591089114546776,120342,48,2,False,Right,Front,Right,Left,67
<_io.BytesIO object at 0x000002A112E21130>,0.7936878800392151,0.05204007402062416,-0.02740219607949257,120343,48,2,False,Right,Front,Right,Left,67
<_io.BytesIO object at 0x000002A112E0ED10>,0.8296951651573181,0.05847587808966637,-0.03391818702220917,120343,48,2,False,Right,Front,Right,Left,67
<_io.BytesIO object at 0x000002A112E0E8B0>,0.8814328908920288,-0.02254180982708931,-0.024521050974726677,120343,48,2,False,Right,Front,Right,Left,67
<_io.BytesIO object at 0x000002A112E0EAE0>,0.8551535606384277,0.03576967120170593,-0.052810247987508774,120343,48,2,False,Right,Front,Right,Left,67
<_io.BytesIO object at 0x000002A112E0E900>,0.8136342167854309,-0.029319733381271362,0.04591089114546776,120343,48,2,False,Right,Front,Right,Left,67
<_io.BytesIO object at 0x000002A112E215E0>,0.7936878800392151,0.05204007402062416,-0.02740219607949257,120344,48,2,False,Right,Front,Right,Left,67
<_io.BytesIO object at 0x000002A112E21EA0>,0.8296951651573181,0.05847587808966637,-0.03391818702220917,120344,48,2,False,Right,Front,Right,Left,67
<_io.BytesIO object at 0x000002A112E21590>,0.8814328908920288,-0.02254180982708931,-0.024521050974726677,120344,48,2,False,Right,Front,Right,Left,67
<_io.BytesIO object at 0x000002A112E21680>,0.8551535606384277,0.03576967120170593,-0.052810247987508774,120344,48,2,False,Right,Front,Right,Left,67
<_io.BytesIO object at 0x000002A112E21400>,0.8136342167854309,-0.029319733381271362,0.04591089114546776,120344,48,2,False,Right,Front,Right,Left,67
<_io.BytesIO object at 0x000002A112E0ECC0>,0.7936878800392151,0.05204007402062416,-0.02740219607949257,120345,48,2,False,Right,Front,Right,Left,67
<_io.BytesIO object at 0x000002A112E0ED10>,0.8296951651573181,0.05847587808966637,-0.03391818702220917,120345,48,2,False,Right,Front,Right,Left,67
<_io.BytesIO object at 0x000002A112E0E8B0>,0.8814328908920288,-0.02254180982708931,-0.024521050974726677,120345,48,2,False,Right,Front,Right,Left,67
<_io.BytesIO object at 0x000002A112E0E090>,0.8551535606384277,0.03576967120170593,-0.052810247987508774,120345,48,2,False,Right,Front,Right,Left,67
<_io.BytesIO object at 0x000002A112E0E9F0>,0.8136342167854309,-0.029319733381271362,0.04591089114546776,120345,48,2,False,Right,Front,Right,Left,67
<_io.BytesIO object at 0x000002A112E21C70>,0.7936878800392151,0.05204007402062416,-0.02740219607949257,120346,48,2,False,Right,Front,Right,Left,67
<_io.BytesIO object at 0x000002A112E0E7C0>,0.8296951651573181,0.05847587808966637,-0.03391818702220917,120346,48,2,False,Right,Front,Right,Left,67
<_io.BytesIO object at 0x000002A112E0E090>,0.8814328908920288,-0.02254180982708931,-0.024521050974726677,120346,48,2,False,Right,Front,Right,Left,67
<_io.BytesIO object at 0x000002A112E0ED60>,0.8551535606384277,0.03576967120170593,-0.052810247987508774,120346,48,2,False,Right,Front,Right,Left,67
<_io.BytesIO object at 0x000002A112E0EC70>,0.8136342167854309,-0.029319733381271362,0.04591089114546776,120346,48,2,False,Right,Front,Right,Left,67
<_io.BytesIO object at 0x000002A112E212C0>,0.7936878800392151,0.05204007402062416,-0.02740219607949257,120347,48,2,False,Right,Front,Right,Left,67
<_io.BytesIO object at 0x000002A112E21F90>,0.8296951651573181,0.05847587808966637,-0.03391818702220917,120347,48,2,False,Right,Front,Right,Left,67
<_io.BytesIO object at 0x000002A112E21E00>,0.8814328908920288,-0.02254180982708931,-0.024521050974726677,120347,48,2,False,Right,Front,Right,Left,67
<_io.BytesIO object at 0x000002A112E214F0>,0.8551535606384277,0.03576967120170593,-0.052810247987508774,120347,48,2,False,Right,Front,Right,Left,67
<_io.BytesIO object at 0x000002A112E21720>,0.8136342167854309,-0.029319733381271362,0.04591089114546776,120347,48,2,False,Right,Front,Right,Left,67
<_io.BytesIO object at 0x000002A112E0E900>,0.7936878800392151,0.05204007402062416,-0.02740219607949257,120348,48,2,False,Right,Front,Right,Left,67
<_io.BytesIO object at 0x000002A112E21D60>,0.8296951651573181,0.05847587808966637,-0.03391818702220917,120348,48,2,False,Right,Front,Right,Left,67
<_io.BytesIO object at 0x000002A112E21810>,0.8814328908920288,-0.02254180982708931,-0.024521050974726677,120348,48,2,False,Right,Front,Right,Left,67
<_io.BytesIO object at 0x000002A112E214F0>,0.8551535606384277,0.03576967120170593,-0.052810247987508774,120348,48,2,False,Right,Front,Right,Left,67
<_io.BytesIO object at 0x000002A112E21360>,0.8136342167854309,-0.029319733381271362,0.04591089114546776,120348,48,2,False,Right,Front,Right,Left,67
<_io.BytesIO object at 0x000002A112E824F0>,0.7936878800392151,0.05204007402062416,-0.02740219607949257,120349,48,2,False,Right,Front,Right,Left,67
<_io.BytesIO object at 0x000002A112E82E50>,0.8296951651573181,0.05847587808966637,-0.03391818702220917,120349,48,2,False,Right,Front,Right,Left,67
<_io.BytesIO object at 0x000002A112E821D0>,0.8814328908920288,-0.02254180982708931,-0.024521050974726677,120349,48,2,False,Right,Front,Right,Left,67
<_io.BytesIO object at 0x000002A112E824A0>,0.8551535606384277,0.03576967120170593,-0.052810247987508774,120349,48,2,False,Right,Front,Right,Left,67
<_io.BytesIO object at 0x000002A112E82590>,0.8136342167854309,-0.029319733381271362,0.04591089114546776,120349,48,2,False,Right,Front,Right,Left,67
<_io.BytesIO object at 0x000002A112E0E6D0>,0.7936878800392151,0.05204007402062416,-0.02740219607949257,120350,48,2,False,Right,Front,Right,Left,67
<_io.BytesIO object at 0x000002A112E82BD0>,0.8296951651573181,0.05847587808966637,-0.03391818702220917,120350,48,2,False,Right,Front,Right,Left,67
<_io.BytesIO object at 0x000002A112E829A0>,0.8814328908920288,-0.02254180982708931,-0.024521050974726677,120350,48,2,False,Right,Front,Right,Left,67
<_io.BytesIO object at 0x000002A112E82540>,0.8551535606384277,0.03576967120170593,-0.052810247987508774,120350,48,2,False,Right,Front,Right,Left,67
<_io.BytesIO object at 0x000002A112E82DB0>,0.8136342167854309,-0.029319733381271362,0.04591089114546776,120350,48,2,False,Right,Front,Right,Left,67
<_io.BytesIO object at 0x000002A112E0E2C0>,0.7936878800392151,0.05204007402062416,-0.02740219607949257,120351,48,2,False,Right,Front,Right,Left,67
<_io.BytesIO object at 0x000002A112E82630>,0.8296951651573181,0.05847587808966637,-0.03391818702220917,120351,48,2,False,Right,Front,Right,Left,67
<_io.BytesIO object at 0x000002A112E82A40>,0.8814328908920288,-0.02254180982708931,-0.024521050974726677,120351,48,2,False,Right,Front,Right,Left,67
<_io.BytesIO object at 0x000002A112E82720>,0.8551535606384277,0.03576967120170593,-0.052810247987508774,120351,48,2,False,Right,Front,Right,Left,67
<_io.BytesIO object at 0x000002A112E829A0>,0.8136342167854309,-0.029319733381271362,0.04591089114546776,120351,48,2,False,Right,Front,Right,Left,67
<_io.BytesIO object at 0x000002A112E825E0>,0.7936878800392151,0.05204007402062416,-0.02740219607949257,120352,48,2,False,Right,Front,Right,Left,67
<_io.BytesIO object at 0x000002A112E0ED10>,0.8296951651573181,0.05847587808966637,-0.03391818702220917,120352,48,2,False,Right,Front,Right,Left,67
<_io.BytesIO object at 0x000002A112E0E1D0>,0.8814328908920288,-0.02254180982708931,-0.024521050974726677,120352,48,2,False,Right,Front,Right,Left,67
<_io.BytesIO object at 0x000002A112E0EE00>,0.8551535606384277,0.03576967120170593,-0.052810247987508774,120352,48,2,False,Right,Front,Right,Left,67
<_io.BytesIO object at 0x000002A112E0E900>,0.8136342167854309,-0.029319733381271362,0.04591089114546776,120352,48,2,False,Right,Front,Right,Left,67
<_io.BytesIO object at 0x000002A112E82310>,0.7936878800392151,0.05204007402062416,-0.02740219607949257,120353,48,2,False,Right,Front,Right,Left,67
<_io.BytesIO object at 0x000002A112E0E090>,0.8296951651573181,0.05847587808966637,-0.03391818702220917,120353,48,2,False,Right,Front,Right,Left,67
<_io.BytesIO object at 0x000002A112E0E860>,0.8814328908920288,-0.02254180982708931,-0.024521050974726677,120353,48,2,False,Right,Front,Right,Left,67
<_io.BytesIO object at 0x000002A112E0E9F0>,0.8551535606384277,0.03576967120170593,-0.052810247987508774,120353,48,2,False,Right,Front,Right,Left,67
<_io.BytesIO object at 0x000002A112E0EB80>,0.8136342167854309,-0.029319733381271362,0.04591089114546776,120353,48,2,False,Right,Front,Right,Left,67
<_io.BytesIO object at 0x000002A112E82720>,0.7936878800392151,0.05204007402062416,-0.02740219607949257,120354,48,2,False,Right,Front,Right,Left,67
<_io.BytesIO object at 0x000002A112E0EAE0>,0.8296951651573181,0.05847587808966637,-0.03391818702220917,120354,48,2,False,Right,Front,Right,Left,67
<_io.BytesIO object at 0x000002A112E0EDB0>,0.8814328908920288,-0.02254180982708931,-0.024521050974726677,120354,48,2,False,Right,Front,Right,Left,67
<_io.BytesIO object at 0x000002A112E0E950>,0.8551535606384277,0.03576967120170593,-0.052810247987508774,120354,48,2,False,Right,Front,Right,Left,67
<_io.BytesIO object at 0x000002A112E0E860>,0.8136342167854309,-0.029319733381271362,0.04591089114546776,120354,48,2,False,Right,Front,Right,Left,67
<_io.BytesIO object at 0x000002A112E96EF0>,0.7936878800392151,0.05204007402062416,-0.02740219607949257,120355,48,2,False,Right,Front,Right,Left,67
<_io.BytesIO object at 0x000002A112E12D60>,0.8296951651573181,0.05847587808966637,-0.03391818702220917,120355,48,2,False,Right,Front,Right,Left,67
<_io.BytesIO object at 0x000002A112E12590>,0.8814328908920288,-0.02254180982708931,-0.024521050974726677,120355,48,2,False,Right,Front,Right,Left,67
<_io.BytesIO object at 0x000002A112E12310>,0.8551535606384277,0.03576967120170593,-0.052810247987508774,120355,48,2,False,Right,Front,Right,Left,67
<_io.BytesIO object at 0x000002A112E12A40>,0.8136342167854309,-0.029319733381271362,0.04591089114546776,120355,48,2,False,Right,Front,Right,Left,67
<_io.BytesIO object at 0x000002A1130356D0>,0.7936878800392151,0.05204007402062416,-0.02740219607949257,120356,48,2,False,Right,Front,Right,Left,67
<_io.BytesIO object at 0x000002A113035EF0>,0.8296951651573181,0.05847587808966637,-0.03391818702220917,120356,48,2,False,Right,Front,Right,Left,67
<_io.BytesIO object at 0x000002A17F345720>,0.8814328908920288,-0.02254180982708931,-0.024521050974726677,120356,48,2,False,Right,Front,Right,Left,67
<_io.BytesIO object at 0x000002A17F3458B0>,0.8551535606384277,0.03576967120170593,-0.052810247987508774,120356,48,2,False,Right,Front,Right,Left,67
<_io.BytesIO object at 0x000002A17F3457C0>,0.8136342167854309,-0.029319733381271362,0.04591089114546776,120356,48,2,False,Right,Front,Right,Left,67
<_io.BytesIO object at 0x000002A112E28EF0>,0.7936878800392151,0.05204007402062416,-0.02740219607949257,120357,48,2,False,Right,Front,Right,Left,67
<_io.BytesIO object at 0x000002A112EB0360>,0.8296951651573181,0.05847587808966637,-0.03391818702220917,120357,48,2,False,Right,Front,Right,Left,67
<_io.BytesIO object at 0x000002A112EB07C0>,0.8814328908920288,-0.02254180982708931,-0.024521050974726677,120357,48,2,False,Right,Front,Right,Left,67
<_io.BytesIO object at 0x000002A112E281D0>,0.8551535606384277,0.03576967120170593,-0.052810247987508774,120357,48,2,False,Right,Front,Right,Left,67
<_io.BytesIO object at 0x000002A112E28130>,0.8136342167854309,-0.029319733381271362,0.04591089114546776,120357,48,2,False,Right,Front,Right,Left,67
<_io.BytesIO object at 0x000002A17F345130>,0.7936878800392151,0.05204007402062416,-0.02740219607949257,120358,48,2,False,Right,Front,Right,Left,67
<_io.BytesIO object at 0x000002A113035C70>,0.8296951651573181,0.05847587808966637,-0.03391818702220917,120358,48,2,False,Right,Front,Right,Left,67
<_io.BytesIO object at 0x000002A1130357C0>,0.8814328908920288,-0.02254180982708931,-0.024521050974726677,120358,48,2,False,Right,Front,Right,Left,67
<_io.BytesIO object at 0x000002A112DA43B0>,0.8551535606384277,0.03576967120170593,-0.052810247987508774,120358,48,2,False,Right,Front,Right,Left,67
<_io.BytesIO object at 0x000002A112E0F810>,0.8136342167854309,-0.029319733381271362,0.04591089114546776,120358,48,2,False,Right,Front,Right,Left,67
<_io.BytesIO object at 0x000002A112E121D0>,0.7936878800392151,0.05204007402062416,-0.02740219607949257,120359,48,2,False,Right,Front,Right,Left,67
<_io.BytesIO object at 0x000002A112E96810>,0.8296951651573181,0.05847587808966637,-0.03391818702220917,120359,48,2,False,Right,Front,Right,Left,67
<_io.BytesIO object at 0x000002A112E96270>,0.8814328908920288,-0.02254180982708931,-0.024521050974726677,120359,48,2,False,Right,Front,Right,Left,67
<_io.BytesIO object at 0x000002A112E96130>,0.8551535606384277,0.03576967120170593,-0.052810247987508774,120359,48,2,False,Right,Front,Right,Left,67
<_io.BytesIO object at 0x000002A112E96EA0>,0.8136342167854309,-0.029319733381271362,0.04591089114546776,120359,48,2,False,Right,Front,Right,Left,67
<_io.BytesIO object at 0x000002A112E0EAE0>,0.7936878800392151,0.05204007402062416,-0.02740219607949257,120360,48,2,False,Right,Front,Right,Left,67
<_io.BytesIO object at 0x000002A112E0ECC0>,0.8296951651573181,0.05847587808966637,-0.03391818702220917,120360,48,2,False,Right,Front,Right,Left,67
<_io.BytesIO object at 0x000002A112E82310>,0.8814328908920288,-0.02254180982708931,-0.024521050974726677,120360,48,2,False,Right,Front,Right,Left,67
<_io.BytesIO object at 0x000002A112E82860>,0.8551535606384277,0.03576967120170593,-0.052810247987508774,120360,48,2,False,Right,Front,Right,Left,67
<_io.BytesIO object at 0x000002A112E824F0>,0.8136342167854309,-0.029319733381271362,0.04591089114546776,120360,48,2,False,Right,Front,Right,Left,67
<_io.BytesIO object at 0x000002A112EA3AE0>,0.7936878800392151,0.05204007402062416,-0.02740219607949257,120361,48,2,False,Right,Front,Right,Left,67
<_io.BytesIO object at 0x000002A112EA3770>,0.8296951651573181,0.05847587808966637,-0.03391818702220917,120361,48,2,False,Right,Front,Right,Left,67
<_io.BytesIO object at 0x000002A112EA32C0>,0.8814328908920288,-0.02254180982708931,-0.024521050974726677,120361,48,2,False,Right,Front,Right,Left,67
<_io.BytesIO object at 0x000002A112EB0F90>,0.8551535606384277,0.03576967120170593,-0.052810247987508774,120361,48,2,False,Right,Front,Right,Left,67
<_io.BytesIO object at 0x000002A112EB0EA0>,0.8136342167854309,-0.029319733381271362,0.04591089114546776,120361,48,2,False,Right,Front,Right,Left,67
<_io.BytesIO object at 0x000002A112E212C0>,0.7936878800392151,0.05204007402062416,-0.02740219607949257,120362,48,2,False,Right,Front,Right,Left,67
<_io.BytesIO object at 0x000002A112E21D60>,0.8296951651573181,0.05847587808966637,-0.03391818702220917,120362,48,2,False,Right,Front,Right,Left,67
<_io.BytesIO object at 0x000002A112E21180>,0.8814328908920288,-0.02254180982708931,-0.024521050974726677,120362,48,2,False,Right,Front,Right,Left,67
<_io.BytesIO object at 0x000002A112DFB770>,0.8551535606384277,0.03576967120170593,-0.052810247987508774,120362,48,2,False,Right,Front,Right,Left,67
<_io.BytesIO object at 0x000002A112DFBBD0>,0.8136342167854309,-0.029319733381271362,0.04591089114546776,120362,48,2,False,Right,Front,Right,Left,67
<_io.BytesIO object at 0x000002A112E129A0>,0.7936878800392151,0.05204007402062416,-0.02740219607949257,120363,48,2,False,Right,Front,Right,Left,67
<_io.BytesIO object at 0x000002A112EB70E0>,0.8296951651573181,0.05847587808966637,-0.03391818702220917,120363,48,2,False,Right,Front,Right,Left,67
<_io.BytesIO object at 0x000002A112EB7BD0>,0.8814328908920288,-0.02254180982708931,-0.024521050974726677,120363,48,2,False,Right,Front,Right,Left,67
<_io.BytesIO object at 0x000002A112EB7950>,0.8551535606384277,0.03576967120170593,-0.052810247987508774,120363,48,2,False,Right,Front,Right,Left,67
<_io.BytesIO object at 0x000002A112EB7770>,0.8136342167854309,-0.029319733381271362,0.04591089114546776,120363,48,2,False,Right,Front,Right,Left,67
<_io.BytesIO object at 0x000002A112EBE090>,0.7936878800392151,0.05204007402062416,-0.02740219607949257,120364,48,2,False,Right,Front,Right,Left,67
<_io.BytesIO object at 0x000002A112EBEE00>,0.8296951651573181,0.05847587808966637,-0.03391818702220917,120364,48,2,False,Right,Front,Right,Left,67
<_io.BytesIO object at 0x000002A112DF31D0>,0.8814328908920288,-0.02254180982708931,-0.024521050974726677,120364,48,2,False,Right,Front,Right,Left,67
<_io.BytesIO object at 0x000002A112DF3590>,0.8551535606384277,0.03576967120170593,-0.052810247987508774,120364,48,2,False,Right,Front,Right,Left,67
<_io.BytesIO object at 0x000002A112DF3C20>,0.8136342167854309,-0.029319733381271362,0.04591089114546776,120364,48,2,False,Right,Front,Right,Left,67
<_io.BytesIO object at 0x000002A112DF3C20>,0.7936878800392151,0.05204007402062416,-0.02740219607949257,120365,48,2,False,Right,Front,Right,Left,67
<_io.BytesIO object at 0x000002A112DF3810>,0.8296951651573181,0.05847587808966637,-0.03391818702220917,120365,48,2,False,Right,Front,Right,Left,67
<_io.BytesIO object at 0x000002A112EBEC20>,0.8814328908920288,-0.02254180982708931,-0.024521050974726677,120365,48,2,False,Right,Front,Right,Left,67
<_io.BytesIO object at 0x000002A112EBE360>,0.8551535606384277,0.03576967120170593,-0.052810247987508774,120365,48,2,False,Right,Front,Right,Left,67
<_io.BytesIO object at 0x000002A112EBE6D0>,0.8136342167854309,-0.029319733381271362,0.04591089114546776,120365,48,2,False,Right,Front,Right,Left,67
<_io.BytesIO object at 0x000002A112EB75E0>,0.7936878800392151,0.05204007402062416,-0.02740219607949257,120366,48,2,False,Right,Front,Right,Left,67
<_io.BytesIO object at 0x000002A112EB79F0>,0.8296951651573181,0.05847587808966637,-0.03391818702220917,120366,48,2,False,Right,Front,Right,Left,67
<_io.BytesIO object at 0x000002A112EB7310>,0.8814328908920288,-0.02254180982708931,-0.024521050974726677,120366,48,2,False,Right,Front,Right,Left,67
<_io.BytesIO object at 0x000002A112EB7D10>,0.8551535606384277,0.03576967120170593,-0.052810247987508774,120366,48,2,False,Right,Front,Right,Left,67
<_io.BytesIO object at 0x000002A112E129A0>,0.8136342167854309,-0.029319733381271362,0.04591089114546776,120366,48,2,False,Right,Front,Right,Left,67
<_io.BytesIO object at 0x000002A112DFB630>,0.7936878800392151,0.05204007402062416,-0.02740219607949257,120367,48,2,False,Right,Front,Right,Left,67
<_io.BytesIO object at 0x000002A112E21F40>,0.8296951651573181,0.05847587808966637,-0.03391818702220917,120367,48,2,False,Right,Front,Right,Left,67
<_io.BytesIO object at 0x000002A112E21090>,0.8814328908920288,-0.02254180982708931,-0.024521050974726677,120367,48,2,False,Right,Front,Right,Left,67
<_io.BytesIO object at 0x000002A112E21EF0>,0.8551535606384277,0.03576967120170593,-0.052810247987508774,120367,48,2,False,Right,Front,Right,Left,67
<_io.BytesIO object at 0x000002A112E21630>,0.8136342167854309,-0.029319733381271362,0.04591089114546776,120367,48,2,False,Right,Front,Right,Left,67
<_io.BytesIO object at 0x000002A112EB0B30>,0.7936878800392151,0.05204007402062416,-0.02740219607949257,120368,48,2,False,Right,Front,Right,Left,67
<_io.BytesIO object at 0x000002A112EB0DB0>,0.8296951651573181,0.05847587808966637,-0.03391818702220917,120368,48,2,False,Right,Front,Right,Left,67
<_io.BytesIO object at 0x000002A112EAC450>,0.8814328908920288,-0.02254180982708931,-0.024521050974726677,120368,48,2,False,Right,Front,Right,Left,67
<_io.BytesIO object at 0x000002A112EAC630>,0.8551535606384277,0.03576967120170593,-0.052810247987508774,120368,48,2,False,Right,Front,Right,Left,67
<_io.BytesIO object at 0x000002A112EAC810>,0.8136342167854309,-0.029319733381271362,0.04591089114546776,120368,48,2,False,Right,Front,Right,Left,67
<_io.BytesIO object at 0x000002A112E0ED10>,0.7936878800392151,0.05204007402062416,-0.02740219607949257,120369,48,2,False,Right,Front,Right,Left,67
<_io.BytesIO object at 0x000002A112E0E630>,0.8296951651573181,0.05847587808966637,-0.03391818702220917,120369,48,2,False,Right,Front,Right,Left,67
<_io.BytesIO object at 0x000002A112E21E00>,0.8814328908920288,-0.02254180982708931,-0.024521050974726677,120369,48,2,False,Right,Front,Right,Left,67
<_io.BytesIO object at 0x000002A112E21310>,0.8551535606384277,0.03576967120170593,-0.052810247987508774,120369,48,2,False,Right,Front,Right,Left,67
<_io.BytesIO object at 0x000002A112E21130>,0.8136342167854309,-0.029319733381271362,0.04591089114546776,120369,48,2,False,Right,Front,Right,Left,67
<_io.BytesIO object at 0x000002A112E12310>,0.7936878800392151,0.05204007402062416,-0.02740219607949257,120370,48,2,False,Right,Front,Right,Left,67
<_io.BytesIO object at 0x000002A112E123B0>,0.8296951651573181,0.05847587808966637,-0.03391818702220917,120370,48,2,False,Right,Front,Right,Left,67
<_io.BytesIO object at 0x000002A112E12EA0>,0.8814328908920288,-0.02254180982708931,-0.024521050974726677,120370,48,2,False,Right,Front,Right,Left,67
<_io.BytesIO object at 0x000002A112E12F90>,0.8551535606384277,0.03576967120170593,-0.052810247987508774,120370,48,2,False,Right,Front,Right,Left,67
<_io.BytesIO object at 0x000002A112EB7F90>,0.8136342167854309,-0.029319733381271362,0.04591089114546776,120370,48,2,False,Right,Front,Right,Left,67
<_io.BytesIO object at 0x000002A112E0F450>,0.7936878800392151,0.05204007402062416,-0.02740219607949257,120371,48,2,False,Right,Front,Right,Left,67
<_io.BytesIO object at 0x000002A112E0FC70>,0.8296951651573181,0.05847587808966637,-0.03391818702220917,120371,48,2,False,Right,Front,Right,Left,67
<_io.BytesIO object at 0x000002A112DF3900>,0.8814328908920288,-0.02254180982708931,-0.024521050974726677,120371,48,2,False,Right,Front,Right,Left,67
<_io.BytesIO object at 0x000002A112DF3630>,0.8551535606384277,0.03576967120170593,-0.052810247987508774,120371,48,2,False,Right,Front,Right,Left,67
<_io.BytesIO object at 0x000002A112DF3F90>,0.8136342167854309,-0.029319733381271362,0.04591089114546776,120371,48,2,False,Right,Front,Right,Left,67
<_io.BytesIO object at 0x000002A112EBE770>,0.7936878800392151,0.05204007402062416,-0.02740219607949257,120372,48,2,False,Right,Front,Right,Left,67
<_io.BytesIO object at 0x000002A112EBE2C0>,0.8296951651573181,0.05847587808966637,-0.03391818702220917,120372,48,2,False,Right,Front,Right,Left,67
<_io.BytesIO object at 0x000002A112EBEE50>,0.8814328908920288,-0.02254180982708931,-0.024521050974726677,120372,48,2,False,Right,Front,Right,Left,67
<_io.BytesIO object at 0x000002A112EBE220>,0.8551535606384277,0.03576967120170593,-0.052810247987508774,120372,48,2,False,Right,Front,Right,Left,67
<_io.BytesIO object at 0x000002A112EBE270>,0.8136342167854309,-0.029319733381271362,0.04591089114546776,120372,48,2,False,Right,Front,Right,Left,67
<_io.BytesIO object at 0x000002A112E0F8B0>,0.7936878800392151,0.05204007402062416,-0.02740219607949257,120373,48,2,False,Right,Front,Right,Left,67
<_io.BytesIO object at 0x000002A17F345540>,0.8296951651573181,0.05847587808966637,-0.03391818702220917,120373,48,2,False,Right,Front,Right,Left,67
<_io.BytesIO object at 0x000002A17F345810>,0.8814328908920288,-0.02254180982708931,-0.024521050974726677,120373,48,2,False,Right,Front,Right,Left,67
<_io.BytesIO object at 0x000002A17F345090>,0.8551535606384277,0.03576967120170593,-0.052810247987508774,120373,48,2,False,Right,Front,Right,Left,67
<_io.BytesIO object at 0x000002A113035D10>,0.8136342167854309,-0.029319733381271362,0.04591089114546776,120373,48,2,False,Right,Front,Right,Left,67
<_io.BytesIO object at 0x000002A112E96F40>,0.7936878800392151,0.05204007402062416,-0.02740219607949257,120374,48,2,False,Right,Front,Right,Left,67
<_io.BytesIO object at 0x000002A112E964A0>,0.8296951651573181,0.05847587808966637,-0.03391818702220917,120374,48,2,False,Right,Front,Right,Left,67
<_io.BytesIO object at 0x000002A112E96040>,0.8814328908920288,-0.02254180982708931,-0.024521050974726677,120374,48,2,False,Right,Front,Right,Left,67
<_io.BytesIO object at 0x000002A112E963B0>,0.8551535606384277,0.03576967120170593,-0.052810247987508774,120374,48,2,False,Right,Front,Right,Left,67
<_io.BytesIO object at 0x000002A112DFB2C0>,0.8136342167854309,-0.029319733381271362,0.04591089114546776,120374,48,2,False,Right,Front,Right,Left,67
<_io.BytesIO object at 0x000002A112E0EBD0>,0.7936878800392151,0.05204007402062416,-0.02740219607949257,120375,48,2,False,Right,Front,Right,Left,67
<_io.BytesIO object at 0x000002A112E82180>,0.8296951651573181,0.05847587808966637,-0.03391818702220917,120375,48,2,False,Right,Front,Right,Left,67
<_io.BytesIO object at 0x000002A112E82A40>,0.8814328908920288,-0.02254180982708931,-0.024521050974726677,120375,48,2,False,Right,Front,Right,Left,67
<_io.BytesIO object at 0x000002A112E82770>,0.8551535606384277,0.03576967120170593,-0.052810247987508774,120375,48,2,False,Right,Front,Right,Left,67
<_io.BytesIO object at 0x000002A112E820E0>,0.8136342167854309,-0.029319733381271362,0.04591089114546776,120375,48,2,False,Right,Front,Right,Left,67
<_io.BytesIO object at 0x000002A112EACA90>,0.7936878800392151,0.05204007402062416,-0.02740219607949257,120376,48,2,False,Right,Front,Right,Left,67
<_io.BytesIO object at 0x000002A112EA3180>,0.8296951651573181,0.05847587808966637,-0.03391818702220917,120376,48,2,False,Right,Front,Right,Left,67
<_io.BytesIO object at 0x000002A112EA3AE0>,0.8814328908920288,-0.02254180982708931,-0.024521050974726677,120376,48,2,False,Right,Front,Right,Left,67
<_io.BytesIO object at 0x000002A112EA3900>,0.8551535606384277,0.03576967120170593,-0.052810247987508774,120376,48,2,False,Right,Front,Right,Left,67
<_io.BytesIO object at 0x000002A112EA3E00>,0.8136342167854309,-0.029319733381271362,0.04591089114546776,120376,48,2,False,Right,Front,Right,Left,67
<_io.BytesIO object at 0x000002A112E21C70>,0.7936878800392151,0.05204007402062416,-0.02740219607949257,120377,48,2,False,Right,Front,Right,Left,67
<_io.BytesIO object at 0x000002A112DFBE50>,0.8296951651573181,0.05847587808966637,-0.03391818702220917,120377,48,2,False,Right,Front,Right,Left,67
<_io.BytesIO object at 0x000002A112DFB220>,0.8814328908920288,-0.02254180982708931,-0.024521050974726677,120377,48,2,False,Right,Front,Right,Left,67
<_io.BytesIO object at 0x000002A112DFBF90>,0.8551535606384277,0.03576967120170593,-0.052810247987508774,120377,48,2,False,Right,Front,Right,Left,67
<_io.BytesIO object at 0x000002A112DFB180>,0.8136342167854309,-0.029319733381271362,0.04591089114546776,120377,48,2,False,Right,Front,Right,Left,67
<_io.BytesIO object at 0x000002A112EB7310>,0.7936878800392151,0.05204007402062416,-0.02740219607949257,120378,48,2,False,Right,Front,Right,Left,67
<_io.BytesIO object at 0x000002A112EB7DB0>,0.8296951651573181,0.05847587808966637,-0.03391818702220917,120378,48,2,False,Right,Front,Right,Left,67
<_io.BytesIO object at 0x000002A112DA4360>,0.8814328908920288,-0.02254180982708931,-0.024521050974726677,120378,48,2,False,Right,Front,Right,Left,67
<_io.BytesIO object at 0x000002A1130359A0>,0.8551535606384277,0.03576967120170593,-0.052810247987508774,120378,48,2,False,Right,Front,Right,Left,67
<_io.BytesIO object at 0x000002A113035F40>,0.8136342167854309,-0.029319733381271362,0.04591089114546776,120378,48,2,False,Right,Front,Right,Left,67
<_io.BytesIO object at 0x000002A112DF3E50>,0.7936878800392151,0.05204007402062416,-0.02740219607949257,120379,48,2,False,Right,Front,Right,Left,67
<_io.BytesIO object at 0x000002A112E284F0>,0.8296951651573181,0.05847587808966637,-0.03391818702220917,120379,48,2,False,Right,Front,Right,Left,67
<_io.BytesIO object at 0x000002A112E282C0>,0.8814328908920288,-0.02254180982708931,-0.024521050974726677,120379,48,2,False,Right,Front,Right,Left,67
<_io.BytesIO object at 0x000002A112E28A90>,0.8551535606384277,0.03576967120170593,-0.052810247987508774,120379,48,2,False,Right,Front,Right,Left,67
<_io.BytesIO object at 0x000002A112E28450>,0.8136342167854309,-0.029319733381271362,0.04591089114546776,120379,48,2,False,Right,Front,Right,Left,67
<_io.BytesIO object at 0x000002A112E0F5E0>,0.7936878800392151,0.05204007402062416,-0.02740219607949257,120380,48,2,False,Right,Front,Right,Left,67
<_io.BytesIO object at 0x000002A112E0F770>,0.8296951651573181,0.05847587808966637,-0.03391818702220917,120380,48,2,False,Right,Front,Right,Left,67
<_io.BytesIO object at 0x000002A17F3454A0>,0.8814328908920288,-0.02254180982708931,-0.024521050974726677,120380,48,2,False,Right,Front,Right,Left,67
<_io.BytesIO object at 0x000002A17F3458B0>,0.8551535606384277,0.03576967120170593,-0.052810247987508774,120380,48,2,False,Right,Front,Right,Left,67
<_io.BytesIO object at 0x000002A17F3452C0>,0.8136342167854309,-0.029319733381271362,0.04591089114546776,120380,48,2,False,Right,Front,Right,Left,67
<_io.BytesIO object at 0x000002A112E12180>,0.7936878800392151,0.05204007402062416,-0.02740219607949257,120381,48,2,False,Right,Front,Right,Left,67
<_io.BytesIO object at 0x000002A112E96B80>,0.8296951651573181,0.05847587808966637,-0.03391818702220917,120381,48,2,False,Right,Front,Right,Left,67
<_io.BytesIO object at 0x000002A112E96270>,0.8814328908920288,-0.02254180982708931,-0.024521050974726677,120381,48,2,False,Right,Front,Right,Left,67
<_io.BytesIO object at 0x000002A112E96130>,0.8551535606384277,0.03576967120170593,-0.052810247987508774,120381,48,2,False,Right,Front,Right,Left,67
<_io.BytesIO object at 0x000002A112E96540>,0.8136342167854309,-0.029319733381271362,0.04591089114546776,120381,48,2,False,Right,Front,Right,Left,67
<_io.BytesIO object at 0x000002A112E82540>,0.7936878800392151,0.05204007402062416,-0.02740219607949257,120382,48,2,False,Right,Front,Right,Left,67
<_io.BytesIO object at 0x000002A112EA3BD0>,0.8296951651573181,0.05847587808966637,-0.03391818702220917,120382,48,2,False,Right,Front,Right,Left,67
<_io.BytesIO object at 0x000002A112EA3D10>,0.8814328908920288,-0.02254180982708931,-0.024521050974726677,120382,48,2,False,Right,Front,Right,Left,67
<_io.BytesIO object at 0x000002A112EA37C0>,0.8551535606384277,0.03576967120170593,-0.052810247987508774,120382,48,2,False,Right,Front,Right,Left,67
<_io.BytesIO object at 0x000002A112EA32C0>,0.8136342167854309,-0.029319733381271362,0.04591089114546776,120382,48,2,False,Right,Front,Right,Left,67
<_io.BytesIO object at 0x000002A112EB0860>,0.7936878800392151,0.05204007402062416,-0.02740219607949257,120383,48,2,False,Right,Front,Right,Left,67
<_io.BytesIO object at 0x000002A112EB0E00>,0.8296951651573181,0.05847587808966637,-0.03391818702220917,120383,48,2,False,Right,Front,Right,Left,67
<_io.BytesIO object at 0x000002A112EB0DB0>,0.8814328908920288,-0.02254180982708931,-0.024521050974726677,120383,48,2,False,Right,Front,Right,Left,67
<_io.BytesIO object at 0x000002A112EB0AE0>,0.8551535606384277,0.03576967120170593,-0.052810247987508774,120383,48,2,False,Right,Front,Right,Left,67
<_io.BytesIO object at 0x000002A112EB0810>,0.8136342167854309,-0.029319733381271362,0.04591089114546776,120383,48,2,False,Right,Front,Right,Left,67
<_io.BytesIO object at 0x000002A112EA39A0>,0.7936878800392151,0.05204007402062416,-0.02740219607949257,120384,48,2,False,Right,Front,Right,Left,67
<_io.BytesIO object at 0x000002A112E82C70>,0.8296951651573181,0.05847587808966637,-0.03391818702220917,120384,48,2,False,Right,Front,Right,Left,67
<_io.BytesIO object at 0x000002A112E826D0>,0.8814328908920288,-0.02254180982708931,-0.024521050974726677,120384,48,2,False,Right,Front,Right,Left,67
<_io.BytesIO object at 0x000002A112E82270>,0.8551535606384277,0.03576967120170593,-0.052810247987508774,120384,48,2,False,Right,Front,Right,Left,67
<_io.BytesIO object at 0x000002A112E82680>,0.8136342167854309,-0.029319733381271362,0.04591089114546776,120384,48,2,False,Right,Front,Right,Left,67
<_io.BytesIO object at 0x000002A112E96AE0>,0.7936878800392151,0.05204007402062416,-0.02740219607949257,120385,48,2,False,Right,Front,Right,Left,67
<_io.BytesIO object at 0x000002A112E96C20>,0.8296951651573181,0.05847587808966637,-0.03391818702220917,120385,48,2,False,Right,Front,Right,Left,67
<_io.BytesIO object at 0x000002A112E12770>,0.8814328908920288,-0.02254180982708931,-0.024521050974726677,120385,48,2,False,Right,Front,Right,Left,67
<_io.BytesIO object at 0x000002A112E12900>,0.8551535606384277,0.03576967120170593,-0.052810247987508774,120385,48,2,False,Right,Front,Right,Left,67
<_io.BytesIO object at 0x000002A112E12F40>,0.8136342167854309,-0.029319733381271362,0.04591089114546776,120385,48,2,False,Right,Front,Right,Left,67
<_io.BytesIO object at 0x000002A17F345400>,0.7936878800392151,0.05204007402062416,-0.02740219607949257,120386,48,2,False,Right,Front,Right,Left,67
<_io.BytesIO object at 0x000002A112E0F4F0>,0.8296951651573181,0.05847587808966637,-0.03391818702220917,120386,48,2,False,Right,Front,Right,Left,67
<_io.BytesIO object at 0x000002A112E0FE50>,0.8814328908920288,-0.02254180982708931,-0.024521050974726677,120386,48,2,False,Right,Front,Right,Left,67
<_io.BytesIO object at 0x000002A112E0FEF0>,0.8551535606384277,0.03576967120170593,-0.052810247987508774,120386,48,2,False,Right,Front,Right,Left,67
<_io.BytesIO object at 0x000002A112E0FF40>,0.8136342167854309,-0.029319733381271362,0.04591089114546776,120386,48,2,False,Right,Front,Right,Left,67
<_io.BytesIO object at 0x000002A112E28860>,0.7936878800392151,0.05204007402062416,-0.02740219607949257,120387,48,2,False,Right,Front,Right,Left,67
<_io.BytesIO object at 0x000002A112DF3EA0>,0.8296951651573181,0.05847587808966637,-0.03391818702220917,120387,48,2,False,Right,Front,Right,Left,67
<_io.BytesIO object at 0x000002A112DF36D0>,0.8814328908920288,-0.02254180982708931,-0.024521050974726677,120387,48,2,False,Right,Front,Right,Left,67
<_io.BytesIO object at 0x000002A112DF35E0>,0.8551535606384277,0.03576967120170593,-0.052810247987508774,120387,48,2,False,Right,Front,Right,Left,67
<_io.BytesIO object at 0x000002A112DF33B0>,0.8136342167854309,-0.029319733381271362,0.04591089114546776,120387,48,2,False,Right,Front,Right,Left,67
<_io.BytesIO object at 0x000002A112EB78B0>,0.7936878800392151,0.05204007402062416,-0.02740219607949257,120388,48,2,False,Right,Front,Right,Left,67
<_io.BytesIO object at 0x000002A112EB7540>,0.8296951651573181,0.05847587808966637,-0.03391818702220917,120388,48,2,False,Right,Front,Right,Left,67
<_io.BytesIO object at 0x000002A112EB77C0>,0.8814328908920288,-0.02254180982708931,-0.024521050974726677,120388,48,2,False,Right,Front,Right,Left,67
<_io.BytesIO object at 0x000002A112EB73B0>,0.8551535606384277,0.03576967120170593,-0.052810247987508774,120388,48,2,False,Right,Front,Right,Left,67
<_io.BytesIO object at 0x000002A112EB76D0>,0.8136342167854309,-0.029319733381271362,0.04591089114546776,120388,48,2,False,Right,Front,Right,Left,67
<_io.BytesIO object at 0x000002A112DFBD10>,0.7936878800392151,0.05204007402062416,-0.02740219607949257,120389,48,2,False,Right,Front,Right,Left,67
<_io.BytesIO object at 0x000002A112E0EB80>,0.8296951651573181,0.05847587808966637,-0.03391818702220917,120389,48,2,False,Right,Front,Right,Left,67
<_io.BytesIO object at 0x000002A112E0E9A0>,0.8814328908920288,-0.02254180982708931,-0.024521050974726677,120389,48,2,False,Right,Front,Right,Left,67
<_io.BytesIO object at 0x000002A112E0E4F0>,0.8551535606384277,0.03576967120170593,-0.052810247987508774,120389,48,2,False,Right,Front,Right,Left,67
<_io.BytesIO object at 0x000002A112E0EEA0>,0.8136342167854309,-0.029319733381271362,0.04591089114546776,120389,48,2,False,Right,Front,Right,Left,67
<_io.BytesIO object at 0x000002A112E210E0>,0.7936878800392151,0.05204007402062416,-0.02740219607949257,120390,48,2,False,Right,Front,Right,Left,67
<_io.BytesIO object at 0x000002A112E21720>,0.8296951651573181,0.05847587808966637,-0.03391818702220917,120390,48,2,False,Right,Front,Right,Left,67
<_io.BytesIO object at 0x000002A112EBEB80>,0.8814328908920288,-0.02254180982708931,-0.024521050974726677,120390,48,2,False,Right,Front,Right,Left,67
<_io.BytesIO object at 0x000002A112EBE9F0>,0.8551535606384277,0.03576967120170593,-0.052810247987508774,120390,48,2,False,Right,Front,Right,Left,67
<_io.BytesIO object at 0x000002A112EBE810>,0.8136342167854309,-0.029319733381271362,0.04591089114546776,120390,48,2,False,Right,Front,Right,Left,67
<_io.BytesIO object at 0x000002A112EA36D0>,0.7936878800392151,0.05204007402062416,-0.02740219607949257,120391,48,2,False,Right,Front,Right,Left,67
<_io.BytesIO object at 0x000002A112EA3810>,0.8296951651573181,0.05847587808966637,-0.03391818702220917,120391,48,2,False,Right,Front,Right,Left,67
<_io.BytesIO object at 0x000002A112EA3F90>,0.8814328908920288,-0.02254180982708931,-0.024521050974726677,120391,48,2,False,Right,Front,Right,Left,67
<_io.BytesIO object at 0x000002A112EA3EA0>,0.8551535606384277,0.03576967120170593,-0.052810247987508774,120391,48,2,False,Right,Front,Right,Left,67
<_io.BytesIO object at 0x000002A112E82D60>,0.8136342167854309,-0.029319733381271362,0.04591089114546776,120391,48,2,False,Right,Front,Right,Left,67
<_io.BytesIO object at 0x000002A112DFBDB0>,0.7936878800392151,0.05204007402062416,-0.02740219607949257,120392,48,2,False,Right,Front,Right,Left,67
<_io.BytesIO object at 0x000002A112E96E50>,0.8296951651573181,0.05847587808966637,-0.03391818702220917,120392,48,2,False,Right,Front,Right,Left,67
<_io.BytesIO object at 0x000002A112E96E00>,0.8814328908920288,-0.02254180982708931,-0.024521050974726677,120392,48,2,False,Right,Front,Right,Left,67
<_io.BytesIO object at 0x000002A112E96EF0>,0.8551535606384277,0.03576967120170593,-0.052810247987508774,120392,48,2,False,Right,Front,Right,Left,67
<_io.BytesIO object at 0x000002A112E96A90>,0.8136342167854309,-0.029319733381271362,0.04591089114546776,120392,48,2,False,Right,Front,Right,Left,67
<_io.BytesIO object at 0x000002A113035900>,0.7936878800392151,0.05204007402062416,-0.02740219607949257,120393,48,2,False,Right,Front,Right,Left,67
<_io.BytesIO object at 0x000002A17F345900>,0.8296951651573181,0.05847587808966637,-0.03391818702220917,120393,48,2,False,Right,Front,Right,Left,67
<_io.BytesIO object at 0x000002A17F345400>,0.8814328908920288,-0.02254180982708931,-0.024521050974726677,120393,48,2,False,Right,Front,Right,Left,67
<_io.BytesIO object at 0x000002A112E0F950>,0.8551535606384277,0.03576967120170593,-0.052810247987508774,120393,48,2,False,Right,Front,Right,Left,67
<_io.BytesIO object at 0x000002A112E0F770>,0.8136342167854309,-0.029319733381271362,0.04591089114546776,120393,48,2,False,Right,Front,Right,Left,67
<_io.BytesIO object at 0x000002A112E28AE0>,0.7936878800392151,0.05204007402062416,-0.02740219607949257,120394,48,2,False,Right,Front,Right,Left,67
<_io.BytesIO object at 0x000002A112E831D0>,0.8296951651573181,0.05847587808966637,-0.03391818702220917,120394,48,2,False,Right,Front,Right,Left,67
<_io.BytesIO object at 0x000002A112E83950>,0.8814328908920288,-0.02254180982708931,-0.024521050974726677,120394,48,2,False,Right,Front,Right,Left,67
<_io.BytesIO object at 0x000002A112E83B30>,0.8551535606384277,0.03576967120170593,-0.052810247987508774,120394,48,2,False,Right,Front,Right,Left,67
<_io.BytesIO object at 0x000002A112E83D10>,0.8136342167854309,-0.029319733381271362,0.04591089114546776,120394,48,2,False,Right,Front,Right,Left,67
<_io.BytesIO object at 0x000002A112DF3D10>,0.7936878800392151,0.05204007402062416,-0.02740219607949257,120395,48,2,False,Right,Front,Right,Left,67
<_io.BytesIO object at 0x000002A112DF3720>,0.8296951651573181,0.05847587808966637,-0.03391818702220917,120395,48,2,False,Right,Front,Right,Left,67
<_io.BytesIO object at 0x000002A112E0F0E0>,0.8814328908920288,-0.02254180982708931,-0.024521050974726677,120395,48,2,False,Right,Front,Right,Left,67
<_io.BytesIO object at 0x000002A112E0FC70>,0.8551535606384277,0.03576967120170593,-0.052810247987508774,120395,48,2,False,Right,Front,Right,Left,67
<_io.BytesIO object at 0x000002A112E0FEF0>,0.8136342167854309,-0.029319733381271362,0.04591089114546776,120395,48,2,False,Right,Front,Right,Left,67
<_io.BytesIO object at 0x000002A112EB7F90>,0.7936878800392151,0.05204007402062416,-0.02740219607949257,120396,48,2,False,Right,Front,Right,Left,67
<_io.BytesIO object at 0x000002A112E12E50>,0.8296951651573181,0.05847587808966637,-0.03391818702220917,120396,48,2,False,Right,Front,Right,Left,67
<_io.BytesIO object at 0x000002A112E120E0>,0.8814328908920288,-0.02254180982708931,-0.024521050974726677,120396,48,2,False,Right,Front,Right,Left,67
<_io.BytesIO object at 0x000002A112E12AE0>,0.8551535606384277,0.03576967120170593,-0.052810247987508774,120396,48,2,False,Right,Front,Right,Left,67
<_io.BytesIO object at 0x000002A112E127C0>,0.8136342167854309,-0.029319733381271362,0.04591089114546776,120396,48,2,False,Right,Front,Right,Left,67
<_io.BytesIO object at 0x000002A112E0ED60>,0.7936878800392151,0.05204007402062416,-0.02740219607949257,120397,48,2,False,Right,Front,Right,Left,67
<_io.BytesIO object at 0x000002A112E0E5E0>,0.8296951651573181,0.05847587808966637,-0.03391818702220917,120397,48,2,False,Right,Front,Right,Left,67
<_io.BytesIO object at 0x000002A112EA3450>,0.8814328908920288,-0.02254180982708931,-0.024521050974726677,120397,48,2,False,Right,Front,Right,Left,67
<_io.BytesIO object at 0x000002A112EA3E50>,0.8551535606384277,0.03576967120170593,-0.052810247987508774,120397,48,2,False,Right,Front,Right,Left,67
<_io.BytesIO object at 0x000002A112EA3950>,0.8136342167854309,-0.029319733381271362,0.04591089114546776,120397,48,2,False,Right,Front,Right,Left,67
<_io.BytesIO object at 0x000002A112EBE8B0>,0.7936878800392151,0.05204007402062416,-0.02740219607949257,120398,48,2,False,Right,Front,Right,Left,67
<_io.BytesIO object at 0x000002A112EBE540>,0.8296951651573181,0.05847587808966637,-0.03391818702220917,120398,48,2,False,Right,Front,Right,Left,67
<_io.BytesIO object at 0x000002A112E9F130>,0.8814328908920288,-0.02254180982708931,-0.024521050974726677,120398,48,2,False,Right,Front,Right,Left,67
<_io.BytesIO object at 0x000002A112EBEC70>,0.8551535606384277,0.03576967120170593,-0.052810247987508774,120398,48,2,False,Right,Front,Right,Left,67
<_io.BytesIO object at 0x000002A112EBE1D0>,0.8136342167854309,-0.029319733381271362,0.04591089114546776,120398,48,2,False,Right,Front,Right,Left,67
<_io.BytesIO object at 0x000002A112EA3310>,0.7936878800392151,0.05204007402062416,-0.02740219607949257,120399,48,2,False,Right,Front,Right,Left,67
<_io.BytesIO object at 0x000002A112EA39F0>,0.8296951651573181,0.05847587808966637,-0.03391818702220917,120399,48,2,False,Right,Front,Right,Left,67
<_io.BytesIO object at 0x000002A112EA31D0>,0.8814328908920288,-0.02254180982708931,-0.024521050974726677,120399,48,2,False,Right,Front,Right,Left,67
<_io.BytesIO object at 0x000002A112E0ED60>,0.8551535606384277,0.03576967120170593,-0.052810247987508774,120399,48,2,False,Right,Front,Right,Left,67
<_io.BytesIO object at 0x000002A112E0E680>,0.8136342167854309,-0.029319733381271362,0.04591089114546776,120399,48,2,False,Right,Front,Right,Left,67
<_io.BytesIO object at 0x000002A112E12090>,0.7936878800392151,0.05204007402062416,-0.02740219607949257,120400,48,2,False,Right,Front,Right,Left,67
<_io.BytesIO object at 0x000002A112E12770>,0.8296951651573181,0.05847587808966637,-0.03391818702220917,120400,48,2,False,Right,Front,Right,Left,67
<_io.BytesIO object at 0x000002A112E12270>,0.8814328908920288,-0.02254180982708931,-0.024521050974726677,120400,48,2,False,Right,Front,Right,Left,67
<_io.BytesIO object at 0x000002A112E123B0>,0.8551535606384277,0.03576967120170593,-0.052810247987508774,120400,48,2,False,Right,Front,Right,Left,67
<_io.BytesIO object at 0x000002A112E12360>,0.8136342167854309,-0.029319733381271362,0.04591089114546776,120400,48,2,False,Right,Front,Right,Left,67
<_io.BytesIO object at 0x000002A112E0FA40>,0.7936878800392151,0.05204007402062416,-0.02740219607949257,120401,48,2,False,Right,Front,Right,Left,67
<_io.BytesIO object at 0x000002A112E0F810>,0.8296951651573181,0.05847587808966637,-0.03391818702220917,120401,48,2,False,Right,Front,Right,Left,67
<_io.BytesIO object at 0x000002A112E0F1D0>,0.8814328908920288,-0.02254180982708931,-0.024521050974726677,120401,48,2,False,Right,Front,Right,Left,67
<_io.BytesIO object at 0x000002A112DF3AE0>,0.8551535606384277,0.03576967120170593,-0.052810247987508774,120401,48,2,False,Right,Front,Right,Left,67
<_io.BytesIO object at 0x000002A112DF3A40>,0.8136342167854309,-0.029319733381271362,0.04591089114546776,120401,48,2,False,Right,Front,Right,Left,67
<_io.BytesIO object at 0x000002A112E83AE0>,0.7936878800392151,0.05204007402062416,-0.02740219607949257,120402,48,2,False,Right,Front,Right,Left,67
<_io.BytesIO object at 0x000002A112E83D60>,0.8296951651573181,0.05847587808966637,-0.03391818702220917,120402,48,2,False,Right,Front,Right,Left,67
<_io.BytesIO object at 0x000002A112E839A0>,0.8814328908920288,-0.02254180982708931,-0.024521050974726677,120402,48,2,False,Right,Front,Right,Left,67
<_io.BytesIO object at 0x000002A112E83770>,0.8551535606384277,0.03576967120170593,-0.052810247987508774,120402,48,2,False,Right,Front,Right,Left,67
<_io.BytesIO object at 0x000002A112E83680>,0.8136342167854309,-0.029319733381271362,0.04591089114546776,120402,48,2,False,Right,Front,Right,Left,67
<_io.BytesIO object at 0x000002A112E0F9A0>,0.7936878800392151,0.05204007402062416,-0.02740219607949257,120403,48,2,False,Right,Front,Right,Left,67
<_io.BytesIO object at 0x000002A112E0FDB0>,0.8296951651573181,0.05847587808966637,-0.03391818702220917,120403,48,2,False,Right,Front,Right,Left,67
<_io.BytesIO object at 0x000002A17F345360>,0.8814328908920288,-0.02254180982708931,-0.024521050974726677,120403,48,2,False,Right,Front,Right,Left,67
<_io.BytesIO object at 0x000002A17F3455E0>,0.8551535606384277,0.03576967120170593,-0.052810247987508774,120403,48,2,False,Right,Front,Right,Left,67
<_io.BytesIO object at 0x000002A17F3452C0>,0.8136342167854309,-0.029319733381271362,0.04591089114546776,120403,48,2,False,Right,Front,Right,Left,67
<_io.BytesIO object at 0x000002A112E12B80>,0.7936878800392151,0.05204007402062416,-0.02740219607949257,120404,48,2,False,Right,Front,Right,Left,67
<_io.BytesIO object at 0x000002A112E96310>,0.8296951651573181,0.05847587808966637,-0.03391818702220917,120404,48,2,False,Right,Front,Right,Left,67
<_io.BytesIO object at 0x000002A112E965E0>,0.8814328908920288,-0.02254180982708931,-0.024521050974726677,120404,48,2,False,Right,Front,Right,Left,67
<_io.BytesIO object at 0x000002A112E96180>,0.8551535606384277,0.03576967120170593,-0.052810247987508774,120404,48,2,False,Right,Front,Right,Left,67
<_io.BytesIO object at 0x000002A112E961D0>,0.8136342167854309,-0.029319733381271362,0.04591089114546776,120404,48,2,False,Right,Front,Right,Left,67
<_io.BytesIO object at 0x000002A112EA3E00>,0.7936878800392151,0.05204007402062416,-0.02740219607949257,120405,48,2,False,Right,Front,Right,Left,67
<_io.BytesIO object at 0x000002A112EA3D10>,0.8296951651573181,0.05847587808966637,-0.03391818702220917,120405,48,2,False,Right,Front,Right,Left,67
<_io.BytesIO object at 0x000002A112EA3720>,0.8814328908920288,-0.02254180982708931,-0.024521050974726677,120405,48,2,False,Right,Front,Right,Left,67
<_io.BytesIO object at 0x000002A112E82130>,0.8551535606384277,0.03576967120170593,-0.052810247987508774,120405,48,2,False,Right,Front,Right,Left,67
<_io.BytesIO object at 0x000002A112E82DB0>,0.8136342167854309,-0.029319733381271362,0.04591089114546776,120405,48,2,False,Right,Front,Right,Left,67
<_io.BytesIO object at 0x000002A112EBEC70>,0.7936878800392151,0.05204007402062416,-0.02740219607949257,120406,48,2,False,Right,Front,Right,Left,67
<_io.BytesIO object at 0x000002A112EBEB80>,0.8296951651573181,0.05847587808966637,-0.03391818702220917,120406,48,2,False,Right,Front,Right,Left,67
<_io.BytesIO object at 0x000002A112EBEBD0>,0.8814328908920288,-0.02254180982708931,-0.024521050974726677,120406,48,2,False,Right,Front,Right,Left,67
<_io.BytesIO object at 0x000002A112EBE400>,0.8551535606384277,0.03576967120170593,-0.052810247987508774,120406,48,2,False,Right,Front,Right,Left,67
<_io.BytesIO object at 0x000002A112EBE680>,0.8136342167854309,-0.029319733381271362,0.04591089114546776,120406,48,2,False,Right,Front,Right,Left,67
<_io.BytesIO object at 0x000002A112EA3770>,0.7936878800392151,0.05204007402062416,-0.02740219607949257,120407,48,2,False,Right,Front,Right,Left,67
<_io.BytesIO object at 0x000002A112E0EE00>,0.8296951651573181,0.05847587808966637,-0.03391818702220917,120407,48,2,False,Right,Front,Right,Left,67
<_io.BytesIO object at 0x000002A112E0E4F0>,0.8814328908920288,-0.02254180982708931,-0.024521050974726677,120407,48,2,False,Right,Front,Right,Left,67
<_io.BytesIO object at 0x000002A112E0EBD0>,0.8551535606384277,0.03576967120170593,-0.052810247987508774,120407,48,2,False,Right,Front,Right,Left,67
<_io.BytesIO object at 0x000002A112E0E6D0>,0.8136342167854309,-0.029319733381271362,0.04591089114546776,120407,48,2,False,Right,Front,Right,Left,67
<_io.BytesIO object at 0x000002A112E12A90>,0.7936878800392151,0.05204007402062416,-0.02740219607949257,120408,48,2,False,Right,Front,Right,Left,67
<_io.BytesIO object at 0x000002A112E12450>,0.8296951651573181,0.05847587808966637,-0.03391818702220917,120408,48,2,False,Right,Front,Right,Left,67
<_io.BytesIO object at 0x000002A112EB7950>,0.8814328908920288,-0.02254180982708931,-0.024521050974726677,120408,48,2,False,Right,Front,Right,Left,67
<_io.BytesIO object at 0x000002A112EB7270>,0.8551535606384277,0.03576967120170593,-0.052810247987508774,120408,48,2,False,Right,Front,Right,Left,67
<_io.BytesIO object at 0x000002A112EB72C0>,0.8136342167854309,-0.029319733381271362,0.04591089114546776,120408,48,2,False,Right,Front,Right,Left,67
<_io.BytesIO object at 0x000002A112E0FF90>,0.7936878800392151,0.05204007402062416,-0.02740219607949257,120409,48,2,False,Right,Front,Right,Left,67
<_io.BytesIO object at 0x000002A112DF3F90>,0.8296951651573181,0.05847587808966637,-0.03391818702220917,120409,48,2,False,Right,Front,Right,Left,67
<_io.BytesIO object at 0x000002A112DF3F40>,0.8814328908920288,-0.02254180982708931,-0.024521050974726677,120409,48,2,False,Right,Front,Right,Left,67
<_io.BytesIO object at 0x000002A112DF3860>,0.8551535606384277,0.03576967120170593,-0.052810247987508774,120409,48,2,False,Right,Front,Right,Left,67
<_io.BytesIO object at 0x000002A112DF39A0>,0.8136342167854309,-0.029319733381271362,0.04591089114546776,120409,48,2,False,Right,Front,Right,Left,67
<_io.BytesIO object at 0x000002A112E83770>,0.7936878800392151,0.05204007402062416,-0.02740219607949257,120410,48,2,False,Right,Front,Right,Left,67
<_io.BytesIO object at 0x000002A112E83130>,0.8296951651573181,0.05847587808966637,-0.03391818702220917,120410,48,2,False,Right,Front,Right,Left,67
<_io.BytesIO object at 0x000002A112E83E00>,0.8814328908920288,-0.02254180982708931,-0.024521050974726677,120410,48,2,False,Right,Front,Right,Left,67
<_io.BytesIO object at 0x000002A112E83400>,0.8551535606384277,0.03576967120170593,-0.052810247987508774,120410,48,2,False,Right,Front,Right,Left,67
<_io.BytesIO object at 0x000002A112E83270>,0.8136342167854309,-0.029319733381271362,0.04591089114546776,120410,48,2,False,Right,Front,Right,Left,67
<_io.BytesIO object at 0x000002A112E0FE00>,0.7936878800392151,0.05204007402062416,-0.02740219607949257,120411,48,2,False,Right,Front,Right,Left,67
<_io.BytesIO object at 0x000002A17F3454A0>,0.8296951651573181,0.05847587808966637,-0.03391818702220917,120411,48,2,False,Right,Front,Right,Left,67
<_io.BytesIO object at 0x000002A17F345090>,0.8814328908920288,-0.02254180982708931,-0.024521050974726677,120411,48,2,False,Right,Front,Right,Left,67
<_io.BytesIO object at 0x000002A1130355E0>,0.8551535606384277,0.03576967120170593,-0.052810247987508774,120411,48,2,False,Right,Front,Right,Left,67
<_io.BytesIO object at 0x000002A113035770>,0.8136342167854309,-0.029319733381271362,0.04591089114546776,120411,48,2,False,Right,Front,Right,Left,67
<_io.BytesIO object at 0x000002A112E12770>,0.7936878800392151,0.05204007402062416,-0.02740219607949257,120412,48,2,False,Right,Front,Right,Left,67
<_io.BytesIO object at 0x000002A112E969A0>,0.8296951651573181,0.05847587808966637,-0.03391818702220917,120412,48,2,False,Right,Front,Right,Left,67
<_io.BytesIO object at 0x000002A112E96D60>,0.8814328908920288,-0.02254180982708931,-0.024521050974726677,120412,48,2,False,Right,Front,Right,Left,67
<_io.BytesIO object at 0x000002A112E96CC0>,0.8551535606384277,0.03576967120170593,-0.052810247987508774,120412,48,2,False,Right,Front,Right,Left,67
<_io.BytesIO object at 0x000002A112E96AE0>,0.8136342167854309,-0.029319733381271362,0.04591089114546776,120412,48,2,False,Right,Front,Right,Left,67
<_io.BytesIO object at 0x000002A112EA3D10>,0.7936878800392151,0.05204007402062416,-0.02740219607949257,120413,48,2,False,Right,Front,Right,Left,67
<_io.BytesIO object at 0x000002A112EA3400>,0.8296951651573181,0.05847587808966637,-0.03391818702220917,120413,48,2,False,Right,Front,Right,Left,67
<_io.BytesIO object at 0x000002A112E829A0>,0.8814328908920288,-0.02254180982708931,-0.024521050974726677,120413,48,2,False,Right,Front,Right,Left,67
<_io.BytesIO object at 0x000002A112E828B0>,0.8551535606384277,0.03576967120170593,-0.052810247987508774,120413,48,2,False,Right,Front,Right,Left,67
<_io.BytesIO object at 0x000002A112E82040>,0.8136342167854309,-0.029319733381271362,0.04591089114546776,120413,48,2,False,Right,Front,Right,Left,67
<_io.BytesIO object at 0x000002A112EA35E0>,0.7936878800392151,0.05204007402062416,-0.02740219607949257,120414,48,2,False,Right,Front,Right,Left,67
<_io.BytesIO object at 0x000002A112EA3C70>,0.8296951651573181,0.05847587808966637,-0.03391818702220917,120414,48,2,False,Right,Front,Right,Left,67
<_io.BytesIO object at 0x000002A112EA32C0>,0.8814328908920288,-0.02254180982708931,-0.024521050974726677,120414,48,2,False,Right,Front,Right,Left,67
<_io.BytesIO object at 0x000002A112EA3D60>,0.8551535606384277,0.03576967120170593,-0.052810247987508774,120414,48,2,False,Right,Front,Right,Left,67
<_io.BytesIO object at 0x000002A112EA3BD0>,0.8136342167854309,-0.029319733381271362,0.04591089114546776,120414,48,2,False,Right,Front,Right,Left,67
<_io.BytesIO object at 0x000002A112E96C70>,0.7936878800392151,0.05204007402062416,-0.02740219607949257,120415,48,2,False,Right,Front,Right,Left,67
<_io.BytesIO object at 0x000002A112E96C20>,0.8296951651573181,0.05847587808966637,-0.03391818702220917,120415,48,2,False,Right,Front,Right,Left,67
<_io.BytesIO object at 0x000002A112E12400>,0.8814328908920288,-0.02254180982708931,-0.024521050974726677,120415,48,2,False,Right,Front,Right,Left,67
<_io.BytesIO object at 0x000002A112E12900>,0.8551535606384277,0.03576967120170593,-0.052810247987508774,120415,48,2,False,Right,Front,Right,Left,67
<_io.BytesIO object at 0x000002A112E12D60>,0.8136342167854309,-0.029319733381271362,0.04591089114546776,120415,48,2,False,Right,Front,Right,Left,67
<_io.BytesIO object at 0x000002A113035BD0>,0.7936878800392151,0.05204007402062416,-0.02740219607949257,120416,48,2,False,Right,Front,Right,Left,67
<_io.BytesIO object at 0x000002A112E28130>,0.8296951651573181,0.05847587808966637,-0.03391818702220917,120416,48,2,False,Right,Front,Right,Left,67
<_io.BytesIO object at 0x000002A112E282C0>,0.8814328908920288,-0.02254180982708931,-0.024521050974726677,120416,48,2,False,Right,Front,Right,Left,67
<_io.BytesIO object at 0x000002A112E284F0>,0.8551535606384277,0.03576967120170593,-0.052810247987508774,120416,48,2,False,Right,Front,Right,Left,67
<_io.BytesIO object at 0x000002A112E280E0>,0.8136342167854309,-0.029319733381271362,0.04591089114546776,120416,48,2,False,Right,Front,Right,Left,67
<_io.BytesIO object at 0x000002A112E0F540>,0.7936878800392151,0.05204007402062416,-0.02740219607949257,120417,48,2,False,Right,Front,Right,Left,67
<_io.BytesIO object at 0x000002A112E0F7C0>,0.8296951651573181,0.05847587808966637,-0.03391818702220917,120417,48,2,False,Right,Front,Right,Left,67
<_io.BytesIO object at 0x000002A112E0F4A0>,0.8814328908920288,-0.02254180982708931,-0.024521050974726677,120417,48,2,False,Right,Front,Right,Left,67
<_io.BytesIO object at 0x000002A112E82720>,0.8551535606384277,0.03576967120170593,-0.052810247987508774,120417,48,2,False,Right,Front,Right,Left,67
<_io.BytesIO object at 0x000002A112E82D60>,0.8136342167854309,-0.029319733381271362,0.04591089114546776,120417,48,2,False,Right,Front,Right,Left,67
<_io.BytesIO object at 0x000002A112E9F4F0>,0.7936878800392151,0.05204007402062416,-0.02740219607949257,120418,48,2,False,Right,Front,Right,Left,67
<_io.BytesIO object at 0x000002A112E9F810>,0.8296951651573181,0.05847587808966637,-0.03391818702220917,120418,48,2,False,Right,Front,Right,Left,67
<_io.BytesIO object at 0x000002A112E9FC70>,0.8814328908920288,-0.02254180982708931,-0.024521050974726677,120418,48,2,False,Right,Front,Right,Left,67
<_io.BytesIO object at 0x000002A112E9FE50>,0.8551535606384277,0.03576967120170593,-0.052810247987508774,120418,48,2,False,Right,Front,Right,Left,67
<_io.BytesIO object at 0x000002A112E93090>,0.8136342167854309,-0.029319733381271362,0.04591089114546776,120418,48,2,False,Right,Front,Right,Left,67
<_io.BytesIO object at 0x000002A112E82CC0>,0.7936878800392151,0.05204007402062416,-0.02740219607949257,120419,48,2,False,Right,Front,Right,Left,67
<_io.BytesIO object at 0x000002A112E82040>,0.8296951651573181,0.05847587808966637,-0.03391818702220917,120419,48,2,False,Right,Front,Right,Left,67
<_io.BytesIO object at 0x000002A112E82680>,0.8814328908920288,-0.02254180982708931,-0.024521050974726677,120419,48,2,False,Right,Front,Right,Left,67
<_io.BytesIO object at 0x000002A112E82270>,0.8551535606384277,0.03576967120170593,-0.052810247987508774,120419,48,2,False,Right,Front,Right,Left,67
<_io.BytesIO object at 0x000002A112E0FF90>,0.8136342167854309,-0.029319733381271362,0.04591089114546776,120419,48,2,False,Right,Front,Right,Left,67
<_io.BytesIO object at 0x000002A112E288B0>,0.7936878800392151,0.05204007402062416,-0.02740219607949257,120420,48,2,False,Right,Front,Right,Left,67
<_io.BytesIO object at 0x000002A112E28AE0>,0.8296951651573181,0.05847587808966637,-0.03391818702220917,120420,48,2,False,Right,Front,Right,Left,67
<_io.BytesIO object at 0x000002A113035BD0>,0.8814328908920288,-0.02254180982708931,-0.024521050974726677,120420,48,2,False,Right,Front,Right,Left,67
<_io.BytesIO object at 0x000002A113035CC0>,0.8551535606384277,0.03576967120170593,-0.052810247987508774,120420,48,2,False,Right,Front,Right,Left,67
<_io.BytesIO object at 0x000002A1130354A0>,0.8136342167854309,-0.029319733381271362,0.04591089114546776,120420,48,2,False,Right,Front,Right,Left,67
<_io.BytesIO object at 0x000002A112E124F0>,0.7936878800392151,0.05204007402062416,-0.02740219607949257,120421,48,2,False,Right,Front,Right,Left,67
<_io.BytesIO object at 0x000002A112E96450>,0.8296951651573181,0.05847587808966637,-0.03391818702220917,120421,48,2,False,Right,Front,Right,Left,67
<_io.BytesIO object at 0x000002A112E96040>,0.8814328908920288,-0.02254180982708931,-0.024521050974726677,120421,48,2,False,Right,Front,Right,Left,67
<_io.BytesIO object at 0x000002A112E96CC0>,0.8551535606384277,0.03576967120170593,-0.052810247987508774,120421,48,2,False,Right,Front,Right,Left,67
<_io.BytesIO object at 0x000002A112E96AE0>,0.8136342167854309,-0.029319733381271362,0.04591089114546776,120421,48,2,False,Right,Front,Right,Left,67
<_io.BytesIO object at 0x000002A112E0E9F0>,0.7936878800392151,0.05204007402062416,-0.02740219607949257,120422,48,2,False,Right,Front,Right,Left,67
<_io.BytesIO object at 0x000002A112E0E4A0>,0.8296951651573181,0.05847587808966637,-0.03391818702220917,120422,48,2,False,Right,Front,Right,Left,67
<_io.BytesIO object at 0x000002A112E0EC70>,0.8814328908920288,-0.02254180982708931,-0.024521050974726677,120422,48,2,False,Right,Front,Right,Left,67
<_io.BytesIO object at 0x000002A112EA31D0>,0.8551535606384277,0.03576967120170593,-0.052810247987508774,120422,48,2,False,Right,Front,Right,Left,67
<_io.BytesIO object at 0x000002A112EA3450>,0.8136342167854309,-0.029319733381271362,0.04591089114546776,120422,48,2,False,Right,Front,Right,Left,67
<_io.BytesIO object at 0x000002A112DFBC70>,0.7936878800392151,0.05204007402062416,-0.02740219607949257,120423,48,2,False,Right,Front,Right,Left,67
<_io.BytesIO object at 0x000002A112DFB040>,0.8296951651573181,0.05847587808966637,-0.03391818702220917,120423,48,2,False,Right,Front,Right,Left,67
<_io.BytesIO object at 0x000002A112DFB900>,0.8814328908920288,-0.02254180982708931,-0.024521050974726677,120423,48,2,False,Right,Front,Right,Left,67
<_io.BytesIO object at 0x000002A112DFB220>,0.8551535606384277,0.03576967120170593,-0.052810247987508774,120423,48,2,False,Right,Front,Right,Left,67
<_io.BytesIO object at 0x000002A112DFBF90>,0.8136342167854309,-0.029319733381271362,0.04591089114546776,120423,48,2,False,Right,Front,Right,Left,67
<_io.BytesIO object at 0x000002A112E12A90>,0.7936878800392151,0.05204007402062416,-0.02740219607949257,120424,48,2,False,Right,Front,Right,Left,67
<_io.BytesIO object at 0x000002A112E12EF0>,0.8296951651573181,0.05847587808966637,-0.03391818702220917,120424,48,2,False,Right,Front,Right,Left,67
<_io.BytesIO object at 0x000002A112EB7900>,0.8814328908920288,-0.02254180982708931,-0.024521050974726677,120424,48,2,False,Right,Front,Right,Left,67
<_io.BytesIO object at 0x000002A112EB7450>,0.8551535606384277,0.03576967120170593,-0.052810247987508774,120424,48,2,False,Right,Front,Right,Left,67
<_io.BytesIO object at 0x000002A112EB7B80>,0.8136342167854309,-0.029319733381271362,0.04591089114546776,120424,48,2,False,Right,Front,Right,Left,67
<_io.BytesIO object at 0x000002A112E28C70>,0.7936878800392151,0.05204007402062416,-0.02740219607949257,120425,48,2,False,Right,Front,Right,Left,67
<_io.BytesIO object at 0x000002A112DF39A0>,0.8296951651573181,0.05847587808966637,-0.03391818702220917,120425,48,2,False,Right,Front,Right,Left,67
<_io.BytesIO object at 0x000002A112DF3450>,0.8814328908920288,-0.02254180982708931,-0.024521050974726677,120425,48,2,False,Right,Front,Right,Left,67
<_io.BytesIO object at 0x000002A112DF3220>,0.8551535606384277,0.03576967120170593,-0.052810247987508774,120425,48,2,False,Right,Front,Right,Left,67
<_io.BytesIO object at 0x000002A112DF3540>,0.8136342167854309,-0.029319733381271362,0.04591089114546776,120425,48,2,False,Right,Front,Right,Left,67
<_io.BytesIO object at 0x000002A17F345810>,0.7936878800392151,0.05204007402062416,-0.02740219607949257,120426,48,2,False,Right,Front,Right,Left,67
<_io.BytesIO object at 0x000002A112EBE860>,0.8296951651573181,0.05847587808966637,-0.03391818702220917,120426,48,2,False,Right,Front,Right,Left,67
<_io.BytesIO object at 0x000002A112EBED10>,0.8814328908920288,-0.02254180982708931,-0.024521050974726677,120426,48,2,False,Right,Front,Right,Left,67
<_io.BytesIO object at 0x000002A112EBE4A0>,0.8551535606384277,0.03576967120170593,-0.052810247987508774,120426,48,2,False,Right,Front,Right,Left,67
<_io.BytesIO object at 0x000002A112EBE6D0>,0.8136342167854309,-0.029319733381271362,0.04591089114546776,120426,48,2,False,Right,Front,Right,Left,67
<_io.BytesIO object at 0x000002A112EBE9F0>,0.7936878800392151,0.05204007402062416,-0.02740219607949257,120427,48,2,False,Right,Front,Right,Left,67
<_io.BytesIO object at 0x000002A112EBEE00>,0.8296951651573181,0.05847587808966637,-0.03391818702220917,120427,48,2,False,Right,Front,Right,Left,67
<_io.BytesIO object at 0x000002A17F3452C0>,0.8814328908920288,-0.02254180982708931,-0.024521050974726677,120427,48,2,False,Right,Front,Right,Left,67
<_io.BytesIO object at 0x000002A17F345360>,0.8551535606384277,0.03576967120170593,-0.052810247987508774,120427,48,2,False,Right,Front,Right,Left,67
<_io.BytesIO object at 0x000002A17F345770>,0.8136342167854309,-0.029319733381271362,0.04591089114546776,120427,48,2,False,Right,Front,Right,Left,67
<_io.BytesIO object at 0x000002A112DF38B0>,0.7936878800392151,0.05204007402062416,-0.02740219607949257,120428,48,2,False,Right,Front,Right,Left,67
<_io.BytesIO object at 0x000002A112DF3270>,0.8296951651573181,0.05847587808966637,-0.03391818702220917,120428,48,2,False,Right,Front,Right,Left,67
<_io.BytesIO object at 0x000002A112DF3D60>,0.8814328908920288,-0.02254180982708931,-0.024521050974726677,120428,48,2,False,Right,Front,Right,Left,67
<_io.BytesIO object at 0x000002A112E28EF0>,0.8551535606384277,0.03576967120170593,-0.052810247987508774,120428,48,2,False,Right,Front,Right,Left,67
<_io.BytesIO object at 0x000002A112E28A90>,0.8136342167854309,-0.029319733381271362,0.04591089114546776,120428,48,2,False,Right,Front,Right,Left,67
<_io.BytesIO object at 0x000002A112EB77C0>,0.7936878800392151,0.05204007402062416,-0.02740219607949257,120429,48,2,False,Right,Front,Right,Left,67
<_io.BytesIO object at 0x000002A112E12A90>,0.8296951651573181,0.05847587808966637,-0.03391818702220917,120429,48,2,False,Right,Front,Right,Left,67
<_io.BytesIO object at 0x000002A112E12220>,0.8814328908920288,-0.02254180982708931,-0.024521050974726677,120429,48,2,False,Right,Front,Right,Left,67
<_io.BytesIO object at 0x000002A112E12F40>,0.8551535606384277,0.03576967120170593,-0.052810247987508774,120429,48,2,False,Right,Front,Right,Left,67
<_io.BytesIO object at 0x000002A112E12D10>,0.8136342167854309,-0.029319733381271362,0.04591089114546776,120429,48,2,False,Right,Front,Right,Left,67
<_io.BytesIO object at 0x000002A112E21F40>,0.7936878800392151,0.05204007402062416,-0.02740219607949257,120430,48,2,False,Right,Front,Right,Left,67
<_io.BytesIO object at 0x000002A112E21360>,0.8296951651573181,0.05847587808966637,-0.03391818702220917,120430,48,2,False,Right,Front,Right,Left,67
<_io.BytesIO object at 0x000002A112E21270>,0.8814328908920288,-0.02254180982708931,-0.024521050974726677,120430,48,2,False,Right,Front,Right,Left,67
<_io.BytesIO object at 0x000002A112E21040>,0.8551535606384277,0.03576967120170593,-0.052810247987508774,120430,48,2,False,Right,Front,Right,Left,67
<_io.BytesIO object at 0x000002A112E0E180>,0.8136342167854309,-0.029319733381271362,0.04591089114546776,120430,48,2,False,Right,Front,Right,Left,67
<_io.BytesIO object at 0x000002A112E0ECC0>,0.7936878800392151,0.05204007402062416,-0.02740219607949257,120431,48,2,False,Right,Front,Right,Left,67
<_io.BytesIO object at 0x000002A112E0E090>,0.8296951651573181,0.05847587808966637,-0.03391818702220917,120431,48,2,False,Right,Front,Right,Left,67
<_io.BytesIO object at 0x000002A112E0E8B0>,0.8814328908920288,-0.02254180982708931,-0.024521050974726677,120431,48,2,False,Right,Front,Right,Left,67
<_io.BytesIO object at 0x000002A112E0E810>,0.8551535606384277,0.03576967120170593,-0.052810247987508774,120431,48,2,False,Right,Front,Right,Left,67
<_io.BytesIO object at 0x000002A112E21590>,0.8136342167854309,-0.029319733381271362,0.04591089114546776,120431,48,2,False,Right,Front,Right,Left,67
<_io.BytesIO object at 0x000002A112E96540>,0.7936878800392151,0.05204007402062416,-0.02740219607949257,120432,48,2,False,Right,Front,Right,Left,67
<_io.BytesIO object at 0x000002A112E96D10>,0.8296951651573181,0.05847587808966637,-0.03391818702220917,120432,48,2,False,Right,Front,Right,Left,67
<_io.BytesIO object at 0x000002A112E12C70>,0.8814328908920288,-0.02254180982708931,-0.024521050974726677,120432,48,2,False,Right,Front,Right,Left,67
<_io.BytesIO object at 0x000002A112E12630>,0.8551535606384277,0.03576967120170593,-0.052810247987508774,120432,48,2,False,Right,Front,Right,Left,67
<_io.BytesIO object at 0x000002A112E12F40>,0.8136342167854309,-0.029319733381271362,0.04591089114546776,120432,48,2,False,Right,Front,Right,Left,67
<_io.BytesIO object at 0x000002A112E28540>,0.7936878800392151,0.05204007402062416,-0.02740219607949257,120433,48,2,False,Right,Front,Right,Left,67
<_io.BytesIO object at 0x000002A112E281D0>,0.8296951651573181,0.05847587808966637,-0.03391818702220917,120433,48,2,False,Right,Front,Right,Left,67
<_io.BytesIO object at 0x000002A112E28220>,0.8814328908920288,-0.02254180982708931,-0.024521050974726677,120433,48,2,False,Right,Front,Right,Left,67
<_io.BytesIO object at 0x000002A112E289A0>,0.8551535606384277,0.03576967120170593,-0.052810247987508774,120433,48,2,False,Right,Front,Right,Left,67
<_io.BytesIO object at 0x000002A112E28CC0>,0.8136342167854309,-0.029319733381271362,0.04591089114546776,120433,48,2,False,Right,Front,Right,Left,67
<_io.BytesIO object at 0x000002A112E824A0>,0.7936878800392151,0.05204007402062416,-0.02740219607949257,120434,48,2,False,Right,Front,Right,Left,67
<_io.BytesIO object at 0x000002A112E0F180>,0.8296951651573181,0.05847587808966637,-0.03391818702220917,120434,48,2,False,Right,Front,Right,Left,67
<_io.BytesIO object at 0x000002A112E0F310>,0.8814328908920288,-0.02254180982708931,-0.024521050974726677,120434,48,2,False,Right,Front,Right,Left,67
<_io.BytesIO object at 0x000002A112E0FE50>,0.8551535606384277,0.03576967120170593,-0.052810247987508774,120434,48,2,False,Right,Front,Right,Left,67
<_io.BytesIO object at 0x000002A112E0F360>,0.8136342167854309,-0.029319733381271362,0.04591089114546776,120434,48,2,False,Right,Front,Right,Left,67
<_io.BytesIO object at 0x000002A112E0FC70>,0.7936878800392151,0.05204007402062416,-0.02740219607949257,120435,48,2,False,Right,Front,Right,Left,67
<_io.BytesIO object at 0x000002A112E0F540>,0.8296951651573181,0.05847587808966637,-0.03391818702220917,120435,48,2,False,Right,Front,Right,Left,67
<_io.BytesIO object at 0x000002A112E0FE00>,0.8814328908920288,-0.02254180982708931,-0.024521050974726677,120435,48,2,False,Right,Front,Right,Left,67
<_io.BytesIO object at 0x000002A112E0F4A0>,0.8551535606384277,0.03576967120170593,-0.052810247987508774,120435,48,2,False,Right,Front,Right,Left,67
<_io.BytesIO object at 0x000002A112E0FDB0>,0.8136342167854309,-0.029319733381271362,0.04591089114546776,120435,48,2,False,Right,Front,Right,Left,67
<_io.BytesIO object at 0x000002A112DF3720>,0.7936878800392151,0.05204007402062416,-0.02740219607949257,120436,48,2,False,Right,Front,Right,Left,67
<_io.BytesIO object at 0x000002A112E289A0>,0.8296951651573181,0.05847587808966637,-0.03391818702220917,120436,48,2,False,Right,Front,Right,Left,67
<_io.BytesIO object at 0x000002A112E28770>,0.8814328908920288,-0.02254180982708931,-0.024521050974726677,120436,48,2,False,Right,Front,Right,Left,67
<_io.BytesIO object at 0x000002A112E286D0>,0.8551535606384277,0.03576967120170593,-0.052810247987508774,120436,48,2,False,Right,Front,Right,Left,67
<_io.BytesIO object at 0x000002A112E28A40>,0.8136342167854309,-0.029319733381271362,0.04591089114546776,120436,48,2,False,Right,Front,Right,Left,67
<_io.BytesIO object at 0x000002A112E12BD0>,0.7936878800392151,0.05204007402062416,-0.02740219607949257,120437,48,2,False,Right,Front,Right,Left,67
<_io.BytesIO object at 0x000002A112E12180>,0.8296951651573181,0.05847587808966637,-0.03391818702220917,120437,48,2,False,Right,Front,Right,Left,67
<_io.BytesIO object at 0x000002A112DFB720>,0.8814328908920288,-0.02254180982708931,-0.024521050974726677,120437,48,2,False,Right,Front,Right,Left,67
<_io.BytesIO object at 0x000002A112DFB4F0>,0.8551535606384277,0.03576967120170593,-0.052810247987508774,120437,48,2,False,Right,Front,Right,Left,67
<_io.BytesIO object at 0x000002A112DFB900>,0.8136342167854309,-0.029319733381271362,0.04591089114546776,120437,48,2,False,Right,Front,Right,Left,67
<_io.BytesIO object at 0x000002A112E0E400>,0.7936878800392151,0.05204007402062416,-0.02740219607949257,120438,48,2,False,Right,Front,Right,Left,67
<_io.BytesIO object at 0x000002A112E96180>,0.8296951651573181,0.05847587808966637,-0.03391818702220917,120438,48,2,False,Right,Front,Right,Left,67
<_io.BytesIO object at 0x000002A112E960E0>,0.8814328908920288,-0.02254180982708931,-0.024521050974726677,120438,48,2,False,Right,Front,Right,Left,67
<_io.BytesIO object at 0x000002A112E96770>,0.8551535606384277,0.03576967120170593,-0.052810247987508774,120438,48,2,False,Right,Front,Right,Left,67
<_io.BytesIO object at 0x000002A112E96720>,0.8136342167854309,-0.029319733381271362,0.04591089114546776,120438,48,2,False,Right,Front,Right,Left,67
<_io.BytesIO object at 0x000002A112E0E400>,0.7936878800392151,0.05204007402062416,-0.02740219607949257,120439,48,2,False,Right,Front,Right,Left,67
<_io.BytesIO object at 0x000002A112E0E950>,0.8296951651573181,0.05847587808966637,-0.03391818702220917,120439,48,2,False,Right,Front,Right,Left,67
<_io.BytesIO object at 0x000002A112E0E8B0>,0.8814328908920288,-0.02254180982708931,-0.024521050974726677,120439,48,2,False,Right,Front,Right,Left,67
<_io.BytesIO object at 0x000002A112E0E4F0>,0.8551535606384277,0.03576967120170593,-0.052810247987508774,120439,48,2,False,Right,Front,Right,Left,67
<_io.BytesIO object at 0x000002A112E21F40>,0.8136342167854309,-0.029319733381271362,0.04591089114546776,120439,48,2,False,Right,Front,Right,Left,67
<_io.BytesIO object at 0x000002A112E12AE0>,0.7936878800392151,0.05204007402062416,-0.02740219607949257,120440,48,2,False,Right,Front,Right,Left,67
<_io.BytesIO object at 0x000002A112E124F0>,0.8296951651573181,0.05847587808966637,-0.03391818702220917,120440,48,2,False,Right,Front,Right,Left,67
<_io.BytesIO object at 0x000002A112EB7C70>,0.8814328908920288,-0.02254180982708931,-0.024521050974726677,120440,48,2,False,Right,Front,Right,Left,67
<_io.BytesIO object at 0x000002A112EB74F0>,0.8551535606384277,0.03576967120170593,-0.052810247987508774,120440,48,2,False,Right,Front,Right,Left,67
<_io.BytesIO object at 0x000002A112EB7720>,0.8136342167854309,-0.029319733381271362,0.04591089114546776,120440,48,2,False,Right,Front,Right,Left,67
<_io.BytesIO object at 0x000002A112E285E0>,0.7936878800392151,0.05204007402062416,-0.02740219607949257,120441,48,2,False,Right,Front,Right,Left,67
<_io.BytesIO object at 0x000002A112DF39F0>,0.8296951651573181,0.05847587808966637,-0.03391818702220917,120441,48,2,False,Right,Front,Right,Left,67
<_io.BytesIO object at 0x000002A112DF3540>,0.8814328908920288,-0.02254180982708931,-0.024521050974726677,120441,48,2,False,Right,Front,Right,Left,67
<_io.BytesIO object at 0x000002A112DF3EA0>,0.8551535606384277,0.03576967120170593,-0.052810247987508774,120441,48,2,False,Right,Front,Right,Left,67
<_io.BytesIO object at 0x000002A112DF3A40>,0.8136342167854309,-0.029319733381271362,0.04591089114546776,120441,48,2,False,Right,Front,Right,Left,67
<_io.BytesIO object at 0x000002A112E0F130>,0.7936878800392151,0.05204007402062416,-0.02740219607949257,120442,48,2,False,Right,Front,Right,Left,67
<_io.BytesIO object at 0x000002A112EA31D0>,0.8296951651573181,0.05847587808966637,-0.03391818702220917,120442,48,2,False,Right,Front,Right,Left,67
<_io.BytesIO object at 0x000002A112EA3400>,0.8814328908920288,-0.02254180982708931,-0.024521050974726677,120442,48,2,False,Right,Front,Right,Left,67
<_io.BytesIO object at 0x000002A112EA39F0>,0.8551535606384277,0.03576967120170593,-0.052810247987508774,120442,48,2,False,Right,Front,Right,Left,67
<_io.BytesIO object at 0x000002A112EA3540>,0.8136342167854309,-0.029319733381271362,0.04591089114546776,120442,48,2,False,Right,Front,Right,Left,67
<_io.BytesIO object at 0x000002A112EA35E0>,0.7936878800392151,0.05204007402062416,-0.02740219607949257,120443,48,2,False,Right,Front,Right,Left,67
<_io.BytesIO object at 0x000002A112EA34A0>,0.8296951651573181,0.05847587808966637,-0.03391818702220917,120443,48,2,False,Right,Front,Right,Left,67
<_io.BytesIO object at 0x000002A112EA3E50>,0.8814328908920288,-0.02254180982708931,-0.024521050974726677,120443,48,2,False,Right,Front,Right,Left,67
<_io.BytesIO object at 0x000002A112EA3EF0>,0.8551535606384277,0.03576967120170593,-0.052810247987508774,120443,48,2,False,Right,Front,Right,Left,67
<_io.BytesIO object at 0x000002A112E0F590>,0.8136342167854309,-0.029319733381271362,0.04591089114546776,120443,48,2,False,Right,Front,Right,Left,67
<_io.BytesIO object at 0x000002A112E82BD0>,0.7936878800392151,0.05204007402062416,-0.02740219607949257,120444,48,2,False,Right,Front,Right,Left,67
<_io.BytesIO object at 0x000002A112DF3E00>,0.8296951651573181,0.05847587808966637,-0.03391818702220917,120444,48,2,False,Right,Front,Right,Left,67
<_io.BytesIO object at 0x000002A112DF37C0>,0.8814328908920288,-0.02254180982708931,-0.024521050974726677,120444,48,2,False,Right,Front,Right,Left,67
<_io.BytesIO object at 0x000002A112DF3F90>,0.8551535606384277,0.03576967120170593,-0.052810247987508774,120444,48,2,False,Right,Front,Right,Left,67
<_io.BytesIO object at 0x000002A112DF3090>,0.8136342167854309,-0.029319733381271362,0.04591089114546776,120444,48,2,False,Right,Front,Right,Left,67
<_io.BytesIO object at 0x000002A112EB7630>,0.7936878800392151,0.05204007402062416,-0.02740219607949257,120445,48,2,False,Right,Front,Right,Left,67
<_io.BytesIO object at 0x000002A112EB7090>,0.8296951651573181,0.05847587808966637,-0.03391818702220917,120445,48,2,False,Right,Front,Right,Left,67
<_io.BytesIO object at 0x000002A112E12AE0>,0.8814328908920288,-0.02254180982708931,-0.024521050974726677,120445,48,2,False,Right,Front,Right,Left,67
<_io.BytesIO object at 0x000002A112E12DB0>,0.8551535606384277,0.03576967120170593,-0.052810247987508774,120445,48,2,False,Right,Front,Right,Left,67
<_io.BytesIO object at 0x000002A112E12360>,0.8136342167854309,-0.029319733381271362,0.04591089114546776,120445,48,2,False,Right,Front,Right,Left,67
<_io.BytesIO object at 0x000002A112E0EF90>,0.7936878800392151,0.05204007402062416,-0.02740219607949257,120446,48,2,False,Right,Front,Right,Left,67
<_io.BytesIO object at 0x000002A112E212C0>,0.8296951651573181,0.05847587808966637,-0.03391818702220917,120446,48,2,False,Right,Front,Right,Left,67
<_io.BytesIO object at 0x000002A112E21450>,0.8814328908920288,-0.02254180982708931,-0.024521050974726677,120446,48,2,False,Right,Front,Right,Left,67
<_io.BytesIO object at 0x000002A112E21180>,0.8551535606384277,0.03576967120170593,-0.052810247987508774,120446,48,2,False,Right,Front,Right,Left,67
<_io.BytesIO object at 0x000002A112E21310>,0.8136342167854309,-0.029319733381271362,0.04591089114546776,120446,48,2,False,Right,Front,Right,Left,67
<_io.BytesIO object at 0x000002A112E219F0>,0.7936878800392151,0.05204007402062416,-0.02740219607949257,120447,48,2,False,Right,Front,Right,Left,67
<_io.BytesIO object at 0x000002A112E21360>,0.8296951651573181,0.05847587808966637,-0.03391818702220917,120447,48,2,False,Right,Front,Right,Left,67
<_io.BytesIO object at 0x000002A112E21E00>,0.8814328908920288,-0.02254180982708931,-0.024521050974726677,120447,48,2,False,Right,Front,Right,Left,67
<_io.BytesIO object at 0x000002A112E215E0>,0.8551535606384277,0.03576967120170593,-0.052810247987508774,120447,48,2,False,Right,Front,Right,Left,67
<_io.BytesIO object at 0x000002A112E0EF90>,0.8136342167854309,-0.029319733381271362,0.04591089114546776,120447,48,2,False,Right,Front,Right,Left,67
<_io.BytesIO object at 0x000002A112E12310>,0.7936878800392151,0.05204007402062416,-0.02740219607949257,120448,48,2,False,Right,Front,Right,Left,67
<_io.BytesIO object at 0x000002A112E12F40>,0.8296951651573181,0.05847587808966637,-0.03391818702220917,120448,48,2,False,Right,Front,Right,Left,67
<_io.BytesIO object at 0x000002A112EB7360>,0.8814328908920288,-0.02254180982708931,-0.024521050974726677,120448,48,2,False,Right,Front,Right,Left,67
<_io.BytesIO object at 0x000002A112EB7C70>,0.8551535606384277,0.03576967120170593,-0.052810247987508774,120448,48,2,False,Right,Front,Right,Left,67
<_io.BytesIO object at 0x000002A112EB7270>,0.8136342167854309,-0.029319733381271362,0.04591089114546776,120448,48,2,False,Right,Front,Right,Left,67
<_io.BytesIO object at 0x000002A112DF3720>,0.7936878800392151,0.05204007402062416,-0.02740219607949257,120449,48,2,False,Right,Front,Right,Left,67
<_io.BytesIO object at 0x000002A112DF33B0>,0.8296951651573181,0.05847587808966637,-0.03391818702220917,120449,48,2,False,Right,Front,Right,Left,67
<_io.BytesIO object at 0x000002A112DF3900>,0.8814328908920288,-0.02254180982708931,-0.024521050974726677,120449,48,2,False,Right,Front,Right,Left,67
<_io.BytesIO object at 0x000002A112DF3950>,0.8551535606384277,0.03576967120170593,-0.052810247987508774,120449,48,2,False,Right,Front,Right,Left,67
<_io.BytesIO object at 0x000002A112DF3EF0>,0.8136342167854309,-0.029319733381271362,0.04591089114546776,120449,48,2,False,Right,Front,Right,Left,67
<_io.BytesIO object at 0x000002A112EA3AE0>,0.7936878800392151,0.05204007402062416,-0.02740219607949257,120450,48,2,False,Right,Front,Right,Left,67
<_io.BytesIO object at 0x000002A112E82180>,0.8296951651573181,0.05847587808966637,-0.03391818702220917,120450,48,2,False,Right,Front,Right,Left,67
<_io.BytesIO object at 0x000002A112E829F0>,0.8814328908920288,-0.02254180982708931,-0.024521050974726677,120450,48,2,False,Right,Front,Right,Left,67
<_io.BytesIO object at 0x000002A112E82B30>,0.8551535606384277,0.03576967120170593,-0.052810247987508774,120450,48,2,False,Right,Front,Right,Left,67
<_io.BytesIO object at 0x000002A112E82860>,0.8136342167854309,-0.029319733381271362,0.04591089114546776,120450,48,2,False,Right,Front,Right,Left,67
<_io.BytesIO object at 0x000002A112E82EF0>,0.7936878800392151,0.05204007402062416,-0.02740219607949257,120451,48,2,False,Right,Front,Right,Left,67
<_io.BytesIO object at 0x000002A112E82D10>,0.8296951651573181,0.05847587808966637,-0.03391818702220917,120451,48,2,False,Right,Front,Right,Left,67
<_io.BytesIO object at 0x000002A112E82900>,0.8814328908920288,-0.02254180982708931,-0.024521050974726677,120451,48,2,False,Right,Front,Right,Left,67
<_io.BytesIO object at 0x000002A112E824F0>,0.8551535606384277,0.03576967120170593,-0.052810247987508774,120451,48,2,False,Right,Front,Right,Left,67
<_io.BytesIO object at 0x000002A112EA30E0>,0.8136342167854309,-0.029319733381271362,0.04591089114546776,120451,48,2,False,Right,Front,Right,Left,67
<_io.BytesIO object at 0x000002A112DF3C20>,0.7936878800392151,0.05204007402062416,-0.02740219607949257,120452,48,2,False,Right,Front,Right,Left,67
<_io.BytesIO object at 0x000002A112DF3E00>,0.8296951651573181,0.05847587808966637,-0.03391818702220917,120452,48,2,False,Right,Front,Right,Left,67
<_io.BytesIO object at 0x000002A112DF3270>,0.8814328908920288,-0.02254180982708931,-0.024521050974726677,120452,48,2,False,Right,Front,Right,Left,67
<_io.BytesIO object at 0x000002A112DF38B0>,0.8551535606384277,0.03576967120170593,-0.052810247987508774,120452,48,2,False,Right,Front,Right,Left,67
<_io.BytesIO object at 0x000002A112E285E0>,0.8136342167854309,-0.029319733381271362,0.04591089114546776,120452,48,2,False,Right,Front,Right,Left,67
<_io.BytesIO object at 0x000002A112EB7630>,0.7936878800392151,0.05204007402062416,-0.02740219607949257,120453,48,2,False,Right,Front,Right,Left,67
<_io.BytesIO object at 0x000002A112E129F0>,0.8296951651573181,0.05847587808966637,-0.03391818702220917,120453,48,2,False,Right,Front,Right,Left,67
<_io.BytesIO object at 0x000002A112E12A90>,0.8814328908920288,-0.02254180982708931,-0.024521050974726677,120453,48,2,False,Right,Front,Right,Left,67
<_io.BytesIO object at 0x000002A112E125E0>,0.8551535606384277,0.03576967120170593,-0.052810247987508774,120453,48,2,False,Right,Front,Right,Left,67
<_io.BytesIO object at 0x000002A112E12EA0>,0.8136342167854309,-0.029319733381271362,0.04591089114546776,120453,48,2,False,Right,Front,Right,Left,67
<_io.BytesIO object at 0x000002A112DFB720>,0.7936878800392151,0.05204007402062416,-0.02740219607949257,120454,48,2,False,Right,Front,Right,Left,67
<_io.BytesIO object at 0x000002A112DFBC70>,0.8296951651573181,0.05847587808966637,-0.03391818702220917,120454,48,2,False,Right,Front,Right,Left,67
<_io.BytesIO object at 0x000002A112DFB130>,0.8814328908920288,-0.02254180982708931,-0.024521050974726677,120454,48,2,False,Right,Front,Right,Left,67
<_io.BytesIO object at 0x000002A112E969A0>,0.8551535606384277,0.03576967120170593,-0.052810247987508774,120454,48,2,False,Right,Front,Right,Left,67
<_io.BytesIO object at 0x000002A112E960E0>,0.8136342167854309,-0.029319733381271362,0.04591089114546776,120454,48,2,False,Right,Front,Right,Left,67
<_io.BytesIO object at 0x000002A112DFB2C0>,0.7936878800392151,0.05204007402062416,-0.02740219607949257,120455,48,2,False,Right,Front,Right,Left,67
<_io.BytesIO object at 0x000002A112DFB3B0>,0.8296951651573181,0.05847587808966637,-0.03391818702220917,120455,48,2,False,Right,Front,Right,Left,67
<_io.BytesIO object at 0x000002A112E21B80>,0.8814328908920288,-0.02254180982708931,-0.024521050974726677,120455,48,2,False,Right,Front,Right,Left,67
<_io.BytesIO object at 0x000002A112E21F90>,0.8551535606384277,0.03576967120170593,-0.052810247987508774,120455,48,2,False,Right,Front,Right,Left,67
<_io.BytesIO object at 0x000002A112E21720>,0.8136342167854309,-0.029319733381271362,0.04591089114546776,120455,48,2,False,Right,Front,Right,Left,67
<_io.BytesIO object at 0x000002A112E12950>,0.7936878800392151,0.05204007402062416,-0.02740219607949257,120456,48,2,False,Right,Front,Right,Left,67
<_io.BytesIO object at 0x000002A112EB7DB0>,0.8296951651573181,0.05847587808966637,-0.03391818702220917,120456,48,2,False,Right,Front,Right,Left,67
<_io.BytesIO object at 0x000002A112EB7450>,0.8814328908920288,-0.02254180982708931,-0.024521050974726677,120456,48,2,False,Right,Front,Right,Left,67
<_io.BytesIO object at 0x000002A112EB7540>,0.8551535606384277,0.03576967120170593,-0.052810247987508774,120456,48,2,False,Right,Front,Right,Left,67
<_io.BytesIO object at 0x000002A112EB73B0>,0.8136342167854309,-0.029319733381271362,0.04591089114546776,120456,48,2,False,Right,Front,Right,Left,67
<_io.BytesIO object at 0x000002A112DF3F40>,0.7936878800392151,0.05204007402062416,-0.02740219607949257,120457,48,2,False,Right,Front,Right,Left,67
<_io.BytesIO object at 0x000002A112DF3AE0>,0.8296951651573181,0.05847587808966637,-0.03391818702220917,120457,48,2,False,Right,Front,Right,Left,67
<_io.BytesIO object at 0x000002A17F345810>,0.8814328908920288,-0.02254180982708931,-0.024521050974726677,120457,48,2,False,Right,Front,Right,Left,67
<_io.BytesIO object at 0x000002A17F345900>,0.8551535606384277,0.03576967120170593,-0.052810247987508774,120457,48,2,False,Right,Front,Right,Left,67
<_io.BytesIO object at 0x000002A112EA3950>,0.8136342167854309,-0.029319733381271362,0.04591089114546776,120457,48,2,False,Right,Front,Right,Left,67
<_io.BytesIO object at 0x000002A112E0F860>,0.7936878800392151,0.05204007402062416,-0.02740219607949257,120458,48,2,False,Right,Front,Right,Left,67
<_io.BytesIO object at 0x000002A112E0FD60>,0.8296951651573181,0.05847587808966637,-0.03391818702220917,120458,48,2,False,Right,Front,Right,Left,67
<_io.BytesIO object at 0x000002A112EBEE00>,0.8814328908920288,-0.02254180982708931,-0.024521050974726677,120458,48,2,False,Right,Front,Right,Left,67
<_io.BytesIO object at 0x000002A112EBEF40>,0.8551535606384277,0.03576967120170593,-0.052810247987508774,120458,48,2,False,Right,Front,Right,Left,67
<_io.BytesIO object at 0x000002A112EBE2C0>,0.8136342167854309,-0.029319733381271362,0.04591089114546776,120458,48,2,False,Right,Front,Right,Left,67
<_io.BytesIO object at 0x000002A112EBE450>,0.7936878800392151,0.05204007402062416,-0.02740219607949257,120459,48,2,False,Right,Front,Right,Left,67
<_io.BytesIO object at 0x000002A112EBE0E0>,0.8296951651573181,0.05847587808966637,-0.03391818702220917,120459,48,2,False,Right,Front,Right,Left,67
<_io.BytesIO object at 0x000002A112E0FD60>,0.8814328908920288,-0.02254180982708931,-0.024521050974726677,120459,48,2,False,Right,Front,Right,Left,67
<_io.BytesIO object at 0x000002A112E0F040>,0.8551535606384277,0.03576967120170593,-0.052810247987508774,120459,48,2,False,Right,Front,Right,Left,67
<_io.BytesIO object at 0x000002A112E0F630>,0.8136342167854309,-0.029319733381271362,0.04591089114546776,120459,48,2,False,Right,Front,Right,Left,67
<_io.BytesIO object at 0x000002A112EA3DB0>,0.7936878800392151,0.05204007402062416,-0.02740219607949257,120460,48,2,False,Right,Front,Right,Left,67
<_io.BytesIO object at 0x000002A17F345900>,0.8296951651573181,0.05847587808966637,-0.03391818702220917,120460,48,2,False,Right,Front,Right,Left,67
<_io.BytesIO object at 0x000002A17F345720>,0.8814328908920288,-0.02254180982708931,-0.024521050974726677,120460,48,2,False,Right,Front,Right,Left,67
<_io.BytesIO object at 0x000002A112DF3E50>,0.8551535606384277,0.03576967120170593,-0.052810247987508774,120460,48,2,False,Right,Front,Right,Left,67
<_io.BytesIO object at 0x000002A112DF3450>,0.8136342167854309,-0.029319733381271362,0.04591089114546776,120460,48,2,False,Right,Front,Right,Left,67
<_io.BytesIO object at 0x000002A1130357C0>,0.7936878800392151,0.05204007402062416,-0.02740219607949257,120461,48,2,False,Right,Front,Right,Left,67
<_io.BytesIO object at 0x000002A112EB7EA0>,0.8296951651573181,0.05847587808966637,-0.03391818702220917,120461,48,2,False,Right,Front,Right,Left,67
<_io.BytesIO object at 0x000002A112EB72C0>,0.8814328908920288,-0.02254180982708931,-0.024521050974726677,120461,48,2,False,Right,Front,Right,Left,67
<_io.BytesIO object at 0x000002A112EB7900>,0.8551535606384277,0.03576967120170593,-0.052810247987508774,120461,48,2,False,Right,Front,Right,Left,67
<_io.BytesIO object at 0x000002A112EB7B80>,0.8136342167854309,-0.029319733381271362,0.04591089114546776,120461,48,2,False,Right,Front,Right,Left,67
<_io.BytesIO object at 0x000002A112DFB4F0>,0.7936878800392151,0.05204007402062416,-0.02740219607949257,120462,48,2,False,Right,Front,Right,Left,67
<_io.BytesIO object at 0x000002A112DFB720>,0.8296951651573181,0.05847587808966637,-0.03391818702220917,120462,48,2,False,Right,Front,Right,Left,67
<_io.BytesIO object at 0x000002A112E0E680>,0.8814328908920288,-0.02254180982708931,-0.024521050974726677,120462,48,2,False,Right,Front,Right,Left,67
<_io.BytesIO object at 0x000002A112E0E090>,0.8551535606384277,0.03576967120170593,-0.052810247987508774,120462,48,2,False,Right,Front,Right,Left,67
<_io.BytesIO object at 0x000002A112E0E3B0>,0.8136342167854309,-0.029319733381271362,0.04591089114546776,120462,48,2,False,Right,Front,Right,Left,67
<_io.BytesIO object at 0x000002A112DFBB80>,0.7936878800392151,0.05204007402062416,-0.02740219607949257,120463,48,2,False,Right,Front,Right,Left,67
<_io.BytesIO object at 0x000002A112DFBB30>,0.8296951651573181,0.05847587808966637,-0.03391818702220917,120463,48,2,False,Right,Front,Right,Left,67
<_io.BytesIO object at 0x000002A112E124A0>,0.8814328908920288,-0.02254180982708931,-0.024521050974726677,120463,48,2,False,Right,Front,Right,Left,67
<_io.BytesIO object at 0x000002A112E129F0>,0.8551535606384277,0.03576967120170593,-0.052810247987508774,120463,48,2,False,Right,Front,Right,Left,67
<_io.BytesIO object at 0x000002A112E12860>,0.8136342167854309,-0.029319733381271362,0.04591089114546776,120463,48,2,False,Right,Front,Right,Left,67
<_io.BytesIO object at 0x000002A113035C20>,0.7936878800392151,0.05204007402062416,-0.02740219607949257,120464,48,2,False,Right,Front,Right,Left,67
<_io.BytesIO object at 0x000002A112E281D0>,0.8296951651573181,0.05847587808966637,-0.03391818702220917,120464,48,2,False,Right,Front,Right,Left,67
<_io.BytesIO object at 0x000002A112E28C70>,0.8814328908920288,-0.02254180982708931,-0.024521050974726677,120464,48,2,False,Right,Front,Right,Left,67
<_io.BytesIO object at 0x000002A112E28220>,0.8551535606384277,0.03576967120170593,-0.052810247987508774,120464,48,2,False,Right,Front,Right,Left,67
<_io.BytesIO object at 0x000002A112E28DB0>,0.8136342167854309,-0.029319733381271362,0.04591089114546776,120464,48,2,False,Right,Front,Right,Left,67
<_io.BytesIO object at 0x000002A112E0F180>,0.7936878800392151,0.05204007402062416,-0.02740219607949257,120465,48,2,False,Right,Front,Right,Left,67
<_io.BytesIO object at 0x000002A112EBE6D0>,0.8296951651573181,0.05847587808966637,-0.03391818702220917,120465,48,2,False,Right,Front,Right,Left,67
<_io.BytesIO object at 0x000002A112EBEE50>,0.8814328908920288,-0.02254180982708931,-0.024521050974726677,120465,48,2,False,Right,Front,Right,Left,67
<_io.BytesIO object at 0x000002A112EBE040>,0.8551535606384277,0.03576967120170593,-0.052810247987508774,120465,48,2,False,Right,Front,Right,Left,67
<_io.BytesIO object at 0x000002A112EBE5E0>,0.8136342167854309,-0.029319733381271362,0.04591089114546776,120465,48,2,False,Right,Front,Right,Left,67
<_io.BytesIO object at 0x000002A112E21E50>,0.7936878800392151,0.05204007402062416,-0.02740219607949257,120466,48,2,False,Right,Front,Right,Left,67
<_io.BytesIO object at 0x000002A112E21360>,0.8296951651573181,0.05847587808966637,-0.03391818702220917,120466,48,2,False,Right,Front,Right,Left,67
<_io.BytesIO object at 0x000002A112EA3180>,0.8814328908920288,-0.02254180982708931,-0.024521050974726677,120466,48,2,False,Right,Front,Right,Left,67
<_io.BytesIO object at 0x000002A112EA3EF0>,0.8551535606384277,0.03576967120170593,-0.052810247987508774,120466,48,2,False,Right,Front,Right,Left,67
<_io.BytesIO object at 0x000002A112EA30E0>,0.8136342167854309,-0.029319733381271362,0.04591089114546776,120466,48,2,False,Right,Front,Right,Left,67
<_io.BytesIO object at 0x000002A112E21720>,0.7936878800392151,0.05204007402062416,-0.02740219607949257,120467,48,2,False,Right,Front,Right,Left,67
<_io.BytesIO object at 0x000002A112E218B0>,0.8296951651573181,0.05847587808966637,-0.03391818702220917,120467,48,2,False,Right,Front,Right,Left,67
<_io.BytesIO object at 0x000002A112E9F7C0>,0.8814328908920288,-0.02254180982708931,-0.024521050974726677,120467,48,2,False,Right,Front,Right,Left,67
<_io.BytesIO object at 0x000002A112E9F310>,0.8551535606384277,0.03576967120170593,-0.052810247987508774,120467,48,2,False,Right,Front,Right,Left,67
<_io.BytesIO object at 0x000002A112E9F810>,0.8136342167854309,-0.029319733381271362,0.04591089114546776,120467,48,2,False,Right,Front,Right,Left,67
<_io.BytesIO object at 0x000002A112E0F7C0>,0.7936878800392151,0.05204007402062416,-0.02740219607949257,120468,48,2,False,Right,Front,Right,Left,67
<_io.BytesIO object at 0x000002A112E0FC70>,0.8296951651573181,0.05847587808966637,-0.03391818702220917,120468,48,2,False,Right,Front,Right,Left,67
<_io.BytesIO object at 0x000002A112E0FDB0>,0.8814328908920288,-0.02254180982708931,-0.024521050974726677,120468,48,2,False,Right,Front,Right,Left,67
<_io.BytesIO object at 0x000002A112E0FBD0>,0.8551535606384277,0.03576967120170593,-0.052810247987508774,120468,48,2,False,Right,Front,Right,Left,67
<_io.BytesIO object at 0x000002A17F3456D0>,0.8136342167854309,-0.029319733381271362,0.04591089114546776,120468,48,2,False,Right,Front,Right,Left,67
<_io.BytesIO object at 0x000002A1130354A0>,0.7936878800392151,0.05204007402062416,-0.02740219607949257,120469,48,2,False,Right,Front,Right,Left,67
<_io.BytesIO object at 0x000002A113035770>,0.8296951651573181,0.05847587808966637,-0.03391818702220917,120469,48,2,False,Right,Front,Right,Left,67
<_io.BytesIO object at 0x000002A112EB7310>,0.8814328908920288,-0.02254180982708931,-0.024521050974726677,120469,48,2,False,Right,Front,Right,Left,67
<_io.BytesIO object at 0x000002A112EB7E00>,0.8551535606384277,0.03576967120170593,-0.052810247987508774,120469,48,2,False,Right,Front,Right,Left,67
<_io.BytesIO object at 0x000002A112EB7950>,0.8136342167854309,-0.029319733381271362,0.04591089114546776,120469,48,2,False,Right,Front,Right,Left,67
<_io.BytesIO object at 0x000002A112E12BD0>,0.7936878800392151,0.05204007402062416,-0.02740219607949257,120470,48,2,False,Right,Front,Right,Left,67
<_io.BytesIO object at 0x000002A112E96450>,0.8296951651573181,0.05847587808966637,-0.03391818702220917,120470,48,2,False,Right,Front,Right,Left,67
<_io.BytesIO object at 0x000002A112E96EA0>,0.8814328908920288,-0.02254180982708931,-0.024521050974726677,120470,48,2,False,Right,Front,Right,Left,67
<_io.BytesIO object at 0x000002A112E96590>,0.8551535606384277,0.03576967120170593,-0.052810247987508774,120470,48,2,False,Right,Front,Right,Left,67
<_io.BytesIO object at 0x000002A112E962C0>,0.8136342167854309,-0.029319733381271362,0.04591089114546776,120470,48,2,False,Right,Front,Right,Left,67
<_io.BytesIO object at 0x000002A112E96680>,0.7936878800392151,0.05204007402062416,-0.02740219607949257,120471,48,2,False,Right,Front,Right,Left,67
<_io.BytesIO object at 0x000002A112E96EA0>,0.8296951651573181,0.05847587808966637,-0.03391818702220917,120471,48,2,False,Right,Front,Right,Left,67
<_io.BytesIO object at 0x000002A112E96BD0>,0.8814328908920288,-0.02254180982708931,-0.024521050974726677,120471,48,2,False,Right,Front,Right,Left,67
<_io.BytesIO object at 0x000002A112E12D60>,0.8551535606384277,0.03576967120170593,-0.052810247987508774,120471,48,2,False,Right,Front,Right,Left,67
<_io.BytesIO object at 0x000002A112E129F0>,0.8136342167854309,-0.029319733381271362,0.04591089114546776,120471,48,2,False,Right,Front,Right,Left,67
<_io.BytesIO object at 0x000002A112EB7770>,0.7936878800392151,0.05204007402062416,-0.02740219607949257,120472,48,2,False,Right,Front,Right,Left,67
<_io.BytesIO object at 0x000002A112DA43B0>,0.8296951651573181,0.05847587808966637,-0.03391818702220917,120472,48,2,False,Right,Front,Right,Left,67
<_io.BytesIO object at 0x000002A113035680>,0.8814328908920288,-0.02254180982708931,-0.024521050974726677,120472,48,2,False,Right,Front,Right,Left,67
<_io.BytesIO object at 0x000002A113035B80>,0.8551535606384277,0.03576967120170593,-0.052810247987508774,120472,48,2,False,Right,Front,Right,Left,67
<_io.BytesIO object at 0x000002A1130354F0>,0.8136342167854309,-0.029319733381271362,0.04591089114546776,120472,48,2,False,Right,Front,Right,Left,67
<_io.BytesIO object at 0x000002A112DF3360>,0.7936878800392151,0.05204007402062416,-0.02740219607949257,120473,48,2,False,Right,Front,Right,Left,67
<_io.BytesIO object at 0x000002A112E0FDB0>,0.8296951651573181,0.05847587808966637,-0.03391818702220917,120473,48,2,False,Right,Front,Right,Left,67
<_io.BytesIO object at 0x000002A112E0F9A0>,0.8814328908920288,-0.02254180982708931,-0.024521050974726677,120473,48,2,False,Right,Front,Right,Left,67
<_io.BytesIO object at 0x000002A112E0FC20>,0.8551535606384277,0.03576967120170593,-0.052810247987508774,120473,48,2,False,Right,Front,Right,Left,67
<_io.BytesIO object at 0x000002A112E0F130>,0.8136342167854309,-0.029319733381271362,0.04591089114546776,120473,48,2,False,Right,Front,Right,Left,67
<_io.BytesIO object at 0x000002A112E0EEA0>,0.7936878800392151,0.05204007402062416,-0.02740219607949257,120474,48,2,False,Right,Front,Right,Left,67
<_io.BytesIO object at 0x000002A112E0E4F0>,0.8296951651573181,0.05847587808966637,-0.03391818702220917,120474,48,2,False,Right,Front,Right,Left,67
<_io.BytesIO object at 0x000002A112E21A90>,0.8814328908920288,-0.02254180982708931,-0.024521050974726677,120474,48,2,False,Right,Front,Right,Left,67
<_io.BytesIO object at 0x000002A112E214F0>,0.8551535606384277,0.03576967120170593,-0.052810247987508774,120474,48,2,False,Right,Front,Right,Left,67
<_io.BytesIO object at 0x000002A112E21F90>,0.8136342167854309,-0.029319733381271362,0.04591089114546776,120474,48,2,False,Right,Front,Right,Left,67
<_io.BytesIO object at 0x000002A112E21D60>,0.7936878800392151,0.05204007402062416,-0.02740219607949257,120475,48,2,False,Right,Front,Right,Left,67
<_io.BytesIO object at 0x000002A112E214A0>,0.8296951651573181,0.05847587808966637,-0.03391818702220917,120475,48,2,False,Right,Front,Right,Left,67
<_io.BytesIO object at 0x000002A112E0EB80>,0.8814328908920288,-0.02254180982708931,-0.024521050974726677,120475,48,2,False,Right,Front,Right,Left,67
<_io.BytesIO object at 0x000002A112E0EEA0>,0.8551535606384277,0.03576967120170593,-0.052810247987508774,120475,48,2,False,Right,Front,Right,Left,67
<_io.BytesIO object at 0x000002A112E0E310>,0.8136342167854309,-0.029319733381271362,0.04591089114546776,120475,48,2,False,Right,Front,Right,Left,67
<_io.BytesIO object at 0x000002A112EBE540>,0.7936878800392151,0.05204007402062416,-0.02740219607949257,120476,48,2,False,Right,Front,Right,Left,67
<_io.BytesIO object at 0x000002A112E0FF40>,0.8296951651573181,0.05847587808966637,-0.03391818702220917,120476,48,2,False,Right,Front,Right,Left,67
<_io.BytesIO object at 0x000002A112E0FDB0>,0.8814328908920288,-0.02254180982708931,-0.024521050974726677,120476,48,2,False,Right,Front,Right,Left,67
<_io.BytesIO object at 0x000002A112E0F4A0>,0.8551535606384277,0.03576967120170593,-0.052810247987508774,120476,48,2,False,Right,Front,Right,Left,67
<_io.BytesIO object at 0x000002A112E0FCC0>,0.8136342167854309,-0.029319733381271362,0.04591089114546776,120476,48,2,False,Right,Front,Right,Left,67
<_io.BytesIO object at 0x000002A112E28C20>,0.7936878800392151,0.05204007402062416,-0.02740219607949257,120477,48,2,False,Right,Front,Right,Left,67
<_io.BytesIO object at 0x000002A1130355E0>,0.8296951651573181,0.05847587808966637,-0.03391818702220917,120477,48,2,False,Right,Front,Right,Left,67
<_io.BytesIO object at 0x000002A1130353B0>,0.8814328908920288,-0.02254180982708931,-0.024521050974726677,120477,48,2,False,Right,Front,Right,Left,67
<_io.BytesIO object at 0x000002A112DA43B0>,0.8551535606384277,0.03576967120170593,-0.052810247987508774,120477,48,2,False,Right,Front,Right,Left,67
<_io.BytesIO object at 0x000002A112EB7720>,0.8136342167854309,-0.029319733381271362,0.04591089114546776,120477,48,2,False,Right,Front,Right,Left,67
<_io.BytesIO object at 0x000002A112E962C0>,0.7936878800392151,0.05204007402062416,-0.02740219607949257,120478,48,2,False,Right,Front,Right,Left,67
<_io.BytesIO object at 0x000002A112E96A40>,0.8296951651573181,0.05847587808966637,-0.03391818702220917,120478,48,2,False,Right,Front,Right,Left,67
<_io.BytesIO object at 0x000002A112DFBF90>,0.8814328908920288,-0.02254180982708931,-0.024521050974726677,120478,48,2,False,Right,Front,Right,Left,67
<_io.BytesIO object at 0x000002A112DFBBD0>,0.8551535606384277,0.03576967120170593,-0.052810247987508774,120478,48,2,False,Right,Front,Right,Left,67
<_io.BytesIO object at 0x000002A112DFB360>,0.8136342167854309,-0.029319733381271362,0.04591089114546776,120478,48,2,False,Right,Front,Right,Left,67
<_io.BytesIO object at 0x000002A112DFB270>,0.7936878800392151,0.05204007402062416,-0.02740219607949257,120479,48,2,False,Right,Front,Right,Left,67
<_io.BytesIO object at 0x000002A112DFB8B0>,0.8296951651573181,0.05847587808966637,-0.03391818702220917,120479,48,2,False,Right,Front,Right,Left,67
<_io.BytesIO object at 0x000002A112DFB720>,0.8814328908920288,-0.02254180982708931,-0.024521050974726677,120479,48,2,False,Right,Front,Right,Left,67
<_io.BytesIO object at 0x000002A112E96AE0>,0.8551535606384277,0.03576967120170593,-0.052810247987508774,120479,48,2,False,Right,Front,Right,Left,67
<_io.BytesIO object at 0x000002A112E96720>,0.8136342167854309,-0.029319733381271362,0.04591089114546776,120479,48,2,False,Right,Front,Right,Left,67
<_io.BytesIO object at 0x000002A112EB7680>,0.7936878800392151,0.05204007402062416,-0.02740219607949257,120480,48,2,False,Right,Front,Right,Left,67
<_io.BytesIO object at 0x000002A112EB7720>,0.8296951651573181,0.05847587808966637,-0.03391818702220917,120480,48,2,False,Right,Front,Right,Left,67
<_io.BytesIO object at 0x000002A113035C70>,0.8814328908920288,-0.02254180982708931,-0.024521050974726677,120480,48,2,False,Right,Front,Right,Left,67
<_io.BytesIO object at 0x000002A1130355E0>,0.8551535606384277,0.03576967120170593,-0.052810247987508774,120480,48,2,False,Right,Front,Right,Left,67
<_io.BytesIO object at 0x000002A113035B80>,0.8136342167854309,-0.029319733381271362,0.04591089114546776,120480,48,2,False,Right,Front,Right,Left,67
<_io.BytesIO object at 0x000002A17F3452C0>,0.7936878800392151,0.05204007402062416,-0.02740219607949257,120481,48,2,False,Right,Front,Right,Left,67
<_io.BytesIO object at 0x000002A112E0F270>,0.8296951651573181,0.05847587808966637,-0.03391818702220917,120481,48,2,False,Right,Front,Right,Left,67
<_io.BytesIO object at 0x000002A112E0F220>,0.8814328908920288,-0.02254180982708931,-0.024521050974726677,120481,48,2,False,Right,Front,Right,Left,67
<_io.BytesIO object at 0x000002A112E0FDB0>,0.8551535606384277,0.03576967120170593,-0.052810247987508774,120481,48,2,False,Right,Front,Right,Left,67
<_io.BytesIO object at 0x000002A112E0F9A0>,0.8136342167854309,-0.029319733381271362,0.04591089114546776,120481,48,2,False,Right,Front,Right,Left,67
<_io.BytesIO object at 0x000002A112E216D0>,0.7936878800392151,0.05204007402062416,-0.02740219607949257,120482,48,2,False,Right,Front,Right,Left,67
<_io.BytesIO object at 0x000002A112E21770>,0.8296951651573181,0.05847587808966637,-0.03391818702220917,120482,48,2,False,Right,Front,Right,Left,67
<_io.BytesIO object at 0x000002A112E21900>,0.8814328908920288,-0.02254180982708931,-0.024521050974726677,120482,48,2,False,Right,Front,Right,Left,67
<_io.BytesIO object at 0x000002A112E21450>,0.8551535606384277,0.03576967120170593,-0.052810247987508774,120482,48,2,False,Right,Front,Right,Left,67
<_io.BytesIO object at 0x000002A112EBE540>,0.8136342167854309,-0.029319733381271362,0.04591089114546776,120482,48,2,False,Right,Front,Right,Left,67
<_io.BytesIO object at 0x000002A112E21A40>,0.7936878800392151,0.05204007402062416,-0.02740219607949257,120483,48,2,False,Right,Front,Right,Left,67
<_io.BytesIO object at 0x000002A112E21310>,0.8296951651573181,0.05847587808966637,-0.03391818702220917,120483,48,2,False,Right,Front,Right,Left,67
<_io.BytesIO object at 0x000002A112E21B30>,0.8814328908920288,-0.02254180982708931,-0.024521050974726677,120483,48,2,False,Right,Front,Right,Left,67
<_io.BytesIO object at 0x000002A112E21C20>,0.8551535606384277,0.03576967120170593,-0.052810247987508774,120483,48,2,False,Right,Front,Right,Left,67
<_io.BytesIO object at 0x000002A112E0ED10>,0.8136342167854309,-0.029319733381271362,0.04591089114546776,120483,48,2,False,Right,Front,Right,Left,67
<_io.BytesIO object at 0x000002A17F345400>,0.7936878800392151,0.05204007402062416,-0.02740219607949257,120484,48,2,False,Right,Front,Right,Left,67
<_io.BytesIO object at 0x000002A112DF3EF0>,0.8296951651573181,0.05847587808966637,-0.03391818702220917,120484,48,2,False,Right,Front,Right,Left,67
<_io.BytesIO object at 0x000002A112DF3860>,0.8814328908920288,-0.02254180982708931,-0.024521050974726677,120484,48,2,False,Right,Front,Right,Left,67
<_io.BytesIO object at 0x000002A112DF39F0>,0.8551535606384277,0.03576967120170593,-0.052810247987508774,120484,48,2,False,Right,Front,Right,Left,67
<_io.BytesIO object at 0x000002A112DF35E0>,0.8136342167854309,-0.029319733381271362,0.04591089114546776,120484,48,2,False,Right,Front,Right,Left,67
<_io.BytesIO object at 0x000002A112EB7D10>,0.7936878800392151,0.05204007402062416,-0.02740219607949257,120485,48,2,False,Right,Front,Right,Left,67
<_io.BytesIO object at 0x000002A112EB7950>,0.8296951651573181,0.05847587808966637,-0.03391818702220917,120485,48,2,False,Right,Front,Right,Left,67
<_io.BytesIO object at 0x000002A112E12D10>,0.8814328908920288,-0.02254180982708931,-0.024521050974726677,120485,48,2,False,Right,Front,Right,Left,67
<_io.BytesIO object at 0x000002A112E12B30>,0.8551535606384277,0.03576967120170593,-0.052810247987508774,120485,48,2,False,Right,Front,Right,Left,67
<_io.BytesIO object at 0x000002A112E12130>,0.8136342167854309,-0.029319733381271362,0.04591089114546776,120485,48,2,False,Right,Front,Right,Left,67
<_io.BytesIO object at 0x000002A112DFB130>,0.7936878800392151,0.05204007402062416,-0.02740219607949257,120486,48,2,False,Right,Front,Right,Left,67
<_io.BytesIO object at 0x000002A112E9FE00>,0.8296951651573181,0.05847587808966637,-0.03391818702220917,120486,48,2,False,Right,Front,Right,Left,67
<_io.BytesIO object at 0x000002A112E9F3B0>,0.8814328908920288,-0.02254180982708931,-0.024521050974726677,120486,48,2,False,Right,Front,Right,Left,67
<_io.BytesIO object at 0x000002A112E9F950>,0.8551535606384277,0.03576967120170593,-0.052810247987508774,120486,48,2,False,Right,Front,Right,Left,67
<_io.BytesIO object at 0x000002A112E9F450>,0.8136342167854309,-0.029319733381271362,0.04591089114546776,120486,48,2,False,Right,Front,Right,Left,67
<_io.BytesIO object at 0x000002A112E827C0>,0.7936878800392151,0.05204007402062416,-0.02740219607949257,120487,48,2,False,Right,Front,Right,Left,67
<_io.BytesIO object at 0x000002A112DFBE50>,0.8296951651573181,0.05847587808966637,-0.03391818702220917,120487,48,2,False,Right,Front,Right,Left,67
<_io.BytesIO object at 0x000002A112DFB810>,0.8814328908920288,-0.02254180982708931,-0.024521050974726677,120487,48,2,False,Right,Front,Right,Left,67
<_io.BytesIO object at 0x000002A112DFBB30>,0.8551535606384277,0.03576967120170593,-0.052810247987508774,120487,48,2,False,Right,Front,Right,Left,67
<_io.BytesIO object at 0x000002A112DFB220>,0.8136342167854309,-0.029319733381271362,0.04591089114546776,120487,48,2,False,Right,Front,Right,Left,67
<_io.BytesIO object at 0x000002A112EB7F90>,0.7936878800392151,0.05204007402062416,-0.02740219607949257,120488,48,2,False,Right,Front,Right,Left,67
<_io.BytesIO object at 0x000002A112EB73B0>,0.8296951651573181,0.05847587808966637,-0.03391818702220917,120488,48,2,False,Right,Front,Right,Left,67
<_io.BytesIO object at 0x000002A112EB76D0>,0.8814328908920288,-0.02254180982708931,-0.024521050974726677,120488,48,2,False,Right,Front,Right,Left,67
<_io.BytesIO object at 0x000002A112DA4400>,0.8551535606384277,0.03576967120170593,-0.052810247987508774,120488,48,2,False,Right,Front,Right,Left,67
<_io.BytesIO object at 0x000002A1130353B0>,0.8136342167854309,-0.029319733381271362,0.04591089114546776,120488,48,2,False,Right,Front,Right,Left,67
<_io.BytesIO object at 0x000002A112DF3720>,0.7936878800392151,0.05204007402062416,-0.02740219607949257,120489,48,2,False,Right,Front,Right,Left,67
<_io.BytesIO object at 0x000002A17F3457C0>,0.8296951651573181,0.05847587808966637,-0.03391818702220917,120489,48,2,False,Right,Front,Right,Left,67
<_io.BytesIO object at 0x000002A112E0FE00>,0.8814328908920288,-0.02254180982708931,-0.024521050974726677,120489,48,2,False,Right,Front,Right,Left,67
<_io.BytesIO object at 0x000002A112E0FA90>,0.8551535606384277,0.03576967120170593,-0.052810247987508774,120489,48,2,False,Right,Front,Right,Left,67
<_io.BytesIO object at 0x000002A112E0F7C0>,0.8136342167854309,-0.029319733381271362,0.04591089114546776,120489,48,2,False,Right,Front,Right,Left,67
<_io.BytesIO object at 0x000002A112E21680>,0.7936878800392151,0.05204007402062416,-0.02740219607949257,120490,48,2,False,Right,Front,Right,Left,67
<_io.BytesIO object at 0x000002A112E9F270>,0.8296951651573181,0.05847587808966637,-0.03391818702220917,120490,48,2,False,Right,Front,Right,Left,67
<_io.BytesIO object at 0x000002A112E9FBD0>,0.8814328908920288,-0.02254180982708931,-0.024521050974726677,120490,48,2,False,Right,Front,Right,Left,67
<_io.BytesIO object at 0x000002A112E9F810>,0.8551535606384277,0.03576967120170593,-0.052810247987508774,120490,48,2,False,Right,Front,Right,Left,67
<_io.BytesIO object at 0x000002A112E9F5E0>,0.8136342167854309,-0.029319733381271362,0.04591089114546776,120490,48,2,False,Right,Front,Right,Left,67
<_io.BytesIO object at 0x000002A112E9FA40>,0.7936878800392151,0.05204007402062416,-0.02740219607949257,120491,48,2,False,Right,Front,Right,Left,67
<_io.BytesIO object at 0x000002A112E9FEF0>,0.8296951651573181,0.05847587808966637,-0.03391818702220917,120491,48,2,False,Right,Front,Right,Left,67
<_io.BytesIO object at 0x000002A112E9F540>,0.8814328908920288,-0.02254180982708931,-0.024521050974726677,120491,48,2,False,Right,Front,Right,Left,67
<_io.BytesIO object at 0x000002A112E9F220>,0.8551535606384277,0.03576967120170593,-0.052810247987508774,120491,48,2,False,Right,Front,Right,Left,67
<_io.BytesIO object at 0x000002A112E9F770>,0.8136342167854309,-0.029319733381271362,0.04591089114546776,120491,48,2,False,Right,Front,Right,Left,67
<_io.BytesIO object at 0x000002A112E0F180>,0.7936878800392151,0.05204007402062416,-0.02740219607949257,120492,48,2,False,Right,Front,Right,Left,67
<_io.BytesIO object at 0x000002A112E0FBD0>,0.8296951651573181,0.05847587808966637,-0.03391818702220917,120492,48,2,False,Right,Front,Right,Left,67
<_io.BytesIO object at 0x000002A17F345180>,0.8814328908920288,-0.02254180982708931,-0.024521050974726677,120492,48,2,False,Right,Front,Right,Left,67
<_io.BytesIO object at 0x000002A17F345810>,0.8551535606384277,0.03576967120170593,-0.052810247987508774,120492,48,2,False,Right,Front,Right,Left,67
<_io.BytesIO object at 0x000002A17F345090>,0.8136342167854309,-0.029319733381271362,0.04591089114546776,120492,48,2,False,Right,Front,Right,Left,67
<_io.BytesIO object at 0x000002A113035DB0>,0.7936878800392151,0.05204007402062416,-0.02740219607949257,120493,48,2,False,Right,Front,Right,Left,67
<_io.BytesIO object at 0x000002A112DA4360>,0.8296951651573181,0.05847587808966637,-0.03391818702220917,120493,48,2,False,Right,Front,Right,Left,67
<_io.BytesIO object at 0x000002A112EB7130>,0.8814328908920288,-0.02254180982708931,-0.024521050974726677,120493,48,2,False,Right,Front,Right,Left,67
<_io.BytesIO object at 0x000002A112EB7040>,0.8551535606384277,0.03576967120170593,-0.052810247987508774,120493,48,2,False,Right,Front,Right,Left,67
<_io.BytesIO object at 0x000002A112EB7D60>,0.8136342167854309,-0.029319733381271362,0.04591089114546776,120493,48,2,False,Right,Front,Right,Left,67
<_io.BytesIO object at 0x000002A112DFBCC0>,0.7936878800392151,0.05204007402062416,-0.02740219607949257,120494,48,2,False,Right,Front,Right,Left,67
<_io.BytesIO object at 0x000002A112E964A0>,0.8296951651573181,0.05847587808966637,-0.03391818702220917,120494,48,2,False,Right,Front,Right,Left,67
<_io.BytesIO object at 0x000002A112E968B0>,0.8814328908920288,-0.02254180982708931,-0.024521050974726677,120494,48,2,False,Right,Front,Right,Left,67
<_io.BytesIO object at 0x000002A112E96C70>,0.8551535606384277,0.03576967120170593,-0.052810247987508774,120494,48,2,False,Right,Front,Right,Left,67
<_io.BytesIO object at 0x000002A112E96C20>,0.8136342167854309,-0.029319733381271362,0.04591089114546776,120494,48,2,False,Right,Front,Right,Left,67
<_io.BytesIO object at 0x000002A112E825E0>,0.7936878800392151,0.05204007402062416,-0.02740219607949257,120495,48,2,False,Right,Front,Right,Left,67
<_io.BytesIO object at 0x000002A112E96AE0>,0.8296951651573181,0.05847587808966637,-0.03391818702220917,120495,48,2,False,Right,Front,Right,Left,67
<_io.BytesIO object at 0x000002A112E96D10>,0.8814328908920288,-0.02254180982708931,-0.024521050974726677,120495,48,2,False,Right,Front,Right,Left,67
<_io.BytesIO object at 0x000002A112E961D0>,0.8551535606384277,0.03576967120170593,-0.052810247987508774,120495,48,2,False,Right,Front,Right,Left,67
<_io.BytesIO object at 0x000002A112E96220>,0.8136342167854309,-0.029319733381271362,0.04591089114546776,120495,48,2,False,Right,Front,Right,Left,67
<_io.BytesIO object at 0x000002A112EB7BD0>,0.7936878800392151,0.05204007402062416,-0.02740219607949257,120496,48,2,False,Right,Front,Right,Left,67
<_io.BytesIO object at 0x000002A112EB7360>,0.8296951651573181,0.05847587808966637,-0.03391818702220917,120496,48,2,False,Right,Front,Right,Left,67
<_io.BytesIO object at 0x000002A112EB7400>,0.8814328908920288,-0.02254180982708931,-0.024521050974726677,120496,48,2,False,Right,Front,Right,Left,67
<_io.BytesIO object at 0x000002A112DA4400>,0.8551535606384277,0.03576967120170593,-0.052810247987508774,120496,48,2,False,Right,Front,Right,Left,67
<_io.BytesIO object at 0x000002A113035EA0>,0.8136342167854309,-0.029319733381271362,0.04591089114546776,120496,48,2,False,Right,Front,Right,Left,67
<_io.BytesIO object at 0x000002A112DF36D0>,0.7936878800392151,0.05204007402062416,-0.02740219607949257,120497,48,2,False,Right,Front,Right,Left,67
<_io.BytesIO object at 0x000002A17F345130>,0.8296951651573181,0.05847587808966637,-0.03391818702220917,120497,48,2,False,Right,Front,Right,Left,67
<_io.BytesIO object at 0x000002A112E0FE00>,0.8814328908920288,-0.02254180982708931,-0.024521050974726677,120497,48,2,False,Right,Front,Right,Left,67
<_io.BytesIO object at 0x000002A112E0F540>,0.8551535606384277,0.03576967120170593,-0.052810247987508774,120497,48,2,False,Right,Front,Right,Left,67
<_io.BytesIO object at 0x000002A112E0FA90>,0.8136342167854309,-0.029319733381271362,0.04591089114546776,120497,48,2,False,Right,Front,Right,Left,67
<_io.BytesIO object at 0x000002A112E9FD10>,0.7936878800392151,0.05204007402062416,-0.02740219607949257,120498,48,2,False,Right,Front,Right,Left,67
<_io.BytesIO object at 0x000002A112E0E270>,0.8296951651573181,0.05847587808966637,-0.03391818702220917,120498,48,2,False,Right,Front,Right,Left,67
<_io.BytesIO object at 0x000002A112E0E130>,0.8814328908920288,-0.02254180982708931,-0.024521050974726677,120498,48,2,False,Right,Front,Right,Left,67
<_io.BytesIO object at 0x000002A112E0EC20>,0.8551535606384277,0.03576967120170593,-0.052810247987508774,120498,48,2,False,Right,Front,Right,Left,67
<_io.BytesIO object at 0x000002A112E0E5E0>,0.8136342167854309,-0.029319733381271362,0.04591089114546776,120498,48,2,False,Right,Front,Right,Left,67
<_io.BytesIO object at 0x000002A112E0E860>,0.7936878800392151,0.05204007402062416,-0.02740219607949257,120499,48,2,False,Right,Front,Right,Left,67
<_io.BytesIO object at 0x000002A112E0E9A0>,0.8296951651573181,0.05847587808966637,-0.03391818702220917,120499,48,2,False,Right,Front,Right,Left,67
<_io.BytesIO object at 0x000002A112E0EBD0>,0.8814328908920288,-0.02254180982708931,-0.024521050974726677,120499,48,2,False,Right,Front,Right,Left,67
<_io.BytesIO object at 0x000002A112E0E090>,0.8551535606384277,0.03576967120170593,-0.052810247987508774,120499,48,2,False,Right,Front,Right,Left,67
<_io.BytesIO object at 0x000002A112E9FCC0>,0.8136342167854309,-0.029319733381271362,0.04591089114546776,120499,48,2,False,Right,Front,Right,Left,67
<_io.BytesIO object at 0x000002A112E0F450>,0.7936878800392151,0.05204007402062416,-0.02740219607949257,120500,48,2,False,Right,Front,Right,Left,67
<_io.BytesIO object at 0x000002A112E0F770>,0.8296951651573181,0.05847587808966637,-0.03391818702220917,120500,48,2,False,Right,Front,Right,Left,67
<_io.BytesIO object at 0x000002A17F345770>,0.8814328908920288,-0.02254180982708931,-0.024521050974726677,120500,48,2,False,Right,Front,Right,Left,67
<_io.BytesIO object at 0x000002A17F345810>,0.8551535606384277,0.03576967120170593,-0.052810247987508774,120500,48,2,False,Right,Front,Right,Left,67
<_io.BytesIO object at 0x000002A17F345400>,0.8136342167854309,-0.029319733381271362,0.04591089114546776,120500,48,2,False,Right,Front,Right,Left,67
<_io.BytesIO object at 0x000002A113035A40>,0.7936878800392151,0.05204007402062416,-0.02740219607949257,120501,48,2,False,Right,Front,Right,Left,67
<_io.BytesIO object at 0x000002A112DA4360>,0.8296951651573181,0.05847587808966637,-0.03391818702220917,120501,48,2,False,Right,Front,Right,Left,67
<_io.BytesIO object at 0x000002A112EB7310>,0.8814328908920288,-0.02254180982708931,-0.024521050974726677,120501,48,2,False,Right,Front,Right,Left,67
<_io.BytesIO object at 0x000002A112EB7720>,0.8551535606384277,0.03576967120170593,-0.052810247987508774,120501,48,2,False,Right,Front,Right,Left,67
<_io.BytesIO object at 0x000002A112EB79A0>,0.8136342167854309,-0.029319733381271362,0.04591089114546776,120501,48,2,False,Right,Front,Right,Left,67
<_io.BytesIO object at 0x000002A112E96810>,0.7936878800392151,0.05204007402062416,-0.02740219607949257,120502,48,2,False,Right,Front,Right,Left,67
<_io.BytesIO object at 0x000002A112E12590>,0.8296951651573181,0.05847587808966637,-0.03391818702220917,120502,48,2,False,Right,Front,Right,Left,67
<_io.BytesIO object at 0x000002A112E12220>,0.8814328908920288,-0.02254180982708931,-0.024521050974726677,120502,48,2,False,Right,Front,Right,Left,67
<_io.BytesIO object at 0x000002A112E120E0>,0.8551535606384277,0.03576967120170593,-0.052810247987508774,120502,48,2,False,Right,Front,Right,Left,67
<_io.BytesIO object at 0x000002A112E12C70>,0.8136342167854309,-0.029319733381271362,0.04591089114546776,120502,48,2,False,Right,Front,Right,Left,67
<_io.BytesIO object at 0x000002A112E82E50>,0.7936878800392151,0.05204007402062416,-0.02740219607949257,120503,48,2,False,Right,Front,Right,Left,67
<_io.BytesIO object at 0x000002A112E127C0>,0.8296951651573181,0.05847587808966637,-0.03391818702220917,120503,48,2,False,Right,Front,Right,Left,67
<_io.BytesIO object at 0x000002A112E12B30>,0.8814328908920288,-0.02254180982708931,-0.024521050974726677,120503,48,2,False,Right,Front,Right,Left,67
<_io.BytesIO object at 0x000002A112E129A0>,0.8551535606384277,0.03576967120170593,-0.052810247987508774,120503,48,2,False,Right,Front,Right,Left,67
<_io.BytesIO object at 0x000002A112E12DB0>,0.8136342167854309,-0.029319733381271362,0.04591089114546776,120503,48,2,False,Right,Front,Right,Left,67
<_io.BytesIO object at 0x000002A112EB7590>,0.7936878800392151,0.05204007402062416,-0.02740219607949257,120504,48,2,False,Right,Front,Right,Left,67
<_io.BytesIO object at 0x000002A112EB7040>,0.8296951651573181,0.05847587808966637,-0.03391818702220917,120504,48,2,False,Right,Front,Right,Left,67
<_io.BytesIO object at 0x000002A112EB7220>,0.8814328908920288,-0.02254180982708931,-0.024521050974726677,120504,48,2,False,Right,Front,Right,Left,67
<_io.BytesIO object at 0x000002A112DA4400>,0.8551535606384277,0.03576967120170593,-0.052810247987508774,120504,48,2,False,Right,Front,Right,Left,67
<_io.BytesIO object at 0x000002A113035BD0>,0.8136342167854309,-0.029319733381271362,0.04591089114546776,120504,48,2,False,Right,Front,Right,Left,67
