_io,pos_x,pos_y,pos_z,frame,trial_num,block_num,practicing,left_right_hand,palm_back_hand,target_loc,distractor_loc,participant_id
<_io.BytesIO object at 0x0000018E0006AC20>,0.24302352964878082,0.0933166965842247,-0.17223970592021942,576798,2,3,True,Right,Front,Left,Centre,69
_io,pos_x,pos_y,pos_z,frame,trial_num,block_num,practicing,left_right_hand,palm_back_hand,target_loc,distractor_loc,participant_id
<_io.BytesIO object at 0x0000018E782C5720>,0.2694632112979889,0.08946701884269714,-0.13712377846240997,576798,2,3,True,Right,Front,Left,Centre,69
_io,pos_x,pos_y,pos_z,frame,trial_num,block_num,practicing,left_right_hand,palm_back_hand,target_loc,distractor_loc,participant_id
<_io.BytesIO object at 0x0000018E782C57C0>,0.20220349729061127,0.1035643070936203,-0.08000770211219788,576798,2,3,True,Right,Front,Left,Centre,69
_io,pos_x,pos_y,pos_z,frame,trial_num,block_num,practicing,left_right_hand,palm_back_hand,target_loc,distractor_loc,participant_id
<_io.BytesIO object at 0x0000018E00158270>,0.16879072785377502,0.05561503767967224,-0.1392117738723755,576798,2,3,True,Right,Front,Left,Centre,69
_io,pos_x,pos_y,pos_z,frame,trial_num,block_num,practicing,left_right_hand,palm_back_hand,target_loc,distractor_loc,participant_id
<_io.BytesIO object at 0x0000018E00158810>,0.22087730467319489,0.05805656313896179,-0.17239169776439667,576798,2,3,True,Right,Front,Left,Centre,69
_io,pos_x,pos_y,pos_z,frame,trial_num,block_num,practicing,left_right_hand,palm_back_hand,target_loc,distractor_loc,participant_id
<_io.BytesIO object at 0x0000018E001583B0>,0.6805281043052673,0.34386032819747925,-0.18931083381175995,576798,2,3,True,Right,Front,Left,Centre,69
_io,pos_x,pos_y,pos_z,frame,trial_num,block_num,practicing,left_right_hand,palm_back_hand,target_loc,distractor_loc,participant_id
<_io.BytesIO object at 0x0000018E00158EF0>,0.6582968831062317,0.42877137660980225,-0.17694050073623657,576798,2,3,True,Right,Front,Left,Centre,69
_io,pos_x,pos_y,pos_z,frame,trial_num,block_num,practicing,left_right_hand,palm_back_hand,target_loc,distractor_loc,participant_id
<_io.BytesIO object at 0x0000018E00158A90>,0.6838603615760803,0.39689043164253235,-0.10272820293903351,576798,2,3,True,Right,Front,Left,Centre,69
_io,pos_x,pos_y,pos_z,frame,trial_num,block_num,practicing,left_right_hand,palm_back_hand,target_loc,distractor_loc,participant_id
<_io.BytesIO object at 0x0000018E001587C0>,0.7128481268882751,0.3492010533809662,-0.16604755818843842,576798,2,3,True,Right,Front,Left,Centre,69
_io,pos_x,pos_y,pos_z,frame,trial_num,block_num,practicing,left_right_hand,palm_back_hand,target_loc,distractor_loc,participant_id
<_io.BytesIO object at 0x0000018E00158CC0>,0.7032421231269836,0.3410298526287079,-0.1277959942817688,576798,2,3,True,Right,Front,Left,Centre,69
<_io.BytesIO object at 0x0000018E0006A590>,0.24302352964878082,0.0933166965842247,-0.17223970592021942,576799,2,3,True,Right,Front,Left,Centre,69
<_io.BytesIO object at 0x0000018E0006AB80>,0.2694632112979889,0.08946701884269714,-0.13712377846240997,576799,2,3,True,Right,Front,Left,Centre,69
<_io.BytesIO object at 0x0000018E0006A860>,0.20220349729061127,0.1035643070936203,-0.08000770211219788,576799,2,3,True,Right,Front,Left,Centre,69
<_io.BytesIO object at 0x0000018E0006A040>,0.16879072785377502,0.05561503767967224,-0.1392117738723755,576799,2,3,True,Right,Front,Left,Centre,69
<_io.BytesIO object at 0x0000018E002ACB30>,0.22087730467319489,0.05805656313896179,-0.17239169776439667,576799,2,3,True,Right,Front,Left,Centre,69
<_io.BytesIO object at 0x0000018E002AC360>,0.6805281043052673,0.34386032819747925,-0.18931083381175995,576799,2,3,True,Right,Front,Left,Centre,69
<_io.BytesIO object at 0x0000018E002AC040>,0.6582968831062317,0.42877137660980225,-0.17694050073623657,576799,2,3,True,Right,Front,Left,Centre,69
<_io.BytesIO object at 0x0000018E002ACF40>,0.6838603615760803,0.39689043164253235,-0.10272820293903351,576799,2,3,True,Right,Front,Left,Centre,69
<_io.BytesIO object at 0x0000018E002AC4A0>,0.7128481268882751,0.3492010533809662,-0.16604755818843842,576799,2,3,True,Right,Front,Left,Centre,69
<_io.BytesIO object at 0x0000018E002AC6D0>,0.7032421231269836,0.3410298526287079,-0.1277959942817688,576799,2,3,True,Right,Front,Left,Centre,69
<_io.BytesIO object at 0x0000018E0006A770>,0.24302352964878082,0.0933166965842247,-0.17223970592021942,576800,2,3,True,Right,Front,Left,Centre,69
<_io.BytesIO object at 0x0000018E0006A680>,0.2694632112979889,0.08946701884269714,-0.13712377846240997,576800,2,3,True,Right,Front,Left,Centre,69
<_io.BytesIO object at 0x0000018E0006A4F0>,0.20220349729061127,0.1035643070936203,-0.08000770211219788,576800,2,3,True,Right,Front,Left,Centre,69
<_io.BytesIO object at 0x0000018E0006A1D0>,0.16879072785377502,0.05561503767967224,-0.1392117738723755,576800,2,3,True,Right,Front,Left,Centre,69
<_io.BytesIO object at 0x0000018E0006A450>,0.22087730467319489,0.05805656313896179,-0.17239169776439667,576800,2,3,True,Right,Front,Left,Centre,69
<_io.BytesIO object at 0x0000018E0006A9F0>,0.6805281043052673,0.34386032819747925,-0.18931083381175995,576800,2,3,True,Right,Front,Left,Centre,69
<_io.BytesIO object at 0x0000018E0006A9A0>,0.6582968831062317,0.42877137660980225,-0.17694050073623657,576800,2,3,True,Right,Front,Left,Centre,69
<_io.BytesIO object at 0x0000018E002AC680>,0.6838603615760803,0.39689043164253235,-0.10272820293903351,576800,2,3,True,Right,Front,Left,Centre,69
<_io.BytesIO object at 0x0000018E002ACE50>,0.7128481268882751,0.3492010533809662,-0.16604755818843842,576800,2,3,True,Right,Front,Left,Centre,69
<_io.BytesIO object at 0x0000018E002AC4F0>,0.7032421231269836,0.3410298526287079,-0.1277959942817688,576800,2,3,True,Right,Front,Left,Centre,69
<_io.BytesIO object at 0x0000018E0006A950>,0.24302352964878082,0.0933166965842247,-0.17223970592021942,576801,2,3,True,Right,Front,Left,Centre,69
<_io.BytesIO object at 0x0000018E0006AE00>,0.2694632112979889,0.08946701884269714,-0.13712377846240997,576801,2,3,True,Right,Front,Left,Centre,69
<_io.BytesIO object at 0x0000018E782C5400>,0.20220349729061127,0.1035643070936203,-0.08000770211219788,576801,2,3,True,Right,Front,Left,Centre,69
<_io.BytesIO object at 0x0000018E782C58B0>,0.16879072785377502,0.05561503767967224,-0.1392117738723755,576801,2,3,True,Right,Front,Left,Centre,69
<_io.BytesIO object at 0x0000018E00158270>,0.22087730467319489,0.05805656313896179,-0.17239169776439667,576801,2,3,True,Right,Front,Left,Centre,69
<_io.BytesIO object at 0x0000018E001585E0>,0.6805281043052673,0.34386032819747925,-0.18931083381175995,576801,2,3,True,Right,Front,Left,Centre,69
<_io.BytesIO object at 0x0000018E001586D0>,0.6582968831062317,0.42877137660980225,-0.17694050073623657,576801,2,3,True,Right,Front,Left,Centre,69
<_io.BytesIO object at 0x0000018E00158D60>,0.6838603615760803,0.39689043164253235,-0.10272820293903351,576801,2,3,True,Right,Front,Left,Centre,69
<_io.BytesIO object at 0x0000018E00158900>,0.7128481268882751,0.3492010533809662,-0.16604755818843842,576801,2,3,True,Right,Front,Left,Centre,69
<_io.BytesIO object at 0x0000018E00158720>,0.7032421231269836,0.3410298526287079,-0.1277959942817688,576801,2,3,True,Right,Front,Left,Centre,69
<_io.BytesIO object at 0x0000018E0006A8B0>,0.24302352964878082,0.0933166965842247,-0.17223970592021942,576802,2,3,True,Right,Front,Left,Centre,69
<_io.BytesIO object at 0x0000018E0006AF90>,0.2694632112979889,0.08946701884269714,-0.13712377846240997,576802,2,3,True,Right,Front,Left,Centre,69
<_io.BytesIO object at 0x0000018E0006A220>,0.20220349729061127,0.1035643070936203,-0.08000770211219788,576802,2,3,True,Right,Front,Left,Centre,69
<_io.BytesIO object at 0x0000018E0006ADB0>,0.16879072785377502,0.05561503767967224,-0.1392117738723755,576802,2,3,True,Right,Front,Left,Centre,69
<_io.BytesIO object at 0x0000018E002AC540>,0.22087730467319489,0.05805656313896179,-0.17239169776439667,576802,2,3,True,Right,Front,Left,Centre,69
<_io.BytesIO object at 0x0000018E002ACB30>,0.6805281043052673,0.34386032819747925,-0.18931083381175995,576802,2,3,True,Right,Front,Left,Centre,69
<_io.BytesIO object at 0x0000018E002AC4A0>,0.6582968831062317,0.42877137660980225,-0.17694050073623657,576802,2,3,True,Right,Front,Left,Centre,69
<_io.BytesIO object at 0x0000018E002AC630>,0.6838603615760803,0.39689043164253235,-0.10272820293903351,576802,2,3,True,Right,Front,Left,Centre,69
<_io.BytesIO object at 0x0000018E002AC9F0>,0.7128481268882751,0.3492010533809662,-0.16604755818843842,576802,2,3,True,Right,Front,Left,Centre,69
<_io.BytesIO object at 0x0000018E002AC130>,0.7032421231269836,0.3410298526287079,-0.1277959942817688,576802,2,3,True,Right,Front,Left,Centre,69
<_io.BytesIO object at 0x0000018E0006AD10>,0.24302352964878082,0.0933166965842247,-0.17223970592021942,576803,2,3,True,Right,Front,Left,Centre,69
<_io.BytesIO object at 0x0000018E0006AEF0>,0.2694632112979889,0.08946701884269714,-0.13712377846240997,576803,2,3,True,Right,Front,Left,Centre,69
<_io.BytesIO object at 0x0000018E782C5400>,0.20220349729061127,0.1035643070936203,-0.08000770211219788,576803,2,3,True,Right,Front,Left,Centre,69
<_io.BytesIO object at 0x0000018E782C50E0>,0.16879072785377502,0.05561503767967224,-0.1392117738723755,576803,2,3,True,Right,Front,Left,Centre,69
<_io.BytesIO object at 0x0000018E00158900>,0.22087730467319489,0.05805656313896179,-0.17239169776439667,576803,2,3,True,Right,Front,Left,Centre,69
<_io.BytesIO object at 0x0000018E00158130>,0.6805281043052673,0.34386032819747925,-0.18931083381175995,576803,2,3,True,Right,Front,Left,Centre,69
<_io.BytesIO object at 0x0000018E00158DB0>,0.6582968831062317,0.42877137660980225,-0.17694050073623657,576803,2,3,True,Right,Front,Left,Centre,69
<_io.BytesIO object at 0x0000018E00158BD0>,0.6838603615760803,0.39689043164253235,-0.10272820293903351,576803,2,3,True,Right,Front,Left,Centre,69
<_io.BytesIO object at 0x0000018E00158CC0>,0.7128481268882751,0.3492010533809662,-0.16604755818843842,576803,2,3,True,Right,Front,Left,Centre,69
<_io.BytesIO object at 0x0000018E00158A90>,0.7032421231269836,0.3410298526287079,-0.1277959942817688,576803,2,3,True,Right,Front,Left,Centre,69
<_io.BytesIO object at 0x0000018E0006A8B0>,0.24302352964878082,0.0933166965842247,-0.17223970592021942,576804,2,3,True,Right,Front,Left,Centre,69
<_io.BytesIO object at 0x0000018E0006ADB0>,0.2694632112979889,0.08946701884269714,-0.13712377846240997,576804,2,3,True,Right,Front,Left,Centre,69
<_io.BytesIO object at 0x0000018E0006A950>,0.20220349729061127,0.1035643070936203,-0.08000770211219788,576804,2,3,True,Right,Front,Left,Centre,69
<_io.BytesIO object at 0x0000018E0006AB30>,0.16879072785377502,0.05561503767967224,-0.1392117738723755,576804,2,3,True,Right,Front,Left,Centre,69
<_io.BytesIO object at 0x0000018E0006A0E0>,0.22087730467319489,0.05805656313896179,-0.17239169776439667,576804,2,3,True,Right,Front,Left,Centre,69
<_io.BytesIO object at 0x0000018E0006AF40>,0.6805281043052673,0.34386032819747925,-0.18931083381175995,576804,2,3,True,Right,Front,Left,Centre,69
<_io.BytesIO object at 0x0000018E0006AEF0>,0.6582968831062317,0.42877137660980225,-0.17694050073623657,576804,2,3,True,Right,Front,Left,Centre,69
<_io.BytesIO object at 0x0000018E782C5540>,0.6838603615760803,0.39689043164253235,-0.10272820293903351,576804,2,3,True,Right,Front,Left,Centre,69
<_io.BytesIO object at 0x0000018E002AC1D0>,0.7128481268882751,0.3492010533809662,-0.16604755818843842,576804,2,3,True,Right,Front,Left,Centre,69
<_io.BytesIO object at 0x0000018E002AC360>,0.7032421231269836,0.3410298526287079,-0.1277959942817688,576804,2,3,True,Right,Front,Left,Centre,69
<_io.BytesIO object at 0x0000018E0006AA40>,0.24302352964878082,0.0933166965842247,-0.17223970592021942,576805,2,3,True,Right,Front,Left,Centre,69
<_io.BytesIO object at 0x0000018E0006AD60>,0.2694632112979889,0.08946701884269714,-0.13712377846240997,576805,2,3,True,Right,Front,Left,Centre,69
<_io.BytesIO object at 0x0000018E0006A130>,0.20220349729061127,0.1035643070936203,-0.08000770211219788,576805,2,3,True,Right,Front,Left,Centre,69
<_io.BytesIO object at 0x0000018E0006A450>,0.16879072785377502,0.05561503767967224,-0.1392117738723755,576805,2,3,True,Right,Front,Left,Centre,69
<_io.BytesIO object at 0x0000018E0006AF40>,0.22087730467319489,0.05805656313896179,-0.17239169776439667,576805,2,3,True,Right,Front,Left,Centre,69
<_io.BytesIO object at 0x0000018E0006ADB0>,0.6805281043052673,0.34386032819747925,-0.18931083381175995,576805,2,3,True,Right,Front,Left,Centre,69
<_io.BytesIO object at 0x0000018E0006A540>,0.6582968831062317,0.42877137660980225,-0.17694050073623657,576805,2,3,True,Right,Front,Left,Centre,69
<_io.BytesIO object at 0x0000018E782C52C0>,0.6838603615760803,0.39689043164253235,-0.10272820293903351,576805,2,3,True,Right,Front,Left,Centre,69
<_io.BytesIO object at 0x0000018E002AC040>,0.7128481268882751,0.3492010533809662,-0.16604755818843842,576805,2,3,True,Right,Front,Left,Centre,69
<_io.BytesIO object at 0x0000018E002AC7C0>,0.7032421231269836,0.3410298526287079,-0.1277959942817688,576805,2,3,True,Right,Front,Left,Centre,69
<_io.BytesIO object at 0x0000018E0006A860>,0.24302352964878082,0.0933166965842247,-0.17223970592021942,576806,2,3,True,Right,Front,Left,Centre,69
<_io.BytesIO object at 0x0000018E002AC1D0>,0.2694632112979889,0.08946701884269714,-0.13712377846240997,576806,2,3,True,Right,Front,Left,Centre,69
<_io.BytesIO object at 0x0000018E002AC860>,0.20220349729061127,0.1035643070936203,-0.08000770211219788,576806,2,3,True,Right,Front,Left,Centre,69
<_io.BytesIO object at 0x0000018E002AC180>,0.16879072785377502,0.05561503767967224,-0.1392117738723755,576806,2,3,True,Right,Front,Left,Centre,69
<_io.BytesIO object at 0x0000018E00158900>,0.22087730467319489,0.05805656313896179,-0.17239169776439667,576806,2,3,True,Right,Front,Left,Centre,69
<_io.BytesIO object at 0x0000018E00158BD0>,0.6805281043052673,0.34386032819747925,-0.18931083381175995,576806,2,3,True,Right,Front,Left,Centre,69
<_io.BytesIO object at 0x0000018E001589F0>,0.6582968831062317,0.42877137660980225,-0.17694050073623657,576806,2,3,True,Right,Front,Left,Centre,69
<_io.BytesIO object at 0x0000018E00158F90>,0.6838603615760803,0.39689043164253235,-0.10272820293903351,576806,2,3,True,Right,Front,Left,Centre,69
<_io.BytesIO object at 0x0000018E00158220>,0.7128481268882751,0.3492010533809662,-0.16604755818843842,576806,2,3,True,Right,Front,Left,Centre,69
<_io.BytesIO object at 0x0000018E001586D0>,0.7032421231269836,0.3410298526287079,-0.1277959942817688,576806,2,3,True,Right,Front,Left,Centre,69
<_io.BytesIO object at 0x0000018E002AC630>,0.24302352964878082,0.0933166965842247,-0.17223970592021942,576807,2,3,True,Right,Front,Left,Centre,69
<_io.BytesIO object at 0x0000018E002AC7C0>,0.2694632112979889,0.08946701884269714,-0.13712377846240997,576807,2,3,True,Right,Front,Left,Centre,69
<_io.BytesIO object at 0x0000018E002ACC70>,0.20220349729061127,0.1035643070936203,-0.08000770211219788,576807,2,3,True,Right,Front,Left,Centre,69
<_io.BytesIO object at 0x0000018E002ACDB0>,0.16879072785377502,0.05561503767967224,-0.1392117738723755,576807,2,3,True,Right,Front,Left,Centre,69
<_io.BytesIO object at 0x0000018E002AC270>,0.22087730467319489,0.05805656313896179,-0.17239169776439667,576807,2,3,True,Right,Front,Left,Centre,69
<_io.BytesIO object at 0x0000018E002AC180>,0.6805281043052673,0.34386032819747925,-0.18931083381175995,576807,2,3,True,Right,Front,Left,Centre,69
<_io.BytesIO object at 0x0000018E00158630>,0.6582968831062317,0.42877137660980225,-0.17694050073623657,576807,2,3,True,Right,Front,Left,Centre,69
<_io.BytesIO object at 0x0000018E00158540>,0.6838603615760803,0.39689043164253235,-0.10272820293903351,576807,2,3,True,Right,Front,Left,Centre,69
<_io.BytesIO object at 0x0000018E00158F40>,0.7128481268882751,0.3492010533809662,-0.16604755818843842,576807,2,3,True,Right,Front,Left,Centre,69
<_io.BytesIO object at 0x0000018E00158680>,0.7032421231269836,0.3410298526287079,-0.1277959942817688,576807,2,3,True,Right,Front,Left,Centre,69
<_io.BytesIO object at 0x0000018E00158450>,0.24302352964878082,0.0933166965842247,-0.17223970592021942,576808,2,3,True,Right,Front,Left,Centre,69
<_io.BytesIO object at 0x0000018E00158DB0>,0.2694632112979889,0.08946701884269714,-0.13712377846240997,576808,2,3,True,Right,Front,Left,Centre,69
<_io.BytesIO object at 0x0000018E002AC7C0>,0.20220349729061127,0.1035643070936203,-0.08000770211219788,576808,2,3,True,Right,Front,Left,Centre,69
<_io.BytesIO object at 0x0000018E002AC4F0>,0.16879072785377502,0.05561503767967224,-0.1392117738723755,576808,2,3,True,Right,Front,Left,Centre,69
<_io.BytesIO object at 0x0000018E002AC680>,0.22087730467319489,0.05805656313896179,-0.17239169776439667,576808,2,3,True,Right,Front,Left,Centre,69
<_io.BytesIO object at 0x0000018E002ACAE0>,0.6805281043052673,0.34386032819747925,-0.18931083381175995,576808,2,3,True,Right,Front,Left,Centre,69
<_io.BytesIO object at 0x0000018E0006A3B0>,0.6582968831062317,0.42877137660980225,-0.17694050073623657,576808,2,3,True,Right,Front,Left,Centre,69
<_io.BytesIO object at 0x0000018E0006AE50>,0.6838603615760803,0.39689043164253235,-0.10272820293903351,576808,2,3,True,Right,Front,Left,Centre,69
<_io.BytesIO object at 0x0000018E0006A6D0>,0.7128481268882751,0.3492010533809662,-0.16604755818843842,576808,2,3,True,Right,Front,Left,Centre,69
<_io.BytesIO object at 0x0000018E0006A9A0>,0.7032421231269836,0.3410298526287079,-0.1277959942817688,576808,2,3,True,Right,Front,Left,Centre,69
<_io.BytesIO object at 0x0000018E00158400>,0.24302352964878082,0.0933166965842247,-0.17223970592021942,576809,2,3,True,Right,Front,Left,Centre,69
<_io.BytesIO object at 0x0000018E00158C20>,0.2694632112979889,0.08946701884269714,-0.13712377846240997,576809,2,3,True,Right,Front,Left,Centre,69
<_io.BytesIO object at 0x0000018E00158BD0>,0.20220349729061127,0.1035643070936203,-0.08000770211219788,576809,2,3,True,Right,Front,Left,Centre,69
<_io.BytesIO object at 0x0000018E001586D0>,0.16879072785377502,0.05561503767967224,-0.1392117738723755,576809,2,3,True,Right,Front,Left,Centre,69
<_io.BytesIO object at 0x0000018E001581D0>,0.22087730467319489,0.05805656313896179,-0.17239169776439667,576809,2,3,True,Right,Front,Left,Centre,69
<_io.BytesIO object at 0x0000018E00158630>,0.6805281043052673,0.34386032819747925,-0.18931083381175995,576809,2,3,True,Right,Front,Left,Centre,69
<_io.BytesIO object at 0x0000018E00158DB0>,0.6582968831062317,0.42877137660980225,-0.17694050073623657,576809,2,3,True,Right,Front,Left,Centre,69
<_io.BytesIO object at 0x0000018E002AC6D0>,0.6838603615760803,0.39689043164253235,-0.10272820293903351,576809,2,3,True,Right,Front,Left,Centre,69
<_io.BytesIO object at 0x0000018E002AC1D0>,0.7128481268882751,0.3492010533809662,-0.16604755818843842,576809,2,3,True,Right,Front,Left,Centre,69
<_io.BytesIO object at 0x0000018E002AC040>,0.7032421231269836,0.3410298526287079,-0.1277959942817688,576809,2,3,True,Right,Front,Left,Centre,69
<_io.BytesIO object at 0x0000018E00158630>,0.24302352964878082,0.0933166965842247,-0.17223970592021942,576810,2,3,True,Right,Front,Left,Centre,69
<_io.BytesIO object at 0x0000018E001582C0>,0.2694632112979889,0.08946701884269714,-0.13712377846240997,576810,2,3,True,Right,Front,Left,Centre,69
<_io.BytesIO object at 0x0000018E00158090>,0.20220349729061127,0.1035643070936203,-0.08000770211219788,576810,2,3,True,Right,Front,Left,Centre,69
<_io.BytesIO object at 0x0000018E00158E00>,0.16879072785377502,0.05561503767967224,-0.1392117738723755,576810,2,3,True,Right,Front,Left,Centre,69
<_io.BytesIO object at 0x0000018E00158680>,0.22087730467319489,0.05805656313896179,-0.17239169776439667,576810,2,3,True,Right,Front,Left,Centre,69
<_io.BytesIO object at 0x0000018E00158E50>,0.6805281043052673,0.34386032819747925,-0.18931083381175995,576810,2,3,True,Right,Front,Left,Centre,69
<_io.BytesIO object at 0x0000018E00158400>,0.6582968831062317,0.42877137660980225,-0.17694050073623657,576810,2,3,True,Right,Front,Left,Centre,69
<_io.BytesIO object at 0x0000018E002AC360>,0.6838603615760803,0.39689043164253235,-0.10272820293903351,576810,2,3,True,Right,Front,Left,Centre,69
<_io.BytesIO object at 0x0000018E002AC7C0>,0.7128481268882751,0.3492010533809662,-0.16604755818843842,576810,2,3,True,Right,Front,Left,Centre,69
<_io.BytesIO object at 0x0000018E002AC8B0>,0.7032421231269836,0.3410298526287079,-0.1277959942817688,576810,2,3,True,Right,Front,Left,Centre,69
<_io.BytesIO object at 0x0000018E002AC630>,0.24302352964878082,0.0933166965842247,-0.17223970592021942,576811,2,3,True,Right,Front,Left,Centre,69
<_io.BytesIO object at 0x0000018E001582C0>,0.2694632112979889,0.08946701884269714,-0.13712377846240997,576811,2,3,True,Right,Front,Left,Centre,69
<_io.BytesIO object at 0x0000018E001586D0>,0.20220349729061127,0.1035643070936203,-0.08000770211219788,576811,2,3,True,Right,Front,Left,Centre,69
<_io.BytesIO object at 0x0000018E00158F40>,0.16879072785377502,0.05561503767967224,-0.1392117738723755,576811,2,3,True,Right,Front,Left,Centre,69
<_io.BytesIO object at 0x0000018E00158860>,0.22087730467319489,0.05805656313896179,-0.17239169776439667,576811,2,3,True,Right,Front,Left,Centre,69
<_io.BytesIO object at 0x0000018E00158950>,0.6805281043052673,0.34386032819747925,-0.18931083381175995,576811,2,3,True,Right,Front,Left,Centre,69
<_io.BytesIO object at 0x0000018E0006A360>,0.6582968831062317,0.42877137660980225,-0.17694050073623657,576811,2,3,True,Right,Front,Left,Centre,69
<_io.BytesIO object at 0x0000018E0006A040>,0.6838603615760803,0.39689043164253235,-0.10272820293903351,576811,2,3,True,Right,Front,Left,Centre,69
<_io.BytesIO object at 0x0000018E0006A450>,0.7128481268882751,0.3492010533809662,-0.16604755818843842,576811,2,3,True,Right,Front,Left,Centre,69
<_io.BytesIO object at 0x0000018E0006A130>,0.7032421231269836,0.3410298526287079,-0.1277959942817688,576811,2,3,True,Right,Front,Left,Centre,69
<_io.BytesIO object at 0x0000018E002ACDB0>,0.24302352964878082,0.0933166965842247,-0.17223970592021942,576812,2,3,True,Right,Front,Left,Centre,69
<_io.BytesIO object at 0x0000018E002ACAE0>,0.2694632112979889,0.08946701884269714,-0.13712377846240997,576812,2,3,True,Right,Front,Left,Centre,69
<_io.BytesIO object at 0x0000018E002AC6D0>,0.20220349729061127,0.1035643070936203,-0.08000770211219788,576812,2,3,True,Right,Front,Left,Centre,69
<_io.BytesIO object at 0x0000018E002ACC70>,0.16879072785377502,0.05561503767967224,-0.1392117738723755,576812,2,3,True,Right,Front,Left,Centre,69
<_io.BytesIO object at 0x0000018E002AC680>,0.22087730467319489,0.05805656313896179,-0.17239169776439667,576812,2,3,True,Right,Front,Left,Centre,69
<_io.BytesIO object at 0x0000018E002AC360>,0.6805281043052673,0.34386032819747925,-0.18931083381175995,576812,2,3,True,Right,Front,Left,Centre,69
<_io.BytesIO object at 0x0000018E00158E00>,0.6582968831062317,0.42877137660980225,-0.17694050073623657,576812,2,3,True,Right,Front,Left,Centre,69
<_io.BytesIO object at 0x0000018E00158360>,0.6838603615760803,0.39689043164253235,-0.10272820293903351,576812,2,3,True,Right,Front,Left,Centre,69
<_io.BytesIO object at 0x0000018E001588B0>,0.7128481268882751,0.3492010533809662,-0.16604755818843842,576812,2,3,True,Right,Front,Left,Centre,69
<_io.BytesIO object at 0x0000018E00158D60>,0.7032421231269836,0.3410298526287079,-0.1277959942817688,576812,2,3,True,Right,Front,Left,Centre,69
<_io.BytesIO object at 0x0000018E00158720>,0.24302352964878082,0.0933166965842247,-0.17223970592021942,576813,2,3,True,Right,Front,Left,Centre,69
<_io.BytesIO object at 0x0000018E002AC3B0>,0.2694632112979889,0.08946701884269714,-0.13712377846240997,576813,2,3,True,Right,Front,Left,Centre,69
<_io.BytesIO object at 0x0000018E002AC8B0>,0.20220349729061127,0.1035643070936203,-0.08000770211219788,576813,2,3,True,Right,Front,Left,Centre,69
<_io.BytesIO object at 0x0000018E002AC720>,0.16879072785377502,0.05561503767967224,-0.1392117738723755,576813,2,3,True,Right,Front,Left,Centre,69
<_io.BytesIO object at 0x0000018E002AC1D0>,0.22087730467319489,0.05805656313896179,-0.17239169776439667,576813,2,3,True,Right,Front,Left,Centre,69
<_io.BytesIO object at 0x0000018E002ACB30>,0.6805281043052673,0.34386032819747925,-0.18931083381175995,576813,2,3,True,Right,Front,Left,Centre,69
<_io.BytesIO object at 0x0000018E0006ADB0>,0.6582968831062317,0.42877137660980225,-0.17694050073623657,576813,2,3,True,Right,Front,Left,Centre,69
<_io.BytesIO object at 0x0000018E0006A180>,0.6838603615760803,0.39689043164253235,-0.10272820293903351,576813,2,3,True,Right,Front,Left,Centre,69
<_io.BytesIO object at 0x0000018E0006AA40>,0.7128481268882751,0.3492010533809662,-0.16604755818843842,576813,2,3,True,Right,Front,Left,Centre,69
<_io.BytesIO object at 0x0000018E0006AE50>,0.7032421231269836,0.3410298526287079,-0.1277959942817688,576813,2,3,True,Right,Front,Left,Centre,69
<_io.BytesIO object at 0x0000018E002AC810>,0.24302352964878082,0.0933166965842247,-0.17223970592021942,576814,2,3,True,Right,Front,Left,Centre,69
<_io.BytesIO object at 0x0000018E002AC7C0>,0.2694632112979889,0.08946701884269714,-0.13712377846240997,576814,2,3,True,Right,Front,Left,Centre,69
<_io.BytesIO object at 0x0000018E0006A220>,0.20220349729061127,0.1035643070936203,-0.08000770211219788,576814,2,3,True,Right,Front,Left,Centre,69
<_io.BytesIO object at 0x0000018E0006AA90>,0.16879072785377502,0.05561503767967224,-0.1392117738723755,576814,2,3,True,Right,Front,Left,Centre,69
<_io.BytesIO object at 0x0000018E0006A680>,0.22087730467319489,0.05805656313896179,-0.17239169776439667,576814,2,3,True,Right,Front,Left,Centre,69
<_io.BytesIO object at 0x0000018E0006AEA0>,0.6805281043052673,0.34386032819747925,-0.18931083381175995,576814,2,3,True,Right,Front,Left,Centre,69
<_io.BytesIO object at 0x0000018E0006A9F0>,0.6582968831062317,0.42877137660980225,-0.17694050073623657,576814,2,3,True,Right,Front,Left,Centre,69
<_io.BytesIO object at 0x0000018E782C52C0>,0.6838603615760803,0.39689043164253235,-0.10272820293903351,576814,2,3,True,Right,Front,Left,Centre,69
<_io.BytesIO object at 0x0000018E782C51D0>,0.7128481268882751,0.3492010533809662,-0.16604755818843842,576814,2,3,True,Right,Front,Left,Centre,69
<_io.BytesIO object at 0x0000018E782C5630>,0.7032421231269836,0.3410298526287079,-0.1277959942817688,576814,2,3,True,Right,Front,Left,Centre,69
<_io.BytesIO object at 0x0000018E0006AE50>,0.24302352964878082,0.0933166965842247,-0.17223970592021942,576815,2,3,True,Right,Front,Left,Centre,69
<_io.BytesIO object at 0x0000018E0006ADB0>,0.2694632112979889,0.08946701884269714,-0.13712377846240997,576815,2,3,True,Right,Front,Left,Centre,69
<_io.BytesIO object at 0x0000018E0006AC20>,0.20220349729061127,0.1035643070936203,-0.08000770211219788,576815,2,3,True,Right,Front,Left,Centre,69
<_io.BytesIO object at 0x0000018E0006AEF0>,0.16879072785377502,0.05561503767967224,-0.1392117738723755,576815,2,3,True,Right,Front,Left,Centre,69
<_io.BytesIO object at 0x0000018E0006A630>,0.22087730467319489,0.05805656313896179,-0.17239169776439667,576815,2,3,True,Right,Front,Left,Centre,69
<_io.BytesIO object at 0x0000018E0006A4F0>,0.6805281043052673,0.34386032819747925,-0.18931083381175995,576815,2,3,True,Right,Front,Left,Centre,69
<_io.BytesIO object at 0x0000018E0006A770>,0.6582968831062317,0.42877137660980225,-0.17694050073623657,576815,2,3,True,Right,Front,Left,Centre,69
<_io.BytesIO object at 0x0000018E782C5220>,0.6838603615760803,0.39689043164253235,-0.10272820293903351,576815,2,3,True,Right,Front,Left,Centre,69
<_io.BytesIO object at 0x0000018E002AC090>,0.7128481268882751,0.3492010533809662,-0.16604755818843842,576815,2,3,True,Right,Front,Left,Centre,69
<_io.BytesIO object at 0x0000018E002ACB30>,0.7032421231269836,0.3410298526287079,-0.1277959942817688,576815,2,3,True,Right,Front,Left,Centre,69
<_io.BytesIO object at 0x0000018E0006A810>,0.24302352964878082,0.0933166965842247,-0.17223970592021942,576816,2,3,True,Right,Front,Left,Centre,69
<_io.BytesIO object at 0x0000018E002AC900>,0.2694632112979889,0.08946701884269714,-0.13712377846240997,576816,2,3,True,Right,Front,Left,Centre,69
<_io.BytesIO object at 0x0000018E002AC860>,0.20220349729061127,0.1035643070936203,-0.08000770211219788,576816,2,3,True,Right,Front,Left,Centre,69
<_io.BytesIO object at 0x0000018E002AC2C0>,0.16879072785377502,0.05561503767967224,-0.1392117738723755,576816,2,3,True,Right,Front,Left,Centre,69
<_io.BytesIO object at 0x0000018E001582C0>,0.22087730467319489,0.05805656313896179,-0.17239169776439667,576816,2,3,True,Right,Front,Left,Centre,69
<_io.BytesIO object at 0x0000018E00158DB0>,0.6805281043052673,0.34386032819747925,-0.18931083381175995,576816,2,3,True,Right,Front,Left,Centre,69
<_io.BytesIO object at 0x0000018E00158220>,0.6582968831062317,0.42877137660980225,-0.17694050073623657,576816,2,3,True,Right,Front,Left,Centre,69
<_io.BytesIO object at 0x0000018E00158630>,0.6838603615760803,0.39689043164253235,-0.10272820293903351,576816,2,3,True,Right,Front,Left,Centre,69
<_io.BytesIO object at 0x0000018E001584F0>,0.7128481268882751,0.3492010533809662,-0.16604755818843842,576816,2,3,True,Right,Front,Left,Centre,69
<_io.BytesIO object at 0x0000018E00158E00>,0.7032421231269836,0.3410298526287079,-0.1277959942817688,576816,2,3,True,Right,Front,Left,Centre,69
<_io.BytesIO object at 0x0000018E0006A540>,0.24302352964878082,0.0933166965842247,-0.17223970592021942,576817,2,3,True,Right,Front,Left,Centre,69
<_io.BytesIO object at 0x0000018E0006AEA0>,0.2694632112979889,0.08946701884269714,-0.13712377846240997,576817,2,3,True,Right,Front,Left,Centre,69
<_io.BytesIO object at 0x0000018E0006AA90>,0.20220349729061127,0.1035643070936203,-0.08000770211219788,576817,2,3,True,Right,Front,Left,Centre,69
<_io.BytesIO object at 0x0000018E0006AEF0>,0.16879072785377502,0.05561503767967224,-0.1392117738723755,576817,2,3,True,Right,Front,Left,Centre,69
<_io.BytesIO object at 0x0000018E0006A9A0>,0.22087730467319489,0.05805656313896179,-0.17239169776439667,576817,2,3,True,Right,Front,Left,Centre,69
<_io.BytesIO object at 0x0000018E0006A590>,0.6805281043052673,0.34386032819747925,-0.18931083381175995,576817,2,3,True,Right,Front,Left,Centre,69
<_io.BytesIO object at 0x0000018E0006A180>,0.6582968831062317,0.42877137660980225,-0.17694050073623657,576817,2,3,True,Right,Front,Left,Centre,69
<_io.BytesIO object at 0x0000018E00158B30>,0.6838603615760803,0.39689043164253235,-0.10272820293903351,576817,2,3,True,Right,Front,Left,Centre,69
<_io.BytesIO object at 0x0000018E001589F0>,0.7128481268882751,0.3492010533809662,-0.16604755818843842,576817,2,3,True,Right,Front,Left,Centre,69
<_io.BytesIO object at 0x0000018E00158310>,0.7032421231269836,0.3410298526287079,-0.1277959942817688,576817,2,3,True,Right,Front,Left,Centre,69
<_io.BytesIO object at 0x0000018E0006A130>,0.24302352964878082,0.0933166965842247,-0.17223970592021942,576818,2,3,True,Right,Front,Left,Centre,69
<_io.BytesIO object at 0x0000018E0006A1D0>,0.2694632112979889,0.08946701884269714,-0.13712377846240997,576818,2,3,True,Right,Front,Left,Centre,69
<_io.BytesIO object at 0x0000018E0006A630>,0.20220349729061127,0.1035643070936203,-0.08000770211219788,576818,2,3,True,Right,Front,Left,Centre,69
<_io.BytesIO object at 0x0000018E0006A860>,0.16879072785377502,0.05561503767967224,-0.1392117738723755,576818,2,3,True,Right,Front,Left,Centre,69
<_io.BytesIO object at 0x0000018E0006A400>,0.22087730467319489,0.05805656313896179,-0.17239169776439667,576818,2,3,True,Right,Front,Left,Centre,69
<_io.BytesIO object at 0x0000018E0006ACC0>,0.6805281043052673,0.34386032819747925,-0.18931083381175995,576818,2,3,True,Right,Front,Left,Centre,69
<_io.BytesIO object at 0x0000018E0006A7C0>,0.6582968831062317,0.42877137660980225,-0.17694050073623657,576818,2,3,True,Right,Front,Left,Centre,69
<_io.BytesIO object at 0x0000018E0006AEA0>,0.6838603615760803,0.39689043164253235,-0.10272820293903351,576818,2,3,True,Right,Front,Left,Centre,69
<_io.BytesIO object at 0x0000018E00158090>,0.7128481268882751,0.3492010533809662,-0.16604755818843842,576818,2,3,True,Right,Front,Left,Centre,69
<_io.BytesIO object at 0x0000018E00158860>,0.7032421231269836,0.3410298526287079,-0.1277959942817688,576818,2,3,True,Right,Front,Left,Centre,69
<_io.BytesIO object at 0x0000018E0006A400>,0.24302352964878082,0.0933166965842247,-0.17223970592021942,576819,2,3,True,Right,Front,Left,Centre,69
<_io.BytesIO object at 0x0000018E0006A680>,0.2694632112979889,0.08946701884269714,-0.13712377846240997,576819,2,3,True,Right,Front,Left,Centre,69
<_io.BytesIO object at 0x0000018E0006A3B0>,0.20220349729061127,0.1035643070936203,-0.08000770211219788,576819,2,3,True,Right,Front,Left,Centre,69
<_io.BytesIO object at 0x0000018E0006A950>,0.16879072785377502,0.05561503767967224,-0.1392117738723755,576819,2,3,True,Right,Front,Left,Centre,69
<_io.BytesIO object at 0x0000018E0006A540>,0.22087730467319489,0.05805656313896179,-0.17239169776439667,576819,2,3,True,Right,Front,Left,Centre,69
<_io.BytesIO object at 0x0000018E0006A860>,0.6805281043052673,0.34386032819747925,-0.18931083381175995,576819,2,3,True,Right,Front,Left,Centre,69
<_io.BytesIO object at 0x0000018E0006AD10>,0.6582968831062317,0.42877137660980225,-0.17694050073623657,576819,2,3,True,Right,Front,Left,Centre,69
<_io.BytesIO object at 0x0000018E00158E50>,0.6838603615760803,0.39689043164253235,-0.10272820293903351,576819,2,3,True,Right,Front,Left,Centre,69
<_io.BytesIO object at 0x0000018E001581D0>,0.7128481268882751,0.3492010533809662,-0.16604755818843842,576819,2,3,True,Right,Front,Left,Centre,69
<_io.BytesIO object at 0x0000018E00158400>,0.7032421231269836,0.3410298526287079,-0.1277959942817688,576819,2,3,True,Right,Front,Left,Centre,69
<_io.BytesIO object at 0x0000018E00158BD0>,0.24302352964878082,0.0933166965842247,-0.17223970592021942,576820,2,3,True,Right,Front,Left,Centre,69
<_io.BytesIO object at 0x0000018E00158680>,0.2694632112979889,0.08946701884269714,-0.13712377846240997,576820,2,3,True,Right,Front,Left,Centre,69
<_io.BytesIO object at 0x0000018E782C56D0>,0.20220349729061127,0.1035643070936203,-0.08000770211219788,576820,2,3,True,Right,Front,Left,Centre,69
<_io.BytesIO object at 0x0000018E782C5900>,0.16879072785377502,0.05561503767967224,-0.1392117738723755,576820,2,3,True,Right,Front,Left,Centre,69
<_io.BytesIO object at 0x0000018E002AC680>,0.22087730467319489,0.05805656313896179,-0.17239169776439667,576820,2,3,True,Right,Front,Left,Centre,69
<_io.BytesIO object at 0x0000018E002AC8B0>,0.6805281043052673,0.34386032819747925,-0.18931083381175995,576820,2,3,True,Right,Front,Left,Centre,69
<_io.BytesIO object at 0x0000018E002ACE50>,0.6582968831062317,0.42877137660980225,-0.17694050073623657,576820,2,3,True,Right,Front,Left,Centre,69
<_io.BytesIO object at 0x0000018E002AC4A0>,0.6838603615760803,0.39689043164253235,-0.10272820293903351,576820,2,3,True,Right,Front,Left,Centre,69
<_io.BytesIO object at 0x0000018E002ACEF0>,0.7128481268882751,0.3492010533809662,-0.16604755818843842,576820,2,3,True,Right,Front,Left,Centre,69
<_io.BytesIO object at 0x0000018E002AC130>,0.7032421231269836,0.3410298526287079,-0.1277959942817688,576820,2,3,True,Right,Front,Left,Centre,69
<_io.BytesIO object at 0x0000018E0006AEA0>,0.24302352964878082,0.0933166965842247,-0.17223970592021942,576821,2,3,True,Right,Front,Left,Centre,69
<_io.BytesIO object at 0x0000018E0006AA90>,0.2694632112979889,0.08946701884269714,-0.13712377846240997,576821,2,3,True,Right,Front,Left,Centre,69
<_io.BytesIO object at 0x0000018E0006A540>,0.20220349729061127,0.1035643070936203,-0.08000770211219788,576821,2,3,True,Right,Front,Left,Centre,69
<_io.BytesIO object at 0x0000018E0006A3B0>,0.16879072785377502,0.05561503767967224,-0.1392117738723755,576821,2,3,True,Right,Front,Left,Centre,69
<_io.BytesIO object at 0x0000018E002AC130>,0.22087730467319489,0.05805656313896179,-0.17239169776439667,576821,2,3,True,Right,Front,Left,Centre,69
<_io.BytesIO object at 0x0000018E002ACE50>,0.6805281043052673,0.34386032819747925,-0.18931083381175995,576821,2,3,True,Right,Front,Left,Centre,69
<_io.BytesIO object at 0x0000018E002ACB30>,0.6582968831062317,0.42877137660980225,-0.17694050073623657,576821,2,3,True,Right,Front,Left,Centre,69
<_io.BytesIO object at 0x0000018E002AC4F0>,0.6838603615760803,0.39689043164253235,-0.10272820293903351,576821,2,3,True,Right,Front,Left,Centre,69
<_io.BytesIO object at 0x0000018E002ACCC0>,0.7128481268882751,0.3492010533809662,-0.16604755818843842,576821,2,3,True,Right,Front,Left,Centre,69
<_io.BytesIO object at 0x0000018E002AC180>,0.7032421231269836,0.3410298526287079,-0.1277959942817688,576821,2,3,True,Right,Front,Left,Centre,69
<_io.BytesIO object at 0x0000018E002ACA90>,0.24302352964878082,0.0933166965842247,-0.17223970592021942,576822,2,3,True,Right,Front,Left,Centre,69
<_io.BytesIO object at 0x0000018E001587C0>,0.2694632112979889,0.08946701884269714,-0.13712377846240997,576822,2,3,True,Right,Front,Left,Centre,69
<_io.BytesIO object at 0x0000018E00158360>,0.20220349729061127,0.1035643070936203,-0.08000770211219788,576822,2,3,True,Right,Front,Left,Centre,69
<_io.BytesIO object at 0x0000018E001580E0>,0.16879072785377502,0.05561503767967224,-0.1392117738723755,576822,2,3,True,Right,Front,Left,Centre,69
<_io.BytesIO object at 0x0000018E00158900>,0.22087730467319489,0.05805656313896179,-0.17239169776439667,576822,2,3,True,Right,Front,Left,Centre,69
<_io.BytesIO object at 0x0000018E00158CC0>,0.6805281043052673,0.34386032819747925,-0.18931083381175995,576822,2,3,True,Right,Front,Left,Centre,69
<_io.BytesIO object at 0x0000018E782C52C0>,0.6582968831062317,0.42877137660980225,-0.17694050073623657,576822,2,3,True,Right,Front,Left,Centre,69
<_io.BytesIO object at 0x0000018E782C5400>,0.6838603615760803,0.39689043164253235,-0.10272820293903351,576822,2,3,True,Right,Front,Left,Centre,69
<_io.BytesIO object at 0x0000018E782C5900>,0.7128481268882751,0.3492010533809662,-0.16604755818843842,576822,2,3,True,Right,Front,Left,Centre,69
<_io.BytesIO object at 0x0000018E0006AE50>,0.7032421231269836,0.3410298526287079,-0.1277959942817688,576822,2,3,True,Right,Front,Left,Centre,69
<_io.BytesIO object at 0x0000018E00209C20>,0.24302352964878082,0.0933166965842247,-0.17223970592021942,576823,2,3,True,Right,Front,Left,Centre,69
<_io.BytesIO object at 0x0000018E0022A1D0>,0.2694632112979889,0.08946701884269714,-0.13712377846240997,576823,2,3,True,Right,Front,Left,Centre,69
<_io.BytesIO object at 0x0000018E0022A5E0>,0.20220349729061127,0.1035643070936203,-0.08000770211219788,576823,2,3,True,Right,Front,Left,Centre,69
<_io.BytesIO object at 0x0000018E0022AEA0>,0.16879072785377502,0.05561503767967224,-0.1392117738723755,576823,2,3,True,Right,Front,Left,Centre,69
<_io.BytesIO object at 0x0000018E0022AC70>,0.22087730467319489,0.05805656313896179,-0.17239169776439667,576823,2,3,True,Right,Front,Left,Centre,69
<_io.BytesIO object at 0x0000018E0022A950>,0.6805281043052673,0.34386032819747925,-0.18931083381175995,576823,2,3,True,Right,Front,Left,Centre,69
<_io.BytesIO object at 0x0000018E0022A310>,0.6582968831062317,0.42877137660980225,-0.17694050073623657,576823,2,3,True,Right,Front,Left,Centre,69
<_io.BytesIO object at 0x0000018E0022AE50>,0.6838603615760803,0.39689043164253235,-0.10272820293903351,576823,2,3,True,Right,Front,Left,Centre,69
<_io.BytesIO object at 0x0000018E0013EA40>,0.7128481268882751,0.3492010533809662,-0.16604755818843842,576823,2,3,True,Right,Front,Left,Centre,69
<_io.BytesIO object at 0x0000018E0013E590>,0.7032421231269836,0.3410298526287079,-0.1277959942817688,576823,2,3,True,Right,Front,Left,Centre,69
<_io.BytesIO object at 0x0000018E00203270>,0.24302352964878082,0.0933166965842247,-0.17223970592021942,576824,2,3,True,Right,Front,Left,Centre,69
<_io.BytesIO object at 0x0000018E0022E7C0>,0.2694632112979889,0.08946701884269714,-0.13712377846240997,576824,2,3,True,Right,Front,Left,Centre,69
<_io.BytesIO object at 0x0000018E0022EF40>,0.20220349729061127,0.1035643070936203,-0.08000770211219788,576824,2,3,True,Right,Front,Left,Centre,69
<_io.BytesIO object at 0x0000018E0022EEA0>,0.16879072785377502,0.05561503767967224,-0.1392117738723755,576824,2,3,True,Right,Front,Left,Centre,69
<_io.BytesIO object at 0x0000018E0022E720>,0.22087730467319489,0.05805656313896179,-0.17239169776439667,576824,2,3,True,Right,Front,Left,Centre,69
<_io.BytesIO object at 0x0000018E0022EDB0>,0.6805281043052673,0.34386032819747925,-0.18931083381175995,576824,2,3,True,Right,Front,Left,Centre,69
<_io.BytesIO object at 0x0000018E00146B30>,0.6582968831062317,0.42877137660980225,-0.17694050073623657,576824,2,3,True,Right,Front,Left,Centre,69
<_io.BytesIO object at 0x0000018E00146F90>,0.6838603615760803,0.39689043164253235,-0.10272820293903351,576824,2,3,True,Right,Front,Left,Centre,69
<_io.BytesIO object at 0x0000018E00146770>,0.7128481268882751,0.3492010533809662,-0.16604755818843842,576824,2,3,True,Right,Front,Left,Centre,69
<_io.BytesIO object at 0x0000018E0022EAE0>,0.7032421231269836,0.3410298526287079,-0.1277959942817688,576824,2,3,True,Right,Front,Left,Centre,69
<_io.BytesIO object at 0x0000018E0013E0E0>,0.24302352964878082,0.0933166965842247,-0.17223970592021942,576825,2,3,True,Right,Front,Left,Centre,69
<_io.BytesIO object at 0x0000018E0013E130>,0.2694632112979889,0.08946701884269714,-0.13712377846240997,576825,2,3,True,Right,Front,Left,Centre,69
<_io.BytesIO object at 0x0000018E0013E270>,0.20220349729061127,0.1035643070936203,-0.08000770211219788,576825,2,3,True,Right,Front,Left,Centre,69
<_io.BytesIO object at 0x0000018E0013EE00>,0.16879072785377502,0.05561503767967224,-0.1392117738723755,576825,2,3,True,Right,Front,Left,Centre,69
<_io.BytesIO object at 0x0000018E0013ED60>,0.22087730467319489,0.05805656313896179,-0.17239169776439667,576825,2,3,True,Right,Front,Left,Centre,69
<_io.BytesIO object at 0x0000018E0022AF40>,0.6805281043052673,0.34386032819747925,-0.18931083381175995,576825,2,3,True,Right,Front,Left,Centre,69
<_io.BytesIO object at 0x0000018E0022A310>,0.6582968831062317,0.42877137660980225,-0.17694050073623657,576825,2,3,True,Right,Front,Left,Centre,69
<_io.BytesIO object at 0x0000018E0022ADB0>,0.6838603615760803,0.39689043164253235,-0.10272820293903351,576825,2,3,True,Right,Front,Left,Centre,69
<_io.BytesIO object at 0x0000018E0022AA40>,0.7128481268882751,0.3492010533809662,-0.16604755818843842,576825,2,3,True,Right,Front,Left,Centre,69
<_io.BytesIO object at 0x0000018E0022A4A0>,0.7032421231269836,0.3410298526287079,-0.1277959942817688,576825,2,3,True,Right,Front,Left,Centre,69
<_io.BytesIO object at 0x0000018E0006AD60>,0.24302352964878082,0.0933166965842247,-0.17223970592021942,576826,2,3,True,Right,Front,Left,Centre,69
<_io.BytesIO object at 0x0000018E0006AC70>,0.2694632112979889,0.08946701884269714,-0.13712377846240997,576826,2,3,True,Right,Front,Left,Centre,69
<_io.BytesIO object at 0x0000018E782C5630>,0.20220349729061127,0.1035643070936203,-0.08000770211219788,576826,2,3,True,Right,Front,Left,Centre,69
<_io.BytesIO object at 0x0000018E782C5900>,0.16879072785377502,0.05561503767967224,-0.1392117738723755,576826,2,3,True,Right,Front,Left,Centre,69
<_io.BytesIO object at 0x0000018E782C5310>,0.22087730467319489,0.05805656313896179,-0.17239169776439667,576826,2,3,True,Right,Front,Left,Centre,69
<_io.BytesIO object at 0x0000018E00158D60>,0.6805281043052673,0.34386032819747925,-0.18931083381175995,576826,2,3,True,Right,Front,Left,Centre,69
<_io.BytesIO object at 0x0000018E00158950>,0.6582968831062317,0.42877137660980225,-0.17694050073623657,576826,2,3,True,Right,Front,Left,Centre,69
<_io.BytesIO object at 0x0000018E00158810>,0.6838603615760803,0.39689043164253235,-0.10272820293903351,576826,2,3,True,Right,Front,Left,Centre,69
<_io.BytesIO object at 0x0000018E001585E0>,0.7128481268882751,0.3492010533809662,-0.16604755818843842,576826,2,3,True,Right,Front,Left,Centre,69
<_io.BytesIO object at 0x0000018E00158180>,0.7032421231269836,0.3410298526287079,-0.1277959942817688,576826,2,3,True,Right,Front,Left,Centre,69
<_io.BytesIO object at 0x0000018E00146A90>,0.24302352964878082,0.0933166965842247,-0.17223970592021942,576827,2,3,True,Right,Front,Left,Centre,69
<_io.BytesIO object at 0x0000018E00146C70>,0.2694632112979889,0.08946701884269714,-0.13712377846240997,576827,2,3,True,Right,Front,Left,Centre,69
<_io.BytesIO object at 0x0000018E0020F860>,0.20220349729061127,0.1035643070936203,-0.08000770211219788,576827,2,3,True,Right,Front,Left,Centre,69
<_io.BytesIO object at 0x0000018E0020F360>,0.16879072785377502,0.05561503767967224,-0.1392117738723755,576827,2,3,True,Right,Front,Left,Centre,69
<_io.BytesIO object at 0x0000018E0020FA90>,0.22087730467319489,0.05805656313896179,-0.17239169776439667,576827,2,3,True,Right,Front,Left,Centre,69
<_io.BytesIO object at 0x0000018E0020FE50>,0.6805281043052673,0.34386032819747925,-0.18931083381175995,576827,2,3,True,Right,Front,Left,Centre,69
<_io.BytesIO object at 0x0000018E0020F540>,0.6582968831062317,0.42877137660980225,-0.17694050073623657,576827,2,3,True,Right,Front,Left,Centre,69
<_io.BytesIO object at 0x0000018E0020F270>,0.6838603615760803,0.39689043164253235,-0.10272820293903351,576827,2,3,True,Right,Front,Left,Centre,69
<_io.BytesIO object at 0x0000018E0020FD60>,0.7128481268882751,0.3492010533809662,-0.16604755818843842,576827,2,3,True,Right,Front,Left,Centre,69
<_io.BytesIO object at 0x0000018E00193EF0>,0.7032421231269836,0.3410298526287079,-0.1277959942817688,576827,2,3,True,Right,Front,Left,Centre,69
<_io.BytesIO object at 0x0000018E0020BBD0>,0.24302352964878082,0.0933166965842247,-0.17223970592021942,576828,2,3,True,Right,Front,Left,Centre,69
<_io.BytesIO object at 0x0000018E0020B220>,0.2694632112979889,0.08946701884269714,-0.13712377846240997,576828,2,3,True,Right,Front,Left,Centre,69
<_io.BytesIO object at 0x0000018E002132C0>,0.20220349729061127,0.1035643070936203,-0.08000770211219788,576828,2,3,True,Right,Front,Left,Centre,69
<_io.BytesIO object at 0x0000018E002134A0>,0.16879072785377502,0.05561503767967224,-0.1392117738723755,576828,2,3,True,Right,Front,Left,Centre,69
<_io.BytesIO object at 0x0000018E00213680>,0.22087730467319489,0.05805656313896179,-0.17239169776439667,576828,2,3,True,Right,Front,Left,Centre,69
<_io.BytesIO object at 0x0000018E00213860>,0.6805281043052673,0.34386032819747925,-0.18931083381175995,576828,2,3,True,Right,Front,Left,Centre,69
<_io.BytesIO object at 0x0000018E00213A40>,0.6582968831062317,0.42877137660980225,-0.17694050073623657,576828,2,3,True,Right,Front,Left,Centre,69
<_io.BytesIO object at 0x0000018E00213C20>,0.6838603615760803,0.39689043164253235,-0.10272820293903351,576828,2,3,True,Right,Front,Left,Centre,69
<_io.BytesIO object at 0x0000018E00213E00>,0.7128481268882751,0.3492010533809662,-0.16604755818843842,576828,2,3,True,Right,Front,Left,Centre,69
<_io.BytesIO object at 0x0000018E00233040>,0.7032421231269836,0.3410298526287079,-0.1277959942817688,576828,2,3,True,Right,Front,Left,Centre,69
<_io.BytesIO object at 0x0000018E0020B220>,0.24302352964878082,0.0933166965842247,-0.17223970592021942,576829,2,3,True,Right,Front,Left,Centre,69
<_io.BytesIO object at 0x0000018E0020BA40>,0.2694632112979889,0.08946701884269714,-0.13712377846240997,576829,2,3,True,Right,Front,Left,Centre,69
<_io.BytesIO object at 0x0000018E0020B720>,0.20220349729061127,0.1035643070936203,-0.08000770211219788,576829,2,3,True,Right,Front,Left,Centre,69
<_io.BytesIO object at 0x0000018E0020B810>,0.16879072785377502,0.05561503767967224,-0.1392117738723755,576829,2,3,True,Right,Front,Left,Centre,69
<_io.BytesIO object at 0x0000018E0020BE50>,0.22087730467319489,0.05805656313896179,-0.17239169776439667,576829,2,3,True,Right,Front,Left,Centre,69
<_io.BytesIO object at 0x0000018E00193900>,0.6805281043052673,0.34386032819747925,-0.18931083381175995,576829,2,3,True,Right,Front,Left,Centre,69
<_io.BytesIO object at 0x0000018E00193AE0>,0.6582968831062317,0.42877137660980225,-0.17694050073623657,576829,2,3,True,Right,Front,Left,Centre,69
<_io.BytesIO object at 0x0000018E00193B30>,0.6838603615760803,0.39689043164253235,-0.10272820293903351,576829,2,3,True,Right,Front,Left,Centre,69
<_io.BytesIO object at 0x0000018E001931D0>,0.7128481268882751,0.3492010533809662,-0.16604755818843842,576829,2,3,True,Right,Front,Left,Centre,69
<_io.BytesIO object at 0x0000018E00193DB0>,0.7032421231269836,0.3410298526287079,-0.1277959942817688,576829,2,3,True,Right,Front,Left,Centre,69
<_io.BytesIO object at 0x0000018E00158630>,0.24302352964878082,0.0933166965842247,-0.17223970592021942,576830,2,3,True,Right,Front,Left,Centre,69
<_io.BytesIO object at 0x0000018E00158EF0>,0.2694632112979889,0.08946701884269714,-0.13712377846240997,576830,2,3,True,Right,Front,Left,Centre,69
<_io.BytesIO object at 0x0000018E00158D60>,0.20220349729061127,0.1035643070936203,-0.08000770211219788,576830,2,3,True,Right,Front,Left,Centre,69
<_io.BytesIO object at 0x0000018E782C52C0>,0.16879072785377502,0.05561503767967224,-0.1392117738723755,576830,2,3,True,Right,Front,Left,Centre,69
<_io.BytesIO object at 0x0000018E782C55E0>,0.22087730467319489,0.05805656313896179,-0.17239169776439667,576830,2,3,True,Right,Front,Left,Centre,69
<_io.BytesIO object at 0x0000018E782C5630>,0.6805281043052673,0.34386032819747925,-0.18931083381175995,576830,2,3,True,Right,Front,Left,Centre,69
<_io.BytesIO object at 0x0000018E0006AE50>,0.6582968831062317,0.42877137660980225,-0.17694050073623657,576830,2,3,True,Right,Front,Left,Centre,69
<_io.BytesIO object at 0x0000018E0006AA40>,0.6838603615760803,0.39689043164253235,-0.10272820293903351,576830,2,3,True,Right,Front,Left,Centre,69
<_io.BytesIO object at 0x0000018E0006AD10>,0.7128481268882751,0.3492010533809662,-0.16604755818843842,576830,2,3,True,Right,Front,Left,Centre,69
<_io.BytesIO object at 0x0000018E0006AF90>,0.7032421231269836,0.3410298526287079,-0.1277959942817688,576830,2,3,True,Right,Front,Left,Centre,69
<_io.BytesIO object at 0x0000018E0013E590>,0.24302352964878082,0.0933166965842247,-0.17223970592021942,576831,2,3,True,Right,Front,Left,Centre,69
<_io.BytesIO object at 0x0000018E0013ECC0>,0.2694632112979889,0.08946701884269714,-0.13712377846240997,576831,2,3,True,Right,Front,Left,Centre,69
<_io.BytesIO object at 0x0000018E0013E8B0>,0.20220349729061127,0.1035643070936203,-0.08000770211219788,576831,2,3,True,Right,Front,Left,Centre,69
<_io.BytesIO object at 0x0000018E0013E450>,0.16879072785377502,0.05561503767967224,-0.1392117738723755,576831,2,3,True,Right,Front,Left,Centre,69
<_io.BytesIO object at 0x0000018E002ACF90>,0.22087730467319489,0.05805656313896179,-0.17239169776439667,576831,2,3,True,Right,Front,Left,Centre,69
<_io.BytesIO object at 0x0000018E002ACAE0>,0.6805281043052673,0.34386032819747925,-0.18931083381175995,576831,2,3,True,Right,Front,Left,Centre,69
<_io.BytesIO object at 0x0000018E002AC090>,0.6582968831062317,0.42877137660980225,-0.17694050073623657,576831,2,3,True,Right,Front,Left,Centre,69
<_io.BytesIO object at 0x0000018E002AC540>,0.6838603615760803,0.39689043164253235,-0.10272820293903351,576831,2,3,True,Right,Front,Left,Centre,69
<_io.BytesIO object at 0x0000018E002AC900>,0.7128481268882751,0.3492010533809662,-0.16604755818843842,576831,2,3,True,Right,Front,Left,Centre,69
<_io.BytesIO object at 0x0000018E002AC2C0>,0.7032421231269836,0.3410298526287079,-0.1277959942817688,576831,2,3,True,Right,Front,Left,Centre,69
<_io.BytesIO object at 0x0000018E0022A540>,0.24302352964878082,0.0933166965842247,-0.17223970592021942,576832,2,3,True,Right,Front,Left,Centre,69
<_io.BytesIO object at 0x0000018E0022A720>,0.2694632112979889,0.08946701884269714,-0.13712377846240997,576832,2,3,True,Right,Front,Left,Centre,69
<_io.BytesIO object at 0x0000018E0022EDB0>,0.20220349729061127,0.1035643070936203,-0.08000770211219788,576832,2,3,True,Right,Front,Left,Centre,69
<_io.BytesIO object at 0x0000018E0022E9F0>,0.16879072785377502,0.05561503767967224,-0.1392117738723755,576832,2,3,True,Right,Front,Left,Centre,69
<_io.BytesIO object at 0x0000018E0022EA40>,0.22087730467319489,0.05805656313896179,-0.17239169776439667,576832,2,3,True,Right,Front,Left,Centre,69
<_io.BytesIO object at 0x0000018E0022EC20>,0.6805281043052673,0.34386032819747925,-0.18931083381175995,576832,2,3,True,Right,Front,Left,Centre,69
<_io.BytesIO object at 0x0000018E0022E6D0>,0.6582968831062317,0.42877137660980225,-0.17694050073623657,576832,2,3,True,Right,Front,Left,Centre,69
<_io.BytesIO object at 0x0000018E0022E450>,0.6838603615760803,0.39689043164253235,-0.10272820293903351,576832,2,3,True,Right,Front,Left,Centre,69
<_io.BytesIO object at 0x0000018E0022E950>,0.7128481268882751,0.3492010533809662,-0.16604755818843842,576832,2,3,True,Right,Front,Left,Centre,69
<_io.BytesIO object at 0x0000018E00146810>,0.7032421231269836,0.3410298526287079,-0.1277959942817688,576832,2,3,True,Right,Front,Left,Centre,69
<_io.BytesIO object at 0x0000018E00146D10>,0.24302352964878082,0.0933166965842247,-0.17223970592021942,576833,2,3,True,Right,Front,Left,Centre,69
<_io.BytesIO object at 0x0000018E001464A0>,0.2694632112979889,0.08946701884269714,-0.13712377846240997,576833,2,3,True,Right,Front,Left,Centre,69
<_io.BytesIO object at 0x0000018E00146A90>,0.20220349729061127,0.1035643070936203,-0.08000770211219788,576833,2,3,True,Right,Front,Left,Centre,69
<_io.BytesIO object at 0x0000018E0022EE50>,0.16879072785377502,0.05561503767967224,-0.1392117738723755,576833,2,3,True,Right,Front,Left,Centre,69
<_io.BytesIO object at 0x0000018E0022E540>,0.22087730467319489,0.05805656313896179,-0.17239169776439667,576833,2,3,True,Right,Front,Left,Centre,69
<_io.BytesIO object at 0x0000018E0022E310>,0.6805281043052673,0.34386032819747925,-0.18931083381175995,576833,2,3,True,Right,Front,Left,Centre,69
<_io.BytesIO object at 0x0000018E0022EA40>,0.6582968831062317,0.42877137660980225,-0.17694050073623657,576833,2,3,True,Right,Front,Left,Centre,69
<_io.BytesIO object at 0x0000018E0022E8B0>,0.6838603615760803,0.39689043164253235,-0.10272820293903351,576833,2,3,True,Right,Front,Left,Centre,69
<_io.BytesIO object at 0x0000018E0022EB80>,0.7128481268882751,0.3492010533809662,-0.16604755818843842,576833,2,3,True,Right,Front,Left,Centre,69
<_io.BytesIO object at 0x0000018E0022E7C0>,0.7032421231269836,0.3410298526287079,-0.1277959942817688,576833,2,3,True,Right,Front,Left,Centre,69
<_io.BytesIO object at 0x0000018E00203720>,0.24302352964878082,0.0933166965842247,-0.17223970592021942,576834,2,3,True,Right,Front,Left,Centre,69
<_io.BytesIO object at 0x0000018E002AC270>,0.2694632112979889,0.08946701884269714,-0.13712377846240997,576834,2,3,True,Right,Front,Left,Centre,69
<_io.BytesIO object at 0x0000018E002AC8B0>,0.20220349729061127,0.1035643070936203,-0.08000770211219788,576834,2,3,True,Right,Front,Left,Centre,69
<_io.BytesIO object at 0x0000018E002ACF40>,0.16879072785377502,0.05561503767967224,-0.1392117738723755,576834,2,3,True,Right,Front,Left,Centre,69
<_io.BytesIO object at 0x0000018E002AC040>,0.22087730467319489,0.05805656313896179,-0.17239169776439667,576834,2,3,True,Right,Front,Left,Centre,69
<_io.BytesIO object at 0x0000018E002ACF90>,0.6805281043052673,0.34386032819747925,-0.18931083381175995,576834,2,3,True,Right,Front,Left,Centre,69
<_io.BytesIO object at 0x0000018E0013E400>,0.6582968831062317,0.42877137660980225,-0.17694050073623657,576834,2,3,True,Right,Front,Left,Centre,69
<_io.BytesIO object at 0x0000018E0013EB30>,0.6838603615760803,0.39689043164253235,-0.10272820293903351,576834,2,3,True,Right,Front,Left,Centre,69
<_io.BytesIO object at 0x0000018E0013E630>,0.7128481268882751,0.3492010533809662,-0.16604755818843842,576834,2,3,True,Right,Front,Left,Centre,69
<_io.BytesIO object at 0x0000018E0013E810>,0.7032421231269836,0.3410298526287079,-0.1277959942817688,576834,2,3,True,Right,Front,Left,Centre,69
<_io.BytesIO object at 0x0000018E00209DB0>,0.24302352964878082,0.0933166965842247,-0.17223970592021942,576835,2,3,True,Right,Front,Left,Centre,69
<_io.BytesIO object at 0x0000018E0006A400>,0.2694632112979889,0.08946701884269714,-0.13712377846240997,576835,2,3,True,Right,Front,Left,Centre,69
<_io.BytesIO object at 0x0000018E0006A3B0>,0.20220349729061127,0.1035643070936203,-0.08000770211219788,576835,2,3,True,Right,Front,Left,Centre,69
<_io.BytesIO object at 0x0000018E0006A540>,0.16879072785377502,0.05561503767967224,-0.1392117738723755,576835,2,3,True,Right,Front,Left,Centre,69
<_io.BytesIO object at 0x0000018E782C56D0>,0.22087730467319489,0.05805656313896179,-0.17239169776439667,576835,2,3,True,Right,Front,Left,Centre,69
<_io.BytesIO object at 0x0000018E782C54A0>,0.6805281043052673,0.34386032819747925,-0.18931083381175995,576835,2,3,True,Right,Front,Left,Centre,69
<_io.BytesIO object at 0x0000018E782C5090>,0.6582968831062317,0.42877137660980225,-0.17694050073623657,576835,2,3,True,Right,Front,Left,Centre,69
<_io.BytesIO object at 0x0000018E00158BD0>,0.6838603615760803,0.39689043164253235,-0.10272820293903351,576835,2,3,True,Right,Front,Left,Centre,69
<_io.BytesIO object at 0x0000018E00158680>,0.7128481268882751,0.3492010533809662,-0.16604755818843842,576835,2,3,True,Right,Front,Left,Centre,69
<_io.BytesIO object at 0x0000018E00158770>,0.7032421231269836,0.3410298526287079,-0.1277959942817688,576835,2,3,True,Right,Front,Left,Centre,69
<_io.BytesIO object at 0x0000018E001937C0>,0.24302352964878082,0.0933166965842247,-0.17223970592021942,576836,2,3,True,Right,Front,Left,Centre,69
<_io.BytesIO object at 0x0000018E00193450>,0.2694632112979889,0.08946701884269714,-0.13712377846240997,576836,2,3,True,Right,Front,Left,Centre,69
<_io.BytesIO object at 0x0000018E001938B0>,0.20220349729061127,0.1035643070936203,-0.08000770211219788,576836,2,3,True,Right,Front,Left,Centre,69
<_io.BytesIO object at 0x0000018E00193CC0>,0.16879072785377502,0.05561503767967224,-0.1392117738723755,576836,2,3,True,Right,Front,Left,Centre,69
<_io.BytesIO object at 0x0000018E00193D60>,0.22087730467319489,0.05805656313896179,-0.17239169776439667,576836,2,3,True,Right,Front,Left,Centre,69
<_io.BytesIO object at 0x0000018E00054450>,0.6805281043052673,0.34386032819747925,-0.18931083381175995,576836,2,3,True,Right,Front,Left,Centre,69
<_io.BytesIO object at 0x0000018E0020BAE0>,0.6582968831062317,0.42877137660980225,-0.17694050073623657,576836,2,3,True,Right,Front,Left,Centre,69
<_io.BytesIO object at 0x0000018E0020B810>,0.6838603615760803,0.39689043164253235,-0.10272820293903351,576836,2,3,True,Right,Front,Left,Centre,69
<_io.BytesIO object at 0x0000018E0020B6D0>,0.7128481268882751,0.3492010533809662,-0.16604755818843842,576836,2,3,True,Right,Front,Left,Centre,69
<_io.BytesIO object at 0x0000018E0020BB30>,0.7032421231269836,0.3410298526287079,-0.1277959942817688,576836,2,3,True,Right,Front,Left,Centre,69
<_io.BytesIO object at 0x0000018E00239090>,0.24302352964878082,0.0933166965842247,-0.17223970592021942,576837,2,3,True,Right,Front,Left,Centre,69
<_io.BytesIO object at 0x0000018E00239630>,0.2694632112979889,0.08946701884269714,-0.13712377846240997,576837,2,3,True,Right,Front,Left,Centre,69
<_io.BytesIO object at 0x0000018E00239A90>,0.20220349729061127,0.1035643070936203,-0.08000770211219788,576837,2,3,True,Right,Front,Left,Centre,69
<_io.BytesIO object at 0x0000018E00239C70>,0.16879072785377502,0.05561503767967224,-0.1392117738723755,576837,2,3,True,Right,Front,Left,Centre,69
<_io.BytesIO object at 0x0000018E00213D60>,0.22087730467319489,0.05805656313896179,-0.17239169776439667,576837,2,3,True,Right,Front,Left,Centre,69
<_io.BytesIO object at 0x0000018E00213090>,0.6805281043052673,0.34386032819747925,-0.18931083381175995,576837,2,3,True,Right,Front,Left,Centre,69
<_io.BytesIO object at 0x0000018E00213B80>,0.6582968831062317,0.42877137660980225,-0.17694050073623657,576837,2,3,True,Right,Front,Left,Centre,69
<_io.BytesIO object at 0x0000018E00213950>,0.6838603615760803,0.39689043164253235,-0.10272820293903351,576837,2,3,True,Right,Front,Left,Centre,69
<_io.BytesIO object at 0x0000018E00213630>,0.7128481268882751,0.3492010533809662,-0.16604755818843842,576837,2,3,True,Right,Front,Left,Centre,69
<_io.BytesIO object at 0x0000018E00213270>,0.7032421231269836,0.3410298526287079,-0.1277959942817688,576837,2,3,True,Right,Front,Left,Centre,69
<_io.BytesIO object at 0x0000018E00193950>,0.24302352964878082,0.0933166965842247,-0.17223970592021942,576838,2,3,True,Right,Front,Left,Centre,69
<_io.BytesIO object at 0x0000018E00193270>,0.2694632112979889,0.08946701884269714,-0.13712377846240997,576838,2,3,True,Right,Front,Left,Centre,69
<_io.BytesIO object at 0x0000018E0020F4F0>,0.20220349729061127,0.1035643070936203,-0.08000770211219788,576838,2,3,True,Right,Front,Left,Centre,69
<_io.BytesIO object at 0x0000018E0020FCC0>,0.16879072785377502,0.05561503767967224,-0.1392117738723755,576838,2,3,True,Right,Front,Left,Centre,69
<_io.BytesIO object at 0x0000018E0020F270>,0.22087730467319489,0.05805656313896179,-0.17239169776439667,576838,2,3,True,Right,Front,Left,Centre,69
<_io.BytesIO object at 0x0000018E0020F400>,0.6805281043052673,0.34386032819747925,-0.18931083381175995,576838,2,3,True,Right,Front,Left,Centre,69
<_io.BytesIO object at 0x0000018E0020FB80>,0.6582968831062317,0.42877137660980225,-0.17694050073623657,576838,2,3,True,Right,Front,Left,Centre,69
<_io.BytesIO object at 0x0000018E0020F180>,0.6838603615760803,0.39689043164253235,-0.10272820293903351,576838,2,3,True,Right,Front,Left,Centre,69
<_io.BytesIO object at 0x0000018E0020FEA0>,0.7128481268882751,0.3492010533809662,-0.16604755818843842,576838,2,3,True,Right,Front,Left,Centre,69
<_io.BytesIO object at 0x0000018E0020F130>,0.7032421231269836,0.3410298526287079,-0.1277959942817688,576838,2,3,True,Right,Front,Left,Centre,69
<_io.BytesIO object at 0x0000018E0006AF90>,0.24302352964878082,0.0933166965842247,-0.17223970592021942,576839,2,3,True,Right,Front,Left,Centre,69
<_io.BytesIO object at 0x0000018E0006A630>,0.2694632112979889,0.08946701884269714,-0.13712377846240997,576839,2,3,True,Right,Front,Left,Centre,69
<_io.BytesIO object at 0x0000018E002094F0>,0.20220349729061127,0.1035643070936203,-0.08000770211219788,576839,2,3,True,Right,Front,Left,Centre,69
<_io.BytesIO object at 0x0000018E00209AE0>,0.16879072785377502,0.05561503767967224,-0.1392117738723755,576839,2,3,True,Right,Front,Left,Centre,69
<_io.BytesIO object at 0x0000018E002099A0>,0.22087730467319489,0.05805656313896179,-0.17239169776439667,576839,2,3,True,Right,Front,Left,Centre,69
<_io.BytesIO object at 0x0000018E00209040>,0.6805281043052673,0.34386032819747925,-0.18931083381175995,576839,2,3,True,Right,Front,Left,Centre,69
<_io.BytesIO object at 0x0000018E002098B0>,0.6582968831062317,0.42877137660980225,-0.17694050073623657,576839,2,3,True,Right,Front,Left,Centre,69
<_io.BytesIO object at 0x0000018E00209770>,0.6838603615760803,0.39689043164253235,-0.10272820293903351,576839,2,3,True,Right,Front,Left,Centre,69
<_io.BytesIO object at 0x0000018E00209C20>,0.7128481268882751,0.3492010533809662,-0.16604755818843842,576839,2,3,True,Right,Front,Left,Centre,69
<_io.BytesIO object at 0x0000018E00209F40>,0.7032421231269836,0.3410298526287079,-0.1277959942817688,576839,2,3,True,Right,Front,Left,Centre,69
<_io.BytesIO object at 0x0000018E002AC720>,0.24302352964878082,0.0933166965842247,-0.17223970592021942,576840,2,3,True,Right,Front,Left,Centre,69
<_io.BytesIO object at 0x0000018E00203950>,0.2694632112979889,0.08946701884269714,-0.13712377846240997,576840,2,3,True,Right,Front,Left,Centre,69
<_io.BytesIO object at 0x0000018E00203D60>,0.20220349729061127,0.1035643070936203,-0.08000770211219788,576840,2,3,True,Right,Front,Left,Centre,69
<_io.BytesIO object at 0x0000018E002034F0>,0.16879072785377502,0.05561503767967224,-0.1392117738723755,576840,2,3,True,Right,Front,Left,Centre,69
<_io.BytesIO object at 0x0000018E00203B80>,0.22087730467319489,0.05805656313896179,-0.17239169776439667,576840,2,3,True,Right,Front,Left,Centre,69
<_io.BytesIO object at 0x0000018E002039A0>,0.6805281043052673,0.34386032819747925,-0.18931083381175995,576840,2,3,True,Right,Front,Left,Centre,69
<_io.BytesIO object at 0x0000018E0022A7C0>,0.6582968831062317,0.42877137660980225,-0.17694050073623657,576840,2,3,True,Right,Front,Left,Centre,69
<_io.BytesIO object at 0x0000018E0022AA90>,0.6838603615760803,0.39689043164253235,-0.10272820293903351,576840,2,3,True,Right,Front,Left,Centre,69
<_io.BytesIO object at 0x0000018E0022A0E0>,0.7128481268882751,0.3492010533809662,-0.16604755818843842,576840,2,3,True,Right,Front,Left,Centre,69
<_io.BytesIO object at 0x0000018E0022A810>,0.7032421231269836,0.3410298526287079,-0.1277959942817688,576840,2,3,True,Right,Front,Left,Centre,69
<_io.BytesIO object at 0x0000018E00146130>,0.24302352964878082,0.0933166965842247,-0.17223970592021942,576841,2,3,True,Right,Front,Left,Centre,69
<_io.BytesIO object at 0x0000018E00146400>,0.2694632112979889,0.08946701884269714,-0.13712377846240997,576841,2,3,True,Right,Front,Left,Centre,69
<_io.BytesIO object at 0x0000018E001462C0>,0.20220349729061127,0.1035643070936203,-0.08000770211219788,576841,2,3,True,Right,Front,Left,Centre,69
<_io.BytesIO object at 0x0000018E00146450>,0.16879072785377502,0.05561503767967224,-0.1392117738723755,576841,2,3,True,Right,Front,Left,Centre,69
<_io.BytesIO object at 0x0000018E00146950>,0.22087730467319489,0.05805656313896179,-0.17239169776439667,576841,2,3,True,Right,Front,Left,Centre,69
<_io.BytesIO object at 0x0000018E00239950>,0.6805281043052673,0.34386032819747925,-0.18931083381175995,576841,2,3,True,Right,Front,Left,Centre,69
<_io.BytesIO object at 0x0000018E00239C20>,0.6582968831062317,0.42877137660980225,-0.17694050073623657,576841,2,3,True,Right,Front,Left,Centre,69
<_io.BytesIO object at 0x0000018E002399A0>,0.6838603615760803,0.39689043164253235,-0.10272820293903351,576841,2,3,True,Right,Front,Left,Centre,69
<_io.BytesIO object at 0x0000018E00239860>,0.7128481268882751,0.3492010533809662,-0.16604755818843842,576841,2,3,True,Right,Front,Left,Centre,69
<_io.BytesIO object at 0x0000018E00239540>,0.7032421231269836,0.3410298526287079,-0.1277959942817688,576841,2,3,True,Right,Front,Left,Centre,69
<_io.BytesIO object at 0x0000018E0022EE00>,0.24302352964878082,0.0933166965842247,-0.17223970592021942,576842,2,3,True,Right,Front,Left,Centre,69
<_io.BytesIO object at 0x0000018E0022A2C0>,0.2694632112979889,0.08946701884269714,-0.13712377846240997,576842,2,3,True,Right,Front,Left,Centre,69
<_io.BytesIO object at 0x0000018E0022AE50>,0.20220349729061127,0.1035643070936203,-0.08000770211219788,576842,2,3,True,Right,Front,Left,Centre,69
<_io.BytesIO object at 0x0000018E0022A400>,0.16879072785377502,0.05561503767967224,-0.1392117738723755,576842,2,3,True,Right,Front,Left,Centre,69
<_io.BytesIO object at 0x0000018E0022A180>,0.22087730467319489,0.05805656313896179,-0.17239169776439667,576842,2,3,True,Right,Front,Left,Centre,69
<_io.BytesIO object at 0x0000018E0022A1D0>,0.6805281043052673,0.34386032819747925,-0.18931083381175995,576842,2,3,True,Right,Front,Left,Centre,69
<_io.BytesIO object at 0x0000018E0022AA90>,0.6582968831062317,0.42877137660980225,-0.17694050073623657,576842,2,3,True,Right,Front,Left,Centre,69
<_io.BytesIO object at 0x0000018E0022A360>,0.6838603615760803,0.39689043164253235,-0.10272820293903351,576842,2,3,True,Right,Front,Left,Centre,69
<_io.BytesIO object at 0x0000018E00203540>,0.7128481268882751,0.3492010533809662,-0.16604755818843842,576842,2,3,True,Right,Front,Left,Centre,69
<_io.BytesIO object at 0x0000018E00203C70>,0.7032421231269836,0.3410298526287079,-0.1277959942817688,576842,2,3,True,Right,Front,Left,Centre,69
<_io.BytesIO object at 0x0000018E0013E860>,0.24302352964878082,0.0933166965842247,-0.17223970592021942,576843,2,3,True,Right,Front,Left,Centre,69
<_io.BytesIO object at 0x0000018E0013E810>,0.2694632112979889,0.08946701884269714,-0.13712377846240997,576843,2,3,True,Right,Front,Left,Centre,69
<_io.BytesIO object at 0x0000018E0013ED10>,0.20220349729061127,0.1035643070936203,-0.08000770211219788,576843,2,3,True,Right,Front,Left,Centre,69
<_io.BytesIO object at 0x0000018E0013E2C0>,0.16879072785377502,0.05561503767967224,-0.1392117738723755,576843,2,3,True,Right,Front,Left,Centre,69
<_io.BytesIO object at 0x0000018E002096D0>,0.22087730467319489,0.05805656313896179,-0.17239169776439667,576843,2,3,True,Right,Front,Left,Centre,69
<_io.BytesIO object at 0x0000018E002097C0>,0.6805281043052673,0.34386032819747925,-0.18931083381175995,576843,2,3,True,Right,Front,Left,Centre,69
<_io.BytesIO object at 0x0000018E00209900>,0.6582968831062317,0.42877137660980225,-0.17694050073623657,576843,2,3,True,Right,Front,Left,Centre,69
<_io.BytesIO object at 0x0000018E00209450>,0.6838603615760803,0.39689043164253235,-0.10272820293903351,576843,2,3,True,Right,Front,Left,Centre,69
<_io.BytesIO object at 0x0000018E00209E50>,0.7128481268882751,0.3492010533809662,-0.16604755818843842,576843,2,3,True,Right,Front,Left,Centre,69
<_io.BytesIO object at 0x0000018E00209950>,0.7032421231269836,0.3410298526287079,-0.1277959942817688,576843,2,3,True,Right,Front,Left,Centre,69
<_io.BytesIO object at 0x0000018E00158310>,0.24302352964878082,0.0933166965842247,-0.17223970592021942,576844,2,3,True,Right,Front,Left,Centre,69
<_io.BytesIO object at 0x0000018E001584F0>,0.2694632112979889,0.08946701884269714,-0.13712377846240997,576844,2,3,True,Right,Front,Left,Centre,69
<_io.BytesIO object at 0x0000018E0020F130>,0.20220349729061127,0.1035643070936203,-0.08000770211219788,576844,2,3,True,Right,Front,Left,Centre,69
<_io.BytesIO object at 0x0000018E0020FDB0>,0.16879072785377502,0.05561503767967224,-0.1392117738723755,576844,2,3,True,Right,Front,Left,Centre,69
<_io.BytesIO object at 0x0000018E0020FC20>,0.22087730467319489,0.05805656313896179,-0.17239169776439667,576844,2,3,True,Right,Front,Left,Centre,69
<_io.BytesIO object at 0x0000018E0020F900>,0.6805281043052673,0.34386032819747925,-0.18931083381175995,576844,2,3,True,Right,Front,Left,Centre,69
<_io.BytesIO object at 0x0000018E0020F770>,0.6582968831062317,0.42877137660980225,-0.17694050073623657,576844,2,3,True,Right,Front,Left,Centre,69
<_io.BytesIO object at 0x0000018E0020FCC0>,0.6838603615760803,0.39689043164253235,-0.10272820293903351,576844,2,3,True,Right,Front,Left,Centre,69
<_io.BytesIO object at 0x0000018E0020F630>,0.7128481268882751,0.3492010533809662,-0.16604755818843842,576844,2,3,True,Right,Front,Left,Centre,69
<_io.BytesIO object at 0x0000018E00193360>,0.7032421231269836,0.3410298526287079,-0.1277959942817688,576844,2,3,True,Right,Front,Left,Centre,69
<_io.BytesIO object at 0x0000018E0020B950>,0.24302352964878082,0.0933166965842247,-0.17223970592021942,576845,2,3,True,Right,Front,Left,Centre,69
<_io.BytesIO object at 0x0000018E0020B220>,0.2694632112979889,0.08946701884269714,-0.13712377846240997,576845,2,3,True,Right,Front,Left,Centre,69
<_io.BytesIO object at 0x0000018E0020B4F0>,0.20220349729061127,0.1035643070936203,-0.08000770211219788,576845,2,3,True,Right,Front,Left,Centre,69
<_io.BytesIO object at 0x0000018E0020B130>,0.16879072785377502,0.05561503767967224,-0.1392117738723755,576845,2,3,True,Right,Front,Left,Centre,69
<_io.BytesIO object at 0x0000018E002134F0>,0.22087730467319489,0.05805656313896179,-0.17239169776439667,576845,2,3,True,Right,Front,Left,Centre,69
<_io.BytesIO object at 0x0000018E00213360>,0.6805281043052673,0.34386032819747925,-0.18931083381175995,576845,2,3,True,Right,Front,Left,Centre,69
<_io.BytesIO object at 0x0000018E00213900>,0.6582968831062317,0.42877137660980225,-0.17694050073623657,576845,2,3,True,Right,Front,Left,Centre,69
<_io.BytesIO object at 0x0000018E00213310>,0.6838603615760803,0.39689043164253235,-0.10272820293903351,576845,2,3,True,Right,Front,Left,Centre,69
<_io.BytesIO object at 0x0000018E002135E0>,0.7128481268882751,0.3492010533809662,-0.16604755818843842,576845,2,3,True,Right,Front,Left,Centre,69
<_io.BytesIO object at 0x0000018E00213A90>,0.7032421231269836,0.3410298526287079,-0.1277959942817688,576845,2,3,True,Right,Front,Left,Centre,69
<_io.BytesIO object at 0x0000018E0020BE00>,0.24302352964878082,0.0933166965842247,-0.17223970592021942,576846,2,3,True,Right,Front,Left,Centre,69
<_io.BytesIO object at 0x0000018E0020B900>,0.2694632112979889,0.08946701884269714,-0.13712377846240997,576846,2,3,True,Right,Front,Left,Centre,69
<_io.BytesIO object at 0x0000018E0020B4A0>,0.20220349729061127,0.1035643070936203,-0.08000770211219788,576846,2,3,True,Right,Front,Left,Centre,69
<_io.BytesIO object at 0x0000018E0020B590>,0.16879072785377502,0.05561503767967224,-0.1392117738723755,576846,2,3,True,Right,Front,Left,Centre,69
<_io.BytesIO object at 0x0000018E782C5540>,0.22087730467319489,0.05805656313896179,-0.17239169776439667,576846,2,3,True,Right,Front,Left,Centre,69
<_io.BytesIO object at 0x0000018E782C50E0>,0.6805281043052673,0.34386032819747925,-0.18931083381175995,576846,2,3,True,Right,Front,Left,Centre,69
<_io.BytesIO object at 0x0000018E782C57C0>,0.6582968831062317,0.42877137660980225,-0.17694050073623657,576846,2,3,True,Right,Front,Left,Centre,69
<_io.BytesIO object at 0x0000018E00054400>,0.6838603615760803,0.39689043164253235,-0.10272820293903351,576846,2,3,True,Right,Front,Left,Centre,69
<_io.BytesIO object at 0x0000018E00193AE0>,0.7128481268882751,0.3492010533809662,-0.16604755818843842,576846,2,3,True,Right,Front,Left,Centre,69
<_io.BytesIO object at 0x0000018E00193770>,0.7032421231269836,0.3410298526287079,-0.1277959942817688,576846,2,3,True,Right,Front,Left,Centre,69
<_io.BytesIO object at 0x0000018E0006AF40>,0.24302352964878082,0.0933166965842247,-0.17223970592021942,576847,2,3,True,Right,Front,Left,Centre,69
<_io.BytesIO object at 0x0000018E0013EA40>,0.2694632112979889,0.08946701884269714,-0.13712377846240997,576847,2,3,True,Right,Front,Left,Centre,69
<_io.BytesIO object at 0x0000018E0013E310>,0.20220349729061127,0.1035643070936203,-0.08000770211219788,576847,2,3,True,Right,Front,Left,Centre,69
<_io.BytesIO object at 0x0000018E0013EE00>,0.16879072785377502,0.05561503767967224,-0.1392117738723755,576847,2,3,True,Right,Front,Left,Centre,69
<_io.BytesIO object at 0x0000018E0013E8B0>,0.22087730467319489,0.05805656313896179,-0.17239169776439667,576847,2,3,True,Right,Front,Left,Centre,69
<_io.BytesIO object at 0x0000018E0013EF90>,0.6805281043052673,0.34386032819747925,-0.18931083381175995,576847,2,3,True,Right,Front,Left,Centre,69
<_io.BytesIO object at 0x0000018E002AC310>,0.6582968831062317,0.42877137660980225,-0.17694050073623657,576847,2,3,True,Right,Front,Left,Centre,69
<_io.BytesIO object at 0x0000018E002AC6D0>,0.6838603615760803,0.39689043164253235,-0.10272820293903351,576847,2,3,True,Right,Front,Left,Centre,69
<_io.BytesIO object at 0x0000018E002AC9F0>,0.7128481268882751,0.3492010533809662,-0.16604755818843842,576847,2,3,True,Right,Front,Left,Centre,69
<_io.BytesIO object at 0x0000018E002AC0E0>,0.7032421231269836,0.3410298526287079,-0.1277959942817688,576847,2,3,True,Right,Front,Left,Centre,69
<_io.BytesIO object at 0x0000018E0022A860>,0.24302352964878082,0.0933166965842247,-0.17223970592021942,576848,2,3,True,Right,Front,Left,Centre,69
<_io.BytesIO object at 0x0000018E0022AD10>,0.2694632112979889,0.08946701884269714,-0.13712377846240997,576848,2,3,True,Right,Front,Left,Centre,69
<_io.BytesIO object at 0x0000018E0022A680>,0.20220349729061127,0.1035643070936203,-0.08000770211219788,576848,2,3,True,Right,Front,Left,Centre,69
<_io.BytesIO object at 0x0000018E0022EA90>,0.16879072785377502,0.05561503767967224,-0.1392117738723755,576848,2,3,True,Right,Front,Left,Centre,69
<_io.BytesIO object at 0x0000018E0022E770>,0.22087730467319489,0.05805656313896179,-0.17239169776439667,576848,2,3,True,Right,Front,Left,Centre,69
<_io.BytesIO object at 0x0000018E0022EEA0>,0.6805281043052673,0.34386032819747925,-0.18931083381175995,576848,2,3,True,Right,Front,Left,Centre,69
<_io.BytesIO object at 0x0000018E0022ECC0>,0.6582968831062317,0.42877137660980225,-0.17694050073623657,576848,2,3,True,Right,Front,Left,Centre,69
<_io.BytesIO object at 0x0000018E0022ED60>,0.6838603615760803,0.39689043164253235,-0.10272820293903351,576848,2,3,True,Right,Front,Left,Centre,69
<_io.BytesIO object at 0x0000018E0022E810>,0.7128481268882751,0.3492010533809662,-0.16604755818843842,576848,2,3,True,Right,Front,Left,Centre,69
<_io.BytesIO object at 0x0000018E0022E9F0>,0.7032421231269836,0.3410298526287079,-0.1277959942817688,576848,2,3,True,Right,Front,Left,Centre,69
<_io.BytesIO object at 0x0000018E00146BD0>,0.24302352964878082,0.0933166965842247,-0.17223970592021942,576849,2,3,True,Right,Front,Left,Centre,69
<_io.BytesIO object at 0x0000018E001469F0>,0.2694632112979889,0.08946701884269714,-0.13712377846240997,576849,2,3,True,Right,Front,Left,Centre,69
<_io.BytesIO object at 0x0000018E0020F220>,0.20220349729061127,0.1035643070936203,-0.08000770211219788,576849,2,3,True,Right,Front,Left,Centre,69
<_io.BytesIO object at 0x0000018E0020FCC0>,0.16879072785377502,0.05561503767967224,-0.1392117738723755,576849,2,3,True,Right,Front,Left,Centre,69
<_io.BytesIO object at 0x0000018E0020F270>,0.22087730467319489,0.05805656313896179,-0.17239169776439667,576849,2,3,True,Right,Front,Left,Centre,69
<_io.BytesIO object at 0x0000018E0020FE00>,0.6805281043052673,0.34386032819747925,-0.18931083381175995,576849,2,3,True,Right,Front,Left,Centre,69
<_io.BytesIO object at 0x0000018E0020F180>,0.6582968831062317,0.42877137660980225,-0.17694050073623657,576849,2,3,True,Right,Front,Left,Centre,69
<_io.BytesIO object at 0x0000018E0020FC70>,0.6838603615760803,0.39689043164253235,-0.10272820293903351,576849,2,3,True,Right,Front,Left,Centre,69
<_io.BytesIO object at 0x0000018E0020FEF0>,0.7128481268882751,0.3492010533809662,-0.16604755818843842,576849,2,3,True,Right,Front,Left,Centre,69
<_io.BytesIO object at 0x0000018E00158810>,0.7032421231269836,0.3410298526287079,-0.1277959942817688,576849,2,3,True,Right,Front,Left,Centre,69
<_io.BytesIO object at 0x0000018E00158630>,0.24302352964878082,0.0933166965842247,-0.17223970592021942,576850,2,3,True,Right,Front,Left,Centre,69
<_io.BytesIO object at 0x0000018E00158A90>,0.2694632112979889,0.08946701884269714,-0.13712377846240997,576850,2,3,True,Right,Front,Left,Centre,69
<_io.BytesIO object at 0x0000018E002097C0>,0.20220349729061127,0.1035643070936203,-0.08000770211219788,576850,2,3,True,Right,Front,Left,Centre,69
<_io.BytesIO object at 0x0000018E00209F40>,0.16879072785377502,0.05561503767967224,-0.1392117738723755,576850,2,3,True,Right,Front,Left,Centre,69
<_io.BytesIO object at 0x0000018E00209590>,0.22087730467319489,0.05805656313896179,-0.17239169776439667,576850,2,3,True,Right,Front,Left,Centre,69
<_io.BytesIO object at 0x0000018E00209630>,0.6805281043052673,0.34386032819747925,-0.18931083381175995,576850,2,3,True,Right,Front,Left,Centre,69
<_io.BytesIO object at 0x0000018E002094A0>,0.6582968831062317,0.42877137660980225,-0.17694050073623657,576850,2,3,True,Right,Front,Left,Centre,69
<_io.BytesIO object at 0x0000018E00209C70>,0.6838603615760803,0.39689043164253235,-0.10272820293903351,576850,2,3,True,Right,Front,Left,Centre,69
<_io.BytesIO object at 0x0000018E00209D60>,0.7128481268882751,0.3492010533809662,-0.16604755818843842,576850,2,3,True,Right,Front,Left,Centre,69
<_io.BytesIO object at 0x0000018E00209180>,0.7032421231269836,0.3410298526287079,-0.1277959942817688,576850,2,3,True,Right,Front,Left,Centre,69
<_io.BytesIO object at 0x0000018E0022AE00>,0.24302352964878082,0.0933166965842247,-0.17223970592021942,576851,2,3,True,Right,Front,Left,Centre,69
<_io.BytesIO object at 0x0000018E00203860>,0.2694632112979889,0.08946701884269714,-0.13712377846240997,576851,2,3,True,Right,Front,Left,Centre,69
<_io.BytesIO object at 0x0000018E00203DB0>,0.20220349729061127,0.1035643070936203,-0.08000770211219788,576851,2,3,True,Right,Front,Left,Centre,69
<_io.BytesIO object at 0x0000018E00203D60>,0.16879072785377502,0.05561503767967224,-0.1392117738723755,576851,2,3,True,Right,Front,Left,Centre,69
<_io.BytesIO object at 0x0000018E002038B0>,0.22087730467319489,0.05805656313896179,-0.17239169776439667,576851,2,3,True,Right,Front,Left,Centre,69
<_io.BytesIO object at 0x0000018E002035E0>,0.6805281043052673,0.34386032819747925,-0.18931083381175995,576851,2,3,True,Right,Front,Left,Centre,69
<_io.BytesIO object at 0x0000018E00203810>,0.6582968831062317,0.42877137660980225,-0.17694050073623657,576851,2,3,True,Right,Front,Left,Centre,69
<_io.BytesIO object at 0x0000018E0013E9A0>,0.6838603615760803,0.39689043164253235,-0.10272820293903351,576851,2,3,True,Right,Front,Left,Centre,69
<_io.BytesIO object at 0x0000018E0013EE50>,0.7128481268882751,0.3492010533809662,-0.16604755818843842,576851,2,3,True,Right,Front,Left,Centre,69
<_io.BytesIO object at 0x0000018E0013E8B0>,0.7032421231269836,0.3410298526287079,-0.1277959942817688,576851,2,3,True,Right,Front,Left,Centre,69
<_io.BytesIO object at 0x0000018E0006AA90>,0.24302352964878082,0.0933166965842247,-0.17223970592021942,576852,2,3,True,Right,Front,Left,Centre,69
<_io.BytesIO object at 0x0000018E00193310>,0.2694632112979889,0.08946701884269714,-0.13712377846240997,576852,2,3,True,Right,Front,Left,Centre,69
<_io.BytesIO object at 0x0000018E00193180>,0.20220349729061127,0.1035643070936203,-0.08000770211219788,576852,2,3,True,Right,Front,Left,Centre,69
<_io.BytesIO object at 0x0000018E00193CC0>,0.16879072785377502,0.05561503767967224,-0.1392117738723755,576852,2,3,True,Right,Front,Left,Centre,69
<_io.BytesIO object at 0x0000018E00193630>,0.22087730467319489,0.05805656313896179,-0.17239169776439667,576852,2,3,True,Right,Front,Left,Centre,69
<_io.BytesIO object at 0x0000018E00054AE0>,0.6805281043052673,0.34386032819747925,-0.18931083381175995,576852,2,3,True,Right,Front,Left,Centre,69
<_io.BytesIO object at 0x0000018E782C5090>,0.6582968831062317,0.42877137660980225,-0.17694050073623657,576852,2,3,True,Right,Front,Left,Centre,69
<_io.BytesIO object at 0x0000018E782C54A0>,0.6838603615760803,0.39689043164253235,-0.10272820293903351,576852,2,3,True,Right,Front,Left,Centre,69
<_io.BytesIO object at 0x0000018E782C55E0>,0.7128481268882751,0.3492010533809662,-0.16604755818843842,576852,2,3,True,Right,Front,Left,Centre,69
<_io.BytesIO object at 0x0000018E0020B270>,0.7032421231269836,0.3410298526287079,-0.1277959942817688,576852,2,3,True,Right,Front,Left,Centre,69
<_io.BytesIO object at 0x0000018E002ACDB0>,0.24302352964878082,0.0933166965842247,-0.17223970592021942,576853,2,3,True,Right,Front,Left,Centre,69
<_io.BytesIO object at 0x0000018E0020F040>,0.2694632112979889,0.08946701884269714,-0.13712377846240997,576853,2,3,True,Right,Front,Left,Centre,69
<_io.BytesIO object at 0x0000018E0020FE50>,0.20220349729061127,0.1035643070936203,-0.08000770211219788,576853,2,3,True,Right,Front,Left,Centre,69
<_io.BytesIO object at 0x0000018E0020FBD0>,0.16879072785377502,0.05561503767967224,-0.1392117738723755,576853,2,3,True,Right,Front,Left,Centre,69
<_io.BytesIO object at 0x0000018E0020F4F0>,0.22087730467319489,0.05805656313896179,-0.17239169776439667,576853,2,3,True,Right,Front,Left,Centre,69
<_io.BytesIO object at 0x0000018E0020F0E0>,0.6805281043052673,0.34386032819747925,-0.18931083381175995,576853,2,3,True,Right,Front,Left,Centre,69
<_io.BytesIO object at 0x0000018E001469F0>,0.6582968831062317,0.42877137660980225,-0.17694050073623657,576853,2,3,True,Right,Front,Left,Centre,69
<_io.BytesIO object at 0x0000018E001468B0>,0.6838603615760803,0.39689043164253235,-0.10272820293903351,576853,2,3,True,Right,Front,Left,Centre,69
<_io.BytesIO object at 0x0000018E00146540>,0.7128481268882751,0.3492010533809662,-0.16604755818843842,576853,2,3,True,Right,Front,Left,Centre,69
<_io.BytesIO object at 0x0000018E00146360>,0.7032421231269836,0.3410298526287079,-0.1277959942817688,576853,2,3,True,Right,Front,Left,Centre,69
<_io.BytesIO object at 0x0000018E00202D10>,0.24302352964878082,0.0933166965842247,-0.17223970592021942,576854,2,3,True,Right,Front,Left,Centre,69
<_io.BytesIO object at 0x0000018E002274F0>,0.2694632112979889,0.08946701884269714,-0.13712377846240997,576854,2,3,True,Right,Front,Left,Centre,69
<_io.BytesIO object at 0x0000018E00227950>,0.20220349729061127,0.1035643070936203,-0.08000770211219788,576854,2,3,True,Right,Front,Left,Centre,69
<_io.BytesIO object at 0x0000018E00227B30>,0.16879072785377502,0.05561503767967224,-0.1392117738723755,576854,2,3,True,Right,Front,Left,Centre,69
<_io.BytesIO object at 0x0000018E00202F90>,0.22087730467319489,0.05805656313896179,-0.17239169776439667,576854,2,3,True,Right,Front,Left,Centre,69
<_io.BytesIO object at 0x0000018E00202DB0>,0.6805281043052673,0.34386032819747925,-0.18931083381175995,576854,2,3,True,Right,Front,Left,Centre,69
<_io.BytesIO object at 0x0000018E00202C70>,0.6582968831062317,0.42877137660980225,-0.17694050073623657,576854,2,3,True,Right,Front,Left,Centre,69
<_io.BytesIO object at 0x0000018E00202A40>,0.6838603615760803,0.39689043164253235,-0.10272820293903351,576854,2,3,True,Right,Front,Left,Centre,69
<_io.BytesIO object at 0x0000018E00202770>,0.7128481268882751,0.3492010533809662,-0.16604755818843842,576854,2,3,True,Right,Front,Left,Centre,69
<_io.BytesIO object at 0x0000018E002025E0>,0.7032421231269836,0.3410298526287079,-0.1277959942817688,576854,2,3,True,Right,Front,Left,Centre,69
<_io.BytesIO object at 0x0000018E002AC2C0>,0.24302352964878082,0.0933166965842247,-0.17223970592021942,576855,2,3,True,Right,Front,Left,Centre,69
<_io.BytesIO object at 0x0000018E0020B400>,0.2694632112979889,0.08946701884269714,-0.13712377846240997,576855,2,3,True,Right,Front,Left,Centre,69
<_io.BytesIO object at 0x0000018E0020BEF0>,0.20220349729061127,0.1035643070936203,-0.08000770211219788,576855,2,3,True,Right,Front,Left,Centre,69
<_io.BytesIO object at 0x0000018E0020B1D0>,0.16879072785377502,0.05561503767967224,-0.1392117738723755,576855,2,3,True,Right,Front,Left,Centre,69
<_io.BytesIO object at 0x0000018E0020B090>,0.22087730467319489,0.05805656313896179,-0.17239169776439667,576855,2,3,True,Right,Front,Left,Centre,69
<_io.BytesIO object at 0x0000018E0020BE50>,0.6805281043052673,0.34386032819747925,-0.18931083381175995,576855,2,3,True,Right,Front,Left,Centre,69
<_io.BytesIO object at 0x0000018E0020B540>,0.6582968831062317,0.42877137660980225,-0.17694050073623657,576855,2,3,True,Right,Front,Left,Centre,69
<_io.BytesIO object at 0x0000018E0020B770>,0.6838603615760803,0.39689043164253235,-0.10272820293903351,576855,2,3,True,Right,Front,Left,Centre,69
<_io.BytesIO object at 0x0000018E782C55E0>,0.7128481268882751,0.3492010533809662,-0.16604755818843842,576855,2,3,True,Right,Front,Left,Centre,69
<_io.BytesIO object at 0x0000018E782C5400>,0.7032421231269836,0.3410298526287079,-0.1277959942817688,576855,2,3,True,Right,Front,Left,Centre,69
<_io.BytesIO object at 0x0000018E0006A950>,0.24302352964878082,0.0933166965842247,-0.17223970592021942,576856,2,3,True,Right,Front,Left,Centre,69
<_io.BytesIO object at 0x0000018E0006A9F0>,0.2694632112979889,0.08946701884269714,-0.13712377846240997,576856,2,3,True,Right,Front,Left,Centre,69
<_io.BytesIO object at 0x0000018E0013EF40>,0.20220349729061127,0.1035643070936203,-0.08000770211219788,576856,2,3,True,Right,Front,Left,Centre,69
<_io.BytesIO object at 0x0000018E0013EEF0>,0.16879072785377502,0.05561503767967224,-0.1392117738723755,576856,2,3,True,Right,Front,Left,Centre,69
<_io.BytesIO object at 0x0000018E0013E540>,0.22087730467319489,0.05805656313896179,-0.17239169776439667,576856,2,3,True,Right,Front,Left,Centre,69
<_io.BytesIO object at 0x0000018E0013E130>,0.6805281043052673,0.34386032819747925,-0.18931083381175995,576856,2,3,True,Right,Front,Left,Centre,69
<_io.BytesIO object at 0x0000018E0013E310>,0.6582968831062317,0.42877137660980225,-0.17694050073623657,576856,2,3,True,Right,Front,Left,Centre,69
<_io.BytesIO object at 0x0000018E0013E8B0>,0.6838603615760803,0.39689043164253235,-0.10272820293903351,576856,2,3,True,Right,Front,Left,Centre,69
<_io.BytesIO object at 0x0000018E0013EF90>,0.7128481268882751,0.3492010533809662,-0.16604755818843842,576856,2,3,True,Right,Front,Left,Centre,69
<_io.BytesIO object at 0x0000018E0013E4A0>,0.7032421231269836,0.3410298526287079,-0.1277959942817688,576856,2,3,True,Right,Front,Left,Centre,69
<_io.BytesIO object at 0x0000018E0022A860>,0.24302352964878082,0.0933166965842247,-0.17223970592021942,576857,2,3,True,Right,Front,Left,Centre,69
<_io.BytesIO object at 0x0000018E0020F360>,0.2694632112979889,0.08946701884269714,-0.13712377846240997,576857,2,3,True,Right,Front,Left,Centre,69
<_io.BytesIO object at 0x0000018E0020F2C0>,0.20220349729061127,0.1035643070936203,-0.08000770211219788,576857,2,3,True,Right,Front,Left,Centre,69
<_io.BytesIO object at 0x0000018E0020F270>,0.16879072785377502,0.05561503767967224,-0.1392117738723755,576857,2,3,True,Right,Front,Left,Centre,69
<_io.BytesIO object at 0x0000018E0020F040>,0.22087730467319489,0.05805656313896179,-0.17239169776439667,576857,2,3,True,Right,Front,Left,Centre,69
<_io.BytesIO object at 0x0000018E0020F130>,0.6805281043052673,0.34386032819747925,-0.18931083381175995,576857,2,3,True,Right,Front,Left,Centre,69
<_io.BytesIO object at 0x0000018E0020F680>,0.6582968831062317,0.42877137660980225,-0.17694050073623657,576857,2,3,True,Right,Front,Left,Centre,69
<_io.BytesIO object at 0x0000018E0020F1D0>,0.6838603615760803,0.39689043164253235,-0.10272820293903351,576857,2,3,True,Right,Front,Left,Centre,69
<_io.BytesIO object at 0x0000018E0022E590>,0.7128481268882751,0.3492010533809662,-0.16604755818843842,576857,2,3,True,Right,Front,Left,Centre,69
<_io.BytesIO object at 0x0000018E0022E720>,0.7032421231269836,0.3410298526287079,-0.1277959942817688,576857,2,3,True,Right,Front,Left,Centre,69
<_io.BytesIO object at 0x0000018E002097C0>,0.24302352964878082,0.0933166965842247,-0.17223970592021942,576858,2,3,True,Right,Front,Left,Centre,69
<_io.BytesIO object at 0x0000018E00158770>,0.2694632112979889,0.08946701884269714,-0.13712377846240997,576858,2,3,True,Right,Front,Left,Centre,69
<_io.BytesIO object at 0x0000018E00158F40>,0.20220349729061127,0.1035643070936203,-0.08000770211219788,576858,2,3,True,Right,Front,Left,Centre,69
<_io.BytesIO object at 0x0000018E001587C0>,0.16879072785377502,0.05561503767967224,-0.1392117738723755,576858,2,3,True,Right,Front,Left,Centre,69
<_io.BytesIO object at 0x0000018E00158590>,0.22087730467319489,0.05805656313896179,-0.17239169776439667,576858,2,3,True,Right,Front,Left,Centre,69
<_io.BytesIO object at 0x0000018E00158220>,0.6805281043052673,0.34386032819747925,-0.18931083381175995,576858,2,3,True,Right,Front,Left,Centre,69
<_io.BytesIO object at 0x0000018E00227950>,0.6582968831062317,0.42877137660980225,-0.17694050073623657,576858,2,3,True,Right,Front,Left,Centre,69
<_io.BytesIO object at 0x0000018E002279A0>,0.6838603615760803,0.39689043164253235,-0.10272820293903351,576858,2,3,True,Right,Front,Left,Centre,69
<_io.BytesIO object at 0x0000018E00227680>,0.7128481268882751,0.3492010533809662,-0.16604755818843842,576858,2,3,True,Right,Front,Left,Centre,69
<_io.BytesIO object at 0x0000018E00227540>,0.7032421231269836,0.3410298526287079,-0.1277959942817688,576858,2,3,True,Right,Front,Left,Centre,69
<_io.BytesIO object at 0x0000018E002099A0>,0.24302352964878082,0.0933166965842247,-0.17223970592021942,576859,2,3,True,Right,Front,Left,Centre,69
<_io.BytesIO object at 0x0000018E0022E540>,0.2694632112979889,0.08946701884269714,-0.13712377846240997,576859,2,3,True,Right,Front,Left,Centre,69
<_io.BytesIO object at 0x0000018E0022EC20>,0.20220349729061127,0.1035643070936203,-0.08000770211219788,576859,2,3,True,Right,Front,Left,Centre,69
<_io.BytesIO object at 0x0000018E0022E130>,0.16879072785377502,0.05561503767967224,-0.1392117738723755,576859,2,3,True,Right,Front,Left,Centre,69
<_io.BytesIO object at 0x0000018E0022E1D0>,0.22087730467319489,0.05805656313896179,-0.17239169776439667,576859,2,3,True,Right,Front,Left,Centre,69
<_io.BytesIO object at 0x0000018E0022E4A0>,0.6805281043052673,0.34386032819747925,-0.18931083381175995,576859,2,3,True,Right,Front,Left,Centre,69
<_io.BytesIO object at 0x0000018E0022E8B0>,0.6582968831062317,0.42877137660980225,-0.17694050073623657,576859,2,3,True,Right,Front,Left,Centre,69
<_io.BytesIO object at 0x0000018E0020F400>,0.6838603615760803,0.39689043164253235,-0.10272820293903351,576859,2,3,True,Right,Front,Left,Centre,69
<_io.BytesIO object at 0x0000018E0020FDB0>,0.7128481268882751,0.3492010533809662,-0.16604755818843842,576859,2,3,True,Right,Front,Left,Centre,69
<_io.BytesIO object at 0x0000018E0020F860>,0.7032421231269836,0.3410298526287079,-0.1277959942817688,576859,2,3,True,Right,Front,Left,Centre,69
<_io.BytesIO object at 0x0000018E0022A3B0>,0.24302352964878082,0.0933166965842247,-0.17223970592021942,576860,2,3,True,Right,Front,Left,Centre,69
<_io.BytesIO object at 0x0000018E00203EA0>,0.2694632112979889,0.08946701884269714,-0.13712377846240997,576860,2,3,True,Right,Front,Left,Centre,69
<_io.BytesIO object at 0x0000018E00203450>,0.20220349729061127,0.1035643070936203,-0.08000770211219788,576860,2,3,True,Right,Front,Left,Centre,69
<_io.BytesIO object at 0x0000018E002033B0>,0.16879072785377502,0.05561503767967224,-0.1392117738723755,576860,2,3,True,Right,Front,Left,Centre,69
<_io.BytesIO object at 0x0000018E00203C20>,0.22087730467319489,0.05805656313896179,-0.17239169776439667,576860,2,3,True,Right,Front,Left,Centre,69
<_io.BytesIO object at 0x0000018E0013E1D0>,0.6805281043052673,0.34386032819747925,-0.18931083381175995,576860,2,3,True,Right,Front,Left,Centre,69
<_io.BytesIO object at 0x0000018E0013ED60>,0.6582968831062317,0.42877137660980225,-0.17694050073623657,576860,2,3,True,Right,Front,Left,Centre,69
<_io.BytesIO object at 0x0000018E0013EE50>,0.6838603615760803,0.39689043164253235,-0.10272820293903351,576860,2,3,True,Right,Front,Left,Centre,69
<_io.BytesIO object at 0x0000018E0013E040>,0.7128481268882751,0.3492010533809662,-0.16604755818843842,576860,2,3,True,Right,Front,Left,Centre,69
<_io.BytesIO object at 0x0000018E0013E860>,0.7032421231269836,0.3410298526287079,-0.1277959942817688,576860,2,3,True,Right,Front,Left,Centre,69
<_io.BytesIO object at 0x0000018E00193EF0>,0.24302352964878082,0.0933166965842247,-0.17223970592021942,576861,2,3,True,Right,Front,Left,Centre,69
<_io.BytesIO object at 0x0000018E00193770>,0.2694632112979889,0.08946701884269714,-0.13712377846240997,576861,2,3,True,Right,Front,Left,Centre,69
<_io.BytesIO object at 0x0000018E00193EA0>,0.20220349729061127,0.1035643070936203,-0.08000770211219788,576861,2,3,True,Right,Front,Left,Centre,69
<_io.BytesIO object at 0x0000018E00054400>,0.16879072785377502,0.05561503767967224,-0.1392117738723755,576861,2,3,True,Right,Front,Left,Centre,69
<_io.BytesIO object at 0x0000018E0020B7C0>,0.22087730467319489,0.05805656313896179,-0.17239169776439667,576861,2,3,True,Right,Front,Left,Centre,69
<_io.BytesIO object at 0x0000018E0020B270>,0.6805281043052673,0.34386032819747925,-0.18931083381175995,576861,2,3,True,Right,Front,Left,Centre,69
<_io.BytesIO object at 0x0000018E0020B9F0>,0.6582968831062317,0.42877137660980225,-0.17694050073623657,576861,2,3,True,Right,Front,Left,Centre,69
<_io.BytesIO object at 0x0000018E0020B6D0>,0.6838603615760803,0.39689043164253235,-0.10272820293903351,576861,2,3,True,Right,Front,Left,Centre,69
<_io.BytesIO object at 0x0000018E0020B1D0>,0.7128481268882751,0.3492010533809662,-0.16604755818843842,576861,2,3,True,Right,Front,Left,Centre,69
<_io.BytesIO object at 0x0000018E0020B2C0>,0.7032421231269836,0.3410298526287079,-0.1277959942817688,576861,2,3,True,Right,Front,Left,Centre,69
<_io.BytesIO object at 0x0000018E001468B0>,0.24302352964878082,0.0933166965842247,-0.17223970592021942,576862,2,3,True,Right,Front,Left,Centre,69
<_io.BytesIO object at 0x0000018E00146770>,0.2694632112979889,0.08946701884269714,-0.13712377846240997,576862,2,3,True,Right,Front,Left,Centre,69
<_io.BytesIO object at 0x0000018E00146450>,0.20220349729061127,0.1035643070936203,-0.08000770211219788,576862,2,3,True,Right,Front,Left,Centre,69
<_io.BytesIO object at 0x0000018E001467C0>,0.16879072785377502,0.05561503767967224,-0.1392117738723755,576862,2,3,True,Right,Front,Left,Centre,69
<_io.BytesIO object at 0x0000018E00227540>,0.22087730467319489,0.05805656313896179,-0.17239169776439667,576862,2,3,True,Right,Front,Left,Centre,69
<_io.BytesIO object at 0x0000018E00227130>,0.6805281043052673,0.34386032819747925,-0.18931083381175995,576862,2,3,True,Right,Front,Left,Centre,69
<_io.BytesIO object at 0x0000018E00227DB0>,0.6582968831062317,0.42877137660980225,-0.17694050073623657,576862,2,3,True,Right,Front,Left,Centre,69
<_io.BytesIO object at 0x0000018E00227180>,0.6838603615760803,0.39689043164253235,-0.10272820293903351,576862,2,3,True,Right,Front,Left,Centre,69
<_io.BytesIO object at 0x0000018E00227450>,0.7128481268882751,0.3492010533809662,-0.16604755818843842,576862,2,3,True,Right,Front,Left,Centre,69
<_io.BytesIO object at 0x0000018E002277C0>,0.7032421231269836,0.3410298526287079,-0.1277959942817688,576862,2,3,True,Right,Front,Left,Centre,69
<_io.BytesIO object at 0x0000018E001467C0>,0.24302352964878082,0.0933166965842247,-0.17223970592021942,576863,2,3,True,Right,Front,Left,Centre,69
<_io.BytesIO object at 0x0000018E00146090>,0.2694632112979889,0.08946701884269714,-0.13712377846240997,576863,2,3,True,Right,Front,Left,Centre,69
<_io.BytesIO object at 0x0000018E00146B30>,0.20220349729061127,0.1035643070936203,-0.08000770211219788,576863,2,3,True,Right,Front,Left,Centre,69
<_io.BytesIO object at 0x0000018E00146F40>,0.16879072785377502,0.05561503767967224,-0.1392117738723755,576863,2,3,True,Right,Front,Left,Centre,69
<_io.BytesIO object at 0x0000018E782C5400>,0.22087730467319489,0.05805656313896179,-0.17239169776439667,576863,2,3,True,Right,Front,Left,Centre,69
<_io.BytesIO object at 0x0000018E782C5220>,0.6805281043052673,0.34386032819747925,-0.18931083381175995,576863,2,3,True,Right,Front,Left,Centre,69
<_io.BytesIO object at 0x0000018E782C51D0>,0.6582968831062317,0.42877137660980225,-0.17694050073623657,576863,2,3,True,Right,Front,Left,Centre,69
<_io.BytesIO object at 0x0000018E002AC4A0>,0.6838603615760803,0.39689043164253235,-0.10272820293903351,576863,2,3,True,Right,Front,Left,Centre,69
<_io.BytesIO object at 0x0000018E002AC220>,0.7128481268882751,0.3492010533809662,-0.16604755818843842,576863,2,3,True,Right,Front,Left,Centre,69
<_io.BytesIO object at 0x0000018E002ACCC0>,0.7032421231269836,0.3410298526287079,-0.1277959942817688,576863,2,3,True,Right,Front,Left,Centre,69
<_io.BytesIO object at 0x0000018E0013EF40>,0.24302352964878082,0.0933166965842247,-0.17223970592021942,576865,2,3,True,Right,Front,Left,Centre,69
<_io.BytesIO object at 0x0000018E0013E860>,0.2694632112979889,0.08946701884269714,-0.13712377846240997,576865,2,3,True,Right,Front,Left,Centre,69
<_io.BytesIO object at 0x0000018E0013E630>,0.20220349729061127,0.1035643070936203,-0.08000770211219788,576865,2,3,True,Right,Front,Left,Centre,69
<_io.BytesIO object at 0x0000018E0013E1D0>,0.16879072785377502,0.05561503767967224,-0.1392117738723755,576865,2,3,True,Right,Front,Left,Centre,69
<_io.BytesIO object at 0x0000018E002039F0>,0.22087730467319489,0.05805656313896179,-0.17239169776439667,576865,2,3,True,Right,Front,Left,Centre,69
<_io.BytesIO object at 0x0000018E00203AE0>,0.6805281043052673,0.34386032819747925,-0.18931083381175995,576865,2,3,True,Right,Front,Left,Centre,69
<_io.BytesIO object at 0x0000018E002035E0>,0.6582968831062317,0.42877137660980225,-0.17694050073623657,576865,2,3,True,Right,Front,Left,Centre,69
<_io.BytesIO object at 0x0000018E00203720>,0.6838603615760803,0.39689043164253235,-0.10272820293903351,576865,2,3,True,Right,Front,Left,Centre,69
<_io.BytesIO object at 0x0000018E00203040>,0.7128481268882751,0.3492010533809662,-0.16604755818843842,576865,2,3,True,Right,Front,Left,Centre,69
<_io.BytesIO object at 0x0000018E00203860>,0.7032421231269836,0.3410298526287079,-0.1277959942817688,576865,2,3,True,Right,Front,Left,Centre,69
<_io.BytesIO object at 0x0000018E0020F770>,0.24302352964878082,0.0933166965842247,-0.17223970592021942,576866,2,3,True,Right,Front,Left,Centre,69
<_io.BytesIO object at 0x0000018E0020FEF0>,0.2694632112979889,0.08946701884269714,-0.13712377846240997,576866,2,3,True,Right,Front,Left,Centre,69
<_io.BytesIO object at 0x0000018E0022E090>,0.20220349729061127,0.1035643070936203,-0.08000770211219788,576866,2,3,True,Right,Front,Left,Centre,69
<_io.BytesIO object at 0x0000018E0022EE50>,0.16879072785377502,0.05561503767967224,-0.1392117738723755,576866,2,3,True,Right,Front,Left,Centre,69
<_io.BytesIO object at 0x0000018E0022E4A0>,0.22087730467319489,0.05805656313896179,-0.17239169776439667,576866,2,3,True,Right,Front,Left,Centre,69
<_io.BytesIO object at 0x0000018E0022E270>,0.6805281043052673,0.34386032819747925,-0.18931083381175995,576866,2,3,True,Right,Front,Left,Centre,69
<_io.BytesIO object at 0x0000018E0022ED60>,0.6582968831062317,0.42877137660980225,-0.17694050073623657,576866,2,3,True,Right,Front,Left,Centre,69
<_io.BytesIO object at 0x0000018E0022E2C0>,0.6838603615760803,0.39689043164253235,-0.10272820293903351,576866,2,3,True,Right,Front,Left,Centre,69
<_io.BytesIO object at 0x0000018E0022EE00>,0.7128481268882751,0.3492010533809662,-0.16604755818843842,576866,2,3,True,Right,Front,Left,Centre,69
<_io.BytesIO object at 0x0000018E0022E860>,0.7032421231269836,0.3410298526287079,-0.1277959942817688,576866,2,3,True,Right,Front,Left,Centre,69
<_io.BytesIO object at 0x0000018E0020BB80>,0.24302352964878082,0.0933166965842247,-0.17223970592021942,576867,2,3,True,Right,Front,Left,Centre,69
<_io.BytesIO object at 0x0000018E0020B4F0>,0.2694632112979889,0.08946701884269714,-0.13712377846240997,576867,2,3,True,Right,Front,Left,Centre,69
<_io.BytesIO object at 0x0000018E001587C0>,0.20220349729061127,0.1035643070936203,-0.08000770211219788,576867,2,3,True,Right,Front,Left,Centre,69
<_io.BytesIO object at 0x0000018E00158450>,0.16879072785377502,0.05561503767967224,-0.1392117738723755,576867,2,3,True,Right,Front,Left,Centre,69
<_io.BytesIO object at 0x0000018E00158590>,0.22087730467319489,0.05805656313896179,-0.17239169776439667,576867,2,3,True,Right,Front,Left,Centre,69
<_io.BytesIO object at 0x0000018E001589F0>,0.6805281043052673,0.34386032819747925,-0.18931083381175995,576867,2,3,True,Right,Front,Left,Centre,69
<_io.BytesIO object at 0x0000018E00158D60>,0.6582968831062317,0.42877137660980225,-0.17694050073623657,576867,2,3,True,Right,Front,Left,Centre,69
<_io.BytesIO object at 0x0000018E00158DB0>,0.6838603615760803,0.39689043164253235,-0.10272820293903351,576867,2,3,True,Right,Front,Left,Centre,69
<_io.BytesIO object at 0x0000018E001937C0>,0.7128481268882751,0.3492010533809662,-0.16604755818843842,576867,2,3,True,Right,Front,Left,Centre,69
<_io.BytesIO object at 0x0000018E00193770>,0.7032421231269836,0.3410298526287079,-0.1277959942817688,576867,2,3,True,Right,Front,Left,Centre,69
<_io.BytesIO object at 0x0000018E00193720>,0.24302352964878082,0.0933166965842247,-0.17223970592021942,576868,2,3,True,Right,Front,Left,Centre,69
<_io.BytesIO object at 0x0000018E00193D60>,0.2694632112979889,0.08946701884269714,-0.13712377846240997,576868,2,3,True,Right,Front,Left,Centre,69
<_io.BytesIO object at 0x0000018E001937C0>,0.20220349729061127,0.1035643070936203,-0.08000770211219788,576868,2,3,True,Right,Front,Left,Centre,69
<_io.BytesIO object at 0x0000018E00158CC0>,0.16879072785377502,0.05561503767967224,-0.1392117738723755,576868,2,3,True,Right,Front,Left,Centre,69
<_io.BytesIO object at 0x0000018E001585E0>,0.22087730467319489,0.05805656313896179,-0.17239169776439667,576868,2,3,True,Right,Front,Left,Centre,69
<_io.BytesIO object at 0x0000018E00158090>,0.6805281043052673,0.34386032819747925,-0.18931083381175995,576868,2,3,True,Right,Front,Left,Centre,69
<_io.BytesIO object at 0x0000018E00158770>,0.6582968831062317,0.42877137660980225,-0.17694050073623657,576868,2,3,True,Right,Front,Left,Centre,69
<_io.BytesIO object at 0x0000018E001587C0>,0.6838603615760803,0.39689043164253235,-0.10272820293903351,576868,2,3,True,Right,Front,Left,Centre,69
<_io.BytesIO object at 0x0000018E00158EF0>,0.7128481268882751,0.3492010533809662,-0.16604755818843842,576868,2,3,True,Right,Front,Left,Centre,69
<_io.BytesIO object at 0x0000018E0020BB80>,0.7032421231269836,0.3410298526287079,-0.1277959942817688,576868,2,3,True,Right,Front,Left,Centre,69
<_io.BytesIO object at 0x0000018E00209180>,0.24302352964878082,0.0933166965842247,-0.17223970592021942,576869,2,3,True,Right,Front,Left,Centre,69
<_io.BytesIO object at 0x0000018E0022E720>,0.2694632112979889,0.08946701884269714,-0.13712377846240997,576869,2,3,True,Right,Front,Left,Centre,69
<_io.BytesIO object at 0x0000018E0022E0E0>,0.20220349729061127,0.1035643070936203,-0.08000770211219788,576869,2,3,True,Right,Front,Left,Centre,69
<_io.BytesIO object at 0x0000018E0022EC20>,0.16879072785377502,0.05561503767967224,-0.1392117738723755,576869,2,3,True,Right,Front,Left,Centre,69
<_io.BytesIO object at 0x0000018E0022E270>,0.22087730467319489,0.05805656313896179,-0.17239169776439667,576869,2,3,True,Right,Front,Left,Centre,69
<_io.BytesIO object at 0x0000018E0022EC70>,0.6805281043052673,0.34386032819747925,-0.18931083381175995,576869,2,3,True,Right,Front,Left,Centre,69
<_io.BytesIO object at 0x0000018E0022ECC0>,0.6582968831062317,0.42877137660980225,-0.17694050073623657,576869,2,3,True,Right,Front,Left,Centre,69
<_io.BytesIO object at 0x0000018E0020F1D0>,0.6838603615760803,0.39689043164253235,-0.10272820293903351,576869,2,3,True,Right,Front,Left,Centre,69
<_io.BytesIO object at 0x0000018E0020F900>,0.7128481268882751,0.3492010533809662,-0.16604755818843842,576869,2,3,True,Right,Front,Left,Centre,69
<_io.BytesIO object at 0x0000018E0020FF90>,0.7032421231269836,0.3410298526287079,-0.1277959942817688,576869,2,3,True,Right,Front,Left,Centre,69
<_io.BytesIO object at 0x0000018E0022A540>,0.24302352964878082,0.0933166965842247,-0.17223970592021942,576870,2,3,True,Right,Front,Left,Centre,69
<_io.BytesIO object at 0x0000018E00203D10>,0.2694632112979889,0.08946701884269714,-0.13712377846240997,576870,2,3,True,Right,Front,Left,Centre,69
<_io.BytesIO object at 0x0000018E00203720>,0.20220349729061127,0.1035643070936203,-0.08000770211219788,576870,2,3,True,Right,Front,Left,Centre,69
<_io.BytesIO object at 0x0000018E002037C0>,0.16879072785377502,0.05561503767967224,-0.1392117738723755,576870,2,3,True,Right,Front,Left,Centre,69
<_io.BytesIO object at 0x0000018E00203C20>,0.22087730467319489,0.05805656313896179,-0.17239169776439667,576870,2,3,True,Right,Front,Left,Centre,69
<_io.BytesIO object at 0x0000018E0013E5E0>,0.6805281043052673,0.34386032819747925,-0.18931083381175995,576870,2,3,True,Right,Front,Left,Centre,69
<_io.BytesIO object at 0x0000018E0013E7C0>,0.6582968831062317,0.42877137660980225,-0.17694050073623657,576870,2,3,True,Right,Front,Left,Centre,69
<_io.BytesIO object at 0x0000018E0013E630>,0.6838603615760803,0.39689043164253235,-0.10272820293903351,576870,2,3,True,Right,Front,Left,Centre,69
<_io.BytesIO object at 0x0000018E0013E8B0>,0.7128481268882751,0.3492010533809662,-0.16604755818843842,576870,2,3,True,Right,Front,Left,Centre,69
<_io.BytesIO object at 0x0000018E0013E720>,0.7032421231269836,0.3410298526287079,-0.1277959942817688,576870,2,3,True,Right,Front,Left,Centre,69
<_io.BytesIO object at 0x0000018E002AC860>,0.24302352964878082,0.0933166965842247,-0.17223970592021942,576871,2,3,True,Right,Front,Left,Centre,69
<_io.BytesIO object at 0x0000018E002AC6D0>,0.2694632112979889,0.08946701884269714,-0.13712377846240997,576871,2,3,True,Right,Front,Left,Centre,69
<_io.BytesIO object at 0x0000018E0004AC20>,0.20220349729061127,0.1035643070936203,-0.08000770211219788,576871,2,3,True,Right,Front,Left,Centre,69
<_io.BytesIO object at 0x0000018E782C5630>,0.16879072785377502,0.05561503767967224,-0.1392117738723755,576871,2,3,True,Right,Front,Left,Centre,69
<_io.BytesIO object at 0x0000018E782C55E0>,0.22087730467319489,0.05805656313896179,-0.17239169776439667,576871,2,3,True,Right,Front,Left,Centre,69
<_io.BytesIO object at 0x0000018E782C5540>,0.6805281043052673,0.34386032819747925,-0.18931083381175995,576871,2,3,True,Right,Front,Left,Centre,69
<_io.BytesIO object at 0x0000018E001469F0>,0.6582968831062317,0.42877137660980225,-0.17694050073623657,576871,2,3,True,Right,Front,Left,Centre,69
<_io.BytesIO object at 0x0000018E00146720>,0.6838603615760803,0.39689043164253235,-0.10272820293903351,576871,2,3,True,Right,Front,Left,Centre,69
<_io.BytesIO object at 0x0000018E001465E0>,0.7128481268882751,0.3492010533809662,-0.16604755818843842,576871,2,3,True,Right,Front,Left,Centre,69
<_io.BytesIO object at 0x0000018E001466D0>,0.7032421231269836,0.3410298526287079,-0.1277959942817688,576871,2,3,True,Right,Front,Left,Centre,69
<_io.BytesIO object at 0x0000018E00239180>,0.24302352964878082,0.0933166965842247,-0.17223970592021942,576872,2,3,True,Right,Front,Left,Centre,69
<_io.BytesIO object at 0x0000018E00239720>,0.2694632112979889,0.08946701884269714,-0.13712377846240997,576872,2,3,True,Right,Front,Left,Centre,69
<_io.BytesIO object at 0x0000018E00239B80>,0.20220349729061127,0.1035643070936203,-0.08000770211219788,576872,2,3,True,Right,Front,Left,Centre,69
<_io.BytesIO object at 0x0000018E00239D60>,0.16879072785377502,0.05561503767967224,-0.1392117738723755,576872,2,3,True,Right,Front,Left,Centre,69
<_io.BytesIO object at 0x0000018E00227EF0>,0.22087730467319489,0.05805656313896179,-0.17239169776439667,576872,2,3,True,Right,Front,Left,Centre,69
<_io.BytesIO object at 0x0000018E00227F90>,0.6805281043052673,0.34386032819747925,-0.18931083381175995,576872,2,3,True,Right,Front,Left,Centre,69
<_io.BytesIO object at 0x0000018E00227AE0>,0.6582968831062317,0.42877137660980225,-0.17694050073623657,576872,2,3,True,Right,Front,Left,Centre,69
<_io.BytesIO object at 0x0000018E00227450>,0.6838603615760803,0.39689043164253235,-0.10272820293903351,576872,2,3,True,Right,Front,Left,Centre,69
<_io.BytesIO object at 0x0000018E00227D10>,0.7128481268882751,0.3492010533809662,-0.16604755818843842,576872,2,3,True,Right,Front,Left,Centre,69
<_io.BytesIO object at 0x0000018E002279A0>,0.7032421231269836,0.3410298526287079,-0.1277959942817688,576872,2,3,True,Right,Front,Left,Centre,69
<_io.BytesIO object at 0x0000018E002AC8B0>,0.24302352964878082,0.0933166965842247,-0.17223970592021942,576874,2,3,True,Right,Front,Left,Centre,69
<_io.BytesIO object at 0x0000018E002AC540>,0.2694632112979889,0.08946701884269714,-0.13712377846240997,576874,2,3,True,Right,Front,Left,Centre,69
<_io.BytesIO object at 0x0000018E00054450>,0.20220349729061127,0.1035643070936203,-0.08000770211219788,576874,2,3,True,Right,Front,Left,Centre,69
<_io.BytesIO object at 0x0000018E0006AEA0>,0.16879072785377502,0.05561503767967224,-0.1392117738723755,576874,2,3,True,Right,Front,Left,Centre,69
<_io.BytesIO object at 0x0000018E0006A310>,0.22087730467319489,0.05805656313896179,-0.17239169776439667,576874,2,3,True,Right,Front,Left,Centre,69
<_io.BytesIO object at 0x0000018E0006A540>,0.6805281043052673,0.34386032819747925,-0.18931083381175995,576874,2,3,True,Right,Front,Left,Centre,69
<_io.BytesIO object at 0x0000018E0006A770>,0.6582968831062317,0.42877137660980225,-0.17694050073623657,576874,2,3,True,Right,Front,Left,Centre,69
<_io.BytesIO object at 0x0000018E0006A9F0>,0.6838603615760803,0.39689043164253235,-0.10272820293903351,576874,2,3,True,Right,Front,Left,Centre,69
<_io.BytesIO object at 0x0000018E0006A590>,0.7128481268882751,0.3492010533809662,-0.16604755818843842,576874,2,3,True,Right,Front,Left,Centre,69
<_io.BytesIO object at 0x0000018E0006A5E0>,0.7032421231269836,0.3410298526287079,-0.1277959942817688,576874,2,3,True,Right,Front,Left,Centre,69
<_io.BytesIO object at 0x0000018E00203B30>,0.24302352964878082,0.0933166965842247,-0.17223970592021942,576875,2,3,True,Right,Front,Left,Centre,69
<_io.BytesIO object at 0x0000018E00203EA0>,0.2694632112979889,0.08946701884269714,-0.13712377846240997,576875,2,3,True,Right,Front,Left,Centre,69
<_io.BytesIO object at 0x0000018E0022A8B0>,0.20220349729061127,0.1035643070936203,-0.08000770211219788,576875,2,3,True,Right,Front,Left,Centre,69
<_io.BytesIO object at 0x0000018E0022A7C0>,0.16879072785377502,0.05561503767967224,-0.1392117738723755,576875,2,3,True,Right,Front,Left,Centre,69
<_io.BytesIO object at 0x0000018E0022A450>,0.22087730467319489,0.05805656313896179,-0.17239169776439667,576875,2,3,True,Right,Front,Left,Centre,69
<_io.BytesIO object at 0x0000018E0022AA40>,0.6805281043052673,0.34386032819747925,-0.18931083381175995,576875,2,3,True,Right,Front,Left,Centre,69
<_io.BytesIO object at 0x0000018E0022A130>,0.6582968831062317,0.42877137660980225,-0.17694050073623657,576875,2,3,True,Right,Front,Left,Centre,69
<_io.BytesIO object at 0x0000018E0022A590>,0.6838603615760803,0.39689043164253235,-0.10272820293903351,576875,2,3,True,Right,Front,Left,Centre,69
<_io.BytesIO object at 0x0000018E0020FB80>,0.7128481268882751,0.3492010533809662,-0.16604755818843842,576875,2,3,True,Right,Front,Left,Centre,69
<_io.BytesIO object at 0x0000018E0020F8B0>,0.7032421231269836,0.3410298526287079,-0.1277959942817688,576875,2,3,True,Right,Front,Left,Centre,69
<_io.BytesIO object at 0x0000018E0022EF40>,0.24302352964878082,0.0933166965842247,-0.17223970592021942,576876,2,3,True,Right,Front,Left,Centre,69
<_io.BytesIO object at 0x0000018E00209310>,0.2694632112979889,0.08946701884269714,-0.13712377846240997,576876,2,3,True,Right,Front,Left,Centre,69
<_io.BytesIO object at 0x0000018E00209590>,0.20220349729061127,0.1035643070936203,-0.08000770211219788,576876,2,3,True,Right,Front,Left,Centre,69
<_io.BytesIO object at 0x0000018E002099F0>,0.16879072785377502,0.05561503767967224,-0.1392117738723755,576876,2,3,True,Right,Front,Left,Centre,69
<_io.BytesIO object at 0x0000018E00209630>,0.22087730467319489,0.05805656313896179,-0.17239169776439667,576876,2,3,True,Right,Front,Left,Centre,69
<_io.BytesIO object at 0x0000018E00209220>,0.6805281043052673,0.34386032819747925,-0.18931083381175995,576876,2,3,True,Right,Front,Left,Centre,69
<_io.BytesIO object at 0x0000018E002097C0>,0.6582968831062317,0.42877137660980225,-0.17694050073623657,576876,2,3,True,Right,Front,Left,Centre,69
<_io.BytesIO object at 0x0000018E0020BD10>,0.6838603615760803,0.39689043164253235,-0.10272820293903351,576876,2,3,True,Right,Front,Left,Centre,69
<_io.BytesIO object at 0x0000018E0020B360>,0.7128481268882751,0.3492010533809662,-0.16604755818843842,576876,2,3,True,Right,Front,Left,Centre,69
<_io.BytesIO object at 0x0000018E0020BEA0>,0.7032421231269836,0.3410298526287079,-0.1277959942817688,576876,2,3,True,Right,Front,Left,Centre,69
<_io.BytesIO object at 0x0000018E001930E0>,0.24302352964878082,0.0933166965842247,-0.17223970592021942,576877,2,3,True,Right,Front,Left,Centre,69
<_io.BytesIO object at 0x0000018E00193590>,0.2694632112979889,0.08946701884269714,-0.13712377846240997,576877,2,3,True,Right,Front,Left,Centre,69
<_io.BytesIO object at 0x0000018E00193D10>,0.20220349729061127,0.1035643070936203,-0.08000770211219788,576877,2,3,True,Right,Front,Left,Centre,69
<_io.BytesIO object at 0x0000018E00193CC0>,0.16879072785377502,0.05561503767967224,-0.1392117738723755,576877,2,3,True,Right,Front,Left,Centre,69
<_io.BytesIO object at 0x0000018E001934A0>,0.22087730467319489,0.05805656313896179,-0.17239169776439667,576877,2,3,True,Right,Front,Left,Centre,69
<_io.BytesIO object at 0x0000018E00239B80>,0.6805281043052673,0.34386032819747925,-0.18931083381175995,576877,2,3,True,Right,Front,Left,Centre,69
<_io.BytesIO object at 0x0000018E00239BD0>,0.6582968831062317,0.42877137660980225,-0.17694050073623657,576877,2,3,True,Right,Front,Left,Centre,69
<_io.BytesIO object at 0x0000018E002398B0>,0.6838603615760803,0.39689043164253235,-0.10272820293903351,576877,2,3,True,Right,Front,Left,Centre,69
<_io.BytesIO object at 0x0000018E00239770>,0.7128481268882751,0.3492010533809662,-0.16604755818843842,576877,2,3,True,Right,Front,Left,Centre,69
<_io.BytesIO object at 0x0000018E002394A0>,0.7032421231269836,0.3410298526287079,-0.1277959942817688,576877,2,3,True,Right,Front,Left,Centre,69
<_io.BytesIO object at 0x0000018E00193770>,0.24302352964878082,0.0933166965842247,-0.17223970592021942,576878,2,3,True,Right,Front,Left,Centre,69
<_io.BytesIO object at 0x0000018E00158F90>,0.2694632112979889,0.08946701884269714,-0.13712377846240997,576878,2,3,True,Right,Front,Left,Centre,69
<_io.BytesIO object at 0x0000018E00158220>,0.20220349729061127,0.1035643070936203,-0.08000770211219788,576878,2,3,True,Right,Front,Left,Centre,69
<_io.BytesIO object at 0x0000018E00158B30>,0.16879072785377502,0.05561503767967224,-0.1392117738723755,576878,2,3,True,Right,Front,Left,Centre,69
<_io.BytesIO object at 0x0000018E00158720>,0.22087730467319489,0.05805656313896179,-0.17239169776439667,576878,2,3,True,Right,Front,Left,Centre,69
<_io.BytesIO object at 0x0000018E00158590>,0.6805281043052673,0.34386032819747925,-0.18931083381175995,576878,2,3,True,Right,Front,Left,Centre,69
<_io.BytesIO object at 0x0000018E001584F0>,0.6582968831062317,0.42877137660980225,-0.17694050073623657,576878,2,3,True,Right,Front,Left,Centre,69
<_io.BytesIO object at 0x0000018E0020B9F0>,0.6838603615760803,0.39689043164253235,-0.10272820293903351,576878,2,3,True,Right,Front,Left,Centre,69
<_io.BytesIO object at 0x0000018E0020BA40>,0.7128481268882751,0.3492010533809662,-0.16604755818843842,576878,2,3,True,Right,Front,Left,Centre,69
<_io.BytesIO object at 0x0000018E0020B270>,0.7032421231269836,0.3410298526287079,-0.1277959942817688,576878,2,3,True,Right,Front,Left,Centre,69
<_io.BytesIO object at 0x0000018E002095E0>,0.24302352964878082,0.0933166965842247,-0.17223970592021942,576879,2,3,True,Right,Front,Left,Centre,69
<_io.BytesIO object at 0x0000018E0020FDB0>,0.2694632112979889,0.08946701884269714,-0.13712377846240997,576879,2,3,True,Right,Front,Left,Centre,69
<_io.BytesIO object at 0x0000018E0020F7C0>,0.20220349729061127,0.1035643070936203,-0.08000770211219788,576879,2,3,True,Right,Front,Left,Centre,69
<_io.BytesIO object at 0x0000018E0020F630>,0.16879072785377502,0.05561503767967224,-0.1392117738723755,576879,2,3,True,Right,Front,Left,Centre,69
<_io.BytesIO object at 0x0000018E0020F5E0>,0.22087730467319489,0.05805656313896179,-0.17239169776439667,576879,2,3,True,Right,Front,Left,Centre,69
<_io.BytesIO object at 0x0000018E0022AEA0>,0.6805281043052673,0.34386032819747925,-0.18931083381175995,576879,2,3,True,Right,Front,Left,Centre,69
<_io.BytesIO object at 0x0000018E0022AA90>,0.6582968831062317,0.42877137660980225,-0.17694050073623657,576879,2,3,True,Right,Front,Left,Centre,69
<_io.BytesIO object at 0x0000018E0022A860>,0.6838603615760803,0.39689043164253235,-0.10272820293903351,576879,2,3,True,Right,Front,Left,Centre,69
<_io.BytesIO object at 0x0000018E0022AA40>,0.7128481268882751,0.3492010533809662,-0.16604755818843842,576879,2,3,True,Right,Front,Left,Centre,69
<_io.BytesIO object at 0x0000018E0022A950>,0.7032421231269836,0.3410298526287079,-0.1277959942817688,576879,2,3,True,Right,Front,Left,Centre,69
<_io.BytesIO object at 0x0000018E0013E770>,0.24302352964878082,0.0933166965842247,-0.17223970592021942,576880,2,3,True,Right,Front,Left,Centre,69
<_io.BytesIO object at 0x0000018E0013E220>,0.2694632112979889,0.08946701884269714,-0.13712377846240997,576880,2,3,True,Right,Front,Left,Centre,69
<_io.BytesIO object at 0x0000018E0013E400>,0.20220349729061127,0.1035643070936203,-0.08000770211219788,576880,2,3,True,Right,Front,Left,Centre,69
<_io.BytesIO object at 0x0000018E0006A9A0>,0.16879072785377502,0.05561503767967224,-0.1392117738723755,576880,2,3,True,Right,Front,Left,Centre,69
<_io.BytesIO object at 0x0000018E0006A5E0>,0.22087730467319489,0.05805656313896179,-0.17239169776439667,576880,2,3,True,Right,Front,Left,Centre,69
<_io.BytesIO object at 0x0000018E0006AB30>,0.6805281043052673,0.34386032819747925,-0.18931083381175995,576880,2,3,True,Right,Front,Left,Centre,69
<_io.BytesIO object at 0x0000018E0006A180>,0.6582968831062317,0.42877137660980225,-0.17694050073623657,576880,2,3,True,Right,Front,Left,Centre,69
<_io.BytesIO object at 0x0000018E0006A400>,0.6838603615760803,0.39689043164253235,-0.10272820293903351,576880,2,3,True,Right,Front,Left,Centre,69
<_io.BytesIO object at 0x0000018E0006AA90>,0.7128481268882751,0.3492010533809662,-0.16604755818843842,576880,2,3,True,Right,Front,Left,Centre,69
<_io.BytesIO object at 0x0000018E0006AEA0>,0.7032421231269836,0.3410298526287079,-0.1277959942817688,576880,2,3,True,Right,Front,Left,Centre,69
<_io.BytesIO object at 0x0000018E0022E950>,0.24302352964878082,0.0933166965842247,-0.17223970592021942,576881,2,3,True,Right,Front,Left,Centre,69
<_io.BytesIO object at 0x0000018E0022E130>,0.2694632112979889,0.08946701884269714,-0.13712377846240997,576881,2,3,True,Right,Front,Left,Centre,69
<_io.BytesIO object at 0x0000018E0022E450>,0.20220349729061127,0.1035643070936203,-0.08000770211219788,576881,2,3,True,Right,Front,Left,Centre,69
<_io.BytesIO object at 0x0000018E00146BD0>,0.16879072785377502,0.05561503767967224,-0.1392117738723755,576881,2,3,True,Right,Front,Left,Centre,69
<_io.BytesIO object at 0x0000018E00146D10>,0.22087730467319489,0.05805656313896179,-0.17239169776439667,576881,2,3,True,Right,Front,Left,Centre,69
<_io.BytesIO object at 0x0000018E00146C70>,0.6805281043052673,0.34386032819747925,-0.18931083381175995,576881,2,3,True,Right,Front,Left,Centre,69
<_io.BytesIO object at 0x0000018E00146720>,0.6582968831062317,0.42877137660980225,-0.17694050073623657,576881,2,3,True,Right,Front,Left,Centre,69
<_io.BytesIO object at 0x0000018E001467C0>,0.6838603615760803,0.39689043164253235,-0.10272820293903351,576881,2,3,True,Right,Front,Left,Centre,69
<_io.BytesIO object at 0x0000018E00146810>,0.7128481268882751,0.3492010533809662,-0.16604755818843842,576881,2,3,True,Right,Front,Left,Centre,69
<_io.BytesIO object at 0x0000018E00146270>,0.7032421231269836,0.3410298526287079,-0.1277959942817688,576881,2,3,True,Right,Front,Left,Centre,69
<_io.BytesIO object at 0x0000018E0022E400>,0.24302352964878082,0.0933166965842247,-0.17223970592021942,576882,2,3,True,Right,Front,Left,Centre,69
<_io.BytesIO object at 0x0000018E0022EEA0>,0.2694632112979889,0.08946701884269714,-0.13712377846240997,576882,2,3,True,Right,Front,Left,Centre,69
<_io.BytesIO object at 0x0000018E0022EB80>,0.20220349729061127,0.1035643070936203,-0.08000770211219788,576882,2,3,True,Right,Front,Left,Centre,69
<_io.BytesIO object at 0x0000018E0022EA40>,0.16879072785377502,0.05561503767967224,-0.1392117738723755,576882,2,3,True,Right,Front,Left,Centre,69
<_io.BytesIO object at 0x0000018E782C5590>,0.22087730467319489,0.05805656313896179,-0.17239169776439667,576882,2,3,True,Right,Front,Left,Centre,69
<_io.BytesIO object at 0x0000018E782C55E0>,0.6805281043052673,0.34386032819747925,-0.18931083381175995,576882,2,3,True,Right,Front,Left,Centre,69
<_io.BytesIO object at 0x0000018E782C5130>,0.6582968831062317,0.42877137660980225,-0.17694050073623657,576882,2,3,True,Right,Front,Left,Centre,69
<_io.BytesIO object at 0x0000018E002AC360>,0.6838603615760803,0.39689043164253235,-0.10272820293903351,576882,2,3,True,Right,Front,Left,Centre,69
<_io.BytesIO object at 0x0000018E002AC4A0>,0.7128481268882751,0.3492010533809662,-0.16604755818843842,576882,2,3,True,Right,Front,Left,Centre,69
<_io.BytesIO object at 0x0000018E002AC2C0>,0.7032421231269836,0.3410298526287079,-0.1277959942817688,576882,2,3,True,Right,Front,Left,Centre,69
<_io.BytesIO object at 0x0000018E0022A180>,0.24302352964878082,0.0933166965842247,-0.17223970592021942,576883,2,3,True,Right,Front,Left,Centre,69
<_io.BytesIO object at 0x0000018E0022A7C0>,0.2694632112979889,0.08946701884269714,-0.13712377846240997,576883,2,3,True,Right,Front,Left,Centre,69
<_io.BytesIO object at 0x0000018E0022A5E0>,0.20220349729061127,0.1035643070936203,-0.08000770211219788,576883,2,3,True,Right,Front,Left,Centre,69
<_io.BytesIO object at 0x0000018E0022AE00>,0.16879072785377502,0.05561503767967224,-0.1392117738723755,576883,2,3,True,Right,Front,Left,Centre,69
<_io.BytesIO object at 0x0000018E0020F540>,0.22087730467319489,0.05805656313896179,-0.17239169776439667,576883,2,3,True,Right,Front,Left,Centre,69
<_io.BytesIO object at 0x0000018E0020F590>,0.6805281043052673,0.34386032819747925,-0.18931083381175995,576883,2,3,True,Right,Front,Left,Centre,69
<_io.BytesIO object at 0x0000018E0020F630>,0.6582968831062317,0.42877137660980225,-0.17694050073623657,576883,2,3,True,Right,Front,Left,Centre,69
<_io.BytesIO object at 0x0000018E0020F360>,0.6838603615760803,0.39689043164253235,-0.10272820293903351,576883,2,3,True,Right,Front,Left,Centre,69
<_io.BytesIO object at 0x0000018E0020FA90>,0.7128481268882751,0.3492010533809662,-0.16604755818843842,576883,2,3,True,Right,Front,Left,Centre,69
<_io.BytesIO object at 0x0000018E0020F680>,0.7032421231269836,0.3410298526287079,-0.1277959942817688,576883,2,3,True,Right,Front,Left,Centre,69
<_io.BytesIO object at 0x0000018E0020B810>,0.24302352964878082,0.0933166965842247,-0.17223970592021942,576884,2,3,True,Right,Front,Left,Centre,69
<_io.BytesIO object at 0x0000018E0020B860>,0.2694632112979889,0.08946701884269714,-0.13712377846240997,576884,2,3,True,Right,Front,Left,Centre,69
<_io.BytesIO object at 0x0000018E0020BC20>,0.20220349729061127,0.1035643070936203,-0.08000770211219788,576884,2,3,True,Right,Front,Left,Centre,69
<_io.BytesIO object at 0x0000018E00158950>,0.16879072785377502,0.05561503767967224,-0.1392117738723755,576884,2,3,True,Right,Front,Left,Centre,69
<_io.BytesIO object at 0x0000018E001588B0>,0.22087730467319489,0.05805656313896179,-0.17239169776439667,576884,2,3,True,Right,Front,Left,Centre,69
<_io.BytesIO object at 0x0000018E00158720>,0.6805281043052673,0.34386032819747925,-0.18931083381175995,576884,2,3,True,Right,Front,Left,Centre,69
<_io.BytesIO object at 0x0000018E00158180>,0.6582968831062317,0.42877137660980225,-0.17694050073623657,576884,2,3,True,Right,Front,Left,Centre,69
<_io.BytesIO object at 0x0000018E00158310>,0.6838603615760803,0.39689043164253235,-0.10272820293903351,576884,2,3,True,Right,Front,Left,Centre,69
<_io.BytesIO object at 0x0000018E001583B0>,0.7128481268882751,0.3492010533809662,-0.16604755818843842,576884,2,3,True,Right,Front,Left,Centre,69
<_io.BytesIO object at 0x0000018E001582C0>,0.7032421231269836,0.3410298526287079,-0.1277959942817688,576884,2,3,True,Right,Front,Left,Centre,69
<_io.BytesIO object at 0x0000018E0006AC20>,0.24302352964878082,0.0933166965842247,-0.17223970592021942,576885,2,3,True,Right,Front,Left,Centre,69
<_io.BytesIO object at 0x0000018E002394A0>,0.2694632112979889,0.08946701884269714,-0.13712377846240997,576885,2,3,True,Right,Front,Left,Centre,69
<_io.BytesIO object at 0x0000018E00239C20>,0.20220349729061127,0.1035643070936203,-0.08000770211219788,576885,2,3,True,Right,Front,Left,Centre,69
<_io.BytesIO object at 0x0000018E00239180>,0.16879072785377502,0.05561503767967224,-0.1392117738723755,576885,2,3,True,Right,Front,Left,Centre,69
<_io.BytesIO object at 0x0000018E00239950>,0.22087730467319489,0.05805656313896179,-0.17239169776439667,576885,2,3,True,Right,Front,Left,Centre,69
<_io.BytesIO object at 0x0000018E002394F0>,0.6805281043052673,0.34386032819747925,-0.18931083381175995,576885,2,3,True,Right,Front,Left,Centre,69
<_io.BytesIO object at 0x0000018E00239F90>,0.6582968831062317,0.42877137660980225,-0.17694050073623657,576885,2,3,True,Right,Front,Left,Centre,69
<_io.BytesIO object at 0x0000018E00239F40>,0.6838603615760803,0.39689043164253235,-0.10272820293903351,576885,2,3,True,Right,Front,Left,Centre,69
<_io.BytesIO object at 0x0000018E0013E270>,0.7128481268882751,0.3492010533809662,-0.16604755818843842,576885,2,3,True,Right,Front,Left,Centre,69
<_io.BytesIO object at 0x0000018E0013E9F0>,0.7032421231269836,0.3410298526287079,-0.1277959942817688,576885,2,3,True,Right,Front,Left,Centre,69
<_io.BytesIO object at 0x0000018E0013E4A0>,0.24302352964878082,0.0933166965842247,-0.17223970592021942,576886,2,3,True,Right,Front,Left,Centre,69
<_io.BytesIO object at 0x0000018E0013EC20>,0.2694632112979889,0.08946701884269714,-0.13712377846240997,576886,2,3,True,Right,Front,Left,Centre,69
<_io.BytesIO object at 0x0000018E0013E400>,0.20220349729061127,0.1035643070936203,-0.08000770211219788,576886,2,3,True,Right,Front,Left,Centre,69
<_io.BytesIO object at 0x0000018E00239EF0>,0.16879072785377502,0.05561503767967224,-0.1392117738723755,576886,2,3,True,Right,Front,Left,Centre,69
<_io.BytesIO object at 0x0000018E002391D0>,0.22087730467319489,0.05805656313896179,-0.17239169776439667,576886,2,3,True,Right,Front,Left,Centre,69
<_io.BytesIO object at 0x0000018E00239950>,0.6805281043052673,0.34386032819747925,-0.18931083381175995,576886,2,3,True,Right,Front,Left,Centre,69
<_io.BytesIO object at 0x0000018E00239900>,0.6582968831062317,0.42877137660980225,-0.17694050073623657,576886,2,3,True,Right,Front,Left,Centre,69
<_io.BytesIO object at 0x0000018E00239CC0>,0.6838603615760803,0.39689043164253235,-0.10272820293903351,576886,2,3,True,Right,Front,Left,Centre,69
<_io.BytesIO object at 0x0000018E00239BD0>,0.7128481268882751,0.3492010533809662,-0.16604755818843842,576886,2,3,True,Right,Front,Left,Centre,69
<_io.BytesIO object at 0x0000018E00239770>,0.7032421231269836,0.3410298526287079,-0.1277959942817688,576886,2,3,True,Right,Front,Left,Centre,69
<_io.BytesIO object at 0x0000018E00193EF0>,0.24302352964878082,0.0933166965842247,-0.17223970592021942,576887,2,3,True,Right,Front,Left,Centre,69
<_io.BytesIO object at 0x0000018E001586D0>,0.2694632112979889,0.08946701884269714,-0.13712377846240997,576887,2,3,True,Right,Front,Left,Centre,69
<_io.BytesIO object at 0x0000018E00158090>,0.20220349729061127,0.1035643070936203,-0.08000770211219788,576887,2,3,True,Right,Front,Left,Centre,69
<_io.BytesIO object at 0x0000018E001587C0>,0.16879072785377502,0.05561503767967224,-0.1392117738723755,576887,2,3,True,Right,Front,Left,Centre,69
<_io.BytesIO object at 0x0000018E001581D0>,0.22087730467319489,0.05805656313896179,-0.17239169776439667,576887,2,3,True,Right,Front,Left,Centre,69
<_io.BytesIO object at 0x0000018E00158950>,0.6805281043052673,0.34386032819747925,-0.18931083381175995,576887,2,3,True,Right,Front,Left,Centre,69
<_io.BytesIO object at 0x0000018E0020BA40>,0.6582968831062317,0.42877137660980225,-0.17694050073623657,576887,2,3,True,Right,Front,Left,Centre,69
<_io.BytesIO object at 0x0000018E0020B950>,0.6838603615760803,0.39689043164253235,-0.10272820293903351,576887,2,3,True,Right,Front,Left,Centre,69
<_io.BytesIO object at 0x0000018E0020B400>,0.7128481268882751,0.3492010533809662,-0.16604755818843842,576887,2,3,True,Right,Front,Left,Centre,69
<_io.BytesIO object at 0x0000018E0020B770>,0.7032421231269836,0.3410298526287079,-0.1277959942817688,576887,2,3,True,Right,Front,Left,Centre,69
<_io.BytesIO object at 0x0000018E0020FB80>,0.24302352964878082,0.0933166965842247,-0.17223970592021942,576888,2,3,True,Right,Front,Left,Centre,69
<_io.BytesIO object at 0x0000018E0020F680>,0.2694632112979889,0.08946701884269714,-0.13712377846240997,576888,2,3,True,Right,Front,Left,Centre,69
<_io.BytesIO object at 0x0000018E0020F090>,0.20220349729061127,0.1035643070936203,-0.08000770211219788,576888,2,3,True,Right,Front,Left,Centre,69
<_io.BytesIO object at 0x0000018E0020F590>,0.16879072785377502,0.05561503767967224,-0.1392117738723755,576888,2,3,True,Right,Front,Left,Centre,69
<_io.BytesIO object at 0x0000018E0020FEA0>,0.22087730467319489,0.05805656313896179,-0.17239169776439667,576888,2,3,True,Right,Front,Left,Centre,69
<_io.BytesIO object at 0x0000018E0022AB80>,0.6805281043052673,0.34386032819747925,-0.18931083381175995,576888,2,3,True,Right,Front,Left,Centre,69
<_io.BytesIO object at 0x0000018E0022A900>,0.6582968831062317,0.42877137660980225,-0.17694050073623657,576888,2,3,True,Right,Front,Left,Centre,69
<_io.BytesIO object at 0x0000018E0022A310>,0.6838603615760803,0.39689043164253235,-0.10272820293903351,576888,2,3,True,Right,Front,Left,Centre,69
<_io.BytesIO object at 0x0000018E0022A180>,0.7128481268882751,0.3492010533809662,-0.16604755818843842,576888,2,3,True,Right,Front,Left,Centre,69
<_io.BytesIO object at 0x0000018E0022A8B0>,0.7032421231269836,0.3410298526287079,-0.1277959942817688,576888,2,3,True,Right,Front,Left,Centre,69
<_io.BytesIO object at 0x0000018E002ACA90>,0.24302352964878082,0.0933166965842247,-0.17223970592021942,576889,2,3,True,Right,Front,Left,Centre,69
<_io.BytesIO object at 0x0000018E002AC3B0>,0.2694632112979889,0.08946701884269714,-0.13712377846240997,576889,2,3,True,Right,Front,Left,Centre,69
<_io.BytesIO object at 0x0000018E782C5180>,0.20220349729061127,0.1035643070936203,-0.08000770211219788,576889,2,3,True,Right,Front,Left,Centre,69
<_io.BytesIO object at 0x0000018E782C55E0>,0.16879072785377502,0.05561503767967224,-0.1392117738723755,576889,2,3,True,Right,Front,Left,Centre,69
<_io.BytesIO object at 0x0000018E782C58B0>,0.22087730467319489,0.05805656313896179,-0.17239169776439667,576889,2,3,True,Right,Front,Left,Centre,69
<_io.BytesIO object at 0x0000018E0022E630>,0.6805281043052673,0.34386032819747925,-0.18931083381175995,576889,2,3,True,Right,Front,Left,Centre,69
<_io.BytesIO object at 0x0000018E0022EA40>,0.6582968831062317,0.42877137660980225,-0.17694050073623657,576889,2,3,True,Right,Front,Left,Centre,69
<_io.BytesIO object at 0x0000018E0022E860>,0.6838603615760803,0.39689043164253235,-0.10272820293903351,576889,2,3,True,Right,Front,Left,Centre,69
<_io.BytesIO object at 0x0000018E0022EC70>,0.7128481268882751,0.3492010533809662,-0.16604755818843842,576889,2,3,True,Right,Front,Left,Centre,69
<_io.BytesIO object at 0x0000018E0022EC20>,0.7032421231269836,0.3410298526287079,-0.1277959942817688,576889,2,3,True,Right,Front,Left,Centre,69
<_io.BytesIO object at 0x0000018E00227AE0>,0.24302352964878082,0.0933166965842247,-0.17223970592021942,576890,2,3,True,Right,Front,Left,Centre,69
<_io.BytesIO object at 0x0000018E002271D0>,0.2694632112979889,0.08946701884269714,-0.13712377846240997,576890,2,3,True,Right,Front,Left,Centre,69
<_io.BytesIO object at 0x0000018E00227090>,0.20220349729061127,0.1035643070936203,-0.08000770211219788,576890,2,3,True,Right,Front,Left,Centre,69
<_io.BytesIO object at 0x0000018E00227BD0>,0.16879072785377502,0.05561503767967224,-0.1392117738723755,576890,2,3,True,Right,Front,Left,Centre,69
<_io.BytesIO object at 0x0000018E00227EF0>,0.22087730467319489,0.05805656313896179,-0.17239169776439667,576890,2,3,True,Right,Front,Left,Centre,69
<_io.BytesIO object at 0x0000018E00227DB0>,0.6805281043052673,0.34386032819747925,-0.18931083381175995,576890,2,3,True,Right,Front,Left,Centre,69
<_io.BytesIO object at 0x0000018E002274A0>,0.6582968831062317,0.42877137660980225,-0.17694050073623657,576890,2,3,True,Right,Front,Left,Centre,69
<_io.BytesIO object at 0x0000018E00227590>,0.6838603615760803,0.39689043164253235,-0.10272820293903351,576890,2,3,True,Right,Front,Left,Centre,69
<_io.BytesIO object at 0x0000018E00227860>,0.7128481268882751,0.3492010533809662,-0.16604755818843842,576890,2,3,True,Right,Front,Left,Centre,69
<_io.BytesIO object at 0x0000018E002273B0>,0.7032421231269836,0.3410298526287079,-0.1277959942817688,576890,2,3,True,Right,Front,Left,Centre,69
<_io.BytesIO object at 0x0000018E0022E680>,0.24302352964878082,0.0933166965842247,-0.17223970592021942,576891,2,3,True,Right,Front,Left,Centre,69
<_io.BytesIO object at 0x0000018E0022E9A0>,0.2694632112979889,0.08946701884269714,-0.13712377846240997,576891,2,3,True,Right,Front,Left,Centre,69
<_io.BytesIO object at 0x0000018E782C50E0>,0.20220349729061127,0.1035643070936203,-0.08000770211219788,576891,2,3,True,Right,Front,Left,Centre,69
<_io.BytesIO object at 0x0000018E782C5180>,0.16879072785377502,0.05561503767967224,-0.1392117738723755,576891,2,3,True,Right,Front,Left,Centre,69
<_io.BytesIO object at 0x0000018E002AC7C0>,0.22087730467319489,0.05805656313896179,-0.17239169776439667,576891,2,3,True,Right,Front,Left,Centre,69
<_io.BytesIO object at 0x0000018E002ACA90>,0.6805281043052673,0.34386032819747925,-0.18931083381175995,576891,2,3,True,Right,Front,Left,Centre,69
<_io.BytesIO object at 0x0000018E002ACF40>,0.6582968831062317,0.42877137660980225,-0.17694050073623657,576891,2,3,True,Right,Front,Left,Centre,69
<_io.BytesIO object at 0x0000018E002AC0E0>,0.6838603615760803,0.39689043164253235,-0.10272820293903351,576891,2,3,True,Right,Front,Left,Centre,69
<_io.BytesIO object at 0x0000018E002ACEF0>,0.7128481268882751,0.3492010533809662,-0.16604755818843842,576891,2,3,True,Right,Front,Left,Centre,69
<_io.BytesIO object at 0x0000018E002AC630>,0.7032421231269836,0.3410298526287079,-0.1277959942817688,576891,2,3,True,Right,Front,Left,Centre,69
<_io.BytesIO object at 0x0000018E0022AAE0>,0.24302352964878082,0.0933166965842247,-0.17223970592021942,576892,2,3,True,Right,Front,Left,Centre,69
<_io.BytesIO object at 0x0000018E0022A130>,0.2694632112979889,0.08946701884269714,-0.13712377846240997,576892,2,3,True,Right,Front,Left,Centre,69
<_io.BytesIO object at 0x0000018E00209130>,0.20220349729061127,0.1035643070936203,-0.08000770211219788,576892,2,3,True,Right,Front,Left,Centre,69
<_io.BytesIO object at 0x0000018E00209310>,0.16879072785377502,0.05561503767967224,-0.1392117738723755,576892,2,3,True,Right,Front,Left,Centre,69
<_io.BytesIO object at 0x0000018E00209630>,0.22087730467319489,0.05805656313896179,-0.17239169776439667,576892,2,3,True,Right,Front,Left,Centre,69
<_io.BytesIO object at 0x0000018E00209D10>,0.6805281043052673,0.34386032819747925,-0.18931083381175995,576892,2,3,True,Right,Front,Left,Centre,69
<_io.BytesIO object at 0x0000018E00209090>,0.6582968831062317,0.42877137660980225,-0.17694050073623657,576892,2,3,True,Right,Front,Left,Centre,69
<_io.BytesIO object at 0x0000018E00209F40>,0.6838603615760803,0.39689043164253235,-0.10272820293903351,576892,2,3,True,Right,Front,Left,Centre,69
<_io.BytesIO object at 0x0000018E00209180>,0.7128481268882751,0.3492010533809662,-0.16604755818843842,576892,2,3,True,Right,Front,Left,Centre,69
<_io.BytesIO object at 0x0000018E00209900>,0.7032421231269836,0.3410298526287079,-0.1277959942817688,576892,2,3,True,Right,Front,Left,Centre,69
<_io.BytesIO object at 0x0000018E00158310>,0.24302352964878082,0.0933166965842247,-0.17223970592021942,576893,2,3,True,Right,Front,Left,Centre,69
<_io.BytesIO object at 0x0000018E001589F0>,0.2694632112979889,0.08946701884269714,-0.13712377846240997,576893,2,3,True,Right,Front,Left,Centre,69
<_io.BytesIO object at 0x0000018E00193270>,0.20220349729061127,0.1035643070936203,-0.08000770211219788,576893,2,3,True,Right,Front,Left,Centre,69
<_io.BytesIO object at 0x0000018E001939F0>,0.16879072785377502,0.05561503767967224,-0.1392117738723755,576893,2,3,True,Right,Front,Left,Centre,69
<_io.BytesIO object at 0x0000018E00193AE0>,0.22087730467319489,0.05805656313896179,-0.17239169776439667,576893,2,3,True,Right,Front,Left,Centre,69
<_io.BytesIO object at 0x0000018E00193130>,0.6805281043052673,0.34386032819747925,-0.18931083381175995,576893,2,3,True,Right,Front,Left,Centre,69
<_io.BytesIO object at 0x0000018E001936D0>,0.6582968831062317,0.42877137660980225,-0.17694050073623657,576893,2,3,True,Right,Front,Left,Centre,69
<_io.BytesIO object at 0x0000018E00193CC0>,0.6838603615760803,0.39689043164253235,-0.10272820293903351,576893,2,3,True,Right,Front,Left,Centre,69
<_io.BytesIO object at 0x0000018E00193040>,0.7128481268882751,0.3492010533809662,-0.16604755818843842,576893,2,3,True,Right,Front,Left,Centre,69
<_io.BytesIO object at 0x0000018E0020FEA0>,0.7032421231269836,0.3410298526287079,-0.1277959942817688,576893,2,3,True,Right,Front,Left,Centre,69
<_io.BytesIO object at 0x0000018E0006A950>,0.24302352964878082,0.0933166965842247,-0.17223970592021942,576894,2,3,True,Right,Front,Left,Centre,69
<_io.BytesIO object at 0x0000018E00239810>,0.2694632112979889,0.08946701884269714,-0.13712377846240997,576894,2,3,True,Right,Front,Left,Centre,69
<_io.BytesIO object at 0x0000018E00239400>,0.20220349729061127,0.1035643070936203,-0.08000770211219788,576894,2,3,True,Right,Front,Left,Centre,69
<_io.BytesIO object at 0x0000018E00239C20>,0.16879072785377502,0.05561503767967224,-0.1392117738723755,576894,2,3,True,Right,Front,Left,Centre,69
<_io.BytesIO object at 0x0000018E002396D0>,0.22087730467319489,0.05805656313896179,-0.17239169776439667,576894,2,3,True,Right,Front,Left,Centre,69
<_io.BytesIO object at 0x0000018E002391D0>,0.6805281043052673,0.34386032819747925,-0.18931083381175995,576894,2,3,True,Right,Front,Left,Centre,69
<_io.BytesIO object at 0x0000018E002390E0>,0.6582968831062317,0.42877137660980225,-0.17694050073623657,576894,2,3,True,Right,Front,Left,Centre,69
<_io.BytesIO object at 0x0000018E0013E220>,0.6838603615760803,0.39689043164253235,-0.10272820293903351,576894,2,3,True,Right,Front,Left,Centre,69
<_io.BytesIO object at 0x0000018E0013E270>,0.7128481268882751,0.3492010533809662,-0.16604755818843842,576894,2,3,True,Right,Front,Left,Centre,69
<_io.BytesIO object at 0x0000018E0013E4A0>,0.7032421231269836,0.3410298526287079,-0.1277959942817688,576894,2,3,True,Right,Front,Left,Centre,69
<_io.BytesIO object at 0x0000018E0006A7C0>,0.24302352964878082,0.0933166965842247,-0.17223970592021942,576895,2,3,True,Right,Front,Left,Centre,69
<_io.BytesIO object at 0x0000018E0006A180>,0.2694632112979889,0.08946701884269714,-0.13712377846240997,576895,2,3,True,Right,Front,Left,Centre,69
<_io.BytesIO object at 0x0000018E0006A860>,0.20220349729061127,0.1035643070936203,-0.08000770211219788,576895,2,3,True,Right,Front,Left,Centre,69
<_io.BytesIO object at 0x0000018E0020F860>,0.16879072785377502,0.05561503767967224,-0.1392117738723755,576895,2,3,True,Right,Front,Left,Centre,69
<_io.BytesIO object at 0x0000018E0020FD60>,0.22087730467319489,0.05805656313896179,-0.17239169776439667,576895,2,3,True,Right,Front,Left,Centre,69
<_io.BytesIO object at 0x0000018E0020F2C0>,0.6805281043052673,0.34386032819747925,-0.18931083381175995,576895,2,3,True,Right,Front,Left,Centre,69
<_io.BytesIO object at 0x0000018E0020F770>,0.6582968831062317,0.42877137660980225,-0.17694050073623657,576895,2,3,True,Right,Front,Left,Centre,69
<_io.BytesIO object at 0x0000018E0020F270>,0.6838603615760803,0.39689043164253235,-0.10272820293903351,576895,2,3,True,Right,Front,Left,Centre,69
<_io.BytesIO object at 0x0000018E0020FCC0>,0.7128481268882751,0.3492010533809662,-0.16604755818843842,576895,2,3,True,Right,Front,Left,Centre,69
<_io.BytesIO object at 0x0000018E0020F5E0>,0.7032421231269836,0.3410298526287079,-0.1277959942817688,576895,2,3,True,Right,Front,Left,Centre,69
<_io.BytesIO object at 0x0000018E0020B4A0>,0.24302352964878082,0.0933166965842247,-0.17223970592021942,576896,2,3,True,Right,Front,Left,Centre,69
<_io.BytesIO object at 0x0000018E0020BF40>,0.2694632112979889,0.08946701884269714,-0.13712377846240997,576896,2,3,True,Right,Front,Left,Centre,69
<_io.BytesIO object at 0x0000018E002094A0>,0.20220349729061127,0.1035643070936203,-0.08000770211219788,576896,2,3,True,Right,Front,Left,Centre,69
<_io.BytesIO object at 0x0000018E00209EF0>,0.16879072785377502,0.05561503767967224,-0.1392117738723755,576896,2,3,True,Right,Front,Left,Centre,69
<_io.BytesIO object at 0x0000018E00209270>,0.22087730467319489,0.05805656313896179,-0.17239169776439667,576896,2,3,True,Right,Front,Left,Centre,69
<_io.BytesIO object at 0x0000018E00209860>,0.6805281043052673,0.34386032819747925,-0.18931083381175995,576896,2,3,True,Right,Front,Left,Centre,69
<_io.BytesIO object at 0x0000018E00209D10>,0.6582968831062317,0.42877137660980225,-0.17694050073623657,576896,2,3,True,Right,Front,Left,Centre,69
<_io.BytesIO object at 0x0000018E00209DB0>,0.6838603615760803,0.39689043164253235,-0.10272820293903351,576896,2,3,True,Right,Front,Left,Centre,69
<_io.BytesIO object at 0x0000018E00209590>,0.7128481268882751,0.3492010533809662,-0.16604755818843842,576896,2,3,True,Right,Front,Left,Centre,69
<_io.BytesIO object at 0x0000018E0022AE00>,0.7032421231269836,0.3410298526287079,-0.1277959942817688,576896,2,3,True,Right,Front,Left,Centre,69
<_io.BytesIO object at 0x0000018E002035E0>,0.24302352964878082,0.0933166965842247,-0.17223970592021942,576897,2,3,True,Right,Front,Left,Centre,69
<_io.BytesIO object at 0x0000018E00203860>,0.2694632112979889,0.08946701884269714,-0.13712377846240997,576897,2,3,True,Right,Front,Left,Centre,69
<_io.BytesIO object at 0x0000018E002AC6D0>,0.20220349729061127,0.1035643070936203,-0.08000770211219788,576897,2,3,True,Right,Front,Left,Centre,69
<_io.BytesIO object at 0x0000018E002AC540>,0.16879072785377502,0.05561503767967224,-0.1392117738723755,576897,2,3,True,Right,Front,Left,Centre,69
<_io.BytesIO object at 0x0000018E002AC0E0>,0.22087730467319489,0.05805656313896179,-0.17239169776439667,576897,2,3,True,Right,Front,Left,Centre,69
<_io.BytesIO object at 0x0000018E002ACC70>,0.6805281043052673,0.34386032819747925,-0.18931083381175995,576897,2,3,True,Right,Front,Left,Centre,69
<_io.BytesIO object at 0x0000018E002AC810>,0.6582968831062317,0.42877137660980225,-0.17694050073623657,576897,2,3,True,Right,Front,Left,Centre,69
<_io.BytesIO object at 0x0000018E782C5310>,0.6838603615760803,0.39689043164253235,-0.10272820293903351,576897,2,3,True,Right,Front,Left,Centre,69
<_io.BytesIO object at 0x0000018E782C5130>,0.7128481268882751,0.3492010533809662,-0.16604755818843842,576897,2,3,True,Right,Front,Left,Centre,69
<_io.BytesIO object at 0x0000018E782C52C0>,0.7032421231269836,0.3410298526287079,-0.1277959942817688,576897,2,3,True,Right,Front,Left,Centre,69
<_io.BytesIO object at 0x0000018E00146860>,0.24302352964878082,0.0933166965842247,-0.17223970592021942,576898,2,3,True,Right,Front,Left,Centre,69
<_io.BytesIO object at 0x0000018E00146D60>,0.2694632112979889,0.08946701884269714,-0.13712377846240997,576898,2,3,True,Right,Front,Left,Centre,69
<_io.BytesIO object at 0x0000018E002279A0>,0.20220349729061127,0.1035643070936203,-0.08000770211219788,576898,2,3,True,Right,Front,Left,Centre,69
<_io.BytesIO object at 0x0000018E00227A40>,0.16879072785377502,0.05561503767967224,-0.1392117738723755,576898,2,3,True,Right,Front,Left,Centre,69
<_io.BytesIO object at 0x0000018E00227720>,0.22087730467319489,0.05805656313896179,-0.17239169776439667,576898,2,3,True,Right,Front,Left,Centre,69
<_io.BytesIO object at 0x0000018E00227CC0>,0.6805281043052673,0.34386032819747925,-0.18931083381175995,576898,2,3,True,Right,Front,Left,Centre,69
<_io.BytesIO object at 0x0000018E002272C0>,0.6582968831062317,0.42877137660980225,-0.17694050073623657,576898,2,3,True,Right,Front,Left,Centre,69
<_io.BytesIO object at 0x0000018E002274A0>,0.6838603615760803,0.39689043164253235,-0.10272820293903351,576898,2,3,True,Right,Front,Left,Centre,69
<_io.BytesIO object at 0x0000018E002278B0>,0.7128481268882751,0.3492010533809662,-0.16604755818843842,576898,2,3,True,Right,Front,Left,Centre,69
<_io.BytesIO object at 0x0000018E002275E0>,0.7032421231269836,0.3410298526287079,-0.1277959942817688,576898,2,3,True,Right,Front,Left,Centre,69
<_io.BytesIO object at 0x0000018E0013ED10>,0.24302352964878082,0.0933166965842247,-0.17223970592021942,576899,2,3,True,Right,Front,Left,Centre,69
<_io.BytesIO object at 0x0000018E0013ED60>,0.2694632112979889,0.08946701884269714,-0.13712377846240997,576899,2,3,True,Right,Front,Left,Centre,69
<_io.BytesIO object at 0x0000018E0013E6D0>,0.20220349729061127,0.1035643070936203,-0.08000770211219788,576899,2,3,True,Right,Front,Left,Centre,69
<_io.BytesIO object at 0x0000018E0013EB80>,0.16879072785377502,0.05561503767967224,-0.1392117738723755,576899,2,3,True,Right,Front,Left,Centre,69
<_io.BytesIO object at 0x0000018E0013E630>,0.22087730467319489,0.05805656313896179,-0.17239169776439667,576899,2,3,True,Right,Front,Left,Centre,69
<_io.BytesIO object at 0x0000018E0013E1D0>,0.6805281043052673,0.34386032819747925,-0.18931083381175995,576899,2,3,True,Right,Front,Left,Centre,69
<_io.BytesIO object at 0x0000018E0013E9A0>,0.6582968831062317,0.42877137660980225,-0.17694050073623657,576899,2,3,True,Right,Front,Left,Centre,69
<_io.BytesIO object at 0x0000018E001588B0>,0.6838603615760803,0.39689043164253235,-0.10272820293903351,576899,2,3,True,Right,Front,Left,Centre,69
<_io.BytesIO object at 0x0000018E00158950>,0.7128481268882751,0.3492010533809662,-0.16604755818843842,576899,2,3,True,Right,Front,Left,Centre,69
<_io.BytesIO object at 0x0000018E001581D0>,0.7032421231269836,0.3410298526287079,-0.1277959942817688,576899,2,3,True,Right,Front,Left,Centre,69
<_io.BytesIO object at 0x0000018E00146C20>,0.24302352964878082,0.0933166965842247,-0.17223970592021942,576900,2,3,True,Right,Front,Left,Centre,69
<_io.BytesIO object at 0x0000018E00146540>,0.2694632112979889,0.08946701884269714,-0.13712377846240997,576900,2,3,True,Right,Front,Left,Centre,69
<_io.BytesIO object at 0x0000018E00146270>,0.20220349729061127,0.1035643070936203,-0.08000770211219788,576900,2,3,True,Right,Front,Left,Centre,69
<_io.BytesIO object at 0x0000018E00146E50>,0.16879072785377502,0.05561503767967224,-0.1392117738723755,576900,2,3,True,Right,Front,Left,Centre,69
<_io.BytesIO object at 0x0000018E0022E450>,0.22087730467319489,0.05805656313896179,-0.17239169776439667,576900,2,3,True,Right,Front,Left,Centre,69
<_io.BytesIO object at 0x0000018E0022E220>,0.6805281043052673,0.34386032819747925,-0.18931083381175995,576900,2,3,True,Right,Front,Left,Centre,69
<_io.BytesIO object at 0x0000018E0022E360>,0.6582968831062317,0.42877137660980225,-0.17694050073623657,576900,2,3,True,Right,Front,Left,Centre,69
<_io.BytesIO object at 0x0000018E0022E310>,0.6838603615760803,0.39689043164253235,-0.10272820293903351,576900,2,3,True,Right,Front,Left,Centre,69
<_io.BytesIO object at 0x0000018E0022EEF0>,0.7128481268882751,0.3492010533809662,-0.16604755818843842,576900,2,3,True,Right,Front,Left,Centre,69
<_io.BytesIO object at 0x0000018E0022E5E0>,0.7032421231269836,0.3410298526287079,-0.1277959942817688,576900,2,3,True,Right,Front,Left,Centre,69
<_io.BytesIO object at 0x0000018E002ACDB0>,0.24302352964878082,0.0933166965842247,-0.17223970592021942,576901,2,3,True,Right,Front,Left,Centre,69
<_io.BytesIO object at 0x0000018E00203B80>,0.2694632112979889,0.08946701884269714,-0.13712377846240997,576901,2,3,True,Right,Front,Left,Centre,69
<_io.BytesIO object at 0x0000018E00203450>,0.20220349729061127,0.1035643070936203,-0.08000770211219788,576901,2,3,True,Right,Front,Left,Centre,69
<_io.BytesIO object at 0x0000018E00203770>,0.16879072785377502,0.05561503767967224,-0.1392117738723755,576901,2,3,True,Right,Front,Left,Centre,69
<_io.BytesIO object at 0x0000018E00203540>,0.22087730467319489,0.05805656313896179,-0.17239169776439667,576901,2,3,True,Right,Front,Left,Centre,69
<_io.BytesIO object at 0x0000018E00203E50>,0.6805281043052673,0.34386032819747925,-0.18931083381175995,576901,2,3,True,Right,Front,Left,Centre,69
<_io.BytesIO object at 0x0000018E0022A180>,0.6582968831062317,0.42877137660980225,-0.17694050073623657,576901,2,3,True,Right,Front,Left,Centre,69
<_io.BytesIO object at 0x0000018E0022A720>,0.6838603615760803,0.39689043164253235,-0.10272820293903351,576901,2,3,True,Right,Front,Left,Centre,69
<_io.BytesIO object at 0x0000018E0022A590>,0.7128481268882751,0.3492010533809662,-0.16604755818843842,576901,2,3,True,Right,Front,Left,Centre,69
<_io.BytesIO object at 0x0000018E0022AD10>,0.7032421231269836,0.3410298526287079,-0.1277959942817688,576901,2,3,True,Right,Front,Left,Centre,69
<_io.BytesIO object at 0x0000018E0020B2C0>,0.24302352964878082,0.0933166965842247,-0.17223970592021942,576902,2,3,True,Right,Front,Left,Centre,69
<_io.BytesIO object at 0x0000018E002090E0>,0.2694632112979889,0.08946701884269714,-0.13712377846240997,576902,2,3,True,Right,Front,Left,Centre,69
<_io.BytesIO object at 0x0000018E00209D60>,0.20220349729061127,0.1035643070936203,-0.08000770211219788,576902,2,3,True,Right,Front,Left,Centre,69
<_io.BytesIO object at 0x0000018E002094F0>,0.16879072785377502,0.05561503767967224,-0.1392117738723755,576902,2,3,True,Right,Front,Left,Centre,69
<_io.BytesIO object at 0x0000018E00209450>,0.22087730467319489,0.05805656313896179,-0.17239169776439667,576902,2,3,True,Right,Front,Left,Centre,69
<_io.BytesIO object at 0x0000018E002097C0>,0.6805281043052673,0.34386032819747925,-0.18931083381175995,576902,2,3,True,Right,Front,Left,Centre,69
<_io.BytesIO object at 0x0000018E00209400>,0.6582968831062317,0.42877137660980225,-0.17694050073623657,576902,2,3,True,Right,Front,Left,Centre,69
<_io.BytesIO object at 0x0000018E001935E0>,0.6838603615760803,0.39689043164253235,-0.10272820293903351,576902,2,3,True,Right,Front,Left,Centre,69
<_io.BytesIO object at 0x0000018E00193270>,0.7128481268882751,0.3492010533809662,-0.16604755818843842,576902,2,3,True,Right,Front,Left,Centre,69
<_io.BytesIO object at 0x0000018E001939F0>,0.7032421231269836,0.3410298526287079,-0.1277959942817688,576902,2,3,True,Right,Front,Left,Centre,69
<_io.BytesIO object at 0x0000018E0020F220>,0.24302352964878082,0.0933166965842247,-0.17223970592021942,576903,2,3,True,Right,Front,Left,Centre,69
<_io.BytesIO object at 0x0000018E0006A540>,0.2694632112979889,0.08946701884269714,-0.13712377846240997,576903,2,3,True,Right,Front,Left,Centre,69
<_io.BytesIO object at 0x0000018E0006AD60>,0.20220349729061127,0.1035643070936203,-0.08000770211219788,576903,2,3,True,Right,Front,Left,Centre,69
<_io.BytesIO object at 0x0000018E0006ACC0>,0.16879072785377502,0.05561503767967224,-0.1392117738723755,576903,2,3,True,Right,Front,Left,Centre,69
<_io.BytesIO object at 0x0000018E0006A3B0>,0.22087730467319489,0.05805656313896179,-0.17239169776439667,576903,2,3,True,Right,Front,Left,Centre,69
<_io.BytesIO object at 0x0000018E0006AEA0>,0.6805281043052673,0.34386032819747925,-0.18931083381175995,576903,2,3,True,Right,Front,Left,Centre,69
<_io.BytesIO object at 0x0000018E00239E00>,0.6582968831062317,0.42877137660980225,-0.17694050073623657,576903,2,3,True,Right,Front,Left,Centre,69
<_io.BytesIO object at 0x0000018E00239C20>,0.6838603615760803,0.39689043164253235,-0.10272820293903351,576903,2,3,True,Right,Front,Left,Centre,69
<_io.BytesIO object at 0x0000018E00239770>,0.7128481268882751,0.3492010533809662,-0.16604755818843842,576903,2,3,True,Right,Front,Left,Centre,69
<_io.BytesIO object at 0x0000018E00239BD0>,0.7032421231269836,0.3410298526287079,-0.1277959942817688,576903,2,3,True,Right,Front,Left,Centre,69
<_io.BytesIO object at 0x0000018E0022A2C0>,0.24302352964878082,0.0933166965842247,-0.17223970592021942,576904,2,3,True,Right,Front,Left,Centre,69
<_io.BytesIO object at 0x0000018E00203C70>,0.2694632112979889,0.08946701884269714,-0.13712377846240997,576904,2,3,True,Right,Front,Left,Centre,69
<_io.BytesIO object at 0x0000018E00203680>,0.20220349729061127,0.1035643070936203,-0.08000770211219788,576904,2,3,True,Right,Front,Left,Centre,69
<_io.BytesIO object at 0x0000018E00203D60>,0.16879072785377502,0.05561503767967224,-0.1392117738723755,576904,2,3,True,Right,Front,Left,Centre,69
<_io.BytesIO object at 0x0000018E00054400>,0.22087730467319489,0.05805656313896179,-0.17239169776439667,576904,2,3,True,Right,Front,Left,Centre,69
<_io.BytesIO object at 0x0000018E002AC8B0>,0.6805281043052673,0.34386032819747925,-0.18931083381175995,576904,2,3,True,Right,Front,Left,Centre,69
<_io.BytesIO object at 0x0000018E002AC040>,0.6582968831062317,0.42877137660980225,-0.17694050073623657,576904,2,3,True,Right,Front,Left,Centre,69
<_io.BytesIO object at 0x0000018E002ACE50>,0.6838603615760803,0.39689043164253235,-0.10272820293903351,576904,2,3,True,Right,Front,Left,Centre,69
<_io.BytesIO object at 0x0000018E002AC900>,0.7128481268882751,0.3492010533809662,-0.16604755818843842,576904,2,3,True,Right,Front,Left,Centre,69
<_io.BytesIO object at 0x0000018E002ACA90>,0.7032421231269836,0.3410298526287079,-0.1277959942817688,576904,2,3,True,Right,Front,Left,Centre,69
<_io.BytesIO object at 0x0000018E0022E130>,0.24302352964878082,0.0933166965842247,-0.17223970592021942,576905,2,3,True,Right,Front,Left,Centre,69
<_io.BytesIO object at 0x0000018E0022E630>,0.2694632112979889,0.08946701884269714,-0.13712377846240997,576905,2,3,True,Right,Front,Left,Centre,69
<_io.BytesIO object at 0x0000018E0022EE50>,0.20220349729061127,0.1035643070936203,-0.08000770211219788,576905,2,3,True,Right,Front,Left,Centre,69
<_io.BytesIO object at 0x0000018E0022ED60>,0.16879072785377502,0.05561503767967224,-0.1392117738723755,576905,2,3,True,Right,Front,Left,Centre,69
<_io.BytesIO object at 0x0000018E0022E450>,0.22087730467319489,0.05805656313896179,-0.17239169776439667,576905,2,3,True,Right,Front,Left,Centre,69
<_io.BytesIO object at 0x0000018E0013EE50>,0.6805281043052673,0.34386032819747925,-0.18931083381175995,576905,2,3,True,Right,Front,Left,Centre,69
<_io.BytesIO object at 0x0000018E0013EBD0>,0.6582968831062317,0.42877137660980225,-0.17694050073623657,576905,2,3,True,Right,Front,Left,Centre,69
<_io.BytesIO object at 0x0000018E0013EA40>,0.6838603615760803,0.39689043164253235,-0.10272820293903351,576905,2,3,True,Right,Front,Left,Centre,69
<_io.BytesIO object at 0x0000018E0013EDB0>,0.7128481268882751,0.3492010533809662,-0.16604755818843842,576905,2,3,True,Right,Front,Left,Centre,69
<_io.BytesIO object at 0x0000018E0013E6D0>,0.7032421231269836,0.3410298526287079,-0.1277959942817688,576905,2,3,True,Right,Front,Left,Centre,69
<_io.BytesIO object at 0x0000018E00209C70>,0.24302352964878082,0.0933166965842247,-0.17223970592021942,576906,2,3,True,Right,Front,Left,Centre,69
<_io.BytesIO object at 0x0000018E00209860>,0.2694632112979889,0.08946701884269714,-0.13712377846240997,576906,2,3,True,Right,Front,Left,Centre,69
<_io.BytesIO object at 0x0000018E00209130>,0.20220349729061127,0.1035643070936203,-0.08000770211219788,576906,2,3,True,Right,Front,Left,Centre,69
<_io.BytesIO object at 0x0000018E00209F40>,0.16879072785377502,0.05561503767967224,-0.1392117738723755,576906,2,3,True,Right,Front,Left,Centre,69
<_io.BytesIO object at 0x0000018E00193950>,0.22087730467319489,0.05805656313896179,-0.17239169776439667,576906,2,3,True,Right,Front,Left,Centre,69
<_io.BytesIO object at 0x0000018E001938B0>,0.6805281043052673,0.34386032819747925,-0.18931083381175995,576906,2,3,True,Right,Front,Left,Centre,69
<_io.BytesIO object at 0x0000018E00193360>,0.6582968831062317,0.42877137660980225,-0.17694050073623657,576906,2,3,True,Right,Front,Left,Centre,69
<_io.BytesIO object at 0x0000018E00193BD0>,0.6838603615760803,0.39689043164253235,-0.10272820293903351,576906,2,3,True,Right,Front,Left,Centre,69
<_io.BytesIO object at 0x0000018E00193AE0>,0.7128481268882751,0.3492010533809662,-0.16604755818843842,576906,2,3,True,Right,Front,Left,Centre,69
<_io.BytesIO object at 0x0000018E00193540>,0.7032421231269836,0.3410298526287079,-0.1277959942817688,576906,2,3,True,Right,Front,Left,Centre,69
<_io.BytesIO object at 0x0000018E0020B2C0>,0.24302352964878082,0.0933166965842247,-0.17223970592021942,576907,2,3,True,Right,Front,Left,Centre,69
<_io.BytesIO object at 0x0000018E0020B6D0>,0.2694632112979889,0.08946701884269714,-0.13712377846240997,576907,2,3,True,Right,Front,Left,Centre,69
<_io.BytesIO object at 0x0000018E0020BD10>,0.20220349729061127,0.1035643070936203,-0.08000770211219788,576907,2,3,True,Right,Front,Left,Centre,69
<_io.BytesIO object at 0x0000018E0020B540>,0.16879072785377502,0.05561503767967224,-0.1392117738723755,576907,2,3,True,Right,Front,Left,Centre,69
<_io.BytesIO object at 0x0000018E0020BDB0>,0.22087730467319489,0.05805656313896179,-0.17239169776439667,576907,2,3,True,Right,Front,Left,Centre,69
<_io.BytesIO object at 0x0000018E0020FB30>,0.6805281043052673,0.34386032819747925,-0.18931083381175995,576907,2,3,True,Right,Front,Left,Centre,69
<_io.BytesIO object at 0x0000018E0020F1D0>,0.6582968831062317,0.42877137660980225,-0.17694050073623657,576907,2,3,True,Right,Front,Left,Centre,69
<_io.BytesIO object at 0x0000018E0020F2C0>,0.6838603615760803,0.39689043164253235,-0.10272820293903351,576907,2,3,True,Right,Front,Left,Centre,69
<_io.BytesIO object at 0x0000018E0020F7C0>,0.7128481268882751,0.3492010533809662,-0.16604755818843842,576907,2,3,True,Right,Front,Left,Centre,69
<_io.BytesIO object at 0x0000018E0020FB80>,0.7032421231269836,0.3410298526287079,-0.1277959942817688,576907,2,3,True,Right,Front,Left,Centre,69
<_io.BytesIO object at 0x0000018E00239680>,0.24302352964878082,0.0933166965842247,-0.17223970592021942,576908,2,3,True,Right,Front,Left,Centre,69
<_io.BytesIO object at 0x0000018E00226450>,0.2694632112979889,0.08946701884269714,-0.13712377846240997,576908,2,3,True,Right,Front,Left,Centre,69
<_io.BytesIO object at 0x0000018E002268B0>,0.20220349729061127,0.1035643070936203,-0.08000770211219788,576908,2,3,True,Right,Front,Left,Centre,69
<_io.BytesIO object at 0x0000018E00226A90>,0.16879072785377502,0.05561503767967224,-0.1392117738723755,576908,2,3,True,Right,Front,Left,Centre,69
<_io.BytesIO object at 0x0000018E00239EA0>,0.22087730467319489,0.05805656313896179,-0.17239169776439667,576908,2,3,True,Right,Front,Left,Centre,69
<_io.BytesIO object at 0x0000018E002397C0>,0.6805281043052673,0.34386032819747925,-0.18931083381175995,576908,2,3,True,Right,Front,Left,Centre,69
<_io.BytesIO object at 0x0000018E002394A0>,0.6582968831062317,0.42877137660980225,-0.17694050073623657,576908,2,3,True,Right,Front,Left,Centre,69
<_io.BytesIO object at 0x0000018E00239A90>,0.6838603615760803,0.39689043164253235,-0.10272820293903351,576908,2,3,True,Right,Front,Left,Centre,69
<_io.BytesIO object at 0x0000018E00239810>,0.7128481268882751,0.3492010533809662,-0.16604755818843842,576908,2,3,True,Right,Front,Left,Centre,69
<_io.BytesIO object at 0x0000018E00239180>,0.7032421231269836,0.3410298526287079,-0.1277959942817688,576908,2,3,True,Right,Front,Left,Centre,69
<_io.BytesIO object at 0x0000018E0020B090>,0.24302352964878082,0.0933166965842247,-0.17223970592021942,576909,2,3,True,Right,Front,Left,Centre,69
<_io.BytesIO object at 0x0000018E0020B2C0>,0.2694632112979889,0.08946701884269714,-0.13712377846240997,576909,2,3,True,Right,Front,Left,Centre,69
<_io.BytesIO object at 0x0000018E0020BC20>,0.20220349729061127,0.1035643070936203,-0.08000770211219788,576909,2,3,True,Right,Front,Left,Centre,69
<_io.BytesIO object at 0x0000018E0020B7C0>,0.16879072785377502,0.05561503767967224,-0.1392117738723755,576909,2,3,True,Right,Front,Left,Centre,69
<_io.BytesIO object at 0x0000018E00146590>,0.22087730467319489,0.05805656313896179,-0.17239169776439667,576909,2,3,True,Right,Front,Left,Centre,69
<_io.BytesIO object at 0x0000018E00146E00>,0.6805281043052673,0.34386032819747925,-0.18931083381175995,576909,2,3,True,Right,Front,Left,Centre,69
<_io.BytesIO object at 0x0000018E00146AE0>,0.6582968831062317,0.42877137660980225,-0.17694050073623657,576909,2,3,True,Right,Front,Left,Centre,69
<_io.BytesIO object at 0x0000018E001464A0>,0.6838603615760803,0.39689043164253235,-0.10272820293903351,576909,2,3,True,Right,Front,Left,Centre,69
<_io.BytesIO object at 0x0000018E001469F0>,0.7128481268882751,0.3492010533809662,-0.16604755818843842,576909,2,3,True,Right,Front,Left,Centre,69
<_io.BytesIO object at 0x0000018E00146BD0>,0.7032421231269836,0.3410298526287079,-0.1277959942817688,576909,2,3,True,Right,Front,Left,Centre,69
<_io.BytesIO object at 0x0000018E00193720>,0.24302352964878082,0.0933166965842247,-0.17223970592021942,576910,2,3,True,Right,Front,Left,Centre,69
<_io.BytesIO object at 0x0000018E00209DB0>,0.2694632112979889,0.08946701884269714,-0.13712377846240997,576910,2,3,True,Right,Front,Left,Centre,69
<_io.BytesIO object at 0x0000018E00209810>,0.20220349729061127,0.1035643070936203,-0.08000770211219788,576910,2,3,True,Right,Front,Left,Centre,69
<_io.BytesIO object at 0x0000018E002099F0>,0.16879072785377502,0.05561503767967224,-0.1392117738723755,576910,2,3,True,Right,Front,Left,Centre,69
<_io.BytesIO object at 0x0000018E00209950>,0.22087730467319489,0.05805656313896179,-0.17239169776439667,576910,2,3,True,Right,Front,Left,Centre,69
<_io.BytesIO object at 0x0000018E0006A540>,0.6805281043052673,0.34386032819747925,-0.18931083381175995,576910,2,3,True,Right,Front,Left,Centre,69
<_io.BytesIO object at 0x0000018E0006AAE0>,0.6582968831062317,0.42877137660980225,-0.17694050073623657,576910,2,3,True,Right,Front,Left,Centre,69
<_io.BytesIO object at 0x0000018E0006ADB0>,0.6838603615760803,0.39689043164253235,-0.10272820293903351,576910,2,3,True,Right,Front,Left,Centre,69
<_io.BytesIO object at 0x0000018E0006AA90>,0.7128481268882751,0.3492010533809662,-0.16604755818843842,576910,2,3,True,Right,Front,Left,Centre,69
<_io.BytesIO object at 0x0000018E0006AB80>,0.7032421231269836,0.3410298526287079,-0.1277959942817688,576910,2,3,True,Right,Front,Left,Centre,69
<_io.BytesIO object at 0x0000018E00158630>,0.24302352964878082,0.0933166965842247,-0.17223970592021942,576911,2,3,True,Right,Front,Left,Centre,69
<_io.BytesIO object at 0x0000018E00158180>,0.2694632112979889,0.08946701884269714,-0.13712377846240997,576911,2,3,True,Right,Front,Left,Centre,69
<_io.BytesIO object at 0x0000018E00158540>,0.20220349729061127,0.1035643070936203,-0.08000770211219788,576911,2,3,True,Right,Front,Left,Centre,69
<_io.BytesIO object at 0x0000018E0004AC20>,0.16879072785377502,0.05561503767967224,-0.1392117738723755,576911,2,3,True,Right,Front,Left,Centre,69
<_io.BytesIO object at 0x0000018E0013EA90>,0.22087730467319489,0.05805656313896179,-0.17239169776439667,576911,2,3,True,Right,Front,Left,Centre,69
<_io.BytesIO object at 0x0000018E0013EF90>,0.6805281043052673,0.34386032819747925,-0.18931083381175995,576911,2,3,True,Right,Front,Left,Centre,69
<_io.BytesIO object at 0x0000018E0013E040>,0.6582968831062317,0.42877137660980225,-0.17694050073623657,576911,2,3,True,Right,Front,Left,Centre,69
<_io.BytesIO object at 0x0000018E0013E720>,0.6838603615760803,0.39689043164253235,-0.10272820293903351,576911,2,3,True,Right,Front,Left,Centre,69
<_io.BytesIO object at 0x0000018E0013E310>,0.7128481268882751,0.3492010533809662,-0.16604755818843842,576911,2,3,True,Right,Front,Left,Centre,69
<_io.BytesIO object at 0x0000018E0013E3B0>,0.7032421231269836,0.3410298526287079,-0.1277959942817688,576911,2,3,True,Right,Front,Left,Centre,69
<_io.BytesIO object at 0x0000018E002ACAE0>,0.24302352964878082,0.0933166965842247,-0.17223970592021942,576913,2,3,True,Right,Front,Left,Centre,69
<_io.BytesIO object at 0x0000018E00203810>,0.2694632112979889,0.08946701884269714,-0.13712377846240997,576913,2,3,True,Right,Front,Left,Centre,69
<_io.BytesIO object at 0x0000018E00203EF0>,0.20220349729061127,0.1035643070936203,-0.08000770211219788,576913,2,3,True,Right,Front,Left,Centre,69
<_io.BytesIO object at 0x0000018E002036D0>,0.16879072785377502,0.05561503767967224,-0.1392117738723755,576913,2,3,True,Right,Front,Left,Centre,69
<_io.BytesIO object at 0x0000018E00203C20>,0.22087730467319489,0.05805656313896179,-0.17239169776439667,576913,2,3,True,Right,Front,Left,Centre,69
<_io.BytesIO object at 0x0000018E0022A2C0>,0.6805281043052673,0.34386032819747925,-0.18931083381175995,576913,2,3,True,Right,Front,Left,Centre,69
<_io.BytesIO object at 0x0000018E0022A1D0>,0.6582968831062317,0.42877137660980225,-0.17694050073623657,576913,2,3,True,Right,Front,Left,Centre,69
<_io.BytesIO object at 0x0000018E0022A360>,0.6838603615760803,0.39689043164253235,-0.10272820293903351,576913,2,3,True,Right,Front,Left,Centre,69
<_io.BytesIO object at 0x0000018E0022A900>,0.7128481268882751,0.3492010533809662,-0.16604755818843842,576913,2,3,True,Right,Front,Left,Centre,69
<_io.BytesIO object at 0x0000018E0022A950>,0.7032421231269836,0.3410298526287079,-0.1277959942817688,576913,2,3,True,Right,Front,Left,Centre,69
<_io.BytesIO object at 0x0000018E0022A7C0>,0.24302352964878082,0.0933166965842247,-0.17223970592021942,576914,2,3,True,Right,Front,Left,Centre,69
<_io.BytesIO object at 0x0000018E0022A360>,0.2694632112979889,0.08946701884269714,-0.13712377846240997,576914,2,3,True,Right,Front,Left,Centre,69
<_io.BytesIO object at 0x0000018E00203A90>,0.20220349729061127,0.1035643070936203,-0.08000770211219788,576914,2,3,True,Right,Front,Left,Centre,69
<_io.BytesIO object at 0x0000018E002039A0>,0.16879072785377502,0.05561503767967224,-0.1392117738723755,576914,2,3,True,Right,Front,Left,Centre,69
<_io.BytesIO object at 0x0000018E00203EF0>,0.22087730467319489,0.05805656313896179,-0.17239169776439667,576914,2,3,True,Right,Front,Left,Centre,69
<_io.BytesIO object at 0x0000018E00203360>,0.6805281043052673,0.34386032819747925,-0.18931083381175995,576914,2,3,True,Right,Front,Left,Centre,69
<_io.BytesIO object at 0x0000018E002034F0>,0.6582968831062317,0.42877137660980225,-0.17694050073623657,576914,2,3,True,Right,Front,Left,Centre,69
<_io.BytesIO object at 0x0000018E002038B0>,0.6838603615760803,0.39689043164253235,-0.10272820293903351,576914,2,3,True,Right,Front,Left,Centre,69
<_io.BytesIO object at 0x0000018E00203400>,0.7128481268882751,0.3492010533809662,-0.16604755818843842,576914,2,3,True,Right,Front,Left,Centre,69
<_io.BytesIO object at 0x0000018E002ACC70>,0.7032421231269836,0.3410298526287079,-0.1277959942817688,576914,2,3,True,Right,Front,Left,Centre,69
<_io.BytesIO object at 0x0000018E0013EAE0>,0.24302352964878082,0.0933166965842247,-0.17223970592021942,576915,2,3,True,Right,Front,Left,Centre,69
<_io.BytesIO object at 0x0000018E0013E040>,0.2694632112979889,0.08946701884269714,-0.13712377846240997,576915,2,3,True,Right,Front,Left,Centre,69
<_io.BytesIO object at 0x0000018E0013E630>,0.20220349729061127,0.1035643070936203,-0.08000770211219788,576915,2,3,True,Right,Front,Left,Centre,69
<_io.BytesIO object at 0x0000018E00158EF0>,0.16879072785377502,0.05561503767967224,-0.1392117738723755,576915,2,3,True,Right,Front,Left,Centre,69
<_io.BytesIO object at 0x0000018E001583B0>,0.22087730467319489,0.05805656313896179,-0.17239169776439667,576915,2,3,True,Right,Front,Left,Centre,69
<_io.BytesIO object at 0x0000018E001587C0>,0.6805281043052673,0.34386032819747925,-0.18931083381175995,576915,2,3,True,Right,Front,Left,Centre,69
<_io.BytesIO object at 0x0000018E00158090>,0.6582968831062317,0.42877137660980225,-0.17694050073623657,576915,2,3,True,Right,Front,Left,Centre,69
<_io.BytesIO object at 0x0000018E00158680>,0.6838603615760803,0.39689043164253235,-0.10272820293903351,576915,2,3,True,Right,Front,Left,Centre,69
<_io.BytesIO object at 0x0000018E00158DB0>,0.7128481268882751,0.3492010533809662,-0.16604755818843842,576915,2,3,True,Right,Front,Left,Centre,69
<_io.BytesIO object at 0x0000018E00158C20>,0.7032421231269836,0.3410298526287079,-0.1277959942817688,576915,2,3,True,Right,Front,Left,Centre,69
<_io.BytesIO object at 0x0000018E00209B30>,0.24302352964878082,0.0933166965842247,-0.17223970592021942,576916,2,3,True,Right,Front,Left,Centre,69
<_io.BytesIO object at 0x0000018E00209D10>,0.2694632112979889,0.08946701884269714,-0.13712377846240997,576916,2,3,True,Right,Front,Left,Centre,69
<_io.BytesIO object at 0x0000018E001469A0>,0.20220349729061127,0.1035643070936203,-0.08000770211219788,576916,2,3,True,Right,Front,Left,Centre,69
<_io.BytesIO object at 0x0000018E00146270>,0.16879072785377502,0.05561503767967224,-0.1392117738723755,576916,2,3,True,Right,Front,Left,Centre,69
<_io.BytesIO object at 0x0000018E00146540>,0.22087730467319489,0.05805656313896179,-0.17239169776439667,576916,2,3,True,Right,Front,Left,Centre,69
<_io.BytesIO object at 0x0000018E001464A0>,0.6805281043052673,0.34386032819747925,-0.18931083381175995,576916,2,3,True,Right,Front,Left,Centre,69
<_io.BytesIO object at 0x0000018E00146180>,0.6582968831062317,0.42877137660980225,-0.17694050073623657,576916,2,3,True,Right,Front,Left,Centre,69
<_io.BytesIO object at 0x0000018E001467C0>,0.6838603615760803,0.39689043164253235,-0.10272820293903351,576916,2,3,True,Right,Front,Left,Centre,69
<_io.BytesIO object at 0x0000018E00146EF0>,0.7128481268882751,0.3492010533809662,-0.16604755818843842,576916,2,3,True,Right,Front,Left,Centre,69
<_io.BytesIO object at 0x0000018E0020B270>,0.7032421231269836,0.3410298526287079,-0.1277959942817688,576916,2,3,True,Right,Front,Left,Centre,69
<_io.BytesIO object at 0x0000018E0022E270>,0.24302352964878082,0.0933166965842247,-0.17223970592021942,576917,2,3,True,Right,Front,Left,Centre,69
<_io.BytesIO object at 0x0000018E0022E220>,0.2694632112979889,0.08946701884269714,-0.13712377846240997,576917,2,3,True,Right,Front,Left,Centre,69
<_io.BytesIO object at 0x0000018E0020F400>,0.20220349729061127,0.1035643070936203,-0.08000770211219788,576917,2,3,True,Right,Front,Left,Centre,69
<_io.BytesIO object at 0x0000018E0020FB30>,0.16879072785377502,0.05561503767967224,-0.1392117738723755,576917,2,3,True,Right,Front,Left,Centre,69
<_io.BytesIO object at 0x0000018E0020F130>,0.22087730467319489,0.05805656313896179,-0.17239169776439667,576917,2,3,True,Right,Front,Left,Centre,69
<_io.BytesIO object at 0x0000018E0020FC20>,0.6805281043052673,0.34386032819747925,-0.18931083381175995,576917,2,3,True,Right,Front,Left,Centre,69
<_io.BytesIO object at 0x0000018E0020F5E0>,0.6582968831062317,0.42877137660980225,-0.17694050073623657,576917,2,3,True,Right,Front,Left,Centre,69
<_io.BytesIO object at 0x0000018E0020F540>,0.6838603615760803,0.39689043164253235,-0.10272820293903351,576917,2,3,True,Right,Front,Left,Centre,69
<_io.BytesIO object at 0x0000018E0020F450>,0.7128481268882751,0.3492010533809662,-0.16604755818843842,576917,2,3,True,Right,Front,Left,Centre,69
<_io.BytesIO object at 0x0000018E0020FBD0>,0.7032421231269836,0.3410298526287079,-0.1277959942817688,576917,2,3,True,Right,Front,Left,Centre,69
<_io.BytesIO object at 0x0000018E00239D10>,0.24302352964878082,0.0933166965842247,-0.17223970592021942,576918,2,3,True,Right,Front,Left,Centre,69
<_io.BytesIO object at 0x0000018E00239360>,0.2694632112979889,0.08946701884269714,-0.13712377846240997,576918,2,3,True,Right,Front,Left,Centre,69
<_io.BytesIO object at 0x0000018E00239F40>,0.20220349729061127,0.1035643070936203,-0.08000770211219788,576918,2,3,True,Right,Front,Left,Centre,69
<_io.BytesIO object at 0x0000018E002264F0>,0.16879072785377502,0.05561503767967224,-0.1392117738723755,576918,2,3,True,Right,Front,Left,Centre,69
<_io.BytesIO object at 0x0000018E00226400>,0.22087730467319489,0.05805656313896179,-0.17239169776439667,576918,2,3,True,Right,Front,Left,Centre,69
<_io.BytesIO object at 0x0000018E002265E0>,0.6805281043052673,0.34386032819747925,-0.18931083381175995,576918,2,3,True,Right,Front,Left,Centre,69
<_io.BytesIO object at 0x0000018E00226B30>,0.6582968831062317,0.42877137660980225,-0.17694050073623657,576918,2,3,True,Right,Front,Left,Centre,69
<_io.BytesIO object at 0x0000018E00226770>,0.6838603615760803,0.39689043164253235,-0.10272820293903351,576918,2,3,True,Right,Front,Left,Centre,69
<_io.BytesIO object at 0x0000018E00226BD0>,0.7128481268882751,0.3492010533809662,-0.16604755818843842,576918,2,3,True,Right,Front,Left,Centre,69
<_io.BytesIO object at 0x0000018E00226DB0>,0.7032421231269836,0.3410298526287079,-0.1277959942817688,576918,2,3,True,Right,Front,Left,Centre,69
<_io.BytesIO object at 0x0000018E00193360>,0.24302352964878082,0.0933166965842247,-0.17223970592021942,576919,2,3,True,Right,Front,Left,Centre,69
<_io.BytesIO object at 0x0000018E00193CC0>,0.2694632112979889,0.08946701884269714,-0.13712377846240997,576919,2,3,True,Right,Front,Left,Centre,69
<_io.BytesIO object at 0x0000018E0020F4A0>,0.20220349729061127,0.1035643070936203,-0.08000770211219788,576919,2,3,True,Right,Front,Left,Centre,69
<_io.BytesIO object at 0x0000018E0020F090>,0.16879072785377502,0.05561503767967224,-0.1392117738723755,576919,2,3,True,Right,Front,Left,Centre,69
<_io.BytesIO object at 0x0000018E0020F270>,0.22087730467319489,0.05805656313896179,-0.17239169776439667,576919,2,3,True,Right,Front,Left,Centre,69
<_io.BytesIO object at 0x0000018E0020F2C0>,0.6805281043052673,0.34386032819747925,-0.18931083381175995,576919,2,3,True,Right,Front,Left,Centre,69
<_io.BytesIO object at 0x0000018E0020FB30>,0.6582968831062317,0.42877137660980225,-0.17694050073623657,576919,2,3,True,Right,Front,Left,Centre,69
<_io.BytesIO object at 0x0000018E0020F860>,0.6838603615760803,0.39689043164253235,-0.10272820293903351,576919,2,3,True,Right,Front,Left,Centre,69
<_io.BytesIO object at 0x0000018E0022E220>,0.7128481268882751,0.3492010533809662,-0.16604755818843842,576919,2,3,True,Right,Front,Left,Centre,69
<_io.BytesIO object at 0x0000018E0022E8B0>,0.7032421231269836,0.3410298526287079,-0.1277959942817688,576919,2,3,True,Right,Front,Left,Centre,69
<_io.BytesIO object at 0x0000018E0020B950>,0.24302352964878082,0.0933166965842247,-0.17223970592021942,576920,2,3,True,Right,Front,Left,Centre,69
<_io.BytesIO object at 0x0000018E0020B270>,0.2694632112979889,0.08946701884269714,-0.13712377846240997,576920,2,3,True,Right,Front,Left,Centre,69
<_io.BytesIO object at 0x0000018E00146EF0>,0.20220349729061127,0.1035643070936203,-0.08000770211219788,576920,2,3,True,Right,Front,Left,Centre,69
<_io.BytesIO object at 0x0000018E00146130>,0.16879072785377502,0.05561503767967224,-0.1392117738723755,576920,2,3,True,Right,Front,Left,Centre,69
<_io.BytesIO object at 0x0000018E00146AE0>,0.22087730467319489,0.05805656313896179,-0.17239169776439667,576920,2,3,True,Right,Front,Left,Centre,69
<_io.BytesIO object at 0x0000018E00146860>,0.6805281043052673,0.34386032819747925,-0.18931083381175995,576920,2,3,True,Right,Front,Left,Centre,69
<_io.BytesIO object at 0x0000018E00146A90>,0.6582968831062317,0.42877137660980225,-0.17694050073623657,576920,2,3,True,Right,Front,Left,Centre,69
<_io.BytesIO object at 0x0000018E001469A0>,0.6838603615760803,0.39689043164253235,-0.10272820293903351,576920,2,3,True,Right,Front,Left,Centre,69
<_io.BytesIO object at 0x0000018E001461D0>,0.7128481268882751,0.3492010533809662,-0.16604755818843842,576920,2,3,True,Right,Front,Left,Centre,69
<_io.BytesIO object at 0x0000018E0006A540>,0.7032421231269836,0.3410298526287079,-0.1277959942817688,576920,2,3,True,Right,Front,Left,Centre,69
<_io.BytesIO object at 0x0000018E00158220>,0.24302352964878082,0.0933166965842247,-0.17223970592021942,576921,2,3,True,Right,Front,Left,Centre,69
<_io.BytesIO object at 0x0000018E0013E040>,0.2694632112979889,0.08946701884269714,-0.13712377846240997,576921,2,3,True,Right,Front,Left,Centre,69
<_io.BytesIO object at 0x0000018E0013E6D0>,0.20220349729061127,0.1035643070936203,-0.08000770211219788,576921,2,3,True,Right,Front,Left,Centre,69
<_io.BytesIO object at 0x0000018E0013E310>,0.16879072785377502,0.05561503767967224,-0.1392117738723755,576921,2,3,True,Right,Front,Left,Centre,69
<_io.BytesIO object at 0x0000018E0013E090>,0.22087730467319489,0.05805656313896179,-0.17239169776439667,576921,2,3,True,Right,Front,Left,Centre,69
<_io.BytesIO object at 0x0000018E0013ECC0>,0.6805281043052673,0.34386032819747925,-0.18931083381175995,576921,2,3,True,Right,Front,Left,Centre,69
<_io.BytesIO object at 0x0000018E0013E2C0>,0.6582968831062317,0.42877137660980225,-0.17694050073623657,576921,2,3,True,Right,Front,Left,Centre,69
<_io.BytesIO object at 0x0000018E782C5090>,0.6838603615760803,0.39689043164253235,-0.10272820293903351,576921,2,3,True,Right,Front,Left,Centre,69
<_io.BytesIO object at 0x0000018E782C55E0>,0.7128481268882751,0.3492010533809662,-0.16604755818843842,576921,2,3,True,Right,Front,Left,Centre,69
<_io.BytesIO object at 0x0000018E782C51D0>,0.7032421231269836,0.3410298526287079,-0.1277959942817688,576921,2,3,True,Right,Front,Left,Centre,69
<_io.BytesIO object at 0x0000018E002AC4F0>,0.24302352964878082,0.0933166965842247,-0.17223970592021942,576922,2,3,True,Right,Front,Left,Centre,69
<_io.BytesIO object at 0x0000018E00203F40>,0.2694632112979889,0.08946701884269714,-0.13712377846240997,576922,2,3,True,Right,Front,Left,Centre,69
<_io.BytesIO object at 0x0000018E00203CC0>,0.20220349729061127,0.1035643070936203,-0.08000770211219788,576922,2,3,True,Right,Front,Left,Centre,69
<_io.BytesIO object at 0x0000018E002034F0>,0.16879072785377502,0.05561503767967224,-0.1392117738723755,576922,2,3,True,Right,Front,Left,Centre,69
<_io.BytesIO object at 0x0000018E00203180>,0.22087730467319489,0.05805656313896179,-0.17239169776439667,576922,2,3,True,Right,Front,Left,Centre,69
<_io.BytesIO object at 0x0000018E00203630>,0.6805281043052673,0.34386032819747925,-0.18931083381175995,576922,2,3,True,Right,Front,Left,Centre,69
<_io.BytesIO object at 0x0000018E00203D10>,0.6582968831062317,0.42877137660980225,-0.17694050073623657,576922,2,3,True,Right,Front,Left,Centre,69
<_io.BytesIO object at 0x0000018E0022A720>,0.6838603615760803,0.39689043164253235,-0.10272820293903351,576922,2,3,True,Right,Front,Left,Centre,69
<_io.BytesIO object at 0x0000018E0022A180>,0.7128481268882751,0.3492010533809662,-0.16604755818843842,576922,2,3,True,Right,Front,Left,Centre,69
<_io.BytesIO object at 0x0000018E0022AC70>,0.7032421231269836,0.3410298526287079,-0.1277959942817688,576922,2,3,True,Right,Front,Left,Centre,69
<_io.BytesIO object at 0x0000018E0022A810>,0.24302352964878082,0.0933166965842247,-0.17223970592021942,576923,2,3,True,Right,Front,Left,Centre,69
<_io.BytesIO object at 0x0000018E0022A090>,0.2694632112979889,0.08946701884269714,-0.13712377846240997,576923,2,3,True,Right,Front,Left,Centre,69
<_io.BytesIO object at 0x0000018E00203D10>,0.20220349729061127,0.1035643070936203,-0.08000770211219788,576923,2,3,True,Right,Front,Left,Centre,69
<_io.BytesIO object at 0x0000018E00203A40>,0.16879072785377502,0.05561503767967224,-0.1392117738723755,576923,2,3,True,Right,Front,Left,Centre,69
<_io.BytesIO object at 0x0000018E00203360>,0.22087730467319489,0.05805656313896179,-0.17239169776439667,576923,2,3,True,Right,Front,Left,Centre,69
<_io.BytesIO object at 0x0000018E00203270>,0.6805281043052673,0.34386032819747925,-0.18931083381175995,576923,2,3,True,Right,Front,Left,Centre,69
<_io.BytesIO object at 0x0000018E00203400>,0.6582968831062317,0.42877137660980225,-0.17694050073623657,576923,2,3,True,Right,Front,Left,Centre,69
<_io.BytesIO object at 0x0000018E00203860>,0.6838603615760803,0.39689043164253235,-0.10272820293903351,576923,2,3,True,Right,Front,Left,Centre,69
<_io.BytesIO object at 0x0000018E00054450>,0.7128481268882751,0.3492010533809662,-0.16604755818843842,576923,2,3,True,Right,Front,Left,Centre,69
<_io.BytesIO object at 0x0000018E002AC310>,0.7032421231269836,0.3410298526287079,-0.1277959942817688,576923,2,3,True,Right,Front,Left,Centre,69
<_io.BytesIO object at 0x0000018E002094A0>,0.24302352964878082,0.0933166965842247,-0.17223970592021942,576924,2,3,True,Right,Front,Left,Centre,69
<_io.BytesIO object at 0x0000018E782C5630>,0.2694632112979889,0.08946701884269714,-0.13712377846240997,576924,2,3,True,Right,Front,Left,Centre,69
<_io.BytesIO object at 0x0000018E0013E720>,0.20220349729061127,0.1035643070936203,-0.08000770211219788,576924,2,3,True,Right,Front,Left,Centre,69
<_io.BytesIO object at 0x0000018E0013EF40>,0.16879072785377502,0.05561503767967224,-0.1392117738723755,576924,2,3,True,Right,Front,Left,Centre,69
<_io.BytesIO object at 0x0000018E0013E5E0>,0.22087730467319489,0.05805656313896179,-0.17239169776439667,576924,2,3,True,Right,Front,Left,Centre,69
<_io.BytesIO object at 0x0000018E0013E7C0>,0.6805281043052673,0.34386032819747925,-0.18931083381175995,576924,2,3,True,Right,Front,Left,Centre,69
<_io.BytesIO object at 0x0000018E0013E6D0>,0.6582968831062317,0.42877137660980225,-0.17694050073623657,576924,2,3,True,Right,Front,Left,Centre,69
<_io.BytesIO object at 0x0000018E0013E860>,0.6838603615760803,0.39689043164253235,-0.10272820293903351,576924,2,3,True,Right,Front,Left,Centre,69
<_io.BytesIO object at 0x0000018E0013E220>,0.7128481268882751,0.3492010533809662,-0.16604755818843842,576924,2,3,True,Right,Front,Left,Centre,69
<_io.BytesIO object at 0x0000018E0013E630>,0.7032421231269836,0.3410298526287079,-0.1277959942817688,576924,2,3,True,Right,Front,Left,Centre,69
<_io.BytesIO object at 0x0000018E0006AD10>,0.24302352964878082,0.0933166965842247,-0.17223970592021942,576925,2,3,True,Right,Front,Left,Centre,69
<_io.BytesIO object at 0x0000018E0006A0E0>,0.2694632112979889,0.08946701884269714,-0.13712377846240997,576925,2,3,True,Right,Front,Left,Centre,69
<_io.BytesIO object at 0x0000018E00146E50>,0.20220349729061127,0.1035643070936203,-0.08000770211219788,576925,2,3,True,Right,Front,Left,Centre,69
<_io.BytesIO object at 0x0000018E00146A90>,0.16879072785377502,0.05561503767967224,-0.1392117738723755,576925,2,3,True,Right,Front,Left,Centre,69
<_io.BytesIO object at 0x0000018E00146C20>,0.22087730467319489,0.05805656313896179,-0.17239169776439667,576925,2,3,True,Right,Front,Left,Centre,69
<_io.BytesIO object at 0x0000018E001466D0>,0.6805281043052673,0.34386032819747925,-0.18931083381175995,576925,2,3,True,Right,Front,Left,Centre,69
<_io.BytesIO object at 0x0000018E00146590>,0.6582968831062317,0.42877137660980225,-0.17694050073623657,576925,2,3,True,Right,Front,Left,Centre,69
<_io.BytesIO object at 0x0000018E00146950>,0.6838603615760803,0.39689043164253235,-0.10272820293903351,576925,2,3,True,Right,Front,Left,Centre,69
<_io.BytesIO object at 0x0000018E0020B3B0>,0.7128481268882751,0.3492010533809662,-0.16604755818843842,576925,2,3,True,Right,Front,Left,Centre,69
<_io.BytesIO object at 0x0000018E0020B860>,0.7032421231269836,0.3410298526287079,-0.1277959942817688,576925,2,3,True,Right,Front,Left,Centre,69
<_io.BytesIO object at 0x0000018E0022E630>,0.24302352964878082,0.0933166965842247,-0.17223970592021942,576926,2,3,True,Right,Front,Left,Centre,69
<_io.BytesIO object at 0x0000018E0022E270>,0.2694632112979889,0.08946701884269714,-0.13712377846240997,576926,2,3,True,Right,Front,Left,Centre,69
<_io.BytesIO object at 0x0000018E00193F90>,0.20220349729061127,0.1035643070936203,-0.08000770211219788,576926,2,3,True,Right,Front,Left,Centre,69
<_io.BytesIO object at 0x0000018E00193950>,0.16879072785377502,0.05561503767967224,-0.1392117738723755,576926,2,3,True,Right,Front,Left,Centre,69
<_io.BytesIO object at 0x0000018E00193BD0>,0.22087730467319489,0.05805656313896179,-0.17239169776439667,576926,2,3,True,Right,Front,Left,Centre,69
<_io.BytesIO object at 0x0000018E00193D10>,0.6805281043052673,0.34386032819747925,-0.18931083381175995,576926,2,3,True,Right,Front,Left,Centre,69
<_io.BytesIO object at 0x0000018E00193E00>,0.6582968831062317,0.42877137660980225,-0.17694050073623657,576926,2,3,True,Right,Front,Left,Centre,69
<_io.BytesIO object at 0x0000018E001934F0>,0.6838603615760803,0.39689043164253235,-0.10272820293903351,576926,2,3,True,Right,Front,Left,Centre,69
<_io.BytesIO object at 0x0000018E00193DB0>,0.7128481268882751,0.3492010533809662,-0.16604755818843842,576926,2,3,True,Right,Front,Left,Centre,69
<_io.BytesIO object at 0x0000018E0020F6D0>,0.7032421231269836,0.3410298526287079,-0.1277959942817688,576926,2,3,True,Right,Front,Left,Centre,69
<_io.BytesIO object at 0x0000018E00239E00>,0.24302352964878082,0.0933166965842247,-0.17223970592021942,576927,2,3,True,Right,Front,Left,Centre,69
<_io.BytesIO object at 0x0000018E002394A0>,0.2694632112979889,0.08946701884269714,-0.13712377846240997,576927,2,3,True,Right,Front,Left,Centre,69
<_io.BytesIO object at 0x0000018E00226A40>,0.20220349729061127,0.1035643070936203,-0.08000770211219788,576927,2,3,True,Right,Front,Left,Centre,69
<_io.BytesIO object at 0x0000018E002265E0>,0.16879072785377502,0.05561503767967224,-0.1392117738723755,576927,2,3,True,Right,Front,Left,Centre,69
<_io.BytesIO object at 0x0000018E00226D60>,0.22087730467319489,0.05805656313896179,-0.17239169776439667,576927,2,3,True,Right,Front,Left,Centre,69
<_io.BytesIO object at 0x0000018E002260E0>,0.6805281043052673,0.34386032819747925,-0.18931083381175995,576927,2,3,True,Right,Front,Left,Centre,69
<_io.BytesIO object at 0x0000018E002269F0>,0.6582968831062317,0.42877137660980225,-0.17694050073623657,576927,2,3,True,Right,Front,Left,Centre,69
<_io.BytesIO object at 0x0000018E00226540>,0.6838603615760803,0.39689043164253235,-0.10272820293903351,576927,2,3,True,Right,Front,Left,Centre,69
<_io.BytesIO object at 0x0000018E002267C0>,0.7128481268882751,0.3492010533809662,-0.16604755818843842,576927,2,3,True,Right,Front,Left,Centre,69
<_io.BytesIO object at 0x0000018E002210E0>,0.7032421231269836,0.3410298526287079,-0.1277959942817688,576927,2,3,True,Right,Front,Left,Centre,69
<_io.BytesIO object at 0x0000018E00239AE0>,0.24302352964878082,0.0933166965842247,-0.17223970592021942,576928,2,3,True,Right,Front,Left,Centre,69
<_io.BytesIO object at 0x0000018E0020F680>,0.2694632112979889,0.08946701884269714,-0.13712377846240997,576928,2,3,True,Right,Front,Left,Centre,69
<_io.BytesIO object at 0x0000018E0020FA40>,0.20220349729061127,0.1035643070936203,-0.08000770211219788,576928,2,3,True,Right,Front,Left,Centre,69
<_io.BytesIO object at 0x0000018E0020FF90>,0.16879072785377502,0.05561503767967224,-0.1392117738723755,576928,2,3,True,Right,Front,Left,Centre,69
<_io.BytesIO object at 0x0000018E0020F770>,0.22087730467319489,0.05805656313896179,-0.17239169776439667,576928,2,3,True,Right,Front,Left,Centre,69
<_io.BytesIO object at 0x0000018E0020F220>,0.6805281043052673,0.34386032819747925,-0.18931083381175995,576928,2,3,True,Right,Front,Left,Centre,69
<_io.BytesIO object at 0x0000018E0020F6D0>,0.6582968831062317,0.42877137660980225,-0.17694050073623657,576928,2,3,True,Right,Front,Left,Centre,69
<_io.BytesIO object at 0x0000018E00193220>,0.6838603615760803,0.39689043164253235,-0.10272820293903351,576928,2,3,True,Right,Front,Left,Centre,69
<_io.BytesIO object at 0x0000018E00193EF0>,0.7128481268882751,0.3492010533809662,-0.16604755818843842,576928,2,3,True,Right,Front,Left,Centre,69
<_io.BytesIO object at 0x0000018E001935E0>,0.7032421231269836,0.3410298526287079,-0.1277959942817688,576928,2,3,True,Right,Front,Left,Centre,69
<_io.BytesIO object at 0x0000018E0022E400>,0.24302352964878082,0.0933166965842247,-0.17223970592021942,576929,2,3,True,Right,Front,Left,Centre,69
<_io.BytesIO object at 0x0000018E0020B4A0>,0.2694632112979889,0.08946701884269714,-0.13712377846240997,576929,2,3,True,Right,Front,Left,Centre,69
<_io.BytesIO object at 0x0000018E0020B040>,0.20220349729061127,0.1035643070936203,-0.08000770211219788,576929,2,3,True,Right,Front,Left,Centre,69
<_io.BytesIO object at 0x0000018E0020B770>,0.16879072785377502,0.05561503767967224,-0.1392117738723755,576929,2,3,True,Right,Front,Left,Centre,69
<_io.BytesIO object at 0x0000018E0020B9F0>,0.22087730467319489,0.05805656313896179,-0.17239169776439667,576929,2,3,True,Right,Front,Left,Centre,69
<_io.BytesIO object at 0x0000018E0020B1D0>,0.6805281043052673,0.34386032819747925,-0.18931083381175995,576929,2,3,True,Right,Front,Left,Centre,69
<_io.BytesIO object at 0x0000018E0020BA90>,0.6582968831062317,0.42877137660980225,-0.17694050073623657,576929,2,3,True,Right,Front,Left,Centre,69
<_io.BytesIO object at 0x0000018E0006AB80>,0.6838603615760803,0.39689043164253235,-0.10272820293903351,576929,2,3,True,Right,Front,Left,Centre,69
<_io.BytesIO object at 0x0000018E0006A130>,0.7128481268882751,0.3492010533809662,-0.16604755818843842,576929,2,3,True,Right,Front,Left,Centre,69
<_io.BytesIO object at 0x0000018E0006A7C0>,0.7032421231269836,0.3410298526287079,-0.1277959942817688,576929,2,3,True,Right,Front,Left,Centre,69
<_io.BytesIO object at 0x0000018E00158310>,0.24302352964878082,0.0933166965842247,-0.17223970592021942,576930,2,3,True,Right,Front,Left,Centre,69
<_io.BytesIO object at 0x0000018E0013E220>,0.2694632112979889,0.08946701884269714,-0.13712377846240997,576930,2,3,True,Right,Front,Left,Centre,69
<_io.BytesIO object at 0x0000018E0013E0E0>,0.20220349729061127,0.1035643070936203,-0.08000770211219788,576930,2,3,True,Right,Front,Left,Centre,69
<_io.BytesIO object at 0x0000018E0013E5E0>,0.16879072785377502,0.05561503767967224,-0.1392117738723755,576930,2,3,True,Right,Front,Left,Centre,69
<_io.BytesIO object at 0x0000018E0013E4F0>,0.22087730467319489,0.05805656313896179,-0.17239169776439667,576930,2,3,True,Right,Front,Left,Centre,69
<_io.BytesIO object at 0x0000018E0013E540>,0.6805281043052673,0.34386032819747925,-0.18931083381175995,576930,2,3,True,Right,Front,Left,Centre,69
<_io.BytesIO object at 0x0000018E782C5630>,0.6582968831062317,0.42877137660980225,-0.17694050073623657,576930,2,3,True,Right,Front,Left,Centre,69
<_io.BytesIO object at 0x0000018E782C5540>,0.6838603615760803,0.39689043164253235,-0.10272820293903351,576930,2,3,True,Right,Front,Left,Centre,69
<_io.BytesIO object at 0x0000018E782C51D0>,0.7128481268882751,0.3492010533809662,-0.16604755818843842,576930,2,3,True,Right,Front,Left,Centre,69
<_io.BytesIO object at 0x0000018E002099A0>,0.7032421231269836,0.3410298526287079,-0.1277959942817688,576930,2,3,True,Right,Front,Left,Centre,69
<_io.BytesIO object at 0x0000018E001469F0>,0.24302352964878082,0.0933166965842247,-0.17223970592021942,576931,2,3,True,Right,Front,Left,Centre,69
<_io.BytesIO object at 0x0000018E001464F0>,0.2694632112979889,0.08946701884269714,-0.13712377846240997,576931,2,3,True,Right,Front,Left,Centre,69
<_io.BytesIO object at 0x0000018E002AC5E0>,0.20220349729061127,0.1035643070936203,-0.08000770211219788,576931,2,3,True,Right,Front,Left,Centre,69
<_io.BytesIO object at 0x0000018E002AC1D0>,0.16879072785377502,0.05561503767967224,-0.1392117738723755,576931,2,3,True,Right,Front,Left,Centre,69
<_io.BytesIO object at 0x0000018E002AC360>,0.22087730467319489,0.05805656313896179,-0.17239169776439667,576931,2,3,True,Right,Front,Left,Centre,69
<_io.BytesIO object at 0x0000018E002ACE00>,0.6805281043052673,0.34386032819747925,-0.18931083381175995,576931,2,3,True,Right,Front,Left,Centre,69
<_io.BytesIO object at 0x0000018E002AC8B0>,0.6582968831062317,0.42877137660980225,-0.17694050073623657,576931,2,3,True,Right,Front,Left,Centre,69
<_io.BytesIO object at 0x0000018E002AC0E0>,0.6838603615760803,0.39689043164253235,-0.10272820293903351,576931,2,3,True,Right,Front,Left,Centre,69
<_io.BytesIO object at 0x0000018E00203130>,0.7128481268882751,0.3492010533809662,-0.16604755818843842,576931,2,3,True,Right,Front,Left,Centre,69
<_io.BytesIO object at 0x0000018E00203CC0>,0.7032421231269836,0.3410298526287079,-0.1277959942817688,576931,2,3,True,Right,Front,Left,Centre,69
<_io.BytesIO object at 0x0000018E00203180>,0.24302352964878082,0.0933166965842247,-0.17223970592021942,576932,2,3,True,Right,Front,Left,Centre,69
<_io.BytesIO object at 0x0000018E00203400>,0.2694632112979889,0.08946701884269714,-0.13712377846240997,576932,2,3,True,Right,Front,Left,Centre,69
<_io.BytesIO object at 0x0000018E00054AE0>,0.20220349729061127,0.1035643070936203,-0.08000770211219788,576932,2,3,True,Right,Front,Left,Centre,69
<_io.BytesIO object at 0x0000018E002ACEF0>,0.16879072785377502,0.05561503767967224,-0.1392117738723755,576932,2,3,True,Right,Front,Left,Centre,69
<_io.BytesIO object at 0x0000018E002ACE00>,0.22087730467319489,0.05805656313896179,-0.17239169776439667,576932,2,3,True,Right,Front,Left,Centre,69
<_io.BytesIO object at 0x0000018E002AC3B0>,0.6805281043052673,0.34386032819747925,-0.18931083381175995,576932,2,3,True,Right,Front,Left,Centre,69
<_io.BytesIO object at 0x0000018E002AC9F0>,0.6582968831062317,0.42877137660980225,-0.17694050073623657,576932,2,3,True,Right,Front,Left,Centre,69
<_io.BytesIO object at 0x0000018E002AC630>,0.6838603615760803,0.39689043164253235,-0.10272820293903351,576932,2,3,True,Right,Front,Left,Centre,69
<_io.BytesIO object at 0x0000018E00146450>,0.7128481268882751,0.3492010533809662,-0.16604755818843842,576932,2,3,True,Right,Front,Left,Centre,69
<_io.BytesIO object at 0x0000018E001465E0>,0.7032421231269836,0.3410298526287079,-0.1277959942817688,576932,2,3,True,Right,Front,Left,Centre,69
<_io.BytesIO object at 0x0000018E002095E0>,0.24302352964878082,0.0933166965842247,-0.17223970592021942,576933,2,3,True,Right,Front,Left,Centre,69
<_io.BytesIO object at 0x0000018E002094A0>,0.2694632112979889,0.08946701884269714,-0.13712377846240997,576933,2,3,True,Right,Front,Left,Centre,69
<_io.BytesIO object at 0x0000018E782C5630>,0.20220349729061127,0.1035643070936203,-0.08000770211219788,576933,2,3,True,Right,Front,Left,Centre,69
<_io.BytesIO object at 0x0000018E0013E590>,0.16879072785377502,0.05561503767967224,-0.1392117738723755,576933,2,3,True,Right,Front,Left,Centre,69
<_io.BytesIO object at 0x0000018E0013ED10>,0.22087730467319489,0.05805656313896179,-0.17239169776439667,576933,2,3,True,Right,Front,Left,Centre,69
<_io.BytesIO object at 0x0000018E0013EF40>,0.6805281043052673,0.34386032819747925,-0.18931083381175995,576933,2,3,True,Right,Front,Left,Centre,69
<_io.BytesIO object at 0x0000018E0013E8B0>,0.6582968831062317,0.42877137660980225,-0.17694050073623657,576933,2,3,True,Right,Front,Left,Centre,69
<_io.BytesIO object at 0x0000018E0013E4A0>,0.6838603615760803,0.39689043164253235,-0.10272820293903351,576933,2,3,True,Right,Front,Left,Centre,69
<_io.BytesIO object at 0x0000018E0013EA90>,0.7128481268882751,0.3492010533809662,-0.16604755818843842,576933,2,3,True,Right,Front,Left,Centre,69
<_io.BytesIO object at 0x0000018E0013EC20>,0.7032421231269836,0.3410298526287079,-0.1277959942817688,576933,2,3,True,Right,Front,Left,Centre,69
<_io.BytesIO object at 0x0000018E0006ACC0>,0.24302352964878082,0.0933166965842247,-0.17223970592021942,576934,2,3,True,Right,Front,Left,Centre,69
<_io.BytesIO object at 0x0000018E0006A4F0>,0.2694632112979889,0.08946701884269714,-0.13712377846240997,576934,2,3,True,Right,Front,Left,Centre,69
<_io.BytesIO object at 0x0000018E0020B6D0>,0.20220349729061127,0.1035643070936203,-0.08000770211219788,576934,2,3,True,Right,Front,Left,Centre,69
<_io.BytesIO object at 0x0000018E0020B9A0>,0.16879072785377502,0.05561503767967224,-0.1392117738723755,576934,2,3,True,Right,Front,Left,Centre,69
<_io.BytesIO object at 0x0000018E0020B0E0>,0.22087730467319489,0.05805656313896179,-0.17239169776439667,576934,2,3,True,Right,Front,Left,Centre,69
<_io.BytesIO object at 0x0000018E0020BC20>,0.6805281043052673,0.34386032819747925,-0.18931083381175995,576934,2,3,True,Right,Front,Left,Centre,69
<_io.BytesIO object at 0x0000018E0020BD10>,0.6582968831062317,0.42877137660980225,-0.17694050073623657,576934,2,3,True,Right,Front,Left,Centre,69
<_io.BytesIO object at 0x0000018E0020B4A0>,0.6838603615760803,0.39689043164253235,-0.10272820293903351,576934,2,3,True,Right,Front,Left,Centre,69
<_io.BytesIO object at 0x0000018E0020B130>,0.7128481268882751,0.3492010533809662,-0.16604755818843842,576934,2,3,True,Right,Front,Left,Centre,69
<_io.BytesIO object at 0x0000018E0020B310>,0.7032421231269836,0.3410298526287079,-0.1277959942817688,576934,2,3,True,Right,Front,Left,Centre,69
<_io.BytesIO object at 0x0000018E0020FF90>,0.24302352964878082,0.0933166965842247,-0.17223970592021942,576935,2,3,True,Right,Front,Left,Centre,69
<_io.BytesIO object at 0x0000018E0020F310>,0.2694632112979889,0.08946701884269714,-0.13712377846240997,576935,2,3,True,Right,Front,Left,Centre,69
<_io.BytesIO object at 0x0000018E00239A40>,0.20220349729061127,0.1035643070936203,-0.08000770211219788,576935,2,3,True,Right,Front,Left,Centre,69
<_io.BytesIO object at 0x0000018E002397C0>,0.16879072785377502,0.05561503767967224,-0.1392117738723755,576935,2,3,True,Right,Front,Left,Centre,69
<_io.BytesIO object at 0x0000018E00239270>,0.22087730467319489,0.05805656313896179,-0.17239169776439667,576935,2,3,True,Right,Front,Left,Centre,69
<_io.BytesIO object at 0x0000018E00239040>,0.6805281043052673,0.34386032819747925,-0.18931083381175995,576935,2,3,True,Right,Front,Left,Centre,69
<_io.BytesIO object at 0x0000018E002399A0>,0.6582968831062317,0.42877137660980225,-0.17694050073623657,576935,2,3,True,Right,Front,Left,Centre,69
<_io.BytesIO object at 0x0000018E00239220>,0.6838603615760803,0.39689043164253235,-0.10272820293903351,576935,2,3,True,Right,Front,Left,Centre,69
<_io.BytesIO object at 0x0000018E00239D60>,0.7128481268882751,0.3492010533809662,-0.16604755818843842,576935,2,3,True,Right,Front,Left,Centre,69
<_io.BytesIO object at 0x0000018E00239590>,0.7032421231269836,0.3410298526287079,-0.1277959942817688,576935,2,3,True,Right,Front,Left,Centre,69
<_io.BytesIO object at 0x0000018E00226540>,0.24302352964878082,0.0933166965842247,-0.17223970592021942,576936,2,3,True,Right,Front,Left,Centre,69
<_io.BytesIO object at 0x0000018E00226B80>,0.2694632112979889,0.08946701884269714,-0.13712377846240997,576936,2,3,True,Right,Front,Left,Centre,69
<_io.BytesIO object at 0x0000018E0022A4A0>,0.20220349729061127,0.1035643070936203,-0.08000770211219788,576936,2,3,True,Right,Front,Left,Centre,69
<_io.BytesIO object at 0x0000018E0022A180>,0.16879072785377502,0.05561503767967224,-0.1392117738723755,576936,2,3,True,Right,Front,Left,Centre,69
<_io.BytesIO object at 0x0000018E0022A680>,0.22087730467319489,0.05805656313896179,-0.17239169776439667,576936,2,3,True,Right,Front,Left,Centre,69
<_io.BytesIO object at 0x0000018E0022A8B0>,0.6805281043052673,0.34386032819747925,-0.18931083381175995,576936,2,3,True,Right,Front,Left,Centre,69
<_io.BytesIO object at 0x0000018E0022AF90>,0.6582968831062317,0.42877137660980225,-0.17694050073623657,576936,2,3,True,Right,Front,Left,Centre,69
<_io.BytesIO object at 0x0000018E0022AAE0>,0.6838603615760803,0.39689043164253235,-0.10272820293903351,576936,2,3,True,Right,Front,Left,Centre,69
<_io.BytesIO object at 0x0000018E0022AEA0>,0.7128481268882751,0.3492010533809662,-0.16604755818843842,576936,2,3,True,Right,Front,Left,Centre,69
<_io.BytesIO object at 0x0000018E0022A630>,0.7032421231269836,0.3410298526287079,-0.1277959942817688,576936,2,3,True,Right,Front,Left,Centre,69
<_io.BytesIO object at 0x0000018E002265E0>,0.24302352964878082,0.0933166965842247,-0.17223970592021942,576937,2,3,True,Right,Front,Left,Centre,69
<_io.BytesIO object at 0x0000018E00193A40>,0.2694632112979889,0.08946701884269714,-0.13712377846240997,576937,2,3,True,Right,Front,Left,Centre,69
<_io.BytesIO object at 0x0000018E00193720>,0.20220349729061127,0.1035643070936203,-0.08000770211219788,576937,2,3,True,Right,Front,Left,Centre,69
<_io.BytesIO object at 0x0000018E00193D10>,0.16879072785377502,0.05561503767967224,-0.1392117738723755,576937,2,3,True,Right,Front,Left,Centre,69
<_io.BytesIO object at 0x0000018E00193900>,0.22087730467319489,0.05805656313896179,-0.17239169776439667,576937,2,3,True,Right,Front,Left,Centre,69
<_io.BytesIO object at 0x0000018E00193450>,0.6805281043052673,0.34386032819747925,-0.18931083381175995,576937,2,3,True,Right,Front,Left,Centre,69
<_io.BytesIO object at 0x0000018E001939F0>,0.6582968831062317,0.42877137660980225,-0.17694050073623657,576937,2,3,True,Right,Front,Left,Centre,69
<_io.BytesIO object at 0x0000018E00239BD0>,0.6838603615760803,0.39689043164253235,-0.10272820293903351,576937,2,3,True,Right,Front,Left,Centre,69
<_io.BytesIO object at 0x0000018E002394A0>,0.7128481268882751,0.3492010533809662,-0.16604755818843842,576937,2,3,True,Right,Front,Left,Centre,69
<_io.BytesIO object at 0x0000018E00239D60>,0.7032421231269836,0.3410298526287079,-0.1277959942817688,576937,2,3,True,Right,Front,Left,Centre,69
<_io.BytesIO object at 0x0000018E0020FC20>,0.24302352964878082,0.0933166965842247,-0.17223970592021942,576938,2,3,True,Right,Front,Left,Centre,69
<_io.BytesIO object at 0x0000018E0022E270>,0.2694632112979889,0.08946701884269714,-0.13712377846240997,576938,2,3,True,Right,Front,Left,Centre,69
<_io.BytesIO object at 0x0000018E0022ED60>,0.20220349729061127,0.1035643070936203,-0.08000770211219788,576938,2,3,True,Right,Front,Left,Centre,69
<_io.BytesIO object at 0x0000018E0022E400>,0.16879072785377502,0.05561503767967224,-0.1392117738723755,576938,2,3,True,Right,Front,Left,Centre,69
<_io.BytesIO object at 0x0000018E0022E4F0>,0.22087730467319489,0.05805656313896179,-0.17239169776439667,576938,2,3,True,Right,Front,Left,Centre,69
<_io.BytesIO object at 0x0000018E0022EB30>,0.6805281043052673,0.34386032819747925,-0.18931083381175995,576938,2,3,True,Right,Front,Left,Centre,69
<_io.BytesIO object at 0x0000018E0022EC20>,0.6582968831062317,0.42877137660980225,-0.17694050073623657,576938,2,3,True,Right,Front,Left,Centre,69
<_io.BytesIO object at 0x0000018E0022E130>,0.6838603615760803,0.39689043164253235,-0.10272820293903351,576938,2,3,True,Right,Front,Left,Centre,69
<_io.BytesIO object at 0x0000018E0020B540>,0.7128481268882751,0.3492010533809662,-0.16604755818843842,576938,2,3,True,Right,Front,Left,Centre,69
<_io.BytesIO object at 0x0000018E0020B360>,0.7032421231269836,0.3410298526287079,-0.1277959942817688,576938,2,3,True,Right,Front,Left,Centre,69
<_io.BytesIO object at 0x0000018E0006AD10>,0.24302352964878082,0.0933166965842247,-0.17223970592021942,576939,2,3,True,Right,Front,Left,Centre,69
<_io.BytesIO object at 0x0000018E00158180>,0.2694632112979889,0.08946701884269714,-0.13712377846240997,576939,2,3,True,Right,Front,Left,Centre,69
<_io.BytesIO object at 0x0000018E00158B80>,0.20220349729061127,0.1035643070936203,-0.08000770211219788,576939,2,3,True,Right,Front,Left,Centre,69
<_io.BytesIO object at 0x0000018E00158770>,0.16879072785377502,0.05561503767967224,-0.1392117738723755,576939,2,3,True,Right,Front,Left,Centre,69
<_io.BytesIO object at 0x0000018E00158C20>,0.22087730467319489,0.05805656313896179,-0.17239169776439667,576939,2,3,True,Right,Front,Left,Centre,69
<_io.BytesIO object at 0x0000018E00158F40>,0.6805281043052673,0.34386032819747925,-0.18931083381175995,576939,2,3,True,Right,Front,Left,Centre,69
<_io.BytesIO object at 0x0000018E0013EBD0>,0.6582968831062317,0.42877137660980225,-0.17694050073623657,576939,2,3,True,Right,Front,Left,Centre,69
<_io.BytesIO object at 0x0000018E0013EAE0>,0.6838603615760803,0.39689043164253235,-0.10272820293903351,576939,2,3,True,Right,Front,Left,Centre,69
<_io.BytesIO object at 0x0000018E0013EC20>,0.7128481268882751,0.3492010533809662,-0.16604755818843842,576939,2,3,True,Right,Front,Left,Centre,69
<_io.BytesIO object at 0x0000018E0013E040>,0.7032421231269836,0.3410298526287079,-0.1277959942817688,576939,2,3,True,Right,Front,Left,Centre,69
<_io.BytesIO object at 0x0000018E00209680>,0.24302352964878082,0.0933166965842247,-0.17223970592021942,576940,2,3,True,Right,Front,Left,Centre,69
<_io.BytesIO object at 0x0000018E00209770>,0.2694632112979889,0.08946701884269714,-0.13712377846240997,576940,2,3,True,Right,Front,Left,Centre,69
<_io.BytesIO object at 0x0000018E00146360>,0.20220349729061127,0.1035643070936203,-0.08000770211219788,576940,2,3,True,Right,Front,Left,Centre,69
<_io.BytesIO object at 0x0000018E00146A90>,0.16879072785377502,0.05561503767967224,-0.1392117738723755,576940,2,3,True,Right,Front,Left,Centre,69
<_io.BytesIO object at 0x0000018E00146130>,0.22087730467319489,0.05805656313896179,-0.17239169776439667,576940,2,3,True,Right,Front,Left,Centre,69
<_io.BytesIO object at 0x0000018E001466D0>,0.6805281043052673,0.34386032819747925,-0.18931083381175995,576940,2,3,True,Right,Front,Left,Centre,69
<_io.BytesIO object at 0x0000018E001460E0>,0.6582968831062317,0.42877137660980225,-0.17694050073623657,576940,2,3,True,Right,Front,Left,Centre,69
<_io.BytesIO object at 0x0000018E00146D60>,0.6838603615760803,0.39689043164253235,-0.10272820293903351,576940,2,3,True,Right,Front,Left,Centre,69
<_io.BytesIO object at 0x0000018E00146770>,0.7128481268882751,0.3492010533809662,-0.16604755818843842,576940,2,3,True,Right,Front,Left,Centre,69
<_io.BytesIO object at 0x0000018E002ACC70>,0.7032421231269836,0.3410298526287079,-0.1277959942817688,576940,2,3,True,Right,Front,Left,Centre,69
<_io.BytesIO object at 0x0000018E002AC130>,0.24302352964878082,0.0933166965842247,-0.17223970592021942,576941,2,3,True,Right,Front,Left,Centre,69
<_io.BytesIO object at 0x0000018E002ACB30>,0.2694632112979889,0.08946701884269714,-0.13712377846240997,576941,2,3,True,Right,Front,Left,Centre,69
<_io.BytesIO object at 0x0000018E00146090>,0.20220349729061127,0.1035643070936203,-0.08000770211219788,576941,2,3,True,Right,Front,Left,Centre,69
<_io.BytesIO object at 0x0000018E00146D60>,0.16879072785377502,0.05561503767967224,-0.1392117738723755,576941,2,3,True,Right,Front,Left,Centre,69
<_io.BytesIO object at 0x0000018E00146E50>,0.22087730467319489,0.05805656313896179,-0.17239169776439667,576941,2,3,True,Right,Front,Left,Centre,69
<_io.BytesIO object at 0x0000018E00146180>,0.6805281043052673,0.34386032819747925,-0.18931083381175995,576941,2,3,True,Right,Front,Left,Centre,69
<_io.BytesIO object at 0x0000018E00146400>,0.6582968831062317,0.42877137660980225,-0.17694050073623657,576941,2,3,True,Right,Front,Left,Centre,69
<_io.BytesIO object at 0x0000018E00146950>,0.6838603615760803,0.39689043164253235,-0.10272820293903351,576941,2,3,True,Right,Front,Left,Centre,69
<_io.BytesIO object at 0x0000018E00146EF0>,0.7128481268882751,0.3492010533809662,-0.16604755818843842,576941,2,3,True,Right,Front,Left,Centre,69
<_io.BytesIO object at 0x0000018E00209040>,0.7032421231269836,0.3410298526287079,-0.1277959942817688,576941,2,3,True,Right,Front,Left,Centre,69
<_io.BytesIO object at 0x0000018E0013EC70>,0.24302352964878082,0.0933166965842247,-0.17223970592021942,576942,2,3,True,Right,Front,Left,Centre,69
<_io.BytesIO object at 0x0000018E0013E8B0>,0.2694632112979889,0.08946701884269714,-0.13712377846240997,576942,2,3,True,Right,Front,Left,Centre,69
<_io.BytesIO object at 0x0000018E0013EAE0>,0.20220349729061127,0.1035643070936203,-0.08000770211219788,576942,2,3,True,Right,Front,Left,Centre,69
<_io.BytesIO object at 0x0000018E0013E0E0>,0.16879072785377502,0.05561503767967224,-0.1392117738723755,576942,2,3,True,Right,Front,Left,Centre,69
<_io.BytesIO object at 0x0000018E00158310>,0.22087730467319489,0.05805656313896179,-0.17239169776439667,576942,2,3,True,Right,Front,Left,Centre,69
<_io.BytesIO object at 0x0000018E00158450>,0.6805281043052673,0.34386032819747925,-0.18931083381175995,576942,2,3,True,Right,Front,Left,Centre,69
<_io.BytesIO object at 0x0000018E00158900>,0.6582968831062317,0.42877137660980225,-0.17694050073623657,576942,2,3,True,Right,Front,Left,Centre,69
<_io.BytesIO object at 0x0000018E00158630>,0.6838603615760803,0.39689043164253235,-0.10272820293903351,576942,2,3,True,Right,Front,Left,Centre,69
<_io.BytesIO object at 0x0000018E00158180>,0.7128481268882751,0.3492010533809662,-0.16604755818843842,576942,2,3,True,Right,Front,Left,Centre,69
<_io.BytesIO object at 0x0000018E00158D60>,0.7032421231269836,0.3410298526287079,-0.1277959942817688,576942,2,3,True,Right,Front,Left,Centre,69
<_io.BytesIO object at 0x0000018E0020B0E0>,0.24302352964878082,0.0933166965842247,-0.17223970592021942,576943,2,3,True,Right,Front,Left,Centre,69
<_io.BytesIO object at 0x0000018E0020B590>,0.2694632112979889,0.08946701884269714,-0.13712377846240997,576943,2,3,True,Right,Front,Left,Centre,69
<_io.BytesIO object at 0x0000018E0022E590>,0.20220349729061127,0.1035643070936203,-0.08000770211219788,576943,2,3,True,Right,Front,Left,Centre,69
<_io.BytesIO object at 0x0000018E0022EE50>,0.16879072785377502,0.05561503767967224,-0.1392117738723755,576943,2,3,True,Right,Front,Left,Centre,69
<_io.BytesIO object at 0x0000018E0022E7C0>,0.22087730467319489,0.05805656313896179,-0.17239169776439667,576943,2,3,True,Right,Front,Left,Centre,69
<_io.BytesIO object at 0x0000018E0022EF90>,0.6805281043052673,0.34386032819747925,-0.18931083381175995,576943,2,3,True,Right,Front,Left,Centre,69
<_io.BytesIO object at 0x0000018E0022E0E0>,0.6582968831062317,0.42877137660980225,-0.17694050073623657,576943,2,3,True,Right,Front,Left,Centre,69
<_io.BytesIO object at 0x0000018E0022EC70>,0.6838603615760803,0.39689043164253235,-0.10272820293903351,576943,2,3,True,Right,Front,Left,Centre,69
<_io.BytesIO object at 0x0000018E0022E270>,0.7128481268882751,0.3492010533809662,-0.16604755818843842,576943,2,3,True,Right,Front,Left,Centre,69
<_io.BytesIO object at 0x0000018E0022E5E0>,0.7032421231269836,0.3410298526287079,-0.1277959942817688,576943,2,3,True,Right,Front,Left,Centre,69
<_io.BytesIO object at 0x0000018E00193900>,0.24302352964878082,0.0933166965842247,-0.17223970592021942,576944,2,3,True,Right,Front,Left,Centre,69
<_io.BytesIO object at 0x0000018E00193AE0>,0.2694632112979889,0.08946701884269714,-0.13712377846240997,576944,2,3,True,Right,Front,Left,Centre,69
<_io.BytesIO object at 0x0000018E001935E0>,0.20220349729061127,0.1035643070936203,-0.08000770211219788,576944,2,3,True,Right,Front,Left,Centre,69
<_io.BytesIO object at 0x0000018E00226270>,0.16879072785377502,0.05561503767967224,-0.1392117738723755,576944,2,3,True,Right,Front,Left,Centre,69
<_io.BytesIO object at 0x0000018E00226CC0>,0.22087730467319489,0.05805656313896179,-0.17239169776439667,576944,2,3,True,Right,Front,Left,Centre,69
<_io.BytesIO object at 0x0000018E00226900>,0.6805281043052673,0.34386032819747925,-0.18931083381175995,576944,2,3,True,Right,Front,Left,Centre,69
<_io.BytesIO object at 0x0000018E002267C0>,0.6582968831062317,0.42877137660980225,-0.17694050073623657,576944,2,3,True,Right,Front,Left,Centre,69
<_io.BytesIO object at 0x0000018E00226E50>,0.6838603615760803,0.39689043164253235,-0.10272820293903351,576944,2,3,True,Right,Front,Left,Centre,69
<_io.BytesIO object at 0x0000018E00226DB0>,0.7128481268882751,0.3492010533809662,-0.16604755818843842,576944,2,3,True,Right,Front,Left,Centre,69
<_io.BytesIO object at 0x0000018E002263B0>,0.7032421231269836,0.3410298526287079,-0.1277959942817688,576944,2,3,True,Right,Front,Left,Centre,69
<_io.BytesIO object at 0x0000018E0022A540>,0.24302352964878082,0.0933166965842247,-0.17223970592021942,576945,2,3,True,Right,Front,Left,Centre,69
<_io.BytesIO object at 0x0000018E0022A6D0>,0.2694632112979889,0.08946701884269714,-0.13712377846240997,576945,2,3,True,Right,Front,Left,Centre,69
<_io.BytesIO object at 0x0000018E0022A860>,0.20220349729061127,0.1035643070936203,-0.08000770211219788,576945,2,3,True,Right,Front,Left,Centre,69
<_io.BytesIO object at 0x0000018E00203A90>,0.16879072785377502,0.05561503767967224,-0.1392117738723755,576945,2,3,True,Right,Front,Left,Centre,69
<_io.BytesIO object at 0x0000018E00203EF0>,0.22087730467319489,0.05805656313896179,-0.17239169776439667,576945,2,3,True,Right,Front,Left,Centre,69
<_io.BytesIO object at 0x0000018E00203130>,0.6805281043052673,0.34386032819747925,-0.18931083381175995,576945,2,3,True,Right,Front,Left,Centre,69
<_io.BytesIO object at 0x0000018E00203AE0>,0.6582968831062317,0.42877137660980225,-0.17694050073623657,576945,2,3,True,Right,Front,Left,Centre,69
<_io.BytesIO object at 0x0000018E00203D60>,0.6838603615760803,0.39689043164253235,-0.10272820293903351,576945,2,3,True,Right,Front,Left,Centre,69
<_io.BytesIO object at 0x0000018E00203770>,0.7128481268882751,0.3492010533809662,-0.16604755818843842,576945,2,3,True,Right,Front,Left,Centre,69
<_io.BytesIO object at 0x0000018E00203270>,0.7032421231269836,0.3410298526287079,-0.1277959942817688,576945,2,3,True,Right,Front,Left,Centre,69
<_io.BytesIO object at 0x0000018E0022A4A0>,0.24302352964878082,0.0933166965842247,-0.17223970592021942,576946,2,3,True,Right,Front,Left,Centre,69
<_io.BytesIO object at 0x0000018E00239D10>,0.2694632112979889,0.08946701884269714,-0.13712377846240997,576946,2,3,True,Right,Front,Left,Centre,69
<_io.BytesIO object at 0x0000018E00239220>,0.20220349729061127,0.1035643070936203,-0.08000770211219788,576946,2,3,True,Right,Front,Left,Centre,69
<_io.BytesIO object at 0x0000018E00239EF0>,0.16879072785377502,0.05561503767967224,-0.1392117738723755,576946,2,3,True,Right,Front,Left,Centre,69
<_io.BytesIO object at 0x0000018E00239F40>,0.22087730467319489,0.05805656313896179,-0.17239169776439667,576946,2,3,True,Right,Front,Left,Centre,69
<_io.BytesIO object at 0x0000018E00239810>,0.6805281043052673,0.34386032819747925,-0.18931083381175995,576946,2,3,True,Right,Front,Left,Centre,69
<_io.BytesIO object at 0x0000018E00239A40>,0.6582968831062317,0.42877137660980225,-0.17694050073623657,576946,2,3,True,Right,Front,Left,Centre,69
<_io.BytesIO object at 0x0000018E002264A0>,0.6838603615760803,0.39689043164253235,-0.10272820293903351,576946,2,3,True,Right,Front,Left,Centre,69
<_io.BytesIO object at 0x0000018E002263B0>,0.7128481268882751,0.3492010533809662,-0.16604755818843842,576946,2,3,True,Right,Front,Left,Centre,69
<_io.BytesIO object at 0x0000018E00226040>,0.7032421231269836,0.3410298526287079,-0.1277959942817688,576946,2,3,True,Right,Front,Left,Centre,69
<_io.BytesIO object at 0x0000018E001933B0>,0.24302352964878082,0.0933166965842247,-0.17223970592021942,576947,2,3,True,Right,Front,Left,Centre,69
<_io.BytesIO object at 0x0000018E0020F360>,0.2694632112979889,0.08946701884269714,-0.13712377846240997,576947,2,3,True,Right,Front,Left,Centre,69
<_io.BytesIO object at 0x0000018E0020FA40>,0.20220349729061127,0.1035643070936203,-0.08000770211219788,576947,2,3,True,Right,Front,Left,Centre,69
<_io.BytesIO object at 0x0000018E0020F3B0>,0.16879072785377502,0.05561503767967224,-0.1392117738723755,576947,2,3,True,Right,Front,Left,Centre,69
<_io.BytesIO object at 0x0000018E0020F0E0>,0.22087730467319489,0.05805656313896179,-0.17239169776439667,576947,2,3,True,Right,Front,Left,Centre,69
<_io.BytesIO object at 0x0000018E0020F860>,0.6805281043052673,0.34386032819747925,-0.18931083381175995,576947,2,3,True,Right,Front,Left,Centre,69
<_io.BytesIO object at 0x0000018E0020FA90>,0.6582968831062317,0.42877137660980225,-0.17694050073623657,576947,2,3,True,Right,Front,Left,Centre,69
<_io.BytesIO object at 0x0000018E0022E860>,0.6838603615760803,0.39689043164253235,-0.10272820293903351,576947,2,3,True,Right,Front,Left,Centre,69
<_io.BytesIO object at 0x0000018E0022E4A0>,0.7128481268882751,0.3492010533809662,-0.16604755818843842,576947,2,3,True,Right,Front,Left,Centre,69
<_io.BytesIO object at 0x0000018E0022E270>,0.7032421231269836,0.3410298526287079,-0.1277959942817688,576947,2,3,True,Right,Front,Left,Centre,69
<_io.BytesIO object at 0x0000018E0020B860>,0.24302352964878082,0.0933166965842247,-0.17223970592021942,576948,2,3,True,Right,Front,Left,Centre,69
<_io.BytesIO object at 0x0000018E0006A4F0>,0.2694632112979889,0.08946701884269714,-0.13712377846240997,576948,2,3,True,Right,Front,Left,Centre,69
<_io.BytesIO object at 0x0000018E0006AF40>,0.20220349729061127,0.1035643070936203,-0.08000770211219788,576948,2,3,True,Right,Front,Left,Centre,69
<_io.BytesIO object at 0x0000018E0006A3B0>,0.16879072785377502,0.05561503767967224,-0.1392117738723755,576948,2,3,True,Right,Front,Left,Centre,69
<_io.BytesIO object at 0x0000018E0006AB30>,0.22087730467319489,0.05805656313896179,-0.17239169776439667,576948,2,3,True,Right,Front,Left,Centre,69
<_io.BytesIO object at 0x0000018E0006AE50>,0.6805281043052673,0.34386032819747925,-0.18931083381175995,576948,2,3,True,Right,Front,Left,Centre,69
<_io.BytesIO object at 0x0000018E00158EF0>,0.6582968831062317,0.42877137660980225,-0.17694050073623657,576948,2,3,True,Right,Front,Left,Centre,69
<_io.BytesIO object at 0x0000018E00158950>,0.6838603615760803,0.39689043164253235,-0.10272820293903351,576948,2,3,True,Right,Front,Left,Centre,69
<_io.BytesIO object at 0x0000018E00158F90>,0.7128481268882751,0.3492010533809662,-0.16604755818843842,576948,2,3,True,Right,Front,Left,Centre,69
<_io.BytesIO object at 0x0000018E001581D0>,0.7032421231269836,0.3410298526287079,-0.1277959942817688,576948,2,3,True,Right,Front,Left,Centre,69
<_io.BytesIO object at 0x0000018E0013E3B0>,0.24302352964878082,0.0933166965842247,-0.17223970592021942,576949,2,3,True,Right,Front,Left,Centre,69
<_io.BytesIO object at 0x0000018E782C50E0>,0.2694632112979889,0.08946701884269714,-0.13712377846240997,576949,2,3,True,Right,Front,Left,Centre,69
<_io.BytesIO object at 0x0000018E00209B80>,0.20220349729061127,0.1035643070936203,-0.08000770211219788,576949,2,3,True,Right,Front,Left,Centre,69
<_io.BytesIO object at 0x0000018E002097C0>,0.16879072785377502,0.05561503767967224,-0.1392117738723755,576949,2,3,True,Right,Front,Left,Centre,69
<_io.BytesIO object at 0x0000018E00209A90>,0.22087730467319489,0.05805656313896179,-0.17239169776439667,576949,2,3,True,Right,Front,Left,Centre,69
<_io.BytesIO object at 0x0000018E00209AE0>,0.6805281043052673,0.34386032819747925,-0.18931083381175995,576949,2,3,True,Right,Front,Left,Centre,69
<_io.BytesIO object at 0x0000018E002098B0>,0.6582968831062317,0.42877137660980225,-0.17694050073623657,576949,2,3,True,Right,Front,Left,Centre,69
<_io.BytesIO object at 0x0000018E00209C20>,0.6838603615760803,0.39689043164253235,-0.10272820293903351,576949,2,3,True,Right,Front,Left,Centre,69
<_io.BytesIO object at 0x0000018E00146A90>,0.7128481268882751,0.3492010533809662,-0.16604755818843842,576949,2,3,True,Right,Front,Left,Centre,69
<_io.BytesIO object at 0x0000018E001464A0>,0.7032421231269836,0.3410298526287079,-0.1277959942817688,576949,2,3,True,Right,Front,Left,Centre,69
<_io.BytesIO object at 0x0000018E001460E0>,0.24302352964878082,0.0933166965842247,-0.17223970592021942,576950,2,3,True,Right,Front,Left,Centre,69
<_io.BytesIO object at 0x0000018E00146590>,0.2694632112979889,0.08946701884269714,-0.13712377846240997,576950,2,3,True,Right,Front,Left,Centre,69
<_io.BytesIO object at 0x0000018E00146720>,0.20220349729061127,0.1035643070936203,-0.08000770211219788,576950,2,3,True,Right,Front,Left,Centre,69
<_io.BytesIO object at 0x0000018E00146C20>,0.16879072785377502,0.05561503767967224,-0.1392117738723755,576950,2,3,True,Right,Front,Left,Centre,69
<_io.BytesIO object at 0x0000018E002099F0>,0.22087730467319489,0.05805656313896179,-0.17239169776439667,576950,2,3,True,Right,Front,Left,Centre,69
<_io.BytesIO object at 0x0000018E002098B0>,0.6805281043052673,0.34386032819747925,-0.18931083381175995,576950,2,3,True,Right,Front,Left,Centre,69
<_io.BytesIO object at 0x0000018E00209900>,0.6582968831062317,0.42877137660980225,-0.17694050073623657,576950,2,3,True,Right,Front,Left,Centre,69
<_io.BytesIO object at 0x0000018E00209950>,0.6838603615760803,0.39689043164253235,-0.10272820293903351,576950,2,3,True,Right,Front,Left,Centre,69
<_io.BytesIO object at 0x0000018E00209310>,0.7128481268882751,0.3492010533809662,-0.16604755818843842,576950,2,3,True,Right,Front,Left,Centre,69
<_io.BytesIO object at 0x0000018E002092C0>,0.7032421231269836,0.3410298526287079,-0.1277959942817688,576950,2,3,True,Right,Front,Left,Centre,69
<_io.BytesIO object at 0x0000018E0013E6D0>,0.24302352964878082,0.0933166965842247,-0.17223970592021942,576951,2,3,True,Right,Front,Left,Centre,69
<_io.BytesIO object at 0x0000018E00158450>,0.2694632112979889,0.08946701884269714,-0.13712377846240997,576951,2,3,True,Right,Front,Left,Centre,69
<_io.BytesIO object at 0x0000018E00158F90>,0.20220349729061127,0.1035643070936203,-0.08000770211219788,576951,2,3,True,Right,Front,Left,Centre,69
<_io.BytesIO object at 0x0000018E00158B30>,0.16879072785377502,0.05561503767967224,-0.1392117738723755,576951,2,3,True,Right,Front,Left,Centre,69
<_io.BytesIO object at 0x0000018E0006AE00>,0.22087730467319489,0.05805656313896179,-0.17239169776439667,576951,2,3,True,Right,Front,Left,Centre,69
<_io.BytesIO object at 0x0000018E0006AC70>,0.6805281043052673,0.34386032819747925,-0.18931083381175995,576951,2,3,True,Right,Front,Left,Centre,69
<_io.BytesIO object at 0x0000018E0006ADB0>,0.6582968831062317,0.42877137660980225,-0.17694050073623657,576951,2,3,True,Right,Front,Left,Centre,69
<_io.BytesIO object at 0x0000018E0006A860>,0.6838603615760803,0.39689043164253235,-0.10272820293903351,576951,2,3,True,Right,Front,Left,Centre,69
<_io.BytesIO object at 0x0000018E0006AF40>,0.7128481268882751,0.3492010533809662,-0.16604755818843842,576951,2,3,True,Right,Front,Left,Centre,69
<_io.BytesIO object at 0x0000018E0006A130>,0.7032421231269836,0.3410298526287079,-0.1277959942817688,576951,2,3,True,Right,Front,Left,Centre,69
<_io.BytesIO object at 0x0000018E0022EE50>,0.24302352964878082,0.0933166965842247,-0.17223970592021942,576952,2,3,True,Right,Front,Left,Centre,69
<_io.BytesIO object at 0x0000018E0022EDB0>,0.2694632112979889,0.08946701884269714,-0.13712377846240997,576952,2,3,True,Right,Front,Left,Centre,69
<_io.BytesIO object at 0x0000018E0022E4A0>,0.20220349729061127,0.1035643070936203,-0.08000770211219788,576952,2,3,True,Right,Front,Left,Centre,69
<_io.BytesIO object at 0x0000018E0022E9A0>,0.16879072785377502,0.05561503767967224,-0.1392117738723755,576952,2,3,True,Right,Front,Left,Centre,69
<_io.BytesIO object at 0x0000018E0020F540>,0.22087730467319489,0.05805656313896179,-0.17239169776439667,576952,2,3,True,Right,Front,Left,Centre,69
<_io.BytesIO object at 0x0000018E0020FA90>,0.6805281043052673,0.34386032819747925,-0.18931083381175995,576952,2,3,True,Right,Front,Left,Centre,69
<_io.BytesIO object at 0x0000018E0020F180>,0.6582968831062317,0.42877137660980225,-0.17694050073623657,576952,2,3,True,Right,Front,Left,Centre,69
<_io.BytesIO object at 0x0000018E0020F770>,0.6838603615760803,0.39689043164253235,-0.10272820293903351,576952,2,3,True,Right,Front,Left,Centre,69
<_io.BytesIO object at 0x0000018E0020F310>,0.7128481268882751,0.3492010533809662,-0.16604755818843842,576952,2,3,True,Right,Front,Left,Centre,69
<_io.BytesIO object at 0x0000018E0020F360>,0.7032421231269836,0.3410298526287079,-0.1277959942817688,576952,2,3,True,Right,Front,Left,Centre,69
<_io.BytesIO object at 0x0000018E002397C0>,0.24302352964878082,0.0933166965842247,-0.17223970592021942,576953,2,3,True,Right,Front,Left,Centre,69
<_io.BytesIO object at 0x0000018E00239F40>,0.2694632112979889,0.08946701884269714,-0.13712377846240997,576953,2,3,True,Right,Front,Left,Centre,69
<_io.BytesIO object at 0x0000018E002393B0>,0.20220349729061127,0.1035643070936203,-0.08000770211219788,576953,2,3,True,Right,Front,Left,Centre,69
<_io.BytesIO object at 0x0000018E00239590>,0.16879072785377502,0.05561503767967224,-0.1392117738723755,576953,2,3,True,Right,Front,Left,Centre,69
<_io.BytesIO object at 0x0000018E00239E50>,0.22087730467319489,0.05805656313896179,-0.17239169776439667,576953,2,3,True,Right,Front,Left,Centre,69
<_io.BytesIO object at 0x0000018E0022A5E0>,0.6805281043052673,0.34386032819747925,-0.18931083381175995,576953,2,3,True,Right,Front,Left,Centre,69
<_io.BytesIO object at 0x0000018E0022A090>,0.6582968831062317,0.42877137660980225,-0.17694050073623657,576953,2,3,True,Right,Front,Left,Centre,69
<_io.BytesIO object at 0x0000018E0022A900>,0.6838603615760803,0.39689043164253235,-0.10272820293903351,576953,2,3,True,Right,Front,Left,Centre,69
<_io.BytesIO object at 0x0000018E0022A540>,0.7128481268882751,0.3492010533809662,-0.16604755818843842,576953,2,3,True,Right,Front,Left,Centre,69
<_io.BytesIO object at 0x0000018E0022A590>,0.7032421231269836,0.3410298526287079,-0.1277959942817688,576953,2,3,True,Right,Front,Left,Centre,69
<_io.BytesIO object at 0x0000018E00203270>,0.24302352964878082,0.0933166965842247,-0.17223970592021942,576954,2,3,True,Right,Front,Left,Centre,69
<_io.BytesIO object at 0x0000018E00203130>,0.2694632112979889,0.08946701884269714,-0.13712377846240997,576954,2,3,True,Right,Front,Left,Centre,69
<_io.BytesIO object at 0x0000018E002035E0>,0.20220349729061127,0.1035643070936203,-0.08000770211219788,576954,2,3,True,Right,Front,Left,Centre,69
<_io.BytesIO object at 0x0000018E00203D10>,0.16879072785377502,0.05561503767967224,-0.1392117738723755,576954,2,3,True,Right,Front,Left,Centre,69
<_io.BytesIO object at 0x0000018E002ACF40>,0.22087730467319489,0.05805656313896179,-0.17239169776439667,576954,2,3,True,Right,Front,Left,Centre,69
<_io.BytesIO object at 0x0000018E002AC310>,0.6805281043052673,0.34386032819747925,-0.18931083381175995,576954,2,3,True,Right,Front,Left,Centre,69
<_io.BytesIO object at 0x0000018E002AC220>,0.6582968831062317,0.42877137660980225,-0.17694050073623657,576954,2,3,True,Right,Front,Left,Centre,69
<_io.BytesIO object at 0x0000018E002AC5E0>,0.6838603615760803,0.39689043164253235,-0.10272820293903351,576954,2,3,True,Right,Front,Left,Centre,69
<_io.BytesIO object at 0x0000018E002AC900>,0.7128481268882751,0.3492010533809662,-0.16604755818843842,576954,2,3,True,Right,Front,Left,Centre,69
<_io.BytesIO object at 0x0000018E002AC090>,0.7032421231269836,0.3410298526287079,-0.1277959942817688,576954,2,3,True,Right,Front,Left,Centre,69
<_io.BytesIO object at 0x0000018E00203A90>,0.24302352964878082,0.0933166965842247,-0.17223970592021942,576955,2,3,True,Right,Front,Left,Centre,69
<_io.BytesIO object at 0x0000018E00226040>,0.2694632112979889,0.08946701884269714,-0.13712377846240997,576955,2,3,True,Right,Front,Left,Centre,69
<_io.BytesIO object at 0x0000018E002264F0>,0.20220349729061127,0.1035643070936203,-0.08000770211219788,576955,2,3,True,Right,Front,Left,Centre,69
<_io.BytesIO object at 0x0000018E00226B80>,0.16879072785377502,0.05561503767967224,-0.1392117738723755,576955,2,3,True,Right,Front,Left,Centre,69
<_io.BytesIO object at 0x0000018E002265E0>,0.22087730467319489,0.05805656313896179,-0.17239169776439667,576955,2,3,True,Right,Front,Left,Centre,69
<_io.BytesIO object at 0x0000018E0022A180>,0.6805281043052673,0.34386032819747925,-0.18931083381175995,576955,2,3,True,Right,Front,Left,Centre,69
<_io.BytesIO object at 0x0000018E0022A2C0>,0.6582968831062317,0.42877137660980225,-0.17694050073623657,576955,2,3,True,Right,Front,Left,Centre,69
<_io.BytesIO object at 0x0000018E0022A0E0>,0.6838603615760803,0.39689043164253235,-0.10272820293903351,576955,2,3,True,Right,Front,Left,Centre,69
<_io.BytesIO object at 0x0000018E0022A040>,0.7128481268882751,0.3492010533809662,-0.16604755818843842,576955,2,3,True,Right,Front,Left,Centre,69
<_io.BytesIO object at 0x0000018E0022AC70>,0.7032421231269836,0.3410298526287079,-0.1277959942817688,576955,2,3,True,Right,Front,Left,Centre,69
<_io.BytesIO object at 0x0000018E00239C70>,0.24302352964878082,0.0933166965842247,-0.17223970592021942,576956,2,3,True,Right,Front,Left,Centre,69
<_io.BytesIO object at 0x0000018E00193900>,0.2694632112979889,0.08946701884269714,-0.13712377846240997,576956,2,3,True,Right,Front,Left,Centre,69
<_io.BytesIO object at 0x0000018E00193590>,0.20220349729061127,0.1035643070936203,-0.08000770211219788,576956,2,3,True,Right,Front,Left,Centre,69
<_io.BytesIO object at 0x0000018E00193450>,0.16879072785377502,0.05561503767967224,-0.1392117738723755,576956,2,3,True,Right,Front,Left,Centre,69
<_io.BytesIO object at 0x0000018E00193B80>,0.22087730467319489,0.05805656313896179,-0.17239169776439667,576956,2,3,True,Right,Front,Left,Centre,69
<_io.BytesIO object at 0x0000018E0020F680>,0.6805281043052673,0.34386032819747925,-0.18931083381175995,576956,2,3,True,Right,Front,Left,Centre,69
<_io.BytesIO object at 0x0000018E0020FBD0>,0.6582968831062317,0.42877137660980225,-0.17694050073623657,576956,2,3,True,Right,Front,Left,Centre,69
<_io.BytesIO object at 0x0000018E0020F9A0>,0.6838603615760803,0.39689043164253235,-0.10272820293903351,576956,2,3,True,Right,Front,Left,Centre,69
<_io.BytesIO object at 0x0000018E0020F360>,0.7128481268882751,0.3492010533809662,-0.16604755818843842,576956,2,3,True,Right,Front,Left,Centre,69
<_io.BytesIO object at 0x0000018E0020FA40>,0.7032421231269836,0.3410298526287079,-0.1277959942817688,576956,2,3,True,Right,Front,Left,Centre,69
<_io.BytesIO object at 0x0000018E0022E130>,0.24302352964878082,0.0933166965842247,-0.17223970592021942,576957,2,3,True,Right,Front,Left,Centre,69
<_io.BytesIO object at 0x0000018E0020B0E0>,0.2694632112979889,0.08946701884269714,-0.13712377846240997,576957,2,3,True,Right,Front,Left,Centre,69
<_io.BytesIO object at 0x0000018E0020BDB0>,0.20220349729061127,0.1035643070936203,-0.08000770211219788,576957,2,3,True,Right,Front,Left,Centre,69
<_io.BytesIO object at 0x0000018E0020B1D0>,0.16879072785377502,0.05561503767967224,-0.1392117738723755,576957,2,3,True,Right,Front,Left,Centre,69
<_io.BytesIO object at 0x0000018E0020BC20>,0.22087730467319489,0.05805656313896179,-0.17239169776439667,576957,2,3,True,Right,Front,Left,Centre,69
<_io.BytesIO object at 0x0000018E0020B2C0>,0.6805281043052673,0.34386032819747925,-0.18931083381175995,576957,2,3,True,Right,Front,Left,Centre,69
<_io.BytesIO object at 0x0000018E0006AB30>,0.6582968831062317,0.42877137660980225,-0.17694050073623657,576957,2,3,True,Right,Front,Left,Centre,69
<_io.BytesIO object at 0x0000018E0006A6D0>,0.6838603615760803,0.39689043164253235,-0.10272820293903351,576957,2,3,True,Right,Front,Left,Centre,69
<_io.BytesIO object at 0x0000018E0006A130>,0.7128481268882751,0.3492010533809662,-0.16604755818843842,576957,2,3,True,Right,Front,Left,Centre,69
<_io.BytesIO object at 0x0000018E0006A400>,0.7032421231269836,0.3410298526287079,-0.1277959942817688,576957,2,3,True,Right,Front,Left,Centre,69
<_io.BytesIO object at 0x0000018E0013E680>,0.24302352964878082,0.0933166965842247,-0.17223970592021942,576958,2,3,True,Right,Front,Left,Centre,69
<_io.BytesIO object at 0x0000018E0013ED60>,0.2694632112979889,0.08946701884269714,-0.13712377846240997,576958,2,3,True,Right,Front,Left,Centre,69
<_io.BytesIO object at 0x0000018E0013E4F0>,0.20220349729061127,0.1035643070936203,-0.08000770211219788,576958,2,3,True,Right,Front,Left,Centre,69
<_io.BytesIO object at 0x0000018E782C5310>,0.16879072785377502,0.05561503767967224,-0.1392117738723755,576958,2,3,True,Right,Front,Left,Centre,69
<_io.BytesIO object at 0x0000018E782C54A0>,0.22087730467319489,0.05805656313896179,-0.17239169776439667,576958,2,3,True,Right,Front,Left,Centre,69
<_io.BytesIO object at 0x0000018E782C5180>,0.6805281043052673,0.34386032819747925,-0.18931083381175995,576958,2,3,True,Right,Front,Left,Centre,69
<_io.BytesIO object at 0x0000018E002094A0>,0.6582968831062317,0.42877137660980225,-0.17694050073623657,576958,2,3,True,Right,Front,Left,Centre,69
<_io.BytesIO object at 0x0000018E002096D0>,0.6838603615760803,0.39689043164253235,-0.10272820293903351,576958,2,3,True,Right,Front,Left,Centre,69
<_io.BytesIO object at 0x0000018E00209DB0>,0.7128481268882751,0.3492010533809662,-0.16604755818843842,576958,2,3,True,Right,Front,Left,Centre,69
<_io.BytesIO object at 0x0000018E00209D10>,0.7032421231269836,0.3410298526287079,-0.1277959942817688,576958,2,3,True,Right,Front,Left,Centre,69
<_io.BytesIO object at 0x0000018E00209A90>,0.24302352964878082,0.0933166965842247,-0.17223970592021942,576959,2,3,True,Right,Front,Left,Centre,69
<_io.BytesIO object at 0x0000018E00209810>,0.2694632112979889,0.08946701884269714,-0.13712377846240997,576959,2,3,True,Right,Front,Left,Centre,69
<_io.BytesIO object at 0x0000018E782C5180>,0.20220349729061127,0.1035643070936203,-0.08000770211219788,576959,2,3,True,Right,Front,Left,Centre,69
<_io.BytesIO object at 0x0000018E782C50E0>,0.16879072785377502,0.05561503767967224,-0.1392117738723755,576959,2,3,True,Right,Front,Left,Centre,69
<_io.BytesIO object at 0x0000018E782C5090>,0.22087730467319489,0.05805656313896179,-0.17239169776439667,576959,2,3,True,Right,Front,Left,Centre,69
<_io.BytesIO object at 0x0000018E0006AEF0>,0.6805281043052673,0.34386032819747925,-0.18931083381175995,576959,2,3,True,Right,Front,Left,Centre,69
<_io.BytesIO object at 0x0000018E0006AC70>,0.6582968831062317,0.42877137660980225,-0.17694050073623657,576959,2,3,True,Right,Front,Left,Centre,69
<_io.BytesIO object at 0x0000018E0006AC20>,0.6838603615760803,0.39689043164253235,-0.10272820293903351,576959,2,3,True,Right,Front,Left,Centre,69
<_io.BytesIO object at 0x0000018E0006A8B0>,0.7128481268882751,0.3492010533809662,-0.16604755818843842,576959,2,3,True,Right,Front,Left,Centre,69
<_io.BytesIO object at 0x0000018E0006AEA0>,0.7032421231269836,0.3410298526287079,-0.1277959942817688,576959,2,3,True,Right,Front,Left,Centre,69
<_io.BytesIO object at 0x0000018E0022EA40>,0.24302352964878082,0.0933166965842247,-0.17223970592021942,576960,2,3,True,Right,Front,Left,Centre,69
<_io.BytesIO object at 0x0000018E0022E270>,0.2694632112979889,0.08946701884269714,-0.13712377846240997,576960,2,3,True,Right,Front,Left,Centre,69
<_io.BytesIO object at 0x0000018E0022E680>,0.20220349729061127,0.1035643070936203,-0.08000770211219788,576960,2,3,True,Right,Front,Left,Centre,69
<_io.BytesIO object at 0x0000018E00239A90>,0.16879072785377502,0.05561503767967224,-0.1392117738723755,576960,2,3,True,Right,Front,Left,Centre,69
<_io.BytesIO object at 0x0000018E00239770>,0.22087730467319489,0.05805656313896179,-0.17239169776439667,576960,2,3,True,Right,Front,Left,Centre,69
<_io.BytesIO object at 0x0000018E00239180>,0.6805281043052673,0.34386032819747925,-0.18931083381175995,576960,2,3,True,Right,Front,Left,Centre,69
<_io.BytesIO object at 0x0000018E00239C20>,0.6582968831062317,0.42877137660980225,-0.17694050073623657,576960,2,3,True,Right,Front,Left,Centre,69
<_io.BytesIO object at 0x0000018E00239450>,0.6838603615760803,0.39689043164253235,-0.10272820293903351,576960,2,3,True,Right,Front,Left,Centre,69
<_io.BytesIO object at 0x0000018E00239D10>,0.7128481268882751,0.3492010533809662,-0.16604755818843842,576960,2,3,True,Right,Front,Left,Centre,69
<_io.BytesIO object at 0x0000018E00239B30>,0.7032421231269836,0.3410298526287079,-0.1277959942817688,576960,2,3,True,Right,Front,Left,Centre,69
<_io.BytesIO object at 0x0000018E001587C0>,0.24302352964878082,0.0933166965842247,-0.17223970592021942,576961,2,3,True,Right,Front,Left,Centre,69
<_io.BytesIO object at 0x0000018E001580E0>,0.2694632112979889,0.08946701884269714,-0.13712377846240997,576961,2,3,True,Right,Front,Left,Centre,69
<_io.BytesIO object at 0x0000018E002AC090>,0.20220349729061127,0.1035643070936203,-0.08000770211219788,576961,2,3,True,Right,Front,Left,Centre,69
<_io.BytesIO object at 0x0000018E002AC0E0>,0.16879072785377502,0.05561503767967224,-0.1392117738723755,576961,2,3,True,Right,Front,Left,Centre,69
<_io.BytesIO object at 0x0000018E002AC220>,0.22087730467319489,0.05805656313896179,-0.17239169776439667,576961,2,3,True,Right,Front,Left,Centre,69
<_io.BytesIO object at 0x0000018E002AC680>,0.6805281043052673,0.34386032819747925,-0.18931083381175995,576961,2,3,True,Right,Front,Left,Centre,69
<_io.BytesIO object at 0x0000018E002AC2C0>,0.6582968831062317,0.42877137660980225,-0.17694050073623657,576961,2,3,True,Right,Front,Left,Centre,69
<_io.BytesIO object at 0x0000018E002AC4F0>,0.6838603615760803,0.39689043164253235,-0.10272820293903351,576961,2,3,True,Right,Front,Left,Centre,69
<_io.BytesIO object at 0x0000018E001939F0>,0.7128481268882751,0.3492010533809662,-0.16604755818843842,576961,2,3,True,Right,Front,Left,Centre,69
<_io.BytesIO object at 0x0000018E001930E0>,0.7032421231269836,0.3410298526287079,-0.1277959942817688,576961,2,3,True,Right,Front,Left,Centre,69
<_io.BytesIO object at 0x0000018E002035E0>,0.24302352964878082,0.0933166965842247,-0.17223970592021942,576962,2,3,True,Right,Front,Left,Centre,69
<_io.BytesIO object at 0x0000018E0020FEA0>,0.2694632112979889,0.08946701884269714,-0.13712377846240997,576962,2,3,True,Right,Front,Left,Centre,69
<_io.BytesIO object at 0x0000018E0020F180>,0.20220349729061127,0.1035643070936203,-0.08000770211219788,576962,2,3,True,Right,Front,Left,Centre,69
<_io.BytesIO object at 0x0000018E0020F310>,0.16879072785377502,0.05561503767967224,-0.1392117738723755,576962,2,3,True,Right,Front,Left,Centre,69
<_io.BytesIO object at 0x0000018E0020F900>,0.22087730467319489,0.05805656313896179,-0.17239169776439667,576962,2,3,True,Right,Front,Left,Centre,69
<_io.BytesIO object at 0x0000018E0020FB80>,0.6805281043052673,0.34386032819747925,-0.18931083381175995,576962,2,3,True,Right,Front,Left,Centre,69
<_io.BytesIO object at 0x0000018E0020F680>,0.6582968831062317,0.42877137660980225,-0.17694050073623657,576962,2,3,True,Right,Front,Left,Centre,69
<_io.BytesIO object at 0x0000018E0013EEF0>,0.6838603615760803,0.39689043164253235,-0.10272820293903351,576962,2,3,True,Right,Front,Left,Centre,69
<_io.BytesIO object at 0x0000018E0013E310>,0.7128481268882751,0.3492010533809662,-0.16604755818843842,576962,2,3,True,Right,Front,Left,Centre,69
<_io.BytesIO object at 0x0000018E0013E540>,0.7032421231269836,0.3410298526287079,-0.1277959942817688,576962,2,3,True,Right,Front,Left,Centre,69
<_io.BytesIO object at 0x0000018E00146EA0>,0.24302352964878082,0.0933166965842247,-0.17223970592021942,576963,2,3,True,Right,Front,Left,Centre,69
<_io.BytesIO object at 0x0000018E00221310>,0.2694632112979889,0.08946701884269714,-0.13712377846240997,576963,2,3,True,Right,Front,Left,Centre,69
<_io.BytesIO object at 0x0000018E00221770>,0.20220349729061127,0.1035643070936203,-0.08000770211219788,576963,2,3,True,Right,Front,Left,Centre,69
<_io.BytesIO object at 0x0000018E00221950>,0.16879072785377502,0.05561503767967224,-0.1392117738723755,576963,2,3,True,Right,Front,Left,Centre,69
<_io.BytesIO object at 0x0000018E00221B30>,0.22087730467319489,0.05805656313896179,-0.17239169776439667,576963,2,3,True,Right,Front,Left,Centre,69
<_io.BytesIO object at 0x0000018E00221D10>,0.6805281043052673,0.34386032819747925,-0.18931083381175995,576963,2,3,True,Right,Front,Left,Centre,69
<_io.BytesIO object at 0x0000018E00221EF0>,0.6582968831062317,0.42877137660980225,-0.17694050073623657,576963,2,3,True,Right,Front,Left,Centre,69
<_io.BytesIO object at 0x0000018E00221E00>,0.6838603615760803,0.39689043164253235,-0.10272820293903351,576963,2,3,True,Right,Front,Left,Centre,69
<_io.BytesIO object at 0x0000018E00221AE0>,0.7128481268882751,0.3492010533809662,-0.16604755818843842,576963,2,3,True,Right,Front,Left,Centre,69
<_io.BytesIO object at 0x0000018E00221860>,0.7032421231269836,0.3410298526287079,-0.1277959942817688,576963,2,3,True,Right,Front,Left,Centre,69
<_io.BytesIO object at 0x0000018E0013E630>,0.24302352964878082,0.0933166965842247,-0.17223970592021942,576964,2,3,True,Right,Front,Left,Centre,69
<_io.BytesIO object at 0x0000018E0013EC70>,0.2694632112979889,0.08946701884269714,-0.13712377846240997,576964,2,3,True,Right,Front,Left,Centre,69
<_io.BytesIO object at 0x0000018E0013ED60>,0.20220349729061127,0.1035643070936203,-0.08000770211219788,576964,2,3,True,Right,Front,Left,Centre,69
<_io.BytesIO object at 0x0000018E0013EEF0>,0.16879072785377502,0.05561503767967224,-0.1392117738723755,576964,2,3,True,Right,Front,Left,Centre,69
<_io.BytesIO object at 0x0000018E0020F0E0>,0.22087730467319489,0.05805656313896179,-0.17239169776439667,576964,2,3,True,Right,Front,Left,Centre,69
<_io.BytesIO object at 0x0000018E0020F680>,0.6805281043052673,0.34386032819747925,-0.18931083381175995,576964,2,3,True,Right,Front,Left,Centre,69
<_io.BytesIO object at 0x0000018E0020FBD0>,0.6582968831062317,0.42877137660980225,-0.17694050073623657,576964,2,3,True,Right,Front,Left,Centre,69
<_io.BytesIO object at 0x0000018E0020FD60>,0.6838603615760803,0.39689043164253235,-0.10272820293903351,576964,2,3,True,Right,Front,Left,Centre,69
<_io.BytesIO object at 0x0000018E0020FA40>,0.7128481268882751,0.3492010533809662,-0.16604755818843842,576964,2,3,True,Right,Front,Left,Centre,69
<_io.BytesIO object at 0x0000018E0020F130>,0.7032421231269836,0.3410298526287079,-0.1277959942817688,576964,2,3,True,Right,Front,Left,Centre,69
<_io.BytesIO object at 0x0000018E002ACC70>,0.24302352964878082,0.0933166965842247,-0.17223970592021942,576965,2,3,True,Right,Front,Left,Centre,69
<_io.BytesIO object at 0x0000018E002AC9F0>,0.2694632112979889,0.08946701884269714,-0.13712377846240997,576965,2,3,True,Right,Front,Left,Centre,69
<_io.BytesIO object at 0x0000018E001587C0>,0.20220349729061127,0.1035643070936203,-0.08000770211219788,576965,2,3,True,Right,Front,Left,Centre,69
<_io.BytesIO object at 0x0000018E001589F0>,0.16879072785377502,0.05561503767967224,-0.1392117738723755,576965,2,3,True,Right,Front,Left,Centre,69
<_io.BytesIO object at 0x0000018E00158450>,0.22087730467319489,0.05805656313896179,-0.17239169776439667,576965,2,3,True,Right,Front,Left,Centre,69
<_io.BytesIO object at 0x0000018E00158B80>,0.6805281043052673,0.34386032819747925,-0.18931083381175995,576965,2,3,True,Right,Front,Left,Centre,69
<_io.BytesIO object at 0x0000018E00158720>,0.6582968831062317,0.42877137660980225,-0.17694050073623657,576965,2,3,True,Right,Front,Left,Centre,69
<_io.BytesIO object at 0x0000018E00158130>,0.6838603615760803,0.39689043164253235,-0.10272820293903351,576965,2,3,True,Right,Front,Left,Centre,69
<_io.BytesIO object at 0x0000018E0022AA40>,0.7128481268882751,0.3492010533809662,-0.16604755818843842,576965,2,3,True,Right,Front,Left,Centre,69
<_io.BytesIO object at 0x0000018E0022AEA0>,0.7032421231269836,0.3410298526287079,-0.1277959942817688,576965,2,3,True,Right,Front,Left,Centre,69
<_io.BytesIO object at 0x0000018E002395E0>,0.24302352964878082,0.0933166965842247,-0.17223970592021942,576966,2,3,True,Right,Front,Left,Centre,69
<_io.BytesIO object at 0x0000018E0022EC70>,0.2694632112979889,0.08946701884269714,-0.13712377846240997,576966,2,3,True,Right,Front,Left,Centre,69
<_io.BytesIO object at 0x0000018E0022E770>,0.20220349729061127,0.1035643070936203,-0.08000770211219788,576966,2,3,True,Right,Front,Left,Centre,69
<_io.BytesIO object at 0x0000018E0022E180>,0.16879072785377502,0.05561503767967224,-0.1392117738723755,576966,2,3,True,Right,Front,Left,Centre,69
<_io.BytesIO object at 0x0000018E0022E3B0>,0.22087730467319489,0.05805656313896179,-0.17239169776439667,576966,2,3,True,Right,Front,Left,Centre,69
<_io.BytesIO object at 0x0000018E0022E540>,0.6805281043052673,0.34386032819747925,-0.18931083381175995,576966,2,3,True,Right,Front,Left,Centre,69
<_io.BytesIO object at 0x0000018E0022EB80>,0.6582968831062317,0.42877137660980225,-0.17694050073623657,576966,2,3,True,Right,Front,Left,Centre,69
<_io.BytesIO object at 0x0000018E0022E590>,0.6838603615760803,0.39689043164253235,-0.10272820293903351,576966,2,3,True,Right,Front,Left,Centre,69
<_io.BytesIO object at 0x0000018E00193F40>,0.7128481268882751,0.3492010533809662,-0.16604755818843842,576966,2,3,True,Right,Front,Left,Centre,69
<_io.BytesIO object at 0x0000018E00193720>,0.7032421231269836,0.3410298526287079,-0.1277959942817688,576966,2,3,True,Right,Front,Left,Centre,69
<_io.BytesIO object at 0x0000018E0020BA90>,0.24302352964878082,0.0933166965842247,-0.17223970592021942,576967,2,3,True,Right,Front,Left,Centre,69
<_io.BytesIO object at 0x0000018E0006A040>,0.2694632112979889,0.08946701884269714,-0.13712377846240997,576967,2,3,True,Right,Front,Left,Centre,69
<_io.BytesIO object at 0x0000018E0006AAE0>,0.20220349729061127,0.1035643070936203,-0.08000770211219788,576967,2,3,True,Right,Front,Left,Centre,69
<_io.BytesIO object at 0x0000018E0006A7C0>,0.16879072785377502,0.05561503767967224,-0.1392117738723755,576967,2,3,True,Right,Front,Left,Centre,69
<_io.BytesIO object at 0x0000018E0006AC20>,0.22087730467319489,0.05805656313896179,-0.17239169776439667,576967,2,3,True,Right,Front,Left,Centre,69
<_io.BytesIO object at 0x0000018E0006AD10>,0.6805281043052673,0.34386032819747925,-0.18931083381175995,576967,2,3,True,Right,Front,Left,Centre,69
<_io.BytesIO object at 0x0000018E0006A680>,0.6582968831062317,0.42877137660980225,-0.17694050073623657,576967,2,3,True,Right,Front,Left,Centre,69
<_io.BytesIO object at 0x0000018E782C52C0>,0.6838603615760803,0.39689043164253235,-0.10272820293903351,576967,2,3,True,Right,Front,Left,Centre,69
<_io.BytesIO object at 0x0000018E782C50E0>,0.7128481268882751,0.3492010533809662,-0.16604755818843842,576967,2,3,True,Right,Front,Left,Centre,69
<_io.BytesIO object at 0x0000018E782C55E0>,0.7032421231269836,0.3410298526287079,-0.1277959942817688,576967,2,3,True,Right,Front,Left,Centre,69
<_io.BytesIO object at 0x0000018E0006A810>,0.24302352964878082,0.0933166965842247,-0.17223970592021942,576968,2,3,True,Right,Front,Left,Centre,69
<_io.BytesIO object at 0x0000018E0006AD60>,0.2694632112979889,0.08946701884269714,-0.13712377846240997,576968,2,3,True,Right,Front,Left,Centre,69
<_io.BytesIO object at 0x0000018E0020BF40>,0.20220349729061127,0.1035643070936203,-0.08000770211219788,576968,2,3,True,Right,Front,Left,Centre,69
<_io.BytesIO object at 0x0000018E0020BB80>,0.16879072785377502,0.05561503767967224,-0.1392117738723755,576968,2,3,True,Right,Front,Left,Centre,69
<_io.BytesIO object at 0x0000018E0020B4F0>,0.22087730467319489,0.05805656313896179,-0.17239169776439667,576968,2,3,True,Right,Front,Left,Centre,69
<_io.BytesIO object at 0x0000018E0020B0E0>,0.6805281043052673,0.34386032819747925,-0.18931083381175995,576968,2,3,True,Right,Front,Left,Centre,69
<_io.BytesIO object at 0x0000018E0020B8B0>,0.6582968831062317,0.42877137660980225,-0.17694050073623657,576968,2,3,True,Right,Front,Left,Centre,69
<_io.BytesIO object at 0x0000018E0020B9F0>,0.6838603615760803,0.39689043164253235,-0.10272820293903351,576968,2,3,True,Right,Front,Left,Centre,69
<_io.BytesIO object at 0x0000018E0020B770>,0.7128481268882751,0.3492010533809662,-0.16604755818843842,576968,2,3,True,Right,Front,Left,Centre,69
<_io.BytesIO object at 0x0000018E00193360>,0.7032421231269836,0.3410298526287079,-0.1277959942817688,576968,2,3,True,Right,Front,Left,Centre,69
<_io.BytesIO object at 0x0000018E0022E450>,0.24302352964878082,0.0933166965842247,-0.17223970592021942,576969,2,3,True,Right,Front,Left,Centre,69
<_io.BytesIO object at 0x0000018E0022EC70>,0.2694632112979889,0.08946701884269714,-0.13712377846240997,576969,2,3,True,Right,Front,Left,Centre,69
<_io.BytesIO object at 0x0000018E0022AD60>,0.20220349729061127,0.1035643070936203,-0.08000770211219788,576969,2,3,True,Right,Front,Left,Centre,69
<_io.BytesIO object at 0x0000018E0022ADB0>,0.16879072785377502,0.05561503767967224,-0.1392117738723755,576969,2,3,True,Right,Front,Left,Centre,69
<_io.BytesIO object at 0x0000018E0022A4F0>,0.22087730467319489,0.05805656313896179,-0.17239169776439667,576969,2,3,True,Right,Front,Left,Centre,69
<_io.BytesIO object at 0x0000018E0022AC70>,0.6805281043052673,0.34386032819747925,-0.18931083381175995,576969,2,3,True,Right,Front,Left,Centre,69
<_io.BytesIO object at 0x0000018E0022A540>,0.6582968831062317,0.42877137660980225,-0.17694050073623657,576969,2,3,True,Right,Front,Left,Centre,69
<_io.BytesIO object at 0x0000018E0022AF90>,0.6838603615760803,0.39689043164253235,-0.10272820293903351,576969,2,3,True,Right,Front,Left,Centre,69
<_io.BytesIO object at 0x0000018E0022A7C0>,0.7128481268882751,0.3492010533809662,-0.16604755818843842,576969,2,3,True,Right,Front,Left,Centre,69
<_io.BytesIO object at 0x0000018E0022A090>,0.7032421231269836,0.3410298526287079,-0.1277959942817688,576969,2,3,True,Right,Front,Left,Centre,69
<_io.BytesIO object at 0x0000018E002AC4F0>,0.24302352964878082,0.0933166965842247,-0.17223970592021942,576970,2,3,True,Right,Front,Left,Centre,69
<_io.BytesIO object at 0x0000018E00203B80>,0.2694632112979889,0.08946701884269714,-0.13712377846240997,576970,2,3,True,Right,Front,Left,Centre,69
<_io.BytesIO object at 0x0000018E00203A40>,0.20220349729061127,0.1035643070936203,-0.08000770211219788,576970,2,3,True,Right,Front,Left,Centre,69
<_io.BytesIO object at 0x0000018E00203C20>,0.16879072785377502,0.05561503767967224,-0.1392117738723755,576970,2,3,True,Right,Front,Left,Centre,69
<_io.BytesIO object at 0x0000018E002034A0>,0.22087730467319489,0.05805656313896179,-0.17239169776439667,576970,2,3,True,Right,Front,Left,Centre,69
<_io.BytesIO object at 0x0000018E002037C0>,0.6805281043052673,0.34386032819747925,-0.18931083381175995,576970,2,3,True,Right,Front,Left,Centre,69
<_io.BytesIO object at 0x0000018E00203EA0>,0.6582968831062317,0.42877137660980225,-0.17694050073623657,576970,2,3,True,Right,Front,Left,Centre,69
<_io.BytesIO object at 0x0000018E0020F770>,0.6838603615760803,0.39689043164253235,-0.10272820293903351,576970,2,3,True,Right,Front,Left,Centre,69
<_io.BytesIO object at 0x0000018E0020F400>,0.7128481268882751,0.3492010533809662,-0.16604755818843842,576970,2,3,True,Right,Front,Left,Centre,69
<_io.BytesIO object at 0x0000018E0020F040>,0.7032421231269836,0.3410298526287079,-0.1277959942817688,576970,2,3,True,Right,Front,Left,Centre,69
<_io.BytesIO object at 0x0000018E0013EA90>,0.24302352964878082,0.0933166965842247,-0.17223970592021942,576971,2,3,True,Right,Front,Left,Centre,69
<_io.BytesIO object at 0x0000018E00239C70>,0.2694632112979889,0.08946701884269714,-0.13712377846240997,576971,2,3,True,Right,Front,Left,Centre,69
<_io.BytesIO object at 0x0000018E00239D60>,0.20220349729061127,0.1035643070936203,-0.08000770211219788,576971,2,3,True,Right,Front,Left,Centre,69
<_io.BytesIO object at 0x0000018E00239220>,0.16879072785377502,0.05561503767967224,-0.1392117738723755,576971,2,3,True,Right,Front,Left,Centre,69
<_io.BytesIO object at 0x0000018E00239630>,0.22087730467319489,0.05805656313896179,-0.17239169776439667,576971,2,3,True,Right,Front,Left,Centre,69
<_io.BytesIO object at 0x0000018E00239860>,0.6805281043052673,0.34386032819747925,-0.18931083381175995,576971,2,3,True,Right,Front,Left,Centre,69
<_io.BytesIO object at 0x0000018E002394F0>,0.6582968831062317,0.42877137660980225,-0.17694050073623657,576971,2,3,True,Right,Front,Left,Centre,69
<_io.BytesIO object at 0x0000018E00146F40>,0.6838603615760803,0.39689043164253235,-0.10272820293903351,576971,2,3,True,Right,Front,Left,Centre,69
<_io.BytesIO object at 0x0000018E00146B80>,0.7128481268882751,0.3492010533809662,-0.16604755818843842,576971,2,3,True,Right,Front,Left,Centre,69
<_io.BytesIO object at 0x0000018E00146130>,0.7032421231269836,0.3410298526287079,-0.1277959942817688,576971,2,3,True,Right,Front,Left,Centre,69
<_io.BytesIO object at 0x0000018E00221C70>,0.24302352964878082,0.0933166965842247,-0.17223970592021942,576972,2,3,True,Right,Front,Left,Centre,69
<_io.BytesIO object at 0x0000018E00209270>,0.2694632112979889,0.08946701884269714,-0.13712377846240997,576972,2,3,True,Right,Front,Left,Centre,69
<_io.BytesIO object at 0x0000018E00209040>,0.20220349729061127,0.1035643070936203,-0.08000770211219788,576972,2,3,True,Right,Front,Left,Centre,69
<_io.BytesIO object at 0x0000018E00209EF0>,0.16879072785377502,0.05561503767967224,-0.1392117738723755,576972,2,3,True,Right,Front,Left,Centre,69
<_io.BytesIO object at 0x0000018E00209BD0>,0.22087730467319489,0.05805656313896179,-0.17239169776439667,576972,2,3,True,Right,Front,Left,Centre,69
<_io.BytesIO object at 0x0000018E00209310>,0.6805281043052673,0.34386032819747925,-0.18931083381175995,576972,2,3,True,Right,Front,Left,Centre,69
<_io.BytesIO object at 0x0000018E00054AE0>,0.6582968831062317,0.42877137660980225,-0.17694050073623657,576972,2,3,True,Right,Front,Left,Centre,69
<_io.BytesIO object at 0x0000018E002099A0>,0.6838603615760803,0.39689043164253235,-0.10272820293903351,576972,2,3,True,Right,Front,Left,Centre,69
<_io.BytesIO object at 0x0000018E00209E00>,0.7128481268882751,0.3492010533809662,-0.16604755818843842,576972,2,3,True,Right,Front,Left,Centre,69
<_io.BytesIO object at 0x0000018E002092C0>,0.7032421231269836,0.3410298526287079,-0.1277959942817688,576972,2,3,True,Right,Front,Left,Centre,69
<_io.BytesIO object at 0x0000018E001462C0>,0.24302352964878082,0.0933166965842247,-0.17223970592021942,576973,2,3,True,Right,Front,Left,Centre,69
<_io.BytesIO object at 0x0000018E00146180>,0.2694632112979889,0.08946701884269714,-0.13712377846240997,576973,2,3,True,Right,Front,Left,Centre,69
<_io.BytesIO object at 0x0000018E00146B80>,0.20220349729061127,0.1035643070936203,-0.08000770211219788,576973,2,3,True,Right,Front,Left,Centre,69
<_io.BytesIO object at 0x0000018E00146950>,0.16879072785377502,0.05561503767967224,-0.1392117738723755,576973,2,3,True,Right,Front,Left,Centre,69
<_io.BytesIO object at 0x0000018E00239720>,0.22087730467319489,0.05805656313896179,-0.17239169776439667,576973,2,3,True,Right,Front,Left,Centre,69
<_io.BytesIO object at 0x0000018E002392C0>,0.6805281043052673,0.34386032819747925,-0.18931083381175995,576973,2,3,True,Right,Front,Left,Centre,69
<_io.BytesIO object at 0x0000018E00239B30>,0.6582968831062317,0.42877137660980225,-0.17694050073623657,576973,2,3,True,Right,Front,Left,Centre,69
<_io.BytesIO object at 0x0000018E00239450>,0.6838603615760803,0.39689043164253235,-0.10272820293903351,576973,2,3,True,Right,Front,Left,Centre,69
<_io.BytesIO object at 0x0000018E00239D60>,0.7128481268882751,0.3492010533809662,-0.16604755818843842,576973,2,3,True,Right,Front,Left,Centre,69
<_io.BytesIO object at 0x0000018E00239A40>,0.7032421231269836,0.3410298526287079,-0.1277959942817688,576973,2,3,True,Right,Front,Left,Centre,69
<_io.BytesIO object at 0x0000018E0020F5E0>,0.24302352964878082,0.0933166965842247,-0.17223970592021942,576974,2,3,True,Right,Front,Left,Centre,69
<_io.BytesIO object at 0x0000018E0020FAE0>,0.2694632112979889,0.08946701884269714,-0.13712377846240997,576974,2,3,True,Right,Front,Left,Centre,69
<_io.BytesIO object at 0x0000018E0020F770>,0.20220349729061127,0.1035643070936203,-0.08000770211219788,576974,2,3,True,Right,Front,Left,Centre,69
<_io.BytesIO object at 0x0000018E00203B30>,0.16879072785377502,0.05561503767967224,-0.1392117738723755,576974,2,3,True,Right,Front,Left,Centre,69
<_io.BytesIO object at 0x0000018E002035E0>,0.22087730467319489,0.05805656313896179,-0.17239169776439667,576974,2,3,True,Right,Front,Left,Centre,69
<_io.BytesIO object at 0x0000018E002032C0>,0.6805281043052673,0.34386032819747925,-0.18931083381175995,576974,2,3,True,Right,Front,Left,Centre,69
<_io.BytesIO object at 0x0000018E002036D0>,0.6582968831062317,0.42877137660980225,-0.17694050073623657,576974,2,3,True,Right,Front,Left,Centre,69
<_io.BytesIO object at 0x0000018E00203360>,0.6838603615760803,0.39689043164253235,-0.10272820293903351,576974,2,3,True,Right,Front,Left,Centre,69
<_io.BytesIO object at 0x0000018E00203B80>,0.7128481268882751,0.3492010533809662,-0.16604755818843842,576974,2,3,True,Right,Front,Left,Centre,69
<_io.BytesIO object at 0x0000018E00203180>,0.7032421231269836,0.3410298526287079,-0.1277959942817688,576974,2,3,True,Right,Front,Left,Centre,69
<_io.BytesIO object at 0x0000018E001588B0>,0.24302352964878082,0.0933166965842247,-0.17223970592021942,576975,2,3,True,Right,Front,Left,Centre,69
<_io.BytesIO object at 0x0000018E0022AF40>,0.2694632112979889,0.08946701884269714,-0.13712377846240997,576975,2,3,True,Right,Front,Left,Centre,69
<_io.BytesIO object at 0x0000018E0022AF90>,0.20220349729061127,0.1035643070936203,-0.08000770211219788,576975,2,3,True,Right,Front,Left,Centre,69
<_io.BytesIO object at 0x0000018E0022A040>,0.16879072785377502,0.05561503767967224,-0.1392117738723755,576975,2,3,True,Right,Front,Left,Centre,69
<_io.BytesIO object at 0x0000018E0022AEF0>,0.22087730467319489,0.05805656313896179,-0.17239169776439667,576975,2,3,True,Right,Front,Left,Centre,69
<_io.BytesIO object at 0x0000018E0022AA90>,0.6805281043052673,0.34386032819747925,-0.18931083381175995,576975,2,3,True,Right,Front,Left,Centre,69
<_io.BytesIO object at 0x0000018E0022AD10>,0.6582968831062317,0.42877137660980225,-0.17694050073623657,576975,2,3,True,Right,Front,Left,Centre,69
<_io.BytesIO object at 0x0000018E0022E680>,0.6838603615760803,0.39689043164253235,-0.10272820293903351,576975,2,3,True,Right,Front,Left,Centre,69
<_io.BytesIO object at 0x0000018E0022E1D0>,0.7128481268882751,0.3492010533809662,-0.16604755818843842,576975,2,3,True,Right,Front,Left,Centre,69
<_io.BytesIO object at 0x0000018E0022E310>,0.7032421231269836,0.3410298526287079,-0.1277959942817688,576975,2,3,True,Right,Front,Left,Centre,69
<_io.BytesIO object at 0x0000018E00193090>,0.24302352964878082,0.0933166965842247,-0.17223970592021942,576976,2,3,True,Right,Front,Left,Centre,69
<_io.BytesIO object at 0x0000018E0020B950>,0.2694632112979889,0.08946701884269714,-0.13712377846240997,576976,2,3,True,Right,Front,Left,Centre,69
<_io.BytesIO object at 0x0000018E0020BE00>,0.20220349729061127,0.1035643070936203,-0.08000770211219788,576976,2,3,True,Right,Front,Left,Centre,69
<_io.BytesIO object at 0x0000018E0020B0E0>,0.16879072785377502,0.05561503767967224,-0.1392117738723755,576976,2,3,True,Right,Front,Left,Centre,69
<_io.BytesIO object at 0x0000018E0020B220>,0.22087730467319489,0.05805656313896179,-0.17239169776439667,576976,2,3,True,Right,Front,Left,Centre,69
<_io.BytesIO object at 0x0000018E0020B400>,0.6805281043052673,0.34386032819747925,-0.18931083381175995,576976,2,3,True,Right,Front,Left,Centre,69
<_io.BytesIO object at 0x0000018E0020B2C0>,0.6582968831062317,0.42877137660980225,-0.17694050073623657,576976,2,3,True,Right,Front,Left,Centre,69
<_io.BytesIO object at 0x0000018E0020BCC0>,0.6838603615760803,0.39689043164253235,-0.10272820293903351,576976,2,3,True,Right,Front,Left,Centre,69
<_io.BytesIO object at 0x0000018E0006AD60>,0.7128481268882751,0.3492010533809662,-0.16604755818843842,576976,2,3,True,Right,Front,Left,Centre,69
<_io.BytesIO object at 0x0000018E0006A3B0>,0.7032421231269836,0.3410298526287079,-0.1277959942817688,576976,2,3,True,Right,Front,Left,Centre,69
<_io.BytesIO object at 0x0000018E0020B6D0>,0.24302352964878082,0.0933166965842247,-0.17223970592021942,576977,2,3,True,Right,Front,Left,Centre,69
<_io.BytesIO object at 0x0000018E00193BD0>,0.2694632112979889,0.08946701884269714,-0.13712377846240997,576977,2,3,True,Right,Front,Left,Centre,69
<_io.BytesIO object at 0x0000018E001937C0>,0.20220349729061127,0.1035643070936203,-0.08000770211219788,576977,2,3,True,Right,Front,Left,Centre,69
<_io.BytesIO object at 0x0000018E00193900>,0.16879072785377502,0.05561503767967224,-0.1392117738723755,576977,2,3,True,Right,Front,Left,Centre,69
<_io.BytesIO object at 0x0000018E001938B0>,0.22087730467319489,0.05805656313896179,-0.17239169776439667,576977,2,3,True,Right,Front,Left,Centre,69
<_io.BytesIO object at 0x0000018E00193810>,0.6805281043052673,0.34386032819747925,-0.18931083381175995,576977,2,3,True,Right,Front,Left,Centre,69
<_io.BytesIO object at 0x0000018E001933B0>,0.6582968831062317,0.42877137660980225,-0.17694050073623657,576977,2,3,True,Right,Front,Left,Centre,69
<_io.BytesIO object at 0x0000018E0022EF90>,0.6838603615760803,0.39689043164253235,-0.10272820293903351,576977,2,3,True,Right,Front,Left,Centre,69
<_io.BytesIO object at 0x0000018E0022EB30>,0.7128481268882751,0.3492010533809662,-0.16604755818843842,576977,2,3,True,Right,Front,Left,Centre,69
<_io.BytesIO object at 0x0000018E0022E130>,0.7032421231269836,0.3410298526287079,-0.1277959942817688,576977,2,3,True,Right,Front,Left,Centre,69
<_io.BytesIO object at 0x0000018E0022AB80>,0.24302352964878082,0.0933166965842247,-0.17223970592021942,576978,2,3,True,Right,Front,Left,Centre,69
<_io.BytesIO object at 0x0000018E00158220>,0.2694632112979889,0.08946701884269714,-0.13712377846240997,576978,2,3,True,Right,Front,Left,Centre,69
<_io.BytesIO object at 0x0000018E00158400>,0.20220349729061127,0.1035643070936203,-0.08000770211219788,576978,2,3,True,Right,Front,Left,Centre,69
<_io.BytesIO object at 0x0000018E00158F90>,0.16879072785377502,0.05561503767967224,-0.1392117738723755,576978,2,3,True,Right,Front,Left,Centre,69
<_io.BytesIO object at 0x0000018E00158D60>,0.22087730467319489,0.05805656313896179,-0.17239169776439667,576978,2,3,True,Right,Front,Left,Centre,69
<_io.BytesIO object at 0x0000018E00158770>,0.6805281043052673,0.34386032819747925,-0.18931083381175995,576978,2,3,True,Right,Front,Left,Centre,69
<_io.BytesIO object at 0x0000018E002AC7C0>,0.6582968831062317,0.42877137660980225,-0.17694050073623657,576978,2,3,True,Right,Front,Left,Centre,69
<_io.BytesIO object at 0x0000018E002AC090>,0.6838603615760803,0.39689043164253235,-0.10272820293903351,576978,2,3,True,Right,Front,Left,Centre,69
<_io.BytesIO object at 0x0000018E002AC220>,0.7128481268882751,0.3492010533809662,-0.16604755818843842,576978,2,3,True,Right,Front,Left,Centre,69
<_io.BytesIO object at 0x0000018E002AC180>,0.7032421231269836,0.3410298526287079,-0.1277959942817688,576978,2,3,True,Right,Front,Left,Centre,69
<_io.BytesIO object at 0x0000018E0020F3B0>,0.24302352964878082,0.0933166965842247,-0.17223970592021942,576979,2,3,True,Right,Front,Left,Centre,69
<_io.BytesIO object at 0x0000018E0020F2C0>,0.2694632112979889,0.08946701884269714,-0.13712377846240997,576979,2,3,True,Right,Front,Left,Centre,69
<_io.BytesIO object at 0x0000018E0020F0E0>,0.20220349729061127,0.1035643070936203,-0.08000770211219788,576979,2,3,True,Right,Front,Left,Centre,69
<_io.BytesIO object at 0x0000018E0013EC20>,0.16879072785377502,0.05561503767967224,-0.1392117738723755,576979,2,3,True,Right,Front,Left,Centre,69
<_io.BytesIO object at 0x0000018E0013EEF0>,0.22087730467319489,0.05805656313896179,-0.17239169776439667,576979,2,3,True,Right,Front,Left,Centre,69
<_io.BytesIO object at 0x0000018E0013EC70>,0.6805281043052673,0.34386032819747925,-0.18931083381175995,576979,2,3,True,Right,Front,Left,Centre,69
<_io.BytesIO object at 0x0000018E0013EA40>,0.6582968831062317,0.42877137660980225,-0.17694050073623657,576979,2,3,True,Right,Front,Left,Centre,69
<_io.BytesIO object at 0x0000018E0013E900>,0.6838603615760803,0.39689043164253235,-0.10272820293903351,576979,2,3,True,Right,Front,Left,Centre,69
<_io.BytesIO object at 0x0000018E0013EB80>,0.7128481268882751,0.3492010533809662,-0.16604755818843842,576979,2,3,True,Right,Front,Left,Centre,69
<_io.BytesIO object at 0x0000018E0013E6D0>,0.7032421231269836,0.3410298526287079,-0.1277959942817688,576979,2,3,True,Right,Front,Left,Centre,69
<_io.BytesIO object at 0x0000018E001465E0>,0.24302352964878082,0.0933166965842247,-0.17223970592021942,576980,2,3,True,Right,Front,Left,Centre,69
<_io.BytesIO object at 0x0000018E001466D0>,0.2694632112979889,0.08946701884269714,-0.13712377846240997,576980,2,3,True,Right,Front,Left,Centre,69
<_io.BytesIO object at 0x0000018E0006AE00>,0.20220349729061127,0.1035643070936203,-0.08000770211219788,576980,2,3,True,Right,Front,Left,Centre,69
<_io.BytesIO object at 0x0000018E0006A8B0>,0.16879072785377502,0.05561503767967224,-0.1392117738723755,576980,2,3,True,Right,Front,Left,Centre,69
<_io.BytesIO object at 0x0000018E0006A5E0>,0.22087730467319489,0.05805656313896179,-0.17239169776439667,576980,2,3,True,Right,Front,Left,Centre,69
<_io.BytesIO object at 0x0000018E0006A7C0>,0.6805281043052673,0.34386032819747925,-0.18931083381175995,576980,2,3,True,Right,Front,Left,Centre,69
<_io.BytesIO object at 0x0000018E0006A950>,0.6582968831062317,0.42877137660980225,-0.17694050073623657,576980,2,3,True,Right,Front,Left,Centre,69
<_io.BytesIO object at 0x0000018E0006AF90>,0.6838603615760803,0.39689043164253235,-0.10272820293903351,576980,2,3,True,Right,Front,Left,Centre,69
<_io.BytesIO object at 0x0000018E0006A4F0>,0.7128481268882751,0.3492010533809662,-0.16604755818843842,576980,2,3,True,Right,Front,Left,Centre,69
<_io.BytesIO object at 0x0000018E002219F0>,0.7032421231269836,0.3410298526287079,-0.1277959942817688,576980,2,3,True,Right,Front,Left,Centre,69
<_io.BytesIO object at 0x0000018E00209D10>,0.24302352964878082,0.0933166965842247,-0.17223970592021942,576981,2,3,True,Right,Front,Left,Centre,69
<_io.BytesIO object at 0x0000018E782C5130>,0.2694632112979889,0.08946701884269714,-0.13712377846240997,576981,2,3,True,Right,Front,Left,Centre,69
<_io.BytesIO object at 0x0000018E00227180>,0.20220349729061127,0.1035643070936203,-0.08000770211219788,576981,2,3,True,Right,Front,Left,Centre,69
<_io.BytesIO object at 0x0000018E00227360>,0.16879072785377502,0.05561503767967224,-0.1392117738723755,576981,2,3,True,Right,Front,Left,Centre,69
<_io.BytesIO object at 0x0000018E782C5090>,0.22087730467319489,0.05805656313896179,-0.17239169776439667,576981,2,3,True,Right,Front,Left,Centre,69
<_io.BytesIO object at 0x0000018E782C5900>,0.6805281043052673,0.34386032819747925,-0.18931083381175995,576981,2,3,True,Right,Front,Left,Centre,69
<_io.BytesIO object at 0x0000018E00209BD0>,0.6582968831062317,0.42877137660980225,-0.17694050073623657,576981,2,3,True,Right,Front,Left,Centre,69
<_io.BytesIO object at 0x0000018E00209810>,0.6838603615760803,0.39689043164253235,-0.10272820293903351,576981,2,3,True,Right,Front,Left,Centre,69
<_io.BytesIO object at 0x0000018E002091D0>,0.7128481268882751,0.3492010533809662,-0.16604755818843842,576981,2,3,True,Right,Front,Left,Centre,69
<_io.BytesIO object at 0x0000018E00209F90>,0.7032421231269836,0.3410298526287079,-0.1277959942817688,576981,2,3,True,Right,Front,Left,Centre,69
<_io.BytesIO object at 0x0000018E0006ADB0>,0.24302352964878082,0.0933166965842247,-0.17223970592021942,576982,2,3,True,Right,Front,Left,Centre,69
<_io.BytesIO object at 0x0000018E0006A360>,0.2694632112979889,0.08946701884269714,-0.13712377846240997,576982,2,3,True,Right,Front,Left,Centre,69
<_io.BytesIO object at 0x0000018E001465E0>,0.20220349729061127,0.1035643070936203,-0.08000770211219788,576982,2,3,True,Right,Front,Left,Centre,69
<_io.BytesIO object at 0x0000018E00146540>,0.16879072785377502,0.05561503767967224,-0.1392117738723755,576982,2,3,True,Right,Front,Left,Centre,69
<_io.BytesIO object at 0x0000018E00146360>,0.22087730467319489,0.05805656313896179,-0.17239169776439667,576982,2,3,True,Right,Front,Left,Centre,69
<_io.BytesIO object at 0x0000018E001463B0>,0.6805281043052673,0.34386032819747925,-0.18931083381175995,576982,2,3,True,Right,Front,Left,Centre,69
<_io.BytesIO object at 0x0000018E001460E0>,0.6582968831062317,0.42877137660980225,-0.17694050073623657,576982,2,3,True,Right,Front,Left,Centre,69
<_io.BytesIO object at 0x0000018E00146F40>,0.6838603615760803,0.39689043164253235,-0.10272820293903351,576982,2,3,True,Right,Front,Left,Centre,69
<_io.BytesIO object at 0x0000018E002394F0>,0.7128481268882751,0.3492010533809662,-0.16604755818843842,576982,2,3,True,Right,Front,Left,Centre,69
<_io.BytesIO object at 0x0000018E002391D0>,0.7032421231269836,0.3410298526287079,-0.1277959942817688,576982,2,3,True,Right,Front,Left,Centre,69
<_io.BytesIO object at 0x0000018E0013E8B0>,0.24302352964878082,0.0933166965842247,-0.17223970592021942,576983,2,3,True,Right,Front,Left,Centre,69
<_io.BytesIO object at 0x0000018E00203EA0>,0.2694632112979889,0.08946701884269714,-0.13712377846240997,576983,2,3,True,Right,Front,Left,Centre,69
<_io.BytesIO object at 0x0000018E00203E50>,0.20220349729061127,0.1035643070936203,-0.08000770211219788,576983,2,3,True,Right,Front,Left,Centre,69
<_io.BytesIO object at 0x0000018E002039A0>,0.16879072785377502,0.05561503767967224,-0.1392117738723755,576983,2,3,True,Right,Front,Left,Centre,69
<_io.BytesIO object at 0x0000018E00203AE0>,0.22087730467319489,0.05805656313896179,-0.17239169776439667,576983,2,3,True,Right,Front,Left,Centre,69
<_io.BytesIO object at 0x0000018E00203C20>,0.6805281043052673,0.34386032819747925,-0.18931083381175995,576983,2,3,True,Right,Front,Left,Centre,69
<_io.BytesIO object at 0x0000018E002AC1D0>,0.6582968831062317,0.42877137660980225,-0.17694050073623657,576983,2,3,True,Right,Front,Left,Centre,69
<_io.BytesIO object at 0x0000018E002ACEF0>,0.6838603615760803,0.39689043164253235,-0.10272820293903351,576983,2,3,True,Right,Front,Left,Centre,69
<_io.BytesIO object at 0x0000018E002AC310>,0.7128481268882751,0.3492010533809662,-0.16604755818843842,576983,2,3,True,Right,Front,Left,Centre,69
<_io.BytesIO object at 0x0000018E002AC3B0>,0.7032421231269836,0.3410298526287079,-0.1277959942817688,576983,2,3,True,Right,Front,Left,Centre,69
<_io.BytesIO object at 0x0000018E0022A950>,0.24302352964878082,0.0933166965842247,-0.17223970592021942,576984,2,3,True,Right,Front,Left,Centre,69
<_io.BytesIO object at 0x0000018E0022A2C0>,0.2694632112979889,0.08946701884269714,-0.13712377846240997,576984,2,3,True,Right,Front,Left,Centre,69
<_io.BytesIO object at 0x0000018E0020F2C0>,0.20220349729061127,0.1035643070936203,-0.08000770211219788,576984,2,3,True,Right,Front,Left,Centre,69
<_io.BytesIO object at 0x0000018E0020FA40>,0.16879072785377502,0.05561503767967224,-0.1392117738723755,576984,2,3,True,Right,Front,Left,Centre,69
<_io.BytesIO object at 0x0000018E0020F720>,0.22087730467319489,0.05805656313896179,-0.17239169776439667,576984,2,3,True,Right,Front,Left,Centre,69
<_io.BytesIO object at 0x0000018E0020F810>,0.6805281043052673,0.34386032819747925,-0.18931083381175995,576984,2,3,True,Right,Front,Left,Centre,69
<_io.BytesIO object at 0x0000018E0020F630>,0.6582968831062317,0.42877137660980225,-0.17694050073623657,576984,2,3,True,Right,Front,Left,Centre,69
<_io.BytesIO object at 0x0000018E0020F180>,0.6838603615760803,0.39689043164253235,-0.10272820293903351,576984,2,3,True,Right,Front,Left,Centre,69
<_io.BytesIO object at 0x0000018E0020FC20>,0.7128481268882751,0.3492010533809662,-0.16604755818843842,576984,2,3,True,Right,Front,Left,Centre,69
<_io.BytesIO object at 0x0000018E0022EDB0>,0.7032421231269836,0.3410298526287079,-0.1277959942817688,576984,2,3,True,Right,Front,Left,Centre,69
<_io.BytesIO object at 0x0000018E00193D60>,0.24302352964878082,0.0933166965842247,-0.17223970592021942,576985,2,3,True,Right,Front,Left,Centre,69
<_io.BytesIO object at 0x0000018E0020B9F0>,0.2694632112979889,0.08946701884269714,-0.13712377846240997,576985,2,3,True,Right,Front,Left,Centre,69
<_io.BytesIO object at 0x0000018E0020B950>,0.20220349729061127,0.1035643070936203,-0.08000770211219788,576985,2,3,True,Right,Front,Left,Centre,69
<_io.BytesIO object at 0x0000018E0020B270>,0.16879072785377502,0.05561503767967224,-0.1392117738723755,576985,2,3,True,Right,Front,Left,Centre,69
<_io.BytesIO object at 0x0000018E0020B810>,0.22087730467319489,0.05805656313896179,-0.17239169776439667,576985,2,3,True,Right,Front,Left,Centre,69
<_io.BytesIO object at 0x0000018E0020B1D0>,0.6805281043052673,0.34386032819747925,-0.18931083381175995,576985,2,3,True,Right,Front,Left,Centre,69
<_io.BytesIO object at 0x0000018E0020BD60>,0.6582968831062317,0.42877137660980225,-0.17694050073623657,576985,2,3,True,Right,Front,Left,Centre,69
<_io.BytesIO object at 0x0000018E00227400>,0.6838603615760803,0.39689043164253235,-0.10272820293903351,576985,2,3,True,Right,Front,Left,Centre,69
<_io.BytesIO object at 0x0000018E00227450>,0.7128481268882751,0.3492010533809662,-0.16604755818843842,576985,2,3,True,Right,Front,Left,Centre,69
<_io.BytesIO object at 0x0000018E0020B7C0>,0.7032421231269836,0.3410298526287079,-0.1277959942817688,576985,2,3,True,Right,Front,Left,Centre,69
<_io.BytesIO object at 0x0000018E0022E9A0>,0.24302352964878082,0.0933166965842247,-0.17223970592021942,576986,2,3,True,Right,Front,Left,Centre,69
<_io.BytesIO object at 0x0000018E0022EB80>,0.2694632112979889,0.08946701884269714,-0.13712377846240997,576986,2,3,True,Right,Front,Left,Centre,69
<_io.BytesIO object at 0x0000018E0022E4A0>,0.20220349729061127,0.1035643070936203,-0.08000770211219788,576986,2,3,True,Right,Front,Left,Centre,69
<_io.BytesIO object at 0x0000018E0022E9F0>,0.16879072785377502,0.05561503767967224,-0.1392117738723755,576986,2,3,True,Right,Front,Left,Centre,69
<_io.BytesIO object at 0x0000018E0022E6D0>,0.22087730467319489,0.05805656313896179,-0.17239169776439667,576986,2,3,True,Right,Front,Left,Centre,69
<_io.BytesIO object at 0x0000018E0020F540>,0.6805281043052673,0.34386032819747925,-0.18931083381175995,576986,2,3,True,Right,Front,Left,Centre,69
<_io.BytesIO object at 0x0000018E0020F360>,0.6582968831062317,0.42877137660980225,-0.17694050073623657,576986,2,3,True,Right,Front,Left,Centre,69
<_io.BytesIO object at 0x0000018E0020F630>,0.6838603615760803,0.39689043164253235,-0.10272820293903351,576986,2,3,True,Right,Front,Left,Centre,69
<_io.BytesIO object at 0x0000018E0020F220>,0.7128481268882751,0.3492010533809662,-0.16604755818843842,576986,2,3,True,Right,Front,Left,Centre,69
<_io.BytesIO object at 0x0000018E0020FB80>,0.7032421231269836,0.3410298526287079,-0.1277959942817688,576986,2,3,True,Right,Front,Left,Centre,69
<_io.BytesIO object at 0x0000018E00158400>,0.24302352964878082,0.0933166965842247,-0.17223970592021942,576987,2,3,True,Right,Front,Left,Centre,69
<_io.BytesIO object at 0x0000018E00158680>,0.2694632112979889,0.08946701884269714,-0.13712377846240997,576987,2,3,True,Right,Front,Left,Centre,69
<_io.BytesIO object at 0x0000018E002ACDB0>,0.20220349729061127,0.1035643070936203,-0.08000770211219788,576987,2,3,True,Right,Front,Left,Centre,69
<_io.BytesIO object at 0x0000018E002AC270>,0.16879072785377502,0.05561503767967224,-0.1392117738723755,576987,2,3,True,Right,Front,Left,Centre,69
<_io.BytesIO object at 0x0000018E002AC220>,0.22087730467319489,0.05805656313896179,-0.17239169776439667,576987,2,3,True,Right,Front,Left,Centre,69
<_io.BytesIO object at 0x0000018E002AC040>,0.6805281043052673,0.34386032819747925,-0.18931083381175995,576987,2,3,True,Right,Front,Left,Centre,69
<_io.BytesIO object at 0x0000018E002AC540>,0.6582968831062317,0.42877137660980225,-0.17694050073623657,576987,2,3,True,Right,Front,Left,Centre,69
<_io.BytesIO object at 0x0000018E002AC130>,0.6838603615760803,0.39689043164253235,-0.10272820293903351,576987,2,3,True,Right,Front,Left,Centre,69
<_io.BytesIO object at 0x0000018E002032C0>,0.7128481268882751,0.3492010533809662,-0.16604755818843842,576987,2,3,True,Right,Front,Left,Centre,69
<_io.BytesIO object at 0x0000018E00203AE0>,0.7032421231269836,0.3410298526287079,-0.1277959942817688,576987,2,3,True,Right,Front,Left,Centre,69
<_io.BytesIO object at 0x0000018E002395E0>,0.24302352964878082,0.0933166965842247,-0.17223970592021942,576988,2,3,True,Right,Front,Left,Centre,69
<_io.BytesIO object at 0x0000018E00239A40>,0.2694632112979889,0.08946701884269714,-0.13712377846240997,576988,2,3,True,Right,Front,Left,Centre,69
<_io.BytesIO object at 0x0000018E002396D0>,0.20220349729061127,0.1035643070936203,-0.08000770211219788,576988,2,3,True,Right,Front,Left,Centre,69
<_io.BytesIO object at 0x0000018E00239680>,0.16879072785377502,0.05561503767967224,-0.1392117738723755,576988,2,3,True,Right,Front,Left,Centre,69
<_io.BytesIO object at 0x0000018E00239BD0>,0.22087730467319489,0.05805656313896179,-0.17239169776439667,576988,2,3,True,Right,Front,Left,Centre,69
<_io.BytesIO object at 0x0000018E00146040>,0.6805281043052673,0.34386032819747925,-0.18931083381175995,576988,2,3,True,Right,Front,Left,Centre,69
<_io.BytesIO object at 0x0000018E00146CC0>,0.6582968831062317,0.42877137660980225,-0.17694050073623657,576988,2,3,True,Right,Front,Left,Centre,69
<_io.BytesIO object at 0x0000018E001461D0>,0.6838603615760803,0.39689043164253235,-0.10272820293903351,576988,2,3,True,Right,Front,Left,Centre,69
<_io.BytesIO object at 0x0000018E001463B0>,0.7128481268882751,0.3492010533809662,-0.16604755818843842,576988,2,3,True,Right,Front,Left,Centre,69
<_io.BytesIO object at 0x0000018E00146DB0>,0.7032421231269836,0.3410298526287079,-0.1277959942817688,576988,2,3,True,Right,Front,Left,Centre,69
<_io.BytesIO object at 0x0000018E0006A400>,0.24302352964878082,0.0933166965842247,-0.17223970592021942,576989,2,3,True,Right,Front,Left,Centre,69
<_io.BytesIO object at 0x0000018E0006A810>,0.2694632112979889,0.08946701884269714,-0.13712377846240997,576989,2,3,True,Right,Front,Left,Centre,69
<_io.BytesIO object at 0x0000018E002094F0>,0.20220349729061127,0.1035643070936203,-0.08000770211219788,576989,2,3,True,Right,Front,Left,Centre,69
<_io.BytesIO object at 0x0000018E002099F0>,0.16879072785377502,0.05561503767967224,-0.1392117738723755,576989,2,3,True,Right,Front,Left,Centre,69
<_io.BytesIO object at 0x0000018E00209270>,0.22087730467319489,0.05805656313896179,-0.17239169776439667,576989,2,3,True,Right,Front,Left,Centre,69
<_io.BytesIO object at 0x0000018E00209C70>,0.6805281043052673,0.34386032819747925,-0.18931083381175995,576989,2,3,True,Right,Front,Left,Centre,69
<_io.BytesIO object at 0x0000018E00209400>,0.6582968831062317,0.42877137660980225,-0.17694050073623657,576989,2,3,True,Right,Front,Left,Centre,69
<_io.BytesIO object at 0x0000018E002096D0>,0.6838603615760803,0.39689043164253235,-0.10272820293903351,576989,2,3,True,Right,Front,Left,Centre,69
<_io.BytesIO object at 0x0000018E00209BD0>,0.7128481268882751,0.3492010533809662,-0.16604755818843842,576989,2,3,True,Right,Front,Left,Centre,69
<_io.BytesIO object at 0x0000018E782C5540>,0.7032421231269836,0.3410298526287079,-0.1277959942817688,576989,2,3,True,Right,Front,Left,Centre,69
<_io.BytesIO object at 0x0000018E0006A950>,0.24302352964878082,0.0933166965842247,-0.17223970592021942,576990,2,3,True,Right,Front,Left,Centre,69
<_io.BytesIO object at 0x0000018E0006AE50>,0.2694632112979889,0.08946701884269714,-0.13712377846240997,576990,2,3,True,Right,Front,Left,Centre,69
<_io.BytesIO object at 0x0000018E00221D60>,0.20220349729061127,0.1035643070936203,-0.08000770211219788,576990,2,3,True,Right,Front,Left,Centre,69
<_io.BytesIO object at 0x0000018E00221AE0>,0.16879072785377502,0.05561503767967224,-0.1392117738723755,576990,2,3,True,Right,Front,Left,Centre,69
<_io.BytesIO object at 0x0000018E002218B0>,0.22087730467319489,0.05805656313896179,-0.17239169776439667,576990,2,3,True,Right,Front,Left,Centre,69
<_io.BytesIO object at 0x0000018E00221540>,0.6805281043052673,0.34386032819747925,-0.18931083381175995,576990,2,3,True,Right,Front,Left,Centre,69
<_io.BytesIO object at 0x0000018E002214F0>,0.6582968831062317,0.42877137660980225,-0.17694050073623657,576990,2,3,True,Right,Front,Left,Centre,69
<_io.BytesIO object at 0x0000018E00221B30>,0.6838603615760803,0.39689043164253235,-0.10272820293903351,576990,2,3,True,Right,Front,Left,Centre,69
<_io.BytesIO object at 0x0000018E002219F0>,0.7128481268882751,0.3492010533809662,-0.16604755818843842,576990,2,3,True,Right,Front,Left,Centre,69
<_io.BytesIO object at 0x0000018E00221860>,0.7032421231269836,0.3410298526287079,-0.1277959942817688,576990,2,3,True,Right,Front,Left,Centre,69
<_io.BytesIO object at 0x0000018E00239DB0>,0.24302352964878082,0.0933166965842247,-0.17223970592021942,576991,2,3,True,Right,Front,Left,Centre,69
<_io.BytesIO object at 0x0000018E0013EB30>,0.2694632112979889,0.08946701884269714,-0.13712377846240997,576991,2,3,True,Right,Front,Left,Centre,69
<_io.BytesIO object at 0x0000018E0013EBD0>,0.20220349729061127,0.1035643070936203,-0.08000770211219788,576991,2,3,True,Right,Front,Left,Centre,69
<_io.BytesIO object at 0x0000018E0013E770>,0.16879072785377502,0.05561503767967224,-0.1392117738723755,576991,2,3,True,Right,Front,Left,Centre,69
<_io.BytesIO object at 0x0000018E0013EC70>,0.22087730467319489,0.05805656313896179,-0.17239169776439667,576991,2,3,True,Right,Front,Left,Centre,69
<_io.BytesIO object at 0x0000018E0013ECC0>,0.6805281043052673,0.34386032819747925,-0.18931083381175995,576991,2,3,True,Right,Front,Left,Centre,69
<_io.BytesIO object at 0x0000018E0013E9A0>,0.6582968831062317,0.42877137660980225,-0.17694050073623657,576991,2,3,True,Right,Front,Left,Centre,69
<_io.BytesIO object at 0x0000018E00203950>,0.6838603615760803,0.39689043164253235,-0.10272820293903351,576991,2,3,True,Right,Front,Left,Centre,69
<_io.BytesIO object at 0x0000018E00203360>,0.7128481268882751,0.3492010533809662,-0.16604755818843842,576991,2,3,True,Right,Front,Left,Centre,69
<_io.BytesIO object at 0x0000018E00203B30>,0.7032421231269836,0.3410298526287079,-0.1277959942817688,576991,2,3,True,Right,Front,Left,Centre,69
<_io.BytesIO object at 0x0000018E00158F90>,0.24302352964878082,0.0933166965842247,-0.17223970592021942,576992,2,3,True,Right,Front,Left,Centre,69
<_io.BytesIO object at 0x0000018E001585E0>,0.2694632112979889,0.08946701884269714,-0.13712377846240997,576992,2,3,True,Right,Front,Left,Centre,69
<_io.BytesIO object at 0x0000018E0022A9F0>,0.20220349729061127,0.1035643070936203,-0.08000770211219788,576992,2,3,True,Right,Front,Left,Centre,69
<_io.BytesIO object at 0x0000018E0022A900>,0.16879072785377502,0.05561503767967224,-0.1392117738723755,576992,2,3,True,Right,Front,Left,Centre,69
<_io.BytesIO object at 0x0000018E0022AEA0>,0.22087730467319489,0.05805656313896179,-0.17239169776439667,576992,2,3,True,Right,Front,Left,Centre,69
<_io.BytesIO object at 0x0000018E0022AF40>,0.6805281043052673,0.34386032819747925,-0.18931083381175995,576992,2,3,True,Right,Front,Left,Centre,69
<_io.BytesIO object at 0x0000018E0022A040>,0.6582968831062317,0.42877137660980225,-0.17694050073623657,576992,2,3,True,Right,Front,Left,Centre,69
<_io.BytesIO object at 0x0000018E0022A400>,0.6838603615760803,0.39689043164253235,-0.10272820293903351,576992,2,3,True,Right,Front,Left,Centre,69
<_io.BytesIO object at 0x0000018E0022ADB0>,0.7128481268882751,0.3492010533809662,-0.16604755818843842,576992,2,3,True,Right,Front,Left,Centre,69
<_io.BytesIO object at 0x0000018E0022A950>,0.7032421231269836,0.3410298526287079,-0.1277959942817688,576992,2,3,True,Right,Front,Left,Centre,69
<_io.BytesIO object at 0x0000018E0020F180>,0.24302352964878082,0.0933166965842247,-0.17223970592021942,576993,2,3,True,Right,Front,Left,Centre,69
<_io.BytesIO object at 0x0000018E00193770>,0.2694632112979889,0.08946701884269714,-0.13712377846240997,576993,2,3,True,Right,Front,Left,Centre,69
<_io.BytesIO object at 0x0000018E00193810>,0.20220349729061127,0.1035643070936203,-0.08000770211219788,576993,2,3,True,Right,Front,Left,Centre,69
<_io.BytesIO object at 0x0000018E001931D0>,0.16879072785377502,0.05561503767967224,-0.1392117738723755,576993,2,3,True,Right,Front,Left,Centre,69
<_io.BytesIO object at 0x0000018E00193220>,0.22087730467319489,0.05805656313896179,-0.17239169776439667,576993,2,3,True,Right,Front,Left,Centre,69
<_io.BytesIO object at 0x0000018E001939F0>,0.6805281043052673,0.34386032819747925,-0.18931083381175995,576993,2,3,True,Right,Front,Left,Centre,69
<_io.BytesIO object at 0x0000018E00193D60>,0.6582968831062317,0.42877137660980225,-0.17694050073623657,576993,2,3,True,Right,Front,Left,Centre,69
<_io.BytesIO object at 0x0000018E001938B0>,0.6838603615760803,0.39689043164253235,-0.10272820293903351,576993,2,3,True,Right,Front,Left,Centre,69
<_io.BytesIO object at 0x0000018E0020BA90>,0.7128481268882751,0.3492010533809662,-0.16604755818843842,576993,2,3,True,Right,Front,Left,Centre,69
<_io.BytesIO object at 0x0000018E0020BEA0>,0.7032421231269836,0.3410298526287079,-0.1277959942817688,576993,2,3,True,Right,Front,Left,Centre,69
<_io.BytesIO object at 0x0000018E0020F3B0>,0.24302352964878082,0.0933166965842247,-0.17223970592021942,576994,2,3,True,Right,Front,Left,Centre,69
<_io.BytesIO object at 0x0000018E0020FBD0>,0.2694632112979889,0.08946701884269714,-0.13712377846240997,576994,2,3,True,Right,Front,Left,Centre,69
<_io.BytesIO object at 0x0000018E0022E9A0>,0.20220349729061127,0.1035643070936203,-0.08000770211219788,576994,2,3,True,Right,Front,Left,Centre,69
<_io.BytesIO object at 0x0000018E0022EBD0>,0.16879072785377502,0.05561503767967224,-0.1392117738723755,576994,2,3,True,Right,Front,Left,Centre,69
<_io.BytesIO object at 0x0000018E0022E4F0>,0.22087730467319489,0.05805656313896179,-0.17239169776439667,576994,2,3,True,Right,Front,Left,Centre,69
<_io.BytesIO object at 0x0000018E0022E540>,0.6805281043052673,0.34386032819747925,-0.18931083381175995,576994,2,3,True,Right,Front,Left,Centre,69
<_io.BytesIO object at 0x0000018E0022E310>,0.6582968831062317,0.42877137660980225,-0.17694050073623657,576994,2,3,True,Right,Front,Left,Centre,69
<_io.BytesIO object at 0x0000018E0022E6D0>,0.6838603615760803,0.39689043164253235,-0.10272820293903351,576994,2,3,True,Right,Front,Left,Centre,69
<_io.BytesIO object at 0x0000018E0022E1D0>,0.7128481268882751,0.3492010533809662,-0.16604755818843842,576994,2,3,True,Right,Front,Left,Centre,69
<_io.BytesIO object at 0x0000018E0022AF90>,0.7032421231269836,0.3410298526287079,-0.1277959942817688,576994,2,3,True,Right,Front,Left,Centre,69
<_io.BytesIO object at 0x0000018E001589F0>,0.24302352964878082,0.0933166965842247,-0.17223970592021942,576995,2,3,True,Right,Front,Left,Centre,69
<_io.BytesIO object at 0x0000018E002AC9F0>,0.2694632112979889,0.08946701884269714,-0.13712377846240997,576995,2,3,True,Right,Front,Left,Centre,69
<_io.BytesIO object at 0x0000018E002AC540>,0.20220349729061127,0.1035643070936203,-0.08000770211219788,576995,2,3,True,Right,Front,Left,Centre,69
<_io.BytesIO object at 0x0000018E002AC900>,0.16879072785377502,0.05561503767967224,-0.1392117738723755,576995,2,3,True,Right,Front,Left,Centre,69
<_io.BytesIO object at 0x0000018E00203F40>,0.22087730467319489,0.05805656313896179,-0.17239169776439667,576995,2,3,True,Right,Front,Left,Centre,69
<_io.BytesIO object at 0x0000018E002032C0>,0.6805281043052673,0.34386032819747925,-0.18931083381175995,576995,2,3,True,Right,Front,Left,Centre,69
<_io.BytesIO object at 0x0000018E00203C70>,0.6582968831062317,0.42877137660980225,-0.17694050073623657,576995,2,3,True,Right,Front,Left,Centre,69
<_io.BytesIO object at 0x0000018E00203810>,0.6838603615760803,0.39689043164253235,-0.10272820293903351,576995,2,3,True,Right,Front,Left,Centre,69
<_io.BytesIO object at 0x0000018E002037C0>,0.7128481268882751,0.3492010533809662,-0.16604755818843842,576995,2,3,True,Right,Front,Left,Centre,69
<_io.BytesIO object at 0x0000018E00203E00>,0.7032421231269836,0.3410298526287079,-0.1277959942817688,576995,2,3,True,Right,Front,Left,Centre,69
<_io.BytesIO object at 0x0000018E00239A40>,0.24302352964878082,0.0933166965842247,-0.17223970592021942,576996,2,3,True,Right,Front,Left,Centre,69
<_io.BytesIO object at 0x0000018E002394F0>,0.2694632112979889,0.08946701884269714,-0.13712377846240997,576996,2,3,True,Right,Front,Left,Centre,69
<_io.BytesIO object at 0x0000018E002213B0>,0.20220349729061127,0.1035643070936203,-0.08000770211219788,576996,2,3,True,Right,Front,Left,Centre,69
<_io.BytesIO object at 0x0000018E00221E50>,0.16879072785377502,0.05561503767967224,-0.1392117738723755,576996,2,3,True,Right,Front,Left,Centre,69
<_io.BytesIO object at 0x0000018E00221F90>,0.22087730467319489,0.05805656313896179,-0.17239169776439667,576996,2,3,True,Right,Front,Left,Centre,69
<_io.BytesIO object at 0x0000018E002212C0>,0.6805281043052673,0.34386032819747925,-0.18931083381175995,576996,2,3,True,Right,Front,Left,Centre,69
<_io.BytesIO object at 0x0000018E00221DB0>,0.6582968831062317,0.42877137660980225,-0.17694050073623657,576996,2,3,True,Right,Front,Left,Centre,69
<_io.BytesIO object at 0x0000018E00221AE0>,0.6838603615760803,0.39689043164253235,-0.10272820293903351,576996,2,3,True,Right,Front,Left,Centre,69
<_io.BytesIO object at 0x0000018E002215E0>,0.7128481268882751,0.3492010533809662,-0.16604755818843842,576996,2,3,True,Right,Front,Left,Centre,69
<_io.BytesIO object at 0x0000018E0006A6D0>,0.7032421231269836,0.3410298526287079,-0.1277959942817688,576996,2,3,True,Right,Front,Left,Centre,69
<_io.BytesIO object at 0x0000018E00146C20>,0.24302352964878082,0.0933166965842247,-0.17223970592021942,576997,2,3,True,Right,Front,Left,Centre,69
<_io.BytesIO object at 0x0000018E00209770>,0.2694632112979889,0.08946701884269714,-0.13712377846240997,576997,2,3,True,Right,Front,Left,Centre,69
<_io.BytesIO object at 0x0000018E00209130>,0.20220349729061127,0.1035643070936203,-0.08000770211219788,576997,2,3,True,Right,Front,Left,Centre,69
<_io.BytesIO object at 0x0000018E00209E00>,0.16879072785377502,0.05561503767967224,-0.1392117738723755,576997,2,3,True,Right,Front,Left,Centre,69
<_io.BytesIO object at 0x0000018E00209270>,0.22087730467319489,0.05805656313896179,-0.17239169776439667,576997,2,3,True,Right,Front,Left,Centre,69
<_io.BytesIO object at 0x0000018E0004AC20>,0.6805281043052673,0.34386032819747925,-0.18931083381175995,576997,2,3,True,Right,Front,Left,Centre,69
<_io.BytesIO object at 0x0000018E782C5130>,0.6582968831062317,0.42877137660980225,-0.17694050073623657,576997,2,3,True,Right,Front,Left,Centre,69
<_io.BytesIO object at 0x0000018E782C58B0>,0.6838603615760803,0.39689043164253235,-0.10272820293903351,576997,2,3,True,Right,Front,Left,Centre,69
<_io.BytesIO object at 0x0000018E0020BA90>,0.7128481268882751,0.3492010533809662,-0.16604755818843842,576997,2,3,True,Right,Front,Left,Centre,69
<_io.BytesIO object at 0x0000018E0020B180>,0.7032421231269836,0.3410298526287079,-0.1277959942817688,576997,2,3,True,Right,Front,Left,Centre,69
<_io.BytesIO object at 0x0000018E00146EA0>,0.24302352964878082,0.0933166965842247,-0.17223970592021942,576998,2,3,True,Right,Front,Left,Centre,69
<_io.BytesIO object at 0x0000018E00146720>,0.2694632112979889,0.08946701884269714,-0.13712377846240997,576998,2,3,True,Right,Front,Left,Centre,69
<_io.BytesIO object at 0x0000018E0006AE00>,0.20220349729061127,0.1035643070936203,-0.08000770211219788,576998,2,3,True,Right,Front,Left,Centre,69
<_io.BytesIO object at 0x0000018E0006A310>,0.16879072785377502,0.05561503767967224,-0.1392117738723755,576998,2,3,True,Right,Front,Left,Centre,69
<_io.BytesIO object at 0x0000018E0006A220>,0.22087730467319489,0.05805656313896179,-0.17239169776439667,576998,2,3,True,Right,Front,Left,Centre,69
<_io.BytesIO object at 0x0000018E0006AD60>,0.6805281043052673,0.34386032819747925,-0.18931083381175995,576998,2,3,True,Right,Front,Left,Centre,69
<_io.BytesIO object at 0x0000018E0006A770>,0.6582968831062317,0.42877137660980225,-0.17694050073623657,576998,2,3,True,Right,Front,Left,Centre,69
<_io.BytesIO object at 0x0000018E0006ADB0>,0.6838603615760803,0.39689043164253235,-0.10272820293903351,576998,2,3,True,Right,Front,Left,Centre,69
<_io.BytesIO object at 0x0000018E0006AB30>,0.7128481268882751,0.3492010533809662,-0.16604755818843842,576998,2,3,True,Right,Front,Left,Centre,69
<_io.BytesIO object at 0x0000018E00221CC0>,0.7032421231269836,0.3410298526287079,-0.1277959942817688,576998,2,3,True,Right,Front,Left,Centre,69
<_io.BytesIO object at 0x0000018E00239720>,0.24302352964878082,0.0933166965842247,-0.17223970592021942,576999,2,3,True,Right,Front,Left,Centre,69
<_io.BytesIO object at 0x0000018E0013E2C0>,0.2694632112979889,0.08946701884269714,-0.13712377846240997,576999,2,3,True,Right,Front,Left,Centre,69
<_io.BytesIO object at 0x0000018E0013E090>,0.20220349729061127,0.1035643070936203,-0.08000770211219788,576999,2,3,True,Right,Front,Left,Centre,69
<_io.BytesIO object at 0x0000018E0013E220>,0.16879072785377502,0.05561503767967224,-0.1392117738723755,576999,2,3,True,Right,Front,Left,Centre,69
<_io.BytesIO object at 0x0000018E0013EC70>,0.22087730467319489,0.05805656313896179,-0.17239169776439667,576999,2,3,True,Right,Front,Left,Centre,69
<_io.BytesIO object at 0x0000018E0013E810>,0.6805281043052673,0.34386032819747925,-0.18931083381175995,576999,2,3,True,Right,Front,Left,Centre,69
<_io.BytesIO object at 0x0000018E0013EEF0>,0.6582968831062317,0.42877137660980225,-0.17694050073623657,576999,2,3,True,Right,Front,Left,Centre,69
<_io.BytesIO object at 0x0000018E002036D0>,0.6838603615760803,0.39689043164253235,-0.10272820293903351,576999,2,3,True,Right,Front,Left,Centre,69
<_io.BytesIO object at 0x0000018E002035E0>,0.7128481268882751,0.3492010533809662,-0.16604755818843842,576999,2,3,True,Right,Front,Left,Centre,69
<_io.BytesIO object at 0x0000018E00203900>,0.7032421231269836,0.3410298526287079,-0.1277959942817688,576999,2,3,True,Right,Front,Left,Centre,69
<_io.BytesIO object at 0x0000018E00158E50>,0.24302352964878082,0.0933166965842247,-0.17223970592021942,577000,2,3,True,Right,Front,Left,Centre,69
<_io.BytesIO object at 0x0000018E00158950>,0.2694632112979889,0.08946701884269714,-0.13712377846240997,577000,2,3,True,Right,Front,Left,Centre,69
<_io.BytesIO object at 0x0000018E0022E4A0>,0.20220349729061127,0.1035643070936203,-0.08000770211219788,577000,2,3,True,Right,Front,Left,Centre,69
<_io.BytesIO object at 0x0000018E0022EA90>,0.16879072785377502,0.05561503767967224,-0.1392117738723755,577000,2,3,True,Right,Front,Left,Centre,69
<_io.BytesIO object at 0x0000018E0022E9F0>,0.22087730467319489,0.05805656313896179,-0.17239169776439667,577000,2,3,True,Right,Front,Left,Centre,69
<_io.BytesIO object at 0x0000018E0022E180>,0.6805281043052673,0.34386032819747925,-0.18931083381175995,577000,2,3,True,Right,Front,Left,Centre,69
<_io.BytesIO object at 0x0000018E0022EC70>,0.6582968831062317,0.42877137660980225,-0.17694050073623657,577000,2,3,True,Right,Front,Left,Centre,69
<_io.BytesIO object at 0x0000018E0022EBD0>,0.6838603615760803,0.39689043164253235,-0.10272820293903351,577000,2,3,True,Right,Front,Left,Centre,69
<_io.BytesIO object at 0x0000018E0022ECC0>,0.7128481268882751,0.3492010533809662,-0.16604755818843842,577000,2,3,True,Right,Front,Left,Centre,69
<_io.BytesIO object at 0x0000018E0022E360>,0.7032421231269836,0.3410298526287079,-0.1277959942817688,577000,2,3,True,Right,Front,Left,Centre,69
<_io.BytesIO object at 0x0000018E0022A770>,0.24302352964878082,0.0933166965842247,-0.17223970592021942,577001,2,3,True,Right,Front,Left,Centre,69
<_io.BytesIO object at 0x0000018E00193720>,0.2694632112979889,0.08946701884269714,-0.13712377846240997,577001,2,3,True,Right,Front,Left,Centre,69
<_io.BytesIO object at 0x0000018E001939A0>,0.20220349729061127,0.1035643070936203,-0.08000770211219788,577001,2,3,True,Right,Front,Left,Centre,69
<_io.BytesIO object at 0x0000018E00193310>,0.16879072785377502,0.05561503767967224,-0.1392117738723755,577001,2,3,True,Right,Front,Left,Centre,69
<_io.BytesIO object at 0x0000018E001938B0>,0.22087730467319489,0.05805656313896179,-0.17239169776439667,577001,2,3,True,Right,Front,Left,Centre,69
<_io.BytesIO object at 0x0000018E00193130>,0.6805281043052673,0.34386032819747925,-0.18931083381175995,577001,2,3,True,Right,Front,Left,Centre,69
<_io.BytesIO object at 0x0000018E00193C20>,0.6582968831062317,0.42877137660980225,-0.17694050073623657,577001,2,3,True,Right,Front,Left,Centre,69
<_io.BytesIO object at 0x0000018E00193950>,0.6838603615760803,0.39689043164253235,-0.10272820293903351,577001,2,3,True,Right,Front,Left,Centre,69
<_io.BytesIO object at 0x0000018E0020BA90>,0.7128481268882751,0.3492010533809662,-0.16604755818843842,577001,2,3,True,Right,Front,Left,Centre,69
<_io.BytesIO object at 0x0000018E0020B9F0>,0.7032421231269836,0.3410298526287079,-0.1277959942817688,577001,2,3,True,Right,Front,Left,Centre,69
<_io.BytesIO object at 0x0000018E0022A400>,0.24302352964878082,0.0933166965842247,-0.17223970592021942,577002,2,3,True,Right,Front,Left,Centre,69
<_io.BytesIO object at 0x0000018E0022A950>,0.2694632112979889,0.08946701884269714,-0.13712377846240997,577002,2,3,True,Right,Front,Left,Centre,69
<_io.BytesIO object at 0x0000018E0020F9A0>,0.20220349729061127,0.1035643070936203,-0.08000770211219788,577002,2,3,True,Right,Front,Left,Centre,69
<_io.BytesIO object at 0x0000018E0020FEF0>,0.16879072785377502,0.05561503767967224,-0.1392117738723755,577002,2,3,True,Right,Front,Left,Centre,69
<_io.BytesIO object at 0x0000018E0020F220>,0.22087730467319489,0.05805656313896179,-0.17239169776439667,577002,2,3,True,Right,Front,Left,Centre,69
<_io.BytesIO object at 0x0000018E0020F8B0>,0.6805281043052673,0.34386032819747925,-0.18931083381175995,577002,2,3,True,Right,Front,Left,Centre,69
<_io.BytesIO object at 0x0000018E0020F3B0>,0.6582968831062317,0.42877137660980225,-0.17694050073623657,577002,2,3,True,Right,Front,Left,Centre,69
<_io.BytesIO object at 0x0000018E0020FC20>,0.6838603615760803,0.39689043164253235,-0.10272820293903351,577002,2,3,True,Right,Front,Left,Centre,69
<_io.BytesIO object at 0x0000018E0022E2C0>,0.7128481268882751,0.3492010533809662,-0.16604755818843842,577002,2,3,True,Right,Front,Left,Centre,69
<_io.BytesIO object at 0x0000018E0022E270>,0.7032421231269836,0.3410298526287079,-0.1277959942817688,577002,2,3,True,Right,Front,Left,Centre,69
<_io.BytesIO object at 0x0000018E00158EF0>,0.24302352964878082,0.0933166965842247,-0.17223970592021942,577003,2,3,True,Right,Front,Left,Centre,69
<_io.BytesIO object at 0x0000018E002AC2C0>,0.2694632112979889,0.08946701884269714,-0.13712377846240997,577003,2,3,True,Right,Front,Left,Centre,69
<_io.BytesIO object at 0x0000018E002AC8B0>,0.20220349729061127,0.1035643070936203,-0.08000770211219788,577003,2,3,True,Right,Front,Left,Centre,69
<_io.BytesIO object at 0x0000018E002AC130>,0.16879072785377502,0.05561503767967224,-0.1392117738723755,577003,2,3,True,Right,Front,Left,Centre,69
<_io.BytesIO object at 0x0000018E00203040>,0.22087730467319489,0.05805656313896179,-0.17239169776439667,577003,2,3,True,Right,Front,Left,Centre,69
<_io.BytesIO object at 0x0000018E00203400>,0.6805281043052673,0.34386032819747925,-0.18931083381175995,577003,2,3,True,Right,Front,Left,Centre,69
<_io.BytesIO object at 0x0000018E002032C0>,0.6582968831062317,0.42877137660980225,-0.17694050073623657,577003,2,3,True,Right,Front,Left,Centre,69
<_io.BytesIO object at 0x0000018E00203D60>,0.6838603615760803,0.39689043164253235,-0.10272820293903351,577003,2,3,True,Right,Front,Left,Centre,69
<_io.BytesIO object at 0x0000018E00203B30>,0.7128481268882751,0.3492010533809662,-0.16604755818843842,577003,2,3,True,Right,Front,Left,Centre,69
<_io.BytesIO object at 0x0000018E00203680>,0.7032421231269836,0.3410298526287079,-0.1277959942817688,577003,2,3,True,Right,Front,Left,Centre,69
<_io.BytesIO object at 0x0000018E002392C0>,0.24302352964878082,0.0933166965842247,-0.17223970592021942,577004,2,3,True,Right,Front,Left,Centre,69
<_io.BytesIO object at 0x0000018E00239770>,0.2694632112979889,0.08946701884269714,-0.13712377846240997,577004,2,3,True,Right,Front,Left,Centre,69
<_io.BytesIO object at 0x0000018E0006A810>,0.20220349729061127,0.1035643070936203,-0.08000770211219788,577004,2,3,True,Right,Front,Left,Centre,69
<_io.BytesIO object at 0x0000018E0006A0E0>,0.16879072785377502,0.05561503767967224,-0.1392117738723755,577004,2,3,True,Right,Front,Left,Centre,69
<_io.BytesIO object at 0x0000018E0006AC70>,0.22087730467319489,0.05805656313896179,-0.17239169776439667,577004,2,3,True,Right,Front,Left,Centre,69
<_io.BytesIO object at 0x0000018E0006AD60>,0.6805281043052673,0.34386032819747925,-0.18931083381175995,577004,2,3,True,Right,Front,Left,Centre,69
<_io.BytesIO object at 0x0000018E0006AEA0>,0.6582968831062317,0.42877137660980225,-0.17694050073623657,577004,2,3,True,Right,Front,Left,Centre,69
<_io.BytesIO object at 0x0000018E0006A450>,0.6838603615760803,0.39689043164253235,-0.10272820293903351,577004,2,3,True,Right,Front,Left,Centre,69
<_io.BytesIO object at 0x0000018E00146A40>,0.7128481268882751,0.3492010533809662,-0.16604755818843842,577004,2,3,True,Right,Front,Left,Centre,69
<_io.BytesIO object at 0x0000018E00146040>,0.7032421231269836,0.3410298526287079,-0.1277959942817688,577004,2,3,True,Right,Front,Left,Centre,69
<_io.BytesIO object at 0x0000018E002215E0>,0.24302352964878082,0.0933166965842247,-0.17223970592021942,577005,2,3,True,Right,Front,Left,Centre,69
<_io.BytesIO object at 0x0000018E00209AE0>,0.2694632112979889,0.08946701884269714,-0.13712377846240997,577005,2,3,True,Right,Front,Left,Centre,69
<_io.BytesIO object at 0x0000018E002092C0>,0.20220349729061127,0.1035643070936203,-0.08000770211219788,577005,2,3,True,Right,Front,Left,Centre,69
<_io.BytesIO object at 0x0000018E00209E00>,0.16879072785377502,0.05561503767967224,-0.1392117738723755,577005,2,3,True,Right,Front,Left,Centre,69
<_io.BytesIO object at 0x0000018E002096D0>,0.22087730467319489,0.05805656313896179,-0.17239169776439667,577005,2,3,True,Right,Front,Left,Centre,69
<_io.BytesIO object at 0x0000018E00054450>,0.6805281043052673,0.34386032819747925,-0.18931083381175995,577005,2,3,True,Right,Front,Left,Centre,69
<_io.BytesIO object at 0x0000018E782C5130>,0.6582968831062317,0.42877137660980225,-0.17694050073623657,577005,2,3,True,Right,Front,Left,Centre,69
<_io.BytesIO object at 0x0000018E782C57C0>,0.6838603615760803,0.39689043164253235,-0.10272820293903351,577005,2,3,True,Right,Front,Left,Centre,69
<_io.BytesIO object at 0x0000018E0020BA90>,0.7128481268882751,0.3492010533809662,-0.16604755818843842,577005,2,3,True,Right,Front,Left,Centre,69
<_io.BytesIO object at 0x0000018E0020BEA0>,0.7032421231269836,0.3410298526287079,-0.1277959942817688,577005,2,3,True,Right,Front,Left,Centre,69
<_io.BytesIO object at 0x0000018E00221310>,0.24302352964878082,0.0933166965842247,-0.17223970592021942,577006,2,3,True,Right,Front,Left,Centre,69
<_io.BytesIO object at 0x0000018E002219A0>,0.2694632112979889,0.08946701884269714,-0.13712377846240997,577006,2,3,True,Right,Front,Left,Centre,69
<_io.BytesIO object at 0x0000018E00221E50>,0.20220349729061127,0.1035643070936203,-0.08000770211219788,577006,2,3,True,Right,Front,Left,Centre,69
<_io.BytesIO object at 0x0000018E001464F0>,0.16879072785377502,0.05561503767967224,-0.1392117738723755,577006,2,3,True,Right,Front,Left,Centre,69
<_io.BytesIO object at 0x0000018E00146E50>,0.22087730467319489,0.05805656313896179,-0.17239169776439667,577006,2,3,True,Right,Front,Left,Centre,69
<_io.BytesIO object at 0x0000018E00146AE0>,0.6805281043052673,0.34386032819747925,-0.18931083381175995,577006,2,3,True,Right,Front,Left,Centre,69
<_io.BytesIO object at 0x0000018E001465E0>,0.6582968831062317,0.42877137660980225,-0.17694050073623657,577006,2,3,True,Right,Front,Left,Centre,69
<_io.BytesIO object at 0x0000018E001461D0>,0.6838603615760803,0.39689043164253235,-0.10272820293903351,577006,2,3,True,Right,Front,Left,Centre,69
<_io.BytesIO object at 0x0000018E001463B0>,0.7128481268882751,0.3492010533809662,-0.16604755818843842,577006,2,3,True,Right,Front,Left,Centre,69
<_io.BytesIO object at 0x0000018E00146900>,0.7032421231269836,0.3410298526287079,-0.1277959942817688,577006,2,3,True,Right,Front,Left,Centre,69
<_io.BytesIO object at 0x0000018E00239EA0>,0.24302352964878082,0.0933166965842247,-0.17223970592021942,577007,2,3,True,Right,Front,Left,Centre,69
<_io.BytesIO object at 0x0000018E0013EE00>,0.2694632112979889,0.08946701884269714,-0.13712377846240997,577007,2,3,True,Right,Front,Left,Centre,69
<_io.BytesIO object at 0x0000018E0013E400>,0.20220349729061127,0.1035643070936203,-0.08000770211219788,577007,2,3,True,Right,Front,Left,Centre,69
<_io.BytesIO object at 0x0000018E0013E860>,0.16879072785377502,0.05561503767967224,-0.1392117738723755,577007,2,3,True,Right,Front,Left,Centre,69
<_io.BytesIO object at 0x0000018E0013EC70>,0.22087730467319489,0.05805656313896179,-0.17239169776439667,577007,2,3,True,Right,Front,Left,Centre,69
<_io.BytesIO object at 0x0000018E0013E590>,0.6805281043052673,0.34386032819747925,-0.18931083381175995,577007,2,3,True,Right,Front,Left,Centre,69
<_io.BytesIO object at 0x0000018E0013E270>,0.6582968831062317,0.42877137660980225,-0.17694050073623657,577007,2,3,True,Right,Front,Left,Centre,69
<_io.BytesIO object at 0x0000018E002039F0>,0.6838603615760803,0.39689043164253235,-0.10272820293903351,577007,2,3,True,Right,Front,Left,Centre,69
<_io.BytesIO object at 0x0000018E00203630>,0.7128481268882751,0.3492010533809662,-0.16604755818843842,577007,2,3,True,Right,Front,Left,Centre,69
<_io.BytesIO object at 0x0000018E00203950>,0.7032421231269836,0.3410298526287079,-0.1277959942817688,577007,2,3,True,Right,Front,Left,Centre,69
<_io.BytesIO object at 0x0000018E00158D60>,0.24302352964878082,0.0933166965842247,-0.17223970592021942,577008,2,3,True,Right,Front,Left,Centre,69
<_io.BytesIO object at 0x0000018E00158F90>,0.2694632112979889,0.08946701884269714,-0.13712377846240997,577008,2,3,True,Right,Front,Left,Centre,69
<_io.BytesIO object at 0x0000018E0020F770>,0.20220349729061127,0.1035643070936203,-0.08000770211219788,577008,2,3,True,Right,Front,Left,Centre,69
<_io.BytesIO object at 0x0000018E0020FBD0>,0.16879072785377502,0.05561503767967224,-0.1392117738723755,577008,2,3,True,Right,Front,Left,Centre,69
<_io.BytesIO object at 0x0000018E0020F090>,0.22087730467319489,0.05805656313896179,-0.17239169776439667,577008,2,3,True,Right,Front,Left,Centre,69
<_io.BytesIO object at 0x0000018E0020F8B0>,0.6805281043052673,0.34386032819747925,-0.18931083381175995,577008,2,3,True,Right,Front,Left,Centre,69
<_io.BytesIO object at 0x0000018E0020FA90>,0.6582968831062317,0.42877137660980225,-0.17694050073623657,577008,2,3,True,Right,Front,Left,Centre,69
<_io.BytesIO object at 0x0000018E0020F4F0>,0.6838603615760803,0.39689043164253235,-0.10272820293903351,577008,2,3,True,Right,Front,Left,Centre,69
<_io.BytesIO object at 0x0000018E0020F860>,0.7128481268882751,0.3492010533809662,-0.16604755818843842,577008,2,3,True,Right,Front,Left,Centre,69
<_io.BytesIO object at 0x0000018E0020FCC0>,0.7032421231269836,0.3410298526287079,-0.1277959942817688,577008,2,3,True,Right,Front,Left,Centre,69
<_io.BytesIO object at 0x0000018E0022E090>,0.24302352964878082,0.0933166965842247,-0.17223970592021942,577010,2,3,True,Right,Front,Left,Centre,69
<_io.BytesIO object at 0x0000018E00193040>,0.2694632112979889,0.08946701884269714,-0.13712377846240997,577010,2,3,True,Right,Front,Left,Centre,69
<_io.BytesIO object at 0x0000018E001930E0>,0.20220349729061127,0.1035643070936203,-0.08000770211219788,577010,2,3,True,Right,Front,Left,Centre,69
<_io.BytesIO object at 0x0000018E00193DB0>,0.16879072785377502,0.05561503767967224,-0.1392117738723755,577010,2,3,True,Right,Front,Left,Centre,69
<_io.BytesIO object at 0x0000018E00193950>,0.22087730467319489,0.05805656313896179,-0.17239169776439667,577010,2,3,True,Right,Front,Left,Centre,69
<_io.BytesIO object at 0x0000018E001936D0>,0.6805281043052673,0.34386032819747925,-0.18931083381175995,577010,2,3,True,Right,Front,Left,Centre,69
<_io.BytesIO object at 0x0000018E00193D60>,0.6582968831062317,0.42877137660980225,-0.17694050073623657,577010,2,3,True,Right,Front,Left,Centre,69
<_io.BytesIO object at 0x0000018E00193E00>,0.6838603615760803,0.39689043164253235,-0.10272820293903351,577010,2,3,True,Right,Front,Left,Centre,69
<_io.BytesIO object at 0x0000018E0020BA90>,0.7128481268882751,0.3492010533809662,-0.16604755818843842,577010,2,3,True,Right,Front,Left,Centre,69
<_io.BytesIO object at 0x0000018E0020B180>,0.7032421231269836,0.3410298526287079,-0.1277959942817688,577010,2,3,True,Right,Front,Left,Centre,69
<_io.BytesIO object at 0x0000018E0022E590>,0.24302352964878082,0.0933166965842247,-0.17223970592021942,577012,2,3,True,Right,Front,Left,Centre,69
<_io.BytesIO object at 0x0000018E0022E720>,0.2694632112979889,0.08946701884269714,-0.13712377846240997,577012,2,3,True,Right,Front,Left,Centre,69
<_io.BytesIO object at 0x0000018E0022A720>,0.20220349729061127,0.1035643070936203,-0.08000770211219788,577012,2,3,True,Right,Front,Left,Centre,69
<_io.BytesIO object at 0x0000018E0022A8B0>,0.16879072785377502,0.05561503767967224,-0.1392117738723755,577012,2,3,True,Right,Front,Left,Centre,69
<_io.BytesIO object at 0x0000018E0022AAE0>,0.22087730467319489,0.05805656313896179,-0.17239169776439667,577012,2,3,True,Right,Front,Left,Centre,69
<_io.BytesIO object at 0x0000018E0022A9F0>,0.6805281043052673,0.34386032819747925,-0.18931083381175995,577012,2,3,True,Right,Front,Left,Centre,69
<_io.BytesIO object at 0x0000018E0022A0E0>,0.6582968831062317,0.42877137660980225,-0.17694050073623657,577012,2,3,True,Right,Front,Left,Centre,69
<_io.BytesIO object at 0x0000018E0022AE50>,0.6838603615760803,0.39689043164253235,-0.10272820293903351,577012,2,3,True,Right,Front,Left,Centre,69
<_io.BytesIO object at 0x0000018E0022A7C0>,0.7128481268882751,0.3492010533809662,-0.16604755818843842,577012,2,3,True,Right,Front,Left,Centre,69
<_io.BytesIO object at 0x0000018E00158F90>,0.7032421231269836,0.3410298526287079,-0.1277959942817688,577012,2,3,True,Right,Front,Left,Centre,69
<_io.BytesIO object at 0x0000018E002032C0>,0.24302352964878082,0.0933166965842247,-0.17223970592021942,577014,2,3,True,Right,Front,Left,Centre,69
<_io.BytesIO object at 0x0000018E002030E0>,0.2694632112979889,0.08946701884269714,-0.13712377846240997,577014,2,3,True,Right,Front,Left,Centre,69
<_io.BytesIO object at 0x0000018E002036D0>,0.20220349729061127,0.1035643070936203,-0.08000770211219788,577014,2,3,True,Right,Front,Left,Centre,69
<_io.BytesIO object at 0x0000018E00203860>,0.16879072785377502,0.05561503767967224,-0.1392117738723755,577014,2,3,True,Right,Front,Left,Centre,69
<_io.BytesIO object at 0x0000018E0013E0E0>,0.22087730467319489,0.05805656313896179,-0.17239169776439667,577014,2,3,True,Right,Front,Left,Centre,69
<_io.BytesIO object at 0x0000018E0013EAE0>,0.6805281043052673,0.34386032819747925,-0.18931083381175995,577014,2,3,True,Right,Front,Left,Centre,69
<_io.BytesIO object at 0x0000018E0013ECC0>,0.6582968831062317,0.42877137660980225,-0.17694050073623657,577014,2,3,True,Right,Front,Left,Centre,69
<_io.BytesIO object at 0x0000018E0013EEA0>,0.6838603615760803,0.39689043164253235,-0.10272820293903351,577014,2,3,True,Right,Front,Left,Centre,69
<_io.BytesIO object at 0x0000018E0013E400>,0.7128481268882751,0.3492010533809662,-0.16604755818843842,577014,2,3,True,Right,Front,Left,Centre,69
<_io.BytesIO object at 0x0000018E0013EF40>,0.7032421231269836,0.3410298526287079,-0.1277959942817688,577014,2,3,True,Right,Front,Left,Centre,69
<_io.BytesIO object at 0x0000018E00239EA0>,0.24302352964878082,0.0933166965842247,-0.17223970592021942,577015,2,3,True,Right,Front,Left,Centre,69
<_io.BytesIO object at 0x0000018E002397C0>,0.2694632112979889,0.08946701884269714,-0.13712377846240997,577015,2,3,True,Right,Front,Left,Centre,69
<_io.BytesIO object at 0x0000018E002390E0>,0.20220349729061127,0.1035643070936203,-0.08000770211219788,577015,2,3,True,Right,Front,Left,Centre,69
<_io.BytesIO object at 0x0000018E00239B30>,0.16879072785377502,0.05561503767967224,-0.1392117738723755,577015,2,3,True,Right,Front,Left,Centre,69
<_io.BytesIO object at 0x0000018E002394F0>,0.22087730467319489,0.05805656313896179,-0.17239169776439667,577015,2,3,True,Right,Front,Left,Centre,69
<_io.BytesIO object at 0x0000018E0006AEF0>,0.6805281043052673,0.34386032819747925,-0.18931083381175995,577015,2,3,True,Right,Front,Left,Centre,69
<_io.BytesIO object at 0x0000018E0006A360>,0.6582968831062317,0.42877137660980225,-0.17694050073623657,577015,2,3,True,Right,Front,Left,Centre,69
<_io.BytesIO object at 0x0000018E0006A310>,0.6838603615760803,0.39689043164253235,-0.10272820293903351,577015,2,3,True,Right,Front,Left,Centre,69
<_io.BytesIO object at 0x0000018E0006AAE0>,0.7128481268882751,0.3492010533809662,-0.16604755818843842,577015,2,3,True,Right,Front,Left,Centre,69
<_io.BytesIO object at 0x0000018E0006A220>,0.7032421231269836,0.3410298526287079,-0.1277959942817688,577015,2,3,True,Right,Front,Left,Centre,69
<_io.BytesIO object at 0x0000018E0020FA90>,0.24302352964878082,0.0933166965842247,-0.17223970592021942,577016,2,3,True,Right,Front,Left,Centre,69
<_io.BytesIO object at 0x0000018E0020F310>,0.2694632112979889,0.08946701884269714,-0.13712377846240997,577016,2,3,True,Right,Front,Left,Centre,69
<_io.BytesIO object at 0x0000018E0020F6D0>,0.20220349729061127,0.1035643070936203,-0.08000770211219788,577016,2,3,True,Right,Front,Left,Centre,69
<_io.BytesIO object at 0x0000018E0020B810>,0.16879072785377502,0.05561503767967224,-0.1392117738723755,577016,2,3,True,Right,Front,Left,Centre,69
<_io.BytesIO object at 0x0000018E0020BD10>,0.22087730467319489,0.05805656313896179,-0.17239169776439667,577016,2,3,True,Right,Front,Left,Centre,69
<_io.BytesIO object at 0x0000018E0020BB80>,0.6805281043052673,0.34386032819747925,-0.18931083381175995,577016,2,3,True,Right,Front,Left,Centre,69
<_io.BytesIO object at 0x0000018E0020B720>,0.6582968831062317,0.42877137660980225,-0.17694050073623657,577016,2,3,True,Right,Front,Left,Centre,69
<_io.BytesIO object at 0x0000018E0020B360>,0.6838603615760803,0.39689043164253235,-0.10272820293903351,577016,2,3,True,Right,Front,Left,Centre,69
<_io.BytesIO object at 0x0000018E0020BBD0>,0.7128481268882751,0.3492010533809662,-0.16604755818843842,577016,2,3,True,Right,Front,Left,Centre,69
<_io.BytesIO object at 0x0000018E0020B4F0>,0.7032421231269836,0.3410298526287079,-0.1277959942817688,577016,2,3,True,Right,Front,Left,Centre,69
<_io.BytesIO object at 0x0000018E00209E00>,0.24302352964878082,0.0933166965842247,-0.17223970592021942,577017,2,3,True,Right,Front,Left,Centre,69
<_io.BytesIO object at 0x0000018E00209A40>,0.2694632112979889,0.08946701884269714,-0.13712377846240997,577017,2,3,True,Right,Front,Left,Centre,69
<_io.BytesIO object at 0x0000018E00209040>,0.20220349729061127,0.1035643070936203,-0.08000770211219788,577017,2,3,True,Right,Front,Left,Centre,69
<_io.BytesIO object at 0x0000018E0006ACC0>,0.16879072785377502,0.05561503767967224,-0.1392117738723755,577017,2,3,True,Right,Front,Left,Centre,69
<_io.BytesIO object at 0x0000018E0006A5E0>,0.22087730467319489,0.05805656313896179,-0.17239169776439667,577017,2,3,True,Right,Front,Left,Centre,69
<_io.BytesIO object at 0x0000018E0006AB80>,0.6805281043052673,0.34386032819747925,-0.18931083381175995,577017,2,3,True,Right,Front,Left,Centre,69
<_io.BytesIO object at 0x0000018E0006A180>,0.6582968831062317,0.42877137660980225,-0.17694050073623657,577017,2,3,True,Right,Front,Left,Centre,69
<_io.BytesIO object at 0x0000018E0006A8B0>,0.6838603615760803,0.39689043164253235,-0.10272820293903351,577017,2,3,True,Right,Front,Left,Centre,69
<_io.BytesIO object at 0x0000018E0006A360>,0.7128481268882751,0.3492010533809662,-0.16604755818843842,577017,2,3,True,Right,Front,Left,Centre,69
<_io.BytesIO object at 0x0000018E0006A4F0>,0.7032421231269836,0.3410298526287079,-0.1277959942817688,577017,2,3,True,Right,Front,Left,Centre,69
<_io.BytesIO object at 0x0000018E782C5400>,0.24302352964878082,0.0933166965842247,-0.17223970592021942,577018,2,3,True,Right,Front,Left,Centre,69
<_io.BytesIO object at 0x0000018E00146860>,0.2694632112979889,0.08946701884269714,-0.13712377846240997,577018,2,3,True,Right,Front,Left,Centre,69
<_io.BytesIO object at 0x0000018E00146EA0>,0.20220349729061127,0.1035643070936203,-0.08000770211219788,577018,2,3,True,Right,Front,Left,Centre,69
<_io.BytesIO object at 0x0000018E00146900>,0.16879072785377502,0.05561503767967224,-0.1392117738723755,577018,2,3,True,Right,Front,Left,Centre,69
<_io.BytesIO object at 0x0000018E00146810>,0.22087730467319489,0.05805656313896179,-0.17239169776439667,577018,2,3,True,Right,Front,Left,Centre,69
<_io.BytesIO object at 0x0000018E0013E220>,0.6805281043052673,0.34386032819747925,-0.18931083381175995,577018,2,3,True,Right,Front,Left,Centre,69
<_io.BytesIO object at 0x0000018E0013E040>,0.6582968831062317,0.42877137660980225,-0.17694050073623657,577018,2,3,True,Right,Front,Left,Centre,69
<_io.BytesIO object at 0x0000018E0013E720>,0.6838603615760803,0.39689043164253235,-0.10272820293903351,577018,2,3,True,Right,Front,Left,Centre,69
<_io.BytesIO object at 0x0000018E0013E130>,0.7128481268882751,0.3492010533809662,-0.16604755818843842,577018,2,3,True,Right,Front,Left,Centre,69
<_io.BytesIO object at 0x0000018E0013E770>,0.7032421231269836,0.3410298526287079,-0.1277959942817688,577018,2,3,True,Right,Front,Left,Centre,69
<_io.BytesIO object at 0x0000018E002AC270>,0.24302352964878082,0.0933166965842247,-0.17223970592021942,577019,2,3,True,Right,Front,Left,Centre,69
<_io.BytesIO object at 0x0000018E002AC720>,0.2694632112979889,0.08946701884269714,-0.13712377846240997,577019,2,3,True,Right,Front,Left,Centre,69
<_io.BytesIO object at 0x0000018E002ACA90>,0.20220349729061127,0.1035643070936203,-0.08000770211219788,577019,2,3,True,Right,Front,Left,Centre,69
<_io.BytesIO object at 0x0000018E00158450>,0.16879072785377502,0.05561503767967224,-0.1392117738723755,577019,2,3,True,Right,Front,Left,Centre,69
<_io.BytesIO object at 0x0000018E00158590>,0.22087730467319489,0.05805656313896179,-0.17239169776439667,577019,2,3,True,Right,Front,Left,Centre,69
<_io.BytesIO object at 0x0000018E00158310>,0.6805281043052673,0.34386032819747925,-0.18931083381175995,577019,2,3,True,Right,Front,Left,Centre,69
<_io.BytesIO object at 0x0000018E00158CC0>,0.6582968831062317,0.42877137660980225,-0.17694050073623657,577019,2,3,True,Right,Front,Left,Centre,69
<_io.BytesIO object at 0x0000018E00158B80>,0.6838603615760803,0.39689043164253235,-0.10272820293903351,577019,2,3,True,Right,Front,Left,Centre,69
<_io.BytesIO object at 0x0000018E001580E0>,0.7128481268882751,0.3492010533809662,-0.16604755818843842,577019,2,3,True,Right,Front,Left,Centre,69
<_io.BytesIO object at 0x0000018E0022A090>,0.7032421231269836,0.3410298526287079,-0.1277959942817688,577019,2,3,True,Right,Front,Left,Centre,69
<_io.BytesIO object at 0x0000018E0022EEA0>,0.24302352964878082,0.0933166965842247,-0.17223970592021942,577020,2,3,True,Right,Front,Left,Centre,69
<_io.BytesIO object at 0x0000018E0022EF90>,0.2694632112979889,0.08946701884269714,-0.13712377846240997,577020,2,3,True,Right,Front,Left,Centre,69
<_io.BytesIO object at 0x0000018E0020F7C0>,0.20220349729061127,0.1035643070936203,-0.08000770211219788,577020,2,3,True,Right,Front,Left,Centre,69
<_io.BytesIO object at 0x0000018E0020FD60>,0.16879072785377502,0.05561503767967224,-0.1392117738723755,577020,2,3,True,Right,Front,Left,Centre,69
<_io.BytesIO object at 0x0000018E0020F090>,0.22087730467319489,0.05805656313896179,-0.17239169776439667,577020,2,3,True,Right,Front,Left,Centre,69
<_io.BytesIO object at 0x0000018E0020F8B0>,0.6805281043052673,0.34386032819747925,-0.18931083381175995,577020,2,3,True,Right,Front,Left,Centre,69
<_io.BytesIO object at 0x0000018E0020FC70>,0.6582968831062317,0.42877137660980225,-0.17694050073623657,577020,2,3,True,Right,Front,Left,Centre,69
<_io.BytesIO object at 0x0000018E0020F270>,0.6838603615760803,0.39689043164253235,-0.10272820293903351,577020,2,3,True,Right,Front,Left,Centre,69
<_io.BytesIO object at 0x0000018E0020F0E0>,0.7128481268882751,0.3492010533809662,-0.16604755818843842,577020,2,3,True,Right,Front,Left,Centre,69
<_io.BytesIO object at 0x0000018E00193400>,0.7032421231269836,0.3410298526287079,-0.1277959942817688,577020,2,3,True,Right,Front,Left,Centre,69
<_io.BytesIO object at 0x0000018E0020F540>,0.24302352964878082,0.0933166965842247,-0.17223970592021942,577021,2,3,True,Right,Front,Left,Centre,69
<_io.BytesIO object at 0x0000018E0022E9A0>,0.2694632112979889,0.08946701884269714,-0.13712377846240997,577021,2,3,True,Right,Front,Left,Centre,69
<_io.BytesIO object at 0x0000018E0022E4F0>,0.20220349729061127,0.1035643070936203,-0.08000770211219788,577021,2,3,True,Right,Front,Left,Centre,69
<_io.BytesIO object at 0x0000018E0022E3B0>,0.16879072785377502,0.05561503767967224,-0.1392117738723755,577021,2,3,True,Right,Front,Left,Centre,69
<_io.BytesIO object at 0x0000018E0022E720>,0.22087730467319489,0.05805656313896179,-0.17239169776439667,577021,2,3,True,Right,Front,Left,Centre,69
<_io.BytesIO object at 0x0000018E0022E5E0>,0.6805281043052673,0.34386032819747925,-0.18931083381175995,577021,2,3,True,Right,Front,Left,Centre,69
<_io.BytesIO object at 0x0000018E0022EE50>,0.6582968831062317,0.42877137660980225,-0.17694050073623657,577021,2,3,True,Right,Front,Left,Centre,69
<_io.BytesIO object at 0x0000018E0022AF90>,0.6838603615760803,0.39689043164253235,-0.10272820293903351,577021,2,3,True,Right,Front,Left,Centre,69
<_io.BytesIO object at 0x0000018E0022A680>,0.7128481268882751,0.3492010533809662,-0.16604755818843842,577021,2,3,True,Right,Front,Left,Centre,69
<_io.BytesIO object at 0x0000018E0022A8B0>,0.7032421231269836,0.3410298526287079,-0.1277959942817688,577021,2,3,True,Right,Front,Left,Centre,69
<_io.BytesIO object at 0x0000018E002AC040>,0.24302352964878082,0.0933166965842247,-0.17223970592021942,577022,2,3,True,Right,Front,Left,Centre,69
<_io.BytesIO object at 0x0000018E002AC810>,0.2694632112979889,0.08946701884269714,-0.13712377846240997,577022,2,3,True,Right,Front,Left,Centre,69
<_io.BytesIO object at 0x0000018E002AC630>,0.20220349729061127,0.1035643070936203,-0.08000770211219788,577022,2,3,True,Right,Front,Left,Centre,69
<_io.BytesIO object at 0x0000018E00203A90>,0.16879072785377502,0.05561503767967224,-0.1392117738723755,577022,2,3,True,Right,Front,Left,Centre,69
<_io.BytesIO object at 0x0000018E002037C0>,0.22087730467319489,0.05805656313896179,-0.17239169776439667,577022,2,3,True,Right,Front,Left,Centre,69
<_io.BytesIO object at 0x0000018E00203590>,0.6805281043052673,0.34386032819747925,-0.18931083381175995,577022,2,3,True,Right,Front,Left,Centre,69
<_io.BytesIO object at 0x0000018E00203B30>,0.6582968831062317,0.42877137660980225,-0.17694050073623657,577022,2,3,True,Right,Front,Left,Centre,69
<_io.BytesIO object at 0x0000018E00203040>,0.6838603615760803,0.39689043164253235,-0.10272820293903351,577022,2,3,True,Right,Front,Left,Centre,69
<_io.BytesIO object at 0x0000018E00203680>,0.7128481268882751,0.3492010533809662,-0.16604755818843842,577022,2,3,True,Right,Front,Left,Centre,69
<_io.BytesIO object at 0x0000018E00203770>,0.7032421231269836,0.3410298526287079,-0.1277959942817688,577022,2,3,True,Right,Front,Left,Centre,69
<_io.BytesIO object at 0x0000018E00146590>,0.24302352964878082,0.0933166965842247,-0.17223970592021942,577023,2,3,True,Right,Front,Left,Centre,69
<_io.BytesIO object at 0x0000018E001464F0>,0.2694632112979889,0.08946701884269714,-0.13712377846240997,577023,2,3,True,Right,Front,Left,Centre,69
<_io.BytesIO object at 0x0000018E782C5130>,0.20220349729061127,0.1035643070936203,-0.08000770211219788,577023,2,3,True,Right,Front,Left,Centre,69
<_io.BytesIO object at 0x0000018E782C5180>,0.16879072785377502,0.05561503767967224,-0.1392117738723755,577023,2,3,True,Right,Front,Left,Centre,69
<_io.BytesIO object at 0x0000018E00054400>,0.22087730467319489,0.05805656313896179,-0.17239169776439667,577023,2,3,True,Right,Front,Left,Centre,69
<_io.BytesIO object at 0x0000018E002399A0>,0.6805281043052673,0.34386032819747925,-0.18931083381175995,577023,2,3,True,Right,Front,Left,Centre,69
<_io.BytesIO object at 0x0000018E00239F40>,0.6582968831062317,0.42877137660980225,-0.17694050073623657,577023,2,3,True,Right,Front,Left,Centre,69
<_io.BytesIO object at 0x0000018E00239AE0>,0.6838603615760803,0.39689043164253235,-0.10272820293903351,577023,2,3,True,Right,Front,Left,Centre,69
<_io.BytesIO object at 0x0000018E002398B0>,0.7128481268882751,0.3492010533809662,-0.16604755818843842,577023,2,3,True,Right,Front,Left,Centre,69
<_io.BytesIO object at 0x0000018E002397C0>,0.7032421231269836,0.3410298526287079,-0.1277959942817688,577023,2,3,True,Right,Front,Left,Centre,69
<_io.BytesIO object at 0x0000018E00209E50>,0.24302352964878082,0.0933166965842247,-0.17223970592021942,577024,2,3,True,Right,Front,Left,Centre,69
<_io.BytesIO object at 0x0000018E00209400>,0.2694632112979889,0.08946701884269714,-0.13712377846240997,577024,2,3,True,Right,Front,Left,Centre,69
<_io.BytesIO object at 0x0000018E0020B810>,0.20220349729061127,0.1035643070936203,-0.08000770211219788,577024,2,3,True,Right,Front,Left,Centre,69
<_io.BytesIO object at 0x0000018E0020BE50>,0.16879072785377502,0.05561503767967224,-0.1392117738723755,577024,2,3,True,Right,Front,Left,Centre,69
<_io.BytesIO object at 0x0000018E0020B9A0>,0.22087730467319489,0.05805656313896179,-0.17239169776439667,577024,2,3,True,Right,Front,Left,Centre,69
<_io.BytesIO object at 0x0000018E0020B400>,0.6805281043052673,0.34386032819747925,-0.18931083381175995,577024,2,3,True,Right,Front,Left,Centre,69
<_io.BytesIO object at 0x0000018E0020B270>,0.6582968831062317,0.42877137660980225,-0.17694050073623657,577024,2,3,True,Right,Front,Left,Centre,69
<_io.BytesIO object at 0x0000018E0020B220>,0.6838603615760803,0.39689043164253235,-0.10272820293903351,577024,2,3,True,Right,Front,Left,Centre,69
<_io.BytesIO object at 0x0000018E0020BB30>,0.7128481268882751,0.3492010533809662,-0.16604755818843842,577024,2,3,True,Right,Front,Left,Centre,69
<_io.BytesIO object at 0x0000018E0020BC20>,0.7032421231269836,0.3410298526287079,-0.1277959942817688,577024,2,3,True,Right,Front,Left,Centre,69
<_io.BytesIO object at 0x0000018E00221BD0>,0.24302352964878082,0.0933166965842247,-0.17223970592021942,577025,2,3,True,Right,Front,Left,Centre,69
<_io.BytesIO object at 0x0000018E00221CC0>,0.2694632112979889,0.08946701884269714,-0.13712377846240997,577025,2,3,True,Right,Front,Left,Centre,69
<_io.BytesIO object at 0x0000018E00221950>,0.20220349729061127,0.1035643070936203,-0.08000770211219788,577025,2,3,True,Right,Front,Left,Centre,69
<_io.BytesIO object at 0x0000018E00221720>,0.16879072785377502,0.05561503767967224,-0.1392117738723755,577025,2,3,True,Right,Front,Left,Centre,69
<_io.BytesIO object at 0x0000018E00221450>,0.22087730467319489,0.05805656313896179,-0.17239169776439667,577025,2,3,True,Right,Front,Left,Centre,69
<_io.BytesIO object at 0x0000018E002212C0>,0.6805281043052673,0.34386032819747925,-0.18931083381175995,577025,2,3,True,Right,Front,Left,Centre,69
<_io.BytesIO object at 0x0000018E00221090>,0.6582968831062317,0.42877137660980225,-0.17694050073623657,577025,2,3,True,Right,Front,Left,Centre,69
<_io.BytesIO object at 0x0000018E00193C70>,0.6838603615760803,0.39689043164253235,-0.10272820293903351,577025,2,3,True,Right,Front,Left,Centre,69
<_io.BytesIO object at 0x0000018E00193EA0>,0.7128481268882751,0.3492010533809662,-0.16604755818843842,577025,2,3,True,Right,Front,Left,Centre,69
<_io.BytesIO object at 0x0000018E00193310>,0.7032421231269836,0.3410298526287079,-0.1277959942817688,577025,2,3,True,Right,Front,Left,Centre,69
<_io.BytesIO object at 0x0000018E00209D60>,0.24302352964878082,0.0933166965842247,-0.17223970592021942,577027,2,3,True,Right,Front,Left,Centre,69
<_io.BytesIO object at 0x0000018E00209810>,0.2694632112979889,0.08946701884269714,-0.13712377846240997,577027,2,3,True,Right,Front,Left,Centre,69
<_io.BytesIO object at 0x0000018E0006A5E0>,0.20220349729061127,0.1035643070936203,-0.08000770211219788,577027,2,3,True,Right,Front,Left,Centre,69
<_io.BytesIO object at 0x0000018E0006A400>,0.16879072785377502,0.05561503767967224,-0.1392117738723755,577027,2,3,True,Right,Front,Left,Centre,69
<_io.BytesIO object at 0x0000018E0006AEA0>,0.22087730467319489,0.05805656313896179,-0.17239169776439667,577027,2,3,True,Right,Front,Left,Centre,69
<_io.BytesIO object at 0x0000018E0006A130>,0.6805281043052673,0.34386032819747925,-0.18931083381175995,577027,2,3,True,Right,Front,Left,Centre,69
<_io.BytesIO object at 0x0000018E0006A9F0>,0.6582968831062317,0.42877137660980225,-0.17694050073623657,577027,2,3,True,Right,Front,Left,Centre,69
<_io.BytesIO object at 0x0000018E0006AEF0>,0.6838603615760803,0.39689043164253235,-0.10272820293903351,577027,2,3,True,Right,Front,Left,Centre,69
<_io.BytesIO object at 0x0000018E0006AAE0>,0.7128481268882751,0.3492010533809662,-0.16604755818843842,577027,2,3,True,Right,Front,Left,Centre,69
<_io.BytesIO object at 0x0000018E00239E00>,0.7032421231269836,0.3410298526287079,-0.1277959942817688,577027,2,3,True,Right,Front,Left,Centre,69
<_io.BytesIO object at 0x0000018E00146CC0>,0.24302352964878082,0.0933166965842247,-0.17223970592021942,577028,2,3,True,Right,Front,Left,Centre,69
<_io.BytesIO object at 0x0000018E00146BD0>,0.2694632112979889,0.08946701884269714,-0.13712377846240997,577028,2,3,True,Right,Front,Left,Centre,69
<_io.BytesIO object at 0x0000018E0013E090>,0.20220349729061127,0.1035643070936203,-0.08000770211219788,577028,2,3,True,Right,Front,Left,Centre,69
<_io.BytesIO object at 0x0000018E0013ED10>,0.16879072785377502,0.05561503767967224,-0.1392117738723755,577028,2,3,True,Right,Front,Left,Centre,69
<_io.BytesIO object at 0x0000018E0013E630>,0.22087730467319489,0.05805656313896179,-0.17239169776439667,577028,2,3,True,Right,Front,Left,Centre,69
<_io.BytesIO object at 0x0000018E0013E4A0>,0.6805281043052673,0.34386032819747925,-0.18931083381175995,577028,2,3,True,Right,Front,Left,Centre,69
<_io.BytesIO object at 0x0000018E0013E860>,0.6582968831062317,0.42877137660980225,-0.17694050073623657,577028,2,3,True,Right,Front,Left,Centre,69
<_io.BytesIO object at 0x0000018E0013E310>,0.6838603615760803,0.39689043164253235,-0.10272820293903351,577028,2,3,True,Right,Front,Left,Centre,69
<_io.BytesIO object at 0x0000018E0013E5E0>,0.7128481268882751,0.3492010533809662,-0.16604755818843842,577028,2,3,True,Right,Front,Left,Centre,69
<_io.BytesIO object at 0x0000018E0013E400>,0.7032421231269836,0.3410298526287079,-0.1277959942817688,577028,2,3,True,Right,Front,Left,Centre,69
<_io.BytesIO object at 0x0000018E00158810>,0.24302352964878082,0.0933166965842247,-0.17223970592021942,577029,2,3,True,Right,Front,Left,Centre,69
<_io.BytesIO object at 0x0000018E00158630>,0.2694632112979889,0.08946701884269714,-0.13712377846240997,577029,2,3,True,Right,Front,Left,Centre,69
<_io.BytesIO object at 0x0000018E00158180>,0.20220349729061127,0.1035643070936203,-0.08000770211219788,577029,2,3,True,Right,Front,Left,Centre,69
<_io.BytesIO object at 0x0000018E0022A400>,0.16879072785377502,0.05561503767967224,-0.1392117738723755,577029,2,3,True,Right,Front,Left,Centre,69
<_io.BytesIO object at 0x0000018E0022A270>,0.22087730467319489,0.05805656313896179,-0.17239169776439667,577029,2,3,True,Right,Front,Left,Centre,69
<_io.BytesIO object at 0x0000018E0022ADB0>,0.6805281043052673,0.34386032819747925,-0.18931083381175995,577029,2,3,True,Right,Front,Left,Centre,69
<_io.BytesIO object at 0x0000018E0022A0E0>,0.6582968831062317,0.42877137660980225,-0.17694050073623657,577029,2,3,True,Right,Front,Left,Centre,69
<_io.BytesIO object at 0x0000018E0022A630>,0.6838603615760803,0.39689043164253235,-0.10272820293903351,577029,2,3,True,Right,Front,Left,Centre,69
<_io.BytesIO object at 0x0000018E0022A9A0>,0.7128481268882751,0.3492010533809662,-0.16604755818843842,577029,2,3,True,Right,Front,Left,Centre,69
<_io.BytesIO object at 0x0000018E0022A220>,0.7032421231269836,0.3410298526287079,-0.1277959942817688,577029,2,3,True,Right,Front,Left,Centre,69
<_io.BytesIO object at 0x0000018E0020F130>,0.24302352964878082,0.0933166965842247,-0.17223970592021942,577030,2,3,True,Right,Front,Left,Centre,69
<_io.BytesIO object at 0x0000018E0020F360>,0.2694632112979889,0.08946701884269714,-0.13712377846240997,577030,2,3,True,Right,Front,Left,Centre,69
<_io.BytesIO object at 0x0000018E0020F720>,0.20220349729061127,0.1035643070936203,-0.08000770211219788,577030,2,3,True,Right,Front,Left,Centre,69
<_io.BytesIO object at 0x0000018E0020FCC0>,0.16879072785377502,0.05561503767967224,-0.1392117738723755,577030,2,3,True,Right,Front,Left,Centre,69
<_io.BytesIO object at 0x0000018E0020FC70>,0.22087730467319489,0.05805656313896179,-0.17239169776439667,577030,2,3,True,Right,Front,Left,Centre,69
<_io.BytesIO object at 0x0000018E0020F590>,0.6805281043052673,0.34386032819747925,-0.18931083381175995,577030,2,3,True,Right,Front,Left,Centre,69
<_io.BytesIO object at 0x0000018E0020FD60>,0.6582968831062317,0.42877137660980225,-0.17694050073623657,577030,2,3,True,Right,Front,Left,Centre,69
<_io.BytesIO object at 0x0000018E0020F6D0>,0.6838603615760803,0.39689043164253235,-0.10272820293903351,577030,2,3,True,Right,Front,Left,Centre,69
<_io.BytesIO object at 0x0000018E0020F4A0>,0.7128481268882751,0.3492010533809662,-0.16604755818843842,577030,2,3,True,Right,Front,Left,Centre,69
<_io.BytesIO object at 0x0000018E0020F630>,0.7032421231269836,0.3410298526287079,-0.1277959942817688,577030,2,3,True,Right,Front,Left,Centre,69
<_io.BytesIO object at 0x0000018E0022A400>,0.24302352964878082,0.0933166965842247,-0.17223970592021942,577031,2,3,True,Right,Front,Left,Centre,69
<_io.BytesIO object at 0x0000018E00158680>,0.2694632112979889,0.08946701884269714,-0.13712377846240997,577031,2,3,True,Right,Front,Left,Centre,69
<_io.BytesIO object at 0x0000018E001587C0>,0.20220349729061127,0.1035643070936203,-0.08000770211219788,577031,2,3,True,Right,Front,Left,Centre,69
<_io.BytesIO object at 0x0000018E00158900>,0.16879072785377502,0.05561503767967224,-0.1392117738723755,577031,2,3,True,Right,Front,Left,Centre,69
<_io.BytesIO object at 0x0000018E001588B0>,0.22087730467319489,0.05805656313896179,-0.17239169776439667,577031,2,3,True,Right,Front,Left,Centre,69
<_io.BytesIO object at 0x0000018E002ACA90>,0.6805281043052673,0.34386032819747925,-0.18931083381175995,577031,2,3,True,Right,Front,Left,Centre,69
<_io.BytesIO object at 0x0000018E002AC2C0>,0.6582968831062317,0.42877137660980225,-0.17694050073623657,577031,2,3,True,Right,Front,Left,Centre,69
<_io.BytesIO object at 0x0000018E002AC270>,0.6838603615760803,0.39689043164253235,-0.10272820293903351,577031,2,3,True,Right,Front,Left,Centre,69
<_io.BytesIO object at 0x0000018E002AC220>,0.7128481268882751,0.3492010533809662,-0.16604755818843842,577031,2,3,True,Right,Front,Left,Centre,69
<_io.BytesIO object at 0x0000018E002ACC70>,0.7032421231269836,0.3410298526287079,-0.1277959942817688,577031,2,3,True,Right,Front,Left,Centre,69
<_io.BytesIO object at 0x0000018E0013EE50>,0.24302352964878082,0.0933166965842247,-0.17223970592021942,577032,2,3,True,Right,Front,Left,Centre,69
<_io.BytesIO object at 0x0000018E0013E090>,0.2694632112979889,0.08946701884269714,-0.13712377846240997,577032,2,3,True,Right,Front,Left,Centre,69
<_io.BytesIO object at 0x0000018E001460E0>,0.20220349729061127,0.1035643070936203,-0.08000770211219788,577032,2,3,True,Right,Front,Left,Centre,69
<_io.BytesIO object at 0x0000018E00146900>,0.16879072785377502,0.05561503767967224,-0.1392117738723755,577032,2,3,True,Right,Front,Left,Centre,69
<_io.BytesIO object at 0x0000018E00146D10>,0.22087730467319489,0.05805656313896179,-0.17239169776439667,577032,2,3,True,Right,Front,Left,Centre,69
<_io.BytesIO object at 0x0000018E00146540>,0.6805281043052673,0.34386032819747925,-0.18931083381175995,577032,2,3,True,Right,Front,Left,Centre,69
<_io.BytesIO object at 0x0000018E00146E50>,0.6582968831062317,0.42877137660980225,-0.17694050073623657,577032,2,3,True,Right,Front,Left,Centre,69
<_io.BytesIO object at 0x0000018E001461D0>,0.6838603615760803,0.39689043164253235,-0.10272820293903351,577032,2,3,True,Right,Front,Left,Centre,69
<_io.BytesIO object at 0x0000018E00146680>,0.7128481268882751,0.3492010533809662,-0.16604755818843842,577032,2,3,True,Right,Front,Left,Centre,69
<_io.BytesIO object at 0x0000018E782C5400>,0.7032421231269836,0.3410298526287079,-0.1277959942817688,577032,2,3,True,Right,Front,Left,Centre,69
<_io.BytesIO object at 0x0000018E0006A770>,0.24302352964878082,0.0933166965842247,-0.17223970592021942,577033,2,3,True,Right,Front,Left,Centre,69
<_io.BytesIO object at 0x0000018E0006AA90>,0.2694632112979889,0.08946701884269714,-0.13712377846240997,577033,2,3,True,Right,Front,Left,Centre,69
<_io.BytesIO object at 0x0000018E002093B0>,0.20220349729061127,0.1035643070936203,-0.08000770211219788,577033,2,3,True,Right,Front,Left,Centre,69
<_io.BytesIO object at 0x0000018E002096D0>,0.16879072785377502,0.05561503767967224,-0.1392117738723755,577033,2,3,True,Right,Front,Left,Centre,69
<_io.BytesIO object at 0x0000018E00209E00>,0.22087730467319489,0.05805656313896179,-0.17239169776439667,577033,2,3,True,Right,Front,Left,Centre,69
<_io.BytesIO object at 0x0000018E00209860>,0.6805281043052673,0.34386032819747925,-0.18931083381175995,577033,2,3,True,Right,Front,Left,Centre,69
<_io.BytesIO object at 0x0000018E00209F40>,0.6582968831062317,0.42877137660980225,-0.17694050073623657,577033,2,3,True,Right,Front,Left,Centre,69
<_io.BytesIO object at 0x0000018E00209C70>,0.6838603615760803,0.39689043164253235,-0.10272820293903351,577033,2,3,True,Right,Front,Left,Centre,69
<_io.BytesIO object at 0x0000018E00209B80>,0.7128481268882751,0.3492010533809662,-0.16604755818843842,577033,2,3,True,Right,Front,Left,Centre,69
<_io.BytesIO object at 0x0000018E0020B810>,0.7032421231269836,0.3410298526287079,-0.1277959942817688,577033,2,3,True,Right,Front,Left,Centre,69
<_io.BytesIO object at 0x0000018E00193C70>,0.24302352964878082,0.0933166965842247,-0.17223970592021942,577034,2,3,True,Right,Front,Left,Centre,69
<_io.BytesIO object at 0x0000018E00221B30>,0.2694632112979889,0.08946701884269714,-0.13712377846240997,577034,2,3,True,Right,Front,Left,Centre,69
<_io.BytesIO object at 0x0000018E002215E0>,0.20220349729061127,0.1035643070936203,-0.08000770211219788,577034,2,3,True,Right,Front,Left,Centre,69
<_io.BytesIO object at 0x0000018E00221950>,0.16879072785377502,0.05561503767967224,-0.1392117738723755,577034,2,3,True,Right,Front,Left,Centre,69
<_io.BytesIO object at 0x0000018E002219F0>,0.22087730467319489,0.05805656313896179,-0.17239169776439667,577034,2,3,True,Right,Front,Left,Centre,69
<_io.BytesIO object at 0x0000018E002216D0>,0.6805281043052673,0.34386032819747925,-0.18931083381175995,577034,2,3,True,Right,Front,Left,Centre,69
<_io.BytesIO object at 0x0000018E00221E00>,0.6582968831062317,0.42877137660980225,-0.17694050073623657,577034,2,3,True,Right,Front,Left,Centre,69
<_io.BytesIO object at 0x0000018E002270E0>,0.6838603615760803,0.39689043164253235,-0.10272820293903351,577034,2,3,True,Right,Front,Left,Centre,69
<_io.BytesIO object at 0x0000018E00221C20>,0.7128481268882751,0.3492010533809662,-0.16604755818843842,577034,2,3,True,Right,Front,Left,Centre,69
<_io.BytesIO object at 0x0000018E00221A90>,0.7032421231269836,0.3410298526287079,-0.1277959942817688,577034,2,3,True,Right,Front,Left,Centre,69
<_io.BytesIO object at 0x0000018E0020BDB0>,0.24302352964878082,0.0933166965842247,-0.17223970592021942,577035,2,3,True,Right,Front,Left,Centre,69
<_io.BytesIO object at 0x0000018E0020B680>,0.2694632112979889,0.08946701884269714,-0.13712377846240997,577035,2,3,True,Right,Front,Left,Centre,69
<_io.BytesIO object at 0x0000018E0020B2C0>,0.20220349729061127,0.1035643070936203,-0.08000770211219788,577035,2,3,True,Right,Front,Left,Centre,69
<_io.BytesIO object at 0x0000018E00209F90>,0.16879072785377502,0.05561503767967224,-0.1392117738723755,577035,2,3,True,Right,Front,Left,Centre,69
<_io.BytesIO object at 0x0000018E00209B80>,0.22087730467319489,0.05805656313896179,-0.17239169776439667,577035,2,3,True,Right,Front,Left,Centre,69
<_io.BytesIO object at 0x0000018E002094A0>,0.6805281043052673,0.34386032819747925,-0.18931083381175995,577035,2,3,True,Right,Front,Left,Centre,69
<_io.BytesIO object at 0x0000018E002099A0>,0.6582968831062317,0.42877137660980225,-0.17694050073623657,577035,2,3,True,Right,Front,Left,Centre,69
<_io.BytesIO object at 0x0000018E00209720>,0.6838603615760803,0.39689043164253235,-0.10272820293903351,577035,2,3,True,Right,Front,Left,Centre,69
<_io.BytesIO object at 0x0000018E00209950>,0.7128481268882751,0.3492010533809662,-0.16604755818843842,577035,2,3,True,Right,Front,Left,Centre,69
<_io.BytesIO object at 0x0000018E002093B0>,0.7032421231269836,0.3410298526287079,-0.1277959942817688,577035,2,3,True,Right,Front,Left,Centre,69
<_io.BytesIO object at 0x0000018E00239590>,0.24302352964878082,0.0933166965842247,-0.17223970592021942,577036,2,3,True,Right,Front,Left,Centre,69
<_io.BytesIO object at 0x0000018E00054AE0>,0.2694632112979889,0.08946701884269714,-0.13712377846240997,577036,2,3,True,Right,Front,Left,Centre,69
<_io.BytesIO object at 0x0000018E782C56D0>,0.20220349729061127,0.1035643070936203,-0.08000770211219788,577036,2,3,True,Right,Front,Left,Centre,69
<_io.BytesIO object at 0x0000018E00146B80>,0.16879072785377502,0.05561503767967224,-0.1392117738723755,577036,2,3,True,Right,Front,Left,Centre,69
<_io.BytesIO object at 0x0000018E00146F90>,0.22087730467319489,0.05805656313896179,-0.17239169776439667,577036,2,3,True,Right,Front,Left,Centre,69
<_io.BytesIO object at 0x0000018E001461D0>,0.6805281043052673,0.34386032819747925,-0.18931083381175995,577036,2,3,True,Right,Front,Left,Centre,69
<_io.BytesIO object at 0x0000018E001469A0>,0.6582968831062317,0.42877137660980225,-0.17694050073623657,577036,2,3,True,Right,Front,Left,Centre,69
<_io.BytesIO object at 0x0000018E00146E00>,0.6838603615760803,0.39689043164253235,-0.10272820293903351,577036,2,3,True,Right,Front,Left,Centre,69
<_io.BytesIO object at 0x0000018E00146B30>,0.7128481268882751,0.3492010533809662,-0.16604755818843842,577036,2,3,True,Right,Front,Left,Centre,69
<_io.BytesIO object at 0x0000018E00146DB0>,0.7032421231269836,0.3410298526287079,-0.1277959942817688,577036,2,3,True,Right,Front,Left,Centre,69
<_io.BytesIO object at 0x0000018E00203590>,0.24302352964878082,0.0933166965842247,-0.17223970592021942,577037,2,3,True,Right,Front,Left,Centre,69
<_io.BytesIO object at 0x0000018E00203C70>,0.2694632112979889,0.08946701884269714,-0.13712377846240997,577037,2,3,True,Right,Front,Left,Centre,69
<_io.BytesIO object at 0x0000018E002AC1D0>,0.20220349729061127,0.1035643070936203,-0.08000770211219788,577037,2,3,True,Right,Front,Left,Centre,69
<_io.BytesIO object at 0x0000018E002AC040>,0.16879072785377502,0.05561503767967224,-0.1392117738723755,577037,2,3,True,Right,Front,Left,Centre,69
<_io.BytesIO object at 0x0000018E002ACEF0>,0.22087730467319489,0.05805656313896179,-0.17239169776439667,577037,2,3,True,Right,Front,Left,Centre,69
<_io.BytesIO object at 0x0000018E002AC2C0>,0.6805281043052673,0.34386032819747925,-0.18931083381175995,577037,2,3,True,Right,Front,Left,Centre,69
<_io.BytesIO object at 0x0000018E002AC4F0>,0.6582968831062317,0.42877137660980225,-0.17694050073623657,577037,2,3,True,Right,Front,Left,Centre,69
<_io.BytesIO object at 0x0000018E00158450>,0.6838603615760803,0.39689043164253235,-0.10272820293903351,577037,2,3,True,Right,Front,Left,Centre,69
<_io.BytesIO object at 0x0000018E00158E50>,0.7128481268882751,0.3492010533809662,-0.16604755818843842,577037,2,3,True,Right,Front,Left,Centre,69
<_io.BytesIO object at 0x0000018E00158590>,0.7032421231269836,0.3410298526287079,-0.1277959942817688,577037,2,3,True,Right,Front,Left,Centre,69
