_io,pos_x,pos_y,pos_z,frame,trial_num,block_num,practicing,left_right_hand,palm_back_hand,target_loc,distractor_loc,participant_id
<_io.BytesIO object at 0x000001DC1823B0E0>,0.597282886505127,0.05196699500083923,-0.10209888964891434,489684,5,3,True,Right,Back,Left,Centre,59
_io,pos_x,pos_y,pos_z,frame,trial_num,block_num,practicing,left_right_hand,palm_back_hand,target_loc,distractor_loc,participant_id
<_io.BytesIO object at 0x000001DC1823BCC0>,0.4969947040081024,0.031879816204309464,-0.15260253846645355,489684,5,3,True,Right,Back,Left,Centre,59
_io,pos_x,pos_y,pos_z,frame,trial_num,block_num,practicing,left_right_hand,palm_back_hand,target_loc,distractor_loc,participant_id
<_io.BytesIO object at 0x000001DC1823BB30>,0.5095022320747375,0.025756556540727615,-0.08812093734741211,489684,5,3,True,Right,Back,Left,Centre,59
_io,pos_x,pos_y,pos_z,frame,trial_num,block_num,practicing,left_right_hand,palm_back_hand,target_loc,distractor_loc,participant_id
<_io.BytesIO object at 0x000001DC18121A40>,0.5307865738868713,0.06747198849916458,-0.16112104058265686,489684,5,3,True,Right,Back,Left,Centre,59
_io,pos_x,pos_y,pos_z,frame,trial_num,block_num,practicing,left_right_hand,palm_back_hand,target_loc,distractor_loc,participant_id
<_io.BytesIO object at 0x000001DC18121130>,0.5574657320976257,0.04651814326643944,-0.19125638902187347,489684,5,3,True,Right,Back,Left,Centre,59
<_io.BytesIO object at 0x000001DC180BFB80>,0.5972956418991089,0.05170625448226929,-0.10207491368055344,489685,5,3,True,Right,Back,Left,Centre,59
<_io.BytesIO object at 0x000001DC180BF7C0>,0.4968952536582947,0.03172546997666359,-0.1524466872215271,489685,5,3,True,Right,Back,Left,Centre,59
<_io.BytesIO object at 0x000001DC180BF860>,0.5095114707946777,0.02559812180697918,-0.08800175786018372,489685,5,3,True,Right,Back,Left,Centre,59
<_io.BytesIO object at 0x000001DC180BF360>,0.5307906270027161,0.06715285032987595,-0.16104727983474731,489685,5,3,True,Right,Back,Left,Centre,59
<_io.BytesIO object at 0x000001DC180BF040>,0.5573960542678833,0.04628036171197891,-0.19121286273002625,489685,5,3,True,Right,Back,Left,Centre,59
<_io.BytesIO object at 0x000001DC1823BE00>,0.5973048806190491,0.051451537758111954,-0.1020497977733612,489686,5,3,True,Right,Back,Left,Centre,59
<_io.BytesIO object at 0x000001DC1823BA40>,0.496868759393692,0.03154607117176056,-0.15233804285526276,489686,5,3,True,Right,Back,Left,Centre,59
<_io.BytesIO object at 0x000001DC1823B7C0>,0.5095046758651733,0.025454238057136536,-0.0878821313381195,489686,5,3,True,Right,Back,Left,Centre,59
<_io.BytesIO object at 0x000001DC180BF810>,0.5307807326316833,0.06695578247308731,-0.16093772649765015,489686,5,3,True,Right,Back,Left,Centre,59
<_io.BytesIO object at 0x000001DC180BF310>,0.5573203563690186,0.045979879796504974,-0.1911616027355194,489686,5,3,True,Right,Back,Left,Centre,59
<_io.BytesIO object at 0x000001DC1823B900>,0.5973096489906311,0.05119255557656288,-0.10206901282072067,489687,5,3,True,Right,Back,Left,Centre,59
<_io.BytesIO object at 0x000001DC1823BE50>,0.4968434274196625,0.031345125287771225,-0.1522272676229477,489687,5,3,True,Right,Back,Left,Centre,59
<_io.BytesIO object at 0x000001DC1823B1D0>,0.509499192237854,0.025302395224571228,-0.08775441348552704,489687,5,3,True,Right,Back,Left,Centre,59
<_io.BytesIO object at 0x000001DC180BF720>,0.5307623744010925,0.06675434857606888,-0.16085778176784515,489687,5,3,True,Right,Back,Left,Centre,59
<_io.BytesIO object at 0x000001DC180BF630>,0.5572394728660583,0.04570533707737923,-0.1910819560289383,489687,5,3,True,Right,Back,Left,Centre,59
<_io.BytesIO object at 0x000001DC180BF1D0>,0.5973122119903564,0.0509350411593914,-0.1021006852388382,489688,5,3,True,Right,Back,Left,Centre,59
<_io.BytesIO object at 0x000001DC180BF220>,0.49679094552993774,0.031143052503466606,-0.1520892083644867,489688,5,3,True,Right,Back,Left,Centre,59
<_io.BytesIO object at 0x000001DC180BF0E0>,0.5094792246818542,0.025118784978985786,-0.08761976659297943,489688,5,3,True,Right,Back,Left,Centre,59
<_io.BytesIO object at 0x000001DC180BFA40>,0.5307683944702148,0.06649076193571091,-0.1607045829296112,489688,5,3,True,Right,Back,Left,Centre,59
<_io.BytesIO object at 0x000001DC180BFAE0>,0.5571483969688416,0.04540296643972397,-0.19103817641735077,489688,5,3,True,Right,Back,Left,Centre,59
<_io.BytesIO object at 0x000001DC1823BE00>,0.5973540544509888,0.050741810351610184,-0.10213637351989746,489689,5,3,True,Right,Back,Left,Centre,59
<_io.BytesIO object at 0x000001DC1823B950>,0.49672210216522217,0.03093753010034561,-0.15193334221839905,489689,5,3,True,Right,Back,Left,Centre,59
<_io.BytesIO object at 0x000001DC1823B3B0>,0.5094871520996094,0.024987991899251938,-0.08746335655450821,489689,5,3,True,Right,Back,Left,Centre,59
<_io.BytesIO object at 0x000001DC180BF090>,0.5307171940803528,0.06628769636154175,-0.16061343252658844,489689,5,3,True,Right,Back,Left,Centre,59
<_io.BytesIO object at 0x000001DC180BF810>,0.5570603013038635,0.04517652466893196,-0.19092817604541779,489689,5,3,True,Right,Back,Left,Centre,59
<_io.BytesIO object at 0x000001DC180BFC70>,0.5973491668701172,0.05066302791237831,-0.10217919200658798,489690,5,3,True,Right,Back,Left,Centre,59
<_io.BytesIO object at 0x000001DC180BFE50>,0.4966987669467926,0.030694371089339256,-0.15180473029613495,489690,5,3,True,Right,Back,Left,Centre,59
<_io.BytesIO object at 0x000001DC180BF3B0>,0.5094892382621765,0.02491866610944271,-0.08729208260774612,489690,5,3,True,Right,Back,Left,Centre,59
<_io.BytesIO object at 0x000001DC180BF9F0>,0.5306568145751953,0.06613323837518692,-0.1605103611946106,489690,5,3,True,Right,Back,Left,Centre,59
<_io.BytesIO object at 0x000001DC180BFEA0>,0.5569923520088196,0.045019444078207016,-0.1908053159713745,489690,5,3,True,Right,Back,Left,Centre,59
<_io.BytesIO object at 0x000001DC1823BD10>,0.5973830223083496,0.050632327795028687,-0.10224378854036331,489691,5,3,True,Right,Back,Left,Centre,59
<_io.BytesIO object at 0x000001DC1823BB80>,0.496520459651947,0.03045613318681717,-0.15156257152557373,489691,5,3,True,Right,Back,Left,Centre,59
<_io.BytesIO object at 0x000001DC1823B3B0>,0.509533166885376,0.02490423433482647,-0.0870923325419426,489691,5,3,True,Right,Back,Left,Centre,59
<_io.BytesIO object at 0x000001DC180BF130>,0.5306001305580139,0.06604080647230148,-0.16032899916172028,489691,5,3,True,Right,Back,Left,Centre,59
<_io.BytesIO object at 0x000001DC180BFD60>,0.556844174861908,0.044899988919496536,-0.19070930778980255,489691,5,3,True,Right,Back,Left,Centre,59
<_io.BytesIO object at 0x000001DC1823B7C0>,0.5974382758140564,0.05071663856506348,-0.10230311006307602,489692,5,3,True,Right,Back,Left,Centre,59
<_io.BytesIO object at 0x000001DC1823B630>,0.4963074326515198,0.030658671632409096,-0.15122158825397491,489692,5,3,True,Right,Back,Left,Centre,59
<_io.BytesIO object at 0x000001DC1823B270>,0.5096661448478699,0.02502487599849701,-0.08688357472419739,489692,5,3,True,Right,Back,Left,Centre,59
<_io.BytesIO object at 0x000001DC180BF360>,0.5303829312324524,0.06610209494829178,-0.1601390540599823,489692,5,3,True,Right,Back,Left,Centre,59
<_io.BytesIO object at 0x000001DC180BF0E0>,0.5566540360450745,0.044909942895174026,-0.1905921846628189,489692,5,3,True,Right,Back,Left,Centre,59
<_io.BytesIO object at 0x000001DC180BF770>,0.5975278615951538,0.050932835787534714,-0.10231392085552216,489693,5,3,True,Right,Back,Left,Centre,59
<_io.BytesIO object at 0x000001DC180BFF40>,0.4961734414100647,0.03101220354437828,-0.15089063346385956,489693,5,3,True,Right,Back,Left,Centre,59
<_io.BytesIO object at 0x000001DC180BF1D0>,0.5097723007202148,0.025207633152604103,-0.08653327077627182,489693,5,3,True,Right,Back,Left,Centre,59
<_io.BytesIO object at 0x000001DC180BF360>,0.5303440093994141,0.06632333248853683,-0.15986548364162445,489693,5,3,True,Right,Back,Left,Centre,59
<_io.BytesIO object at 0x000001DC180BF630>,0.5564048886299133,0.045024458318948746,-0.1905204951763153,489693,5,3,True,Right,Back,Left,Centre,59
<_io.BytesIO object at 0x000001DC18121EF0>,0.5976420640945435,0.05128432437777519,-0.10225740820169449,489694,5,3,True,Right,Back,Left,Centre,59
<_io.BytesIO object at 0x000001DC18121D60>,0.49613288044929504,0.031476255506277084,-0.15056391060352325,489694,5,3,True,Right,Back,Left,Centre,59
<_io.BytesIO object at 0x000001DC18121DB0>,0.5097963809967041,0.025885066017508507,-0.08617141097784042,489694,5,3,True,Right,Back,Left,Centre,59
<_io.BytesIO object at 0x000001DC18121680>,0.5302985906600952,0.06675826013088226,-0.15955358743667603,489694,5,3,True,Right,Back,Left,Centre,59
<_io.BytesIO object at 0x000001DC181214F0>,0.5562744140625,0.045373525470495224,-0.19030052423477173,489694,5,3,True,Right,Back,Left,Centre,59
<_io.BytesIO object at 0x000001DC180BF400>,0.597790002822876,0.0517919585108757,-0.10208591818809509,489695,5,3,True,Right,Back,Left,Centre,59
<_io.BytesIO object at 0x000001DC180BF900>,0.49604707956314087,0.03217459097504616,-0.150112122297287,489695,5,3,True,Right,Back,Left,Centre,59
<_io.BytesIO object at 0x000001DC180BF950>,0.5098968148231506,0.026658983901143074,-0.08573956042528152,489695,5,3,True,Right,Back,Left,Centre,59
<_io.BytesIO object at 0x000001DC180BFB30>,0.5302215814590454,0.06735952943563461,-0.15926919877529144,489695,5,3,True,Right,Back,Left,Centre,59
<_io.BytesIO object at 0x000001DC180BF6D0>,0.55612713098526,0.045999232679605484,-0.19003139436244965,489695,5,3,True,Right,Back,Left,Centre,59
<_io.BytesIO object at 0x000001DC181213B0>,0.5978623628616333,0.05249938741326332,-0.10188280045986176,489696,5,3,True,Right,Back,Left,Centre,59
<_io.BytesIO object at 0x000001DC18121900>,0.4960715174674988,0.03297622874379158,-0.14965984225273132,489696,5,3,True,Right,Back,Left,Centre,59
<_io.BytesIO object at 0x000001DC181210E0>,0.5099806189537048,0.027615856379270554,-0.08529612421989441,489696,5,3,True,Right,Back,Left,Centre,59
<_io.BytesIO object at 0x000001DC18121A40>,0.5302003622055054,0.06823397427797318,-0.15881229937076569,489696,5,3,True,Right,Back,Left,Centre,59
<_io.BytesIO object at 0x000001DC18121180>,0.5560643076896667,0.046812504529953,-0.18966108560562134,489696,5,3,True,Right,Back,Left,Centre,59
<_io.BytesIO object at 0x000001DC1823B3B0>,0.5979652404785156,0.05331133306026459,-0.10148288309574127,489697,5,3,True,Right,Back,Left,Centre,59
<_io.BytesIO object at 0x000001DC1823BE50>,0.49603894352912903,0.03413907438516617,-0.14920394122600555,489697,5,3,True,Right,Back,Left,Centre,59
<_io.BytesIO object at 0x000001DC1823BCC0>,0.5100708603858948,0.028850112110376358,-0.08479209989309311,489697,5,3,True,Right,Back,Left,Centre,59
<_io.BytesIO object at 0x000001DC18121E00>,0.5301823019981384,0.06939955800771713,-0.15853135287761688,489697,5,3,True,Right,Back,Left,Centre,59
<_io.BytesIO object at 0x000001DC181214A0>,0.5559828877449036,0.04781140387058258,-0.18924802541732788,489697,5,3,True,Right,Back,Left,Centre,59
<_io.BytesIO object at 0x000001DC18121BD0>,0.5979704260826111,0.05452442541718483,-0.10101772099733353,489698,5,3,True,Right,Back,Left,Centre,59
<_io.BytesIO object at 0x000001DC18121950>,0.49608615040779114,0.03516707196831703,-0.14861494302749634,489698,5,3,True,Right,Back,Left,Centre,59
<_io.BytesIO object at 0x000001DC181216D0>,0.5101321339607239,0.030161935836076736,-0.08423539996147156,489698,5,3,True,Right,Back,Left,Centre,59
<_io.BytesIO object at 0x000001DC18121310>,0.5301951169967651,0.07065802812576294,-0.15815454721450806,489698,5,3,True,Right,Back,Left,Centre,59
<_io.BytesIO object at 0x000001DC18121C20>,0.5558735728263855,0.04896056652069092,-0.1889907717704773,489698,5,3,True,Right,Back,Left,Centre,59
<_io.BytesIO object at 0x000001DC1823B9A0>,0.5978915691375732,0.05581708997488022,-0.10039538890123367,489699,5,3,True,Right,Back,Left,Centre,59
<_io.BytesIO object at 0x000001DC1823B1D0>,0.4960590898990631,0.03658433258533478,-0.1479920893907547,489699,5,3,True,Right,Back,Left,Centre,59
<_io.BytesIO object at 0x000001DC1823B270>,0.5102825164794922,0.031404901295900345,-0.08365824818611145,489699,5,3,True,Right,Back,Left,Centre,59
<_io.BytesIO object at 0x000001DC18121400>,0.5300894379615784,0.07212798297405243,-0.15778790414333344,489699,5,3,True,Right,Back,Left,Centre,59
<_io.BytesIO object at 0x000001DC18121CC0>,0.5558056235313416,0.05033892020583153,-0.1884467452764511,489699,5,3,True,Right,Back,Left,Centre,59
<_io.BytesIO object at 0x000001DC18121F40>,0.5977515578269958,0.05741563066840172,-0.09978821873664856,489700,5,3,True,Right,Back,Left,Centre,59
<_io.BytesIO object at 0x000001DC18121DB0>,0.49617743492126465,0.03789553791284561,-0.14741185307502747,489700,5,3,True,Right,Back,Left,Centre,59
<_io.BytesIO object at 0x000001DC18121900>,0.5101648569107056,0.03291190788149834,-0.08303692191839218,489700,5,3,True,Right,Back,Left,Centre,59
<_io.BytesIO object at 0x000001DC18121770>,0.5298362374305725,0.07382331043481827,-0.15726029872894287,489700,5,3,True,Right,Back,Left,Centre,59
<_io.BytesIO object at 0x000001DC181219A0>,0.5558631420135498,0.05216825008392334,-0.1878446340560913,489700,5,3,True,Right,Back,Left,Centre,59
<_io.BytesIO object at 0x000001DC1823BB30>,0.5975057482719421,0.0592462457716465,-0.0989319235086441,489701,5,3,True,Right,Back,Left,Centre,59
<_io.BytesIO object at 0x000001DC1823BC70>,0.4962750971317291,0.039333123713731766,-0.14689938724040985,489701,5,3,True,Right,Back,Left,Centre,59
<_io.BytesIO object at 0x000001DC1823B270>,0.5101170539855957,0.03429092466831207,-0.08240373432636261,489701,5,3,True,Right,Back,Left,Centre,59
<_io.BytesIO object at 0x000001DC18121BD0>,0.5296614170074463,0.07548786699771881,-0.15655408799648285,489701,5,3,True,Right,Back,Left,Centre,59
<_io.BytesIO object at 0x000001DC181216D0>,0.5556557774543762,0.053949568420648575,-0.18742044270038605,489701,5,3,True,Right,Back,Left,Centre,59
<_io.BytesIO object at 0x000001DC18121720>,0.5971072316169739,0.061446793377399445,-0.09800361841917038,489702,5,3,True,Right,Back,Left,Centre,59
<_io.BytesIO object at 0x000001DC18121590>,0.4963262379169464,0.04082202911376953,-0.1462610363960266,489702,5,3,True,Right,Back,Left,Centre,59
<_io.BytesIO object at 0x000001DC18121E50>,0.5099567174911499,0.03577737882733345,-0.08171001821756363,489702,5,3,True,Right,Back,Left,Centre,59
<_io.BytesIO object at 0x000001DC18121810>,0.5293657779693604,0.07731649279594421,-0.1557742804288864,489702,5,3,True,Right,Back,Left,Centre,59
<_io.BytesIO object at 0x000001DC181214A0>,0.5555155277252197,0.05591410771012306,-0.18671107292175293,489702,5,3,True,Right,Back,Left,Centre,59
<_io.BytesIO object at 0x000001DC1823B5E0>,0.5967490077018738,0.0638701319694519,-0.09704960137605667,489703,5,3,True,Right,Back,Left,Centre,59
<_io.BytesIO object at 0x000001DC1823BCC0>,0.49634918570518494,0.0422750823199749,-0.14558595418930054,489703,5,3,True,Right,Back,Left,Centre,59
<_io.BytesIO object at 0x000001DC1823B360>,0.5097824931144714,0.037310123443603516,-0.08098294585943222,489703,5,3,True,Right,Back,Left,Centre,59
<_io.BytesIO object at 0x000001DC18121180>,0.5289136171340942,0.07925491034984589,-0.15503710508346558,489703,5,3,True,Right,Back,Left,Centre,59
<_io.BytesIO object at 0x000001DC18121E00>,0.5553850531578064,0.05797082558274269,-0.18589448928833008,489703,5,3,True,Right,Back,Left,Centre,59
<_io.BytesIO object at 0x000001DC180BF630>,0.5961946845054626,0.06671740859746933,-0.09608103334903717,489704,5,3,True,Right,Back,Left,Centre,59
<_io.BytesIO object at 0x000001DC180BFC70>,0.49629074335098267,0.04379189759492874,-0.14478695392608643,489704,5,3,True,Right,Back,Left,Centre,59
<_io.BytesIO object at 0x000001DC180BF860>,0.5097082257270813,0.03870975971221924,-0.08024035394191742,489704,5,3,True,Right,Back,Left,Centre,59
<_io.BytesIO object at 0x000001DC180BFD60>,0.5284692645072937,0.08117353171110153,-0.15406662225723267,489704,5,3,True,Right,Back,Left,Centre,59
<_io.BytesIO object at 0x000001DC180BF770>,0.5552938580513,0.06020217761397362,-0.1849653422832489,489704,5,3,True,Right,Back,Left,Centre,59
<_io.BytesIO object at 0x000001DC180BF220>,0.5956935286521912,0.06982706487178802,-0.09515276551246643,489705,5,3,True,Right,Back,Left,Centre,59
<_io.BytesIO object at 0x000001DC180BF810>,0.49627259373664856,0.04532034695148468,-0.1440180540084839,489705,5,3,True,Right,Back,Left,Centre,59
<_io.BytesIO object at 0x000001DC180BF900>,0.5096549391746521,0.04030444473028183,-0.07937264442443848,489705,5,3,True,Right,Back,Left,Centre,59
<_io.BytesIO object at 0x000001DC180BF180>,0.5279243588447571,0.08303628116846085,-0.15343980491161346,489705,5,3,True,Right,Back,Left,Centre,59
<_io.BytesIO object at 0x000001DC180BF400>,0.5551019310951233,0.06235860288143158,-0.18404777348041534,489705,5,3,True,Right,Back,Left,Centre,59
<_io.BytesIO object at 0x000001DC18121310>,0.5951281785964966,0.0729122906923294,-0.09408991038799286,489706,5,3,True,Right,Back,Left,Centre,59
<_io.BytesIO object at 0x000001DC18121130>,0.49633103609085083,0.046725742518901825,-0.1432950347661972,489706,5,3,True,Right,Back,Left,Centre,59
<_io.BytesIO object at 0x000001DC181211D0>,0.5097734332084656,0.041913535445928574,-0.07847966253757477,489706,5,3,True,Right,Back,Left,Centre,59
<_io.BytesIO object at 0x000001DC181219A0>,0.5274826884269714,0.08495445549488068,-0.1525518298149109,489706,5,3,True,Right,Back,Left,Centre,59
<_io.BytesIO object at 0x000001DC18121860>,0.5549022555351257,0.0646456927061081,-0.18311594426631927,489706,5,3,True,Right,Back,Left,Centre,59
<_io.BytesIO object at 0x000001DC181211D0>,0.5946357250213623,0.07604307681322098,-0.09309206902980804,489707,5,3,True,Right,Back,Left,Centre,59
<_io.BytesIO object at 0x000001DC18121860>,0.4963334798812866,0.0484083816409111,-0.14245417714118958,489707,5,3,True,Right,Back,Left,Centre,59
<_io.BytesIO object at 0x000001DC18121AE0>,0.5097277760505676,0.04371368885040283,-0.07748772948980331,489707,5,3,True,Right,Back,Left,Centre,59
<_io.BytesIO object at 0x000001DC18121900>,0.5269542336463928,0.0870191678404808,-0.15160131454467773,489707,5,3,True,Right,Back,Left,Centre,59
<_io.BytesIO object at 0x000001DC18121EA0>,0.5546503067016602,0.06683188676834106,-0.18211126327514648,489707,5,3,True,Right,Back,Left,Centre,59
<_io.BytesIO object at 0x000001DC18121F40>,0.5940924882888794,0.0794738307595253,-0.09212566912174225,489708,5,3,True,Right,Back,Left,Centre,59
<_io.BytesIO object at 0x000001DC18121C70>,0.4963349401950836,0.05011061206459999,-0.14137035608291626,489708,5,3,True,Right,Back,Left,Centre,59
<_io.BytesIO object at 0x000001DC18121EF0>,0.5097042322158813,0.04575260356068611,-0.07638704776763916,489708,5,3,True,Right,Back,Left,Centre,59
<_io.BytesIO object at 0x000001DC181216D0>,0.5265560746192932,0.08903053402900696,-0.15066102147102356,489708,5,3,True,Right,Back,Left,Centre,59
<_io.BytesIO object at 0x000001DC18121C20>,0.5545148849487305,0.0690956711769104,-0.1810682862997055,489708,5,3,True,Right,Back,Left,Centre,59
<_io.BytesIO object at 0x000001DC181210E0>,0.5935887694358826,0.08286276459693909,-0.09111565351486206,489709,5,3,True,Right,Back,Left,Centre,59
<_io.BytesIO object at 0x000001DC18121D10>,0.49631375074386597,0.05187995359301567,-0.14038623869419098,489709,5,3,True,Right,Back,Left,Centre,59
<_io.BytesIO object at 0x000001DC18121270>,0.5098389983177185,0.04797983914613724,-0.07509943842887878,489709,5,3,True,Right,Back,Left,Centre,59
<_io.BytesIO object at 0x000001DC18121D60>,0.5260968804359436,0.09118304401636124,-0.14959625899791718,489709,5,3,True,Right,Back,Left,Centre,59
<_io.BytesIO object at 0x000001DC18121950>,0.5543793439865112,0.07131638377904892,-0.18003875017166138,489709,5,3,True,Right,Back,Left,Centre,59
<_io.BytesIO object at 0x000001DC18121E50>,0.5930987000465393,0.08640550822019577,-0.09010317176580429,489710,5,3,True,Right,Back,Left,Centre,59
<_io.BytesIO object at 0x000001DC18121090>,0.4964026212692261,0.053702350705862045,-0.13934627175331116,489710,5,3,True,Right,Back,Left,Centre,59
<_io.BytesIO object at 0x000001DC181213B0>,0.5097945928573608,0.050460249185562134,-0.0737912505865097,489710,5,3,True,Right,Back,Left,Centre,59
<_io.BytesIO object at 0x000001DC181218B0>,0.5258133411407471,0.09333354979753494,-0.14872385561466217,489710,5,3,True,Right,Back,Left,Centre,59
<_io.BytesIO object at 0x000001DC181219F0>,0.5542497038841248,0.07359303534030914,-0.17893655598163605,489710,5,3,True,Right,Back,Left,Centre,59
<_io.BytesIO object at 0x000001DC180BFA90>,0.5926365852355957,0.08973608911037445,-0.08895238488912582,489711,5,3,True,Right,Back,Left,Centre,59
<_io.BytesIO object at 0x000001DC180BF130>,0.4964701533317566,0.055719248950481415,-0.13800756633281708,489711,5,3,True,Right,Back,Left,Centre,59
<_io.BytesIO object at 0x000001DC180BF400>,0.5099720358848572,0.052962467074394226,-0.0723205953836441,489711,5,3,True,Right,Back,Left,Centre,59
<_io.BytesIO object at 0x000001DC180BF900>,0.5254213213920593,0.09548915922641754,-0.14762276411056519,489711,5,3,True,Right,Back,Left,Centre,59
<_io.BytesIO object at 0x000001DC180BF770>,0.5541865229606628,0.07591641694307327,-0.1777649074792862,489711,5,3,True,Right,Back,Left,Centre,59
<_io.BytesIO object at 0x000001DC181219F0>,0.5922870635986328,0.09329120069742203,-0.08780422061681747,489712,5,3,True,Right,Back,Left,Centre,59
<_io.BytesIO object at 0x000001DC18121E00>,0.4965398907661438,0.05765865743160248,-0.13679930567741394,489712,5,3,True,Right,Back,Left,Centre,59
<_io.BytesIO object at 0x000001DC181219A0>,0.5101861357688904,0.05585227906703949,-0.07087387889623642,489712,5,3,True,Right,Back,Left,Centre,59
<_io.BytesIO object at 0x000001DC181214F0>,0.5252591967582703,0.09768597036600113,-0.1466081738471985,489712,5,3,True,Right,Back,Left,Centre,59
<_io.BytesIO object at 0x000001DC18121540>,0.5541574358940125,0.0782029777765274,-0.17653954029083252,489712,5,3,True,Right,Back,Left,Centre,59
<_io.BytesIO object at 0x000001DC1823B900>,0.5918444395065308,0.09689606726169586,-0.08655884116888046,489713,5,3,True,Right,Back,Left,Centre,59
<_io.BytesIO object at 0x000001DC1823B6D0>,0.49662351608276367,0.059683844447135925,-0.13536520302295685,489713,5,3,True,Right,Back,Left,Centre,59
<_io.BytesIO object at 0x000001DC1823BE50>,0.5105431079864502,0.0583619698882103,-0.06929571181535721,489713,5,3,True,Right,Back,Left,Centre,59
<_io.BytesIO object at 0x000001DC180BFAE0>,0.5248901844024658,0.09977417439222336,-0.14537589251995087,489713,5,3,True,Right,Back,Left,Centre,59
<_io.BytesIO object at 0x000001DC180BF400>,0.5541603565216064,0.08050601929426193,-0.17523247003555298,489713,5,3,True,Right,Back,Left,Centre,59
<_io.BytesIO object at 0x000001DC180BF0E0>,0.591541588306427,0.10036177188158035,-0.08525680005550385,489714,5,3,True,Right,Back,Left,Centre,59
<_io.BytesIO object at 0x000001DC180BFEA0>,0.4967958927154541,0.06160533428192139,-0.1338917464017868,489714,5,3,True,Right,Back,Left,Centre,59
<_io.BytesIO object at 0x000001DC180BF2C0>,0.5106939077377319,0.0607120506465435,-0.06769856065511703,489714,5,3,True,Right,Back,Left,Centre,59
<_io.BytesIO object at 0x000001DC180BF810>,0.5247672200202942,0.10196802020072937,-0.14426520466804504,489714,5,3,True,Right,Back,Left,Centre,59
<_io.BytesIO object at 0x000001DC180BF400>,0.5542405247688293,0.08281873911619186,-0.17384988069534302,489714,5,3,True,Right,Back,Left,Centre,59
<_io.BytesIO object at 0x000001DC1823B5E0>,0.5912176370620728,0.10396880656480789,-0.083973228931427,489715,5,3,True,Right,Back,Left,Centre,59
<_io.BytesIO object at 0x000001DC1823B4F0>,0.496979683637619,0.06357515603303909,-0.13231632113456726,489715,5,3,True,Right,Back,Left,Centre,59
<_io.BytesIO object at 0x000001DC1823BCC0>,0.5107918381690979,0.06313670426607132,-0.0660247728228569,489715,5,3,True,Right,Back,Left,Centre,59
<_io.BytesIO object at 0x000001DC180BF5E0>,0.5245574116706848,0.10415753722190857,-0.14292676746845245,489715,5,3,True,Right,Back,Left,Centre,59
<_io.BytesIO object at 0x000001DC180BFCC0>,0.5543405413627625,0.08505349606275558,-0.17243370413780212,489715,5,3,True,Right,Back,Left,Centre,59
<_io.BytesIO object at 0x000001DC181218B0>,0.5908657908439636,0.10730795562267303,-0.0826864168047905,489716,5,3,True,Right,Back,Left,Centre,59
<_io.BytesIO object at 0x000001DC18121CC0>,0.4975375235080719,0.06513573974370956,-0.13102179765701294,489716,5,3,True,Right,Back,Left,Centre,59
<_io.BytesIO object at 0x000001DC18121810>,0.5112245082855225,0.06542897969484329,-0.06437887996435165,489716,5,3,True,Right,Back,Left,Centre,59
<_io.BytesIO object at 0x000001DC18121A90>,0.5244948267936707,0.1061026081442833,-0.14163285493850708,489716,5,3,True,Right,Back,Left,Centre,59
<_io.BytesIO object at 0x000001DC18121310>,0.5544716715812683,0.08733499050140381,-0.17098098993301392,489716,5,3,True,Right,Back,Left,Centre,59
<_io.BytesIO object at 0x000001DC180BFCC0>,0.5906491875648499,0.11082848906517029,-0.08123763650655746,489717,5,3,True,Right,Back,Left,Centre,59
<_io.BytesIO object at 0x000001DC180BF7C0>,0.49800145626068115,0.06688749045133591,-0.1294620782136917,489717,5,3,True,Right,Back,Left,Centre,59
<_io.BytesIO object at 0x000001DC180BF720>,0.5116034746170044,0.06771969795227051,-0.06267760694026947,489717,5,3,True,Right,Back,Left,Centre,59
<_io.BytesIO object at 0x000001DC180BF270>,0.524401843547821,0.10803648084402084,-0.14030280709266663,489717,5,3,True,Right,Back,Left,Centre,59
<_io.BytesIO object at 0x000001DC180BF4F0>,0.5547020435333252,0.08963478356599808,-0.16940514743328094,489717,5,3,True,Right,Back,Left,Centre,59
<_io.BytesIO object at 0x000001DC1823B4A0>,0.5903491973876953,0.11400622129440308,-0.07973422110080719,489718,5,3,True,Right,Back,Left,Centre,59
<_io.BytesIO object at 0x000001DC1823B0E0>,0.4984407126903534,0.06849201768636703,-0.1279011219739914,489718,5,3,True,Right,Back,Left,Centre,59
<_io.BytesIO object at 0x000001DC1823B7C0>,0.512104332447052,0.06985194981098175,-0.06090330705046654,489718,5,3,True,Right,Back,Left,Centre,59
<_io.BytesIO object at 0x000001DC18121270>,0.5244104862213135,0.11013764142990112,-0.13879546523094177,489718,5,3,True,Right,Back,Left,Centre,59
<_io.BytesIO object at 0x000001DC18121CC0>,0.5549793839454651,0.09184771776199341,-0.16767549514770508,489718,5,3,True,Right,Back,Left,Centre,59
<_io.BytesIO object at 0x000001DC181219A0>,0.5901995897293091,0.1171012595295906,-0.07819170504808426,489719,5,3,True,Right,Back,Left,Centre,59
<_io.BytesIO object at 0x000001DC18121D10>,0.4988909363746643,0.07019681483507156,-0.12629848718643188,489719,5,3,True,Right,Back,Left,Centre,59
<_io.BytesIO object at 0x000001DC18121BD0>,0.512676477432251,0.07183893024921417,-0.059124838560819626,489719,5,3,True,Right,Back,Left,Centre,59
<_io.BytesIO object at 0x000001DC18121180>,0.5243679881095886,0.11186512559652328,-0.13734853267669678,489719,5,3,True,Right,Back,Left,Centre,59
<_io.BytesIO object at 0x000001DC18121CC0>,0.5552762150764465,0.09397866576910019,-0.16603916883468628,489719,5,3,True,Right,Back,Left,Centre,59
<_io.BytesIO object at 0x000001DC1823B130>,0.5900428295135498,0.12010856717824936,-0.07666253298521042,489720,5,3,True,Right,Back,Left,Centre,59
<_io.BytesIO object at 0x000001DC1823B4F0>,0.49938681721687317,0.0717611089348793,-0.12457378208637238,489720,5,3,True,Right,Back,Left,Centre,59
<_io.BytesIO object at 0x000001DC1823B9A0>,0.51326584815979,0.07362984120845795,-0.05729212611913681,489720,5,3,True,Right,Back,Left,Centre,59
<_io.BytesIO object at 0x000001DC18121810>,0.5243501663208008,0.11371665447950363,-0.13578441739082336,489720,5,3,True,Right,Back,Left,Centre,59
<_io.BytesIO object at 0x000001DC18121C20>,0.5556559562683105,0.09617581218481064,-0.16413410007953644,489720,5,3,True,Right,Back,Left,Centre,59
<_io.BytesIO object at 0x000001DC18203E50>,0.5899711847305298,0.12289052456617355,-0.07505778223276138,489721,5,3,True,Right,Back,Left,Centre,59
<_io.BytesIO object at 0x000001DC18203810>,0.4998890459537506,0.07329436391592026,-0.12291307747364044,489721,5,3,True,Right,Back,Left,Centre,59
<_io.BytesIO object at 0x000001DC18203860>,0.5139098763465881,0.07541035860776901,-0.05543900281190872,489721,5,3,True,Right,Back,Left,Centre,59
<_io.BytesIO object at 0x000001DC18203220>,0.5243571996688843,0.11536639928817749,-0.1341797411441803,489721,5,3,True,Right,Back,Left,Centre,59
<_io.BytesIO object at 0x000001DC18203770>,0.5559623837471008,0.0982697382569313,-0.16242489218711853,489721,5,3,True,Right,Back,Left,Centre,59
<_io.BytesIO object at 0x000001DC180C55E0>,0.5899169445037842,0.1255449652671814,-0.07348469644784927,489722,5,3,True,Right,Back,Left,Centre,59
<_io.BytesIO object at 0x000001DC180C5EF0>,0.5004722476005554,0.07479970157146454,-0.12119252979755402,489722,5,3,True,Right,Back,Left,Centre,59
<_io.BytesIO object at 0x000001DC180C51D0>,0.514639139175415,0.07708077877759933,-0.053602077066898346,489722,5,3,True,Right,Back,Left,Centre,59
<_io.BytesIO object at 0x000001DC180C5270>,0.5246565341949463,0.11713144928216934,-0.13257502019405365,489722,5,3,True,Right,Back,Left,Centre,59
<_io.BytesIO object at 0x000001DC180C5C20>,0.5562904477119446,0.10022846609354019,-0.16078320145606995,489722,5,3,True,Right,Back,Left,Centre,59
<_io.BytesIO object at 0x000001DC1821BAE0>,0.5899325609207153,0.12808582186698914,-0.0717514306306839,489723,5,3,True,Right,Back,Left,Centre,59
<_io.BytesIO object at 0x000001DC1821BBD0>,0.5010752081871033,0.07624545693397522,-0.11939266324043274,489723,5,3,True,Right,Back,Left,Centre,59
<_io.BytesIO object at 0x000001DC1821BEA0>,0.5152177214622498,0.07861779630184174,-0.051838573068380356,489723,5,3,True,Right,Back,Left,Centre,59
<_io.BytesIO object at 0x000001DC1821B2C0>,0.5246769189834595,0.118680939078331,-0.1308198869228363,489723,5,3,True,Right,Back,Left,Centre,59
<_io.BytesIO object at 0x000001DC1821B770>,0.5565308332443237,0.1021995022892952,-0.1592053771018982,489723,5,3,True,Right,Back,Left,Centre,59
<_io.BytesIO object at 0x000001DC1820C180>,0.5899132490158081,0.1304287165403366,-0.070114366710186,489724,5,3,True,Right,Back,Left,Centre,59
<_io.BytesIO object at 0x000001DC1820C4A0>,0.5016283392906189,0.07764335721731186,-0.11759040504693985,489724,5,3,True,Right,Back,Left,Centre,59
<_io.BytesIO object at 0x000001DC1821BA40>,0.5158645510673523,0.08005449175834656,-0.04998856782913208,489724,5,3,True,Right,Back,Left,Centre,59
<_io.BytesIO object at 0x000001DC1821B5E0>,0.5249802470207214,0.12027539312839508,-0.12906348705291748,489724,5,3,True,Right,Back,Left,Centre,59
<_io.BytesIO object at 0x000001DC1821BD10>,0.5569270849227905,0.10400830209255219,-0.15754401683807373,489724,5,3,True,Right,Back,Left,Centre,59
<_io.BytesIO object at 0x000001DC1820A720>,0.5900306701660156,0.1326206624507904,-0.0684424415230751,489725,5,3,True,Right,Back,Left,Centre,59
<_io.BytesIO object at 0x000001DC1820AC20>,0.5022249221801758,0.07903792709112167,-0.11586400121450424,489725,5,3,True,Right,Back,Left,Centre,59
<_io.BytesIO object at 0x000001DC1820A3B0>,0.5164929032325745,0.08150321990251541,-0.048173192888498306,489725,5,3,True,Right,Back,Left,Centre,59
<_io.BytesIO object at 0x000001DC180C58B0>,0.5252383947372437,0.12165895104408264,-0.12740209698677063,489725,5,3,True,Right,Back,Left,Centre,59
<_io.BytesIO object at 0x000001DC180C5EA0>,0.5574116110801697,0.10589306056499481,-0.15578700602054596,489725,5,3,True,Right,Back,Left,Centre,59
<_io.BytesIO object at 0x000001DC18215F40>,0.590208888053894,0.1347159445285797,-0.0667259618639946,489726,5,3,True,Right,Back,Left,Centre,59
<_io.BytesIO object at 0x000001DC18215720>,0.5028162598609924,0.0802486389875412,-0.11398596316576004,489726,5,3,True,Right,Back,Left,Centre,59
<_io.BytesIO object at 0x000001DC18215D10>,0.5177793502807617,0.08233267813920975,-0.04634762182831764,489726,5,3,True,Right,Back,Left,Centre,59
<_io.BytesIO object at 0x000001DC18203720>,0.5255528688430786,0.12307994067668915,-0.1256609708070755,489726,5,3,True,Right,Back,Left,Centre,59
<_io.BytesIO object at 0x000001DC18203A90>,0.5578253865242004,0.10752909630537033,-0.15403704345226288,489726,5,3,True,Right,Back,Left,Centre,59
<_io.BytesIO object at 0x000001DC18121E00>,0.5902659893035889,0.1367712765932083,-0.06505295634269714,489727,5,3,True,Right,Back,Left,Centre,59
<_io.BytesIO object at 0x000001DC18121450>,0.5039834380149841,0.08098960667848587,-0.1125500425696373,489727,5,3,True,Right,Back,Left,Centre,59
<_io.BytesIO object at 0x000001DC18121DB0>,0.5185604095458984,0.08347069472074509,-0.04452737793326378,489727,5,3,True,Right,Back,Left,Centre,59
<_io.BytesIO object at 0x000001DC18121A40>,0.5259071588516235,0.12436666339635849,-0.12398421764373779,489727,5,3,True,Right,Back,Left,Centre,59
<_io.BytesIO object at 0x000001DC18121AE0>,0.5583459734916687,0.10917504131793976,-0.15235508978366852,489727,5,3,True,Right,Back,Left,Centre,59
<_io.BytesIO object at 0x000001DC18217D10>,0.5905317068099976,0.13865743577480316,-0.06316553801298141,489728,5,3,True,Right,Back,Left,Centre,59
<_io.BytesIO object at 0x000001DC18217A90>,0.5048707723617554,0.0819513127207756,-0.11086578667163849,489728,5,3,True,Right,Back,Left,Centre,59
<_io.BytesIO object at 0x000001DC18217C20>,0.5194414854049683,0.08448827266693115,-0.042748406529426575,489728,5,3,True,Right,Back,Left,Centre,59
<_io.BytesIO object at 0x000001DC182175E0>,0.5263087749481201,0.12560762465000153,-0.1222064346075058,489728,5,3,True,Right,Back,Left,Centre,59
<_io.BytesIO object at 0x000001DC182173B0>,0.5589053630828857,0.11073417961597443,-0.15059919655323029,489728,5,3,True,Right,Back,Left,Centre,59
<_io.BytesIO object at 0x000001DC180DCE50>,0.5909011363983154,0.1402284950017929,-0.06153078377246857,489729,5,3,True,Right,Back,Left,Centre,59
<_io.BytesIO object at 0x000001DC180DC720>,0.5057103037834167,0.08285074681043625,-0.1091650053858757,489729,5,3,True,Right,Back,Left,Centre,59
<_io.BytesIO object at 0x000001DC180DCD10>,0.5203307271003723,0.08539797365665436,-0.04098690673708916,489729,5,3,True,Right,Back,Left,Centre,59
<_io.BytesIO object at 0x000001DC180DCEA0>,0.5268329977989197,0.12671563029289246,-0.1204836294054985,489729,5,3,True,Right,Back,Left,Centre,59
<_io.BytesIO object at 0x000001DC180DC310>,0.559497058391571,0.11214619129896164,-0.14887873828411102,489729,5,3,True,Right,Back,Left,Centre,59
<_io.BytesIO object at 0x000001DC18217A90>,0.591279149055481,0.14179283380508423,-0.059852395206689835,489730,5,3,True,Right,Back,Left,Centre,59
<_io.BytesIO object at 0x000001DC18217860>,0.506586492061615,0.0837121233344078,-0.10753732174634933,489730,5,3,True,Right,Back,Left,Centre,59
<_io.BytesIO object at 0x000001DC182177C0>,0.5213988423347473,0.08622564375400543,-0.03928277641534805,489730,5,3,True,Right,Back,Left,Centre,59
<_io.BytesIO object at 0x000001DC18213CC0>,0.5271742939949036,0.1277124285697937,-0.11880958080291748,489730,5,3,True,Right,Back,Left,Centre,59
<_io.BytesIO object at 0x000001DC18213540>,0.5600312948226929,0.11353731155395508,-0.147200807929039,489730,5,3,True,Right,Back,Left,Centre,59
<_io.BytesIO object at 0x000001DC18121450>,0.591576099395752,0.143397256731987,-0.058128733187913895,489731,5,3,True,Right,Back,Left,Centre,59
<_io.BytesIO object at 0x000001DC18121CC0>,0.5074341893196106,0.08444900065660477,-0.10586320608854294,489731,5,3,True,Right,Back,Left,Centre,59
<_io.BytesIO object at 0x000001DC18121EA0>,0.5223968029022217,0.08693674951791763,-0.03757493942975998,489731,5,3,True,Right,Back,Left,Centre,59
<_io.BytesIO object at 0x000001DC18121180>,0.5276432633399963,0.12857778370380402,-0.11705750972032547,489731,5,3,True,Right,Back,Left,Centre,59
<_io.BytesIO object at 0x000001DC180BFEA0>,0.5606332421302795,0.1148611307144165,-0.14549186825752258,489731,5,3,True,Right,Back,Left,Centre,59
<_io.BytesIO object at 0x000001DC182158B0>,0.5919729471206665,0.14482802152633667,-0.0564207062125206,489732,5,3,True,Right,Back,Left,Centre,59
<_io.BytesIO object at 0x000001DC18215E50>,0.5083335638046265,0.08512061089277267,-0.10419285297393799,489732,5,3,True,Right,Back,Left,Centre,59
<_io.BytesIO object at 0x000001DC7FF654F0>,0.5233933329582214,0.0876222774386406,-0.03587730973958969,489732,5,3,True,Right,Back,Left,Centre,59
<_io.BytesIO object at 0x000001DC7FF65810>,0.5282392501831055,0.12943987548351288,-0.11529218405485153,489732,5,3,True,Right,Back,Left,Centre,59
<_io.BytesIO object at 0x000001DC7FF657C0>,0.561272144317627,0.11605262756347656,-0.14380238950252533,489732,5,3,True,Right,Back,Left,Centre,59
<_io.BytesIO object at 0x000001DC1820AD60>,0.5923435688018799,0.1462242156267166,-0.05490918457508087,489733,5,3,True,Right,Back,Left,Centre,59
<_io.BytesIO object at 0x000001DC1820A270>,0.5093068480491638,0.08578038215637207,-0.10257289558649063,489733,5,3,True,Right,Back,Left,Centre,59
<_io.BytesIO object at 0x000001DC1820A7C0>,0.5243660807609558,0.08836288005113602,-0.03423241525888443,489733,5,3,True,Right,Back,Left,Centre,59
<_io.BytesIO object at 0x000001DC1820A630>,0.5286602973937988,0.13023856282234192,-0.11363516002893448,489733,5,3,True,Right,Back,Left,Centre,59
<_io.BytesIO object at 0x000001DC1820A9F0>,0.5619423985481262,0.11718856543302536,-0.1421140432357788,489733,5,3,True,Right,Back,Left,Centre,59
<_io.BytesIO object at 0x000001DC1820CDB0>,0.5927767157554626,0.14758025109767914,-0.05333241820335388,489734,5,3,True,Right,Back,Left,Centre,59
<_io.BytesIO object at 0x000001DC1820CF90>,0.5102734565734863,0.08632876724004745,-0.10094112157821655,489734,5,3,True,Right,Back,Left,Centre,59
<_io.BytesIO object at 0x000001DC1820C180>,0.5253651142120361,0.08894465863704681,-0.03257320076227188,489734,5,3,True,Right,Back,Left,Centre,59
<_io.BytesIO object at 0x000001DC1820CD10>,0.5293042063713074,0.1309739351272583,-0.11205561459064484,489734,5,3,True,Right,Back,Left,Centre,59
<_io.BytesIO object at 0x000001DC1820C040>,0.5625132322311401,0.11819306761026382,-0.14047890901565552,489734,5,3,True,Right,Back,Left,Centre,59
<_io.BytesIO object at 0x000001DC1820CBD0>,0.5932765603065491,0.1489115059375763,-0.05180355906486511,489735,5,3,True,Right,Back,Left,Centre,59
<_io.BytesIO object at 0x000001DC1820CE00>,0.5112574100494385,0.08678614348173141,-0.09928593784570694,489735,5,3,True,Right,Back,Left,Centre,59
<_io.BytesIO object at 0x000001DC1820CAE0>,0.5264233946800232,0.08946467936038971,-0.030908510088920593,489735,5,3,True,Right,Back,Left,Centre,59
<_io.BytesIO object at 0x000001DC1820C180>,0.5298755168914795,0.13165578246116638,-0.11034228652715683,489735,5,3,True,Right,Back,Left,Centre,59
<_io.BytesIO object at 0x000001DC1820C4A0>,0.5631505250930786,0.11913836747407913,-0.13885369896888733,489735,5,3,True,Right,Back,Left,Centre,59
<_io.BytesIO object at 0x000001DC1820AF90>,0.5937892198562622,0.15009675920009613,-0.05027712136507034,489736,5,3,True,Right,Back,Left,Centre,59
<_io.BytesIO object at 0x000001DC1820A090>,0.512267529964447,0.08715186268091202,-0.09762056171894073,489736,5,3,True,Right,Back,Left,Centre,59
<_io.BytesIO object at 0x000001DC1820A9A0>,0.5276699662208557,0.0899648666381836,-0.029199043288826942,489736,5,3,True,Right,Back,Left,Centre,59
<_io.BytesIO object at 0x000001DC1820A7C0>,0.5304839611053467,0.13221628963947296,-0.10881771147251129,489736,5,3,True,Right,Back,Left,Centre,59
<_io.BytesIO object at 0x000001DC1820AF40>,0.5638736486434937,0.11998604983091354,-0.1372251808643341,489736,5,3,True,Right,Back,Left,Centre,59
<_io.BytesIO object at 0x000001DC180A37C0>,0.5943920016288757,0.1512310802936554,-0.04882317781448364,489737,5,3,True,Right,Back,Left,Centre,59
<_io.BytesIO object at 0x000001DC7FF657C0>,0.5133375525474548,0.0875764936208725,-0.09593097120523453,489737,5,3,True,Right,Back,Left,Centre,59
<_io.BytesIO object at 0x000001DC7FF656D0>,0.528831422328949,0.09051363170146942,-0.027491185814142227,489737,5,3,True,Right,Back,Left,Centre,59
<_io.BytesIO object at 0x000001DC18215900>,0.531049907207489,0.13281483948230743,-0.10709473490715027,489737,5,3,True,Right,Back,Left,Centre,59
<_io.BytesIO object at 0x000001DC18215770>,0.5646174550056458,0.12076303362846375,-0.135607048869133,489737,5,3,True,Right,Back,Left,Centre,59
<_io.BytesIO object at 0x000001DC180BFF90>,0.5950308442115784,0.1522889882326126,-0.04726584255695343,489738,5,3,True,Right,Back,Left,Centre,59
<_io.BytesIO object at 0x000001DC180BF770>,0.51446533203125,0.08797263354063034,-0.0942288190126419,489738,5,3,True,Right,Back,Left,Centre,59
<_io.BytesIO object at 0x000001DC18121950>,0.5300543904304504,0.09106115996837616,-0.025741741061210632,489738,5,3,True,Right,Back,Left,Centre,59
<_io.BytesIO object at 0x000001DC18121EA0>,0.5319467186927795,0.13331568241119385,-0.10523179173469543,489738,5,3,True,Right,Back,Left,Centre,59
<_io.BytesIO object at 0x000001DC181213B0>,0.5651938319206238,0.12135878205299377,-0.1340668797492981,489738,5,3,True,Right,Back,Left,Centre,59
<_io.BytesIO object at 0x000001DC182136D0>,0.595725953578949,0.15339258313179016,-0.04568770155310631,489739,5,3,True,Right,Back,Left,Centre,59
<_io.BytesIO object at 0x000001DC18213D60>,0.5156376361846924,0.08831258863210678,-0.09245940297842026,489739,5,3,True,Right,Back,Left,Centre,59
<_io.BytesIO object at 0x000001DC182130E0>,0.5315613150596619,0.09141118079423904,-0.023851606994867325,489739,5,3,True,Right,Back,Left,Centre,59
<_io.BytesIO object at 0x000001DC182177C0>,0.5327417850494385,0.13380730152130127,-0.10348615795373917,489739,5,3,True,Right,Back,Left,Centre,59
<_io.BytesIO object at 0x000001DC18217400>,0.5660609602928162,0.12215104699134827,-0.13236837089061737,489739,5,3,True,Right,Back,Left,Centre,59
<_io.BytesIO object at 0x000001DC180DC270>,0.5965266823768616,0.15439744293689728,-0.04406166821718216,489740,5,3,True,Right,Back,Left,Centre,59
<_io.BytesIO object at 0x000001DC180DC040>,0.5169129967689514,0.0885537788271904,-0.09063397347927094,489740,5,3,True,Right,Back,Left,Centre,59
<_io.BytesIO object at 0x000001DC153988B0>,0.533053994178772,0.0917331874370575,-0.02198239043354988,489740,5,3,True,Right,Back,Left,Centre,59
<_io.BytesIO object at 0x000001DC15398900>,0.5335996747016907,0.13420900702476501,-0.10170834511518478,489740,5,3,True,Right,Back,Left,Centre,59
<_io.BytesIO object at 0x000001DC15398450>,0.5669943690299988,0.12290368229150772,-0.1306973546743393,489740,5,3,True,Right,Back,Left,Centre,59
<_io.BytesIO object at 0x000001DC182134F0>,0.5975732207298279,0.15541818737983704,-0.042472898960113525,489741,5,3,True,Right,Back,Left,Centre,59
<_io.BytesIO object at 0x000001DC18213450>,0.5183373093605042,0.08883475512266159,-0.08872177451848984,489741,5,3,True,Right,Back,Left,Centre,59
<_io.BytesIO object at 0x000001DC1823B6D0>,0.5349385738372803,0.09191646426916122,-0.020017141476273537,489741,5,3,True,Right,Back,Left,Centre,59
<_io.BytesIO object at 0x000001DC1823B180>,0.5345448851585388,0.1346064954996109,-0.09989405423402786,489741,5,3,True,Right,Back,Left,Centre,59
<_io.BytesIO object at 0x000001DC1823BB80>,0.5680218935012817,0.12375801056623459,-0.12883222103118896,489741,5,3,True,Right,Back,Left,Centre,59
<_io.BytesIO object at 0x000001DC180BF590>,0.5985459089279175,0.1564335823059082,-0.04062442481517792,489742,5,3,True,Right,Back,Left,Centre,59
<_io.BytesIO object at 0x000001DC180BF9A0>,0.5199004411697388,0.08896038681268692,-0.0867852196097374,489742,5,3,True,Right,Back,Left,Centre,59
<_io.BytesIO object at 0x000001DC180BFC20>,0.5370606184005737,0.09196596592664719,-0.01789385825395584,489742,5,3,True,Right,Back,Left,Centre,59
<_io.BytesIO object at 0x000001DC180BF360>,0.5355584621429443,0.13493230938911438,-0.09777728468179703,489742,5,3,True,Right,Back,Left,Centre,59
<_io.BytesIO object at 0x000001DC18203900>,0.5690890550613403,0.12460725009441376,-0.12700943648815155,489742,5,3,True,Right,Back,Left,Centre,59
<_io.BytesIO object at 0x000001DC180A3B80>,0.5997570157051086,0.15743938088417053,-0.038650937378406525,489743,5,3,True,Right,Back,Left,Centre,59
<_io.BytesIO object at 0x000001DC180A3950>,0.5217406749725342,0.08916737139225006,-0.08463321626186371,489743,5,3,True,Right,Back,Left,Centre,59
<_io.BytesIO object at 0x000001DC180A3E50>,0.5394062399864197,0.09191320091485977,-0.015679318457841873,489743,5,3,True,Right,Back,Left,Centre,59
<_io.BytesIO object at 0x000001DC180C55E0>,0.5367268919944763,0.13527123630046844,-0.09567038714885712,489743,5,3,True,Right,Back,Left,Centre,59
<_io.BytesIO object at 0x000001DC180C5540>,0.5702133178710938,0.12539677321910858,-0.12503404915332794,489743,5,3,True,Right,Back,Left,Centre,59
<_io.BytesIO object at 0x000001DC1823ED10>,0.6010700464248657,0.15840405225753784,-0.0365070179104805,489744,5,3,True,Right,Back,Left,Centre,59
<_io.BytesIO object at 0x000001DC1823E040>,0.5236096978187561,0.08924419432878494,-0.08234667778015137,489744,5,3,True,Right,Back,Left,Centre,59
<_io.BytesIO object at 0x000001DC1823E360>,0.5420280694961548,0.09179119020700455,-0.013310500420629978,489744,5,3,True,Right,Back,Left,Centre,59
<_io.BytesIO object at 0x000001DC1823E680>,0.5379558205604553,0.13564927875995636,-0.09331054240465164,489744,5,3,True,Right,Back,Left,Centre,59
<_io.BytesIO object at 0x000001DC1823EF40>,0.5713913440704346,0.12626327574253082,-0.1229778602719307,489744,5,3,True,Right,Back,Left,Centre,59
<_io.BytesIO object at 0x000001DC18309DB0>,0.6025809645652771,0.1592681109905243,-0.03419848904013634,489745,5,3,True,Right,Back,Left,Centre,59
<_io.BytesIO object at 0x000001DC18309CC0>,0.5257482528686523,0.08946619182825089,-0.0798671618103981,489745,5,3,True,Right,Back,Left,Centre,59
<_io.BytesIO object at 0x000001DC18309590>,0.5450851917266846,0.09149120002985,-0.010743647813796997,489745,5,3,True,Right,Back,Left,Centre,59
<_io.BytesIO object at 0x000001DC183096D0>,0.5393965244293213,0.13588303327560425,-0.09083811193704605,489745,5,3,True,Right,Back,Left,Centre,59
<_io.BytesIO object at 0x000001DC183097C0>,0.5728433132171631,0.1273432821035385,-0.1205601692199707,489745,5,3,True,Right,Back,Left,Centre,59
<_io.BytesIO object at 0x000001DC18309EA0>,0.604466438293457,0.16036108136177063,-0.03178294003009796,489746,5,3,True,Right,Back,Left,Centre,59
<_io.BytesIO object at 0x000001DC183093B0>,0.5281676054000854,0.08956137299537659,-0.07729202508926392,489746,5,3,True,Right,Back,Left,Centre,59
<_io.BytesIO object at 0x000001DC18309090>,0.5483250021934509,0.09129250794649124,-0.008028103969991207,489746,5,3,True,Right,Back,Left,Centre,59
<_io.BytesIO object at 0x000001DC183099A0>,0.5410441160202026,0.13641858100891113,-0.08796378970146179,489746,5,3,True,Right,Back,Left,Centre,59
<_io.BytesIO object at 0x000001DC18309DB0>,0.574283242225647,0.1283486932516098,-0.11803456395864487,489746,5,3,True,Right,Back,Left,Centre,59
<_io.BytesIO object at 0x000001DC1823EB30>,0.6066135168075562,0.16138872504234314,-0.02885420061647892,489747,5,3,True,Right,Back,Left,Centre,59
<_io.BytesIO object at 0x000001DC1823E450>,0.530773401260376,0.089837945997715,-0.07438410073518753,489747,5,3,True,Right,Back,Left,Centre,59
<_io.BytesIO object at 0x000001DC1823EAE0>,0.5520108938217163,0.0911356657743454,-0.0051015387289226055,489747,5,3,True,Right,Back,Left,Centre,59
<_io.BytesIO object at 0x000001DC1823E040>,0.5427847504615784,0.13680040836334229,-0.08493173122406006,489747,5,3,True,Right,Back,Left,Centre,59
<_io.BytesIO object at 0x000001DC1823EDB0>,0.5759234428405762,0.12950655817985535,-0.11527938395738602,489747,5,3,True,Right,Back,Left,Centre,59
<_io.BytesIO object at 0x000001DC180C5540>,0.6091066002845764,0.16236960887908936,-0.02576896920800209,489748,5,3,True,Right,Back,Left,Centre,59
<_io.BytesIO object at 0x000001DC180A3B30>,0.5335684418678284,0.09017261862754822,-0.07125715911388397,489748,5,3,True,Right,Back,Left,Centre,59
<_io.BytesIO object at 0x000001DC180A33B0>,0.5561147332191467,0.09089744091033936,-0.0019070295384153724,489748,5,3,True,Right,Back,Left,Centre,59
<_io.BytesIO object at 0x000001DC180A3950>,0.5448452830314636,0.1374259740114212,-0.08146142214536667,489748,5,3,True,Right,Back,Left,Centre,59
<_io.BytesIO object at 0x000001DC180A3A90>,0.5778078436851501,0.13083137571811676,-0.11236787587404251,489748,5,3,True,Right,Back,Left,Centre,59
<_io.BytesIO object at 0x000001DC18203900>,0.6121253371238708,0.16340851783752441,-0.02244114875793457,489749,5,3,True,Right,Back,Left,Centre,59
<_io.BytesIO object at 0x000001DC180BF540>,0.5365922451019287,0.09065671265125275,-0.06774857640266418,489749,5,3,True,Right,Back,Left,Centre,59
<_io.BytesIO object at 0x000001DC180BF5E0>,0.5606010556221008,0.09069614112377167,0.001482212683185935,489749,5,3,True,Right,Back,Left,Centre,59
<_io.BytesIO object at 0x000001DC180BF9A0>,0.5471575856208801,0.13808061182498932,-0.07788780331611633,489749,5,3,True,Right,Back,Left,Centre,59
<_io.BytesIO object at 0x000001DC180BF900>,0.579948365688324,0.13220840692520142,-0.10903654992580414,489749,5,3,True,Right,Back,Left,Centre,59
<_io.BytesIO object at 0x000001DC1823BE50>,0.6155111193656921,0.16442526876926422,-0.018797103315591812,489750,5,3,True,Right,Back,Left,Centre,59
<_io.BytesIO object at 0x000001DC1823B4A0>,0.539962649345398,0.09127365797758102,-0.06404708325862885,489750,5,3,True,Right,Back,Left,Centre,59
<_io.BytesIO object at 0x000001DC18213360>,0.5655694007873535,0.09052928537130356,0.005052141845226288,489750,5,3,True,Right,Back,Left,Centre,59
<_io.BytesIO object at 0x000001DC18213450>,0.5498654842376709,0.13873879611492157,-0.07388408482074738,489750,5,3,True,Right,Back,Left,Centre,59
<_io.BytesIO object at 0x000001DC18213EF0>,0.5822659730911255,0.1336771845817566,-0.1054903045296669,489750,5,3,True,Right,Back,Left,Centre,59
<_io.BytesIO object at 0x000001DC15398EF0>,0.6191892027854919,0.16553154587745667,-0.01499121356755495,489751,5,3,True,Right,Back,Left,Centre,59
<_io.BytesIO object at 0x000001DC15398130>,0.5436350107192993,0.09201285988092422,-0.060005687177181244,489751,5,3,True,Right,Back,Left,Centre,59
<_io.BytesIO object at 0x000001DC18217B30>,0.5709545016288757,0.09037361294031143,0.008808947168290615,489751,5,3,True,Right,Back,Left,Centre,59
<_io.BytesIO object at 0x000001DC18217040>,0.5527037382125854,0.1396636962890625,-0.06966956704854965,489751,5,3,True,Right,Back,Left,Centre,59
<_io.BytesIO object at 0x000001DC182174A0>,0.5847778916358948,0.13514751195907593,-0.10154027491807938,489751,5,3,True,Right,Back,Left,Centre,59
<_io.BytesIO object at 0x000001DC1823BA40>,0.6233074069023132,0.16661924123764038,-0.010922585614025593,489752,5,3,True,Right,Back,Left,Centre,59
<_io.BytesIO object at 0x000001DC18121B80>,0.5472098588943481,0.09290150552988052,-0.05549362301826477,489752,5,3,True,Right,Back,Left,Centre,59
<_io.BytesIO object at 0x000001DC181219F0>,0.5768042802810669,0.09031277894973755,0.012709795497357845,489752,5,3,True,Right,Back,Left,Centre,59
<_io.BytesIO object at 0x000001DC18121AE0>,0.5559544563293457,0.14058251678943634,-0.06503468006849289,489752,5,3,True,Right,Back,Left,Centre,59
<_io.BytesIO object at 0x000001DC18121090>,0.5874974727630615,0.13691291213035583,-0.09745519608259201,489752,5,3,True,Right,Back,Left,Centre,59
<_io.BytesIO object at 0x000001DC18203C20>,0.6277080178260803,0.1677197515964508,-0.006522820331156254,489753,5,3,True,Right,Back,Left,Centre,59
<_io.BytesIO object at 0x000001DC18203B30>,0.5518031120300293,0.09349449723958969,-0.05120084434747696,489753,5,3,True,Right,Back,Left,Centre,59
<_io.BytesIO object at 0x000001DC18203130>,0.5831316113471985,0.09013938903808594,0.016765985637903214,489753,5,3,True,Right,Back,Left,Centre,59
<_io.BytesIO object at 0x000001DC182031D0>,0.5593646168708801,0.1414627581834793,-0.06015511229634285,489753,5,3,True,Right,Back,Left,Centre,59
<_io.BytesIO object at 0x000001DC18215DB0>,0.5905216932296753,0.13879969716072083,-0.09299040585756302,489753,5,3,True,Right,Back,Left,Centre,59
<_io.BytesIO object at 0x000001DC180C5B80>,0.6323239803314209,0.16885219514369965,-0.0018080216832458973,489754,5,3,True,Right,Back,Left,Centre,59
<_io.BytesIO object at 0x000001DC180C5E00>,0.5564392805099487,0.09421474486589432,-0.04650329425930977,489754,5,3,True,Right,Back,Left,Centre,59
<_io.BytesIO object at 0x000001DC180C5220>,0.5899173617362976,0.08990050852298737,0.020936522632837296,489754,5,3,True,Right,Back,Left,Centre,59
<_io.BytesIO object at 0x000001DC1820AC20>,0.5629976391792297,0.1423611342906952,-0.05498044192790985,489754,5,3,True,Right,Back,Left,Centre,59
<_io.BytesIO object at 0x000001DC1820A590>,0.593616783618927,0.14067763090133667,-0.08836913108825684,489754,5,3,True,Right,Back,Left,Centre,59
<_io.BytesIO object at 0x000001DC1821B7C0>,0.6372241973876953,0.16988497972488403,0.003076942404732108,489755,5,3,True,Right,Back,Left,Centre,59
<_io.BytesIO object at 0x000001DC1821B220>,0.5612273216247559,0.09490396827459335,-0.04150284454226494,489755,5,3,True,Right,Back,Left,Centre,59
<_io.BytesIO object at 0x000001DC1821B090>,0.5969592928886414,0.08979889005422592,0.025192881003022194,489755,5,3,True,Right,Back,Left,Centre,59
<_io.BytesIO object at 0x000001DC1821B130>,0.5669468641281128,0.14322133362293243,-0.04941454157233238,489755,5,3,True,Right,Back,Left,Centre,59
<_io.BytesIO object at 0x000001DC1820CB30>,0.5970434546470642,0.14253349602222443,-0.08332382887601852,489755,5,3,True,Right,Back,Left,Centre,59
<_io.BytesIO object at 0x000001DC180DCE50>,0.6424453854560852,0.1710791289806366,0.008394546806812286,489756,5,3,True,Right,Back,Left,Centre,59
<_io.BytesIO object at 0x000001DC180DC810>,0.5663367509841919,0.0955258160829544,-0.03622934967279434,489756,5,3,True,Right,Back,Left,Centre,59
<_io.BytesIO object at 0x000001DC180DC7C0>,0.604210615158081,0.08974071592092514,0.02959967590868473,489756,5,3,True,Right,Back,Left,Centre,59
<_io.BytesIO object at 0x000001DC180DCF40>,0.5710793733596802,0.14406763017177582,-0.04372381418943405,489756,5,3,True,Right,Back,Left,Centre,59
<_io.BytesIO object at 0x000001DC180DC8B0>,0.6005780100822449,0.14442116022109985,-0.0780334398150444,489756,5,3,True,Right,Back,Left,Centre,59
<_io.BytesIO object at 0x000001DC180DC8B0>,0.6477349400520325,0.17213429510593414,0.013685600832104683,489757,5,3,True,Right,Back,Left,Centre,59
<_io.BytesIO object at 0x000001DC180DCA90>,0.5716617107391357,0.09623480588197708,-0.030856367200613022,489757,5,3,True,Right,Back,Left,Centre,59
<_io.BytesIO object at 0x000001DC180DC1D0>,0.6116440892219543,0.08973906189203262,0.03414534032344818,489757,5,3,True,Right,Back,Left,Centre,59
<_io.BytesIO object at 0x000001DC180DC9F0>,0.5754978656768799,0.14493167400360107,-0.0376584418118,489757,5,3,True,Right,Back,Left,Centre,59
<_io.BytesIO object at 0x000001DC180DCB30>,0.6043468117713928,0.14633020758628845,-0.07250827550888062,489757,5,3,True,Right,Back,Left,Centre,59
<_io.BytesIO object at 0x000001DC1821B720>,0.6532481908798218,0.17331472039222717,0.019416332244873047,489758,5,3,True,Right,Back,Left,Centre,59
<_io.BytesIO object at 0x000001DC1821B950>,0.5772234201431274,0.09675537794828415,-0.025124933570623398,489758,5,3,True,Right,Back,Left,Centre,59
<_io.BytesIO object at 0x000001DC1821BF90>,0.6193011999130249,0.08969751745462418,0.038807228207588196,489758,5,3,True,Right,Back,Left,Centre,59
<_io.BytesIO object at 0x000001DC1821B7C0>,0.5800318717956543,0.14552950859069824,-0.03131866455078125,489758,5,3,True,Right,Back,Left,Centre,59
<_io.BytesIO object at 0x000001DC1821B4A0>,0.6084071397781372,0.14814278483390808,-0.06656216830015182,489758,5,3,True,Right,Back,Left,Centre,59
<_io.BytesIO object at 0x000001DC1820AC20>,0.6585699915885925,0.17432542145252228,0.025413839146494865,489759,5,3,True,Right,Back,Left,Centre,59
<_io.BytesIO object at 0x000001DC180C50E0>,0.5830603241920471,0.09718067944049835,-0.019245075061917305,489759,5,3,True,Right,Back,Left,Centre,59
<_io.BytesIO object at 0x000001DC180C52C0>,0.626966118812561,0.0897592306137085,0.0437215231359005,489759,5,3,True,Right,Back,Left,Centre,59
<_io.BytesIO object at 0x000001DC180C5B80>,0.5848008990287781,0.14618587493896484,-0.02476816438138485,489759,5,3,True,Right,Back,Left,Centre,59
<_io.BytesIO object at 0x000001DC180C59A0>,0.612641453742981,0.14997228980064392,-0.06025919318199158,489759,5,3,True,Right,Back,Left,Centre,59
<_io.BytesIO object at 0x000001DC182038B0>,0.6643180251121521,0.17544400691986084,0.03191834315657616,489760,5,3,True,Right,Back,Left,Centre,59
<_io.BytesIO object at 0x000001DC18203310>,0.5891140699386597,0.09749485552310944,-0.013232475146651268,489760,5,3,True,Right,Back,Left,Centre,59
<_io.BytesIO object at 0x000001DC18203220>,0.6348870992660522,0.08970633894205093,0.04876893013715744,489760,5,3,True,Right,Back,Left,Centre,59
<_io.BytesIO object at 0x000001DC18203C20>,0.5897601246833801,0.14669302105903625,-0.017909027636051178,489760,5,3,True,Right,Back,Left,Centre,59
<_io.BytesIO object at 0x000001DC18203040>,0.617032527923584,0.15172603726387024,-0.053669363260269165,489760,5,3,True,Right,Back,Left,Centre,59
<_io.BytesIO object at 0x000001DC18121130>,0.6696822643280029,0.1763143688440323,0.03853438422083855,489761,5,3,True,Right,Back,Left,Centre,59
<_io.BytesIO object at 0x000001DC18121770>,0.5952252745628357,0.09781692922115326,-0.007098543923348188,489761,5,3,True,Right,Back,Left,Centre,59
<_io.BytesIO object at 0x000001DC18121B80>,0.6426628828048706,0.08979766070842743,0.05413999408483505,489761,5,3,True,Right,Back,Left,Centre,59
<_io.BytesIO object at 0x000001DC1823BC20>,0.5947911143302917,0.14698246121406555,-0.010845757089555264,489761,5,3,True,Right,Back,Left,Centre,59
<_io.BytesIO object at 0x000001DC1823B2C0>,0.621545672416687,0.15327304601669312,-0.046884987503290176,489761,5,3,True,Right,Back,Left,Centre,59
<_io.BytesIO object at 0x000001DC182176D0>,0.674937903881073,0.17704978585243225,0.04540421813726425,489762,5,3,True,Right,Back,Left,Centre,59
<_io.BytesIO object at 0x000001DC182174A0>,0.6015803813934326,0.09779028594493866,-0.0007072279113344848,489762,5,3,True,Right,Back,Left,Centre,59
<_io.BytesIO object at 0x000001DC1823BDB0>,0.6504880785942078,0.08977674692869186,0.059856101870536804,489762,5,3,True,Right,Back,Left,Centre,59
<_io.BytesIO object at 0x000001DC1823B450>,0.599884033203125,0.14707298576831818,-0.0035516696516424417,489762,5,3,True,Right,Back,Left,Centre,59
<_io.BytesIO object at 0x000001DC1823B720>,0.6260459423065186,0.15484154224395752,-0.03958188742399216,489762,5,3,True,Right,Back,Left,Centre,59
<_io.BytesIO object at 0x000001DC18203400>,0.6801256537437439,0.17784558236598969,0.05274529382586479,489763,5,3,True,Right,Back,Left,Centre,59
<_io.BytesIO object at 0x000001DC182032C0>,0.6080331206321716,0.09765904396772385,0.005828164983540773,489763,5,3,True,Right,Back,Left,Centre,59
<_io.BytesIO object at 0x000001DC18215DB0>,0.6582868695259094,0.0895380973815918,0.06581907719373703,489763,5,3,True,Right,Back,Left,Centre,59
<_io.BytesIO object at 0x000001DC18215E50>,0.6051356792449951,0.1469595730304718,0.003975399769842625,489763,5,3,True,Right,Back,Left,Centre,59
<_io.BytesIO object at 0x000001DC18215860>,0.6308349370956421,0.15577037632465363,-0.03236662596464157,489763,5,3,True,Right,Back,Left,Centre,59
<_io.BytesIO object at 0x000001DC1820AE50>,0.68509441614151,0.1784045547246933,0.0604402981698513,489764,5,3,True,Right,Back,Left,Centre,59
<_io.BytesIO object at 0x000001DC1820AA90>,0.6145037412643433,0.09739165008068085,0.01260689552873373,489764,5,3,True,Right,Back,Left,Centre,59
<_io.BytesIO object at 0x000001DC1823E6D0>,0.6656360030174255,0.08964674174785614,0.07178094983100891,489764,5,3,True,Right,Back,Left,Centre,59
<_io.BytesIO object at 0x000001DC1823E810>,0.6104267835617065,0.1466585248708725,0.011757349595427513,489764,5,3,True,Right,Back,Left,Centre,59
<_io.BytesIO object at 0x000001DC1823E130>,0.6356660723686218,0.15682753920555115,-0.024683799594640732,489764,5,3,True,Right,Back,Left,Centre,59
<_io.BytesIO object at 0x000001DC15398D60>,0.6899435520172119,0.17884382605552673,0.0684925988316536,489765,5,3,True,Right,Back,Left,Centre,59
<_io.BytesIO object at 0x000001DC15398810>,0.6209765076637268,0.09700080007314682,0.01961204968392849,489765,5,3,True,Right,Back,Left,Centre,59
<_io.BytesIO object at 0x000001DC15398860>,0.6709683537483215,0.09119663387537003,0.07761482894420624,489765,5,3,True,Right,Back,Left,Centre,59
<_io.BytesIO object at 0x000001DC153987C0>,0.6158320903778076,0.14617304503917694,0.019734663888812065,489765,5,3,True,Right,Back,Left,Centre,59
<_io.BytesIO object at 0x000001DC1821B680>,0.6407116055488586,0.1576702743768692,-0.016640525311231613,489765,5,3,True,Right,Back,Left,Centre,59
<_io.BytesIO object at 0x000001DC180BF8B0>,0.6946967840194702,0.1791764348745346,0.07677511125802994,489766,5,3,True,Right,Back,Left,Centre,59
<_io.BytesIO object at 0x000001DC180BF3B0>,0.6274362802505493,0.09659617394208908,0.026817195117473602,489766,5,3,True,Right,Back,Left,Centre,59
<_io.BytesIO object at 0x000001DC180BFD60>,0.6757464408874512,0.09217309951782227,0.08372949808835983,489766,5,3,True,Right,Back,Left,Centre,59
<_io.BytesIO object at 0x000001DC180BF4F0>,0.6211910843849182,0.14559189975261688,0.027996288612484932,489766,5,3,True,Right,Back,Left,Centre,59
<_io.BytesIO object at 0x000001DC180BF1D0>,0.6457224488258362,0.15829463303089142,-0.008359340950846672,489766,5,3,True,Right,Back,Left,Centre,59
<_io.BytesIO object at 0x000001DC18213360>,0.6993677020072937,0.17923562228679657,0.08549915254116058,489767,5,3,True,Right,Back,Left,Centre,59
<_io.BytesIO object at 0x000001DC18213770>,0.6337721347808838,0.09616244584321976,0.034306615591049194,489767,5,3,True,Right,Back,Left,Centre,59
<_io.BytesIO object at 0x000001DC182136D0>,0.6806192994117737,0.0931747704744339,0.09030212461948395,489767,5,3,True,Right,Back,Left,Centre,59
<_io.BytesIO object at 0x000001DC182134A0>,0.6266316175460815,0.14496390521526337,0.03638545796275139,489767,5,3,True,Right,Back,Left,Centre,59
<_io.BytesIO object at 0x000001DC182131D0>,0.6508163213729858,0.15879026055335999,0.00018432733486406505,489767,5,3,True,Right,Back,Left,Centre,59
<_io.BytesIO object at 0x000001DC18213950>,0.7038565278053284,0.17917977273464203,0.09452933073043823,489768,5,3,True,Right,Back,Left,Centre,59
<_io.BytesIO object at 0x000001DC18213400>,0.6399617791175842,0.09573294222354889,0.042031265795230865,489768,5,3,True,Right,Back,Left,Centre,59
<_io.BytesIO object at 0x000001DC18213C20>,0.6855827569961548,0.0938391387462616,0.09724845737218857,489768,5,3,True,Right,Back,Left,Centre,59
<_io.BytesIO object at 0x000001DC18213680>,0.6320390105247498,0.144290030002594,0.04498864710330963,489768,5,3,True,Right,Back,Left,Centre,59
<_io.BytesIO object at 0x000001DC18213CC0>,0.6559674143791199,0.1592220664024353,0.009030140936374664,489768,5,3,True,Right,Back,Left,Centre,59
<_io.BytesIO object at 0x000001DC180BFB30>,0.7081707715988159,0.17880143225193024,0.10393133759498596,489769,5,3,True,Right,Back,Left,Centre,59
<_io.BytesIO object at 0x000001DC180BFD10>,0.6460758447647095,0.09513357281684875,0.049939874559640884,489769,5,3,True,Right,Back,Left,Centre,59
<_io.BytesIO object at 0x000001DC180BF540>,0.690531313419342,0.0941615104675293,0.10464571416378021,489769,5,3,True,Right,Back,Left,Centre,59
<_io.BytesIO object at 0x000001DC180BF9F0>,0.6373847723007202,0.14348028600215912,0.05380214750766754,489769,5,3,True,Right,Back,Left,Centre,59
<_io.BytesIO object at 0x000001DC180BF6D0>,0.6611641645431519,0.1595805287361145,0.01811417192220688,489769,5,3,True,Right,Back,Left,Centre,59
<_io.BytesIO object at 0x000001DC1821B090>,0.7125013470649719,0.17841030657291412,0.11361931264400482,489770,5,3,True,Right,Back,Left,Centre,59
<_io.BytesIO object at 0x000001DC1821BD60>,0.6518839597702026,0.09464507550001144,0.05808783695101738,489770,5,3,True,Right,Back,Left,Centre,59
<_io.BytesIO object at 0x000001DC15398590>,0.695682168006897,0.08908818662166595,0.12150073796510696,489770,5,3,True,Right,Back,Left,Centre,59
<_io.BytesIO object at 0x000001DC15398BD0>,0.6425677537918091,0.14269524812698364,0.06270884722471237,489770,5,3,True,Right,Back,Left,Centre,59
<_io.BytesIO object at 0x000001DC15398270>,0.6661822199821472,0.15988196432590485,0.027439314872026443,489770,5,3,True,Right,Back,Left,Centre,59
<_io.BytesIO object at 0x000001DC1823EEF0>,0.7167105674743652,0.17772752046585083,0.12360818684101105,489771,5,3,True,Right,Back,Left,Centre,59
<_io.BytesIO object at 0x000001DC1823E810>,0.6575795412063599,0.09390181303024292,0.06644431501626968,489771,5,3,True,Right,Back,Left,Centre,59
<_io.BytesIO object at 0x000001DC1823EA90>,0.7031331062316895,0.0933341383934021,0.12787789106369019,489771,5,3,True,Right,Back,Left,Centre,59
<_io.BytesIO object at 0x000001DC1820A4A0>,0.6478005051612854,0.14175549149513245,0.07182229310274124,489771,5,3,True,Right,Back,Left,Centre,59
<_io.BytesIO object at 0x000001DC1820AE50>,0.6713314652442932,0.16007916629314423,0.037010326981544495,489771,5,3,True,Right,Back,Left,Centre,59
<_io.BytesIO object at 0x000001DC18215EA0>,0.7207791805267334,0.17690250277519226,0.1337311565876007,489772,5,3,True,Right,Back,Left,Centre,59
<_io.BytesIO object at 0x000001DC182159A0>,0.6631289124488831,0.09305393695831299,0.07480299472808838,489772,5,3,True,Right,Back,Left,Centre,59
<_io.BytesIO object at 0x000001DC18215DB0>,0.707957923412323,0.09102971851825714,0.12993645668029785,489772,5,3,True,Right,Back,Left,Centre,59
<_io.BytesIO object at 0x000001DC18203B80>,0.6527016758918762,0.14084351062774658,0.08107408881187439,489772,5,3,True,Right,Back,Left,Centre,59
<_io.BytesIO object at 0x000001DC182038B0>,0.6763771176338196,0.16014190018177032,0.046667780727148056,489772,5,3,True,Right,Back,Left,Centre,59
<_io.BytesIO object at 0x000001DC18121C20>,0.7248276472091675,0.17584599554538727,0.1439807116985321,489773,5,3,True,Right,Back,Left,Centre,59
<_io.BytesIO object at 0x000001DC18121590>,0.6661390662193298,0.09398281574249268,0.08241690695285797,489773,5,3,True,Right,Back,Left,Centre,59
<_io.BytesIO object at 0x000001DC18121310>,0.7087964415550232,0.08469665050506592,0.14692085981369019,489773,5,3,True,Right,Back,Left,Centre,59
<_io.BytesIO object at 0x000001DC181210E0>,0.6577918529510498,0.13992619514465332,0.09040594100952148,489773,5,3,True,Right,Back,Left,Centre,59
<_io.BytesIO object at 0x000001DC18203630>,0.6814595460891724,0.16004124283790588,0.056425001472234726,489773,5,3,True,Right,Back,Left,Centre,59
<_io.BytesIO object at 0x000001DC180C5B30>,0.728874683380127,0.17473872005939484,0.15411148965358734,489774,5,3,True,Right,Back,Left,Centre,59
<_io.BytesIO object at 0x000001DC180C5C20>,0.6686736941337585,0.09434302896261215,0.09026622772216797,489774,5,3,True,Right,Back,Left,Centre,59
<_io.BytesIO object at 0x000001DC180C5630>,0.7098789215087891,0.08125870674848557,0.15630994737148285,489774,5,3,True,Right,Back,Left,Centre,59
<_io.BytesIO object at 0x000001DC180C59A0>,0.6624793410301208,0.13889306783676147,0.09970608353614807,489774,5,3,True,Right,Back,Left,Centre,59
<_io.BytesIO object at 0x000001DC1820ADB0>,0.6862444877624512,0.15978068113327026,0.06628599017858505,489774,5,3,True,Right,Back,Left,Centre,59
<_io.BytesIO object at 0x000001DC1820CAE0>,0.7328377366065979,0.17363253235816956,0.16441912949085236,489775,5,3,True,Right,Back,Left,Centre,59
<_io.BytesIO object at 0x000001DC1820C770>,0.6712331771850586,0.09529991447925568,0.0981769934296608,489775,5,3,True,Right,Back,Left,Centre,59
<_io.BytesIO object at 0x000001DC1820CD10>,0.7113933563232422,0.07979226857423782,0.16495433449745178,489775,5,3,True,Right,Back,Left,Centre,59
<_io.BytesIO object at 0x000001DC1820C950>,0.6671102643013,0.13798114657402039,0.10912159085273743,489775,5,3,True,Right,Back,Left,Centre,59
<_io.BytesIO object at 0x000001DC1820C720>,0.6911600232124329,0.15941555798053741,0.07609501481056213,489775,5,3,True,Right,Back,Left,Centre,59
<_io.BytesIO object at 0x000001DC183090E0>,0.7366819381713867,0.17276707291603088,0.17411907017230988,489776,5,3,True,Right,Back,Left,Centre,59
<_io.BytesIO object at 0x000001DC18309E00>,0.6736724376678467,0.09634493291378021,0.10617946088314056,489776,5,3,True,Right,Back,Left,Centre,59
<_io.BytesIO object at 0x000001DC18309C70>,0.7127878069877625,0.07892782986164093,0.17371806502342224,489776,5,3,True,Right,Back,Left,Centre,59
<_io.BytesIO object at 0x000001DC18309E50>,0.6714066863059998,0.13723738491535187,0.11843451112508774,489776,5,3,True,Right,Back,Left,Centre,59
<_io.BytesIO object at 0x000001DC18309D60>,0.6958456635475159,0.15893502533435822,0.08582325279712677,489776,5,3,True,Right,Back,Left,Centre,59
<_io.BytesIO object at 0x000001DC180DCD10>,0.740942120552063,0.17136654257774353,0.18390026688575745,489777,5,3,True,Right,Back,Left,Centre,59
<_io.BytesIO object at 0x000001DC180DC720>,0.6760445833206177,0.09729043394327164,0.11420503258705139,489777,5,3,True,Right,Back,Left,Centre,59
<_io.BytesIO object at 0x000001DC180A3090>,0.71433424949646,0.07781989872455597,0.1823817640542984,489777,5,3,True,Right,Back,Left,Centre,59
<_io.BytesIO object at 0x000001DC180A3180>,0.6757659912109375,0.13643209636211395,0.12762583792209625,489777,5,3,True,Right,Back,Left,Centre,59
<_io.BytesIO object at 0x000001DC180A3220>,0.7004727721214294,0.15848694741725922,0.09540724754333496,489777,5,3,True,Right,Back,Left,Centre,59
<_io.BytesIO object at 0x000001DC18213DB0>,0.7444433569908142,0.1705491691827774,0.19351068139076233,489778,5,3,True,Right,Back,Left,Centre,59
<_io.BytesIO object at 0x000001DC18213540>,0.6785406470298767,0.09817404299974442,0.12229198217391968,489778,5,3,True,Right,Back,Left,Centre,59
<_io.BytesIO object at 0x000001DC18213860>,0.7155656218528748,0.07729039341211319,0.1914786845445633,489778,5,3,True,Right,Back,Left,Centre,59
<_io.BytesIO object at 0x000001DC182132C0>,0.6799907684326172,0.13668416440486908,0.13591134548187256,489778,5,3,True,Right,Back,Left,Centre,59
<_io.BytesIO object at 0x000001DC180A3F90>,0.7048757672309875,0.15795478224754333,0.10485919564962387,489778,5,3,True,Right,Back,Left,Centre,59
<_io.BytesIO object at 0x000001DC180BF950>,0.7477894425392151,0.16964048147201538,0.20287558436393738,489779,5,3,True,Right,Back,Left,Centre,59
<_io.BytesIO object at 0x000001DC180BFEF0>,0.6811357736587524,0.09873345494270325,0.13037234544754028,489779,5,3,True,Right,Back,Left,Centre,59
<_io.BytesIO object at 0x000001DC180BF720>,0.7176585793495178,0.07651261985301971,0.20033735036849976,489779,5,3,True,Right,Back,Left,Centre,59
<_io.BytesIO object at 0x000001DC180BF3B0>,0.6834117770195007,0.13513337075710297,0.14546652138233185,489779,5,3,True,Right,Back,Left,Centre,59
<_io.BytesIO object at 0x000001DC180BFAE0>,0.7091704607009888,0.15748679637908936,0.11414258182048798,489779,5,3,True,Right,Back,Left,Centre,59
<_io.BytesIO object at 0x000001DC153989F0>,0.7494512796401978,0.1676112413406372,0.2130374312400818,489780,5,3,True,Right,Back,Left,Centre,59
<_io.BytesIO object at 0x000001DC153984F0>,0.6839628219604492,0.09889119863510132,0.13837452232837677,489780,5,3,True,Right,Back,Left,Centre,59
<_io.BytesIO object at 0x000001DC15398720>,0.7186864018440247,0.0751863420009613,0.20927132666110992,489780,5,3,True,Right,Back,Left,Centre,59
<_io.BytesIO object at 0x000001DC153980E0>,0.6873776912689209,0.13507553935050964,0.1538345366716385,489780,5,3,True,Right,Back,Left,Centre,59
<_io.BytesIO object at 0x000001DC15398A40>,0.7132738828659058,0.15714898705482483,0.1230711042881012,489780,5,3,True,Right,Back,Left,Centre,59
<_io.BytesIO object at 0x000001DC1823E180>,0.7532609701156616,0.16795577108860016,0.22122608125209808,489781,5,3,True,Right,Back,Left,Centre,59
<_io.BytesIO object at 0x000001DC1820A4A0>,0.6869357824325562,0.09860161691904068,0.14646396040916443,489781,5,3,True,Right,Back,Left,Centre,59
<_io.BytesIO object at 0x000001DC1820AF90>,0.7233424782752991,0.07499224692583084,0.21897593140602112,489781,5,3,True,Right,Back,Left,Centre,59
<_io.BytesIO object at 0x000001DC1820A180>,0.6917879581451416,0.1360706090927124,0.16176249086856842,489781,5,3,True,Right,Back,Left,Centre,59
<_io.BytesIO object at 0x000001DC1820A770>,0.7171443700790405,0.15656833350658417,0.13191242516040802,489781,5,3,True,Right,Back,Left,Centre,59
<_io.BytesIO object at 0x000001DC182159A0>,0.7570714354515076,0.1682719588279724,0.22927682101726532,489782,5,3,True,Right,Back,Left,Centre,59
<_io.BytesIO object at 0x000001DC18215770>,0.6905684471130371,0.09759444743394852,0.1548309177160263,489782,5,3,True,Right,Back,Left,Centre,59
<_io.BytesIO object at 0x000001DC182033B0>,0.7270771265029907,0.07522154599428177,0.22787955403327942,489782,5,3,True,Right,Back,Left,Centre,59
<_io.BytesIO object at 0x000001DC18203EA0>,0.6964285969734192,0.1368442177772522,0.1690116822719574,489782,5,3,True,Right,Back,Left,Centre,59
<_io.BytesIO object at 0x000001DC182038B0>,0.7208657264709473,0.1560136377811432,0.14036372303962708,489782,5,3,True,Right,Back,Left,Centre,59
<_io.BytesIO object at 0x000001DC18217310>,0.7604641318321228,0.16888584196567535,0.23697249591350555,489783,5,3,True,Right,Back,Left,Centre,59
<_io.BytesIO object at 0x000001DC182177C0>,0.6947411894798279,0.09595833718776703,0.16333088278770447,489783,5,3,True,Right,Back,Left,Centre,59
<_io.BytesIO object at 0x000001DC18121450>,0.7300510406494141,0.07604195922613144,0.23626601696014404,489783,5,3,True,Right,Back,Left,Centre,59
<_io.BytesIO object at 0x000001DC18121A40>,0.700846791267395,0.13766656816005707,0.17609985172748566,489783,5,3,True,Right,Back,Left,Centre,59
<_io.BytesIO object at 0x000001DC18121770>,0.7243785858154297,0.1556471586227417,0.14879745244979858,489783,5,3,True,Right,Back,Left,Centre,59
<_io.BytesIO object at 0x000001DC7FF650E0>,0.7625839710235596,0.16759321093559265,0.23854143917560577,489784,5,3,True,Right,Back,Left,Centre,59
<_io.BytesIO object at 0x000001DC180C52C0>,0.7000222206115723,0.09172624349594116,0.17182548344135284,489784,5,3,True,Right,Back,Left,Centre,59
<_io.BytesIO object at 0x000001DC180C5F90>,0.7324469089508057,0.07667198777198792,0.24285158514976501,489784,5,3,True,Right,Back,Left,Centre,59
<_io.BytesIO object at 0x000001DC180C5D60>,0.7015130519866943,0.14043469727039337,0.17944929003715515,489784,5,3,True,Right,Back,Left,Centre,59
<_io.BytesIO object at 0x000001DC180C5A90>,0.7305946350097656,0.1569245606660843,0.1624084711074829,489784,5,3,True,Right,Back,Left,Centre,59
<_io.BytesIO object at 0x000001DC1820C770>,0.7625839710235596,0.16759321093559265,0.23854143917560577,489785,5,3,True,Right,Back,Left,Centre,59
<_io.BytesIO object at 0x000001DC1820CE00>,0.7000222206115723,0.09172624349594116,0.17182548344135284,489785,5,3,True,Right,Back,Left,Centre,59
<_io.BytesIO object at 0x000001DC1820C630>,0.7324469089508057,0.07667198777198792,0.24285158514976501,489785,5,3,True,Right,Back,Left,Centre,59
<_io.BytesIO object at 0x000001DC1820C950>,0.7015130519866943,0.14043469727039337,0.17944929003715515,489785,5,3,True,Right,Back,Left,Centre,59
<_io.BytesIO object at 0x000001DC1820C6D0>,0.7305946350097656,0.1569245606660843,0.1624084711074829,489785,5,3,True,Right,Back,Left,Centre,59
<_io.BytesIO object at 0x000001DC18309130>,0.7625839710235596,0.16759321093559265,0.23854143917560577,489786,5,3,True,Right,Back,Left,Centre,59
<_io.BytesIO object at 0x000001DC18309310>,0.7000222206115723,0.09172624349594116,0.17182548344135284,489786,5,3,True,Right,Back,Left,Centre,59
<_io.BytesIO object at 0x000001DC18309180>,0.7324469089508057,0.07667198777198792,0.24285158514976501,489786,5,3,True,Right,Back,Left,Centre,59
<_io.BytesIO object at 0x000001DC183094A0>,0.7015130519866943,0.14043469727039337,0.17944929003715515,489786,5,3,True,Right,Back,Left,Centre,59
<_io.BytesIO object at 0x000001DC18309E50>,0.7305946350097656,0.1569245606660843,0.1624084711074829,489786,5,3,True,Right,Back,Left,Centre,59
<_io.BytesIO object at 0x000001DC180DC3B0>,0.7625839710235596,0.16759321093559265,0.23854143917560577,489787,5,3,True,Right,Back,Left,Centre,59
<_io.BytesIO object at 0x000001DC180DC860>,0.7000222206115723,0.09172624349594116,0.17182548344135284,489787,5,3,True,Right,Back,Left,Centre,59
<_io.BytesIO object at 0x000001DC180A3A40>,0.7324469089508057,0.07667198777198792,0.24285158514976501,489787,5,3,True,Right,Back,Left,Centre,59
<_io.BytesIO object at 0x000001DC180A31D0>,0.7015130519866943,0.14043469727039337,0.17944929003715515,489787,5,3,True,Right,Back,Left,Centre,59
<_io.BytesIO object at 0x000001DC180A3220>,0.7305946350097656,0.1569245606660843,0.1624084711074829,489787,5,3,True,Right,Back,Left,Centre,59
<_io.BytesIO object at 0x000001DC18217400>,0.7625839710235596,0.16759321093559265,0.23854143917560577,489788,5,3,True,Right,Back,Left,Centre,59
<_io.BytesIO object at 0x000001DC182171D0>,0.7000222206115723,0.09172624349594116,0.17182548344135284,489788,5,3,True,Right,Back,Left,Centre,59
<_io.BytesIO object at 0x000001DC1823BC20>,0.7324469089508057,0.07667198777198792,0.24285158514976501,489788,5,3,True,Right,Back,Left,Centre,59
<_io.BytesIO object at 0x000001DC1823BE50>,0.7015130519866943,0.14043469727039337,0.17944929003715515,489788,5,3,True,Right,Back,Left,Centre,59
<_io.BytesIO object at 0x000001DC18217540>,0.7305946350097656,0.1569245606660843,0.1624084711074829,489788,5,3,True,Right,Back,Left,Centre,59
<_io.BytesIO object at 0x000001DC180A3180>,0.7625839710235596,0.16759321093559265,0.23854143917560577,489789,5,3,True,Right,Back,Left,Centre,59
<_io.BytesIO object at 0x000001DC180A3EF0>,0.7000222206115723,0.09172624349594116,0.17182548344135284,489789,5,3,True,Right,Back,Left,Centre,59
<_io.BytesIO object at 0x000001DC180DC270>,0.7324469089508057,0.07667198777198792,0.24285158514976501,489789,5,3,True,Right,Back,Left,Centre,59
<_io.BytesIO object at 0x000001DC180DC3B0>,0.7015130519866943,0.14043469727039337,0.17944929003715515,489789,5,3,True,Right,Back,Left,Centre,59
<_io.BytesIO object at 0x000001DC180DCA90>,0.7305946350097656,0.1569245606660843,0.1624084711074829,489789,5,3,True,Right,Back,Left,Centre,59
<_io.BytesIO object at 0x000001DC18309090>,0.7625839710235596,0.16759321093559265,0.23854143917560577,489790,5,3,True,Right,Back,Left,Centre,59
<_io.BytesIO object at 0x000001DC18309CC0>,0.7000222206115723,0.09172624349594116,0.17182548344135284,489790,5,3,True,Right,Back,Left,Centre,59
<_io.BytesIO object at 0x000001DC18309B80>,0.7324469089508057,0.07667198777198792,0.24285158514976501,489790,5,3,True,Right,Back,Left,Centre,59
<_io.BytesIO object at 0x000001DC18309310>,0.7015130519866943,0.14043469727039337,0.17944929003715515,489790,5,3,True,Right,Back,Left,Centre,59
<_io.BytesIO object at 0x000001DC18309540>,0.7305946350097656,0.1569245606660843,0.1624084711074829,489790,5,3,True,Right,Back,Left,Centre,59
<_io.BytesIO object at 0x000001DC1820CF40>,0.7625839710235596,0.16759321093559265,0.23854143917560577,489791,5,3,True,Right,Back,Left,Centre,59
<_io.BytesIO object at 0x000001DC1820C810>,0.7000222206115723,0.09172624349594116,0.17182548344135284,489791,5,3,True,Right,Back,Left,Centre,59
<_io.BytesIO object at 0x000001DC1820C9A0>,0.7324469089508057,0.07667198777198792,0.24285158514976501,489791,5,3,True,Right,Back,Left,Centre,59
<_io.BytesIO object at 0x000001DC1820C270>,0.7015130519866943,0.14043469727039337,0.17944929003715515,489791,5,3,True,Right,Back,Left,Centre,59
<_io.BytesIO object at 0x000001DC1820CE00>,0.7305946350097656,0.1569245606660843,0.1624084711074829,489791,5,3,True,Right,Back,Left,Centre,59
<_io.BytesIO object at 0x000001DC1820AC20>,0.7625839710235596,0.16759321093559265,0.23854143917560577,489792,5,3,True,Right,Back,Left,Centre,59
<_io.BytesIO object at 0x000001DC180C54A0>,0.7000222206115723,0.09172624349594116,0.17182548344135284,489792,5,3,True,Right,Back,Left,Centre,59
<_io.BytesIO object at 0x000001DC180C5EF0>,0.7324469089508057,0.07667198777198792,0.24285158514976501,489792,5,3,True,Right,Back,Left,Centre,59
<_io.BytesIO object at 0x000001DC180C5590>,0.7015130519866943,0.14043469727039337,0.17944929003715515,489792,5,3,True,Right,Back,Left,Centre,59
<_io.BytesIO object at 0x000001DC180C59F0>,0.7305946350097656,0.1569245606660843,0.1624084711074829,489792,5,3,True,Right,Back,Left,Centre,59
<_io.BytesIO object at 0x000001DC18203950>,0.7625839710235596,0.16759321093559265,0.23854143917560577,489793,5,3,True,Right,Back,Left,Centre,59
<_io.BytesIO object at 0x000001DC18121540>,0.7000222206115723,0.09172624349594116,0.17182548344135284,489793,5,3,True,Right,Back,Left,Centre,59
<_io.BytesIO object at 0x000001DC18121220>,0.7324469089508057,0.07667198777198792,0.24285158514976501,489793,5,3,True,Right,Back,Left,Centre,59
<_io.BytesIO object at 0x000001DC18121AE0>,0.7015130519866943,0.14043469727039337,0.17944929003715515,489793,5,3,True,Right,Back,Left,Centre,59
<_io.BytesIO object at 0x000001DC18121CC0>,0.7305946350097656,0.1569245606660843,0.1624084711074829,489793,5,3,True,Right,Back,Left,Centre,59
<_io.BytesIO object at 0x000001DC18121900>,0.7625839710235596,0.16759321093559265,0.23854143917560577,489794,5,3,True,Right,Back,Left,Centre,59
<_io.BytesIO object at 0x000001DC18121810>,0.7000222206115723,0.09172624349594116,0.17182548344135284,489794,5,3,True,Right,Back,Left,Centre,59
<_io.BytesIO object at 0x000001DC18121770>,0.7324469089508057,0.07667198777198792,0.24285158514976501,489794,5,3,True,Right,Back,Left,Centre,59
<_io.BytesIO object at 0x000001DC18121310>,0.7015130519866943,0.14043469727039337,0.17944929003715515,489794,5,3,True,Right,Back,Left,Centre,59
<_io.BytesIO object at 0x000001DC18121180>,0.7305946350097656,0.1569245606660843,0.1624084711074829,489794,5,3,True,Right,Back,Left,Centre,59
<_io.BytesIO object at 0x000001DC7FF65220>,0.7625839710235596,0.16759321093559265,0.23854143917560577,489795,5,3,True,Right,Back,Left,Centre,59
<_io.BytesIO object at 0x000001DC180C57C0>,0.7000222206115723,0.09172624349594116,0.17182548344135284,489795,5,3,True,Right,Back,Left,Centre,59
<_io.BytesIO object at 0x000001DC180C5F90>,0.7324469089508057,0.07667198777198792,0.24285158514976501,489795,5,3,True,Right,Back,Left,Centre,59
<_io.BytesIO object at 0x000001DC180C56D0>,0.7015130519866943,0.14043469727039337,0.17944929003715515,489795,5,3,True,Right,Back,Left,Centre,59
<_io.BytesIO object at 0x000001DC180C5A90>,0.7305946350097656,0.1569245606660843,0.1624084711074829,489795,5,3,True,Right,Back,Left,Centre,59
<_io.BytesIO object at 0x000001DC1823E3B0>,0.7625839710235596,0.16759321093559265,0.23854143917560577,489796,5,3,True,Right,Back,Left,Centre,59
<_io.BytesIO object at 0x000001DC1823EC70>,0.7000222206115723,0.09172624349594116,0.17182548344135284,489796,5,3,True,Right,Back,Left,Centre,59
<_io.BytesIO object at 0x000001DC1823EEF0>,0.7324469089508057,0.07667198777198792,0.24285158514976501,489796,5,3,True,Right,Back,Left,Centre,59
<_io.BytesIO object at 0x000001DC1820C680>,0.7015130519866943,0.14043469727039337,0.17944929003715515,489796,5,3,True,Right,Back,Left,Centre,59
<_io.BytesIO object at 0x000001DC1820CC20>,0.7305946350097656,0.1569245606660843,0.1624084711074829,489796,5,3,True,Right,Back,Left,Centre,59
<_io.BytesIO object at 0x000001DC1821B4A0>,0.7625839710235596,0.16759321093559265,0.23854143917560577,489797,5,3,True,Right,Back,Left,Centre,59
<_io.BytesIO object at 0x000001DC1821BA90>,0.7000222206115723,0.09172624349594116,0.17182548344135284,489797,5,3,True,Right,Back,Left,Centre,59
<_io.BytesIO object at 0x000001DC1821B720>,0.7324469089508057,0.07667198777198792,0.24285158514976501,489797,5,3,True,Right,Back,Left,Centre,59
<_io.BytesIO object at 0x000001DC1821B590>,0.7015130519866943,0.14043469727039337,0.17944929003715515,489797,5,3,True,Right,Back,Left,Centre,59
<_io.BytesIO object at 0x000001DC183093B0>,0.7305946350097656,0.1569245606660843,0.1624084711074829,489797,5,3,True,Right,Back,Left,Centre,59
<_io.BytesIO object at 0x000001DC180DC680>,0.7625839710235596,0.16759321093559265,0.23854143917560577,489798,5,3,True,Right,Back,Left,Centre,59
<_io.BytesIO object at 0x000001DC180DCDB0>,0.7000222206115723,0.09172624349594116,0.17182548344135284,489798,5,3,True,Right,Back,Left,Centre,59
<_io.BytesIO object at 0x000001DC180DCE50>,0.7324469089508057,0.07667198777198792,0.24285158514976501,489798,5,3,True,Right,Back,Left,Centre,59
<_io.BytesIO object at 0x000001DC180DCEA0>,0.7015130519866943,0.14043469727039337,0.17944929003715515,489798,5,3,True,Right,Back,Left,Centre,59
<_io.BytesIO object at 0x000001DC180DCA90>,0.7305946350097656,0.1569245606660843,0.1624084711074829,489798,5,3,True,Right,Back,Left,Centre,59
<_io.BytesIO object at 0x000001DC18217E00>,0.7625839710235596,0.16759321093559265,0.23854143917560577,489799,5,3,True,Right,Back,Left,Centre,59
<_io.BytesIO object at 0x000001DC18217310>,0.7000222206115723,0.09172624349594116,0.17182548344135284,489799,5,3,True,Right,Back,Left,Centre,59
<_io.BytesIO object at 0x000001DC18213540>,0.7324469089508057,0.07667198777198792,0.24285158514976501,489799,5,3,True,Right,Back,Left,Centre,59
<_io.BytesIO object at 0x000001DC182131D0>,0.7015130519866943,0.14043469727039337,0.17944929003715515,489799,5,3,True,Right,Back,Left,Centre,59
<_io.BytesIO object at 0x000001DC18213950>,0.7305946350097656,0.1569245606660843,0.1624084711074829,489799,5,3,True,Right,Back,Left,Centre,59
<_io.BytesIO object at 0x000001DC180DC720>,0.7625839710235596,0.16759321093559265,0.23854143917560577,489800,5,3,True,Right,Back,Left,Centre,59
<_io.BytesIO object at 0x000001DC180DC090>,0.7000222206115723,0.09172624349594116,0.17182548344135284,489800,5,3,True,Right,Back,Left,Centre,59
<_io.BytesIO object at 0x000001DC180BF220>,0.7324469089508057,0.07667198777198792,0.24285158514976501,489800,5,3,True,Right,Back,Left,Centre,59
<_io.BytesIO object at 0x000001DC180BFEA0>,0.7015130519866943,0.14043469727039337,0.17944929003715515,489800,5,3,True,Right,Back,Left,Centre,59
<_io.BytesIO object at 0x000001DC180BFC20>,0.7305946350097656,0.1569245606660843,0.1624084711074829,489800,5,3,True,Right,Back,Left,Centre,59
<_io.BytesIO object at 0x000001DC1821BE00>,0.7625839710235596,0.16759321093559265,0.23854143917560577,489801,5,3,True,Right,Back,Left,Centre,59
<_io.BytesIO object at 0x000001DC1821B2C0>,0.7000222206115723,0.09172624349594116,0.17182548344135284,489801,5,3,True,Right,Back,Left,Centre,59
<_io.BytesIO object at 0x000001DC1821BD60>,0.7324469089508057,0.07667198777198792,0.24285158514976501,489801,5,3,True,Right,Back,Left,Centre,59
<_io.BytesIO object at 0x000001DC15398680>,0.7015130519866943,0.14043469727039337,0.17944929003715515,489801,5,3,True,Right,Back,Left,Centre,59
<_io.BytesIO object at 0x000001DC15398400>,0.7305946350097656,0.1569245606660843,0.1624084711074829,489801,5,3,True,Right,Back,Left,Centre,59
<_io.BytesIO object at 0x000001DC1823E310>,0.7625839710235596,0.16759321093559265,0.23854143917560577,489802,5,3,True,Right,Back,Left,Centre,59
<_io.BytesIO object at 0x000001DC1823EF40>,0.7000222206115723,0.09172624349594116,0.17182548344135284,489802,5,3,True,Right,Back,Left,Centre,59
<_io.BytesIO object at 0x000001DC1823E680>,0.7324469089508057,0.07667198777198792,0.24285158514976501,489802,5,3,True,Right,Back,Left,Centre,59
<_io.BytesIO object at 0x000001DC1823E6D0>,0.7015130519866943,0.14043469727039337,0.17944929003715515,489802,5,3,True,Right,Back,Left,Centre,59
<_io.BytesIO object at 0x000001DC1823EA90>,0.7305946350097656,0.1569245606660843,0.1624084711074829,489802,5,3,True,Right,Back,Left,Centre,59
<_io.BytesIO object at 0x000001DC7FF650E0>,0.7625839710235596,0.16759321093559265,0.23854143917560577,489803,5,3,True,Right,Back,Left,Centre,59
<_io.BytesIO object at 0x000001DC7FF65360>,0.7000222206115723,0.09172624349594116,0.17182548344135284,489803,5,3,True,Right,Back,Left,Centre,59
<_io.BytesIO object at 0x000001DC18215720>,0.7324469089508057,0.07667198777198792,0.24285158514976501,489803,5,3,True,Right,Back,Left,Centre,59
<_io.BytesIO object at 0x000001DC18215D10>,0.7015130519866943,0.14043469727039337,0.17944929003715515,489803,5,3,True,Right,Back,Left,Centre,59
<_io.BytesIO object at 0x000001DC18215F40>,0.7305946350097656,0.1569245606660843,0.1624084711074829,489803,5,3,True,Right,Back,Left,Centre,59
<_io.BytesIO object at 0x000001DC18121630>,0.7625839710235596,0.16759321093559265,0.23854143917560577,489804,5,3,True,Right,Back,Left,Centre,59
<_io.BytesIO object at 0x000001DC1823B4A0>,0.7000222206115723,0.09172624349594116,0.17182548344135284,489804,5,3,True,Right,Back,Left,Centre,59
<_io.BytesIO object at 0x000001DC1823BE50>,0.7324469089508057,0.07667198777198792,0.24285158514976501,489804,5,3,True,Right,Back,Left,Centre,59
<_io.BytesIO object at 0x000001DC1823B1D0>,0.7015130519866943,0.14043469727039337,0.17944929003715515,489804,5,3,True,Right,Back,Left,Centre,59
<_io.BytesIO object at 0x000001DC1823B130>,0.7305946350097656,0.1569245606660843,0.1624084711074829,489804,5,3,True,Right,Back,Left,Centre,59
<_io.BytesIO object at 0x000001DC1823BD60>,0.7625839710235596,0.16759321093559265,0.23854143917560577,489805,5,3,True,Right,Back,Left,Centre,59
<_io.BytesIO object at 0x000001DC1823B360>,0.7000222206115723,0.09172624349594116,0.17182548344135284,489805,5,3,True,Right,Back,Left,Centre,59
<_io.BytesIO object at 0x000001DC1823B4A0>,0.7324469089508057,0.07667198777198792,0.24285158514976501,489805,5,3,True,Right,Back,Left,Centre,59
<_io.BytesIO object at 0x000001DC18121360>,0.7015130519866943,0.14043469727039337,0.17944929003715515,489805,5,3,True,Right,Back,Left,Centre,59
<_io.BytesIO object at 0x000001DC18121F90>,0.7305946350097656,0.1569245606660843,0.1624084711074829,489805,5,3,True,Right,Back,Left,Centre,59
<_io.BytesIO object at 0x000001DC18215E50>,0.7625839710235596,0.16759321093559265,0.23854143917560577,489806,5,3,True,Right,Back,Left,Centre,59
<_io.BytesIO object at 0x000001DC18215B30>,0.7000222206115723,0.09172624349594116,0.17182548344135284,489806,5,3,True,Right,Back,Left,Centre,59
<_io.BytesIO object at 0x000001DC7FF65360>,0.7324469089508057,0.07667198777198792,0.24285158514976501,489806,5,3,True,Right,Back,Left,Centre,59
<_io.BytesIO object at 0x000001DC7FF65810>,0.7015130519866943,0.14043469727039337,0.17944929003715515,489806,5,3,True,Right,Back,Left,Centre,59
<_io.BytesIO object at 0x000001DC180C5B30>,0.7305946350097656,0.1569245606660843,0.1624084711074829,489806,5,3,True,Right,Back,Left,Centre,59
<_io.BytesIO object at 0x000001DC1823E8B0>,0.7625839710235596,0.16759321093559265,0.23854143917560577,489807,5,3,True,Right,Back,Left,Centre,59
<_io.BytesIO object at 0x000001DC1823E590>,0.7000222206115723,0.09172624349594116,0.17182548344135284,489807,5,3,True,Right,Back,Left,Centre,59
<_io.BytesIO object at 0x000001DC1823E400>,0.7324469089508057,0.07667198777198792,0.24285158514976501,489807,5,3,True,Right,Back,Left,Centre,59
<_io.BytesIO object at 0x000001DC1823E310>,0.7015130519866943,0.14043469727039337,0.17944929003715515,489807,5,3,True,Right,Back,Left,Centre,59
<_io.BytesIO object at 0x000001DC1823EE50>,0.7305946350097656,0.1569245606660843,0.1624084711074829,489807,5,3,True,Right,Back,Left,Centre,59
<_io.BytesIO object at 0x000001DC15398680>,0.7625839710235596,0.16759321093559265,0.23854143917560577,489808,5,3,True,Right,Back,Left,Centre,59
<_io.BytesIO object at 0x000001DC1821B040>,0.7000222206115723,0.09172624349594116,0.17182548344135284,489808,5,3,True,Right,Back,Left,Centre,59
<_io.BytesIO object at 0x000001DC1821B2C0>,0.7324469089508057,0.07667198777198792,0.24285158514976501,489808,5,3,True,Right,Back,Left,Centre,59
<_io.BytesIO object at 0x000001DC1821BA40>,0.7015130519866943,0.14043469727039337,0.17944929003715515,489808,5,3,True,Right,Back,Left,Centre,59
<_io.BytesIO object at 0x000001DC1821B9A0>,0.7305946350097656,0.1569245606660843,0.1624084711074829,489808,5,3,True,Right,Back,Left,Centre,59
<_io.BytesIO object at 0x000001DC180BFBD0>,0.7625839710235596,0.16759321093559265,0.23854143917560577,489809,5,3,True,Right,Back,Left,Centre,59
<_io.BytesIO object at 0x000001DC180BFA90>,0.7000222206115723,0.09172624349594116,0.17182548344135284,489809,5,3,True,Right,Back,Left,Centre,59
<_io.BytesIO object at 0x000001DC180DC1D0>,0.7324469089508057,0.07667198777198792,0.24285158514976501,489809,5,3,True,Right,Back,Left,Centre,59
<_io.BytesIO object at 0x000001DC180DC720>,0.7015130519866943,0.14043469727039337,0.17944929003715515,489809,5,3,True,Right,Back,Left,Centre,59
<_io.BytesIO object at 0x000001DC180DC630>,0.7305946350097656,0.1569245606660843,0.1624084711074829,489809,5,3,True,Right,Back,Left,Centre,59
<_io.BytesIO object at 0x000001DC180A33B0>,0.7625839710235596,0.16759321093559265,0.23854143917560577,489810,5,3,True,Right,Back,Left,Centre,59
<_io.BytesIO object at 0x000001DC180A3F40>,0.7000222206115723,0.09172624349594116,0.17182548344135284,489810,5,3,True,Right,Back,Left,Centre,59
<_io.BytesIO object at 0x000001DC180A38B0>,0.7324469089508057,0.07667198777198792,0.24285158514976501,489810,5,3,True,Right,Back,Left,Centre,59
<_io.BytesIO object at 0x000001DC180A3810>,0.7015130519866943,0.14043469727039337,0.17944929003715515,489810,5,3,True,Right,Back,Left,Centre,59
<_io.BytesIO object at 0x000001DC180A3A90>,0.7305946350097656,0.1569245606660843,0.1624084711074829,489810,5,3,True,Right,Back,Left,Centre,59
<_io.BytesIO object at 0x000001DC18309270>,0.7625839710235596,0.16759321093559265,0.23854143917560577,489811,5,3,True,Right,Back,Left,Centre,59
<_io.BytesIO object at 0x000001DC18309BD0>,0.7000222206115723,0.09172624349594116,0.17182548344135284,489811,5,3,True,Right,Back,Left,Centre,59
<_io.BytesIO object at 0x000001DC18309A90>,0.7324469089508057,0.07667198777198792,0.24285158514976501,489811,5,3,True,Right,Back,Left,Centre,59
<_io.BytesIO object at 0x000001DC18309130>,0.7015130519866943,0.14043469727039337,0.17944929003715515,489811,5,3,True,Right,Back,Left,Centre,59
<_io.BytesIO object at 0x000001DC18309310>,0.7305946350097656,0.1569245606660843,0.1624084711074829,489811,5,3,True,Right,Back,Left,Centre,59
<_io.BytesIO object at 0x000001DC1820CDB0>,0.7625839710235596,0.16759321093559265,0.23854143917560577,489812,5,3,True,Right,Back,Left,Centre,59
<_io.BytesIO object at 0x000001DC1820C090>,0.7000222206115723,0.09172624349594116,0.17182548344135284,489812,5,3,True,Right,Back,Left,Centre,59
<_io.BytesIO object at 0x000001DC1820C310>,0.7324469089508057,0.07667198777198792,0.24285158514976501,489812,5,3,True,Right,Back,Left,Centre,59
<_io.BytesIO object at 0x000001DC1820C630>,0.7015130519866943,0.14043469727039337,0.17944929003715515,489812,5,3,True,Right,Back,Left,Centre,59
<_io.BytesIO object at 0x000001DC1820C770>,0.7305946350097656,0.1569245606660843,0.1624084711074829,489812,5,3,True,Right,Back,Left,Centre,59
<_io.BytesIO object at 0x000001DC180C5180>,0.7625839710235596,0.16759321093559265,0.23854143917560577,489813,5,3,True,Right,Back,Left,Centre,59
<_io.BytesIO object at 0x000001DC180C5810>,0.7000222206115723,0.09172624349594116,0.17182548344135284,489813,5,3,True,Right,Back,Left,Centre,59
<_io.BytesIO object at 0x000001DC180C53B0>,0.7324469089508057,0.07667198777198792,0.24285158514976501,489813,5,3,True,Right,Back,Left,Centre,59
<_io.BytesIO object at 0x000001DC180C58B0>,0.7015130519866943,0.14043469727039337,0.17944929003715515,489813,5,3,True,Right,Back,Left,Centre,59
<_io.BytesIO object at 0x000001DC180C5630>,0.7305946350097656,0.1569245606660843,0.1624084711074829,489813,5,3,True,Right,Back,Left,Centre,59
<_io.BytesIO object at 0x000001DC18121AE0>,0.7625839710235596,0.16759321093559265,0.23854143917560577,489814,5,3,True,Right,Back,Left,Centre,59
<_io.BytesIO object at 0x000001DC181214F0>,0.7000222206115723,0.09172624349594116,0.17182548344135284,489814,5,3,True,Right,Back,Left,Centre,59
<_io.BytesIO object at 0x000001DC18121DB0>,0.7324469089508057,0.07667198777198792,0.24285158514976501,489814,5,3,True,Right,Back,Left,Centre,59
<_io.BytesIO object at 0x000001DC18121180>,0.7015130519866943,0.14043469727039337,0.17944929003715515,489814,5,3,True,Right,Back,Left,Centre,59
<_io.BytesIO object at 0x000001DC18121C20>,0.7305946350097656,0.1569245606660843,0.1624084711074829,489814,5,3,True,Right,Back,Left,Centre,59
<_io.BytesIO object at 0x000001DC18217F90>,0.7625839710235596,0.16759321093559265,0.23854143917560577,489815,5,3,True,Right,Back,Left,Centre,59
<_io.BytesIO object at 0x000001DC18217040>,0.7000222206115723,0.09172624349594116,0.17182548344135284,489815,5,3,True,Right,Back,Left,Centre,59
<_io.BytesIO object at 0x000001DC1823BD10>,0.7324469089508057,0.07667198777198792,0.24285158514976501,489815,5,3,True,Right,Back,Left,Centre,59
<_io.BytesIO object at 0x000001DC1823B4F0>,0.7015130519866943,0.14043469727039337,0.17944929003715515,489815,5,3,True,Right,Back,Left,Centre,59
<_io.BytesIO object at 0x000001DC1823B900>,0.7305946350097656,0.1569245606660843,0.1624084711074829,489815,5,3,True,Right,Back,Left,Centre,59
<_io.BytesIO object at 0x000001DC18203CC0>,0.7625839710235596,0.16759321093559265,0.23854143917560577,489816,5,3,True,Right,Back,Left,Centre,59
<_io.BytesIO object at 0x000001DC18203130>,0.7000222206115723,0.09172624349594116,0.17182548344135284,489816,5,3,True,Right,Back,Left,Centre,59
<_io.BytesIO object at 0x000001DC182159F0>,0.7324469089508057,0.07667198777198792,0.24285158514976501,489816,5,3,True,Right,Back,Left,Centre,59
<_io.BytesIO object at 0x000001DC18215B80>,0.7015130519866943,0.14043469727039337,0.17944929003715515,489816,5,3,True,Right,Back,Left,Centre,59
<_io.BytesIO object at 0x000001DC18215E50>,0.7305946350097656,0.1569245606660843,0.1624084711074829,489816,5,3,True,Right,Back,Left,Centre,59
<_io.BytesIO object at 0x000001DC1820A270>,0.7625839710235596,0.16759321093559265,0.23854143917560577,489817,5,3,True,Right,Back,Left,Centre,59
<_io.BytesIO object at 0x000001DC7FF57B80>,0.7000222206115723,0.09172624349594116,0.17182548344135284,489817,5,3,True,Right,Back,Left,Centre,59
<_io.BytesIO object at 0x000001DC1823E9F0>,0.7324469089508057,0.07667198777198792,0.24285158514976501,489817,5,3,True,Right,Back,Left,Centre,59
<_io.BytesIO object at 0x000001DC1823E220>,0.7015130519866943,0.14043469727039337,0.17944929003715515,489817,5,3,True,Right,Back,Left,Centre,59
<_io.BytesIO object at 0x000001DC1823E590>,0.7305946350097656,0.1569245606660843,0.1624084711074829,489817,5,3,True,Right,Back,Left,Centre,59
<_io.BytesIO object at 0x000001DC1821B4F0>,0.7625839710235596,0.16759321093559265,0.23854143917560577,489818,5,3,True,Right,Back,Left,Centre,59
<_io.BytesIO object at 0x000001DC1821B7C0>,0.7000222206115723,0.09172624349594116,0.17182548344135284,489818,5,3,True,Right,Back,Left,Centre,59
<_io.BytesIO object at 0x000001DC1820C540>,0.7324469089508057,0.07667198777198792,0.24285158514976501,489818,5,3,True,Right,Back,Left,Centre,59
<_io.BytesIO object at 0x000001DC1820C900>,0.7015130519866943,0.14043469727039337,0.17944929003715515,489818,5,3,True,Right,Back,Left,Centre,59
<_io.BytesIO object at 0x000001DC1820C680>,0.7305946350097656,0.1569245606660843,0.1624084711074829,489818,5,3,True,Right,Back,Left,Centre,59
<_io.BytesIO object at 0x000001DC180BF2C0>,0.7625839710235596,0.16759321093559265,0.23854143917560577,489819,5,3,True,Right,Back,Left,Centre,59
<_io.BytesIO object at 0x000001DC180BF1D0>,0.7000222206115723,0.09172624349594116,0.17182548344135284,489819,5,3,True,Right,Back,Left,Centre,59
<_io.BytesIO object at 0x000001DC180BF630>,0.7324469089508057,0.07667198777198792,0.24285158514976501,489819,5,3,True,Right,Back,Left,Centre,59
<_io.BytesIO object at 0x000001DC180DC540>,0.7015130519866943,0.14043469727039337,0.17944929003715515,489819,5,3,True,Right,Back,Left,Centre,59
<_io.BytesIO object at 0x000001DC180DC180>,0.7305946350097656,0.1569245606660843,0.1624084711074829,489819,5,3,True,Right,Back,Left,Centre,59
<_io.BytesIO object at 0x000001DC180BF540>,0.7625839710235596,0.16759321093559265,0.23854143917560577,489820,5,3,True,Right,Back,Left,Centre,59
<_io.BytesIO object at 0x000001DC180BF360>,0.7000222206115723,0.09172624349594116,0.17182548344135284,489820,5,3,True,Right,Back,Left,Centre,59
<_io.BytesIO object at 0x000001DC180BFEF0>,0.7324469089508057,0.07667198777198792,0.24285158514976501,489820,5,3,True,Right,Back,Left,Centre,59
<_io.BytesIO object at 0x000001DC180BF090>,0.7015130519866943,0.14043469727039337,0.17944929003715515,489820,5,3,True,Right,Back,Left,Centre,59
<_io.BytesIO object at 0x000001DC183099A0>,0.7305946350097656,0.1569245606660843,0.1624084711074829,489820,5,3,True,Right,Back,Left,Centre,59
<_io.BytesIO object at 0x000001DC1821B0E0>,0.7625839710235596,0.16759321093559265,0.23854143917560577,489821,5,3,True,Right,Back,Left,Centre,59
<_io.BytesIO object at 0x000001DC1821B360>,0.7000222206115723,0.09172624349594116,0.17182548344135284,489821,5,3,True,Right,Back,Left,Centre,59
<_io.BytesIO object at 0x000001DC1821BD60>,0.7324469089508057,0.07667198777198792,0.24285158514976501,489821,5,3,True,Right,Back,Left,Centre,59
<_io.BytesIO object at 0x000001DC15398EF0>,0.7015130519866943,0.14043469727039337,0.17944929003715515,489821,5,3,True,Right,Back,Left,Centre,59
<_io.BytesIO object at 0x000001DC15398D10>,0.7305946350097656,0.1569245606660843,0.1624084711074829,489821,5,3,True,Right,Back,Left,Centre,59
<_io.BytesIO object at 0x000001DC1820A4A0>,0.7625839710235596,0.16759321093559265,0.23854143917560577,489822,5,3,True,Right,Back,Left,Centre,59
<_io.BytesIO object at 0x000001DC1820A180>,0.7000222206115723,0.09172624349594116,0.17182548344135284,489822,5,3,True,Right,Back,Left,Centre,59
<_io.BytesIO object at 0x000001DC1820A9A0>,0.7324469089508057,0.07667198777198792,0.24285158514976501,489822,5,3,True,Right,Back,Left,Centre,59
<_io.BytesIO object at 0x000001DC1820A720>,0.7015130519866943,0.14043469727039337,0.17944929003715515,489822,5,3,True,Right,Back,Left,Centre,59
<_io.BytesIO object at 0x000001DC1820A590>,0.7305946350097656,0.1569245606660843,0.1624084711074829,489822,5,3,True,Right,Back,Left,Centre,59
<_io.BytesIO object at 0x000001DC18203F90>,0.7625839710235596,0.16759321093559265,0.23854143917560577,489823,5,3,True,Right,Back,Left,Centre,59
<_io.BytesIO object at 0x000001DC182034A0>,0.7000222206115723,0.09172624349594116,0.17182548344135284,489823,5,3,True,Right,Back,Left,Centre,59
<_io.BytesIO object at 0x000001DC18203270>,0.7324469089508057,0.07667198777198792,0.24285158514976501,489823,5,3,True,Right,Back,Left,Centre,59
<_io.BytesIO object at 0x000001DC182032C0>,0.7015130519866943,0.14043469727039337,0.17944929003715515,489823,5,3,True,Right,Back,Left,Centre,59
<_io.BytesIO object at 0x000001DC18121770>,0.7305946350097656,0.1569245606660843,0.1624084711074829,489823,5,3,True,Right,Back,Left,Centre,59
<_io.BytesIO object at 0x000001DC18217720>,0.7625839710235596,0.16759321093559265,0.23854143917560577,489824,5,3,True,Right,Back,Left,Centre,59
<_io.BytesIO object at 0x000001DC18217900>,0.7000222206115723,0.09172624349594116,0.17182548344135284,489824,5,3,True,Right,Back,Left,Centre,59
<_io.BytesIO object at 0x000001DC180A3450>,0.7324469089508057,0.07667198777198792,0.24285158514976501,489824,5,3,True,Right,Back,Left,Centre,59
<_io.BytesIO object at 0x000001DC180A3CC0>,0.7015130519866943,0.14043469727039337,0.17944929003715515,489824,5,3,True,Right,Back,Left,Centre,59
<_io.BytesIO object at 0x000001DC180A3A90>,0.7305946350097656,0.1569245606660843,0.1624084711074829,489824,5,3,True,Right,Back,Left,Centre,59
<_io.BytesIO object at 0x000001DC1820AF40>,0.7625839710235596,0.16759321093559265,0.23854143917560577,489825,5,3,True,Right,Back,Left,Centre,59
<_io.BytesIO object at 0x000001DC1820A6D0>,0.7000222206115723,0.09172624349594116,0.17182548344135284,489825,5,3,True,Right,Back,Left,Centre,59
<_io.BytesIO object at 0x000001DC1820AD60>,0.7324469089508057,0.07667198777198792,0.24285158514976501,489825,5,3,True,Right,Back,Left,Centre,59
<_io.BytesIO object at 0x000001DC1820AEF0>,0.7015130519866943,0.14043469727039337,0.17944929003715515,489825,5,3,True,Right,Back,Left,Centre,59
<_io.BytesIO object at 0x000001DC1820AAE0>,0.7305946350097656,0.1569245606660843,0.1624084711074829,489825,5,3,True,Right,Back,Left,Centre,59
<_io.BytesIO object at 0x000001DC180DCF90>,0.7625839710235596,0.16759321093559265,0.23854143917560577,489826,5,3,True,Right,Back,Left,Centre,59
<_io.BytesIO object at 0x000001DC180DC360>,0.7000222206115723,0.09172624349594116,0.17182548344135284,489826,5,3,True,Right,Back,Left,Centre,59
<_io.BytesIO object at 0x000001DC180DC9A0>,0.7324469089508057,0.07667198777198792,0.24285158514976501,489826,5,3,True,Right,Back,Left,Centre,59
<_io.BytesIO object at 0x000001DC180DC180>,0.7015130519866943,0.14043469727039337,0.17944929003715515,489826,5,3,True,Right,Back,Left,Centre,59
<_io.BytesIO object at 0x000001DC180DC630>,0.7305946350097656,0.1569245606660843,0.1624084711074829,489826,5,3,True,Right,Back,Left,Centre,59
<_io.BytesIO object at 0x000001DC1823EB80>,0.7625839710235596,0.16759321093559265,0.23854143917560577,489827,5,3,True,Right,Back,Left,Centre,59
<_io.BytesIO object at 0x000001DC1820C900>,0.7000222206115723,0.09172624349594116,0.17182548344135284,489827,5,3,True,Right,Back,Left,Centre,59
<_io.BytesIO object at 0x000001DC1820C540>,0.7324469089508057,0.07667198777198792,0.24285158514976501,489827,5,3,True,Right,Back,Left,Centre,59
<_io.BytesIO object at 0x000001DC1820C0E0>,0.7015130519866943,0.14043469727039337,0.17944929003715515,489827,5,3,True,Right,Back,Left,Centre,59
<_io.BytesIO object at 0x000001DC1820C450>,0.7305946350097656,0.1569245606660843,0.1624084711074829,489827,5,3,True,Right,Back,Left,Centre,59
<_io.BytesIO object at 0x000001DC1821B7C0>,0.7625839710235596,0.16759321093559265,0.23854143917560577,489828,5,3,True,Right,Back,Left,Centre,59
<_io.BytesIO object at 0x000001DC1823B630>,0.7000222206115723,0.09172624349594116,0.17182548344135284,489828,5,3,True,Right,Back,Left,Centre,59
<_io.BytesIO object at 0x000001DC1823B450>,0.7324469089508057,0.07667198777198792,0.24285158514976501,489828,5,3,True,Right,Back,Left,Centre,59
<_io.BytesIO object at 0x000001DC1823B7C0>,0.7015130519866943,0.14043469727039337,0.17944929003715515,489828,5,3,True,Right,Back,Left,Centre,59
<_io.BytesIO object at 0x000001DC1823B360>,0.7305946350097656,0.1569245606660843,0.1624084711074829,489828,5,3,True,Right,Back,Left,Centre,59
<_io.BytesIO object at 0x000001DC18309360>,0.7625839710235596,0.16759321093559265,0.23854143917560577,489829,5,3,True,Right,Back,Left,Centre,59
<_io.BytesIO object at 0x000001DC18217EF0>,0.7000222206115723,0.09172624349594116,0.17182548344135284,489829,5,3,True,Right,Back,Left,Centre,59
<_io.BytesIO object at 0x000001DC18217720>,0.7324469089508057,0.07667198777198792,0.24285158514976501,489829,5,3,True,Right,Back,Left,Centre,59
<_io.BytesIO object at 0x000001DC182179A0>,0.7015130519866943,0.14043469727039337,0.17944929003715515,489829,5,3,True,Right,Back,Left,Centre,59
<_io.BytesIO object at 0x000001DC18217220>,0.7305946350097656,0.1569245606660843,0.1624084711074829,489829,5,3,True,Right,Back,Left,Centre,59
<_io.BytesIO object at 0x000001DC1821B9A0>,0.7625839710235596,0.16759321093559265,0.23854143917560577,489830,5,3,True,Right,Back,Left,Centre,59
<_io.BytesIO object at 0x000001DC1821B0E0>,0.7000222206115723,0.09172624349594116,0.17182548344135284,489830,5,3,True,Right,Back,Left,Centre,59
<_io.BytesIO object at 0x000001DC1821B040>,0.7324469089508057,0.07667198777198792,0.24285158514976501,489830,5,3,True,Right,Back,Left,Centre,59
<_io.BytesIO object at 0x000001DC1821BF90>,0.7015130519866943,0.14043469727039337,0.17944929003715515,489830,5,3,True,Right,Back,Left,Centre,59
<_io.BytesIO object at 0x000001DC180BF5E0>,0.7305946350097656,0.1569245606660843,0.1624084711074829,489830,5,3,True,Right,Back,Left,Centre,59
<_io.BytesIO object at 0x000001DC1823EE00>,0.7625839710235596,0.16759321093559265,0.23854143917560577,489831,5,3,True,Right,Back,Left,Centre,59
<_io.BytesIO object at 0x000001DC1823E2C0>,0.7000222206115723,0.09172624349594116,0.17182548344135284,489831,5,3,True,Right,Back,Left,Centre,59
<_io.BytesIO object at 0x000001DC1823E590>,0.7324469089508057,0.07667198777198792,0.24285158514976501,489831,5,3,True,Right,Back,Left,Centre,59
<_io.BytesIO object at 0x000001DC1823E9F0>,0.7015130519866943,0.14043469727039337,0.17944929003715515,489831,5,3,True,Right,Back,Left,Centre,59
<_io.BytesIO object at 0x000001DC1823EEA0>,0.7305946350097656,0.1569245606660843,0.1624084711074829,489831,5,3,True,Right,Back,Left,Centre,59
<_io.BytesIO object at 0x000001DC180C5CC0>,0.7625839710235596,0.16759321093559265,0.23854143917560577,489832,5,3,True,Right,Back,Left,Centre,59
<_io.BytesIO object at 0x000001DC180C52C0>,0.7000222206115723,0.09172624349594116,0.17182548344135284,489832,5,3,True,Right,Back,Left,Centre,59
<_io.BytesIO object at 0x000001DC180C5F40>,0.7324469089508057,0.07667198777198792,0.24285158514976501,489832,5,3,True,Right,Back,Left,Centre,59
<_io.BytesIO object at 0x000001DC180C56D0>,0.7015130519866943,0.14043469727039337,0.17944929003715515,489832,5,3,True,Right,Back,Left,Centre,59
<_io.BytesIO object at 0x000001DC180C5770>,0.7305946350097656,0.1569245606660843,0.1624084711074829,489832,5,3,True,Right,Back,Left,Centre,59
<_io.BytesIO object at 0x000001DC1823BC70>,0.7625839710235596,0.16759321093559265,0.23854143917560577,489833,5,3,True,Right,Back,Left,Centre,59
<_io.BytesIO object at 0x000001DC1823B2C0>,0.7000222206115723,0.09172624349594116,0.17182548344135284,489833,5,3,True,Right,Back,Left,Centre,59
<_io.BytesIO object at 0x000001DC1823BE50>,0.7324469089508057,0.07667198777198792,0.24285158514976501,489833,5,3,True,Right,Back,Left,Centre,59
<_io.BytesIO object at 0x000001DC1823B720>,0.7015130519866943,0.14043469727039337,0.17944929003715515,489833,5,3,True,Right,Back,Left,Centre,59
<_io.BytesIO object at 0x000001DC1823B630>,0.7305946350097656,0.1569245606660843,0.1624084711074829,489833,5,3,True,Right,Back,Left,Centre,59
<_io.BytesIO object at 0x000001DC18217590>,0.7625839710235596,0.16759321093559265,0.23854143917560577,489834,5,3,True,Right,Back,Left,Centre,59
<_io.BytesIO object at 0x000001DC18217B30>,0.7000222206115723,0.09172624349594116,0.17182548344135284,489834,5,3,True,Right,Back,Left,Centre,59
<_io.BytesIO object at 0x000001DC182171D0>,0.7324469089508057,0.07667198777198792,0.24285158514976501,489834,5,3,True,Right,Back,Left,Centre,59
<_io.BytesIO object at 0x000001DC18217EA0>,0.7015130519866943,0.14043469727039337,0.17944929003715515,489834,5,3,True,Right,Back,Left,Centre,59
<_io.BytesIO object at 0x000001DC18217AE0>,0.7305946350097656,0.1569245606660843,0.1624084711074829,489834,5,3,True,Right,Back,Left,Centre,59
<_io.BytesIO object at 0x000001DC18215E00>,0.7625839710235596,0.16759321093559265,0.23854143917560577,489835,5,3,True,Right,Back,Left,Centre,59
<_io.BytesIO object at 0x000001DC1823B400>,0.7000222206115723,0.09172624349594116,0.17182548344135284,489835,5,3,True,Right,Back,Left,Centre,59
<_io.BytesIO object at 0x000001DC1823B3B0>,0.7324469089508057,0.07667198777198792,0.24285158514976501,489835,5,3,True,Right,Back,Left,Centre,59
<_io.BytesIO object at 0x000001DC1823BB30>,0.7015130519866943,0.14043469727039337,0.17944929003715515,489835,5,3,True,Right,Back,Left,Centre,59
<_io.BytesIO object at 0x000001DC1823B2C0>,0.7305946350097656,0.1569245606660843,0.1624084711074829,489835,5,3,True,Right,Back,Left,Centre,59
<_io.BytesIO object at 0x000001DC15398720>,0.7625839710235596,0.16759321093559265,0.23854143917560577,489836,5,3,True,Right,Back,Left,Centre,59
<_io.BytesIO object at 0x000001DC180C5540>,0.7000222206115723,0.09172624349594116,0.17182548344135284,489836,5,3,True,Right,Back,Left,Centre,59
<_io.BytesIO object at 0x000001DC180C5A40>,0.7324469089508057,0.07667198777198792,0.24285158514976501,489836,5,3,True,Right,Back,Left,Centre,59
<_io.BytesIO object at 0x000001DC180C5EA0>,0.7015130519866943,0.14043469727039337,0.17944929003715515,489836,5,3,True,Right,Back,Left,Centre,59
<_io.BytesIO object at 0x000001DC180C5720>,0.7305946350097656,0.1569245606660843,0.1624084711074829,489836,5,3,True,Right,Back,Left,Centre,59
<_io.BytesIO object at 0x000001DC1823E2C0>,0.7625839710235596,0.16759321093559265,0.23854143917560577,489837,5,3,True,Right,Back,Left,Centre,59
<_io.BytesIO object at 0x000001DC1823EB30>,0.7000222206115723,0.09172624349594116,0.17182548344135284,489837,5,3,True,Right,Back,Left,Centre,59
<_io.BytesIO object at 0x000001DC1823E450>,0.7324469089508057,0.07667198777198792,0.24285158514976501,489837,5,3,True,Right,Back,Left,Centre,59
<_io.BytesIO object at 0x000001DC1823E130>,0.7015130519866943,0.14043469727039337,0.17944929003715515,489837,5,3,True,Right,Back,Left,Centre,59
<_io.BytesIO object at 0x000001DC1820C680>,0.7305946350097656,0.1569245606660843,0.1624084711074829,489837,5,3,True,Right,Back,Left,Centre,59
<_io.BytesIO object at 0x000001DC7FF657C0>,0.7625839710235596,0.16759321093559265,0.23854143917560577,489838,5,3,True,Right,Back,Left,Centre,59
<_io.BytesIO object at 0x000001DC180A34F0>,0.7000222206115723,0.09172624349594116,0.17182548344135284,489838,5,3,True,Right,Back,Left,Centre,59
<_io.BytesIO object at 0x000001DC180A33B0>,0.7324469089508057,0.07667198777198792,0.24285158514976501,489838,5,3,True,Right,Back,Left,Centre,59
<_io.BytesIO object at 0x000001DC180A3130>,0.7015130519866943,0.14043469727039337,0.17944929003715515,489838,5,3,True,Right,Back,Left,Centre,59
<_io.BytesIO object at 0x000001DC180A3360>,0.7305946350097656,0.1569245606660843,0.1624084711074829,489838,5,3,True,Right,Back,Left,Centre,59
<_io.BytesIO object at 0x000001DC18121220>,0.7625839710235596,0.16759321093559265,0.23854143917560577,489839,5,3,True,Right,Back,Left,Centre,59
<_io.BytesIO object at 0x000001DC18121B80>,0.7000222206115723,0.09172624349594116,0.17182548344135284,489839,5,3,True,Right,Back,Left,Centre,59
<_io.BytesIO object at 0x000001DC183094F0>,0.7324469089508057,0.07667198777198792,0.24285158514976501,489839,5,3,True,Right,Back,Left,Centre,59
<_io.BytesIO object at 0x000001DC18309EF0>,0.7015130519866943,0.14043469727039337,0.17944929003715515,489839,5,3,True,Right,Back,Left,Centre,59
<_io.BytesIO object at 0x000001DC18309040>,0.7305946350097656,0.1569245606660843,0.1624084711074829,489839,5,3,True,Right,Back,Left,Centre,59
<_io.BytesIO object at 0x000001DC18213D60>,0.7625839710235596,0.16759321093559265,0.23854143917560577,489840,5,3,True,Right,Back,Left,Centre,59
<_io.BytesIO object at 0x000001DC18213B30>,0.7000222206115723,0.09172624349594116,0.17182548344135284,489840,5,3,True,Right,Back,Left,Centre,59
<_io.BytesIO object at 0x000001DC183090E0>,0.7324469089508057,0.07667198777198792,0.24285158514976501,489840,5,3,True,Right,Back,Left,Centre,59
<_io.BytesIO object at 0x000001DC18309680>,0.7015130519866943,0.14043469727039337,0.17944929003715515,489840,5,3,True,Right,Back,Left,Centre,59
<_io.BytesIO object at 0x000001DC18309810>,0.7305946350097656,0.1569245606660843,0.1624084711074829,489840,5,3,True,Right,Back,Left,Centre,59
<_io.BytesIO object at 0x000001DC1821B220>,0.7625839710235596,0.16759321093559265,0.23854143917560577,489841,5,3,True,Right,Back,Left,Centre,59
<_io.BytesIO object at 0x000001DC1821BF90>,0.7000222206115723,0.09172624349594116,0.17182548344135284,489841,5,3,True,Right,Back,Left,Centre,59
<_io.BytesIO object at 0x000001DC180A3EF0>,0.7324469089508057,0.07667198777198792,0.24285158514976501,489841,5,3,True,Right,Back,Left,Centre,59
<_io.BytesIO object at 0x000001DC180A39F0>,0.7015130519866943,0.14043469727039337,0.17944929003715515,489841,5,3,True,Right,Back,Left,Centre,59
<_io.BytesIO object at 0x000001DC180A3C70>,0.7305946350097656,0.1569245606660843,0.1624084711074829,489841,5,3,True,Right,Back,Left,Centre,59
<_io.BytesIO object at 0x000001DC1820CC20>,0.7625839710235596,0.16759321093559265,0.23854143917560577,489842,5,3,True,Right,Back,Left,Centre,59
<_io.BytesIO object at 0x000001DC1820C2C0>,0.7000222206115723,0.09172624349594116,0.17182548344135284,489842,5,3,True,Right,Back,Left,Centre,59
<_io.BytesIO object at 0x000001DC1820C7C0>,0.7324469089508057,0.07667198777198792,0.24285158514976501,489842,5,3,True,Right,Back,Left,Centre,59
<_io.BytesIO object at 0x000001DC1820CEF0>,0.7015130519866943,0.14043469727039337,0.17944929003715515,489842,5,3,True,Right,Back,Left,Centre,59
<_io.BytesIO object at 0x000001DC1823EA90>,0.7305946350097656,0.1569245606660843,0.1624084711074829,489842,5,3,True,Right,Back,Left,Centre,59
<_io.BytesIO object at 0x000001DC180C5630>,0.7625839710235596,0.16759321093559265,0.23854143917560577,489843,5,3,True,Right,Back,Left,Centre,59
<_io.BytesIO object at 0x000001DC180C5180>,0.7000222206115723,0.09172624349594116,0.17182548344135284,489843,5,3,True,Right,Back,Left,Centre,59
<_io.BytesIO object at 0x000001DC180C5D10>,0.7324469089508057,0.07667198777198792,0.24285158514976501,489843,5,3,True,Right,Back,Left,Centre,59
<_io.BytesIO object at 0x000001DC180C5720>,0.7015130519866943,0.14043469727039337,0.17944929003715515,489843,5,3,True,Right,Back,Left,Centre,59
<_io.BytesIO object at 0x000001DC180C5E50>,0.7305946350097656,0.1569245606660843,0.1624084711074829,489843,5,3,True,Right,Back,Left,Centre,59
<_io.BytesIO object at 0x000001DC1823B860>,0.7625839710235596,0.16759321093559265,0.23854143917560577,489844,5,3,True,Right,Back,Left,Centre,59
<_io.BytesIO object at 0x000001DC1823B900>,0.7000222206115723,0.09172624349594116,0.17182548344135284,489844,5,3,True,Right,Back,Left,Centre,59
<_io.BytesIO object at 0x000001DC1823BDB0>,0.7324469089508057,0.07667198777198792,0.24285158514976501,489844,5,3,True,Right,Back,Left,Centre,59
<_io.BytesIO object at 0x000001DC1823BB30>,0.7015130519866943,0.14043469727039337,0.17944929003715515,489844,5,3,True,Right,Back,Left,Centre,59
<_io.BytesIO object at 0x000001DC1823B180>,0.7305946350097656,0.1569245606660843,0.1624084711074829,489844,5,3,True,Right,Back,Left,Centre,59
<_io.BytesIO object at 0x000001DC1820ADB0>,0.7625839710235596,0.16759321093559265,0.23854143917560577,489845,5,3,True,Right,Back,Left,Centre,59
<_io.BytesIO object at 0x000001DC1820A090>,0.7000222206115723,0.09172624349594116,0.17182548344135284,489845,5,3,True,Right,Back,Left,Centre,59
<_io.BytesIO object at 0x000001DC1820A900>,0.7324469089508057,0.07667198777198792,0.24285158514976501,489845,5,3,True,Right,Back,Left,Centre,59
<_io.BytesIO object at 0x000001DC1820A9F0>,0.7015130519866943,0.14043469727039337,0.17944929003715515,489845,5,3,True,Right,Back,Left,Centre,59
<_io.BytesIO object at 0x000001DC1820A8B0>,0.7305946350097656,0.1569245606660843,0.1624084711074829,489845,5,3,True,Right,Back,Left,Centre,59
<_io.BytesIO object at 0x000001DC180DC310>,0.7625839710235596,0.16759321093559265,0.23854143917560577,489846,5,3,True,Right,Back,Left,Centre,59
<_io.BytesIO object at 0x000001DC180DCF90>,0.7000222206115723,0.09172624349594116,0.17182548344135284,489846,5,3,True,Right,Back,Left,Centre,59
<_io.BytesIO object at 0x000001DC180DC7C0>,0.7324469089508057,0.07667198777198792,0.24285158514976501,489846,5,3,True,Right,Back,Left,Centre,59
<_io.BytesIO object at 0x000001DC180DCB30>,0.7015130519866943,0.14043469727039337,0.17944929003715515,489846,5,3,True,Right,Back,Left,Centre,59
<_io.BytesIO object at 0x000001DC180DCEA0>,0.7305946350097656,0.1569245606660843,0.1624084711074829,489846,5,3,True,Right,Back,Left,Centre,59
<_io.BytesIO object at 0x000001DC1820C5E0>,0.7625839710235596,0.16759321093559265,0.23854143917560577,489847,5,3,True,Right,Back,Left,Centre,59
<_io.BytesIO object at 0x000001DC180BFF90>,0.7000222206115723,0.09172624349594116,0.17182548344135284,489847,5,3,True,Right,Back,Left,Centre,59
<_io.BytesIO object at 0x000001DC180BF7C0>,0.7324469089508057,0.07667198777198792,0.24285158514976501,489847,5,3,True,Right,Back,Left,Centre,59
<_io.BytesIO object at 0x000001DC180BF540>,0.7015130519866943,0.14043469727039337,0.17944929003715515,489847,5,3,True,Right,Back,Left,Centre,59
<_io.BytesIO object at 0x000001DC180BFE00>,0.7305946350097656,0.1569245606660843,0.1624084711074829,489847,5,3,True,Right,Back,Left,Centre,59
<_io.BytesIO object at 0x000001DC1821B950>,0.7625839710235596,0.16759321093559265,0.23854143917560577,489848,5,3,True,Right,Back,Left,Centre,59
<_io.BytesIO object at 0x000001DC1821BBD0>,0.7000222206115723,0.09172624349594116,0.17182548344135284,489848,5,3,True,Right,Back,Left,Centre,59
<_io.BytesIO object at 0x000001DC18121DB0>,0.7324469089508057,0.07667198777198792,0.24285158514976501,489848,5,3,True,Right,Back,Left,Centre,59
<_io.BytesIO object at 0x000001DC181211D0>,0.7015130519866943,0.14043469727039337,0.17944929003715515,489848,5,3,True,Right,Back,Left,Centre,59
<_io.BytesIO object at 0x000001DC181215E0>,0.7305946350097656,0.1569245606660843,0.1624084711074829,489848,5,3,True,Right,Back,Left,Centre,59
<_io.BytesIO object at 0x000001DC182134F0>,0.7625839710235596,0.16759321093559265,0.23854143917560577,489849,5,3,True,Right,Back,Left,Centre,59
<_io.BytesIO object at 0x000001DC18213CC0>,0.7000222206115723,0.09172624349594116,0.17182548344135284,489849,5,3,True,Right,Back,Left,Centre,59
<_io.BytesIO object at 0x000001DC18213B80>,0.7324469089508057,0.07667198777198792,0.24285158514976501,489849,5,3,True,Right,Back,Left,Centre,59
<_io.BytesIO object at 0x000001DC18203CC0>,0.7015130519866943,0.14043469727039337,0.17944929003715515,489849,5,3,True,Right,Back,Left,Centre,59
<_io.BytesIO object at 0x000001DC18203950>,0.7305946350097656,0.1569245606660843,0.1624084711074829,489849,5,3,True,Right,Back,Left,Centre,59
<_io.BytesIO object at 0x000001DC18121B80>,0.7625839710235596,0.16759321093559265,0.23854143917560577,489850,5,3,True,Right,Back,Left,Centre,59
<_io.BytesIO object at 0x000001DC18121D10>,0.7000222206115723,0.09172624349594116,0.17182548344135284,489850,5,3,True,Right,Back,Left,Centre,59
<_io.BytesIO object at 0x000001DC18121BD0>,0.7324469089508057,0.07667198777198792,0.24285158514976501,489850,5,3,True,Right,Back,Left,Centre,59
<_io.BytesIO object at 0x000001DC18121310>,0.7015130519866943,0.14043469727039337,0.17944929003715515,489850,5,3,True,Right,Back,Left,Centre,59
<_io.BytesIO object at 0x000001DC181219F0>,0.7305946350097656,0.1569245606660843,0.1624084711074829,489850,5,3,True,Right,Back,Left,Centre,59
<_io.BytesIO object at 0x000001DC7FF65590>,0.7625839710235596,0.16759321093559265,0.23854143917560577,489851,5,3,True,Right,Back,Left,Centre,59
<_io.BytesIO object at 0x000001DC1820C5E0>,0.7000222206115723,0.09172624349594116,0.17182548344135284,489851,5,3,True,Right,Back,Left,Centre,59
<_io.BytesIO object at 0x000001DC1820C9F0>,0.7324469089508057,0.07667198777198792,0.24285158514976501,489851,5,3,True,Right,Back,Left,Centre,59
<_io.BytesIO object at 0x000001DC1820C0E0>,0.7015130519866943,0.14043469727039337,0.17944929003715515,489851,5,3,True,Right,Back,Left,Centre,59
<_io.BytesIO object at 0x000001DC1820C040>,0.7305946350097656,0.1569245606660843,0.1624084711074829,489851,5,3,True,Right,Back,Left,Centre,59
<_io.BytesIO object at 0x000001DC180DCD10>,0.7625839710235596,0.16759321093559265,0.23854143917560577,489852,5,3,True,Right,Back,Left,Centre,59
<_io.BytesIO object at 0x000001DC180DC310>,0.7000222206115723,0.09172624349594116,0.17182548344135284,489852,5,3,True,Right,Back,Left,Centre,59
<_io.BytesIO object at 0x000001DC180DC680>,0.7324469089508057,0.07667198777198792,0.24285158514976501,489852,5,3,True,Right,Back,Left,Centre,59
<_io.BytesIO object at 0x000001DC180C5540>,0.7015130519866943,0.14043469727039337,0.17944929003715515,489852,5,3,True,Right,Back,Left,Centre,59
<_io.BytesIO object at 0x000001DC180C5590>,0.7305946350097656,0.1569245606660843,0.1624084711074829,489852,5,3,True,Right,Back,Left,Centre,59
<_io.BytesIO object at 0x000001DC180BF220>,0.7625839710235596,0.16759321093559265,0.23854143917560577,489853,5,3,True,Right,Back,Left,Centre,59
<_io.BytesIO object at 0x000001DC180BFE00>,0.7000222206115723,0.09172624349594116,0.17182548344135284,489853,5,3,True,Right,Back,Left,Centre,59
<_io.BytesIO object at 0x000001DC180BFD10>,0.7324469089508057,0.07667198777198792,0.24285158514976501,489853,5,3,True,Right,Back,Left,Centre,59
<_io.BytesIO object at 0x000001DC180BF180>,0.7015130519866943,0.14043469727039337,0.17944929003715515,489853,5,3,True,Right,Back,Left,Centre,59
<_io.BytesIO object at 0x000001DC180BFC20>,0.7305946350097656,0.1569245606660843,0.1624084711074829,489853,5,3,True,Right,Back,Left,Centre,59
<_io.BytesIO object at 0x000001DC18203DB0>,0.7625839710235596,0.16759321093559265,0.23854143917560577,489854,5,3,True,Right,Back,Left,Centre,59
<_io.BytesIO object at 0x000001DC182037C0>,0.7000222206115723,0.09172624349594116,0.17182548344135284,489854,5,3,True,Right,Back,Left,Centre,59
<_io.BytesIO object at 0x000001DC18203630>,0.7324469089508057,0.07667198777198792,0.24285158514976501,489854,5,3,True,Right,Back,Left,Centre,59
<_io.BytesIO object at 0x000001DC182034A0>,0.7015130519866943,0.14043469727039337,0.17944929003715515,489854,5,3,True,Right,Back,Left,Centre,59
<_io.BytesIO object at 0x000001DC18203CC0>,0.7305946350097656,0.1569245606660843,0.1624084711074829,489854,5,3,True,Right,Back,Left,Centre,59
<_io.BytesIO object at 0x000001DC180BF7C0>,0.7625839710235596,0.16759321093559265,0.23854143917560577,489855,5,3,True,Right,Back,Left,Centre,59
<_io.BytesIO object at 0x000001DC180BFE00>,0.7000222206115723,0.09172624349594116,0.17182548344135284,489855,5,3,True,Right,Back,Left,Centre,59
<_io.BytesIO object at 0x000001DC180BF3B0>,0.7324469089508057,0.07667198777198792,0.24285158514976501,489855,5,3,True,Right,Back,Left,Centre,59
<_io.BytesIO object at 0x000001DC180BF9A0>,0.7015130519866943,0.14043469727039337,0.17944929003715515,489855,5,3,True,Right,Back,Left,Centre,59
<_io.BytesIO object at 0x000001DC180BFB30>,0.7305946350097656,0.1569245606660843,0.1624084711074829,489855,5,3,True,Right,Back,Left,Centre,59
<_io.BytesIO object at 0x000001DC180DC270>,0.7625839710235596,0.16759321093559265,0.23854143917560577,489856,5,3,True,Right,Back,Left,Centre,59
<_io.BytesIO object at 0x000001DC180DC310>,0.7000222206115723,0.09172624349594116,0.17182548344135284,489856,5,3,True,Right,Back,Left,Centre,59
<_io.BytesIO object at 0x000001DC180DCF90>,0.7324469089508057,0.07667198777198792,0.24285158514976501,489856,5,3,True,Right,Back,Left,Centre,59
<_io.BytesIO object at 0x000001DC180DC5E0>,0.7015130519866943,0.14043469727039337,0.17944929003715515,489856,5,3,True,Right,Back,Left,Centre,59
<_io.BytesIO object at 0x000001DC180DC220>,0.7305946350097656,0.1569245606660843,0.1624084711074829,489856,5,3,True,Right,Back,Left,Centre,59
<_io.BytesIO object at 0x000001DC1820C9F0>,0.7625839710235596,0.16759321093559265,0.23854143917560577,489857,5,3,True,Right,Back,Left,Centre,59
<_io.BytesIO object at 0x000001DC1820C090>,0.7000222206115723,0.09172624349594116,0.17182548344135284,489857,5,3,True,Right,Back,Left,Centre,59
<_io.BytesIO object at 0x000001DC7FF65360>,0.7324469089508057,0.07667198777198792,0.24285158514976501,489857,5,3,True,Right,Back,Left,Centre,59
<_io.BytesIO object at 0x000001DC7FF654F0>,0.7015130519866943,0.14043469727039337,0.17944929003715515,489857,5,3,True,Right,Back,Left,Centre,59
<_io.BytesIO object at 0x000001DC180A3950>,0.7305946350097656,0.1569245606660843,0.1624084711074829,489857,5,3,True,Right,Back,Left,Centre,59
<_io.BytesIO object at 0x000001DC18121680>,0.7625839710235596,0.16759321093559265,0.23854143917560577,489858,5,3,True,Right,Back,Left,Centre,59
<_io.BytesIO object at 0x000001DC18121540>,0.7000222206115723,0.09172624349594116,0.17182548344135284,489858,5,3,True,Right,Back,Left,Centre,59
<_io.BytesIO object at 0x000001DC18121400>,0.7324469089508057,0.07667198777198792,0.24285158514976501,489858,5,3,True,Right,Back,Left,Centre,59
<_io.BytesIO object at 0x000001DC18309B80>,0.7015130519866943,0.14043469727039337,0.17944929003715515,489858,5,3,True,Right,Back,Left,Centre,59
<_io.BytesIO object at 0x000001DC18309310>,0.7305946350097656,0.1569245606660843,0.1624084711074829,489858,5,3,True,Right,Back,Left,Centre,59
<_io.BytesIO object at 0x000001DC182039F0>,0.7625839710235596,0.16759321093559265,0.23854143917560577,489859,5,3,True,Right,Back,Left,Centre,59
<_io.BytesIO object at 0x000001DC18203AE0>,0.7000222206115723,0.09172624349594116,0.17182548344135284,489859,5,3,True,Right,Back,Left,Centre,59
<_io.BytesIO object at 0x000001DC182133B0>,0.7324469089508057,0.07667198777198792,0.24285158514976501,489859,5,3,True,Right,Back,Left,Centre,59
<_io.BytesIO object at 0x000001DC18213040>,0.7015130519866943,0.14043469727039337,0.17944929003715515,489859,5,3,True,Right,Back,Left,Centre,59
<_io.BytesIO object at 0x000001DC18213360>,0.7305946350097656,0.1569245606660843,0.1624084711074829,489859,5,3,True,Right,Back,Left,Centre,59
<_io.BytesIO object at 0x000001DC18121860>,0.7625839710235596,0.16759321093559265,0.23854143917560577,489860,5,3,True,Right,Back,Left,Centre,59
<_io.BytesIO object at 0x000001DC1821B8B0>,0.7000222206115723,0.09172624349594116,0.17182548344135284,489860,5,3,True,Right,Back,Left,Centre,59
<_io.BytesIO object at 0x000001DC1821B130>,0.7324469089508057,0.07667198777198792,0.24285158514976501,489860,5,3,True,Right,Back,Left,Centre,59
<_io.BytesIO object at 0x000001DC1821B540>,0.7015130519866943,0.14043469727039337,0.17944929003715515,489860,5,3,True,Right,Back,Left,Centre,59
<_io.BytesIO object at 0x000001DC1821B360>,0.7305946350097656,0.1569245606660843,0.1624084711074829,489860,5,3,True,Right,Back,Left,Centre,59
<_io.BytesIO object at 0x000001DC1820CEA0>,0.7625839710235596,0.16759321093559265,0.23854143917560577,489861,5,3,True,Right,Back,Left,Centre,59
<_io.BytesIO object at 0x000001DC1820C180>,0.7000222206115723,0.09172624349594116,0.17182548344135284,489861,5,3,True,Right,Back,Left,Centre,59
<_io.BytesIO object at 0x000001DC1823ECC0>,0.7324469089508057,0.07667198777198792,0.24285158514976501,489861,5,3,True,Right,Back,Left,Centre,59
<_io.BytesIO object at 0x000001DC1823E090>,0.7015130519866943,0.14043469727039337,0.17944929003715515,489861,5,3,True,Right,Back,Left,Centre,59
<_io.BytesIO object at 0x000001DC1823EE50>,0.7305946350097656,0.1569245606660843,0.1624084711074829,489861,5,3,True,Right,Back,Left,Centre,59
<_io.BytesIO object at 0x000001DC180C59F0>,0.7625839710235596,0.16759321093559265,0.23854143917560577,489862,5,3,True,Right,Back,Left,Centre,59
<_io.BytesIO object at 0x000001DC180C5B30>,0.7000222206115723,0.09172624349594116,0.17182548344135284,489862,5,3,True,Right,Back,Left,Centre,59
<_io.BytesIO object at 0x000001DC180C58B0>,0.7324469089508057,0.07667198777198792,0.24285158514976501,489862,5,3,True,Right,Back,Left,Centre,59
<_io.BytesIO object at 0x000001DC180C5DB0>,0.7015130519866943,0.14043469727039337,0.17944929003715515,489862,5,3,True,Right,Back,Left,Centre,59
<_io.BytesIO object at 0x000001DC15398540>,0.7305946350097656,0.1569245606660843,0.1624084711074829,489862,5,3,True,Right,Back,Left,Centre,59
<_io.BytesIO object at 0x000001DC1820A450>,0.7625839710235596,0.16759321093559265,0.23854143917560577,489863,5,3,True,Right,Back,Left,Centre,59
<_io.BytesIO object at 0x000001DC1820AC20>,0.7000222206115723,0.09172624349594116,0.17182548344135284,489863,5,3,True,Right,Back,Left,Centre,59
<_io.BytesIO object at 0x000001DC1820A4A0>,0.7324469089508057,0.07667198777198792,0.24285158514976501,489863,5,3,True,Right,Back,Left,Centre,59
<_io.BytesIO object at 0x000001DC1820AF40>,0.7015130519866943,0.14043469727039337,0.17944929003715515,489863,5,3,True,Right,Back,Left,Centre,59
<_io.BytesIO object at 0x000001DC1820A720>,0.7305946350097656,0.1569245606660843,0.1624084711074829,489863,5,3,True,Right,Back,Left,Centre,59
<_io.BytesIO object at 0x000001DC18203EF0>,0.7625839710235596,0.16759321093559265,0.23854143917560577,489864,5,3,True,Right,Back,Left,Centre,59
<_io.BytesIO object at 0x000001DC18203CC0>,0.7000222206115723,0.09172624349594116,0.17182548344135284,489864,5,3,True,Right,Back,Left,Centre,59
<_io.BytesIO object at 0x000001DC182039A0>,0.7324469089508057,0.07667198777198792,0.24285158514976501,489864,5,3,True,Right,Back,Left,Centre,59
<_io.BytesIO object at 0x000001DC18203540>,0.7015130519866943,0.14043469727039337,0.17944929003715515,489864,5,3,True,Right,Back,Left,Centre,59
<_io.BytesIO object at 0x000001DC18203400>,0.7305946350097656,0.1569245606660843,0.1624084711074829,489864,5,3,True,Right,Back,Left,Centre,59
<_io.BytesIO object at 0x000001DC180BFA90>,0.7625839710235596,0.16759321093559265,0.23854143917560577,489865,5,3,True,Right,Back,Left,Centre,59
<_io.BytesIO object at 0x000001DC180BFC20>,0.7000222206115723,0.09172624349594116,0.17182548344135284,489865,5,3,True,Right,Back,Left,Centre,59
<_io.BytesIO object at 0x000001DC180BF4A0>,0.7324469089508057,0.07667198777198792,0.24285158514976501,489865,5,3,True,Right,Back,Left,Centre,59
<_io.BytesIO object at 0x000001DC180BFE00>,0.7015130519866943,0.14043469727039337,0.17944929003715515,489865,5,3,True,Right,Back,Left,Centre,59
<_io.BytesIO object at 0x000001DC180BF3B0>,0.7305946350097656,0.1569245606660843,0.1624084711074829,489865,5,3,True,Right,Back,Left,Centre,59
<_io.BytesIO object at 0x000001DC180C5D60>,0.7625839710235596,0.16759321093559265,0.23854143917560577,489866,5,3,True,Right,Back,Left,Centre,59
<_io.BytesIO object at 0x000001DC180C5040>,0.7000222206115723,0.09172624349594116,0.17182548344135284,489866,5,3,True,Right,Back,Left,Centre,59
<_io.BytesIO object at 0x000001DC180DCDB0>,0.7324469089508057,0.07667198777198792,0.24285158514976501,489866,5,3,True,Right,Back,Left,Centre,59
<_io.BytesIO object at 0x000001DC180DC270>,0.7015130519866943,0.14043469727039337,0.17944929003715515,489866,5,3,True,Right,Back,Left,Centre,59
<_io.BytesIO object at 0x000001DC180DC7C0>,0.7305946350097656,0.1569245606660843,0.1624084711074829,489866,5,3,True,Right,Back,Left,Centre,59
<_io.BytesIO object at 0x000001DC1820C4A0>,0.7625839710235596,0.16759321093559265,0.23854143917560577,489867,5,3,True,Right,Back,Left,Centre,59
<_io.BytesIO object at 0x000001DC1820C7C0>,0.7000222206115723,0.09172624349594116,0.17182548344135284,489867,5,3,True,Right,Back,Left,Centre,59
<_io.BytesIO object at 0x000001DC1820C090>,0.7324469089508057,0.07667198777198792,0.24285158514976501,489867,5,3,True,Right,Back,Left,Centre,59
<_io.BytesIO object at 0x000001DC7FF656D0>,0.7015130519866943,0.14043469727039337,0.17944929003715515,489867,5,3,True,Right,Back,Left,Centre,59
<_io.BytesIO object at 0x000001DC7FF65220>,0.7305946350097656,0.1569245606660843,0.1624084711074829,489867,5,3,True,Right,Back,Left,Centre,59
<_io.BytesIO object at 0x000001DC18121630>,0.7625839710235596,0.16759321093559265,0.23854143917560577,489868,5,3,True,Right,Back,Left,Centre,59
<_io.BytesIO object at 0x000001DC181215E0>,0.7000222206115723,0.09172624349594116,0.17182548344135284,489868,5,3,True,Right,Back,Left,Centre,59
<_io.BytesIO object at 0x000001DC18121680>,0.7324469089508057,0.07667198777198792,0.24285158514976501,489868,5,3,True,Right,Back,Left,Centre,59
<_io.BytesIO object at 0x000001DC18121B80>,0.7015130519866943,0.14043469727039337,0.17944929003715515,489868,5,3,True,Right,Back,Left,Centre,59
<_io.BytesIO object at 0x000001DC18121270>,0.7305946350097656,0.1569245606660843,0.1624084711074829,489868,5,3,True,Right,Back,Left,Centre,59
<_io.BytesIO object at 0x000001DC18213540>,0.7625839710235596,0.16759321093559265,0.23854143917560577,489869,5,3,True,Right,Back,Left,Centre,59
<_io.BytesIO object at 0x000001DC18213B30>,0.7000222206115723,0.09172624349594116,0.17182548344135284,489869,5,3,True,Right,Back,Left,Centre,59
<_io.BytesIO object at 0x000001DC18213270>,0.7324469089508057,0.07667198777198792,0.24285158514976501,489869,5,3,True,Right,Back,Left,Centre,59
<_io.BytesIO object at 0x000001DC18213C20>,0.7015130519866943,0.14043469727039337,0.17944929003715515,489869,5,3,True,Right,Back,Left,Centre,59
<_io.BytesIO object at 0x000001DC183092C0>,0.7305946350097656,0.1569245606660843,0.1624084711074829,489869,5,3,True,Right,Back,Left,Centre,59
<_io.BytesIO object at 0x000001DC1821B4F0>,0.7625839710235596,0.16759321093559265,0.23854143917560577,489870,5,3,True,Right,Back,Left,Centre,59
<_io.BytesIO object at 0x000001DC1821BA40>,0.7000222206115723,0.09172624349594116,0.17182548344135284,489870,5,3,True,Right,Back,Left,Centre,59
<_io.BytesIO object at 0x000001DC1821BA90>,0.7324469089508057,0.07667198777198792,0.24285158514976501,489870,5,3,True,Right,Back,Left,Centre,59
<_io.BytesIO object at 0x000001DC1821B7C0>,0.7015130519866943,0.14043469727039337,0.17944929003715515,489870,5,3,True,Right,Back,Left,Centre,59
<_io.BytesIO object at 0x000001DC180A3680>,0.7305946350097656,0.1569245606660843,0.1624084711074829,489870,5,3,True,Right,Back,Left,Centre,59
<_io.BytesIO object at 0x000001DC1823EB30>,0.7625839710235596,0.16759321093559265,0.23854143917560577,489871,5,3,True,Right,Back,Left,Centre,59
<_io.BytesIO object at 0x000001DC1823E130>,0.7000222206115723,0.09172624349594116,0.17182548344135284,489871,5,3,True,Right,Back,Left,Centre,59
<_io.BytesIO object at 0x000001DC1823E2C0>,0.7324469089508057,0.07667198777198792,0.24285158514976501,489871,5,3,True,Right,Back,Left,Centre,59
<_io.BytesIO object at 0x000001DC1823E220>,0.7015130519866943,0.14043469727039337,0.17944929003715515,489871,5,3,True,Right,Back,Left,Centre,59
<_io.BytesIO object at 0x000001DC1823E5E0>,0.7305946350097656,0.1569245606660843,0.1624084711074829,489871,5,3,True,Right,Back,Left,Centre,59
<_io.BytesIO object at 0x000001DC153984A0>,0.7625839710235596,0.16759321093559265,0.23854143917560577,489872,5,3,True,Right,Back,Left,Centre,59
<_io.BytesIO object at 0x000001DC180DC8B0>,0.7000222206115723,0.09172624349594116,0.17182548344135284,489872,5,3,True,Right,Back,Left,Centre,59
<_io.BytesIO object at 0x000001DC180DCC70>,0.7324469089508057,0.07667198777198792,0.24285158514976501,489872,5,3,True,Right,Back,Left,Centre,59
<_io.BytesIO object at 0x000001DC180DC900>,0.7015130519866943,0.14043469727039337,0.17944929003715515,489872,5,3,True,Right,Back,Left,Centre,59
<_io.BytesIO object at 0x000001DC180DCA90>,0.7305946350097656,0.1569245606660843,0.1624084711074829,489872,5,3,True,Right,Back,Left,Centre,59
<_io.BytesIO object at 0x000001DC1820A720>,0.7625839710235596,0.16759321093559265,0.23854143917560577,489873,5,3,True,Right,Back,Left,Centre,59
<_io.BytesIO object at 0x000001DC1820AA90>,0.7000222206115723,0.09172624349594116,0.17182548344135284,489873,5,3,True,Right,Back,Left,Centre,59
<_io.BytesIO object at 0x000001DC1823B1D0>,0.7324469089508057,0.07667198777198792,0.24285158514976501,489873,5,3,True,Right,Back,Left,Centre,59
<_io.BytesIO object at 0x000001DC1823B540>,0.7015130519866943,0.14043469727039337,0.17944929003715515,489873,5,3,True,Right,Back,Left,Centre,59
<_io.BytesIO object at 0x000001DC1823BA40>,0.7305946350097656,0.1569245606660843,0.1624084711074829,489873,5,3,True,Right,Back,Left,Centre,59
<_io.BytesIO object at 0x000001DC1820A860>,0.7625839710235596,0.16759321093559265,0.23854143917560577,489874,5,3,True,Right,Back,Left,Centre,59
<_io.BytesIO object at 0x000001DC1820A130>,0.7000222206115723,0.09172624349594116,0.17182548344135284,489874,5,3,True,Right,Back,Left,Centre,59
<_io.BytesIO object at 0x000001DC1820A0E0>,0.7324469089508057,0.07667198777198792,0.24285158514976501,489874,5,3,True,Right,Back,Left,Centre,59
<_io.BytesIO object at 0x000001DC1820AF90>,0.7015130519866943,0.14043469727039337,0.17944929003715515,489874,5,3,True,Right,Back,Left,Centre,59
<_io.BytesIO object at 0x000001DC1820A590>,0.7305946350097656,0.1569245606660843,0.1624084711074829,489874,5,3,True,Right,Back,Left,Centre,59
<_io.BytesIO object at 0x000001DC15398450>,0.7625839710235596,0.16759321093559265,0.23854143917560577,489875,5,3,True,Right,Back,Left,Centre,59
<_io.BytesIO object at 0x000001DC15398310>,0.7000222206115723,0.09172624349594116,0.17182548344135284,489875,5,3,True,Right,Back,Left,Centre,59
<_io.BytesIO object at 0x000001DC153986D0>,0.7324469089508057,0.07667198777198792,0.24285158514976501,489875,5,3,True,Right,Back,Left,Centre,59
<_io.BytesIO object at 0x000001DC153983B0>,0.7015130519866943,0.14043469727039337,0.17944929003715515,489875,5,3,True,Right,Back,Left,Centre,59
<_io.BytesIO object at 0x000001DC15398C70>,0.7305946350097656,0.1569245606660843,0.1624084711074829,489875,5,3,True,Right,Back,Left,Centre,59
<_io.BytesIO object at 0x000001DC1823EE50>,0.7625839710235596,0.16759321093559265,0.23854143917560577,489876,5,3,True,Right,Back,Left,Centre,59
<_io.BytesIO object at 0x000001DC1820CAE0>,0.7000222206115723,0.09172624349594116,0.17182548344135284,489876,5,3,True,Right,Back,Left,Centre,59
<_io.BytesIO object at 0x000001DC1820C360>,0.7324469089508057,0.07667198777198792,0.24285158514976501,489876,5,3,True,Right,Back,Left,Centre,59
<_io.BytesIO object at 0x000001DC1820CE00>,0.7015130519866943,0.14043469727039337,0.17944929003715515,489876,5,3,True,Right,Back,Left,Centre,59
<_io.BytesIO object at 0x000001DC1820C540>,0.7305946350097656,0.1569245606660843,0.1624084711074829,489876,5,3,True,Right,Back,Left,Centre,59
<_io.BytesIO object at 0x000001DC1821BEA0>,0.7625839710235596,0.16759321093559265,0.23854143917560577,489877,5,3,True,Right,Back,Left,Centre,59
<_io.BytesIO object at 0x000001DC1821B220>,0.7000222206115723,0.09172624349594116,0.17182548344135284,489877,5,3,True,Right,Back,Left,Centre,59
<_io.BytesIO object at 0x000001DC18121360>,0.7324469089508057,0.07667198777198792,0.24285158514976501,489877,5,3,True,Right,Back,Left,Centre,59
<_io.BytesIO object at 0x000001DC18121CC0>,0.7015130519866943,0.14043469727039337,0.17944929003715515,489877,5,3,True,Right,Back,Left,Centre,59
<_io.BytesIO object at 0x000001DC18121D60>,0.7305946350097656,0.1569245606660843,0.1624084711074829,489877,5,3,True,Right,Back,Left,Centre,59
<_io.BytesIO object at 0x000001DC18213B80>,0.7625839710235596,0.16759321093559265,0.23854143917560577,489878,5,3,True,Right,Back,Left,Centre,59
<_io.BytesIO object at 0x000001DC18213680>,0.7000222206115723,0.09172624349594116,0.17182548344135284,489878,5,3,True,Right,Back,Left,Centre,59
<_io.BytesIO object at 0x000001DC18203A40>,0.7324469089508057,0.07667198777198792,0.24285158514976501,489878,5,3,True,Right,Back,Left,Centre,59
<_io.BytesIO object at 0x000001DC182032C0>,0.7015130519866943,0.14043469727039337,0.17944929003715515,489878,5,3,True,Right,Back,Left,Centre,59
<_io.BytesIO object at 0x000001DC18203540>,0.7305946350097656,0.1569245606660843,0.1624084711074829,489878,5,3,True,Right,Back,Left,Centre,59
<_io.BytesIO object at 0x000001DC18309D10>,0.7625839710235596,0.16759321093559265,0.23854143917560577,489879,5,3,True,Right,Back,Left,Centre,59
<_io.BytesIO object at 0x000001DC18309400>,0.7000222206115723,0.09172624349594116,0.17182548344135284,489879,5,3,True,Right,Back,Left,Centre,59
<_io.BytesIO object at 0x000001DC183094A0>,0.7324469089508057,0.07667198777198792,0.24285158514976501,489879,5,3,True,Right,Back,Left,Centre,59
<_io.BytesIO object at 0x000001DC18121680>,0.7015130519866943,0.14043469727039337,0.17944929003715515,489879,5,3,True,Right,Back,Left,Centre,59
<_io.BytesIO object at 0x000001DC18121090>,0.7305946350097656,0.1569245606660843,0.1624084711074829,489879,5,3,True,Right,Back,Left,Centre,59
<_io.BytesIO object at 0x000001DC7FF65810>,0.7625839710235596,0.16759321093559265,0.23854143917560577,489880,5,3,True,Right,Back,Left,Centre,59
<_io.BytesIO object at 0x000001DC7FF65090>,0.7000222206115723,0.09172624349594116,0.17182548344135284,489880,5,3,True,Right,Back,Left,Centre,59
<_io.BytesIO object at 0x000001DC1820CA90>,0.7324469089508057,0.07667198777198792,0.24285158514976501,489880,5,3,True,Right,Back,Left,Centre,59
<_io.BytesIO object at 0x000001DC1820C090>,0.7015130519866943,0.14043469727039337,0.17944929003715515,489880,5,3,True,Right,Back,Left,Centre,59
<_io.BytesIO object at 0x000001DC1820CE50>,0.7305946350097656,0.1569245606660843,0.1624084711074829,489880,5,3,True,Right,Back,Left,Centre,59
<_io.BytesIO object at 0x000001DC180C5F90>,0.7625839710235596,0.16759321093559265,0.23854143917560577,489881,5,3,True,Right,Back,Left,Centre,59
<_io.BytesIO object at 0x000001DC180DC4F0>,0.7000222206115723,0.09172624349594116,0.17182548344135284,489881,5,3,True,Right,Back,Left,Centre,59
<_io.BytesIO object at 0x000001DC180DC9A0>,0.7324469089508057,0.07667198777198792,0.24285158514976501,489881,5,3,True,Right,Back,Left,Centre,59
<_io.BytesIO object at 0x000001DC180DC810>,0.7015130519866943,0.14043469727039337,0.17944929003715515,489881,5,3,True,Right,Back,Left,Centre,59
<_io.BytesIO object at 0x000001DC180DCF90>,0.7305946350097656,0.1569245606660843,0.1624084711074829,489881,5,3,True,Right,Back,Left,Centre,59
<_io.BytesIO object at 0x000001DC1820AE00>,0.7625839710235596,0.16759321093559265,0.23854143917560577,489882,5,3,True,Right,Back,Left,Centre,59
<_io.BytesIO object at 0x000001DC1820A9F0>,0.7000222206115723,0.09172624349594116,0.17182548344135284,489882,5,3,True,Right,Back,Left,Centre,59
<_io.BytesIO object at 0x000001DC1820A0E0>,0.7324469089508057,0.07667198777198792,0.24285158514976501,489882,5,3,True,Right,Back,Left,Centre,59
<_io.BytesIO object at 0x000001DC1820A4A0>,0.7015130519866943,0.14043469727039337,0.17944929003715515,489882,5,3,True,Right,Back,Left,Centre,59
<_io.BytesIO object at 0x000001DC1820A9A0>,0.7305946350097656,0.1569245606660843,0.1624084711074829,489882,5,3,True,Right,Back,Left,Centre,59
<_io.BytesIO object at 0x000001DC1823B770>,0.7625839710235596,0.16759321093559265,0.23854143917560577,489883,5,3,True,Right,Back,Left,Centre,59
<_io.BytesIO object at 0x000001DC1820A270>,0.7000222206115723,0.09172624349594116,0.17182548344135284,489883,5,3,True,Right,Back,Left,Centre,59
<_io.BytesIO object at 0x000001DC1820A720>,0.7324469089508057,0.07667198777198792,0.24285158514976501,489883,5,3,True,Right,Back,Left,Centre,59
<_io.BytesIO object at 0x000001DC1820AE50>,0.7015130519866943,0.14043469727039337,0.17944929003715515,489883,5,3,True,Right,Back,Left,Centre,59
<_io.BytesIO object at 0x000001DC1820A860>,0.7305946350097656,0.1569245606660843,0.1624084711074829,489883,5,3,True,Right,Back,Left,Centre,59
<_io.BytesIO object at 0x000001DC1823EA90>,0.7625839710235596,0.16759321093559265,0.23854143917560577,489884,5,3,True,Right,Back,Left,Centre,59
<_io.BytesIO object at 0x000001DC1823E450>,0.7000222206115723,0.09172624349594116,0.17182548344135284,489884,5,3,True,Right,Back,Left,Centre,59
<_io.BytesIO object at 0x000001DC1823E6D0>,0.7324469089508057,0.07667198777198792,0.24285158514976501,489884,5,3,True,Right,Back,Left,Centre,59
<_io.BytesIO object at 0x000001DC1823E810>,0.7015130519866943,0.14043469727039337,0.17944929003715515,489884,5,3,True,Right,Back,Left,Centre,59
<_io.BytesIO object at 0x000001DC1823E310>,0.7305946350097656,0.1569245606660843,0.1624084711074829,489884,5,3,True,Right,Back,Left,Centre,59
<_io.BytesIO object at 0x000001DC18121180>,0.7625839710235596,0.16759321093559265,0.23854143917560577,489885,5,3,True,Right,Back,Left,Centre,59
<_io.BytesIO object at 0x000001DC18121E00>,0.7000222206115723,0.09172624349594116,0.17182548344135284,489885,5,3,True,Right,Back,Left,Centre,59
<_io.BytesIO object at 0x000001DC181213B0>,0.7324469089508057,0.07667198777198792,0.24285158514976501,489885,5,3,True,Right,Back,Left,Centre,59
<_io.BytesIO object at 0x000001DC18121BD0>,0.7015130519866943,0.14043469727039337,0.17944929003715515,489885,5,3,True,Right,Back,Left,Centre,59
<_io.BytesIO object at 0x000001DC18121770>,0.7305946350097656,0.1569245606660843,0.1624084711074829,489885,5,3,True,Right,Back,Left,Centre,59
<_io.BytesIO object at 0x000001DC183099A0>,0.7625839710235596,0.16759321093559265,0.23854143917560577,489886,5,3,True,Right,Back,Left,Centre,59
<_io.BytesIO object at 0x000001DC18309630>,0.7000222206115723,0.09172624349594116,0.17182548344135284,489886,5,3,True,Right,Back,Left,Centre,59
<_io.BytesIO object at 0x000001DC183092C0>,0.7324469089508057,0.07667198777198792,0.24285158514976501,489886,5,3,True,Right,Back,Left,Centre,59
<_io.BytesIO object at 0x000001DC180DC360>,0.7015130519866943,0.14043469727039337,0.17944929003715515,489886,5,3,True,Right,Back,Left,Centre,59
<_io.BytesIO object at 0x000001DC180DCB80>,0.7305946350097656,0.1569245606660843,0.1624084711074829,489886,5,3,True,Right,Back,Left,Centre,59
<_io.BytesIO object at 0x000001DC18213D10>,0.7625839710235596,0.16759321093559265,0.23854143917560577,489887,5,3,True,Right,Back,Left,Centre,59
<_io.BytesIO object at 0x000001DC182134F0>,0.7000222206115723,0.09172624349594116,0.17182548344135284,489887,5,3,True,Right,Back,Left,Centre,59
<_io.BytesIO object at 0x000001DC18213770>,0.7324469089508057,0.07667198777198792,0.24285158514976501,489887,5,3,True,Right,Back,Left,Centre,59
<_io.BytesIO object at 0x000001DC182133B0>,0.7015130519866943,0.14043469727039337,0.17944929003715515,489887,5,3,True,Right,Back,Left,Centre,59
<_io.BytesIO object at 0x000001DC18213EA0>,0.7305946350097656,0.1569245606660843,0.1624084711074829,489887,5,3,True,Right,Back,Left,Centre,59
<_io.BytesIO object at 0x000001DC18121E00>,0.7625839710235596,0.16759321093559265,0.23854143917560577,489888,5,3,True,Right,Back,Left,Centre,59
<_io.BytesIO object at 0x000001DC181211D0>,0.7000222206115723,0.09172624349594116,0.17182548344135284,489888,5,3,True,Right,Back,Left,Centre,59
<_io.BytesIO object at 0x000001DC181218B0>,0.7324469089508057,0.07667198777198792,0.24285158514976501,489888,5,3,True,Right,Back,Left,Centre,59
<_io.BytesIO object at 0x000001DC181210E0>,0.7015130519866943,0.14043469727039337,0.17944929003715515,489888,5,3,True,Right,Back,Left,Centre,59
<_io.BytesIO object at 0x000001DC180A3F40>,0.7305946350097656,0.1569245606660843,0.1624084711074829,489888,5,3,True,Right,Back,Left,Centre,59
<_io.BytesIO object at 0x000001DC1823E360>,0.7625839710235596,0.16759321093559265,0.23854143917560577,489889,5,3,True,Right,Back,Left,Centre,59
<_io.BytesIO object at 0x000001DC1823E9A0>,0.7000222206115723,0.09172624349594116,0.17182548344135284,489889,5,3,True,Right,Back,Left,Centre,59
<_io.BytesIO object at 0x000001DC180C5E00>,0.7324469089508057,0.07667198777198792,0.24285158514976501,489889,5,3,True,Right,Back,Left,Centre,59
<_io.BytesIO object at 0x000001DC180C5EA0>,0.7015130519866943,0.14043469727039337,0.17944929003715515,489889,5,3,True,Right,Back,Left,Centre,59
<_io.BytesIO object at 0x000001DC180C5040>,0.7305946350097656,0.1569245606660843,0.1624084711074829,489889,5,3,True,Right,Back,Left,Centre,59
<_io.BytesIO object at 0x000001DC1820A1D0>,0.7625839710235596,0.16759321093559265,0.23854143917560577,489890,5,3,True,Right,Back,Left,Centre,59
<_io.BytesIO object at 0x000001DC1821B860>,0.7000222206115723,0.09172624349594116,0.17182548344135284,489890,5,3,True,Right,Back,Left,Centre,59
<_io.BytesIO object at 0x000001DC1821B8B0>,0.7324469089508057,0.07667198777198792,0.24285158514976501,489890,5,3,True,Right,Back,Left,Centre,59
<_io.BytesIO object at 0x000001DC1821B090>,0.7015130519866943,0.14043469727039337,0.17944929003715515,489890,5,3,True,Right,Back,Left,Centre,59
<_io.BytesIO object at 0x000001DC1821B4F0>,0.7305946350097656,0.1569245606660843,0.1624084711074829,489890,5,3,True,Right,Back,Left,Centre,59
<_io.BytesIO object at 0x000001DC18203C20>,0.7625839710235596,0.16759321093559265,0.23854143917560577,489891,5,3,True,Right,Back,Left,Centre,59
<_io.BytesIO object at 0x000001DC18203360>,0.7000222206115723,0.09172624349594116,0.17182548344135284,489891,5,3,True,Right,Back,Left,Centre,59
<_io.BytesIO object at 0x000001DC18203770>,0.7324469089508057,0.07667198777198792,0.24285158514976501,489891,5,3,True,Right,Back,Left,Centre,59
<_io.BytesIO object at 0x000001DC182034F0>,0.7015130519866943,0.14043469727039337,0.17944929003715515,489891,5,3,True,Right,Back,Left,Centre,59
<_io.BytesIO object at 0x000001DC182034A0>,0.7305946350097656,0.1569245606660843,0.1624084711074829,489891,5,3,True,Right,Back,Left,Centre,59
<_io.BytesIO object at 0x000001DC1821BF90>,0.7625839710235596,0.16759321093559265,0.23854143917560577,489892,5,3,True,Right,Back,Left,Centre,59
<_io.BytesIO object at 0x000001DC1821B680>,0.7000222206115723,0.09172624349594116,0.17182548344135284,489892,5,3,True,Right,Back,Left,Centre,59
<_io.BytesIO object at 0x000001DC1821B9A0>,0.7324469089508057,0.07667198777198792,0.24285158514976501,489892,5,3,True,Right,Back,Left,Centre,59
<_io.BytesIO object at 0x000001DC1821B8B0>,0.7015130519866943,0.14043469727039337,0.17944929003715515,489892,5,3,True,Right,Back,Left,Centre,59
<_io.BytesIO object at 0x000001DC1821B220>,0.7305946350097656,0.1569245606660843,0.1624084711074829,489892,5,3,True,Right,Back,Left,Centre,59
<_io.BytesIO object at 0x000001DC180C5A90>,0.7625839710235596,0.16759321093559265,0.23854143917560577,489893,5,3,True,Right,Back,Left,Centre,59
<_io.BytesIO object at 0x000001DC180C5040>,0.7000222206115723,0.09172624349594116,0.17182548344135284,489893,5,3,True,Right,Back,Left,Centre,59
<_io.BytesIO object at 0x000001DC180C59A0>,0.7324469089508057,0.07667198777198792,0.24285158514976501,489893,5,3,True,Right,Back,Left,Centre,59
<_io.BytesIO object at 0x000001DC1823E810>,0.7015130519866943,0.14043469727039337,0.17944929003715515,489893,5,3,True,Right,Back,Left,Centre,59
<_io.BytesIO object at 0x000001DC1823E9A0>,0.7305946350097656,0.1569245606660843,0.1624084711074829,489893,5,3,True,Right,Back,Left,Centre,59
<_io.BytesIO object at 0x000001DC180A3130>,0.7625839710235596,0.16759321093559265,0.23854143917560577,489894,5,3,True,Right,Back,Left,Centre,59
<_io.BytesIO object at 0x000001DC180A33B0>,0.7000222206115723,0.09172624349594116,0.17182548344135284,489894,5,3,True,Right,Back,Left,Centre,59
<_io.BytesIO object at 0x000001DC181216D0>,0.7324469089508057,0.07667198777198792,0.24285158514976501,489894,5,3,True,Right,Back,Left,Centre,59
<_io.BytesIO object at 0x000001DC181218B0>,0.7015130519866943,0.14043469727039337,0.17944929003715515,489894,5,3,True,Right,Back,Left,Centre,59
<_io.BytesIO object at 0x000001DC18121B30>,0.7305946350097656,0.1569245606660843,0.1624084711074829,489894,5,3,True,Right,Back,Left,Centre,59
<_io.BytesIO object at 0x000001DC180DC9A0>,0.7625839710235596,0.16759321093559265,0.23854143917560577,489895,5,3,True,Right,Back,Left,Centre,59
<_io.BytesIO object at 0x000001DC18213040>,0.7000222206115723,0.09172624349594116,0.17182548344135284,489895,5,3,True,Right,Back,Left,Centre,59
<_io.BytesIO object at 0x000001DC18213360>,0.7324469089508057,0.07667198777198792,0.24285158514976501,489895,5,3,True,Right,Back,Left,Centre,59
<_io.BytesIO object at 0x000001DC18213860>,0.7015130519866943,0.14043469727039337,0.17944929003715515,489895,5,3,True,Right,Back,Left,Centre,59
<_io.BytesIO object at 0x000001DC18213F40>,0.7305946350097656,0.1569245606660843,0.1624084711074829,489895,5,3,True,Right,Back,Left,Centre,59
<_io.BytesIO object at 0x000001DC18213900>,0.7625839710235596,0.16759321093559265,0.23854143917560577,489896,5,3,True,Right,Back,Left,Centre,59
<_io.BytesIO object at 0x000001DC18213A90>,0.7000222206115723,0.09172624349594116,0.17182548344135284,489896,5,3,True,Right,Back,Left,Centre,59
<_io.BytesIO object at 0x000001DC18213E50>,0.7324469089508057,0.07667198777198792,0.24285158514976501,489896,5,3,True,Right,Back,Left,Centre,59
<_io.BytesIO object at 0x000001DC18213310>,0.7015130519866943,0.14043469727039337,0.17944929003715515,489896,5,3,True,Right,Back,Left,Centre,59
<_io.BytesIO object at 0x000001DC7FF57B80>,0.7305946350097656,0.1569245606660843,0.1624084711074829,489896,5,3,True,Right,Back,Left,Centre,59
<_io.BytesIO object at 0x000001DC18121D10>,0.7625839710235596,0.16759321093559265,0.23854143917560577,489897,5,3,True,Right,Back,Left,Centre,59
<_io.BytesIO object at 0x000001DC18121400>,0.7000222206115723,0.09172624349594116,0.17182548344135284,489897,5,3,True,Right,Back,Left,Centre,59
<_io.BytesIO object at 0x000001DC18121450>,0.7324469089508057,0.07667198777198792,0.24285158514976501,489897,5,3,True,Right,Back,Left,Centre,59
<_io.BytesIO object at 0x000001DC180A33B0>,0.7015130519866943,0.14043469727039337,0.17944929003715515,489897,5,3,True,Right,Back,Left,Centre,59
<_io.BytesIO object at 0x000001DC180A3310>,0.7305946350097656,0.1569245606660843,0.1624084711074829,489897,5,3,True,Right,Back,Left,Centre,59
<_io.BytesIO object at 0x000001DC180C5CC0>,0.7625839710235596,0.16759321093559265,0.23854143917560577,489898,5,3,True,Right,Back,Left,Centre,59
<_io.BytesIO object at 0x000001DC180C5630>,0.7000222206115723,0.09172624349594116,0.17182548344135284,489898,5,3,True,Right,Back,Left,Centre,59
<_io.BytesIO object at 0x000001DC15398EA0>,0.7324469089508057,0.07667198777198792,0.24285158514976501,489898,5,3,True,Right,Back,Left,Centre,59
<_io.BytesIO object at 0x000001DC15398090>,0.7015130519866943,0.14043469727039337,0.17944929003715515,489898,5,3,True,Right,Back,Left,Centre,59
<_io.BytesIO object at 0x000001DC153984F0>,0.7305946350097656,0.1569245606660843,0.1624084711074829,489898,5,3,True,Right,Back,Left,Centre,59
<_io.BytesIO object at 0x000001DC1821B590>,0.6151302456855774,0.211334228515625,-0.0145546430721879,489899,5,3,True,Right,Back,Left,Centre,59
<_io.BytesIO object at 0x000001DC1821BB30>,0.5355479121208191,0.12807436287403107,-0.03943962976336479,489899,5,3,True,Right,Back,Left,Centre,59
<_io.BytesIO object at 0x000001DC1821BA40>,0.5788271427154541,0.13519571721553802,0.02552669495344162,489899,5,3,True,Right,Back,Left,Centre,59
<_io.BytesIO object at 0x000001DC1821B680>,0.5398967862129211,0.17502976953983307,-0.055056132376194,489899,5,3,True,Right,Back,Left,Centre,59
<_io.BytesIO object at 0x000001DC1821B270>,0.5683266520500183,0.16973596811294556,-0.08928828686475754,489899,5,3,True,Right,Back,Left,Centre,59
<_io.BytesIO object at 0x000001DC180BF770>,0.6139430999755859,0.20081113278865814,-0.021232236176729202,489900,5,3,True,Right,Back,Left,Centre,59
<_io.BytesIO object at 0x000001DC180BF720>,0.5298631191253662,0.12224727123975754,-0.04645957052707672,489900,5,3,True,Right,Back,Left,Centre,59
<_io.BytesIO object at 0x000001DC180BF270>,0.5707574486732483,0.12881912291049957,0.019708069041371346,489900,5,3,True,Right,Back,Left,Centre,59
<_io.BytesIO object at 0x000001DC18217C20>,0.5376696586608887,0.1682916134595871,-0.06290974467992783,489900,5,3,True,Right,Back,Left,Centre,59
<_io.BytesIO object at 0x000001DC18217220>,0.5665190815925598,0.15991929173469543,-0.0961427241563797,489900,5,3,True,Right,Back,Left,Centre,59
<_io.BytesIO object at 0x000001DC1821B8B0>,0.6121793389320374,0.18999968469142914,-0.027512015774846077,489901,5,3,True,Right,Back,Left,Centre,59
<_io.BytesIO object at 0x000001DC1821B270>,0.5243078470230103,0.11630064994096756,-0.053177494555711746,489901,5,3,True,Right,Back,Left,Centre,59
<_io.BytesIO object at 0x000001DC1821B720>,0.5629620552062988,0.12235802412033081,0.013974024914205074,489901,5,3,True,Right,Back,Left,Centre,59
<_io.BytesIO object at 0x000001DC1821BDB0>,0.5353649854660034,0.16140426695346832,-0.07011481374502182,489901,5,3,True,Right,Back,Left,Centre,59
<_io.BytesIO object at 0x000001DC1821B3B0>,0.564341127872467,0.150643453001976,-0.10267925262451172,489901,5,3,True,Right,Back,Left,Centre,59
<_io.BytesIO object at 0x000001DC15398950>,0.6101234555244446,0.17906174063682556,-0.03331330418586731,489902,5,3,True,Right,Back,Left,Centre,59
<_io.BytesIO object at 0x000001DC15398B30>,0.5187408924102783,0.11016863584518433,-0.0597139373421669,489902,5,3,True,Right,Back,Left,Centre,59
<_io.BytesIO object at 0x000001DC15398590>,0.5552559494972229,0.11576341837644577,0.00805094838142395,489902,5,3,True,Right,Back,Left,Centre,59
<_io.BytesIO object at 0x000001DC15398F40>,0.5328390002250671,0.15438111126422882,-0.07673109322786331,489902,5,3,True,Right,Back,Left,Centre,59
<_io.BytesIO object at 0x000001DC153989F0>,0.5616432428359985,0.1413072943687439,-0.1089441254734993,489902,5,3,True,Right,Back,Left,Centre,59
<_io.BytesIO object at 0x000001DC1823E220>,0.6077063083648682,0.16791997849941254,-0.03869394585490227,489903,5,3,True,Right,Back,Left,Centre,59
<_io.BytesIO object at 0x000001DC1823EEA0>,0.5132439136505127,0.10422053933143616,-0.0660744309425354,489903,5,3,True,Right,Back,Left,Centre,59
<_io.BytesIO object at 0x000001DC1823EF90>,0.5479363203048706,0.10923542827367783,0.002214213600382209,489903,5,3,True,Right,Back,Left,Centre,59
<_io.BytesIO object at 0x000001DC7FF65090>,0.5301375389099121,0.14737971127033234,-0.08321486413478851,489903,5,3,True,Right,Back,Left,Centre,59
<_io.BytesIO object at 0x000001DC7FF650E0>,0.5587322115898132,0.13236364722251892,-0.1148490160703659,489903,5,3,True,Right,Back,Left,Centre,59
<_io.BytesIO object at 0x000001DC180DC0E0>,0.6052319407463074,0.15708449482917786,-0.043681539595127106,489904,5,3,True,Right,Back,Left,Centre,59
<_io.BytesIO object at 0x000001DC180DCCC0>,0.5078204870223999,0.09832766652107239,-0.07227422297000885,489904,5,3,True,Right,Back,Left,Centre,59
<_io.BytesIO object at 0x000001DC180DCA90>,0.540774941444397,0.1027117520570755,-0.0036926153115928173,489904,5,3,True,Right,Back,Left,Centre,59
<_io.BytesIO object at 0x000001DC180DCF90>,0.5271643996238708,0.14048713445663452,-0.08907485008239746,489904,5,3,True,Right,Back,Left,Centre,59
<_io.BytesIO object at 0x000001DC180DC630>,0.5554508566856384,0.12405647337436676,-0.12051995098590851,489904,5,3,True,Right,Back,Left,Centre,59
<_io.BytesIO object at 0x000001DC18213E00>,0.6023780107498169,0.1463521122932434,-0.04846559837460518,489905,5,3,True,Right,Back,Left,Centre,59
<_io.BytesIO object at 0x000001DC18203AE0>,0.5024936199188232,0.0928390622138977,-0.07811646908521652,489905,5,3,True,Right,Back,Left,Centre,59
<_io.BytesIO object at 0x000001DC18203860>,0.5338720679283142,0.0963430181145668,-0.009549645707011223,489905,5,3,True,Right,Back,Left,Centre,59
<_io.BytesIO object at 0x000001DC18203DB0>,0.5240663886070251,0.13388673961162567,-0.09483294934034348,489905,5,3,True,Right,Back,Left,Centre,59
<_io.BytesIO object at 0x000001DC18203400>,0.5521210432052612,0.11602649092674255,-0.12549777328968048,489905,5,3,True,Right,Back,Left,Centre,59
<_io.BytesIO object at 0x000001DC18217720>,0.5994857549667358,0.13618521392345428,-0.05296787992119789,489906,5,3,True,Right,Back,Left,Centre,59
<_io.BytesIO object at 0x000001DC182038B0>,0.497396856546402,0.08749290555715561,-0.08386297523975372,489906,5,3,True,Right,Back,Left,Centre,59
<_io.BytesIO object at 0x000001DC182039A0>,0.5274174213409424,0.08992280066013336,-0.015253388322889805,489906,5,3,True,Right,Back,Left,Centre,59
<_io.BytesIO object at 0x000001DC182031D0>,0.5208288431167603,0.1276496946811676,-0.10032389312982559,489906,5,3,True,Right,Back,Left,Centre,59
<_io.BytesIO object at 0x000001DC182030E0>,0.5478147268295288,0.10800322145223618,-0.1314866542816162,489906,5,3,True,Right,Back,Left,Centre,59
<_io.BytesIO object at 0x000001DC183099F0>,0.5961556434631348,0.1266496330499649,-0.057164523750543594,489907,5,3,True,Right,Back,Left,Centre,59
<_io.BytesIO object at 0x000001DC183095E0>,0.4925842583179474,0.08229601383209229,-0.08950767666101456,489907,5,3,True,Right,Back,Left,Centre,59
<_io.BytesIO object at 0x000001DC180DCE50>,0.5213238000869751,0.08362331241369247,-0.02089245431125164,489907,5,3,True,Right,Back,Left,Centre,59
<_io.BytesIO object at 0x000001DC180DC540>,0.5175312757492065,0.12173593044281006,-0.1053014025092125,489907,5,3,True,Right,Back,Left,Centre,59
<_io.BytesIO object at 0x000001DC180DC9A0>,0.5442343354225159,0.10139605402946472,-0.13631415367126465,489907,5,3,True,Right,Back,Left,Centre,59
<_io.BytesIO object at 0x000001DC180A3BD0>,0.5926434397697449,0.11782477051019669,-0.06123347952961922,489908,5,3,True,Right,Back,Left,Centre,59
<_io.BytesIO object at 0x000001DC180A3900>,0.487987756729126,0.07742680609226227,-0.09492337703704834,489908,5,3,True,Right,Back,Left,Centre,59
<_io.BytesIO object at 0x000001DC180A3F90>,0.5156028270721436,0.07727321237325668,-0.026216629892587662,489908,5,3,True,Right,Back,Left,Centre,59
<_io.BytesIO object at 0x000001DC180A3810>,0.5142622590065002,0.11624162644147873,-0.1100395917892456,489908,5,3,True,Right,Back,Left,Centre,59
<_io.BytesIO object at 0x000001DC7FF650E0>,0.5406834483146667,0.09555329382419586,-0.14116232097148895,489908,5,3,True,Right,Back,Left,Centre,59
<_io.BytesIO object at 0x000001DC180C5130>,0.5890411138534546,0.10967985540628433,-0.06495583057403564,489909,5,3,True,Right,Back,Left,Centre,59
<_io.BytesIO object at 0x000001DC153988B0>,0.48367711901664734,0.07285401970148087,-0.10026352107524872,489909,5,3,True,Right,Back,Left,Centre,59
<_io.BytesIO object at 0x000001DC15398360>,0.5106602311134338,0.07084217667579651,-0.03171643987298012,489909,5,3,True,Right,Back,Left,Centre,59
<_io.BytesIO object at 0x000001DC153984A0>,0.5111336708068848,0.11124040186405182,-0.11454994231462479,489909,5,3,True,Right,Back,Left,Centre,59
<_io.BytesIO object at 0x000001DC15398130>,0.5372855067253113,0.09034742414951324,-0.14569953083992004,489909,5,3,True,Right,Back,Left,Centre,59
<_io.BytesIO object at 0x000001DC1820C360>,0.585512101650238,0.10239266604185104,-0.06842785328626633,489910,5,3,True,Right,Back,Left,Centre,59
<_io.BytesIO object at 0x000001DC1820CD10>,0.47979918122291565,0.06861451268196106,-0.10533349961042404,489910,5,3,True,Right,Back,Left,Centre,59
<_io.BytesIO object at 0x000001DC1820C630>,0.5058495402336121,0.06487854570150375,-0.03684511408209801,489910,5,3,True,Right,Back,Left,Centre,59
<_io.BytesIO object at 0x000001DC1821B590>,0.5080308318138123,0.10668262839317322,-0.11855749785900116,489910,5,3,True,Right,Back,Left,Centre,59
<_io.BytesIO object at 0x000001DC1821B540>,0.534165620803833,0.08577529340982437,-0.15006889402866364,489910,5,3,True,Right,Back,Left,Centre,59
<_io.BytesIO object at 0x000001DC180BF9F0>,0.582086443901062,0.09572724997997284,-0.07159215211868286,489911,5,3,True,Right,Back,Left,Centre,59
<_io.BytesIO object at 0x000001DC180BF3B0>,0.4762510657310486,0.06461279094219208,-0.11031196266412735,489911,5,3,True,Right,Back,Left,Centre,59
<_io.BytesIO object at 0x000001DC18215D10>,0.5013668537139893,0.059188976883888245,-0.04191555455327034,489911,5,3,True,Right,Back,Left,Centre,59
<_io.BytesIO object at 0x000001DC18215770>,0.5052523612976074,0.10237852483987808,-0.12278801947832108,489911,5,3,True,Right,Back,Left,Centre,59
<_io.BytesIO object at 0x000001DC18215900>,0.5316213965415955,0.08186731487512589,-0.15409979224205017,489911,5,3,True,Right,Back,Left,Centre,59
<_io.BytesIO object at 0x000001DC1820CA90>,0.5788101553916931,0.0896773487329483,-0.07448415458202362,489912,5,3,True,Right,Back,Left,Centre,59
<_io.BytesIO object at 0x000001DC1820C6D0>,0.4729961156845093,0.061223823577165604,-0.11492271721363068,489912,5,3,True,Right,Back,Left,Centre,59
<_io.BytesIO object at 0x000001DC1820ADB0>,0.49712467193603516,0.054053954780101776,-0.04667523130774498,489912,5,3,True,Right,Back,Left,Centre,59
<_io.BytesIO object at 0x000001DC1820A900>,0.5027163624763489,0.09851861745119095,-0.12680958211421967,489912,5,3,True,Right,Back,Left,Centre,59
<_io.BytesIO object at 0x000001DC1820ACC0>,0.5291526913642883,0.07810836285352707,-0.1580124944448471,489912,5,3,True,Right,Back,Left,Centre,59
<_io.BytesIO object at 0x000001DC180C5720>,0.5757300853729248,0.08420299738645554,-0.07712011784315109,489913,5,3,True,Right,Back,Left,Centre,59
<_io.BytesIO object at 0x000001DC180C5EA0>,0.4701307713985443,0.05804835259914398,-0.11943267285823822,489913,5,3,True,Right,Back,Left,Centre,59
<_io.BytesIO object at 0x000001DC180C54F0>,0.4931798279285431,0.04936572536826134,-0.051355645060539246,489913,5,3,True,Right,Back,Left,Centre,59
<_io.BytesIO object at 0x000001DC180C52C0>,0.5006345510482788,0.09510039538145065,-0.13040389120578766,489913,5,3,True,Right,Back,Left,Centre,59
<_io.BytesIO object at 0x000001DC180C50E0>,0.5270197987556458,0.07477007061243057,-0.16172736883163452,489913,5,3,True,Right,Back,Left,Centre,59
<_io.BytesIO object at 0x000001DC180A3130>,0.5729474425315857,0.07908247411251068,-0.07955124974250793,489914,5,3,True,Right,Back,Left,Centre,59
<_io.BytesIO object at 0x000001DC181219F0>,0.4676864445209503,0.055322423577308655,-0.12364153563976288,489914,5,3,True,Right,Back,Left,Centre,59
<_io.BytesIO object at 0x000001DC18121040>,0.48988643288612366,0.04513425752520561,-0.055840086191892624,489914,5,3,True,Right,Back,Left,Centre,59
<_io.BytesIO object at 0x000001DC18121860>,0.4986046552658081,0.09215856343507767,-0.13380415737628937,489914,5,3,True,Right,Back,Left,Centre,59
<_io.BytesIO object at 0x000001DC18121950>,0.525144100189209,0.07173674553632736,-0.1652144491672516,489914,5,3,True,Right,Back,Left,Centre,59
<_io.BytesIO object at 0x000001DC18309130>,0.5703957080841064,0.07437070459127426,-0.08196008950471878,489915,5,3,True,Right,Back,Left,Centre,59
<_io.BytesIO object at 0x000001DC18309B30>,0.46554243564605713,0.05282294750213623,-0.12763793766498566,489915,5,3,True,Right,Back,Left,Centre,59
<_io.BytesIO object at 0x000001DC18309DB0>,0.4860718250274658,0.04146476089954376,-0.060064081102609634,489915,5,3,True,Right,Back,Left,Centre,59
<_io.BytesIO object at 0x000001DC18213630>,0.49701884388923645,0.08943763375282288,-0.13709139823913574,489915,5,3,True,Right,Back,Left,Centre,59
<_io.BytesIO object at 0x000001DC182132C0>,0.5236296057701111,0.06903953105211258,-0.16848303377628326,489915,5,3,True,Right,Back,Left,Centre,59
<_io.BytesIO object at 0x000001DC18217950>,0.5683008432388306,0.07012122124433517,-0.08419474959373474,489916,5,3,True,Right,Back,Left,Centre,59
<_io.BytesIO object at 0x000001DC18217630>,0.4636343717575073,0.05067422613501549,-0.13124985992908478,489916,5,3,True,Right,Back,Left,Centre,59
<_io.BytesIO object at 0x000001DC18217860>,0.4830878674983978,0.03810039907693863,-0.064081110060215,489916,5,3,True,Right,Back,Left,Centre,59
<_io.BytesIO object at 0x000001DC18217310>,0.4957751929759979,0.08686196058988571,-0.14015255868434906,489916,5,3,True,Right,Back,Left,Centre,59
<_io.BytesIO object at 0x000001DC180BF860>,0.5224775075912476,0.0668586939573288,-0.17129631340503693,489916,5,3,True,Right,Back,Left,Centre,59
<_io.BytesIO object at 0x000001DC18217EA0>,0.566561222076416,0.06652428209781647,-0.08622120320796967,489917,5,3,True,Right,Back,Left,Centre,59
<_io.BytesIO object at 0x000001DC18217270>,0.4621739089488983,0.04861504212021828,-0.13469907641410828,489917,5,3,True,Right,Back,Left,Centre,59
<_io.BytesIO object at 0x000001DC18217E00>,0.48045113682746887,0.03502468392252922,-0.06788071244955063,489917,5,3,True,Right,Back,Left,Centre,59
<_io.BytesIO object at 0x000001DC182179A0>,0.494562029838562,0.08479374647140503,-0.14282363653182983,489917,5,3,True,Right,Back,Left,Centre,59
<_io.BytesIO object at 0x000001DC18217D60>,0.521456241607666,0.06496727466583252,-0.1739717423915863,489917,5,3,True,Right,Back,Left,Centre,59
<_io.BytesIO object at 0x000001DC18309DB0>,0.564924418926239,0.06346022337675095,-0.08823207765817642,489918,5,3,True,Right,Back,Left,Centre,59
<_io.BytesIO object at 0x000001DC18309A90>,0.46097779273986816,0.04663873836398125,-0.13796834647655487,489918,5,3,True,Right,Back,Left,Centre,59
<_io.BytesIO object at 0x000001DC18309590>,0.4785112142562866,0.03219326213002205,-0.0714210644364357,489918,5,3,True,Right,Back,Left,Centre,59
<_io.BytesIO object at 0x000001DC183091D0>,0.4935552775859833,0.08277013152837753,-0.1455012708902359,489918,5,3,True,Right,Back,Left,Centre,59
<_io.BytesIO object at 0x000001DC18309F40>,0.5206654071807861,0.06323626637458801,-0.17651067674160004,489918,5,3,True,Right,Back,Left,Centre,59
<_io.BytesIO object at 0x000001DC18121900>,0.5637442469596863,0.060808442533016205,-0.09023113548755646,489919,5,3,True,Right,Back,Left,Centre,59
<_io.BytesIO object at 0x000001DC18121A40>,0.46015048027038574,0.0448232926428318,-0.1410222202539444,489919,5,3,True,Right,Back,Left,Centre,59
<_io.BytesIO object at 0x000001DC180A3540>,0.4768960773944855,0.02974560111761093,-0.07467222213745117,489919,5,3,True,Right,Back,Left,Centre,59
<_io.BytesIO object at 0x000001DC180A37C0>,0.49292224645614624,0.08090032637119293,-0.1477680206298828,489919,5,3,True,Right,Back,Left,Centre,59
<_io.BytesIO object at 0x000001DC180A3310>,0.5201988220214844,0.0615650899708271,-0.17878524959087372,489919,5,3,True,Right,Back,Left,Centre,59
<_io.BytesIO object at 0x000001DC180C54F0>,0.5626668930053711,0.05922309309244156,-0.09247797727584839,489920,5,3,True,Right,Back,Left,Centre,59
<_io.BytesIO object at 0x000001DC180C5450>,0.45946139097213745,0.0431826077401638,-0.14366760849952698,489920,5,3,True,Right,Back,Left,Centre,59
<_io.BytesIO object at 0x000001DC180C5C20>,0.47570496797561646,0.027637336403131485,-0.07763145118951797,489920,5,3,True,Right,Back,Left,Centre,59
<_io.BytesIO object at 0x000001DC180C58B0>,0.4924955666065216,0.07913196831941605,-0.15002228319644928,489920,5,3,True,Right,Back,Left,Centre,59
<_io.BytesIO object at 0x000001DC180C54A0>,0.519848108291626,0.059987328946590424,-0.18107545375823975,489920,5,3,True,Right,Back,Left,Centre,59
<_io.BytesIO object at 0x000001DC1820C310>,0.561813235282898,0.05799662694334984,-0.0946524515748024,489921,5,3,True,Right,Back,Left,Centre,59
<_io.BytesIO object at 0x000001DC1820C4A0>,0.4591934382915497,0.04150991141796112,-0.1462102234363556,489921,5,3,True,Right,Back,Left,Centre,59
<_io.BytesIO object at 0x000001DC1820C720>,0.47499513626098633,0.025806989520788193,-0.0803399533033371,489921,5,3,True,Right,Back,Left,Centre,59
<_io.BytesIO object at 0x000001DC1820CA40>,0.49216312170028687,0.07756665349006653,-0.15228912234306335,489921,5,3,True,Right,Back,Left,Centre,59
<_io.BytesIO object at 0x000001DC1820C7C0>,0.5197395086288452,0.058519553393125534,-0.1831822544336319,489921,5,3,True,Right,Back,Left,Centre,59
<_io.BytesIO object at 0x000001DC18215F40>,0.5612589716911316,0.05708228051662445,-0.09652050584554672,489922,5,3,True,Right,Back,Left,Centre,59
<_io.BytesIO object at 0x000001DC18215F90>,0.45906949043273926,0.03977978974580765,-0.14857131242752075,489922,5,3,True,Right,Back,Left,Centre,59
<_io.BytesIO object at 0x000001DC1823B720>,0.4746622145175934,0.02432926744222641,-0.08269151300191879,489922,5,3,True,Right,Back,Left,Centre,59
<_io.BytesIO object at 0x000001DC1823B360>,0.49213749170303345,0.07594922184944153,-0.15445737540721893,489922,5,3,True,Right,Back,Left,Centre,59
<_io.BytesIO object at 0x000001DC1823B0E0>,0.5197752118110657,0.05704508721828461,-0.18484076857566833,489922,5,3,True,Right,Back,Left,Centre,59
<_io.BytesIO object at 0x000001DC1820AD60>,0.561072826385498,0.05622689425945282,-0.09825786203145981,489923,5,3,True,Right,Back,Left,Centre,59
<_io.BytesIO object at 0x000001DC1820A450>,0.4591774344444275,0.03833971917629242,-0.15062680840492249,489923,5,3,True,Right,Back,Left,Centre,59
<_io.BytesIO object at 0x000001DC1820AB30>,0.47435691952705383,0.023516317829489708,-0.08464105427265167,489923,5,3,True,Right,Back,Left,Centre,59
<_io.BytesIO object at 0x000001DC1820A590>,0.4922148287296295,0.07450102269649506,-0.1561654806137085,489923,5,3,True,Right,Back,Left,Centre,59
<_io.BytesIO object at 0x000001DC1820A3B0>,0.5199905037879944,0.055429987609386444,-0.18634644150733948,489923,5,3,True,Right,Back,Left,Centre,59
