_io,asset_ID,pos_x,pos_y,pos_z,rot_w,rot_x,rot_y,rot_z,error,tracking_valid,frame,trial_num,block_num,practicing,left_right_hand,palm_back_hand,target_loc,distractor_loc,participant_id
<_io.BytesIO object at 0x00000245C1D034A0>,1056645420,0.38550350069999695,-0.23267561197280884,2.802596928649634e-45,1.064986832886861e-43,4.203895392974451e-45,0.2897190749645233,0.023499874398112297,-0.07071256637573242,11791,115520,7,2,False,Left,Back,Left,Centre,77
<_io.BytesIO object at 0x00000245C1D0C0E0>,1056645549,0.38556933403015137,-0.23224854469299316,2.802596928649634e-45,1.064986832886861e-43,4.203895392974451e-45,0.2897166311740875,0.023476647213101387,-0.07071176171302795,-18264,115521,7,2,False,Left,Back,Left,Centre,77
<_io.BytesIO object at 0x00000245BEF60E50>,1056646317,0.38554733991622925,-0.23222501575946808,2.802596928649634e-45,1.064986832886861e-43,4.203895392974451e-45,0.28972041606903076,0.023490097373723984,-0.07071257382631302,30394,115522,7,2,False,Left,Back,Left,Centre,77
<_io.BytesIO object at 0x00000245C1D0CA90>,1056647700,0.38552671670913696,-0.2321876883506775,2.802596928649634e-45,1.064986832886861e-43,4.203895392974451e-45,0.2897465229034424,0.023480573669075966,-0.07066240161657333,-3899,115523,7,2,False,Left,Back,Left,Centre,77
<_io.BytesIO object at 0x00000245BEF604F0>,1056648911,0.3855087459087372,-0.23212678730487823,2.802596928649634e-45,1.064986832886861e-43,4.203895392974451e-45,0.28973275423049927,0.023427940905094147,-0.07070644944906235,28133,115524,7,2,False,Left,Back,Left,Centre,77
<_io.BytesIO object at 0x00000245C1D031D0>,1056650303,0.3854846656322479,-0.2320772111415863,2.802596928649634e-45,1.064986832886861e-43,4.203895392974451e-45,0.2897394895553589,0.02339596301317215,-0.07071350514888763,12336,115525,7,2,False,Left,Back,Left,Centre,77
<_io.BytesIO object at 0x00000245BEF604F0>,1056656049,0.3854687511920929,-0.23202456533908844,2.802596928649634e-45,1.064986832886861e-43,4.203895392974451e-45,0.2897489368915558,0.023369895294308662,-0.07072938978672028,-5929,115526,7,2,False,Left,Back,Left,Centre,77
<_io.BytesIO object at 0x00000245C1D03180>,1056657491,0.3854415714740753,-0.23198191821575165,2.802596928649634e-45,1.064986832886861e-43,4.203895392974451e-45,0.28975382447242737,0.023338768631219864,-0.07073055952787399,-12906,115527,7,2,False,Left,Back,Left,Centre,77
<_io.BytesIO object at 0x00000245C1D03DB0>,1056661250,0.38540974259376526,-0.23174378275871277,2.802596928649634e-45,1.064986832886861e-43,4.203895392974451e-45,0.28976160287857056,0.02332661673426628,-0.07071799039840698,18490,115528,7,2,False,Left,Back,Left,Centre,77
<_io.BytesIO object at 0x00000245BEF60A90>,1056662039,0.3853752911090851,-0.23171687126159668,0.6268829703330994,0.008809346705675125,-0.07463512569665909,2.802596928649634e-45,1.064986832886861e-43,4.203895392974451e-45,23658,115529,7,2,False,Left,Back,Left,Centre,77
<_io.BytesIO object at 0x00000245BEF60310>,3966385812,-1.959590425211699e+16,1.135940435285056e-33,-5.87700798485584e-35,-1.1836786871919989e-35,-6.083353327086968e-39,2.0668085298769512e-10,1.1309459516026301e-40,1.401298464324817e-45,-11730,115529,7,2,False,Left,Back,Left,Centre,77
<_io.BytesIO object at 0x00000245C1D0C0E0>,1056662582,0.3853490948677063,-0.2316647171974182,0.6271742582321167,0.00850625615566969,-0.07427167892456055,2.802596928649634e-45,1.064986832886861e-43,4.203895392974451e-45,24538,115530,7,2,False,Left,Back,Left,Centre,77
<_io.BytesIO object at 0x00000245C1D0C4F0>,2701868692,-2756399.5,4124516.0,4147959808.0,4.571452518575825e-05,3.0665949586159886e+35,-3.6561396132839263e-09,1.1309459516026301e-40,1.401298464324817e-45,1500,115530,7,2,False,Left,Back,Left,Centre,77
<_io.BytesIO object at 0x00000245BEF606D0>,1056662421,0.3853210210800171,-0.23163427412509918,0.6276149153709412,0.008342202752828598,-0.07394406944513321,2.802596928649634e-45,1.064986832886861e-43,4.203895392974451e-45,25384,115531,7,2,False,Left,Back,Left,Centre,77
<_io.BytesIO object at 0x00000245BEF60AE0>,2628599444,-1.4627912044525146,3.475838785907809e+20,-1.7049821615219116,1.3028809872534473e+35,-9.368306132378284e-36,-1.034554770173775e+36,1.1309319386179869e-40,1.401298464324817e-45,9406,115531,7,2,False,Left,Back,Left,Centre,77
<_io.BytesIO object at 0x00000245C1D0C4F0>,1056661816,0.38529524207115173,-0.23161138594150543,0.6279199123382568,0.008281230926513672,-0.07360465824604034,2.802596928649634e-45,1.064986832886861e-43,4.203895392974451e-45,25920,115532,7,2,False,Left,Back,Left,Centre,77
<_io.BytesIO object at 0x00000245BEF60680>,2301836948,-2.7425079451859347e-07,6.145812984926087e-18,-808.950927734375,1.5312456679692811e+34,-7.158376752832383e-36,-605019968.0,1.1309319386179869e-40,1.401298464324817e-45,15977,115532,7,2,False,Left,Back,Left,Centre,77
<_io.BytesIO object at 0x00000245C1D0C590>,1056660573,0.38527584075927734,-0.23158858716487885,0.6281254887580872,0.00826591718941927,-0.0732174813747406,2.802596928649634e-45,1.064986832886861e-43,4.203895392974451e-45,25791,115533,7,2,False,Left,Back,Left,Centre,77
<_io.BytesIO object at 0x00000245C1D0CC20>,2995666580,-8.129972002279828e-07,2.9685533238807967e+20,-3.5832306011229775e-09,1.320302648645669e+25,-1.1296116867726835e-35,-4.5240271108553184e+21,1.1309319386179869e-40,1.401298464324817e-45,22521,115533,7,2,False,Left,Back,Left,Centre,77
<_io.BytesIO object at 0x00000245BEF60B30>,1056658899,0.385252445936203,-0.23157402873039246,0.6284302473068237,0.008441031910479069,-0.07289871573448181,2.802596928649634e-45,1.064986832886861e-43,4.203895392974451e-45,26370,115534,7,2,False,Left,Back,Left,Centre,77
<_io.BytesIO object at 0x00000245BEF609F0>,2875145876,-2.0294498605233618e-15,-3.292047949798871e-07,-6.446982695873008e-34,329283062988800.0,7.584636987839708e+37,-7.382894344704419e-14,1.1309319386179869e-40,1.401298464324817e-45,28727,115534,7,2,False,Left,Back,Left,Centre,77
<_io.BytesIO object at 0x00000245C1D03180>,1056651995,0.3852304518222809,-0.231552854180336,0.6287436485290527,0.008796392939984798,-0.07263070344924927,2.802596928649634e-45,1.064986832886861e-43,4.203895392974451e-45,26016,115535,7,2,False,Left,Back,Left,Centre,77
<_io.BytesIO object at 0x00000245C1D0CB30>,4253957780,-4.1964169769301285e-13,-2.5686604805880707e-24,-1.3668940823240595e-14,-8.359896724864111e-19,1.1567761743045674e+37,9.817703151644443e+18,1.1309319386179869e-40,1.401298464324817e-45,-31681,115535,7,2,False,Left,Back,Left,Centre,77
<_io.BytesIO object at 0x00000245BEF60B80>,1056649638,0.38522282242774963,-0.23152077198028564,0.6292126774787903,0.009425132535398006,-0.07240647822618484,2.802596928649634e-45,1.064986832886861e-43,4.203895392974451e-45,24867,115536,7,2,False,Left,Back,Left,Centre,77
<_io.BytesIO object at 0x00000245BEF60900>,1499741844,-0.0027044264134019613,7.170307025744691e+16,2.0989354698741636e-09,-1.0090118111254626e+34,2.1219647817694435e+33,6.006217794169225e-14,1.1309319386179869e-40,1.401298464324817e-45,-27506,115536,7,2,False,Left,Back,Left,Centre,77
<_io.BytesIO object at 0x00000245C1D0CE00>,1056647608,0.3852096199989319,-0.23148445785045624,0.6295444369316101,0.010200312361121178,-0.07216826826334,2.802596928649634e-45,1.064986832886861e-43,4.203895392974451e-45,23608,115537,7,2,False,Left,Back,Left,Centre,77
<_io.BytesIO object at 0x00000245C1D0CB30>,4286660244,-113.61864471435547,6.3716702992041235e+37,58339471917056.0,-6324060707356672.0,2.9627488233748858e+35,3.530565399721312e+30,1.1309179256333436e-40,1.401298464324817e-45,-24159,115537,7,2,False,Left,Back,Left,Centre,77
<_io.BytesIO object at 0x00000245BEF60400>,1056645358,0.38519662618637085,-0.23144835233688354,2.802596928649634e-45,1.064986832886861e-43,4.203895392974451e-45,0.2897630035877228,0.023510850965976715,-0.0706804171204567,31552,115538,7,2,False,Left,Back,Left,Centre,77
<_io.BytesIO object at 0x00000245C1D03770>,1056643094,0.385183721780777,-0.23143340647220612,2.802596928649634e-45,1.064986832886861e-43,4.203895392974451e-45,0.28974083065986633,0.023566491901874542,-0.07068658620119095,11232,115539,7,2,False,Left,Back,Left,Centre,77
<_io.BytesIO object at 0x00000245BEF60C20>,1056641194,0.3851652443408966,-0.2313954383134842,2.802596928649634e-45,1.064986832886861e-43,4.203895392974451e-45,0.2897299528121948,0.023671993985772133,-0.07061943411827087,-14489,115540,7,2,False,Left,Back,Left,Centre,77
<_io.BytesIO object at 0x00000245C1D03130>,1056639607,0.3851567506790161,-0.23134449124336243,2.802596928649634e-45,1.064986832886861e-43,4.203895392974451e-45,0.2897067666053772,0.023713313043117523,-0.0706191435456276,-16851,115541,7,2,False,Left,Back,Left,Centre,77
<_io.BytesIO object at 0x00000245BEF607C0>,1056637945,0.3851516544818878,-0.2312975525856018,2.802596928649634e-45,1.064986832886861e-43,4.203895392974451e-45,0.28967520594596863,0.023743148893117905,-0.07063104957342148,-17938,115542,7,2,False,Left,Back,Left,Centre,77
<_io.BytesIO object at 0x00000245BEF60450>,1056636811,0.38514000177383423,-0.23125214874744415,2.802596928649634e-45,1.064986832886861e-43,4.203895392974451e-45,0.2896513044834137,0.023759059607982635,-0.0706479400396347,-11708,115543,7,2,False,Left,Back,Left,Centre,77
<_io.BytesIO object at 0x00000245BEF60C20>,1056634851,0.38508060574531555,-0.23116379976272583,2.802596928649634e-45,1.064986832886861e-43,4.203895392974451e-45,0.2896357774734497,0.02376626431941986,-0.07065410166978836,18501,115544,7,2,False,Left,Back,Left,Centre,77
<_io.BytesIO object at 0x00000245BEF606D0>,1056635505,0.38509202003479004,-0.23108968138694763,2.802596928649634e-45,1.064986832886861e-43,4.203895392974451e-45,0.2896226644515991,0.02376543916761875,-0.07066590338945389,1286,115545,7,2,False,Left,Back,Left,Centre,77
<_io.BytesIO object at 0x00000245C1D03130>,1056636098,0.38508737087249756,-0.2310280203819275,2.802596928649634e-45,1.064986832886861e-43,4.203895392974451e-45,0.28962257504463196,0.02375931479036808,-0.07068289071321487,-23204,115546,7,2,False,Left,Back,Left,Centre,77
<_io.BytesIO object at 0x00000245C1D0C540>,1056637809,0.38508886098861694,-0.23093979060649872,2.802596928649634e-45,1.064986832886861e-43,4.203895392974451e-45,0.28962674736976624,0.023722585290670395,-0.07069714367389679,-25702,115547,7,2,False,Left,Back,Left,Centre,77
<_io.BytesIO object at 0x00000245C1D0CF40>,1056641430,0.38497430086135864,-0.231021910905838,2.802596928649634e-45,1.064986832886861e-43,4.203895392974451e-45,0.28963539004325867,0.023688312619924545,-0.07070270925760269,11982,115548,7,2,False,Left,Back,Left,Centre,77
<_io.BytesIO object at 0x00000245BEF60BD0>,1056643559,0.384954035282135,-0.23096510767936707,2.802596928649634e-45,1.064986832886861e-43,4.203895392974451e-45,0.28964415192604065,0.023656614124774933,-0.07069814205169678,-27133,115549,7,2,False,Left,Back,Left,Centre,77
<_io.BytesIO object at 0x00000245C1D030E0>,1056645687,0.38493630290031433,-0.23087412118911743,2.802596928649634e-45,1.064986832886861e-43,4.203895392974451e-45,0.28964880108833313,0.023612741380929947,-0.07069442421197891,-20702,115550,7,2,False,Left,Back,Left,Centre,77
<_io.BytesIO object at 0x00000245BEF60900>,1056648504,0.38491684198379517,-0.2307807356119156,2.802596928649634e-45,1.064986832886861e-43,4.203895392974451e-45,0.28965839743614197,0.023520577698946,-0.07069367915391922,4445,115551,7,2,False,Left,Back,Left,Centre,77
<_io.BytesIO object at 0x00000245BEF606D0>,1056650765,0.38468432426452637,-0.23063714802265167,2.802596928649634e-45,1.064986832886861e-43,4.203895392974451e-45,0.2896747589111328,0.023443466052412987,-0.07069964706897736,4345,115552,7,2,False,Left,Back,Left,Centre,77
<_io.BytesIO object at 0x00000245C1D03E50>,1056652505,0.3846718668937683,-0.23054464161396027,2.802596928649634e-45,1.064986832886861e-43,4.203895392974451e-45,0.28968513011932373,0.023380812257528305,-0.07067963480949402,11990,115553,7,2,False,Left,Back,Left,Centre,77
<_io.BytesIO object at 0x00000245BEF60770>,1056654574,0.384642630815506,-0.23048953711986542,2.802596928649634e-45,1.064986832886861e-43,4.203895392974451e-45,0.28972822427749634,0.02332778088748455,-0.07066871225833893,4299,115554,7,2,False,Left,Back,Left,Centre,77
<_io.BytesIO object at 0x00000245C1D0C5E0>,1056657266,0.38452932238578796,-0.2306000143289566,2.802596928649634e-45,1.064986832886861e-43,4.203895392974451e-45,0.2897630035877228,0.023278482258319855,-0.070638008415699,4241,115555,7,2,False,Left,Back,Left,Centre,77
<_io.BytesIO object at 0x00000245BEF50C70>,1056658615,0.3845020532608032,-0.2303503304719925,2.802596928649634e-45,1.064986832886861e-43,4.203895392974451e-45,0.2898183763027191,0.02323174849152565,-0.0705745741724968,-24800,115556,7,2,False,Left,Back,Left,Centre,77
<_io.BytesIO object at 0x00000245C1DD1270>,1056659639,0.3844912052154541,-0.23027019202709198,2.802596928649634e-45,1.064986832886861e-43,4.203895392974451e-45,0.28986725211143494,0.023198598995804787,-0.07053163647651672,-14407,115557,7,2,False,Left,Back,Left,Centre,77
<_io.BytesIO object at 0x00000245BEFC8900>,1056657257,0.3843846619129181,-0.23033103346824646,2.802596928649634e-45,1.064986832886861e-43,4.203895392974451e-45,0.28989407420158386,0.02312333695590496,-0.07056217640638351,21972,115558,7,2,False,Left,Back,Left,Centre,77
<_io.BytesIO object at 0x00000245BEF92EF0>,1056664318,0.3844592273235321,-0.23007482290267944,2.802596928649634e-45,1.064986832886861e-43,4.203895392974451e-45,0.28994128108024597,0.02313784323632717,-0.07053413987159729,-30183,115559,7,2,False,Left,Back,Left,Centre,77
<_io.BytesIO object at 0x00000245BEF925E0>,1056666083,0.38449859619140625,-0.22959552705287933,2.802596928649634e-45,1.064986832886861e-43,4.203895392974451e-45,0.28996187448501587,0.023152805864810944,-0.07051633298397064,-8683,115560,7,2,False,Left,Back,Left,Centre,77
<_io.BytesIO object at 0x00000245BEFC81D0>,1056661350,0.38447538018226624,-0.2295529842376709,2.802596928649634e-45,1.064986832886861e-43,4.203895392974451e-45,0.28997716307640076,0.023157982155680656,-0.07051436603069305,9758,115561,7,2,False,Left,Back,Left,Centre,77
<_io.BytesIO object at 0x00000245BEF89770>,1056663520,0.3844618797302246,-0.229296013712883,2.802596928649634e-45,1.064986832886861e-43,4.203895392974451e-45,0.2899860143661499,0.023174889385700226,-0.07051676511764526,9020,115562,7,2,False,Left,Back,Left,Centre,77
<_io.BytesIO object at 0x00000245BEF50770>,1056668849,0.3845709264278412,-0.22886709868907928,2.802596928649634e-45,1.064986832886861e-43,4.203895392974451e-45,0.28999561071395874,0.02316458523273468,-0.07052848488092422,-12818,115563,7,2,False,Left,Back,Left,Centre,77
<_io.BytesIO object at 0x00000245BEF60720>,1056668321,0.3845842778682709,-0.22876541316509247,2.802596928649634e-45,1.064986832886861e-43,4.203895392974451e-45,0.29000163078308105,0.023167964071035385,-0.07053083181381226,-11320,115564,7,2,False,Left,Back,Left,Centre,77
<_io.BytesIO object at 0x00000245C1D036D0>,1056663664,0.38456299901008606,-0.2287866622209549,2.802596928649634e-45,1.064986832886861e-43,4.203895392974451e-45,0.29000335931777954,0.02315836027264595,-0.07054086774587631,-21446,115565,7,2,False,Left,Back,Left,Centre,77
<_io.BytesIO object at 0x00000245BEF63C20>,1056662781,0.38456928730010986,-0.2287108302116394,2.802596928649634e-45,1.064986832886861e-43,4.203895392974451e-45,0.29000845551490784,0.023136340081691742,-0.0705496072769165,-21169,115566,7,2,False,Left,Back,Left,Centre,77
<_io.BytesIO object at 0x00000245BEF552C0>,1056658906,0.3846415877342224,-0.2283615916967392,2.802596928649634e-45,1.064986832886861e-43,4.203895392974451e-45,0.29000893235206604,0.023112550377845764,-0.07056590914726257,32683,115567,7,2,False,Left,Back,Left,Centre,77
<_io.BytesIO object at 0x00000245C1CFE400>,1056658205,0.38467469811439514,-0.22821903228759766,2.802596928649634e-45,1.064986832886861e-43,4.203895392974451e-45,0.29000598192214966,0.02310517057776451,-0.07057413458824158,31336,115568,7,2,False,Left,Back,Left,Centre,77
<_io.BytesIO object at 0x00000245C1CF8B30>,1056657754,0.3846604526042938,-0.2281791865825653,2.802596928649634e-45,1.064986832886861e-43,4.203895392974451e-45,0.28999802470207214,0.02310560643672943,-0.07057666033506393,-22175,115569,7,2,False,Left,Back,Left,Centre,77
<_io.BytesIO object at 0x00000245C1CFEEF0>,1056657454,0.38465505838394165,-0.22812320291996002,2.802596928649634e-45,1.064986832886861e-43,4.203895392974451e-45,0.2899898886680603,0.023091856390237808,-0.07058383524417877,-18965,115570,7,2,False,Left,Back,Left,Centre,77
<_io.BytesIO object at 0x00000245BEF55AE0>,1056656523,0.3846519887447357,-0.22804760932922363,2.802596928649634e-45,1.064986832886861e-43,4.203895392974451e-45,0.28995731472969055,0.023077039048075676,-0.07060875743627548,26340,115571,7,2,False,Left,Back,Left,Centre,77
<_io.BytesIO object at 0x00000245BEF630E0>,1056655725,0.3846491277217865,-0.22796382009983063,2.802596928649634e-45,1.064986832886861e-43,4.203895392974451e-45,0.28993943333625793,0.023107003420591354,-0.07060882449150085,23769,115572,7,2,False,Left,Back,Left,Centre,77
<_io.BytesIO object at 0x00000245C1CF8950>,1056654524,0.38464757800102234,-0.2278812974691391,2.802596928649634e-45,1.064986832886861e-43,4.203895392974451e-45,0.28992077708244324,0.0231375303119421,-0.07060732692480087,2877,115573,7,2,False,Left,Back,Left,Centre,77
<_io.BytesIO object at 0x00000245BEF83DB0>,1056653393,0.38464152812957764,-0.22779762744903564,2.802596928649634e-45,1.064986832886861e-43,4.203895392974451e-45,0.2899046540260315,0.023161662742495537,-0.07059720158576965,-3926,115574,7,2,False,Left,Back,Left,Centre,77
<_io.BytesIO object at 0x00000245C1CF8A40>,1056651678,0.3846273124217987,-0.22772403061389923,2.802596928649634e-45,1.064986832886861e-43,4.203895392974451e-45,0.28988632559776306,0.023207101970911026,-0.07059196382761002,-4656,115575,7,2,False,Left,Back,Left,Centre,77
<_io.BytesIO object at 0x00000245BEF636D0>,1056649994,0.38461676239967346,-0.22765614092350006,2.802596928649634e-45,1.064986832886861e-43,4.203895392974451e-45,0.28984004259109497,0.023270374163985252,-0.07060198485851288,541,115576,7,2,False,Left,Back,Left,Centre,77
<_io.BytesIO object at 0x00000245BEFC88B0>,1056647358,0.3846990466117859,-0.22717852890491486,2.802596928649634e-45,1.064986832886861e-43,4.203895392974451e-45,0.28982990980148315,0.023295491933822632,-0.07057881355285645,17290,115577,7,2,False,Left,Back,Left,Centre,77
<_io.BytesIO object at 0x00000245C1CFE040>,1056639754,0.3845914304256439,-0.22742964327335358,2.802596928649634e-45,1.064986832886861e-43,4.203895392974451e-45,0.2897969186306,0.023351874202489853,-0.07059076428413391,7813,115578,7,2,False,Left,Back,Left,Centre,77
<_io.BytesIO object at 0x00000245BEF83090>,1056637885,0.38458946347236633,-0.22732768952846527,2.802596928649634e-45,1.064986832886861e-43,4.203895392974451e-45,0.289790540933609,0.023426733911037445,-0.07057155668735504,-29838,115579,7,2,False,Left,Back,Left,Centre,77
<_io.BytesIO object at 0x00000245C1CFE950>,1056635559,0.384589284658432,-0.22722943127155304,2.802596928649634e-45,1.064986832886861e-43,4.203895392974451e-45,0.2897852659225464,0.023489678278565407,-0.0705656036734581,21517,115580,7,2,False,Left,Back,Left,Centre,77
<_io.BytesIO object at 0x00000245BEFC87C0>,1056633340,0.38458487391471863,-0.22714561223983765,2.802596928649634e-45,1.064986832886861e-43,4.203895392974451e-45,0.28974440693855286,0.02363765239715576,-0.07053787261247635,24575,115581,7,2,False,Left,Back,Left,Centre,77
<_io.BytesIO object at 0x00000245BEF63E50>,1056628970,0.3845250606536865,-0.22702905535697937,2.802596928649634e-45,1.064986832886861e-43,4.203895392974451e-45,0.2897264361381531,0.023706775158643723,-0.07053148001432419,5875,115582,7,2,False,Left,Back,Left,Centre,77
<_io.BytesIO object at 0x00000245C1CF8BD0>,1056624567,0.38457804918289185,-0.2266892045736313,2.802596928649634e-45,1.064986832886861e-43,4.203895392974451e-45,0.2897271513938904,0.023760860785841942,-0.07051289081573486,26549,115583,7,2,False,Left,Back,Left,Centre,77
<_io.BytesIO object at 0x00000245C1E0B400>,1056622442,0.3845877945423126,-0.2265659123659134,2.802596928649634e-45,1.064986832886861e-43,4.203895392974451e-45,0.2897239029407501,0.02382495068013668,-0.07050246745347977,9998,115584,7,2,False,Left,Back,Left,Centre,77
<_io.BytesIO object at 0x00000245C1D0CC20>,1056620711,0.38457369804382324,-0.22646360099315643,2.802596928649634e-45,1.064986832886861e-43,4.203895392974451e-45,0.28972893953323364,0.023900607600808144,-0.07051317393779755,-32597,115585,7,2,False,Left,Back,Left,Centre,77
<_io.BytesIO object at 0x00000245BEF63EF0>,1056618584,0.3845587968826294,-0.22638069093227386,2.802596928649634e-45,1.064986832886861e-43,4.203895392974451e-45,0.28973329067230225,0.02396390028297901,-0.0705166757106781,-6779,115586,7,2,False,Left,Back,Left,Centre,77
<_io.BytesIO object at 0x00000245BEF55220>,1056614862,0.38450172543525696,-0.22622810304164886,2.802596928649634e-45,1.064986832886861e-43,4.203895392974451e-45,0.2897278368473053,0.0240256916731596,-0.07052796334028244,31595,115587,7,2,False,Left,Back,Left,Centre,77
<_io.BytesIO object at 0x00000245BEF5F3B0>,1056609953,0.38447606563568115,-0.22584982216358185,2.802596928649634e-45,1.064986832886861e-43,4.203895392974451e-45,0.28970614075660706,0.02404240146279335,-0.07059848308563232,-4906,115588,7,2,False,Left,Back,Left,Centre,77
<_io.BytesIO object at 0x00000245C1DD16D0>,1056609843,0.3843703269958496,-0.22587355971336365,2.802596928649634e-45,1.064986832886861e-43,4.203895392974451e-45,0.2897106409072876,0.02407745271921158,-0.07062659412622452,563,115589,7,2,False,Left,Back,Left,Centre,77
<_io.BytesIO object at 0x00000245BEF89B80>,1056604040,0.38429906964302063,-0.2258712500333786,2.802596928649634e-45,1.064986832886861e-43,4.203895392974451e-45,0.28971439599990845,0.02412155084311962,-0.07065559178590775,-16156,115590,7,2,False,Left,Back,Left,Centre,77
<_io.BytesIO object at 0x00000245BEF50CC0>,1056602448,0.3842616081237793,-0.22577311098575592,2.802596928649634e-45,1.064986832886861e-43,4.203895392974451e-45,0.2897154688835144,0.024152465164661407,-0.0706808865070343,14510,115591,7,2,False,Left,Back,Left,Centre,77
<_io.BytesIO object at 0x00000245BEF605E0>,1056600155,0.38423699140548706,-0.22565414011478424,2.802596928649634e-45,1.064986832886861e-43,4.203895392974451e-45,0.2897195518016815,0.024203356355428696,-0.070716492831707,-32614,115592,7,2,False,Left,Back,Left,Centre,77
<_io.BytesIO object at 0x00000245C1CF84F0>,1056595933,0.38415709137916565,-0.2254391312599182,2.802596928649634e-45,1.064986832886861e-43,4.203895392974451e-45,0.28973138332366943,0.02423379383981228,-0.07072915881872177,28468,115593,7,2,False,Left,Back,Left,Centre,77
<_io.BytesIO object at 0x00000245C1D03D60>,1056593808,0.3841131031513214,-0.22538325190544128,2.802596928649634e-45,1.064986832886861e-43,4.203895392974451e-45,0.28974655270576477,0.02426614612340927,-0.07074452191591263,-15332,115594,7,2,False,Left,Back,Left,Centre,77
<_io.BytesIO object at 0x00000245BEF50AE0>,1056593593,0.3840530514717102,-0.22517526149749756,2.802596928649634e-45,1.064986832886861e-43,4.203895392974451e-45,0.2897653579711914,0.0242905393242836,-0.07075203955173492,-4771,115595,7,2,False,Left,Back,Left,Centre,77
<_io.BytesIO object at 0x00000245BEFC8900>,1056588562,0.3840877413749695,-0.22488874197006226,2.802596928649634e-45,1.064986832886861e-43,4.203895392974451e-45,0.28976958990097046,0.024346591904759407,-0.07074575871229172,-23765,115596,7,2,False,Left,Back,Left,Centre,77
<_io.BytesIO object at 0x00000245C1CFE0E0>,1056585513,0.384077787399292,-0.22476550936698914,2.802596928649634e-45,1.064986832886861e-43,4.203895392974451e-45,0.2897942066192627,0.024387139827013016,-0.07073648273944855,3935,115597,7,2,False,Left,Back,Left,Centre,77
<_io.BytesIO object at 0x00000245BEF839F0>,1056584837,0.38397276401519775,-0.2248065024614334,2.802596928649634e-45,1.064986832886861e-43,4.203895392974451e-45,0.2897849380970001,0.024494225159287453,-0.07072964310646057,19396,115598,7,2,False,Left,Back,Left,Centre,77
<_io.BytesIO object at 0x00000245C1CFE5E0>,1056582110,0.3839345872402191,-0.22482213377952576,2.802596928649634e-45,1.064986832886861e-43,4.203895392974451e-45,0.28979671001434326,0.024518674239516258,-0.0707121342420578,-12332,115599,7,2,False,Left,Back,Left,Centre,77
<_io.BytesIO object at 0x00000245BEF63EF0>,1056578654,0.3839106857776642,-0.22482499480247498,2.802596928649634e-45,1.064986832886861e-43,4.203895392974451e-45,0.28980547189712524,0.024548204615712166,-0.07069643586874008,14410,115600,7,2,False,Left,Back,Left,Centre,77
<_io.BytesIO object at 0x00000245C1D0CB30>,1056573127,0.38398683071136475,-0.2243463397026062,2.802596928649634e-45,1.064986832886861e-43,4.203895392974451e-45,0.2897982895374298,0.024636026471853256,-0.07066129893064499,-30679,115601,7,2,False,Left,Back,Left,Centre,77
<_io.BytesIO object at 0x00000245C1D033B0>,1056559467,0.38377144932746887,-0.22475390136241913,2.802596928649634e-45,1.064986832886861e-43,4.203895392974451e-45,0.28981730341911316,0.024621471762657166,-0.07063716650009155,-10248,115602,7,2,False,Left,Back,Left,Centre,77
<_io.BytesIO object at 0x00000245BEF836D0>,1056544999,0.3837229609489441,-0.22482725977897644,2.802596928649634e-45,1.064986832886861e-43,4.203895392974451e-45,0.28982222080230713,0.0246870219707489,-0.07062317430973053,2783,115603,7,2,False,Left,Back,Left,Centre,77
<_io.BytesIO object at 0x00000245C1D036D0>,1056538541,0.383700966835022,-0.224784255027771,2.802596928649634e-45,1.064986832886861e-43,4.203895392974451e-45,0.289839506149292,0.024713601917028427,-0.07059045135974884,31781,115604,7,2,False,Left,Back,Left,Centre,77
<_io.BytesIO object at 0x00000245C1D0CE00>,1056529509,0.38374876976013184,-0.22449751198291779,2.802596928649634e-45,1.064986832886861e-43,4.203895392974451e-45,0.2898450791835785,0.024741103872656822,-0.07056453078985214,-22131,115605,7,2,False,Left,Back,Left,Centre,77
<_io.BytesIO object at 0x00000245BEFC8720>,1056522308,0.3837461471557617,-0.22438888251781464,2.802596928649634e-45,1.064986832886861e-43,4.203895392974451e-45,0.2898635268211365,0.024762140586972237,-0.07055582106113434,30924,115606,7,2,False,Left,Back,Left,Centre,77
<_io.BytesIO object at 0x00000245C1CFE950>,1056515602,0.383725643157959,-0.22437307238578796,2.802596928649634e-45,1.064986832886861e-43,4.203895392974451e-45,0.28991878032684326,0.024769915267825127,-0.0704813301563263,-29723,115607,7,2,False,Left,Back,Left,Centre,77
<_io.BytesIO object at 0x00000245C1E0B4A0>,1056497231,0.3836963474750519,-0.22426575422286987,2.802596928649634e-45,1.064986832886861e-43,4.203895392974451e-45,0.2899646759033203,0.02471320517361164,-0.07048354297876358,18774,115608,7,2,False,Left,Back,Left,Centre,77
<_io.BytesIO object at 0x00000245BEF89CC0>,1056485031,0.38358625769615173,-0.22412747144699097,2.802596928649634e-45,1.064986832886861e-43,4.203895392974451e-45,0.2900431156158447,0.02466992475092411,-0.07040610164403915,-1949,115609,7,2,False,Left,Back,Left,Centre,77
<_io.BytesIO object at 0x00000245BEF63810>,1056474346,0.3837396204471588,-0.2238207757472992,2.802596928649634e-45,1.064986832886861e-43,4.203895392974451e-45,0.29007840156555176,0.02467329613864422,-0.0703912079334259,-17213,115610,7,2,False,Left,Back,Left,Centre,77
<_io.BytesIO object at 0x00000245C1DD1C20>,1056462271,0.3836556375026703,-0.22380447387695312,2.802596928649634e-45,1.064986832886861e-43,4.203895392974451e-45,0.29003822803497314,0.02478923089802265,-0.07043024152517319,-30698,115611,7,2,False,Left,Back,Left,Centre,77
<_io.BytesIO object at 0x00000245C1D03310>,1056453009,0.38371965289115906,-0.22341440618038177,2.802596928649634e-45,1.064986832886861e-43,4.203895392974451e-45,0.29009249806404114,0.024800647050142288,-0.07038779556751251,-12678,115612,7,2,False,Left,Back,Left,Centre,77
<_io.BytesIO object at 0x00000245C1D03270>,1056441874,0.3837452232837677,-0.22335383296012878,2.802596928649634e-45,1.064986832886861e-43,4.203895392974451e-45,0.2901148498058319,0.024853309616446495,-0.07034613192081451,-14758,115613,7,2,False,Left,Back,Left,Centre,77
<_io.BytesIO object at 0x00000245C1DD14A0>,1056431818,0.38373643159866333,-0.22316740453243256,2.802596928649634e-45,1.064986832886861e-43,4.203895392974451e-45,0.2901217043399811,0.024942336603999138,-0.0703372061252594,21923,115614,7,2,False,Left,Back,Left,Centre,77
<_io.BytesIO object at 0x00000245BEF63D10>,1056414390,0.38374072313308716,-0.2229308933019638,2.802596928649634e-45,1.064986832886861e-43,4.203895392974451e-45,0.29012614488601685,0.024993514642119408,-0.07032597064971924,17938,115615,7,2,False,Left,Back,Left,Centre,77
<_io.BytesIO object at 0x00000245BEF894F0>,1056406111,0.3837603032588959,-0.22272154688835144,0.5984591245651245,0.38451483845710754,-0.20457980036735535,2.802596928649634e-45,1.064986832886861e-43,4.203895392974451e-45,-31811,115616,7,2,False,Left,Back,Left,Centre,77
<_io.BytesIO object at 0x00000245BEF89E50>,2745515668,3.278655047850938e-32,-370957352960.0,14511516672.0,797658.375,4.0801701572945603e-08,-2.291471916729404e-12,1.1308338477254841e-40,1.401298464324817e-45,-26296,115616,7,2,False,Left,Back,Left,Centre,77
<_io.BytesIO object at 0x00000245BEF83CC0>,1056394048,0.38381868600845337,-0.22227588295936584,0.5978956818580627,0.38404643535614014,-0.20411428809165955,2.802596928649634e-45,1.064986832886861e-43,4.203895392974451e-45,-32301,115617,7,2,False,Left,Back,Left,Centre,77
<_io.BytesIO object at 0x00000245BEF83090>,1042693780,1.3246124058646415e-38,8.671979485530792e-24,-3.5891613701945426e+18,-3.170875348356485e-34,5.429391380928905e-10,-60.5620002746582,1.1308198347408409e-40,1.401298464324817e-45,39,115617,7,2,False,Left,Back,Left,Centre,77
<_io.BytesIO object at 0x00000245C1CFEC70>,1056385094,0.3837590515613556,-0.22213761508464813,0.5975559949874878,0.3838461637496948,-0.2035331130027771,2.802596928649634e-45,1.064986832886861e-43,4.203895392974451e-45,32570,115618,7,2,False,Left,Back,Left,Centre,77
<_io.BytesIO object at 0x00000245C1CFE630>,3285794452,-1.752821722947994e+27,-2.57871408401624e+22,237.23849487304688,-2.5529553086142027e+33,3.1582484023851e-12,-1.4856338566460181e-05,1.1308198347408409e-40,1.401298464324817e-45,21117,115618,7,2,False,Left,Back,Left,Centre,77
<_io.BytesIO object at 0x00000245B9A358B0>,1056370097,0.3838396966457367,-0.22163833677768707,0.636177659034729,0.0955556184053421,0.18139304220676422,0.5970462560653687,0.38400357961654663,-0.2028721272945404,2,115619,7,2,False,Left,Back,Left,Centre,77
<_io.BytesIO object at 0x00000245B9A35360>,4980736,2.7550648847397363e-40,9.844594843782033e+36,192462258176.0,-2.3445461964685312e+17,-1.8253857538977215e+27,-5.206191929409053e-27,-2.1042503815481555e-20,2.8313987439354538e-12,16253,115619,7,2,False,Left,Back,Left,Centre,77
<_io.BytesIO object at 0x00000245BEF63090>,993699582,9.183689745645554e-41,1.955059723908033e+24,1.2680263017221325e+17,-3.4622576622619853e+19,4.029860590215675e-32,7.380908650668772e-26,0.005561558995395899,-5.708075097919749e+23,16204,115619,7,2,False,Left,Back,Left,Centre,77
<_io.BytesIO object at 0x00000245BEF60680>,1056362038,0.3838287591934204,-0.22125209867954254,0.5966756343841553,0.38376137614250183,-0.2022196352481842,2.802596928649634e-45,1.064986832886861e-43,4.203895392974451e-45,31329,115620,7,2,False,Left,Back,Left,Centre,77
<_io.BytesIO object at 0x00000245BEF60450>,2865577620,-31975700480.0,-6.711624327686678e-36,-1.7029244681054934e-10,9.658873838993355e+26,6.848202560583161e-10,2.5235212679456455e-24,1.1308198347408409e-40,1.401298464324817e-45,-9076,115620,7,2,False,Left,Back,Left,Centre,77
<_io.BytesIO object at 0x00000245C1D03040>,1056354442,0.3838265836238861,-0.22084937989711761,0.5963805913925171,0.3832884728908539,-0.20115511119365692,2.802596928649634e-45,1.064986832886861e-43,4.203895392974451e-45,31832,115621,7,2,False,Left,Back,Left,Centre,77
<_io.BytesIO object at 0x00000245BEF50450>,895565460,-4.226172924041748,-6.354029163787059e+16,-187087273984.0,694.9633178710938,6.676790666510283e-21,-6.631460428788531e+17,1.1307918087715544e-40,1.401298464324817e-45,17348,115621,7,2,False,Left,Back,Left,Centre,77
<_io.BytesIO object at 0x00000245C1E0B040>,1056347320,0.3836910128593445,-0.22075620293617249,0.5962190628051758,0.3831206262111664,-0.20004700124263763,2.802596928649634e-45,1.064986832886861e-43,4.203895392974451e-45,31688,115622,7,2,False,Left,Back,Left,Centre,77
<_io.BytesIO object at 0x00000245C1CF8C70>,938491540,-3.302319181996971e-11,2774999576346624.0,-2.9131610901345084e-08,10861991.0,2.782529961619507e-21,-5.076071854515085e-11,1.1307918087715544e-40,1.401298464324817e-45,-23244,115622,7,2,False,Left,Back,Left,Centre,77
<_io.BytesIO object at 0x00000245BEF50B30>,1056338089,0.38365960121154785,-0.22025953233242035,0.5959151983261108,0.38301655650138855,-0.19886134564876556,0.6381183862686157,0.09315389394760132,0.21867316961288452,2,115623,7,2,False,Left,Back,Left,Centre,77
<_io.BytesIO object at 0x00000245BEF509F0>,4980736,2.7550648847397363e-40,2.5961484292674138e+35,6.078063752508637e-31,-1.5872552673345019e-18,3.3825784292567653e-15,1.5440438574343597e-34,-2.8817760850997065e-21,1.7225376137611312e-22,16253,115623,7,2,False,Left,Back,Left,Centre,77
<_io.BytesIO object at 0x00000245BEF502C0>,993569209,9.183689745645554e-41,1.5497717521241039e-34,46505570304.0,-3.316849492472924e-26,1.0070006754340801e+27,117436481536.0,-2.2188025639025e-07,-2.2098670227347827e+22,16201,115623,7,2,False,Left,Back,Left,Centre,77
<_io.BytesIO object at 0x00000245C1D0C400>,1056329240,0.3834993243217468,-0.21975402534008026,0.595396876335144,0.3832813799381256,-0.19761663675308228,2.802596928649634e-45,1.064986832886861e-43,4.203895392974451e-45,30924,115624,7,2,False,Left,Back,Left,Centre,77
<_io.BytesIO object at 0x00000245C1D0C770>,94518932,-2.072369491415477e-26,1085512024064.0,nan,1.7852664112364832e-31,3.35163022305599e-21,1561.9840087890625,1.1307918087715544e-40,1.401298464324817e-45,-24343,115624,7,2,False,Left,Back,Left,Centre,77
<_io.BytesIO object at 0x00000245BEF895E0>,1056319521,0.383437842130661,-0.2194231152534485,0.5950064659118652,0.3829668462276459,-0.1970445215702057,2.802596928649634e-45,1.064986832886861e-43,4.203895392974451e-45,31376,115625,7,2,False,Left,Back,Left,Centre,77
<_io.BytesIO object at 0x00000245BEFC84F0>,3272556180,3.509785288731346e+37,-3.917834141872388e-33,-47772764.0,9.258893763167053e-29,6.502480848047516e-25,-9.650714632360381e-36,1.1308058217561976e-40,1.401298464324817e-45,2073,115625,7,2,False,Left,Back,Left,Centre,77
<_io.BytesIO object at 0x00000245C1CFEA40>,1056309948,0.3832346498966217,-0.21907497942447662,0.5945171117782593,0.3828531801700592,-0.19587098062038422,2.802596928649634e-45,1.064986832886861e-43,4.203895392974451e-45,31703,115626,7,2,False,Left,Back,Left,Centre,77
<_io.BytesIO object at 0x00000245C1CFE090>,1690582676,4.648017987685203e+26,-1.7912051975056804e-25,-1.2088379835980478e+28,904882688.0,4.5083369918501714e-26,-7.03782071703651e-26,1.1307918087715544e-40,1.401298464324817e-45,24006,115626,7,2,False,Left,Back,Left,Centre,77
<_io.BytesIO object at 0x00000245C1CFE310>,1056303293,0.3832723796367645,-0.21844102442264557,0.5942703485488892,0.38269728422164917,-0.19494007527828217,0.6478506326675415,0.09944222122430801,0.24451376497745514,2,115627,7,2,False,Left,Back,Left,Centre,77
<_io.BytesIO object at 0x00000245C1CFE220>,4980736,2.7550648847397363e-40,6.604601604056301e+36,2.750552318047273e-35,281997284999168.0,7.217394681902078e-07,-1.3061134962840293e+35,-1.9774606599536807e+34,3.235084306165799e-25,16253,115627,7,2,False,Left,Back,Left,Centre,77
<_io.BytesIO object at 0x00000245BEF60D60>,993588285,9.183689745645554e-41,485984139476992.0,0.0026130182668566704,-2.919785909409443e-35,25247.14453125,3.0312890744958734e+26,9.434016305931436e-07,124.87325286865234,16197,115627,7,2,False,Left,Back,Left,Centre,77
<_io.BytesIO object at 0x00000245B9A355E0>,1056292583,0.38319963216781616,-0.21760614216327667,0.5939090251922607,0.3822011649608612,-0.1945410668849945,0.5017784237861633,0.38238075375556946,-0.21515260636806488,2,115628,7,2,False,Left,Back,Left,Centre,77
<_io.BytesIO object at 0x00000245BEFC8F90>,4980736,2.7550648847397363e-40,4.9846049841934345e+37,-3.377474685634323e-26,3575603.25,-16894016512.0,-5.467331447540941e+16,-1.1496925469867102e-28,1.3184729859308911e-21,16253,115628,7,2,False,Left,Back,Left,Centre,77
<_io.BytesIO object at 0x00000245B9A35590>,993538867,9.183689745645554e-41,-0.96484375,8.568132961430805e-38,1.574004912728782e-37,-488718456586240.0,5.21985206601284e-30,-1.6734842952169292e+19,1.8175625895528677e-32,16197,115628,7,2,False,Left,Back,Left,Centre,77
<_io.BytesIO object at 0x00000245C1DD1590>,1056285380,0.3830542266368866,-0.21722523868083954,0.5932632684707642,0.38217049837112427,-0.1936752051115036,0.501636803150177,0.38317498564720154,-0.2118477076292038,2,115629,7,2,False,Left,Back,Left,Centre,77
<_io.BytesIO object at 0x00000245C1DD19F0>,4980736,2.7550648847397363e-40,nan,1.27325369565995e-34,9.071231033885852e-05,-0.0003275689377915114,14351.2724609375,1.0140850396974276e+24,7.121760521688393e-22,16253,115629,7,2,False,Left,Back,Left,Centre,77
<_io.BytesIO object at 0x00000245C1DD1AE0>,993503166,9.183689745645554e-41,-6.263208085607636e+34,-3.8327692856101274e-19,8.16039282112607e+22,-8769476573003776.0,25183.013671875,-1.0782541970399961e-08,-7.284465893514609e-30,16195,115629,7,2,False,Left,Back,Left,Centre,77
<_io.BytesIO object at 0x00000245BEF5F680>,1056283926,0.3829086124897003,-0.21653464436531067,0.5930531024932861,0.38128697872161865,-0.1936628222465515,0.5011007785797119,0.3826432526111603,-0.21224036812782288,2,115630,7,2,False,Left,Back,Left,Centre,77
<_io.BytesIO object at 0x00000245BEF5FE00>,4980736,2.7550648847397363e-40,-5.510129769479473e-39,1.4808513931671409e+29,1.6927791633702949e-12,-25.717557907104492,9999.2705078125,-2.5619654702418995e+38,1.354763236442486e-15,16253,115630,7,2,False,Left,Back,Left,Centre,77
<_io.BytesIO object at 0x00000245BEF5FBD0>,993452489,9.183689745645554e-41,456.0,7.165318896519801e-23,5.238870341587213e+36,8323426942976.0,7.922591164031868e+21,4.764547271746388e+18,-1935642240.0,16194,115630,7,2,False,Left,Back,Left,Centre,77
<_io.BytesIO object at 0x00000245C1E0B360>,1056274864,0.3828243017196655,-0.2158408761024475,0.5926727056503296,0.3808646500110626,-0.19286760687828064,0.5011419057846069,0.3821539580821991,-0.2120690792798996,2,115631,7,2,False,Left,Back,Left,Centre,77
<_io.BytesIO object at 0x00000245C1E0B040>,4980736,2.7550648847397363e-40,-4.2129717533470784e-33,-4.0417367129547854e+29,-2.4362974100421252e+33,1.8269154650226076e+35,-22847663636480.0,-82701632.0,1.8211897268027855e-10,16253,115631,7,2,False,Left,Back,Left,Centre,77
<_io.BytesIO object at 0x00000245BEF83630>,993389954,9.183689745645554e-41,-1.7044668086923169e-37,1.0916070935962303e+38,3.8534658736068476e-28,7.49836896763217e+21,2.3925920530120336e+32,-4.882317522159482e-34,-1.753239697518949e-12,16193,115631,7,2,False,Left,Back,Left,Centre,77
<_io.BytesIO object at 0x00000245BEF5FF90>,1056262398,0.38296571373939514,-0.21437141299247742,0.5925441384315491,0.38044318556785583,-0.1917416900396347,0.5013262033462524,0.3821636736392975,-0.21087989211082458,-25432,115632,7,2,False,Left,Back,Left,Centre,77
<_io.BytesIO object at 0x00000245BEF5FA90>,254754578,-5.952521443487301e-35,2.519366483040302e-40,6.979497708007332e-39,2.7550648847397363e-40,-3.666970614113297e-31,1.3256222428807292e+35,-3.554238195846892e+33,-2.7928194999694824,15641,115632,7,2,False,Left,Back,Left,Centre,77
<_io.BytesIO object at 0x00000245BEF5F900>,3181918026,0.11637876182794571,0.9890907406806946,0.0027593302074819803,9.183689745645554e-41,-3573412790272.0,-266597072.0,1.7915545728404908e+27,2.60841312805393e+20,-16894,115632,7,2,False,Left,Back,Left,Centre,77
<_io.BytesIO object at 0x00000245BEF5F9F0>,1043364439,-0.6198461055755615,0.7549024820327759,0.0011226799106225371,1.401298464324817e-45,0.0,0.0,0.0,1.1938614500538858e-39,0,115632,7,2,False,Left,Back,Left,Centre,77
<_io.BytesIO object at 0x00000245C1DD1950>,1056257744,0.382669061422348,-0.214020237326622,0.5922540426254272,0.3803074061870575,-0.19002972543239594,0.5010185241699219,0.3821093738079071,-0.20999938249588013,-25098,115633,7,2,False,Left,Back,Left,Centre,77
<_io.BytesIO object at 0x00000245C1DD1F40>,3515432722,-1.701362913942607e-14,2.519352470055659e-40,6.979497708007332e-39,2.7550648847397363e-40,-3.34477023813709e-28,-9.096435402150624e+33,-3.949430923564417e+18,-1.6054125538485113e-25,15640,115633,7,2,False,Left,Back,Left,Centre,77
<_io.BytesIO object at 0x00000245C1DD1450>,3181959926,0.11598081886768341,0.9891223311424255,0.0027532896492630243,9.183689745645554e-41,1.7811544239521027e-08,-8.484079963532884e+36,0.0037268430460244417,1.1045027576983557e-06,-16892,115633,7,2,False,Left,Back,Left,Centre,77
<_io.BytesIO object at 0x00000245C1DD1900>,1043645184,-0.6181350350379944,0.7550354599952698,0.001376379281282425,1.401298464324817e-45,0.0,0.0,0.0,1.1938614500538858e-39,0,115633,7,2,False,Left,Back,Left,Centre,77
<_io.BytesIO object at 0x00000245BEFC8810>,1056258285,0.38228392601013184,-0.21344946324825287,0.5919128060340881,0.38003143668174744,-0.18870866298675537,0.5004788041114807,0.3813171684741974,-0.2102281153202057,-28426,115634,7,2,False,Left,Back,Left,Centre,77
<_io.BytesIO object at 0x00000245BEFC88B0>,3615112978,0.0002598669962026179,2.5193384570710156e-40,6.979497708007332e-39,2.7550648847397363e-40,-1.7319094075329017e-24,526658437120.0,-7086265073664.0,441954752.0,15642,115634,7,2,False,Left,Back,Left,Centre,77
<_io.BytesIO object at 0x00000245BEFC8C20>,3181965801,0.11519216746091843,0.9891948699951172,0.0027486917097121477,9.183689745645554e-41,1.943565861678047e+29,1073.974365234375,197880.203125,1.8760515019452757e-25,-16892,115634,7,2,False,Left,Back,Left,Centre,77
<_io.BytesIO object at 0x00000245BEFC83B0>,1043842115,-0.6210830211639404,0.7519383430480957,0.0013603228144347668,1.401298464324817e-45,0.0,0.0,0.0,1.1938614500538858e-39,0,115634,7,2,False,Left,Back,Left,Centre,77
<_io.BytesIO object at 0x00000245C1CFE630>,1056260200,0.38221222162246704,-0.21272991597652435,0.591852605342865,0.37964895367622375,-0.1869933009147644,0.5009275674819946,0.38160234689712524,-0.20801706612110138,-28310,115635,7,2,False,Left,Back,Left,Centre,77
<_io.BytesIO object at 0x00000245C1CFE360>,2616016658,-3.4038084350447473e+25,2.519310431101729e-40,6.979497708007332e-39,2.7550648847397363e-40,-1.556423040579777e-20,-8161929216.0,-25852306.0,4.09431074131591e-26,15643,115635,7,2,False,Left,Back,Left,Centre,77
<_io.BytesIO object at 0x00000245C1CFE810>,3181975596,0.11473150551319122,0.9892351031303406,0.002740005496889353,9.183689745645554e-41,-4.284083843231201e-08,2.36633444461486e+20,-3.7020963708257686e+28,2.724006549215119e-07,-16893,115635,7,2,False,Left,Back,Left,Centre,77
<_io.BytesIO object at 0x00000245C1CFE0E0>,1044132140,-0.6224762797355652,0.7498868703842163,0.0013061780482530594,1.401298464324817e-45,0.0,0.0,0.0,1.1938614500538858e-39,0,115635,7,2,False,Left,Back,Left,Centre,77
<_io.BytesIO object at 0x00000245BEF89C20>,1056254565,0.3820052742958069,-0.21197593212127686,0.5916759967803955,0.37961187958717346,-0.18505261838436127,0.5008025765419006,0.3813706338405609,-0.20732390880584717,29523,115636,7,2,False,Left,Back,Left,Centre,77
<_io.BytesIO object at 0x00000245BEF89E50>,2741780242,0.014785470440983772,2.519296418117086e-40,6.979497708007332e-39,2.7550648847397363e-40,-2.303929616531697e-18,1.5861126096157049e+32,-1.5643550157546997,-150347712561152.0,15643,115636,7,2,False,Left,Back,Left,Centre,77
<_io.BytesIO object at 0x00000245BEF89950>,3182020718,0.11423653364181519,0.9892571568489075,0.002741614356637001,9.183689745645554e-41,-2.8688376383433095e+23,-1.4660833134380742e-32,5.821664386085077e+35,1.6260449910987518e-06,-16894,115636,7,2,False,Left,Back,Left,Centre,77
<_io.BytesIO object at 0x00000245BEF89810>,1044334299,-0.6273880004882812,0.7452000379562378,0.0012241110671311617,1.401298464324817e-45,0.0,0.0,0.0,1.1938614500538858e-39,0,115636,7,2,False,Left,Back,Left,Centre,77
<_io.BytesIO object at 0x00000245C1DD1C70>,1056249159,0.38185644149780273,-0.21096301078796387,0.5916528701782227,0.37907740473747253,-0.1837971806526184,0.5007027983665466,0.3812607526779175,-0.20616644620895386,24448,115637,7,2,False,Left,Back,Left,Centre,77
<_io.BytesIO object at 0x00000245C1DD1770>,2559459090,1.4662489643012167e+24,2.5192683921477994e-40,6.979497708007332e-39,2.7550648847397363e-40,-7.28583859910259e-16,5.131827492732555e-05,-2.2650674738611265e-11,-1.4344038964935689e+29,15644,115637,7,2,False,Left,Back,Left,Centre,77
<_io.BytesIO object at 0x00000245C1DD1F90>,3182042293,0.11398644745349884,0.9892622828483582,0.002744046039879322,9.183689745645554e-41,-440.0,9.663101122103043e-26,-4.9577605848893146e+29,-852467648.0,-16900,115637,7,2,False,Left,Back,Left,Centre,77
<_io.BytesIO object at 0x00000245C1DD1860>,1044306032,-0.645638644695282,0.7301908135414124,0.00040252204053103924,1.401298464324817e-45,0.0,0.0,0.0,1.1020259538958945e-39,0,115637,7,2,False,Left,Back,Left,Centre,77
<_io.BytesIO object at 0x00000245BEF5F590>,1056258913,0.38164520263671875,-0.2100149691104889,0.6940932869911194,0.18238362669944763,0.3100278377532959,0.6813037395477295,0.17384719848632812,0.22626513242721558,23810,115638,7,2,False,Left,Back,Left,Centre,77
<_io.BytesIO object at 0x00000245BEF5FF40>,2283749170,-1.0015462070800396e-10,4.759076224152268e+22,2.892603004326973e-34,0.2758694291114807,5.8613501607851504e-08,1.053802250998415e-21,-1.9826464439709833e+31,1.482596397066924e+21,16146,115638,7,2,False,Left,Back,Left,Centre,77
<_io.BytesIO object at 0x00000245BEF5FBD0>,1052928905,-0.19148790836334229,0.5203287601470947,0.3783050775527954,-0.19793234765529633,2.802596928649634e-45,1.064986832886861e-43,4.203895392974451e-45,0.2903667092323303,-209,115638,7,2,False,Left,Back,Left,Centre,77
<_io.BytesIO object at 0x00000245BEF5F680>,2703572168,1.2992838142051644e-18,-228596.4375,-3452778.5,14.202613830566406,9.0774554707755e+16,1.1307357568329814e-40,1.401298464324817e-45,0.683332085609436,26417,115638,7,2,False,Left,Back,Left,Centre,77
<_io.BytesIO object at 0x00000245BEF5F180>,3271835146,-5.322555443854071e-05,3.9607053747836574e-10,5.417899592430331e-05,2.523590557131163e-37,2.268141694356149e-41,0.0,0.0,0.0,0,115638,7,2,False,Left,Back,Left,Centre,77
<_io.BytesIO object at 0x00000245BEF5FB30>,0,1.1938614500538858e-39,3.857090838635631e-38,9.183549615799121e-41,7.263406798437089e+19,-12.640243530273438,-1.3563188732362604e-35,-1.1699844040263437e+33,1.4857859997513975e-37,10289,115638,7,2,False,Left,Back,Left,Centre,77
<_io.BytesIO object at 0x00000245BEF509A0>,145915,22.7500057220459,8.46459692472411e+23,1.541358230865551e-27,-163543043276800.0,1.4857865602707833e-37,0.0003585110534913838,2.755106923693666e-40,0.3329208791255951,-1400,115638,7,2,False,Left,Back,Left,Centre,77
<_io.BytesIO object at 0x00000245BEF50A40>,374422770,-5.274272132261017e+20,1.4857874571018004e-37,0.0003709080920089036,2.7551209366783093e-40,0.28441596031188965,0.045423537492752075,-0.08862374722957611,0.009247642941772938,586,115638,7,2,False,Left,Back,Left,Centre,77
<_io.BytesIO object at 0x00000245BEF836D0>,1056258046,0.3815160095691681,-0.20911748707294464,0.682482898235321,0.17301449179649353,0.23011812567710876,0.6981166005134583,0.13479174673557281,0.2305535078048706,24922,115639,7,2,False,Left,Back,Left,Centre,77
<_io.BytesIO object at 0x00000245BEF83360>,3451272983,-23071.376953125,4.598839521424839e-28,-102.123046875,3.574430282138598e-29,2.1005624642736824e+21,2.958954582559949e+16,-128.24514770507812,5.473866498961755e-11,16133,115639,7,2,False,Left,Back,Left,Centre,77
<_io.BytesIO object at 0x00000245BEF83720>,1052874415,-0.19730442762374878,2.802596928649634e-45,1.064986832886861e-43,4.203895392974451e-45,0.29041939973831177,0.024492911994457245,-0.0696025937795639,0.038463935256004333,-2144,115639,7,2,False,Left,Back,Left,Centre,77
<_io.BytesIO object at 0x00000245BEF83860>,1715649962,15.202613830566406,-1.9216399354361133e-27,1.1307217438483381e-40,1.401298464324817e-45,0.683332085609436,0.13515926897525787,0.2534409761428833,-0.12193368375301361,12249,115639,7,2,False,Left,Back,Left,Centre,77
<_io.BytesIO object at 0x00000245BEF83AE0>,946028097,2.5088968777458843e-37,2.268141694356149e-41,0.0,0.0,0.0,0.0,0.0,1.6815581571897805e-44,312,115639,7,2,False,Left,Back,Left,Centre,77
<_io.BytesIO object at 0x00000245BEF831D0>,65536,4.726979488302026e+19,-7.562720751502003e-26,-2.855534754246502e-33,-1.8836145919705248e+33,1.4857859997513975e-37,0.0004778313741553575,2.755092910709023e-40,0.3364904820919037,-4149,115639,7,2,False,Left,Back,Left,Centre,77
<_io.BytesIO object at 0x00000245BEF833B0>,4282989802,-484776214528.0,1.4857865602707833e-37,0.00036364805418998003,2.755106923693666e-40,0.3329303562641144,0.029610417783260345,-0.010659309104084969,0.010002503171563148,586,115639,7,2,False,Left,Back,Left,Centre,77
<_io.BytesIO object at 0x00000245BEF83DB0>,1056252465,0.38123244047164917,-0.20802350342273712,0.6837541460990906,0.17239651083946228,0.2339663952589035,0.699504554271698,0.1343957781791687,0.2338244467973709,23954,115640,7,2,False,Left,Back,Left,Centre,77
<_io.BytesIO object at 0x00000245BEF839F0>,2167488279,373238.03125,1.0854443331156004e-37,-2.443623878379652e-19,-1964990720.0,1.1085444029730248e+24,7.506325499944173e-30,316206546944.0,4.37796280130533e-28,16133,115640,7,2,False,Left,Back,Left,Centre,77
<_io.BytesIO object at 0x00000245BEFC8220>,1052868050,-0.19651541113853455,2.802596928649634e-45,1.064986832886861e-43,4.203895392974451e-45,0.2904645800590515,0.02445938251912594,-0.0695582926273346,0.03831440955400467,-21162,115640,7,2,False,Left,Back,Left,Centre,77
<_io.BytesIO object at 0x00000245BEF83A40>,2914631083,70.62090301513672,-1.5654368268716605e+19,1.1307217438483381e-40,1.401298464324817e-45,0.683332085609436,0.13515926897525787,0.2534409761428833,-0.12193368375301361,12249,115640,7,2,False,Left,Back,Left,Centre,77
<_io.BytesIO object at 0x00000245BEFC89F0>,946028097,2.5088968777458843e-37,2.268141694356149e-41,0.0,0.0,0.0,0.0,0.0,1.6815581571897805e-44,312,115640,7,2,False,Left,Back,Left,Centre,77
<_io.BytesIO object at 0x00000245BEFC8CC0>,65536,1.0468529372892496e+21,-1.1553077938764034e-11,-2.877287598632705e-34,-2.8545207517767245e+33,1.4857859997513975e-37,0.0004728104977402836,2.755092910709023e-40,0.3365515172481537,-31847,115640,7,2,False,Left,Back,Left,Centre,77
<_io.BytesIO object at 0x00000245BEFC8450>,3394977002,-779056384.0,1.4857865602707833e-37,0.00037448713555932045,2.755106923693666e-40,0.3329409658908844,0.029559902846813202,-0.010601012036204338,0.010002419352531433,586,115640,7,2,False,Left,Back,Left,Centre,77
<_io.BytesIO object at 0x00000245BEF5FA90>,1056252363,0.38104352355003357,-0.20712068676948547,0.685155987739563,0.17166180908679962,0.237558051943779,0.5913350582122803,0.37740767002105713,-0.1773664951324463,-2068,115641,7,2,False,Left,Back,Left,Centre,77
<_io.BytesIO object at 0x00000245BEF5F6D0>,2026585855,-1.110748083377135e+32,2.6060780003881394e+23,-5.0785354889875895e+20,-5.9974176433952275e+31,4.441070710758039e-28,3.4642701751736405e+25,-9.339480991148955e-15,2.519296418117086e-40,0,115641,7,2,False,Left,Back,Left,Centre,77
<_io.BytesIO object at 0x00000245BEF5F9F0>,76,4.203895392974451e-45,0.2905144989490509,0.02441949024796486,-0.06952735781669617,0.03831901773810387,-0.08404537290334702,0.11281894892454147,0.9893128275871277,5517,115641,7,2,False,Left,Back,Left,Centre,77
<_io.BytesIO object at 0x00000245BEF5F450>,80691,1.401298464324817e-45,0.683332085609436,0.13515926897525787,0.2534409761428833,-0.12193368375301361,0.18865908682346344,-0.6492978930473328,0.7266031503677368,0,115641,7,2,False,Left,Back,Left,Centre,77
<_io.BytesIO object at 0x00000245BEF5FE50>,0,0.0,0.0,0.0,0.0,1.5414283107572988e-44,4.007713607968977e-43,2.7550788977243796e-40,0.2347555011510849,1322,115641,7,2,False,Left,Back,Left,Centre,77
<_io.BytesIO object at 0x00000245BEF5FC20>,2451126916,-4.537960748879813e+33,1.4857859997513975e-37,0.0004708457854576409,2.755092910709023e-40,0.33662182092666626,0.028532354161143303,-0.10386897623538971,0.00950861070305109,586,115641,7,2,False,Left,Back,Left,Centre,77
<_io.BytesIO object at 0x00000245BEF63220>,1056255391,0.38079601526260376,-0.20611955225467682,0.6863554120063782,0.17080837488174438,0.24093124270439148,0.5914344191551208,0.37697234749794006,-0.175620436668396,364,115642,7,2,False,Left,Back,Left,Centre,77
<_io.BytesIO object at 0x00000245BEF44AE0>,1997553408,-2.646895759096316e-19,2.386355520823854e+27,-2.2705507018115193e-22,-1.9583087989828956e-28,9.119013800444627e-32,58616660885504.0,-3.499907308213492e-23,-1.2978509403183125e-05,16142,115642,7,2,False,Left,Back,Left,Centre,77
<_io.BytesIO object at 0x00000245BEF632C0>,1052882694,-0.20055530965328217,0.5383245944976807,0.3771430552005768,-0.20150087773799896,2.802596928649634e-45,1.064986832886861e-43,4.203895392974451e-45,0.2905850410461426,-17242,115642,7,2,False,Left,Back,Left,Centre,77
<_io.BytesIO object at 0x00000245BEF639F0>,1137261767,1.3844364611804614e+31,5.897424667849354e-22,8.903909365083136e-29,4.570056438446045,2.4873084511837207e-35,1.1307497698176246e-40,1.401298464324817e-45,0.683332085609436,26417,115642,7,2,False,Left,Back,Left,Centre,77
<_io.BytesIO object at 0x00000245BEF634F0>,3271835146,-5.298713585943915e-05,3.9607053747836574e-10,5.417899592430331e-05,2.5088968777458843e-37,2.268141694356149e-41,0.0,0.0,0.0,0,115642,7,2,False,Left,Back,Left,Centre,77
<_io.BytesIO object at 0x00000245BEF63D10>,0,1.1938614500538858e-39,3.857090838635631e-38,9.183549615799121e-41,2.7301187984489577e+22,4.2397935188249756e+29,2.3722582976417963e+26,-7.250504633430976e+33,1.4857859997513975e-37,8768,115642,7,2,False,Left,Back,Left,Centre,77
<_io.BytesIO object at 0x00000245BEF63630>,145912,5.8512020737394496e+26,-1.2567565652354662e+17,2.626025639945175e+17,-119.37075805664062,1.4857865602707833e-37,0.00041177135426551104,2.755106923693666e-40,0.332974910736084,7461,115642,7,2,False,Left,Back,Left,Centre,77
<_io.BytesIO object at 0x00000245BEF63180>,27213041,-5.971234345195667e+18,1.4857874571018004e-37,0.00038747891085222363,2.7551209366783093e-40,0.28471726179122925,0.04527512565255165,-0.08839143812656403,0.009248568676412106,586,115642,7,2,False,Left,Back,Left,Centre,77
<_io.BytesIO object at 0x00000245BEF60EA0>,1056253695,0.38051503896713257,-0.20547732710838318,0.6876340508460999,0.17002218961715698,0.24443967640399933,0.5913862586021423,0.37627968192100525,-0.17462600767612457,4349,115643,7,2,False,Left,Back,Left,Centre,77
<_io.BytesIO object at 0x00000245BEF60C70>,469253888,1.5431046420398275e-32,2.809682965324189e+24,9.965237488531644e+29,-7.892339131836006e+17,1.1449916678449718e-25,-3.8170873428172722e+34,1.1131930932606338e-08,-0.0002875199425034225,16142,115643,7,2,False,Left,Back,Left,Centre,77
<_io.BytesIO object at 0x00000245BEF60A40>,1052877098,-0.19885359704494476,0.5382204055786133,0.3768443763256073,-0.19988326728343964,2.802596928649634e-45,1.064986832886861e-43,4.203895392974451e-45,0.2906420826911926,29009,115643,7,2,False,Left,Back,Left,Centre,77
<_io.BytesIO object at 0x00000245BEF601D0>,743652551,-3.944159117417989e-38,-2.97206459443089e-09,3.965109312530634e-23,60.810447692871094,2.785625650183149e-29,1.1307497698176246e-40,1.401298464324817e-45,0.683332085609436,26417,115643,7,2,False,Left,Back,Left,Centre,77
<_io.BytesIO object at 0x00000245BEF60590>,3271835146,-5.298713585943915e-05,3.9607053747836574e-10,5.417899592430331e-05,2.5088968777458843e-37,2.268141694356149e-41,0.0,0.0,0.0,0,115643,7,2,False,Left,Back,Left,Centre,77
<_io.BytesIO object at 0x00000245BEF609A0>,0,1.1938614500538858e-39,3.857090838635631e-38,9.183549615799121e-41,3.943177094060064e+23,-1.5440834614920779e-34,1.0204722019713521e+35,-1.0769045899790044e+34,1.4857859997513975e-37,-14284,115643,7,2,False,Left,Back,Left,Centre,77
<_io.BytesIO object at 0x00000245BEF60040>,145913,3.103209597813735e+33,3.122038319776332e-25,2.7501714683353384e-08,-0.0009526882786303759,1.4857865602707833e-37,0.00043764972360804677,2.755106923693666e-40,0.332996666431427,-27426,115643,7,2,False,Left,Back,Left,Centre,77
<_io.BytesIO object at 0x00000245BEF602C0>,270023920,-2.0799315433750528e+17,1.4857874571018004e-37,0.0003853349480777979,2.7551209366783093e-40,0.28477931022644043,0.0452309176325798,-0.08833613991737366,0.009248738177120686,586,115643,7,2,False,Left,Back,Left,Centre,77
<_io.BytesIO object at 0x00000245C1DD1450>,1056256386,0.38040992617607117,-0.20386892557144165,0.689064621925354,0.16915199160575867,0.247807115316391,0.591224730014801,0.375864177942276,-0.17287395894527435,4926,115644,7,2,False,Left,Back,Left,Centre,77
<_io.BytesIO object at 0x00000245C1DD1400>,121126656,-1.1648069663156053e-24,1.7315432521796203e+33,5.049787125832012e-35,-1.7973932766110135e+23,8.78420069220587e-22,-137024531070976.0,1.5098489577139064e-27,-7.590027166770597e-07,16142,115644,7,2,False,Left,Back,Left,Centre,77
<_io.BytesIO object at 0x00000245C1DD1BD0>,1052874484,-0.1970921903848648,0.5381356477737427,0.376722127199173,-0.1981392651796341,2.802596928649634e-45,1.064986832886861e-43,4.203895392974451e-45,0.2906966209411621,1576,115644,7,2,False,Left,Back,Left,Centre,77
<_io.BytesIO object at 0x00000245C1DD1F90>,422657223,7.621659278811421e-06,-1.3177688334233178e+23,3496287257231360.0,239863.5625,4.0921655689260466e+26,1.1307357568329814e-40,1.401298464324817e-45,0.683332085609436,26417,115644,7,2,False,Left,Back,Left,Centre,77
<_io.BytesIO object at 0x00000245C1DD1180>,3271835146,-5.298713585943915e-05,3.9607053747836574e-10,5.417899592430331e-05,2.5088968777458843e-37,2.268141694356149e-41,0.0,0.0,0.0,0,115644,7,2,False,Left,Back,Left,Centre,77
<_io.BytesIO object at 0x00000245C1DD1720>,0,1.1938614500538858e-39,3.857090838635631e-38,9.183549615799121e-41,1.3177294200811069e+26,-9.049504155904345e-27,-1.658061112908295e-31,-9.84665306269839e+33,1.4857859997513975e-37,1784,115644,7,2,False,Left,Back,Left,Centre,77
<_io.BytesIO object at 0x00000245C1DD1AE0>,145916,5.73229763329835e+36,4.1357657378587575e-21,3.106847264767536e-23,-4.860142155393987e-08,1.4857865602707833e-37,0.00045298581244423985,2.755106923693666e-40,0.333020955324173,-4491,115644,7,2,False,Left,Back,Left,Centre,77
<_io.BytesIO object at 0x00000245C1DD17C0>,1295334639,-5.565745898664755e+16,1.4857874571018004e-37,0.00038532749749720097,2.7551209366783093e-40,0.28485995531082153,0.04518179967999458,-0.08828024566173553,0.009248954243957996,586,115644,7,2,False,Left,Back,Left,Centre,77
<_io.BytesIO object at 0x00000245BEF5FA40>,1056257160,0.3801760971546173,-0.20288683474063873,0.6902253031730652,0.16789038479328156,0.2509734034538269,0.5912639498710632,0.37527337670326233,-0.1714751422405243,8427,115645,7,2,False,Left,Back,Left,Centre,77
<_io.BytesIO object at 0x00000245C1D03680>,65683200,-7.12635619247202e+19,2.0560614963530372e+33,-6.595721751215783e+34,1.6325008217262764e+22,2.2639369738786387e-35,-3.9714378662689575e+24,0.07873296737670898,-3.4022376537323,16142,115645,7,2,False,Left,Back,Left,Centre,77
<_io.BytesIO object at 0x00000245BEF5FEA0>,1052859179,-0.19613929092884064,0.5388457179069519,0.3757998049259186,-0.1989019811153412,2.802596928649634e-45,1.064986832886861e-43,4.203895392974451e-45,0.2907710075378418,16048,115645,7,2,False,Left,Back,Left,Centre,77
<_io.BytesIO object at 0x00000245BEF5F9A0>,9714886,-926598168576.0,2.375736390025601e-19,-2.9466471116508608e+26,498159.09375,-1.5788377882289165e+27,1.1307357568329814e-40,1.401298464324817e-45,0.683332085609436,26417,115645,7,2,False,Left,Back,Left,Centre,77
<_io.BytesIO object at 0x00000245BEF5F450>,3271835146,-5.298713585943915e-05,3.9607053747836574e-10,5.417899592430331e-05,2.5088968777458843e-37,2.268141694356149e-41,0.0,0.0,0.0,0,115645,7,2,False,Left,Back,Left,Centre,77
<_io.BytesIO object at 0x00000245BEF5FEF0>,0,1.1938614500538858e-39,3.857090838635631e-38,9.183549615799121e-41,6.537872603363346e+27,9.771041207280588e-18,4.189900016881524e+29,-9.075921497759626e+33,1.4857859997513975e-37,-18398,115645,7,2,False,Left,Back,Left,Centre,77
<_io.BytesIO object at 0x00000245BEF5F950>,145914,-1.1096668824156835e-35,3.647425769188726e-20,3.4463218567720305e-35,-3.492196982979312e-12,1.4857865602707833e-37,0.000390597473597154,2.755106923693666e-40,0.3330409526824951,27088,115645,7,2,False,Left,Back,Left,Centre,77
<_io.BytesIO object at 0x00000245BEF5F5E0>,306724079,-8434925464190976.0,1.4857874571018004e-37,0.00038060586666688323,2.7551209366783093e-40,0.28499412536621094,0.04519619420170784,-0.08813292533159256,0.009249519556760788,586,115645,7,2,False,Left,Back,Left,Centre,77
<_io.BytesIO object at 0x00000245C1CFE5E0>,1056257975,0.37987837195396423,-0.20188048481941223,0.6921568512916565,0.16721291840076447,0.25413429737091064,0.5913253426551819,0.37466299533843994,-0.17017269134521484,11490,115646,7,2,False,Left,Back,Left,Centre,77
<_io.BytesIO object at 0x00000245C1CFED10>,2676244224,3346827764039680.0,-1.5304307948529352e-35,-1.2915361510747784e-17,6.0239659719745755e-18,1.149808603525159e-26,-123075600384.0,-1.423696718697621e-25,-3.649461888244332e-08,16142,115646,7,2,False,Left,Back,Left,Centre,77
<_io.BytesIO object at 0x00000245C1CFE220>,1052851456,-0.19416570663452148,0.5390833616256714,0.3752855658531189,-0.1978471577167511,2.802596928649634e-45,1.064986832886861e-43,4.203895392974451e-45,0.2908293902873993,-1984,115646,7,2,False,Left,Back,Left,Centre,77
<_io.BytesIO object at 0x00000245C1CFE040>,3965926597,2.118981483062186e+21,-1.5984145533273868e+24,3.700285746748818e-35,3346296.75,-1.7025508114443255e-08,1.1307357568329814e-40,1.401298464324817e-45,0.683332085609436,26417,115646,7,2,False,Left,Back,Left,Centre,77
<_io.BytesIO object at 0x00000245C1CFE6D0>,3271835146,-5.298713585943915e-05,3.9607053747836574e-10,5.417899592430331e-05,2.5088968777458843e-37,2.268141694356149e-41,0.0,0.0,0.0,0,115646,7,2,False,Left,Back,Left,Centre,77
<_io.BytesIO object at 0x00000245C1CFECC0>,0,1.1938614500538858e-39,3.857090838635631e-38,9.183549615799121e-41,2.0116530065606007e+27,12943.609375,744275956465664.0,-8.264625113613559e+33,1.4857859997513975e-37,13823,115646,7,2,False,Left,Back,Left,Centre,77
<_io.BytesIO object at 0x00000245BEF50DB0>,145921,-5.324812915801153e-29,-2.927952920438832e-33,-2.6163731304441446e+18,-1.411557510239936e-16,1.4857865602707833e-37,0.0003998595930170268,2.755106923693666e-40,0.3330424129962921,-7122,115646,7,2,False,Left,Back,Left,Centre,77
<_io.BytesIO object at 0x00000245BEF50220>,826293486,-423828714946560.0,1.4857874571018004e-37,0.0003816806129179895,2.7551209366783093e-40,0.2851083278656006,0.045163922011852264,-0.08809609711170197,0.009249870665371418,586,115646,7,2,False,Left,Back,Left,Centre,77
<_io.BytesIO object at 0x00000245BEF921D0>,1056269382,0.3795582950115204,-0.20122337341308594,0.6941604018211365,0.16610087454319,0.2573157548904419,0.5913486480712891,0.37403079867362976,-0.16855095326900482,15157,115647,7,2,False,Left,Back,Left,Centre,77
<_io.BytesIO object at 0x00000245BEF92C70>,2791456512,-5.075526701148192e-07,-5.739971975843847e-34,1.574581976797159e+26,-33156476436480.0,1.612992366997158e-26,-5.179747689793013e-12,4.5891785946006057e-26,-22504691204096.0,16142,115647,7,2,False,Left,Back,Left,Centre,77
<_io.BytesIO object at 0x00000245BEF92630>,1052832542,-0.19358116388320923,0.539077639579773,0.3752303123474121,-0.19669346511363983,2.802596928649634e-45,1.064986832886861e-43,4.203895392974451e-45,0.2908855080604553,-25935,115647,7,2,False,Left,Back,Left,Centre,77
<_io.BytesIO object at 0x00000245BEF92450>,3310632133,6.0258014855207875e-05,-1.3696519752617296e-30,1.0964595544343553e-27,105595.7734375,-5.4705664478320525e+20,1.1307357568329814e-40,1.401298464324817e-45,0.683332085609436,26417,115647,7,2,False,Left,Back,Left,Centre,77
<_io.BytesIO object at 0x00000245BEF92EF0>,3271835146,-5.298713585943915e-05,3.9607053747836574e-10,5.417899592430331e-05,2.5088968777458843e-37,2.268141694356149e-41,0.0,0.0,0.0,0,115647,7,2,False,Left,Back,Left,Centre,77
<_io.BytesIO object at 0x00000245BEF924A0>,0,1.1938614500538858e-39,3.857090838635631e-38,9.183549615799121e-41,1.663482281967216e+28,-0.2953982353210449,9.461610205342861e+21,-7.453328729467493e+33,1.4857859997513975e-37,18266,115647,7,2,False,Left,Back,Left,Centre,77
<_io.BytesIO object at 0x00000245BEF92F40>,145920,-6.749795313045644e-22,5.687386970743781e-33,-9.681399975170461e-17,-2.2862147278423712e-21,1.4857865602707833e-37,0.00043780464329756796,2.755106923693666e-40,0.333049476146698,-29098,115647,7,2,False,Left,Back,Left,Centre,77
<_io.BytesIO object at 0x00000245BEF92270>,4150476014,-20304537583616.0,1.4857874571018004e-37,0.00038213038351386786,2.7551209366783093e-40,0.2851514220237732,0.045120708644390106,-0.08796194940805435,0.009250011295080185,586,115647,7,2,False,Left,Back,Left,Centre,77
<_io.BytesIO object at 0x00000245BEF92C20>,1056284383,0.3794378936290741,-0.19992682337760925,0.6961283087730408,0.16496410965919495,0.26045891642570496,0.5914466977119446,0.37340638041496277,-0.1670597642660141,18701,115648,7,2,False,Left,Back,Left,Centre,77
<_io.BytesIO object at 0x00000245BEF92810>,2228240128,5.807270053360993e+31,-1.304968658876094e-30,2.491419941292486e-21,-4.3942388080581627e-38,1.2264010048793723e-15,11419397.0,-40696576.0,-1.7089309692382812,16142,115648,7,2,False,Left,Back,Left,Centre,77
<_io.BytesIO object at 0x00000245BEF925E0>,1052821492,-0.19169048964977264,0.5392061471939087,0.3751070201396942,-0.19496303796768188,2.802596928649634e-45,1.064986832886861e-43,4.203895392974451e-45,0.290938138961792,16899,115648,7,2,False,Left,Back,Left,Centre,77
<_io.BytesIO object at 0x00000245BEF929A0>,2657631429,1.747085719954826e-30,-2.4002534230796412e-35,2.4436041770386892e+30,153847.53125,260856935874560.0,1.1307497698176246e-40,1.401298464324817e-45,0.683332085609436,26417,115648,7,2,False,Left,Back,Left,Centre,77
<_io.BytesIO object at 0x00000245BEF92590>,3271835146,-5.298713585943915e-05,3.9607053747836574e-10,5.417899592430331e-05,2.5088968777458843e-37,2.268141694356149e-41,0.0,0.0,0.0,0,115648,7,2,False,Left,Back,Left,Centre,77
<_io.BytesIO object at 0x00000245BEF63F90>,0,1.1938614500538858e-39,3.857090838635631e-38,9.183549615799121e-41,2.1663955114712733e+27,1.3717898171984016e+24,10014573568.0,-1.109356445344847e+34,1.4857859997513975e-37,-27894,115648,7,2,False,Left,Back,Left,Centre,77
<_io.BytesIO object at 0x00000245BEF635E0>,145920,-6.8278728719941336e-15,1.72125358384204e+24,492007.15625,-4.8213462138341804e-26,1.4857865602707833e-37,0.00037240516394376755,2.755106923693666e-40,0.33305495977401733,15611,115648,7,2,False,Left,Back,Left,Centre,77
<_io.BytesIO object at 0x00000245BEF637C0>,3269868782,-995293986816.0,1.4857874571018004e-37,0.00037704870919696987,2.7551209366783093e-40,0.2852185070514679,0.04509754478931427,-0.08788693696260452,0.009249844588339329,586,115648,7,2,False,Left,Back,Left,Centre,77
<_io.BytesIO object at 0x00000245C1CFE590>,1056283640,0.37896788120269775,-0.19921818375587463,0.6987334489822388,0.1639639139175415,0.26365211606025696,0.591434895992279,0.3728310167789459,-0.16565711796283722,20503,115649,7,2,False,Left,Back,Left,Centre,77
<_io.BytesIO object at 0x00000245C1CFE310>,1103576832,-2.5624861362823543e-35,-2.583069556070059e-36,-1.4023154585548733e+32,-1.6573061282706969e-12,3115.8876953125,1016.9846801757812,2.268658179338936e-35,-7.886093195514523e+24,16142,115649,7,2,False,Left,Back,Left,Centre,77
<_io.BytesIO object at 0x00000245C1CFE360>,1052807807,-0.1908188760280609,0.5393293499946594,0.3747401237487793,-0.19403955340385437,2.802596928649634e-45,1.064986832886861e-43,4.203895392974451e-45,0.2909835875034332,5448,115649,7,2,False,Left,Back,Left,Centre,77
<_io.BytesIO object at 0x00000245C1CFEBD0>,1896561861,1.8841682053336924e+19,-5.422425033938668e-33,3.161672168516816e-07,7431.7353515625,-3.975070128492068e-30,1.1307497698176246e-40,1.401298464324817e-45,0.683332085609436,26417,115649,7,2,False,Left,Back,Left,Centre,77
<_io.BytesIO object at 0x00000245C1CFEF40>,3271835146,-5.298713585943915e-05,3.9607053747836574e-10,5.417899592430331e-05,2.5088968777458843e-37,2.268141694356149e-41,0.0,0.0,0.0,0,115649,7,2,False,Left,Back,Left,Centre,77
<_io.BytesIO object at 0x00000245C1CFE270>,0,1.1938614500538858e-39,3.857090838635631e-38,9.183549615799121e-41,2.7729862546832298e+29,-1.1674833248479873e-26,127361228800.0,-9.927782701112996e+33,1.4857859997513975e-37,696,115649,7,2,False,Left,Back,Left,Centre,77
<_io.BytesIO object at 0x00000245C1CFE7C0>,145921,-4.307367973410692e-08,1.0421612141608643e-17,6.148948332409767e-37,-3.56815348084758e-30,1.4857865602707833e-37,0.0003761782718356699,2.755106923693666e-40,0.3330649733543396,-12468,115649,7,2,False,Left,Back,Left,Centre,77
<_io.BytesIO object at 0x00000245BEF60A90>,2434612461,-140375539712.0,1.4857874571018004e-37,0.0003975681320298463,2.7551209366783093e-40,0.2852899134159088,0.045087140053510666,-0.08779768645763397,0.009249860420823097,586,115649,7,2,False,Left,Back,Left,Centre,77
<_io.BytesIO object at 0x00000245C1D03A40>,1056294740,0.37880343198776245,-0.19834379851818085,0.7016382813453674,0.16292715072631836,0.2668401300907135,0.5913930535316467,0.37212520837783813,-0.1640016734600067,23166,115650,7,2,False,Left,Back,Left,Centre,77
<_io.BytesIO object at 0x00000245C1D03130>,824131328,1.4323378536573728e-06,-2.1477615700104888e-34,-3.4244567549712113e-33,-9.124487015501496e-37,1.1815827605232698e-07,2.5247874196229325e+17,-2.51193038541275e-20,-998.972412109375,16142,115650,7,2,False,Left,Back,Left,Centre,77
<_io.BytesIO object at 0x00000245C1D03AE0>,1052797565,-0.1883215308189392,0.539573073387146,0.37411394715309143,-0.1928217113018036,2.802596928649634e-45,1.064986832886861e-43,4.203895392974451e-45,0.29103460907936096,-17288,115650,7,2,False,Left,Back,Left,Centre,77
<_io.BytesIO object at 0x00000245C1D03680>,1500855492,7.357710016124003e+28,3.37931858060761e-13,-1.2220848865776455e-22,12175.4697265625,-9.76494636665094e-34,1.1307497698176246e-40,1.401298464324817e-45,0.683332085609436,26417,115650,7,2,False,Left,Back,Left,Centre,77
<_io.BytesIO object at 0x00000245C1D03C20>,3271835146,-5.298713585943915e-05,3.9607053747836574e-10,5.417899592430331e-05,2.5088968777458843e-37,2.268141694356149e-41,0.0,0.0,0.0,0,115650,7,2,False,Left,Back,Left,Centre,77
<_io.BytesIO object at 0x00000245C1D032C0>,0,1.1938614500538858e-39,3.857090838635631e-38,9.183549615799121e-41,7.829972165189975e+28,-1.7171162299331186e-34,881450942464.0,-1.6042472396739479e+34,1.4857859997513975e-37,20816,115650,7,2,False,Left,Back,Left,Centre,77
<_io.BytesIO object at 0x00000245C1D03590>,145921,-0.0012664798414334655,-5.282307029119693e-06,-4.801689599166382e+17,-1.5779195612852686e-34,1.4857865602707833e-37,0.00037051434628665447,2.755106923693666e-40,0.33306658267974854,21829,115650,7,2,False,Left,Back,Left,Centre,77
<_io.BytesIO object at 0x00000245C1D03720>,2056142061,-15148812288.0,1.4857874571018004e-37,0.0003930923412553966,2.7551209366783093e-40,0.2853810489177704,0.045028068125247955,-0.08774127811193466,0.009250038303434849,586,115650,7,2,False,Left,Back,Left,Centre,77
<_io.BytesIO object at 0x00000245C1DD1EF0>,1056307522,0.3787812292575836,-0.19706715643405914,0.7046500444412231,0.1617545634508133,0.27000153064727783,0.5913646817207336,0.37161746621131897,-0.16240692138671875,28709,115651,7,2,False,Left,Back,Left,Centre,77
<_io.BytesIO object at 0x00000245C1DD11D0>,7945984,-1.1846421007999884e+38,-1.5772843149545346e-31,1117751552.0,6.951767132437115e-38,14447.548828125,-3.497085785862223e+29,107337129918464.0,-1.1071589276897975e+31,16142,115651,7,2,False,Left,Back,Left,Centre,77
<_io.BytesIO object at 0x00000245B9A35630>,1052774093,-0.18834041059017181,0.5398440957069397,0.3735620677471161,-0.1923011839389801,2.802596928649634e-45,1.064986832886861e-43,4.203895392974451e-45,0.2911132872104645,26400,115651,7,2,False,Left,Back,Left,Centre,77
<_io.BytesIO object at 0x00000245C1DD1B80>,518012100,49477172.0,1.950703849432006e-20,-2003230997348352.0,368.4834289550781,-1.302055360231924e-12,1.1307357568329814e-40,1.401298464324817e-45,0.683332085609436,26417,115651,7,2,False,Left,Back,Left,Centre,77
<_io.BytesIO object at 0x00000245B9A353B0>,3271835146,-5.298713585943915e-05,3.9607053747836574e-10,5.417899592430331e-05,2.5088968777458843e-37,2.268141694356149e-41,0.0,0.0,0.0,0,115651,7,2,False,Left,Back,Left,Centre,77
<_io.BytesIO object at 0x00000245B9A35180>,0,1.1938614500538858e-39,3.857090838635631e-38,9.183549615799121e-41,3.0329536629331596e+29,1.0535745453149614e-13,0.0037876712158322334,-4.052242718859805e+34,1.4857859997513975e-37,-18858,115651,7,2,False,Left,Back,Left,Centre,77
<_io.BytesIO object at 0x00000245B9A355E0>,145920,-2928.000732421875,-1.2768502463261261e-36,-2.4118246733529497e-14,-2.364607641159655e-38,1.4857865602707833e-37,0.00038521544774994254,2.755106923693666e-40,0.3330758512020111,534,115651,7,2,False,Left,Back,Left,Centre,77
<_io.BytesIO object at 0x00000245B9A35680>,338509037,-5326258688.0,1.4857874571018004e-37,0.00039021053817123175,2.7551209366783093e-40,0.28543737530708313,0.045056816190481186,-0.08754803240299225,0.00924981851130724,586,115651,7,2,False,Left,Back,Left,Centre,77
<_io.BytesIO object at 0x00000245C1DD19A0>,1056306934,0.37856337428092957,-0.19601547718048096,0.7096188068389893,0.16209176182746887,0.2717970609664917,0.5913232564926147,0.3710465431213379,-0.16115228831768036,-32116,115652,7,2,False,Left,Back,Left,Centre,77
<_io.BytesIO object at 0x00000245C1DD1B30>,3969990400,-8.447509399952297e+30,-3.692839600742408e-32,5.985632988012551e-25,3.109627765647256e+31,955223040.0,-8.748069790280581e+17,2.31860503044566e-36,-1.0485009855624493e+30,16142,115652,7,2,False,Left,Back,Left,Centre,77
<_io.BytesIO object at 0x00000245BEF44B30>,1052760124,-0.1865321397781372,0.539915919303894,0.37328702211380005,-0.19109931588172913,2.802596928649634e-45,1.064986832886861e-43,4.203895392974451e-45,0.2911931574344635,18705,115652,7,2,False,Left,Back,Left,Centre,77
<_io.BytesIO object at 0x00000245C1DD1C20>,3769973956,5655550658347008.0,1.5301231115483205e-10,3.916919420837967e+37,0.00010740363359218463,-1939848832.0,1.1307497698176246e-40,1.401298464324817e-45,0.683332085609436,26417,115652,7,2,False,Left,Back,Left,Centre,77
<_io.BytesIO object at 0x00000245C1D0C450>,3271835146,-5.298713585943915e-05,3.9607053747836574e-10,5.417899592430331e-05,2.5088968777458843e-37,2.268141694356149e-41,0.0,0.0,0.0,0,115652,7,2,False,Left,Back,Left,Centre,77
<_io.BytesIO object at 0x00000245C1D0CA90>,0,1.1938614500538858e-39,3.857090838635631e-38,9.183549615799121e-41,2.6491922507546917e+29,5.680465824141615e+31,5.919226353512386e-08,-6.546796380159162e+34,1.4857859997513975e-37,30585,115652,7,2,False,Left,Back,Left,Centre,77
<_io.BytesIO object at 0x00000245C1D0C7C0>,145922,-708085689614336.0,-3.1487388660635826e+33,11983.22265625,1.433897281923981e+34,1.4857865602707833e-37,0.00041857967153191566,2.755106923693666e-40,0.333139032125473,-22072,115652,7,2,False,Left,Back,Left,Centre,77
<_io.BytesIO object at 0x00000245C1D0C8B0>,2364357868,-47378552.0,1.4857874571018004e-37,0.0003508744412101805,2.7551209366783093e-40,0.28555527329444885,0.045065756887197495,-0.0874183177947998,0.009249349124729633,586,115652,7,2,False,Left,Back,Left,Centre,77
<_io.BytesIO object at 0x00000245BEF5FF90>,1056315062,0.37850433588027954,-0.195062056183815,0.7152976989746094,0.16147956252098083,0.2740684151649475,0.591389000415802,0.3704126477241516,-0.15971499681472778,-29742,115653,7,2,False,Left,Back,Left,Centre,77
<_io.BytesIO object at 0x00000245BEF5F630>,3276553984,-8.255265048976523e+31,-8.785669303559912e-29,-1.337862253189087,19871.37109375,7.689659221067243e+20,8.016779077457511e+37,87104675840.0,2.450069247174757e-37,16143,115653,7,2,False,Left,Back,Left,Centre,77
<_io.BytesIO object at 0x00000245BEF5F3B0>,1052749316,-0.18538644909858704,0.5400002002716064,0.3729948401451111,-0.1899438500404358,2.802596928649634e-45,1.064986832886861e-43,4.203895392974451e-45,0.29124611616134644,-14687,115653,7,2,False,Left,Back,Left,Centre,77
<_io.BytesIO object at 0x00000245BEF5F2C0>,2989046979,-3.640763549616273e+24,-64220188672.0,-6.031735169154029e-31,0.004829154349863529,-2352971008.0,1.1307357568329814e-40,1.401298464324817e-45,0.683332085609436,26417,115653,7,2,False,Left,Back,Left,Centre,77
<_io.BytesIO object at 0x00000245BEF5FBD0>,3271835146,-5.298713585943915e-05,3.9607053747836574e-10,5.417899592430331e-05,2.5088968777458843e-37,2.268141694356149e-41,0.0,0.0,0.0,0,115653,7,2,False,Left,Back,Left,Centre,77
<_io.BytesIO object at 0x00000245BEF5F860>,0,1.1938614500538858e-39,3.857090838635631e-38,9.183549615799121e-41,4.877484888152354e+29,0.016143053770065308,7.2884016036987305,-9.978214645197428e+34,1.4857859997513975e-37,-13994,115653,7,2,False,Left,Back,Left,Centre,77
<_io.BytesIO object at 0x00000245BEFC80E0>,145923,-1.8284618610292818e+18,-2.80758229891463e-33,7.575730407577419e-13,7.3267940994706e+28,1.4857865602707833e-37,0.0004157387011218816,2.755106923693666e-40,0.3331478536128998,-29004,115653,7,2,False,Left,Back,Left,Centre,77
<_io.BytesIO object at 0x00000245BEFC8DB0>,2710781163,-177904.453125,1.4857874571018004e-37,0.000304477202007547,2.7551209366783093e-40,0.28562289476394653,0.04505442455410957,-0.08732204884290695,0.009248980320990086,586,115653,7,2,False,Left,Back,Left,Centre,77
<_io.BytesIO object at 0x00000245BEF50810>,1056332182,0.37822651863098145,-0.19401803612709045,0.7204412221908569,0.16046571731567383,0.2756064236164093,0.591423749923706,0.36987051367759705,-0.1582794338464737,-27863,115654,7,2,False,Left,Back,Left,Centre,77
<_io.BytesIO object at 0x00000245BEF50C20>,2512731904,5.544424817164713e-34,-5.987239047956194e-28,-6.470945561841595e-30,-7.430762363789246e+18,8.268776938020626e+27,-1.7629785217217082e-25,132625897357312.0,9.6805497392504e-27,16143,115654,7,2,False,Left,Back,Left,Centre,77
<_io.BytesIO object at 0x00000245BEF50E00>,1052730047,-0.18479330837726593,0.5403245687484741,0.37272024154663086,-0.18864478170871735,2.802596928649634e-45,1.064986832886861e-43,4.203895392974451e-45,0.29128360748291016,-31592,115654,7,2,False,Left,Back,Left,Centre,77
<_io.BytesIO object at 0x00000245BEF50540>,2730769603,5.133634742446016e+35,2.2807666292820134e+29,-1.0735460767641722e-29,0.033262137323617935,2.5874760667399244e-10,1.1307777957869111e-40,1.401298464324817e-45,0.683332085609436,26417,115654,7,2,False,Left,Back,Left,Centre,77
<_io.BytesIO object at 0x00000245BEF50DB0>,3271835146,-5.298713585943915e-05,3.9607053747836574e-10,5.417899592430331e-05,2.5088968777458843e-37,2.268141694356149e-41,0.0,0.0,0.0,0,115654,7,2,False,Left,Back,Left,Centre,77
<_io.BytesIO object at 0x00000245BEF503B0>,0,1.1938614500538858e-39,3.857090838635631e-38,9.183549615799121e-41,1.9536245672190985e+27,-1.8820739875265e+20,1.066923241906324e-21,-1.5040704082268885e+35,1.4857859997513975e-37,30458,115654,7,2,False,Left,Back,Left,Centre,77
<_io.BytesIO object at 0x00000245BEF50CC0>,145924,-4.002944308419903e+21,7.959442829634736e-28,1.4348180841108524e-38,1.9921478396169487e+23,1.4857865602707833e-37,0.0003851892543025315,2.755106923693666e-40,0.33316493034362793,-6007,115654,7,2,False,Left,Back,Left,Centre,77
<_io.BytesIO object at 0x00000245BEF504F0>,3885710570,-686.939208984375,1.4857874571018004e-37,0.0002991615328937769,2.7551209366783093e-40,0.28561294078826904,0.04490833729505539,-0.08726216107606888,0.009248415008187294,586,115654,7,2,False,Left,Back,Left,Centre,77
<_io.BytesIO object at 0x00000245BEF926D0>,1056337581,0.37812402844429016,-0.1930723339319229,0.5913065075874329,0.36932703852653503,-0.1570144146680832,0.5028406977653503,0.37597742676734924,-0.18719403445720673,-25993,115655,7,2,False,Left,Back,Left,Centre,77
<_io.BytesIO object at 0x00000245BEF92770>,1413758738,7.351905114967245e+17,8.326044928784434e+25,-6.318654998716294e-28,-4.575269605579439e-27,8.706776592653627e-29,12730127.0,4.866500191476551e+28,3.237963612387541e+18,16138,115655,7,2,False,Left,Back,Left,Centre,77
<_io.BytesIO object at 0x00000245BEF92E00>,1052678476,-0.1875779777765274,2.802596928649634e-45,1.064986832886861e-43,4.203895392974451e-45,0.2913108170032501,0.023820428177714348,-0.06862643361091614,0.04084833711385727,-14373,115655,7,2,False,Left,Back,Left,Centre,77
<_io.BytesIO object at 0x00000245BEF922C0>,4224368051,0.06994223594665527,1.145386657378741e-34,1.1307918087715544e-40,1.401298464324817e-45,0.683332085609436,0.13515926897525787,0.2534409761428833,-0.12193368375301361,12249,115655,7,2,False,Left,Back,Left,Centre,77
<_io.BytesIO object at 0x00000245BEF83E00>,946028097,2.5088968777458843e-37,2.268141694356149e-41,0.0,0.0,0.0,0.0,0.0,1.6815581571897805e-44,312,115655,7,2,False,Left,Back,Left,Centre,77
<_io.BytesIO object at 0x00000245BEF834A0>,65536,8.317411852557938e+26,2.043834378763413e-32,7.955481280136307e-33,-2.3591037091369235e+35,1.4857859997513975e-37,0.0004981440724804997,2.755092910709023e-40,0.33770081400871277,-19976,115655,7,2,False,Left,Back,Left,Centre,77
<_io.BytesIO object at 0x00000245BEF83A40>,3954588899,6.698720303838659e+17,1.4857865602707833e-37,0.00039818137884140015,2.755106923693666e-40,0.33318230509757996,0.028576936572790146,-0.009496822953224182,0.009994549676775932,586,115655,7,2,False,Left,Back,Left,Centre,77
<_io.BytesIO object at 0x00000245BEF635E0>,1056343299,0.3780120611190796,-0.1920052319765091,0.5911844372749329,0.3688923418521881,-0.1552000790834427,0.5029834508895874,0.3760325610637665,-0.1858510822057724,-26159,115656,7,2,False,Left,Back,Left,Centre,77
<_io.BytesIO object at 0x00000245BEF63040>,205602578,2.866670101298041e-08,-4.7607888134068236e-26,8.018544690457929e-07,1.5897985329358417e-36,1.958008507713533e-16,2.224719065771415e-16,2.4535592824120157e-31,1.944942909762702e+23,16138,115656,7,2,False,Left,Back,Left,Centre,77
<_io.BytesIO object at 0x00000245BEF63F40>,1052672384,-0.18656063079833984,2.802596928649634e-45,1.064986832886861e-43,4.203895392974451e-45,0.291329562664032,0.023797396570444107,-0.06856551766395569,0.04131805896759033,11415,115656,7,2,False,Left,Back,Left,Centre,77
<_io.BytesIO object at 0x00000245BEF63AE0>,3966156212,60.81041717529297,1.2455155191303373e+17,1.1307777957869111e-40,1.401298464324817e-45,0.683332085609436,0.13515926897525787,0.2534409761428833,-0.12193368375301361,12249,115656,7,2,False,Left,Back,Left,Centre,77
<_io.BytesIO object at 0x00000245BEF63900>,946028097,2.5088968777458843e-37,2.268141694356149e-41,0.0,0.0,0.0,0.0,0.0,1.6815581571897805e-44,312,115656,7,2,False,Left,Back,Left,Centre,77
<_io.BytesIO object at 0x00000245BEF639F0>,65536,6.006851895592446e+24,1.548359218617179e-10,2.75334745334186e-36,-3.42013320364014e+35,1.4857859997513975e-37,0.0004936338518746197,2.755092910709023e-40,0.33772748708724976,18005,115656,7,2,False,Left,Back,Left,Centre,77
<_io.BytesIO object at 0x00000245BEF63860>,3349888227,2400740179968.0,1.4857865602707833e-37,0.00039168461808003485,2.755106923693666e-40,0.3331587016582489,0.02842782996594906,-0.009472627192735672,0.009993995539844036,586,115656,7,2,False,Left,Back,Left,Centre,77
<_io.BytesIO object at 0x00000245BEF607C0>,1056356564,0.3778934180736542,-0.19118615984916687,0.5911772847175598,0.3687122166156769,-0.15388841927051544,0.5029621124267578,0.37573498487472534,-0.1849595457315445,-23130,115657,7,2,False,Left,Back,Left,Centre,77
<_io.BytesIO object at 0x00000245C1CFE7C0>,3814145810,-8.33763738878079e+22,-2.4430845630826162e-20,3.0419430537866055e-13,3.6611478293480104e-08,6.959516191557555e-15,-3.4970895637554095e+29,2.0226480900039587e-18,1.936913790876947e+34,16138,115657,7,2,False,Left,Back,Left,Centre,77
<_io.BytesIO object at 0x00000245BEF608B0>,1052666521,-0.18513071537017822,2.802596928649634e-45,1.064986832886861e-43,4.203895392974451e-45,0.2913575768470764,0.023757046088576317,-0.06852211803197861,0.04174003005027771,8754,115657,7,2,False,Left,Back,Left,Centre,77
<_io.BytesIO object at 0x00000245BEF605E0>,1177206196,352.48333740234375,-4.500377499995496e+24,1.1307637828022679e-40,1.401298464324817e-45,0.683332085609436,0.13515926897525787,0.2534409761428833,-0.12193368375301361,12249,115657,7,2,False,Left,Back,Left,Centre,77
<_io.BytesIO object at 0x00000245BEF60810>,946028097,2.5088968777458843e-37,2.268141694356149e-41,0.0,0.0,0.0,0.0,0.0,1.6815581571897805e-44,312,115657,7,2,False,Left,Back,Left,Centre,77
<_io.BytesIO object at 0x00000245BEF60F90>,65536,2.021763826018511e+22,27167.21875,-1.5367794144398037e+38,-5.419167098035236e+35,1.4857859997513975e-37,0.0004913009470328689,2.755092910709023e-40,0.33775779604911804,-13823,115657,7,2,False,Left,Back,Left,Centre,77
<_io.BytesIO object at 0x00000245BEF60630>,2967026914,3403636.25,1.4857865602707833e-37,0.00039905967423692346,2.755106923693666e-40,0.33317697048187256,0.028332307934761047,-0.009440407156944275,0.009993446059525013,586,115657,7,2,False,Left,Back,Left,Centre,77
<_io.BytesIO object at 0x00000245C1D03CC0>,1056373642,0.37776345014572144,-0.19042518734931946,0.5912013649940491,0.3681658208370209,-0.15295642614364624,0.5035095810890198,0.37546294927597046,-0.18409210443496704,-21647,115658,7,2,False,Left,Back,Left,Centre,77
<_io.BytesIO object at 0x00000245C1D03810>,3357687570,1.7969092051658356e+28,-4.864992979366448e-20,4.2458875909150074e-26,-310.4902038574219,0.0004515513719525188,-0.5009621977806091,-2.3814326744046895e+19,-7.364967560403404e-34,16138,115658,7,2,False,Left,Back,Left,Centre,77
<_io.BytesIO object at 0x00000245C1D03C20>,1052653973,-0.18411022424697876,2.802596928649634e-45,1.064986832886861e-43,4.203895392974451e-45,0.2913733422756195,0.023725014179944992,-0.06848661601543427,0.04197545349597931,23004,115658,7,2,False,Left,Back,Left,Centre,77
<_io.BytesIO object at 0x00000245C1D03630>,3127950772,852.9666137695312,2.5278537640604503e+30,1.1307777957869111e-40,1.401298464324817e-45,0.683332085609436,0.13515926897525787,0.2534409761428833,-0.12193368375301361,12249,115658,7,2,False,Left,Back,Left,Centre,77
<_io.BytesIO object at 0x00000245C1D03C70>,946028097,2.5088968777458843e-37,2.268141694356149e-41,0.0,0.0,0.0,0.0,0.0,1.6815581571897805e-44,312,115658,7,2,False,Left,Back,Left,Centre,77
<_io.BytesIO object at 0x00000245C1D03090>,65536,2.8967159400316797e+19,-5.078331789033206e+31,-2.3239047697385852e+26,-4.796091475011057e+35,1.4857859997513975e-37,0.0004977360367774963,2.755092910709023e-40,0.3377789855003357,19440,115658,7,2,False,Left,Back,Left,Centre,77
<_io.BytesIO object at 0x00000245C1D038B0>,2658942178,2.4334604740142822,1.4857865602707833e-37,0.0004088228160981089,2.755106923693666e-40,0.3331880271434784,0.028252866119146347,-0.009415239095687866,0.009992900304496288,586,115658,7,2,False,Left,Back,Left,Centre,77
<_io.BytesIO object at 0x00000245B9A352C0>,1056381172,0.3775765895843506,-0.18979236483573914,0.5915477871894836,0.3677572011947632,-0.15175287425518036,0.5036299824714661,0.3753460645675659,-0.18301869928836823,-18065,115659,7,2,False,Left,Back,Left,Centre,77
<_io.BytesIO object at 0x00000245B9A35220>,2037006098,2.7680517890390675e+38,-0.011153734289109707,1.1149098311583876e-33,4050514668945408.0,1742790.25,-180.24632263183594,1.3827389325836677e+23,-3.1855947474982094e-26,16138,115659,7,2,False,Left,Back,Left,Centre,77
<_io.BytesIO object at 0x00000245B9A356D0>,1052651272,-0.18299801647663116,2.802596928649634e-45,1.064986832886861e-43,4.203895392974451e-45,0.2913859188556671,0.023709049448370934,-0.06845041364431381,0.04208057373762131,-16467,115659,7,2,False,Left,Back,Left,Centre,77
<_io.BytesIO object at 0x00000245B9A358B0>,3158687156,14351.46484375,-1.58763335518313e+29,1.1307918087715544e-40,1.401298464324817e-45,0.683332085609436,0.13515926897525787,0.2534409761428833,-0.12193368375301361,12249,115659,7,2,False,Left,Back,Left,Centre,77
<_io.BytesIO object at 0x00000245B9A35900>,946028097,2.5088968777458843e-37,2.268141694356149e-41,0.0,0.0,0.0,0.0,0.0,1.6815581571897805e-44,312,115659,7,2,False,Left,Back,Left,Centre,77
<_io.BytesIO object at 0x00000245B9A355E0>,65536,1.8158516996092723e+19,1.2431569076815723e-34,-2.34445564743967e+24,-4.1730158519868775e+35,1.4857859997513975e-37,0.0004939653445035219,2.755092910709023e-40,0.33778584003448486,-29891,115659,7,2,False,Left,Back,Left,Centre,77
<_io.BytesIO object at 0x00000245BEF89B80>,1471429858,2.8124670734541724e-06,1.4857865602707833e-37,0.000431719672633335,2.755106923693666e-40,0.33320024609565735,0.028176821768283844,-0.009404018521308899,0.009992499835789204,586,115659,7,2,False,Left,Back,Left,Centre,77
<_io.BytesIO object at 0x00000245C1DD1EF0>,1056393255,0.37759169936180115,-0.18870320916175842,0.5916692018508911,0.36756181716918945,-0.15022248029708862,0.5038626194000244,0.37533557415008545,-0.18182161450386047,-14888,115660,7,2,False,Left,Back,Left,Centre,77
<_io.BytesIO object at 0x00000245C1DD1CC0>,1919631122,0.1187720075249672,-15856522231808.0,-33455626.0,1329111.75,2.706401956165048e+20,-2.566230827361355e-32,-8.889622878549305e+23,-1.6497724297792615e-09,16138,115660,7,2,False,Left,Back,Left,Centre,77
<_io.BytesIO object at 0x00000245C1D0C090>,1052640691,-0.18186764419078827,2.802596928649634e-45,1.064986832886861e-43,4.203895392974451e-45,0.29140427708625793,0.023709308356046677,-0.06840232759714127,0.04255148023366928,-21675,115660,7,2,False,Left,Back,Left,Centre,77
<_io.BytesIO object at 0x00000245BEF44C20>,919846324,38973.859375,1.8570423208075226e-06,1.1307918087715544e-40,1.401298464324817e-45,0.683332085609436,0.13515926897525787,0.2534409761428833,-0.12193368375301361,12249,115660,7,2,False,Left,Back,Left,Centre,77
<_io.BytesIO object at 0x00000245C1D0C720>,946028097,2.5088968777458843e-37,2.268141694356149e-41,0.0,0.0,0.0,0.0,0.0,1.6815581571897805e-44,312,115660,7,2,False,Left,Back,Left,Centre,77
<_io.BytesIO object at 0x00000245C1D0C540>,65536,8.06144539457749e+17,2.1787449231910894e-14,-35078394609664.0,-3.549940228962698e+35,1.4857859997513975e-37,0.0004906507092528045,2.755092910709023e-40,0.33781254291534424,22615,115660,7,2,False,Left,Back,Left,Centre,77
<_io.BytesIO object at 0x00000245C1D0C8B0>,1185496290,3.3074552211603825e-12,1.4857865602707833e-37,0.0004438503528945148,2.755106923693666e-40,0.3332149088382721,0.028119264170527458,-0.00936879962682724,0.009991958737373352,586,115660,7,2,False,Left,Back,Left,Centre,77
<_io.BytesIO object at 0x00000245BEF5F540>,1056403438,0.37756553292274475,-0.1875712275505066,0.5916633009910583,0.36719805002212524,-0.14924272894859314,0.5043647289276123,0.3751388490200043,-0.18081197142601013,-13220,115661,7,2,False,Left,Back,Left,Centre,77
<_io.BytesIO object at 0x00000245BEF5FD10>,1006780178,-38599412.0,-2.285165381434545e+30,-9235628164120576.0,1.6418935454413676e-34,-1.4928113883025533e-35,193784881086464.0,-9.280791524728866e+20,-97.37149047851562,16138,115661,7,2,False,Left,Back,Left,Centre,77
<_io.BytesIO object at 0x00000245BEF5F630>,1052633267,-0.1809660941362381,2.802596928649634e-45,1.064986832886861e-43,4.203895392974451e-45,0.29141348600387573,0.023717032745480537,-0.06837745755910873,0.042914390563964844,-28972,115661,7,2,False,Left,Back,Left,Centre,77
<_io.BytesIO object at 0x00000245BEF5F590>,3014835636,174327.421875,-5.469649127884028e-23,1.1307777957869111e-40,1.401298464324817e-45,0.683332085609436,0.13515926897525787,0.2534409761428833,-0.12193368375301361,12249,115661,7,2,False,Left,Back,Left,Centre,77
<_io.BytesIO object at 0x00000245BEF5FF40>,946028097,2.5088968777458843e-37,2.268141694356149e-41,0.0,0.0,0.0,0.0,0.0,1.6815581571897805e-44,312,115661,7,2,False,Left,Back,Left,Centre,77
<_io.BytesIO object at 0x00000245BEF5F3B0>,65536,3.039930779267236e+17,2.4346898290704384e+17,-3525806129152.0,-3.1119865555540672e+35,1.4857859997513975e-37,0.0004945134278386831,2.755092910709023e-40,0.3378114700317383,14958,115661,7,2,False,Left,Back,Left,Centre,77
<_io.BytesIO object at 0x00000245BEF5FEA0>,1220885730,6.157640530312253e-19,1.4857865602707833e-37,0.00044691303628496826,2.755106923693666e-40,0.3332272171974182,0.028079643845558167,-0.009348103776574135,0.00999156292527914,586,115661,7,2,False,Left,Back,Left,Centre,77
<_io.BytesIO object at 0x00000245BEF50EA0>,1056412672,0.37743625044822693,-0.1870935708284378,0.5919027328491211,0.36691728234291077,-0.14815618097782135,0.5047239661216736,0.37483352422714233,-0.18056122958660126,-1287,115662,7,2,False,Left,Back,Left,Centre,77
<_io.BytesIO object at 0x00000245C1CFE270>,3815063314,8271.68359375,-2.105400950925159e+36,-9.968648555513937e-06,-1.4200513760442846e-05,-1.190197511500497e-26,3.66136025147664e+18,5.3012330466907406e+36,-53081223168.0,16138,115662,7,2,False,Left,Back,Left,Centre,77
<_io.BytesIO object at 0x00000245BEF50270>,1052631573,-0.17999210953712463,2.802596928649634e-45,1.064986832886861e-43,4.203895392974451e-45,0.2914090156555176,0.02375161647796631,-0.0683462992310524,0.042850784957408905,-32644,115662,7,2,False,Left,Back,Left,Centre,77
<_io.BytesIO object at 0x00000245BEF502C0>,2423504308,62977896.0,1.5967218449583398e+38,1.1307637828022679e-40,1.401298464324817e-45,0.683332085609436,0.13515926897525787,0.2534409761428833,-0.12193368375301361,12249,115662,7,2,False,Left,Back,Left,Centre,77
<_io.BytesIO object at 0x00000245BEF50720>,946028097,2.5088968777458843e-37,2.268141694356149e-41,0.0,0.0,0.0,0.0,0.0,1.6815581571897805e-44,312,115662,7,2,False,Left,Back,Left,Centre,77
<_io.BytesIO object at 0x00000245BEF50E50>,65536,93458513526784.0,9.13830248724727e-32,-6.001560891728515e-15,-4.873975927889079e+35,1.4857859997513975e-37,0.0005009828601032495,2.755092910709023e-40,0.3377951979637146,-10613,115662,7,2,False,Left,Back,Left,Centre,77
<_io.BytesIO object at 0x00000245BEF509F0>,925383905,5.603723360341616e-26,1.4857865602707833e-37,0.00038084882544353604,2.755106923693666e-40,0.3332294523715973,0.02808532491326332,-0.009332546032965183,0.009991017170250416,586,115662,7,2,False,Left,Back,Left,Centre,77
<_io.BytesIO object at 0x00000245BEF92220>,1056430981,0.37737777829170227,-0.1860840767621994,0.5924411416053772,0.3666509687900543,-0.14695961773395538,0.5049760341644287,0.3748071491718292,-0.1793850213289261,6724,115663,7,2,False,Left,Back,Left,Centre,77
<_io.BytesIO object at 0x00000245BEF92A90>,3142336275,-1.135497826397141e-30,1.9462041318746025e-26,-4.994002859434786e-18,3.401116828172235e-06,-8.852959164362684e-12,0.023101357743144035,-0.16039559245109558,-7.696888480436734e+33,16138,115663,7,2,False,Left,Back,Left,Centre,77
<_io.BytesIO object at 0x00000245BEF92D10>,1052633083,-0.17893129587173462,2.802596928649634e-45,1.064986832886861e-43,4.203895392974451e-45,0.2914009988307953,0.023794468492269516,-0.06831400841474533,0.043708447366952896,-23553,115663,7,2,False,Left,Back,Left,Centre,77
<_io.BytesIO object at 0x00000245BEF92C70>,1045085620,48445.85546875,-0.1818828135728836,1.1307777957869111e-40,1.401298464324817e-45,0.683332085609436,0.13515926897525787,0.2534409761428833,-0.12193368375301361,12249,115663,7,2,False,Left,Back,Left,Centre,77
<_io.BytesIO object at 0x00000245BEF92450>,946028097,2.5088968777458843e-37,2.268141694356149e-41,0.0,0.0,0.0,0.0,0.0,1.6815581571897805e-44,312,115663,7,2,False,Left,Back,Left,Centre,77
<_io.BytesIO object at 0x00000245BEF924A0>,65536,32160721403904.0,5.751893293189328e+34,-2.816028861957151e-19,-7.047957489340048e+35,1.4857859997513975e-37,0.0004892420256510377,2.755092910709023e-40,0.3378104567527771,-10895,115663,7,2,False,Left,Back,Left,Centre,77
<_io.BytesIO object at 0x00000245BEF92900>,729300194,4.7123044885031085e-33,1.4857865602707833e-37,0.00043824140448123217,2.755106923693666e-40,0.3332161009311676,0.028060952201485634,-0.009308782406151295,0.009990626014769077,586,115663,7,2,False,Left,Back,Left,Centre,77
<_io.BytesIO object at 0x00000245BEF63810>,1056440653,0.3771471679210663,-0.18578827381134033,0.5926929116249084,0.36617621779441833,-0.14631593227386475,0.5051706433296204,0.37480562925338745,-0.17829719185829163,10062,115664,7,2,False,Left,Back,Left,Centre,77
<_io.BytesIO object at 0x00000245BEF63310>,3091873555,3.444303973992446e-24,0.012801678851246834,-6.795714611814204e-37,-1.7195354303112254e-05,-477.48577880859375,2.539703718941769e-17,6.5486568554854034e+35,1.8907313177044055e-29,16139,115664,7,2,False,Left,Back,Left,Centre,77
<_io.BytesIO object at 0x00000245BEF63B30>,1052613422,-0.17830324172973633,2.802596928649634e-45,1.064986832886861e-43,4.203895392974451e-45,0.29140570759773254,0.023851335048675537,-0.06826417148113251,0.04453856870532036,4398,115664,7,2,False,Left,Back,Left,Centre,77
<_io.BytesIO object at 0x00000245BEF63130>,2989079988,220407.40625,-1.4113599239231212e-14,1.1307357568329814e-40,1.401298464324817e-45,0.683332085609436,0.13515926897525787,0.2534409761428833,-0.12193368375301361,12249,115664,7,2,False,Left,Back,Left,Centre,77
<_io.BytesIO object at 0x00000245BEF63E50>,946028097,2.5088968777458843e-37,2.268141694356149e-41,0.0,0.0,0.0,0.0,0.0,1.6815581571897805e-44,312,115664,7,2,False,Left,Back,Left,Centre,77
<_io.BytesIO object at 0x00000245BEF63A90>,65536,8796094632820736.0,3.5344099160283804e-05,-4147813120.0,-6.19801162681546e+35,1.4857859997513975e-37,0.00048749707639217377,2.755092910709023e-40,0.3378167748451233,18508,115664,7,2,False,Left,Back,Left,Centre,77
<_io.BytesIO object at 0x00000245BEF63400>,677854435,-9.752643525723398e+37,1.4857864481669061e-37,0.0004328653449192643,2.755106923693666e-40,0.33321255445480347,0.028053108602762222,-0.009281435050070286,0.009990084916353226,586,115664,7,2,False,Left,Back,Left,Centre,77
<_io.BytesIO object at 0x00000245C1CFED10>,1056451467,0.37711039185523987,-0.18483451008796692,0.5932406783103943,0.3658905327320099,-0.1451297551393509,0.5056337118148804,0.3746183514595032,-0.17766506969928741,17547,115665,7,2,False,Left,Back,Left,Centre,77
<_io.BytesIO object at 0x00000245C1CFEAE0>,2404335379,11827605504.0,40564868.0,1801.969482421875,61.56127166748047,-2126392942657536.0,4.581496119992077e-34,-2.4517176784826954e-27,9.527166184852831e-07,16139,115665,7,2,False,Left,Back,Left,Centre,77
<_io.BytesIO object at 0x00000245BEF608B0>,1052611567,-0.17730025947093964,2.802596928649634e-45,1.064986832886861e-43,4.203895392974451e-45,0.29140838980674744,0.02388775907456875,-0.06823786348104477,0.045052528381347656,-3068,115665,7,2,False,Left,Back,Left,Centre,77
<_io.BytesIO object at 0x00000245C1CFE450>,1200340403,301550.8125,1.994319265322596e-29,1.1307357568329814e-40,1.401298464324817e-45,0.683332085609436,0.13515926897525787,0.2534409761428833,-0.12193368375301361,12249,115665,7,2,False,Left,Back,Left,Centre,77
<_io.BytesIO object at 0x00000245BEF60270>,946028097,2.5088968777458843e-37,2.268141694356149e-41,0.0,0.0,0.0,0.0,0.0,1.6815581571897805e-44,312,115665,7,2,False,Left,Back,Left,Centre,77
<_io.BytesIO object at 0x00000245BEF604A0>,65536,2.068841723068416e+16,6.912152940756068e-29,-0.00016901867638807744,-5.548974519498607e+35,1.4857859997513975e-37,0.00048264439101330936,2.755092910709023e-40,0.33781659603118896,-31236,115665,7,2,False,Left,Back,Left,Centre,77
<_io.BytesIO object at 0x00000245BEF60C70>,593640675,-4.372235271372672e+30,1.4857864481669061e-37,0.0004297196865081787,2.755106923693666e-40,0.3332212269306183,0.02802387811243534,-0.00926186516880989,0.009989402256906033,586,115665,7,2,False,Left,Back,Left,Centre,77
<_io.BytesIO object at 0x00000245C1D03270>,1056466142,0.376960426568985,-0.18438971042633057,0.5936123132705688,0.3657121956348419,-0.1444869041442871,0.5060280561447144,0.3745410740375519,-0.17686225473880768,23095,115666,7,2,False,Left,Back,Left,Centre,77
<_io.BytesIO object at 0x00000245C1D03B30>,1975402259,236486328320.0,5419997069312.0,2.1201889564175732e-20,6.144845032198242e+20,-1.0992342980496417e+31,-3.81174073168547e+19,-1817.9605712890625,2210279168.0,16139,115666,7,2,False,Left,Back,Left,Centre,77
<_io.BytesIO object at 0x00000245C1D03CC0>,1052604720,-0.176838681101799,2.802596928649634e-45,1.064986832886861e-43,4.203895392974451e-45,0.291422963142395,0.023932043462991714,-0.0682179406285286,0.045427847653627396,8678,115666,7,2,False,Left,Back,Left,Centre,77
<_io.BytesIO object at 0x00000245C1D035E0>,3044785588,475630.78125,-4.684786092281962e-32,1.1307217438483381e-40,1.401298464324817e-45,0.683332085609436,0.13515926897525787,0.2534409761428833,-0.12193368375301361,12249,115666,7,2,False,Left,Back,Left,Centre,77
<_io.BytesIO object at 0x00000245C1D03540>,946028097,2.5088968777458843e-37,2.268141694356149e-41,0.0,0.0,0.0,0.0,0.0,1.6815581571897805e-44,312,115666,7,2,False,Left,Back,Left,Centre,77
<_io.BytesIO object at 0x00000245C1D032C0>,65536,1.9005194550672097e+18,-9.839012742561548e-15,-183530.40625,-4.899937412181753e+35,1.4857859997513975e-37,0.0004887699033133686,2.755092910709023e-40,0.33783572912216187,-9767,115666,7,2,False,Left,Back,Left,Centre,77
<_io.BytesIO object at 0x00000245C1D038B0>,229194979,-1.2253735419145385e+24,1.4857864481669061e-37,0.00042049167677760124,2.755106923693666e-40,0.3332314193248749,0.028009934350848198,-0.009250866249203682,0.009988722391426563,586,115666,7,2,False,Left,Back,Left,Centre,77
<_io.BytesIO object at 0x00000245B9A355E0>,1056483316,0.3767109513282776,-0.18379536271095276,0.5940989255905151,0.3654533326625824,-0.14360034465789795,0.506420373916626,0.37423887848854065,-0.17654910683631897,27307,115667,7,2,False,Left,Back,Left,Centre,77
<_io.BytesIO object at 0x00000245C1DD1270>,1707818771,1.2824355734028288e+16,1.6223074668516367e+27,3.45828917129114e-26,1.1066340604559536e+33,9.520972330466782e-33,-3.0038490295410156,-7.2264084815979,2.1291994293370618e+19,16139,115667,7,2,False,Left,Back,Left,Centre,77
<_io.BytesIO object at 0x00000245B9A354F0>,1052589796,-0.1759912371635437,2.802596928649634e-45,1.064986832886861e-43,4.203895392974451e-45,0.2914145588874817,0.023968517780303955,-0.06822529435157776,0.04549909755587578,19747,115667,7,2,False,Left,Back,Left,Centre,77
<_io.BytesIO object at 0x00000245B9A35590>,3260792243,865039872.0,-0.1041250005364418,1.1306797048944084e-40,1.401298464324817e-45,0.683332085609436,0.13515926897525787,0.2534409761428833,-0.12193368375301361,12249,115667,7,2,False,Left,Back,Left,Centre,77
<_io.BytesIO object at 0x00000245B9A35360>,946028097,2.5088968777458843e-37,2.268141694356149e-41,0.0,0.0,0.0,0.0,0.0,1.6815581571897805e-44,312,115667,7,2,False,Left,Back,Left,Centre,77
<_io.BytesIO object at 0x00000245B9A35220>,65536,6.38948325982208e+16,3.9481525341339447e-28,-9.71602377037846e-18,-4.2509003048649e+35,1.4857859997513975e-37,0.0004853945574723184,2.755092910709023e-40,0.33775854110717773,6093,115667,7,2,False,Left,Back,Left,Centre,77
<_io.BytesIO object at 0x00000245B9A358B0>,1954233571,-4.158552692228096e+16,1.4857864481669061e-37,0.000517659354954958,2.755106923693666e-40,0.3332323133945465,0.028025109320878983,-0.009235864505171776,0.009988190606236458,586,115667,7,2,False,Left,Back,Left,Centre,77
<_io.BytesIO object at 0x00000245C1DD1860>,1056491986,0.37656986713409424,-0.18323096632957458,0.594485878944397,0.3650263547897339,-0.14268341660499573,0.5066472887992859,0.3741055130958557,-0.17578551173210144,-26711,115668,7,2,False,Left,Back,Left,Centre,77
<_io.BytesIO object at 0x00000245C1DD1400>,1261256467,1.4639779295873546e-33,-9.438874536527562e-36,-7.18962282618394e+23,2.3248212189894866e+33,0.00987200066447258,-2.933053799836216e-10,7.24170517791964e+29,-4.0576727635972564e-35,16139,115668,7,2,False,Left,Back,Left,Centre,77
<_io.BytesIO object at 0x00000245BEF44C20>,1052591134,-0.1749662458896637,2.802596928649634e-45,1.064986832886861e-43,4.203895392974451e-45,0.2914416491985321,0.023978695273399353,-0.06818588078022003,0.04549271613359451,27285,115668,7,2,False,Left,Back,Left,Centre,77
<_io.BytesIO object at 0x00000245BEF44450>,1086569908,1016797.5625,3.419104029895033e+19,1.1307217438483381e-40,1.401298464324817e-45,0.683332085609436,0.13515926897525787,0.2534409761428833,-0.12193368375301361,12249,115668,7,2,False,Left,Back,Left,Centre,77
<_io.BytesIO object at 0x00000245C1D0C2C0>,946028097,2.5088968777458843e-37,2.268141694356149e-41,0.0,0.0,0.0,0.0,0.0,1.6815581571897805e-44,312,115668,7,2,False,Left,Back,Left,Centre,77
<_io.BytesIO object at 0x00000245C1D0C130>,65536,5.066550869281997e+16,-1.6401371198308646e-37,-6.02363326442257e-20,-3.6018631975480465e+35,1.4857859997513975e-37,0.0004905685200355947,2.755092910709023e-40,0.33787113428115845,-7622,115668,7,2,False,Left,Back,Left,Centre,77
<_io.BytesIO object at 0x00000245C1D0CC70>,4216405219,-14343946240.0,1.4857864481669061e-37,0.000429643492680043,2.755106923693666e-40,0.3332363963127136,0.028021330013871193,-0.0092381676658988,0.009987659752368927,586,115668,7,2,False,Left,Back,Left,Centre,77
<_io.BytesIO object at 0x00000245BEF5F900>,1056503040,0.376473069190979,-0.18243111670017242,0.5947949290275574,0.3647991120815277,-0.142217755317688,0.50723797082901,0.37399017810821533,-0.17507964372634888,-15573,115669,7,2,False,Left,Back,Left,Centre,77
<_io.BytesIO object at 0x00000245BEF5F400>,531709715,2554248192.0,-4.164732710298473e-22,-452.49237060546875,1.1615527674163444e-32,6042664650670080.0,-1.2896368417614212e-09,2.0140227490912857e+27,-1.1643068406369961e-14,16139,115669,7,2,False,Left,Back,Left,Centre,77
<_io.BytesIO object at 0x00000245BEF5FA40>,1052582525,-0.1744678020477295,2.802596928649634e-45,1.064986832886861e-43,4.203895392974451e-45,0.2914223074913025,0.023977598175406456,-0.06820771098136902,0.045526910573244095,-20627,115669,7,2,False,Left,Back,Left,Centre,77
<_io.BytesIO object at 0x00000245BEF5FF90>,4192189875,6987427328.0,-1.704594454456828e+18,1.1306797048944084e-40,1.401298464324817e-45,0.683332085609436,0.13515926897525787,0.2534409761428833,-0.12193368375301361,12249,115669,7,2,False,Left,Back,Left,Centre,77
<_io.BytesIO object at 0x00000245BEF5F680>,946028097,2.5088968777458843e-37,2.268141694356149e-41,0.0,0.0,0.0,0.0,0.0,1.6815581571897805e-44,312,115669,7,2,False,Left,Back,Left,Centre,77
<_io.BytesIO object at 0x00000245BEF5F4F0>,65536,615726712881152.0,-6.810012109781383e-08,-3.1307366945477514e-24,-3.1379480398467413e+35,1.4857859997513975e-37,0.0004913454758934677,2.755092910709023e-40,0.3377866744995117,-11070,115669,7,2,False,Left,Back,Left,Centre,77
<_io.BytesIO object at 0x00000245BEF5F450>,1601584354,-313.4829406738281,1.4857864481669061e-37,0.0005330786225385964,2.755106923693666e-40,0.33322641253471375,0.027991745620965958,-0.009224385023117065,0.00998698826879263,586,115669,7,2,False,Left,Back,Left,Centre,77
<_io.BytesIO object at 0x00000245BEF50EF0>,1056513202,0.376353919506073,-0.18193799257278442,0.5953239798545837,0.36469411849975586,-0.1411355882883072,0.5076627135276794,0.3738693594932556,-0.17461195588111877,-11159,115670,7,2,False,Left,Back,Left,Centre,77
<_io.BytesIO object at 0x00000245C1CFE180>,259604243,-4.679791597586451e-37,-5.09405992943357e-07,-58316578816.0,-1.8642876921771808e-35,4.637300724526283e+27,-6.760422401947408e-28,-5.6634906542285535e-08,-649038592.0,16139,115670,7,2,False,Left,Back,Left,Centre,77
<_io.BytesIO object at 0x00000245BEF50BD0>,1052574570,-0.17376583814620972,2.802596928649634e-45,1.064986832886861e-43,4.203895392974451e-45,0.29144906997680664,0.023976340889930725,-0.0681588277220726,0.045652568340301514,-15437,115670,7,2,False,Left,Back,Left,Centre,77
<_io.BytesIO object at 0x00000245BEF50B30>,852147636,20085680.0,6130806506389504.0,1.1307077308636949e-40,1.401298464324817e-45,0.683332085609436,0.13515926897525787,0.2534409761428833,-0.12193368375301361,12249,115670,7,2,False,Left,Back,Left,Centre,77
<_io.BytesIO object at 0x00000245BEF50EA0>,946028097,2.5088968777458843e-37,2.268141694356149e-41,0.0,0.0,0.0,0.0,0.0,1.6815581571897805e-44,312,115670,7,2,False,Left,Back,Left,Centre,77
<_io.BytesIO object at 0x00000245BEF50810>,65536,1051133317480448.0,0.0028876326978206635,-3.974602563859085e-30,-2.8134294861883146e+35,1.4857859997513975e-37,0.000490395410452038,2.755092910709023e-40,0.33789321780204773,27116,115670,7,2,False,Left,Back,Left,Centre,77
<_io.BytesIO object at 0x00000245BEF502C0>,4008262883,-5.382095696404576e-05,1.4857864481669061e-37,0.00044403638457879424,2.755106923693666e-40,0.3332361876964569,0.027945343405008316,-0.009209499694406986,0.009986413642764091,586,115670,7,2,False,Left,Back,Left,Centre,77
<_io.BytesIO object at 0x00000245BEF925E0>,1056533325,0.37626516819000244,-0.1815255582332611,0.5956858396530151,0.3642899692058563,-0.1407242864370346,0.5080173015594482,0.3735799789428711,-0.17443647980690002,-5798,115671,7,2,False,Left,Back,Left,Centre,77
<_io.BytesIO object at 0x00000245BEF92B80>,4270735123,-1.0216243525575617e-38,-308720.875,-70462259200.0,3.2922120133831896e-38,-1.8833488370230493e-28,2.2658323308347392e+17,2.078837895282213e-14,-1.0551116073236742e+23,16139,115671,7,2,False,Left,Back,Left,Centre,77
<_io.BytesIO object at 0x00000245BEF92EF0>,1052560236,-0.17329460382461548,2.802596928649634e-45,1.064986832886861e-43,4.203895392974451e-45,0.2914591133594513,0.023965071886777878,-0.06814876198768616,0.04563523456454277,-6811,115671,7,2,False,Left,Back,Left,Centre,77
<_io.BytesIO object at 0x00000245BEF92360>,1612627380,625964480.0,-9.64050006866455,1.1307077308636949e-40,1.401298464324817e-45,0.683332085609436,0.13515926897525787,0.2534409761428833,-0.12193368375301361,12249,115671,7,2,False,Left,Back,Left,Centre,77
<_io.BytesIO object at 0x00000245BEF92630>,946028097,2.5088968777458843e-37,2.268141694356149e-41,0.0,0.0,0.0,0.0,0.0,1.6815581571897805e-44,312,115671,7,2,False,Left,Back,Left,Centre,77
<_io.BytesIO object at 0x00000245BEF926D0>,65536,251788213092352.0,2.2755873223265746e+34,-6.559189417295253e-33,-2.488910932529888e+35,1.4857859997513975e-37,0.00048723365762270987,2.755092910709023e-40,0.3379152715206146,559,115671,7,2,False,Left,Back,Left,Centre,77
<_io.BytesIO object at 0x00000245BEF922C0>,3851762915,-1.3514037111583832e-11,1.4857864481669061e-37,0.00045084254816174507,2.755106923693666e-40,0.3332459628582001,0.027895208448171616,-0.00921480543911457,0.009985994547605515,586,115671,7,2,False,Left,Back,Left,Centre,77
<_io.BytesIO object at 0x00000245BEF63810>,1056546583,0.37610888481140137,-0.18107296526432037,0.5959534645080566,0.36410918831825256,-0.13976183533668518,0.5082626938819885,0.3734629154205322,-0.17420396208763123,4672,115672,7,2,False,Left,Back,Left,Centre,77
<_io.BytesIO object at 0x00000245BEF63E00>,3327475476,2.713162169905159e-17,-2.6429668807462093e+17,-1.0919801742598202e+35,8.926018019335402e-13,-0.001905386452563107,112766.125,-1.2582120745386028e-34,4.164608308968948e-38,16140,115672,7,2,False,Left,Back,Left,Centre,77
<_io.BytesIO object at 0x00000245BEF63090>,1052556893,-0.17293071746826172,2.802596928649634e-45,1.064986832886861e-43,4.203895392974451e-45,0.2914482355117798,0.023938504979014397,-0.06816858798265457,0.04571670666337013,9080,115672,7,2,False,Left,Back,Left,Centre,77
<_io.BytesIO object at 0x00000245BEF63950>,1734131124,872915795968.0,-3.159225418860517e+24,1.1306797048944084e-40,1.401298464324817e-45,0.683332085609436,0.13515926897525787,0.2534409761428833,-0.12193368375301361,12249,115672,7,2,False,Left,Back,Left,Centre,77
<_io.BytesIO object at 0x00000245BEF63590>,946028097,2.5088968777458843e-37,2.268141694356149e-41,0.0,0.0,0.0,0.0,0.0,1.6815581571897805e-44,312,115672,7,2,False,Left,Back,Left,Centre,77
<_io.BytesIO object at 0x00000245BEF63A40>,65536,116548257710080.0,-0.0009355312213301659,-1.2524953433717716e-30,-2.164392378871461e+35,1.4857859997513975e-37,0.0004914859309792519,2.755092910709023e-40,0.33782392740249634,-1698,115672,7,2,False,Left,Back,Left,Centre,77
<_io.BytesIO object at 0x00000245BEF63AE0>,1112292577,-1.5567887578081019e-18,1.4857864481669061e-37,0.0005571419023908675,2.755106923693666e-40,0.3332499861717224,0.02785249426960945,-0.009195411577820778,0.009985486976802349,586,115672,7,2,False,Left,Back,Left,Centre,77
<_io.BytesIO object at 0x00000245C1CFEBD0>,1056558511,0.37588968873023987,-0.18096329271793365,0.5961552262306213,0.3638342618942261,-0.13887304067611694,0.5088253021240234,0.37326186895370483,-0.17355097830295563,12198,115673,7,2,False,Left,Back,Left,Centre,77
<_io.BytesIO object at 0x00000245C1CFE590>,2775072532,-1.9505207219691497e-30,-6.43313917087106e+32,-11836667723776.0,4.693672579657935e+37,-303547680.0,7.53957785093462e-10,-6823.84228515625,1.7958458071315464e-12,16140,115673,7,2,False,Left,Back,Left,Centre,77
<_io.BytesIO object at 0x00000245BEF60810>,1052556938,-0.17221476137638092,2.802596928649634e-45,1.064986832886861e-43,4.203895392974451e-45,0.29145491123199463,0.023952316492795944,-0.06814311444759369,0.04570429027080536,31411,115673,7,2,False,Left,Back,Left,Centre,77
<_io.BytesIO object at 0x00000245C1CFE360>,1880014260,22023428374528.0,28896265240576.0,1.1306797048944084e-40,1.401298464324817e-45,0.683332085609436,0.13515926897525787,0.2534409761428833,-0.12193368375301361,12249,115673,7,2,False,Left,Back,Left,Centre,77
<_io.BytesIO object at 0x00000245BEF60270>,946028097,2.5088968777458843e-37,2.268141694356149e-41,0.0,0.0,0.0,0.0,0.0,1.6815581571897805e-44,312,115673,7,2,False,Left,Back,Left,Centre,77
<_io.BytesIO object at 0x00000245BEF60360>,65536,2234208030294016.0,5638080878870528.0,-6.07219165864118e-33,-1.8398738252130344e+35,1.4857859997513975e-37,0.0004887059330940247,2.755092910709023e-40,0.33782777190208435,-19085,115673,7,2,False,Left,Back,Left,Centre,77
<_io.BytesIO object at 0x00000245BEF602C0>,1050623201,-6.855803389108406e-26,1.4857864481669061e-37,0.0005745679372921586,2.755106923693666e-40,0.3332522511482239,0.02780640870332718,-0.009184448979794979,0.009984980337321758,586,115673,7,2,False,Left,Back,Left,Centre,77
<_io.BytesIO object at 0x00000245C1D03E00>,1056566692,0.37561893463134766,-0.1807469129562378,0.5964203476905823,0.36344289779663086,-0.13801723718643188,0.5091249942779541,0.3729868233203888,-0.17349645495414734,13453,115674,7,2,False,Left,Back,Left,Centre,77
<_io.BytesIO object at 0x00000245C1D03180>,2395684628,-7.022599317506919e-22,1.2586741883675347e-14,-1.595226062356403e-09,7.5263823487951915e-31,-2.5038978188226593e+19,5.4818979729563254e-18,-4.426940179722742e-21,113020.3203125,16140,115674,7,2,False,Left,Back,Left,Centre,77
<_io.BytesIO object at 0x00000245C1D03B30>,1052548566,-0.17224496603012085,2.802596928649634e-45,1.064986832886861e-43,4.203895392974451e-45,0.291453093290329,0.023886876180768013,-0.06815478205680847,0.045343607664108276,-32094,115674,7,2,False,Left,Back,Left,Centre,77
<_io.BytesIO object at 0x00000245C1D03130>,2796731827,1.7671512509825155e+19,-1.2420530544587972e-23,1.130651678925122e-40,1.401298464324817e-45,0.683332085609436,0.13515926897525787,0.2534409761428833,-0.12193368375301361,12249,115674,7,2,False,Left,Back,Left,Centre,77
<_io.BytesIO object at 0x00000245C1D03EF0>,946028097,2.5088968777458843e-37,2.268141694356149e-41,0.0,0.0,0.0,0.0,0.0,1.6815581571897805e-44,312,115674,7,2,False,Left,Back,Left,Centre,77
<_io.BytesIO object at 0x00000245C1D03590>,65536,5.336766589226189e+17,177.243896484375,-2.733071295157885e-28,-1.5884451331428763e+35,1.4857859997513975e-37,0.0004914813325740397,2.755092910709023e-40,0.3377298414707184,-254,115674,7,2,False,Left,Back,Left,Centre,77
<_io.BytesIO object at 0x00000245C1D038B0>,2182626527,-6.5825116843930485e-34,1.4857864481669061e-37,0.0005210468079894781,2.755106923693666e-40,0.3332862854003906,0.027768408879637718,-0.00913213286548853,0.009984627366065979,586,115674,7,2,False,Left,Back,Left,Centre,77
<_io.BytesIO object at 0x00000245B9A358B0>,1056579887,0.37559622526168823,-0.1803397238254547,0.5965794920921326,0.36322110891342163,-0.1376122236251831,0.5093156099319458,0.3728957176208496,-0.17332372069358826,16076,115675,7,2,False,Left,Back,Left,Centre,77
<_io.BytesIO object at 0x00000245C1DD1310>,2133147412,-1.658164381980896,16991.048828125,9.064626307255081e+19,-0.4379786550998688,-5.7129153425329554e+29,-5.427013075348424e+31,8363870.0,5.78601765325494e+19,16140,115675,7,2,False,Left,Back,Left,Centre,77
<_io.BytesIO object at 0x00000245B9A35680>,1052545511,-0.17171655595302582,2.802596928649634e-45,1.064986832886861e-43,4.203895392974451e-45,0.2914837896823883,0.02387324534356594,-0.06813427060842514,0.045656751841306686,17218,115675,7,2,False,Left,Back,Left,Centre,77
<_io.BytesIO object at 0x00000245B9A355E0>,839630259,1.085138371973061e+20,-46988788.0,1.130651678925122e-40,1.401298464324817e-45,0.683332085609436,0.13515926897525787,0.2534409761428833,-0.12193368375301361,12249,115675,7,2,False,Left,Back,Left,Centre,77
<_io.BytesIO object at 0x00000245B9A35090>,946028097,2.5088968777458843e-37,2.268141694356149e-41,0.0,0.0,0.0,0.0,0.0,1.6815581571897805e-44,312,115675,7,2,False,Left,Back,Left,Centre,77
<_io.BytesIO object at 0x00000245B9A353B0>,65536,3.3290615042592473e+19,4.699099496545342e+30,-1.708170010863509e-29,-1.426185856313663e+35,1.4857859997513975e-37,0.0004925377434119582,2.755092910709023e-40,0.33774334192276,-10430,115675,7,2,False,Left,Back,Left,Centre,77
<_io.BytesIO object at 0x00000245B9A35360>,2289253599,8.190405408910236e+35,1.4857864481669061e-37,0.0005204368499107659,2.755106923693666e-40,0.33332711458206177,0.02771085873246193,-0.009105845354497433,0.009984065778553486,586,115675,7,2,False,Left,Back,Left,Centre,77
<_io.BytesIO object at 0x00000245C1DD1B30>,1056586047,0.3755548596382141,-0.18010632693767548,0.5966752171516418,0.363148957490921,-0.13662657141685486,0.5095753073692322,0.3728945255279541,-0.17268002033233643,19235,115676,7,2,False,Left,Back,Left,Centre,77
<_io.BytesIO object at 0x00000245C1DD19F0>,1683832596,3.2310717158675856e-23,106699104256.0,1.747246890916304e+25,9.022791947116542e-32,2.6820505285461442e+22,138.24635314941406,-5.663908004760742,5.951437745628267e+32,16140,115676,7,2,False,Left,Back,Left,Centre,77
<_io.BytesIO object at 0x00000245BEF44450>,1052543428,-0.17103490233421326,2.802596928649634e-45,1.064986832886861e-43,4.203895392974451e-45,0.2915283441543579,0.023946605622768402,-0.06807947158813477,0.04607352986931801,24083,115676,7,2,False,Left,Back,Left,Centre,77
<_io.BytesIO object at 0x00000245BEF44B80>,1876606388,775118385053696.0,-5.837480335880638e+32,1.1306656919097652e-40,1.401298464324817e-45,0.683332085609436,0.13515926897525787,0.2534409761428833,-0.12193368375301361,12249,115676,7,2,False,Left,Back,Left,Centre,77
<_io.BytesIO object at 0x00000245C1D0C7C0>,946028097,2.5088968777458843e-37,2.268141694356149e-41,0.0,0.0,0.0,0.0,0.0,1.6815581571897805e-44,312,115676,7,2,False,Left,Back,Left,Centre,77
<_io.BytesIO object at 0x00000245C1D0C770>,65536,3.5602224506508736e+21,59926577152.0,-7.406866264644263e-30,-1.2639265794844495e+35,1.4857859997513975e-37,0.000499588146340102,2.755092910709023e-40,0.33788353204727173,-29820,115676,7,2,False,Left,Back,Left,Centre,77
<_io.BytesIO object at 0x00000245C1D0C8B0>,566967521,6.057905086966437e+28,1.4857864481669061e-37,0.0005783271626569331,2.755106923693666e-40,0.3333272933959961,0.0277570690959692,-0.009083847515285015,0.009983716532588005,586,115676,7,2,False,Left,Back,Left,Centre,77
<_io.BytesIO object at 0x00000245BEF5FDB0>,1056595806,0.375474214553833,-0.17973321676254272,0.5968767404556274,0.36298030614852905,-0.13610832393169403,0.5098802447319031,0.3729291558265686,-0.17214848101139069,22409,115677,7,2,False,Left,Back,Left,Centre,77
<_io.BytesIO object at 0x00000245BEF5FC20>,1045249812,-3.375703062823902e-15,81222327861248.0,6.54010495454417e+26,8.835274774445328e+32,367.485595703125,1251212154372096.0,5.440799126658538e-39,nan,16140,115677,7,2,False,Left,Back,Left,Centre,77
<_io.BytesIO object at 0x00000245BEF5F590>,1052536460,-0.1706673502922058,2.802596928649634e-45,1.064986832886861e-43,4.203895392974451e-45,0.2915082573890686,0.0240001380443573,-0.06806724518537521,0.04564247652888298,2044,115677,7,2,False,Left,Back,Left,Centre,77
<_io.BytesIO object at 0x00000245BEF5F5E0>,2217917876,1.2696057247492263e+20,1.3068199223198462e-05,1.1306376659404787e-40,1.401298464324817e-45,0.683332085609436,0.13515926897525787,0.2534409761428833,-0.12193368375301361,12249,115677,7,2,False,Left,Back,Left,Centre,77
<_io.BytesIO object at 0x00000245BEF5F630>,946028097,2.5088968777458843e-37,2.268141694356149e-41,0.0,0.0,0.0,0.0,0.0,1.6815581571897805e-44,312,115677,7,2,False,Left,Back,Left,Centre,77
<_io.BytesIO object at 0x00000245BEF5FEA0>,65536,6.744592121364008e+19,142585.75,2.696065846556013e+28,-1.8528545673593715e+35,1.4857859997513975e-37,0.0004970342852175236,2.755092910709023e-40,0.33779001235961914,27536,115677,7,2,False,Left,Back,Left,Centre,77
<_io.BytesIO object at 0x00000245BEF5FA90>,1515207904,2.1374377972851037e+21,1.4857864481669061e-37,0.0005235930439084768,2.755106923693666e-40,0.3333144783973694,0.02779083140194416,-0.009048712439835072,0.009983368217945099,586,115677,7,2,False,Left,Back,Left,Centre,77
<_io.BytesIO object at 0x00000245BEF50270>,1056601824,0.37556353211402893,-0.1792237013578415,0.5969938039779663,0.36264467239379883,-0.13574698567390442,0.5099397897720337,0.37283986806869507,-0.1719851791858673,22827,115678,7,2,False,Left,Back,Left,Centre,77
<_io.BytesIO object at 0x00000245C1CFE900>,1336164116,-8601275.0,7.621617614043731e+24,4.494325902747964e+37,-127101.4765625,0.0054853144101798534,116633247744.0,498165.875,-1.8907299635349134e-29,16140,115678,7,2,False,Left,Back,Left,Centre,77
<_io.BytesIO object at 0x00000245BEF50A40>,1052535895,-0.17047174274921417,2.802596928649634e-45,1.064986832886861e-43,4.203895392974451e-45,0.2915281355381012,0.024041425436735153,-0.0680326521396637,0.04637962579727173,-6708,115678,7,2,False,Left,Back,Left,Centre,77
<_io.BytesIO object at 0x00000245BEF50450>,1066122676,61089282785280.0,-2050031.625,1.1306656919097652e-40,1.401298464324817e-45,0.683332085609436,0.13515926897525787,0.2534409761428833,-0.12193368375301361,12249,115678,7,2,False,Left,Back,Left,Centre,77
<_io.BytesIO object at 0x00000245BEF50EF0>,946028097,2.5088968777458843e-37,2.268141694356149e-41,0.0,0.0,0.0,0.0,0.0,1.6815581571897805e-44,312,115678,7,2,False,Left,Back,Left,Centre,77
<_io.BytesIO object at 0x00000245BEF50090>,65536,1.2543790192247146e+21,149511995392.0,-1.767335932924577e-29,-2.8393909704809888e+35,1.4857859997513975e-37,0.0004903435474261642,2.755092910709023e-40,0.33788052201271057,29846,115678,7,2,False,Left,Back,Left,Centre,77
<_io.BytesIO object at 0x00000245BEF50B30>,179191010,187732231979008.0,1.4857864481669061e-37,0.0005661139730364084,2.755106923693666e-40,0.3332953453063965,0.0278030838817358,-0.009000682272017002,0.009983020834624767,586,115678,7,2,False,Left,Back,Left,Centre,77
<_io.BytesIO object at 0x00000245BEF92860>,1056605943,0.3755905032157898,-0.17892450094223022,0.5971901416778564,0.36259377002716064,-0.13488532602787018,0.5100473761558533,0.3728342056274414,-0.17174085974693298,23909,115679,7,2,False,Left,Back,Left,Centre,77
<_io.BytesIO object at 0x00000245BEF92BD0>,1330593556,1361.9603271484375,3.2432551117462484e+30,-8.364706803350172e-23,4.716070634458447e-06,2.8020747072469987e-13,3.4091002709639164e+27,-25.15563201904297,-9.460579120019994e-23,16140,115679,7,2,False,Left,Back,Left,Centre,77
<_io.BytesIO object at 0x00000245BEF92A90>,1052536418,-0.170133575797081,2.802596928649634e-45,1.064986832886861e-43,4.203895392974451e-45,0.2915257513523102,0.02407984994351864,-0.06800208240747452,0.046909745782613754,9640,115679,7,2,False,Left,Back,Left,Centre,77
<_io.BytesIO object at 0x00000245BEF921D0>,2255666613,645282398208.0,-9.204789755873737e-17,1.1306656919097652e-40,1.401298464324817e-45,0.683332085609436,0.13515926897525787,0.2534409761428833,-0.12193368375301361,12249,115679,7,2,False,Left,Back,Left,Centre,77
<_io.BytesIO object at 0x00000245BEF92DB0>,946028097,2.5088968777458843e-37,2.268141694356149e-41,0.0,0.0,0.0,0.0,0.0,1.6815581571897805e-44,312,115679,7,2,False,Left,Back,Left,Centre,77
<_io.BytesIO object at 0x00000245BEF92720>,65536,5.080062028941361e+18,5709624.0,-5.7351583264772295e-33,-4.328784757742922e+35,1.4857859997513975e-37,0.000501201837323606,2.755092910709023e-40,0.3378845751285553,-5230,115679,7,2,False,Left,Back,Left,Centre,77
<_io.BytesIO object at 0x00000245BEF924A0>,4159192290,3420020.0,1.4857864481669061e-37,0.000559746113140136,2.755106923693666e-40,0.3332851231098175,0.027786068618297577,-0.00898087490350008,0.00998252909630537,586,115679,7,2,False,Left,Back,Left,Centre,77
<_io.BytesIO object at 0x00000245BEF63810>,1056611953,0.37569689750671387,-0.1785556524991989,0.5972868204116821,0.36258241534233093,-0.134480819106102,0.5102483630180359,0.3729608654975891,-0.17125487327575684,26128,115680,7,2,False,Left,Back,Left,Centre,77
<_io.BytesIO object at 0x00000245BEF638B0>,1427324692,1.564230549367539e+33,9.43661132239073e+35,-1.995558131738e-18,-4.019798095528414e+23,2.4312805032904163e+33,7.442241437337056e-37,-3.743543355304992e+36,-8.37232107642194e-07,16140,115680,7,2,False,Left,Back,Left,Centre,77
<_io.BytesIO object at 0x00000245BEF63130>,1052540509,-0.1694757491350174,2.802596928649634e-45,1.064986832886861e-43,4.203895392974451e-45,0.29152265191078186,0.024095691740512848,-0.06798436492681503,0.04722784459590912,14671,115680,7,2,False,Left,Back,Left,Centre,77
<_io.BytesIO object at 0x00000245BEF63310>,2748497333,67979001856.0,-3745479936.0,1.1306656919097652e-40,1.401298464324817e-45,0.683332085609436,0.13515926897525787,0.2534409761428833,-0.12193368375301361,12249,115680,7,2,False,Left,Back,Left,Centre,77
<_io.BytesIO object at 0x00000245BEF63BD0>,946028097,2.5088968777458843e-37,2.268141694356149e-41,0.0,0.0,0.0,0.0,0.0,1.6815581571897805e-44,312,115680,7,2,False,Left,Back,Left,Centre,77
<_io.BytesIO object at 0x00000245BEF63C20>,65536,1.2033621502868849e+19,2731079509213184.0,-6.205982476725438e-34,-6.301857563986157e+35,1.4857859997513975e-37,0.0004984457627870142,2.755092910709023e-40,0.3378753960132599,16111,115680,7,2,False,Left,Back,Left,Centre,77
<_io.BytesIO object at 0x00000245BEF63F90>,4018093283,0.06530344486236572,1.4857864481669061e-37,0.0005546001484617591,2.755106923693666e-40,0.3332834839820862,0.02777147851884365,-0.00896072294563055,0.009982184506952763,586,115680,7,2,False,Left,Back,Left,Centre,77
<_io.BytesIO object at 0x00000245C1CFEF90>,1056620185,0.3757992088794708,-0.17779602110385895,0.597442090511322,0.3626078963279724,-0.1340894252061844,0.5104284286499023,0.37297746539115906,-0.17087788879871368,27818,115681,7,2,False,Left,Back,Left,Centre,77
<_io.BytesIO object at 0x00000245C1CFE2C0>,1664237332,-1.0757840880051481e-13,-9.234545499473669e-32,9.25507187221367e+35,1.0496932811708191e-35,1.2168593197479865e+30,1.3462815808495133e-37,5.3419189498526976e-06,-20.84284782409668,16140,115681,7,2,False,Left,Back,Left,Centre,77
<_io.BytesIO object at 0x00000245BEF60EA0>,1052542670,-0.1691090613603592,2.802596928649634e-45,1.064986832886861e-43,4.203895392974451e-45,0.2915220558643341,0.024082032963633537,-0.06797947734594345,0.04732854664325714,22280,115681,7,2,False,Left,Back,Left,Centre,77
<_io.BytesIO object at 0x00000245C1CFE400>,2796010933,27681267712.0,-7.760854722451711e-20,1.1306656919097652e-40,1.401298464324817e-45,0.683332085609436,0.13515926897525787,0.2534409761428833,-0.12193368375301361,12249,115681,7,2,False,Left,Back,Left,Centre,77
<_io.BytesIO object at 0x00000245BEF60270>,946028097,2.5088968777458843e-37,2.268141694356149e-41,0.0,0.0,0.0,0.0,0.0,1.6815581571897805e-44,312,115681,7,2,False,Left,Back,Left,Centre,77
<_io.BytesIO object at 0x00000245BEF60950>,65536,4.9575635253406047e+20,6.467608165867701e+20,-1.3942914748113489e-12,-9.903720761534203e+35,1.4857859997513975e-37,0.0005012221517972648,2.755092910709023e-40,0.33787545561790466,15176,115681,7,2,False,Left,Back,Left,Centre,77
<_io.BytesIO object at 0x00000245BEF60540>,3917954275,3.2849705178250588e-09,1.4857864481669061e-37,0.0005635420675389469,2.755106923693666e-40,0.33327746391296387,0.02775297313928604,-0.008943473920226097,0.009981841780245304,586,115681,7,2,False,Left,Back,Left,Centre,77
<_io.BytesIO object at 0x00000245C1D03310>,1056628247,0.3757994771003723,-0.1775502860546112,0.59786456823349,0.36272063851356506,-0.1332547664642334,0.5108335614204407,0.37305232882499695,-0.17059901356697083,30090,115682,7,2,False,Left,Back,Left,Centre,77
<_io.BytesIO object at 0x00000245C1D036D0>,1548500756,3.613203763961792,-1.3191903550859535e-19,nan,-8.165601320797578e-05,702556120547328.0,7.253154376994905e-17,-5.590283448619149e-18,-4874002.5,16140,115682,7,2,False,Left,Back,Left,Centre,77
<_io.BytesIO object at 0x00000245C1D03180>,1052547104,-0.16851989924907684,2.802596928649634e-45,1.064986832886861e-43,4.203895392974451e-45,0.2915225625038147,0.024057336151599884,-0.06797143816947937,0.04722721502184868,20170,115682,7,2,False,Left,Back,Left,Centre,77
<_io.BytesIO object at 0x00000245C1D03A40>,1244446133,254736138240.0,7.392684012678762e-38,1.1306797048944084e-40,1.401298464324817e-45,0.683332085609436,0.13515926897525787,0.2534409761428833,-0.12193368375301361,12249,115682,7,2,False,Left,Back,Left,Centre,77
<_io.BytesIO object at 0x00000245C1D03B80>,946028097,2.5088968777458843e-37,2.268141694356149e-41,0.0,0.0,0.0,0.0,0.0,1.6815581571897805e-44,312,115682,7,2,False,Left,Back,Left,Centre,77
<_io.BytesIO object at 0x00000245C1D03720>,65536,3.467772743867433e+17,4.378572963850274e-36,-2.529644282743565e-30,-1.430360685302149e+36,1.4857859997513975e-37,0.000500821799505502,2.755092910709023e-40,0.3378693461418152,-6894,115682,7,2,False,Left,Back,Left,Centre,77
<_io.BytesIO object at 0x00000245C1D038B0>,3899342050,1.7758490431483715e-16,1.4857864481669061e-37,0.0005659879534505308,2.755106923693666e-40,0.3332797884941101,0.027720199897885323,-0.008944835513830185,0.009981500916182995,586,115682,7,2,False,Left,Back,Left,Centre,77
<_io.BytesIO object at 0x00000245B9A35360>,1056633185,0.37579426169395447,-0.1772344410419464,0.5981329679489136,0.36271363496780396,-0.1330670714378357,0.5111942887306213,0.3731517791748047,-0.1702645719051361,-31909,115683,7,2,False,Left,Back,Left,Centre,77
<_io.BytesIO object at 0x00000245C1DD1EA0>,1746288404,1.496446373295972e+21,-9.592063179297838e-07,-2.584061948466116e-21,-6.011593783342231e+28,3.470802455480517e+24,2.0696708670546646e+22,4.397661058885094e-18,-14138534264832.0,16140,115683,7,2,False,Left,Back,Left,Centre,77
<_io.BytesIO object at 0x00000245B9A35630>,1052548813,-0.16816949844360352,2.802596928649634e-45,1.064986832886861e-43,4.203895392974451e-45,0.2915251851081848,0.024003196507692337,-0.06798072904348373,0.04703851416707039,15919,115683,7,2,False,Left,Back,Left,Centre,77
<_io.BytesIO object at 0x00000245B9A358B0>,538230197,1651342049280.0,0.02297949232161045,1.1306797048944084e-40,1.401298464324817e-45,0.683332085609436,0.13515926897525787,0.2534409761428833,-0.12193368375301361,12249,115683,7,2,False,Left,Back,Left,Centre,77
<_io.BytesIO object at 0x00000245B9A35180>,946028097,2.5088968777458843e-37,2.268141694356149e-41,0.0,0.0,0.0,0.0,0.0,1.6815581571897805e-44,312,115683,7,2,False,Left,Back,Left,Centre,77
<_io.BytesIO object at 0x00000245B9A354A0>,65536,5488763656470528.0,-8.061164407990873e-06,-7.818759184245839e-29,-2.1988206203653034e+36,1.4857859997513975e-37,0.0005000096280127764,2.755092910709023e-40,0.33787357807159424,14942,115683,7,2,False,Left,Back,Left,Centre,77
<_io.BytesIO object at 0x00000245B9A35090>,4050533602,7.999945724929391e-24,1.4857864481669061e-37,0.000575786514673382,2.755106923693666e-40,0.33328551054000854,0.02767808921635151,-0.008958050981163979,0.009981069713830948,586,115683,7,2,False,Left,Back,Left,Centre,77
<_io.BytesIO object at 0x00000245C1DD1EF0>,1056642537,0.37583300471305847,-0.17668399214744568,0.5984402894973755,0.36271798610687256,-0.13290898501873016,0.5114006996154785,0.37318286299705505,-0.16974812746047974,-22738,115684,7,2,False,Left,Back,Left,Centre,77
<_io.BytesIO object at 0x00000245C1DD1AE0>,1307590420,3.6823992653777665e+32,-0.0006208133418112993,-524804320.0,1.4993926242823363e-06,2.504633654971122e+25,-0.027984173968434334,1.570798551344045e+20,-1.0822631930468919e+20,16140,115684,7,2,False,Left,Back,Left,Centre,77
<_io.BytesIO object at 0x00000245BEF44B80>,1052550090,-0.16784687340259552,2.802596928649634e-45,1.064986832886861e-43,4.203895392974451e-45,0.291548490524292,0.023936141282320023,-0.0679321140050888,0.045989666134119034,-2145,115684,7,2,False,Left,Back,Left,Centre,77
<_io.BytesIO object at 0x00000245BEF44C20>,2782051766,1367874076672.0,-1.1602854529475512e+22,1.1307217438483381e-40,1.401298464324817e-45,0.683332085609436,0.13515926897525787,0.2534409761428833,-0.12193368375301361,12249,115684,7,2,False,Left,Back,Left,Centre,77
<_io.BytesIO object at 0x00000245C1D0C810>,946028097,2.5088968777458843e-37,2.268141694356149e-41,0.0,0.0,0.0,0.0,0.0,1.6815581571897805e-44,312,115684,7,2,False,Left,Back,Left,Centre,77
<_io.BytesIO object at 0x00000245C1D0C4A0>,65536,46439346176.0,-2.1974120927853082e+21,9938119457505280.0,-8.034493892461665e+35,1.4857859997513975e-37,0.0004908873233944178,2.755092910709023e-40,0.33807510137557983,23466,115684,7,2,False,Left,Back,Left,Centre,77
<_io.BytesIO object at 0x00000245C1D0CEA0>,1257651425,4.377908393784401e-28,1.4857864481669061e-37,0.00033614697167649865,2.755106923693666e-40,0.3332802355289459,0.0276345144957304,-0.008982505649328232,0.0099806422367692,586,115684,7,2,False,Left,Back,Left,Centre,77
<_io.BytesIO object at 0x00000245BEF5F0E0>,1056651923,0.3759187161922455,-0.17617662250995636,0.5989177823066711,0.3628863990306854,-0.13220155239105225,0.5116478800773621,0.37316709756851196,-0.16959795355796814,-13848,115685,7,2,False,Left,Back,Left,Centre,77
<_io.BytesIO object at 0x00000245BEF5F180>,1028144916,3.629541969961891e+30,-14138900.0,-0.0007066581747494638,528807264256.0,1.1852165598684782e+33,-3.254503093357773e+16,-2.145451107353133e-14,-3.6050506826993996e+33,16140,115685,7,2,False,Left,Back,Left,Centre,77
<_io.BytesIO object at 0x00000245BEF5FF90>,1052555755,-0.16720284521579742,2.802596928649634e-45,1.064986832886861e-43,4.203895392974451e-45,0.29149681329727173,0.02383328415453434,-0.06801634281873703,0.0454840324819088,-23979,115685,7,2,False,Left,Back,Left,Centre,77
<_io.BytesIO object at 0x00000245BEF5F360>,2538454452,1.6439873933133732e+21,1.3847135476905348e-35,1.1306797048944084e-40,1.401298464324817e-45,0.683332085609436,0.13515926897525787,0.2534409761428833,-0.12193368375301361,12249,115685,7,2,False,Left,Back,Left,Centre,77
<_io.BytesIO object at 0x00000245BEF5FA40>,946028097,2.5088968777458843e-37,2.268141694356149e-41,0.0,0.0,0.0,0.0,0.0,1.6815581571897805e-44,312,115685,7,2,False,Left,Back,Left,Centre,77
<_io.BytesIO object at 0x00000245BEF5F450>,65536,178176.046875,113898368.0,1453151360.0,-1.6403681017282246e+35,1.4857859997513975e-37,0.000493609462864697,2.755092910709023e-40,0.3378308117389679,-29709,115685,7,2,False,Left,Back,Left,Centre,77
<_io.BytesIO object at 0x00000245BEF5FEF0>,844512478,6.523592584232818e-36,1.4857864481669061e-37,0.0005067837191745639,2.755106923693666e-40,0.3332805633544922,0.02758163772523403,-0.008994944393634796,0.009980420581996441,586,115685,7,2,False,Left,Back,Left,Centre,77
<_io.BytesIO object at 0x00000245BEF50BD0>,1056661809,0.3757558763027191,-0.17611709237098694,0.5992279648780823,0.3629073202610016,-0.1321544200181961,0.5119190812110901,0.3732452988624573,-0.1692882925271988,-10726,115686,7,2,False,Left,Back,Left,Centre,77
<_io.BytesIO object at 0x00000245C1CFE950>,1333280532,-29785462.0,-1.2426696738000077e+17,-3.7956859386440655e-20,1.3516012138501708e+32,-2.1176615677897456e-34,-281535008.0,2.063560748448966e+38,9.678926559558287e-38,16141,115686,7,2,False,Left,Back,Left,Centre,77
<_io.BytesIO object at 0x00000245BEF50220>,1052555939,-0.166977196931839,2.802596928649634e-45,1.064986832886861e-43,4.203895392974451e-45,0.29144924879074097,0.023705758154392242,-0.06808885186910629,0.044689979404211044,-7738,115686,7,2,False,Left,Back,Left,Centre,77
<_io.BytesIO object at 0x00000245BEF50180>,138395060,1.9209941216271137e+25,4.014509644850728e-12,1.1307077308636949e-40,1.401298464324817e-45,0.683332085609436,0.13515926897525787,0.2534409761428833,-0.12193368375301361,12249,115686,7,2,False,Left,Back,Left,Centre,77
<_io.BytesIO object at 0x00000245BEF50270>,946028097,2.5088968777458843e-37,2.268141694356149e-41,0.0,0.0,0.0,0.0,0.0,1.6815581571897805e-44,312,115686,7,2,False,Left,Back,Left,Centre,77
<_io.BytesIO object at 0x00000245BEF50860>,65536,1880.0003662109375,0.008437737822532654,60091024.0,-6.384536608153933e+34,1.4857859997513975e-37,0.000496117805596441,2.755092910709023e-40,0.3377320170402527,3057,115686,7,2,False,Left,Back,Left,Centre,77
<_io.BytesIO object at 0x00000245BEF50450>,1949121757,-3.176925918958884e+35,1.485786336063029e-37,0.0005042360280640423,2.755106923693666e-40,0.333233118057251,0.027439700439572334,-0.009037849493324757,0.00997969601303339,586,115686,7,2,False,Left,Back,Left,Centre,77
<_io.BytesIO object at 0x00000245BEF929A0>,1056667163,0.375748872756958,-0.17597192525863647,0.5996863842010498,0.36280372738838196,-0.13218043744564056,0.5121601819992065,0.3733379542827606,-0.16896551847457886,-7736,115687,7,2,False,Left,Back,Left,Centre,77
<_io.BytesIO object at 0x00000245BEF92450>,1390493460,1.6499035893823726e+28,-7.401954217959562e+23,-3.7956859386440655e-20,2.5976052366161478e+19,-2.0985931048489448e-10,-4.424492146858897e-35,-5.195158004760742,3.8894084352678275e-25,16141,115687,7,2,False,Left,Back,Left,Centre,77
<_io.BytesIO object at 0x00000245BEF92B80>,1052552752,-0.16692155599594116,2.802596928649634e-45,1.064986832886861e-43,4.203895392974451e-45,0.29147759079933167,0.023549417033791542,-0.06800271570682526,0.04463566467165947,-7692,115687,7,2,False,Left,Back,Left,Centre,77
<_io.BytesIO object at 0x00000245BEF92F40>,2934291894,4.679281828639539e+16,4.661859778802072e+25,1.1307777957869111e-40,1.401298464324817e-45,0.683332085609436,0.13515926897525787,0.2534409761428833,-0.12193368375301361,12249,115687,7,2,False,Left,Back,Left,Centre,77
<_io.BytesIO object at 0x00000245BEF92220>,946028097,2.5088968777458843e-37,2.268141694356149e-41,0.0,0.0,0.0,0.0,0.0,1.6815581571897805e-44,312,115687,7,2,False,Left,Back,Left,Centre,77
<_io.BytesIO object at 0x00000245BEF92270>,65536,5.692244940291857e-06,1.0428304289746125e+17,1.930648488053074e-38,-2.2836163538333717e+34,1.4857859997513975e-37,0.0004925625980831683,2.755092910709023e-40,0.3379640281200409,14512,115687,7,2,False,Left,Back,Left,Centre,77
<_io.BytesIO object at 0x00000245BEF926D0>,2712485085,-7.278748931768544e+30,1.485786336063029e-37,0.00043518649181351066,2.755106923693666e-40,0.3332337737083435,0.027297519147396088,-0.00904766097664833,0.009979130700230598,586,115687,7,2,False,Left,Back,Left,Centre,77
<_io.BytesIO object at 0x00000245BEF63810>,1056674902,0.3757251501083374,-0.17577356100082397,0.6001437306404114,0.3629748821258545,-0.1325223445892334,0.5123339295387268,0.37324175238609314,-0.1688302606344223,-2857,115688,7,2,False,Left,Back,Left,Centre,77
<_io.BytesIO object at 0x00000245BEF635E0>,1475231508,1866927123202048.0,-1.2477627849034168e+38,-7.601443767547607,-1.197227120399475,-5.191391392145306e-05,-1.7848431864340842e-34,-2.777932954638746e-38,1.5875542796594394e-13,16141,115688,7,2,False,Left,Back,Left,Centre,77
<_io.BytesIO object at 0x00000245BEF63950>,1052553059,-0.1667684018611908,2.802596928649634e-45,1.064986832886861e-43,4.203895392974451e-45,0.2914832532405853,0.023416580632328987,-0.06798660755157471,0.043982673436403275,-1576,115688,7,2,False,Left,Back,Left,Centre,77
<_io.BytesIO object at 0x00000245BEF63E00>,1142209974,3.138855558405161e+18,3268435771392.0,1.1307918087715544e-40,1.401298464324817e-45,0.683332085609436,0.13515926897525787,0.2534409761428833,-0.12193368375301361,12249,115688,7,2,False,Left,Back,Left,Centre,77
<_io.BytesIO object at 0x00000245BEF63680>,946028097,2.5088968777458843e-37,2.268141694356149e-41,0.0,0.0,0.0,0.0,0.0,1.6815581571897805e-44,312,115688,7,2,False,Left,Back,Left,Centre,77
<_io.BytesIO object at 0x00000245BEF63D10>,65536,2.644956964559242e-07,-1.4437097918847118e+29,-7.339944001178799e+29,-8.62970724853925e+33,1.4857859997513975e-37,0.0005004098638892174,2.755092910709023e-40,0.3379742503166199,-25982,115688,7,2,False,Left,Back,Left,Centre,77
<_io.BytesIO object at 0x00000245BEF63630>,2538552539,-1.6452079190275264e+25,1.485786336063029e-37,0.0004397006705403328,2.755106923693666e-40,0.3332502543926239,0.027206238359212875,-0.009046387858688831,0.009978661313652992,586,115688,7,2,False,Left,Back,Left,Centre,77
<_io.BytesIO object at 0x00000245C1CFE9F0>,1056681496,0.3758578896522522,-0.17537762224674225,0.6006863713264465,0.36306917667388916,-0.13205790519714355,0.5124821066856384,0.37325364351272583,-0.16880793869495392,9012,115689,7,2,False,Left,Back,Left,Centre,77
<_io.BytesIO object at 0x00000245C1CFEEF0>,1055473429,-1000.9801635742188,1.3307596397000844e-31,-605012480.0,-2.985707645528329e-19,-379044992.0,-1.2895767721686722e-19,9.410781356847829e+35,3.661851906144875e-06,16141,115689,7,2,False,Left,Back,Left,Centre,77
<_io.BytesIO object at 0x00000245BEF60090>,1052553951,-0.1667446792125702,2.802596928649634e-45,1.064986832886861e-43,4.203895392974451e-45,0.2914954125881195,0.023286744952201843,-0.06793560087680817,0.04294028878211975,13882,115689,7,2,False,Left,Back,Left,Centre,77
<_io.BytesIO object at 0x00000245C1CFE810>,3959012790,2.0140086004385812e+24,85630.9765625,1.1307777957869111e-40,1.401298464324817e-45,0.683332085609436,0.13515926897525787,0.2534409761428833,-0.12193368375301361,12249,115689,7,2,False,Left,Back,Left,Centre,77
<_io.BytesIO object at 0x00000245BEF60270>,946028097,2.5088968777458843e-37,2.268141694356149e-41,0.0,0.0,0.0,0.0,0.0,1.6815581571897805e-44,312,115689,7,2,False,Left,Back,Left,Centre,77
<_io.BytesIO object at 0x00000245BEF60DB0>,65536,9.968065262100367e-10,1.9542082414561175e-17,-2.7290767768753567e+31,-3.199321096068783e+33,1.4857859997513975e-37,0.000489192723762244,2.755092910709023e-40,0.33801889419555664,7892,115689,7,2,False,Left,Back,Left,Centre,77
<_io.BytesIO object at 0x00000245BEF608B0>,1612791002,-5.366652571461175e+20,1.485786336063029e-37,0.0003793250070884824,2.755106923693666e-40,0.33326953649520874,0.02714700810611248,-0.00905749760568142,0.009977949783205986,586,115689,7,2,False,Left,Back,Left,Centre,77
<_io.BytesIO object at 0x00000245C1D03A90>,1056688452,0.3759443759918213,-0.1751042753458023,0.6010059118270874,0.36313900351524353,-0.13222016394138336,0.5126873850822449,0.3732552230358124,-0.16877557337284088,13402,115690,7,2,False,Left,Back,Left,Centre,77
<_io.BytesIO object at 0x00000245C1D03810>,1182482197,-2.597578763961792,1.3548092620006763e-28,2.8330309939926814e-22,-9.77852096184506e-07,-151449723994112.0,-6.46544925279633e+21,-0.00018906121840700507,810643750912.0,16141,115690,7,2,False,Left,Back,Left,Centre,77
<_io.BytesIO object at 0x00000245C1D036D0>,1052554774,-0.16693751513957977,2.802596928649634e-45,1.064986832886861e-43,4.203895392974451e-45,0.2914917469024658,0.02318774349987507,-0.06797026097774506,0.04253416508436203,-26034,115690,7,2,False,Left,Back,Left,Centre,77
<_io.BytesIO object at 0x00000245C1D030E0>,286965173,5.810141927274381e+25,-0.00018715667829383165,1.1307777957869111e-40,1.401298464324817e-45,0.683332085609436,0.13515926897525787,0.2534409761428833,-0.12193368375301361,12249,115690,7,2,False,Left,Back,Left,Centre,77
<_io.BytesIO object at 0x00000245C1D037C0>,946028097,2.5088968777458843e-37,2.268141694356149e-41,0.0,0.0,0.0,0.0,0.0,1.6815581571897805e-44,312,115690,7,2,False,Left,Back,Left,Centre,77
<_io.BytesIO object at 0x00000245C1D034A0>,65536,5.6559214776930045e-12,-1.1540306918456996e-19,-8.135053243603349e+26,-1.1699842492838388e+33,1.4857859997513975e-37,0.0004969417932443321,2.755092910709023e-40,0.33797913789749146,-11294,115690,7,2,False,Left,Back,Left,Centre,77
<_io.BytesIO object at 0x00000245C1D038B0>,3120839896,-913656581718016.0,1.485786336063029e-37,0.00045208289520815015,2.755106923693666e-40,0.33326998353004456,0.02709861285984516,-0.009085782803595066,0.009977242909371853,586,115690,7,2,False,Left,Back,Left,Centre,77
<_io.BytesIO object at 0x00000245B9A35090>,1056692263,0.3760060667991638,-0.17499704658985138,0.6014057397842407,0.36315783858299255,-0.1326407939195633,0.5129793882369995,0.3735809028148651,-0.1686771959066391,16622,115691,7,2,False,Left,Back,Left,Centre,77
<_io.BytesIO object at 0x00000245C1DD1B80>,1671511829,-761261654016.0,1.5733419943055895e-15,2.76530597749098e-36,-1.1056136378862426e-29,-3.924410819592793e+21,-2.944872756231899e+27,-3.7307627910153026e+21,2880592152625152.0,16141,115691,7,2,False,Left,Back,Left,Centre,77
<_io.BytesIO object at 0x00000245B9A357C0>,1052560584,-0.16689153015613556,2.802596928649634e-45,1.064986832886861e-43,4.203895392974451e-45,0.29150626063346863,0.02312427945435047,-0.06794440001249313,0.04201650992035866,-8441,115691,7,2,False,Left,Back,Left,Centre,77
<_io.BytesIO object at 0x00000245B9A35360>,4072455605,2.541663233972945e+26,5.109525018106404e+24,1.1307918087715544e-40,1.401298464324817e-45,0.683332085609436,0.13515926897525787,0.2534409761428833,-0.12193368375301361,12249,115691,7,2,False,Left,Back,Left,Centre,77
<_io.BytesIO object at 0x00000245B9A35590>,946028097,2.5088968777458843e-37,2.268141694356149e-41,0.0,0.0,0.0,0.0,0.0,1.6815581571897805e-44,312,115691,7,2,False,Left,Back,Left,Centre,77
<_io.BytesIO object at 0x00000245B9A356D0>,65536,4.320100874255495e-11,-5.2806148342909864e-11,-3.5847409320294116e+31,-4.480858598172706e+32,1.4857859997513975e-37,0.0004935794859193265,2.755092910709023e-40,0.33801883459091187,11612,115691,7,2,False,Left,Back,Left,Centre,77
<_io.BytesIO object at 0x00000245B9A35180>,2417835224,-351779328.0,1.485786336063029e-37,0.00041465257527306676,2.755106923693666e-40,0.3332771956920624,0.027084171772003174,-0.009062058292329311,0.009976538829505444,586,115691,7,2,False,Left,Back,Left,Centre,77
<_io.BytesIO object at 0x00000245C1DD16D0>,1056692935,0.3761844336986542,-0.17473554611206055,0.601731538772583,0.3632240891456604,-0.13305360078811646,0.5131025910377502,0.37368300557136536,-0.16877782344818115,20186,115692,7,2,False,Left,Back,Left,Centre,77
<_io.BytesIO object at 0x00000245C1DD1A90>,2028093205,2.207549444295867e-32,7.90425076502288e-08,-4.127667341551866e+31,-641002700800.0,-1.9090794581742762e+28,-7.645402109318153e+31,1.416113176948602e-26,3.3100146093557023e+18,16141,115692,7,2,False,Left,Back,Left,Centre,77
<_io.BytesIO object at 0x00000245BEF44C20>,1052564660,-0.16678428649902344,2.802596928649634e-45,1.064986832886861e-43,4.203895392974451e-45,0.2914918065071106,0.023086046800017357,-0.06795427948236465,0.04186326637864113,16728,115692,7,2,False,Left,Back,Left,Centre,77
<_io.BytesIO object at 0x00000245BEF44450>,3332816309,1.1469627045196e+28,4.774284388986416e-05,1.1307918087715544e-40,1.401298464324817e-45,0.683332085609436,0.13515926897525787,0.2534409761428833,-0.12193368375301361,12249,115692,7,2,False,Left,Back,Left,Centre,77
<_io.BytesIO object at 0x00000245C1D0CD10>,946028097,2.5088968777458843e-37,2.268141694356149e-41,0.0,0.0,0.0,0.0,0.0,1.6815581571897805e-44,312,115692,7,2,False,Left,Back,Left,Centre,77
<_io.BytesIO object at 0x00000245C1D0CC20>,65536,3.2400755255873603e-12,-2.48914690368542e-32,-2519710746804224.0,-1.5892453716276214e+32,1.4857859997513975e-37,0.0004908102564513683,2.755092910709023e-40,0.33797121047973633,-27764,115692,7,2,False,Left,Back,Left,Centre,77
<_io.BytesIO object at 0x00000245C1D0C0E0>,3338091735,-682.9658203125,1.485786336063029e-37,0.00046732177725061774,2.755106923693666e-40,0.33327552676200867,0.02706863358616829,-0.009053533896803856,0.009975744411349297,586,115692,7,2,False,Left,Back,Left,Centre,77
<_io.BytesIO object at 0x00000245BEF5F540>,1056696497,0.3764253258705139,-0.17461474239826202,0.6018642783164978,0.3635914623737335,-0.13340704143047333,0.5134568810462952,0.3737223744392395,-0.16889233887195587,23035,115693,7,2,False,Left,Back,Left,Centre,77
<_io.BytesIO object at 0x00000245BEF5F310>,2750693141,266351239233536.0,0.0004987430293112993,1.6461165164300772e-38,-12533438.0,-5.020800211781751e+36,-5.427454462869431e+34,2.875827801425741e+24,5.376957370358552e+21,16141,115693,7,2,False,Left,Back,Left,Centre,77
<_io.BytesIO object at 0x00000245BEF5F5E0>,1052567087,-0.1669507473707199,2.802596928649634e-45,1.064986832886861e-43,4.203895392974451e-45,0.2914729118347168,0.023078564554452896,-0.06791769713163376,0.0414213202893734,-19591,115693,7,2,False,Left,Back,Left,Centre,77
<_io.BytesIO object at 0x00000245BEF5F810>,1940438453,4.6806963210248035e+28,-5.326990234362863e-21,1.1308058217561976e-40,1.401298464324817e-45,0.683332085609436,0.13515926897525787,0.2534409761428833,-0.12193368375301361,12249,115693,7,2,False,Left,Back,Left,Centre,77
<_io.BytesIO object at 0x00000245BEF5F590>,946028097,2.5088968777458843e-37,2.268141694356149e-41,0.0,0.0,0.0,0.0,0.0,1.6815581571897805e-44,312,115693,7,2,False,Left,Back,Left,Centre,77
<_io.BytesIO object at 0x00000245BEF5FA90>,65536,1.0436098972575313e-14,-2.44730386873332e-38,-1.5067234926391393e-06,-6.234898547829997e+31,1.4857859997513975e-37,0.0004898064653389156,2.755092910709023e-40,0.33798933029174805,-18804,115693,7,2,False,Left,Back,Left,Centre,77
<_io.BytesIO object at 0x00000245BEF5FE00>,1981824215,-0.012801602482795715,1.485786336063029e-37,0.00038789818063378334,2.755106923693666e-40,0.3332606554031372,0.027070997282862663,-0.009051372297108173,0.00997504685074091,586,115693,7,2,False,Left,Back,Left,Centre,77
<_io.BytesIO object at 0x00000245BEF50A40>,1056697971,0.3765084147453308,-0.17452920973300934,0.6019689440727234,0.3639129400253296,-0.1335623413324356,0.5135210752487183,0.37381964921951294,-0.1688786745071411,22643,115694,7,2,False,Left,Back,Left,Centre,77
<_io.BytesIO object at 0x00000245C1CFE630>,3503177493,2.3559907046975515e+38,0.03109649568796158,6.795410540135498e-26,-0.026519175618886948,1.7283922513288775e-34,3.8096427438486585e-33,-4.344528008459747e-07,9.196465010665073e+23,16141,115694,7,2,False,Left,Back,Left,Centre,77
<_io.BytesIO object at 0x00000245BEF50E00>,1052570776,-0.16698794066905975,2.802596928649634e-45,1.064986832886861e-43,4.203895392974451e-45,0.2914412021636963,0.023096924647688866,-0.0679064616560936,0.04202163964509964,7640,115694,7,2,False,Left,Back,Left,Centre,77
<_io.BytesIO object at 0x00000245BEF50040>,2998975925,1.5367953895354113e+26,-1.0602182777081352e+27,1.1308058217561976e-40,1.401298464324817e-45,0.683332085609436,0.13515926897525787,0.2534409761428833,-0.12193368375301361,12249,115694,7,2,False,Left,Back,Left,Centre,77
<_io.BytesIO object at 0x00000245BEF50BD0>,946028097,2.5088968777458843e-37,2.268141694356149e-41,0.0,0.0,0.0,0.0,0.0,1.6815581571897805e-44,312,115694,7,2,False,Left,Back,Left,Centre,77
<_io.BytesIO object at 0x00000245BEF509A0>,65536,4.716280691082863e-18,62.06097412109375,-2.6500083977360877e-21,-2.261785118760944e+31,1.4857859997513975e-37,0.000489114667288959,2.755092910709023e-40,0.3379240930080414,7636,115694,7,2,False,Left,Back,Left,Centre,77
<_io.BytesIO object at 0x00000245BEF50180>,2909682904,-1.172262500404031e-07,1.485786336063029e-37,0.0004546444397419691,2.755106923693666e-40,0.3332512080669403,0.02709013782441616,-0.009041653014719486,0.009974353015422821,586,115694,7,2,False,Left,Back,Left,Centre,77
<_io.BytesIO object at 0x00000245BEF924F0>,1056699126,0.3766036629676819,-0.17444820702075958,0.6022530198097229,0.3640764653682709,-0.13451018929481506,0.5134607553482056,0.37404993176460266,-0.16866399347782135,32607,115695,7,2,False,Left,Back,Left,Centre,77
<_io.BytesIO object at 0x00000245BEF92AE0>,3240378133,2.8759652156952533e+34,6.148203372955322,2.0850851020813924e-15,-6.716935274653224e-08,4.954571550606469e-22,7.471973151193772e-25,-9.719652158262098e+37,2.534856569877187e+25,16141,115695,7,2,False,Left,Back,Left,Centre,77
<_io.BytesIO object at 0x00000245BEF92EF0>,1052575141,-0.16702821850776672,2.802596928649634e-45,1.064986832886861e-43,4.203895392974451e-45,0.29141706228256226,0.02312275767326355,-0.0678875595331192,0.0419715940952301,31032,115695,7,2,False,Left,Back,Left,Centre,77
<_io.BytesIO object at 0x00000245BEF925E0>,4234132917,1.271196608876401e+25,3.892112512711981e+37,1.1308198347408409e-40,1.401298464324817e-45,0.683332085609436,0.13515926897525787,0.2534409761428833,-0.12193368375301361,12249,115695,7,2,False,Left,Back,Left,Centre,77
<_io.BytesIO object at 0x00000245BEF92A90>,946028097,2.5088968777458843e-37,2.268141694356149e-41,0.0,0.0,0.0,0.0,0.0,1.6815581571897805e-44,312,115695,7,2,False,Left,Back,Left,Centre,77
<_io.BytesIO object at 0x00000245BEF922C0>,65536,1.290200833411934e-17,5.86704192002431e+36,-5.210375936885794e-18,-1.5111877394489408e+31,1.4857859997513975e-37,0.00048705062363296747,2.755092910709023e-40,0.337930828332901,-23162,115695,7,2,False,Left,Back,Left,Centre,77
<_io.BytesIO object at 0x00000245BEF92B30>,1883192536,-5.307511374841312e-12,1.485786336063029e-37,0.00038233675877563655,2.755106923693666e-40,0.3332269787788391,0.027121996507048607,-0.009043632075190544,0.009973867796361446,586,115695,7,2,False,Left,Back,Left,Centre,77
<_io.BytesIO object at 0x00000245BEF83D60>,1056700230,0.37670448422431946,-0.17437416315078735,0.6024519205093384,0.3642544150352478,-0.1348440796136856,0.5135061740875244,0.37411031126976013,-0.16876697540283203,-29196,115696,7,2,False,Left,Back,Left,Centre,77
<_io.BytesIO object at 0x00000245BEF835E0>,3876536085,-3.4475402278812295e+29,139000.328125,9.650653964854428e-08,1.1710573690479511e-36,8.393850938045765e-19,51195011923968.0,5.951695600224264e-24,2.490246993151176e+27,16141,115696,7,2,False,Left,Back,Left,Centre,77
<_io.BytesIO object at 0x00000245BEF83360>,1052581704,-0.16715815663337708,2.802596928649634e-45,1.064986832886861e-43,4.203895392974451e-45,0.2913981080055237,0.02316221408545971,-0.06789681315422058,0.04232660308480263,-10334,115696,7,2,False,Left,Back,Left,Centre,77
<_io.BytesIO object at 0x00000245BEF83310>,2196356532,3.4991127312565144e+24,2.1145526305030144e+16,1.1308198347408409e-40,1.401298464324817e-45,0.683332085609436,0.13515926897525787,0.2534409761428833,-0.12193368375301361,12249,115696,7,2,False,Left,Back,Left,Centre,77
<_io.BytesIO object at 0x00000245BEF83D10>,946028097,2.5088968777458843e-37,2.268141694356149e-41,0.0,0.0,0.0,0.0,0.0,1.6815581571897805e-44,312,115696,7,2,False,Left,Back,Left,Centre,77
<_io.BytesIO object at 0x00000245BEF83540>,65536,1.0587913779383315e-19,2.22339725579835e+33,8.508911192135931e+24,-9.378186435072784e+30,1.4857859997513975e-37,0.0004929860588163137,2.755092910709023e-40,0.33786651492118835,12310,115696,7,2,False,Left,Back,Left,Centre,77
<_io.BytesIO object at 0x00000245BEF83900>,3032300761,-4.570699897667348e-16,1.485786336063029e-37,0.000451572093879804,2.755106923693666e-40,0.33322039246559143,0.027151623740792274,-0.009037844836711884,0.009973382577300072,586,115696,7,2,False,Left,Back,Left,Centre,77
<_io.BytesIO object at 0x00000245C1CFEC20>,1056701139,0.37679994106292725,-0.17430856823921204,0.6026484966278076,0.364550918340683,-0.1352953016757965,0.5136121511459351,0.37429869174957275,-0.16865329444408417,-27906,115697,7,2,False,Left,Back,Left,Centre,77
<_io.BytesIO object at 0x00000245C1CFE8B0>,407846677,10.452816009521484,398879031296.0,5.155977124805788e+26,-3.1551144934731306e-19,6.10374324071613e-17,1.3563796470068976e+27,3.2544850544951296e+16,2.746418818894048e+25,16141,115697,7,2,False,Left,Back,Left,Centre,77
<_io.BytesIO object at 0x00000245C1CFE130>,1052589651,-0.16710591316223145,2.802596928649634e-45,1.064986832886861e-43,4.203895392974451e-45,0.2913958728313446,0.023196889087557793,-0.06791877001523972,0.04244651272892952,-27209,115697,7,2,False,Left,Back,Left,Centre,77
<_io.BytesIO object at 0x00000245C1CFE770>,3065757108,2.3067956106068754e+24,3.6686691244122804e-20,1.1308198347408409e-40,1.401298464324817e-45,0.683332085609436,0.13515926897525787,0.2534409761428833,-0.12193368375301361,12249,115697,7,2,False,Left,Back,Left,Centre,77
<_io.BytesIO object at 0x00000245BEF60A90>,946028097,2.5088968777458843e-37,2.268141694356149e-41,0.0,0.0,0.0,0.0,0.0,1.6815581571897805e-44,312,115697,7,2,False,Left,Back,Left,Centre,77
<_io.BytesIO object at 0x00000245BEF60900>,65536,1.54043476430476e-15,-6.202864610838077e-12,-1.245595062011345e-21,-6.20905993450221e+30,1.4857859997513975e-37,0.0004951889859512448,2.755092910709023e-40,0.3378482460975647,-15609,115697,7,2,False,Left,Back,Left,Centre,77
<_io.BytesIO object at 0x00000245BEF609F0>,3221896409,-2.810909647941213e-20,1.485786336063029e-37,0.00044942297972738743,2.755106923693666e-40,0.3332221806049347,0.027198551222682,-0.009048446081578732,0.009973051957786083,586,115697,7,2,False,Left,Back,Left,Centre,77
<_io.BytesIO object at 0x00000245C1D03CC0>,1056701961,0.37689289450645447,-0.1742374300956726,0.6028290390968323,0.3649976849555969,-0.13573242723941803,0.5136568546295166,0.3745303153991699,-0.1685250699520111,-26197,115698,7,2,False,Left,Back,Left,Centre,77
<_io.BytesIO object at 0x00000245C1D03E00>,970735381,-1.3216218168145323e-32,31850449862656.0,-4.203269222975391e-32,2.4948476175893255e+36,2.0843630911971528e-14,-4.944316390255204e-37,-4.8504566533498925e-21,1.2900957593485182e+25,16141,115698,7,2,False,Left,Back,Left,Centre,77
<_io.BytesIO object at 0x00000245C1D03AE0>,1052603522,-0.16719365119934082,2.802596928649634e-45,1.064986832886861e-43,4.203895392974451e-45,0.2913975715637207,0.023216163739562035,-0.06794511526823044,0.042599041014909744,15250,115698,7,2,False,Left,Back,Left,Centre,77
<_io.BytesIO object at 0x00000245C1D03900>,1556528564,2.6119586206375747e+23,66686.9765625,1.1308198347408409e-40,1.401298464324817e-45,0.683332085609436,0.13515926897525787,0.2534409761428833,-0.12193368375301361,12249,115698,7,2,False,Left,Back,Left,Centre,77
<_io.BytesIO object at 0x00000245C1D039F0>,946028097,2.5088968777458843e-37,2.268141694356149e-41,0.0,0.0,0.0,0.0,0.0,1.6815581571897805e-44,312,115698,7,2,False,Left,Back,Left,Centre,77
<_io.BytesIO object at 0x00000245C1D036D0>,65536,1.409983495383833e-14,46910.4375,-2.3906781502353036e-12,-2.3049325275110637e+30,1.4857859997513975e-37,0.0004927052650600672,2.755092910709023e-40,0.3378342390060425,18394,115698,7,2,False,Left,Back,Left,Centre,77
<_io.BytesIO object at 0x00000245C1D03D10>,3462741210,-3.844876497611003e-24,1.485786336063029e-37,0.0004559592343866825,2.755106923693666e-40,0.33323296904563904,0.027244599536061287,-0.009065533988177776,0.009972724132239819,586,115698,7,2,False,Left,Back,Left,Centre,77
<_io.BytesIO object at 0x00000245C1DD1270>,1056705454,0.37713709473609924,-0.17378279566764832,0.603003740310669,0.36530476808547974,-0.13607075810432434,0.5136955976486206,0.37462806701660156,-0.1684923619031906,-27516,115699,7,2,False,Left,Back,Left,Centre,77
<_io.BytesIO object at 0x00000245C1DD19A0>,1790852885,-8.660856409978894e-35,24869932.0,-32379518976.0,1.0112886730212325e-27,2.720571392087919e-18,-1.201229057629788e-13,-4.616162575449778e-19,1.5748407673226906e+24,16141,115699,7,2,False,Left,Back,Left,Centre,77
<_io.BytesIO object at 0x00000245B9A35130>,1052609834,-0.1672676056623459,2.802596928649634e-45,1.064986832886861e-43,4.203895392974451e-45,0.2913859486579895,0.023253940045833588,-0.06795678287744522,0.0426979623734951,6870,115699,7,2,False,Left,Back,Left,Centre,77
<_io.BytesIO object at 0x00000245B9A35180>,2299182516,1.3177852265259615e+23,-8.616279603636768e-36,1.1308198347408409e-40,1.401298464324817e-45,0.683332085609436,0.13515926897525787,0.2534409761428833,-0.12193368375301361,12249,115699,7,2,False,Left,Back,Left,Centre,77
<_io.BytesIO object at 0x00000245B9A35400>,946028097,2.5088968777458843e-37,2.268141694356149e-41,0.0,0.0,0.0,0.0,0.0,1.6815581571897805e-44,312,115699,7,2,False,Left,Back,Left,Centre,77
<_io.BytesIO object at 0x00000245B9A35680>,65536,3.774759300165069e-14,1.0408556158976778e+27,-1.7566953412219942e-14,-1.5126509023684203e+30,1.4857859997513975e-37,0.0004936835612170398,2.755092910709023e-40,0.33782514929771423,-1798,115699,7,2,False,Left,Back,Left,Centre,77
<_io.BytesIO object at 0x00000245B9A353B0>,3353033946,-2.599161867607127e-28,1.485786336063029e-37,0.00044195944792591035,2.755106923693666e-40,0.3332264721393585,0.027273567393422127,-0.009085007011890411,0.009972337633371353,586,115699,7,2,False,Left,Back,Left,Centre,77
<_io.BytesIO object at 0x00000245C1DD1680>,1056708440,0.3771341145038605,-0.1741146296262741,0.6032893657684326,0.3654775619506836,-0.13645581901073456,0.5139228105545044,0.3748042583465576,-0.16834159195423126,-24443,115700,7,2,False,Left,Back,Left,Centre,77
<_io.BytesIO object at 0x00000245C1DD1950>,2390114069,-5.108740920582131e+19,217848.34375,-2.46654868240061e+29,-8.747951884063216e+23,6.796395086192412e-18,-3854276.5,5.977272903363914e-36,2.0748043851619154e+23,16141,115700,7,2,False,Left,Back,Left,Centre,77
<_io.BytesIO object at 0x00000245BEF44C70>,1052614385,-0.16734667122364044,2.802596928649634e-45,1.064986832886861e-43,4.203895392974451e-45,0.2913743555545807,0.02327604591846466,-0.06797105073928833,0.04289081320166588,-11504,115700,7,2,False,Left,Back,Left,Centre,77
<_io.BytesIO object at 0x00000245C1DD1EF0>,863878579,8.420625669474308e+21,4.725527778649334e-25,1.1308338477254841e-40,1.401298464324817e-45,0.683332085609436,0.13515926897525787,0.2534409761428833,-0.12193368375301361,12249,115700,7,2,False,Left,Back,Left,Centre,77
<_io.BytesIO object at 0x00000245C1D0C090>,946028097,2.5088968777458843e-37,2.268141694356149e-41,0.0,0.0,0.0,0.0,0.0,1.6815581571897805e-44,312,115700,7,2,False,Left,Back,Left,Centre,77
<_io.BytesIO object at 0x00000245C1D0CD60>,65536,1.6479876992246608e-16,-0.018584460020065308,-3.8429312781730143e-38,-5.663296115634829e+29,1.4857859997513975e-37,0.0004935420001856983,2.755092910709023e-40,0.33778414130210876,-25242,115700,7,2,False,Left,Back,Left,Centre,77
<_io.BytesIO object at 0x00000245C1D0C810>,3643423963,-3.7891025963727714e-32,1.485786336063029e-37,0.0004344077315181494,2.755106923693666e-40,0.33321884274482727,0.027308862656354904,-0.009078124538064003,0.009972045198082924,586,115700,7,2,False,Left,Back,Left,Centre,77
<_io.BytesIO object at 0x00000245BEF5F900>,1056708240,0.37717580795288086,-0.17408889532089233,0.6033473610877991,0.3659466803073883,-0.13683119416236877,0.5138341188430786,0.37497565150260925,-0.1683989316225052,-23451,115701,7,2,False,Left,Back,Left,Centre,77
<_io.BytesIO object at 0x00000245BEF5F3B0>,2540257045,1.0502187176165376e+16,81653944.0,-2.652239688293417e+29,3.778598849051564e-31,3.5166839280140674e-18,-4.710515973015763e+33,4.2827059726257066e-20,2.810162780517339e+20,16141,115701,7,2,False,Left,Back,Left,Centre,77
<_io.BytesIO object at 0x00000245BEF5F630>,1052623079,-0.1672908365726471,2.802596928649634e-45,1.064986832886861e-43,4.203895392974451e-45,0.2913529574871063,0.023294424638152122,-0.06798765808343887,0.04283393919467926,32580,115701,7,2,False,Left,Back,Left,Centre,77
<_io.BytesIO object at 0x00000245BEF5FC20>,1960623539,1.1823736950899618e+22,-1.737475407992406e-08,1.1308198347408409e-40,1.401298464324817e-45,0.683332085609436,0.13515926897525787,0.2534409761428833,-0.12193368375301361,12249,115701,7,2,False,Left,Back,Left,Centre,77
<_io.BytesIO object at 0x00000245BEF5FF90>,946028097,2.5088968777458843e-37,2.268141694356149e-41,0.0,0.0,0.0,0.0,0.0,1.6815581571897805e-44,312,115701,7,2,False,Left,Back,Left,Centre,77
<_io.BytesIO object at 0x00000245BEF5FEF0>,65536,3.139850285611409e-16,-4.695121765136719,-2.667436647091034e-38,-2.1879192373890167e+29,1.4857859997513975e-37,0.0004940609214827418,2.755092910709023e-40,0.3377540409564972,-6899,115701,7,2,False,Left,Back,Left,Centre,77
<_io.BytesIO object at 0x00000245BEF5FE00>,3895278811,-1.642652910200224e-36,1.485786336063029e-37,0.00043024428305216134,2.755106923693666e-40,0.33320096135139465,0.027354316785931587,-0.00909243244677782,0.009971517138183117,586,115701,7,2,False,Left,Back,Left,Centre,77
<_io.BytesIO object at 0x00000245BEF50270>,1056707438,0.37726977467536926,-0.17417655885219574,0.603487491607666,0.3662468492984772,-0.13717752695083618,0.5138206481933594,0.37506285309791565,-0.16839660704135895,-23733,115702,7,2,False,Left,Back,Left,Centre,77
<_io.BytesIO object at 0x00000245C1CFE220>,3264691989,-7.461180042134345e-39,1373571968.0,-3.3140843274107344e+34,3.5188515020991546e-26,9.703294453368004e-17,9.647676808919453e-14,-1.87175327594709e+17,6.103069307803219e+19,16141,115702,7,2,False,Left,Back,Left,Centre,77
<_io.BytesIO object at 0x00000245BEF50A40>,1052627791,-0.16735440492630005,2.802596928649634e-45,1.064986832886861e-43,4.203895392974451e-45,0.291341632604599,0.023271821439266205,-0.06801913678646088,0.042822614312171936,18793,115702,7,2,False,Left,Back,Left,Centre,77
<_io.BytesIO object at 0x00000245BEF50C70>,310230451,1.625541212189617e+21,-8.941052159282658e+36,1.1308198347408409e-40,1.401298464324817e-45,0.683332085609436,0.13515926897525787,0.2534409761428833,-0.12193368375301361,12249,115702,7,2,False,Left,Back,Left,Centre,77
<_io.BytesIO object at 0x00000245BEF50900>,946028097,2.5088968777458843e-37,2.268141694356149e-41,0.0,0.0,0.0,0.0,0.0,1.6815581571897805e-44,312,115702,7,2,False,Left,Back,Left,Centre,77
<_io.BytesIO object at 0x00000245BEF50C20>,65536,5.717649847368977e-15,3.343359773369172e+21,-2.8491344912279012e-18,-7.852832669096899e+28,1.4857859997513975e-37,0.0004962389939464629,2.755092910709023e-40,0.33773285150527954,1824,115702,7,2,False,Left,Back,Left,Centre,77
<_io.BytesIO object at 0x00000245BEF50040>,4165811420,3.8172346735275797e+37,1.485786336063029e-37,0.00043324148282408714,2.755106923693666e-40,0.3331987261772156,0.027363739907741547,-0.009115415625274181,0.009970839135348797,586,115702,7,2,False,Left,Back,Left,Centre,77
<_io.BytesIO object at 0x00000245BEF92E50>,1056706914,0.3772938549518585,-0.17417491972446442,0.6034347414970398,0.3663819134235382,-0.13780760765075684,0.5138325095176697,0.37512046098709106,-0.16841822862625122,-22996,115703,7,2,False,Left,Back,Left,Centre,77
<_io.BytesIO object at 0x00000245BEF92C70>,3679207189,-5.485206225253564e+18,925861312.0,6.876464021036576e-36,1.5633389450083486e-21,8.055037242156162e-19,3.7859709882439294e-16,-3.355149754383626e-23,2.1374497599716139e+21,16141,115703,7,2,False,Left,Back,Left,Centre,77
<_io.BytesIO object at 0x00000245BEF92B80>,1052632346,-0.16757313907146454,2.802596928649634e-45,1.064986832886861e-43,4.203895392974451e-45,0.2913390100002289,0.023234395310282707,-0.0680508092045784,0.042671527713537216,2012,115703,7,2,False,Left,Back,Left,Centre,77
<_io.BytesIO object at 0x00000245BEF929A0>,2748366259,5.493475696186533e+20,0.0009937133872881532,1.1308338477254841e-40,1.401298464324817e-45,0.683332085609436,0.13515926897525787,0.2534409761428833,-0.12193368375301361,12249,115703,7,2,False,Left,Back,Left,Centre,77
<_io.BytesIO object at 0x00000245BEF92AE0>,946028097,2.5088968777458843e-37,2.268141694356149e-41,0.0,0.0,0.0,0.0,0.0,1.6815581571897805e-44,312,115703,7,2,False,Left,Back,Left,Centre,77
<_io.BytesIO object at 0x00000245BEF926D0>,65536,2.953194261942453e-14,63416238080.0,-600.9158935546875,-5.469798093472542e+28,1.4857859997513975e-37,0.0004901428474113345,2.755092910709023e-40,0.337716668844223,-7612,115703,7,2,False,Left,Back,Left,Centre,77
<_io.BytesIO object at 0x00000245BEF92B30>,203046107,1.9855786993493025e+34,1.485786336063029e-37,0.0004292649682611227,2.755106923693666e-40,0.3332008123397827,0.027379127219319344,-0.009142940863966942,0.009970164857804775,586,115703,7,2,False,Left,Back,Left,Centre,77
<_io.BytesIO object at 0x00000245BEF83720>,1056705900,0.3773287534713745,-0.17414680123329163,0.6037575602531433,0.3665948808193207,-0.13846366107463837,0.5137761235237122,0.3752126693725586,-0.16870883107185364,-22882,115704,7,2,False,Left,Back,Left,Centre,77
<_io.BytesIO object at 0x00000245BEF83090>,3857661717,-2.2488494020412607e+35,24869934.0,6.016488537226123e-31,0.22484873235225677,2.9094351307024044e-19,4.8713984235337904e-11,-8.359258572454564e-06,1.1510679479047422e+19,16141,115704,7,2,False,Left,Back,Left,Centre,77
<_io.BytesIO object at 0x00000245BEF83EF0>,1052637879,-0.16766564548015594,2.802596928649634e-45,1.064986832886861e-43,4.203895392974451e-45,0.2913459241390228,0.023195210844278336,-0.0680994987487793,0.04243874177336693,-18327,115704,7,2,False,Left,Back,Left,Centre,77
<_io.BytesIO object at 0x00000245BEF83450>,224640434,6.698084098923037e+20,1.1663816982095224e-32,1.1308338477254841e-40,1.401298464324817e-45,0.683332085609436,0.13515926897525787,0.2534409761428833,-0.12193368375301361,12249,115704,7,2,False,Left,Back,Left,Centre,77
<_io.BytesIO object at 0x00000245BEF835E0>,946028097,2.5088968777458843e-37,2.268141694356149e-41,0.0,0.0,0.0,0.0,0.0,1.6815581571897805e-44,312,115704,7,2,False,Left,Back,Left,Centre,77
<_io.BytesIO object at 0x00000245BEF83DB0>,65536,7.247537531056281e-13,-2.45889608751512e+27,-3.6499915333391464e+24,-1.978682417765292e+28,1.4857859997513975e-37,0.000491242331918329,2.755092910709023e-40,0.3377267122268677,-26490,115704,7,2,False,Left,Back,Left,Centre,77
<_io.BytesIO object at 0x00000245BEF83D10>,616316123,1.5892628768734894e+32,1.485786336063029e-37,0.0004279877175576985,2.755106923693666e-40,0.3332098722457886,0.027393940836191177,-0.009183860383927822,0.009969494305551052,586,115704,7,2,False,Left,Back,Left,Centre,77
<_io.BytesIO object at 0x00000245C1CFEC20>,1056706691,0.37741026282310486,-0.17409656941890717,0.6042537093162537,0.36673471331596375,-0.139069065451622,0.5138070583343506,0.37530314922332764,-0.16877783834934235,-25223,115705,7,2,False,Left,Back,Left,Centre,77
<_io.BytesIO object at 0x00000245C1CFE310>,4237704981,-1.8032056666224067e+19,6053643.5,1.1478309250468723e-30,-6.658866398669246e+35,1.0323132413335313e-24,120715408.0,-4.297377745388076e-05,1.3528292112109404e+19,16141,115705,7,2,False,Left,Back,Left,Centre,77
<_io.BytesIO object at 0x00000245C1CFEF40>,1052644443,-0.16769903898239136,2.802596928649634e-45,1.064986832886861e-43,4.203895392974451e-45,0.29139432311058044,0.023143185302615166,-0.06814559549093246,0.04197666794061661,29259,115705,7,2,False,Left,Back,Left,Centre,77
<_io.BytesIO object at 0x00000245C1CFE5E0>,136494514,1.2004308742774666e+20,-3.2374346956624895e-27,1.1308198347408409e-40,1.401298464324817e-45,0.683332085609436,0.13515926897525787,0.2534409761428833,-0.12193368375301361,12249,115705,7,2,False,Left,Back,Left,Centre,77
<_io.BytesIO object at 0x00000245BEF600E0>,946028097,2.5088968777458843e-37,2.268141694356149e-41,0.0,0.0,0.0,0.0,0.0,1.6815581571897805e-44,312,115705,7,2,False,Left,Back,Left,Centre,77
<_io.BytesIO object at 0x00000245BEF60A40>,65536,7.404016599821261e-08,-7.060504358261416e+32,2.041202861051884e-21,-8.0365026201942e+27,1.4857859997513975e-37,0.000493865052703768,2.755092910709023e-40,0.337752103805542,16939,115705,7,2,False,Left,Back,Left,Centre,77
<_io.BytesIO object at 0x00000245BEF60090>,939932891,5.098501556520268e+28,1.485786336063029e-37,0.0004280801513232291,2.755106923693666e-40,0.33327093720436096,0.027458857744932175,-0.00918607134371996,0.009969426319003105,586,115705,7,2,False,Left,Back,Left,Centre,77
<_io.BytesIO object at 0x00000245C1D03BD0>,1056703063,0.37734436988830566,-0.1742752492427826,0.6048030257225037,0.3669314384460449,-0.13978159427642822,0.5137757062911987,0.3753536343574524,-0.16884614527225494,-24382,115706,7,2,False,Left,Back,Left,Centre,77
<_io.BytesIO object at 0x00000245C1D03A90>,366493461,-2.080099952209285e+35,411120.71875,3.4582897875887225e-26,6.0892120339051115e-12,1.3311456015152334e-28,249860024434688.0,-336373.9375,3904775680.0,16141,115706,7,2,False,Left,Back,Left,Centre,77
<_io.BytesIO object at 0x00000245C1D03EA0>,1052648583,-0.16806384921073914,2.802596928649634e-45,1.064986832886861e-43,4.203895392974451e-45,0.2914144992828369,0.023107269778847694,-0.06817791610956192,0.041518911719322205,19209,115706,7,2,False,Left,Back,Left,Centre,77
<_io.BytesIO object at 0x00000245C1D03040>,4174298546,1.680881585148234e+21,-8807904256.0,1.1308198347408409e-40,1.401298464324817e-45,0.683332085609436,0.13515926897525787,0.2534409761428833,-0.12193368375301361,12249,115706,7,2,False,Left,Back,Left,Centre,77
<_io.BytesIO object at 0x00000245C1D031D0>,946028097,2.5088968777458843e-37,2.268141694356149e-41,0.0,0.0,0.0,0.0,0.0,1.6815581571897805e-44,312,115706,7,2,False,Left,Back,Left,Centre,77
<_io.BytesIO object at 0x00000245C1D03130>,65536,8.90344551862654e-07,1.2501817188488636e+32,1.5939737316672341e-18,-3.1091390937468987e+27,1.4857859997513975e-37,0.0004866819945164025,2.755092910709023e-40,0.33776625990867615,-18147,115706,7,2,False,Left,Back,Left,Centre,77
<_io.BytesIO object at 0x00000245C1D03D60>,1440103642,1.3101217983576683e+26,1.485786336063029e-37,0.0004346685600467026,2.755106923693666e-40,0.3332890570163727,0.027462860569357872,-0.009204242378473282,0.00996906217187643,586,115706,7,2,False,Left,Back,Left,Centre,77
<_io.BytesIO object at 0x00000245C1DD1B80>,1056699370,0.3773813545703888,-0.17446622252464294,0.6049886345863342,0.3671301007270813,-0.1402677595615387,0.5137535929679871,0.3753793239593506,-0.16895072162151337,-23063,115707,7,2,False,Left,Back,Left,Centre,77
<_io.BytesIO object at 0x00000245C1DD1BD0>,676347669,268.4901428222656,5175.76171875,2.4781830320077202e-21,1193.9608154296875,4.2706100617245354e-32,1.2696338722468974e+20,-4.0280857997066865e+24,0.0011348172556608915,16141,115707,7,2,False,Left,Back,Left,Centre,77
<_io.BytesIO object at 0x00000245B9A355E0>,1052646912,-0.16857407987117767,2.802596928649634e-45,1.064986832886861e-43,4.203895392974451e-45,0.29141995310783386,0.0230850912630558,-0.06820448487997055,0.04117876663804054,19848,115707,7,2,False,Left,Back,Left,Centre,77
<_io.BytesIO object at 0x00000245B9A353B0>,3606691250,1.0716934558276859e+22,1.968477479253933e-18,1.1308338477254841e-40,1.401298464324817e-45,0.683332085609436,0.13515926897525787,0.2534409761428833,-0.12193368375301361,12249,115707,7,2,False,Left,Back,Left,Centre,77
<_io.BytesIO object at 0x00000245B9A354F0>,946028097,2.5088968777458843e-37,2.268141694356149e-41,0.0,0.0,0.0,0.0,0.0,1.6815581571897805e-44,312,115707,7,2,False,Left,Back,Left,Centre,77
<_io.BytesIO object at 0x00000245B9A35130>,65536,0.00010919573105638847,7.219430699478835e-06,1.1698762136802543e-07,-1.173812442270323e+27,1.4857859997513975e-37,0.0004896721220575273,2.755092910709023e-40,0.33776819705963135,32765,115707,7,2,False,Left,Back,Left,Centre,77
<_io.BytesIO object at 0x00000245B9A354A0>,1623604442,4.331043757287833e+22,1.485786336063029e-37,0.0004329362418502569,2.755106923693666e-40,0.3332955241203308,0.027465593069791794,-0.00922014657407999,0.009968701750040054,586,115707,7,2,False,Left,Back,Left,Centre,77
<_io.BytesIO object at 0x00000245C1DD1C70>,1056698265,0.3773828446865082,-0.1745562106370926,0.6052293181419373,0.36725014448165894,-0.14108121395111084,0.5136293768882751,0.37557587027549744,-0.1689341515302658,-20134,115708,7,2,False,Left,Back,Left,Centre,77
<_io.BytesIO object at 0x00000245C1DD16D0>,928005909,-5.1326584815979,12.796409606933594,3.1610756739550706e-18,5.233006295388258e+18,9.203779971151987e-36,1.1375816349570079e+27,1.750632468529901e-31,0.00010716570977820083,16141,115708,7,2,False,Left,Back,Left,Centre,77
<_io.BytesIO object at 0x00000245BEF44B80>,1052652128,-0.1687246859073639,2.802596928649634e-45,1.064986832886861e-43,4.203895392974451e-45,0.29142051935195923,0.023051774129271507,-0.06823187321424484,0.04099956154823303,13912,115708,7,2,False,Left,Back,Left,Centre,77
<_io.BytesIO object at 0x00000245C1DD12C0>,676117938,6.871100856132566e+21,-1.9293439422792219e+33,1.1308198347408409e-40,1.401298464324817e-45,0.683332085609436,0.13515926897525787,0.2534409761428833,-0.12193368375301361,12249,115708,7,2,False,Left,Back,Left,Centre,77
<_io.BytesIO object at 0x00000245C1D0C180>,946028097,2.5088968777458843e-37,2.268141694356149e-41,0.0,0.0,0.0,0.0,0.0,1.6815581571897805e-44,312,115708,7,2,False,Left,Back,Left,Centre,77
<_io.BytesIO object at 0x00000245C1D0C130>,65536,9.441377915209159e-05,4.110024426435054e+20,4.5797814895242117e+18,-4.781028973698449e+26,1.4857859997513975e-37,0.0004957325872965157,2.755092910709023e-40,0.33777227997779846,11925,115708,7,2,False,Left,Back,Left,Centre,77
<_io.BytesIO object at 0x00000245C1D0C270>,1869561050,8.473579697580372e+20,1.485786336063029e-37,0.0004431547422427684,2.755106923693666e-40,0.333294153213501,0.027471203356981277,-0.009240956977009773,0.009968341328203678,586,115708,7,2,False,Left,Back,Left,Centre,77
<_io.BytesIO object at 0x00000245BEF5F0E0>,1056697647,0.37737032771110535,-0.17464037239551544,0.6054845452308655,0.36752134561538696,-0.14185549318790436,0.5136235952377319,0.37562641501426697,-0.1690092533826828,-18747,115709,7,2,False,Left,Back,Left,Centre,77
<_io.BytesIO object at 0x00000245BEF5FD60>,1627995925,5.952056183475136e-17,6.294634545588387e-14,4.992786908227548e+37,-2.4183447640898273e+18,3.9074666776490295e-38,5.410222476171863e+36,-4.237541622879335e-36,2.326924894088811e-12,16141,115709,7,2,False,Left,Back,Left,Centre,77
<_io.BytesIO object at 0x00000245BEF5FA40>,1052658149,-0.16863714158535004,2.802596928649634e-45,1.064986832886861e-43,4.203895392974451e-45,0.2914179563522339,0.023028528317809105,-0.06824814528226852,0.04076414927840233,19915,115709,7,2,False,Left,Back,Left,Centre,77
<_io.BytesIO object at 0x00000245BEF5F180>,2791620018,1.1033069659932223e+21,-2.0519203833703794e-19,1.1308338477254841e-40,1.401298464324817e-45,0.683332085609436,0.13515926897525787,0.2534409761428833,-0.12193368375301361,12249,115709,7,2,False,Left,Back,Left,Centre,77
<_io.BytesIO object at 0x00000245BEF5F6D0>,946028097,2.5088968777458843e-37,2.268141694356149e-41,0.0,0.0,0.0,0.0,0.0,1.6815581571897805e-44,312,115709,7,2,False,Left,Back,Left,Centre,77
<_io.BytesIO object at 0x00000245BEF5FA90>,65536,1.2069943977621733e-06,-14.890243530273438,552458287841280.0,-1.8464978680226414e+26,1.4857859997513975e-37,0.0004949279827997088,2.755092910709023e-40,0.33777284622192383,1044,115709,7,2,False,Left,Back,Left,Centre,77
<_io.BytesIO object at 0x00000245BEF5FE00>,1990737114,2.285499982515536e+18,1.485786336063029e-37,0.00044365820940583944,2.755106923693666e-40,0.33328527212142944,0.027489712461829185,-0.009244171902537346,0.009967981837689877,586,115709,7,2,False,Left,Back,Left,Centre,77
<_io.BytesIO object at 0x00000245BEF50BD0>,1056695742,0.3773157000541687,-0.17476603388786316,0.6056947112083435,0.3677423298358917,-0.1426311731338501,0.513567328453064,0.3757301867008209,-0.1690249741077423,-16339,115710,7,2,False,Left,Back,Left,Centre,77
<_io.BytesIO object at 0x00000245C1CFE3B0>,1637302037,-4.711756742092582e+28,3.721544183932224e-09,-8.093474072254477e-28,412843212800.0,-9.17700757140674e+35,1.0849581140799612e+38,868.9803466796875,2.90943616467817e-19,16141,115710,7,2,False,Left,Back,Left,Centre,77
<_io.BytesIO object at 0x00000245BEF50270>,1052662437,-0.1688212752342224,0.7712120413780212,0.16373836994171143,0.2404402494430542,2.802596928649634e-45,1.064986832886861e-43,4.203895392974451e-45,0.29140612483024597,31361,115710,7,2,False,Left,Back,Left,Centre,77
<_io.BytesIO object at 0x00000245BEF50E50>,3516349628,3.618756397996493e-22,216308.59375,3.0655538095876928e-34,4.501964257755807e+20,-8.056281703417063e+24,1.1308338477254841e-40,1.401298464324817e-45,0.683332085609436,26417,115710,7,2,False,Left,Back,Left,Centre,77
<_io.BytesIO object at 0x00000245BEF50400>,3271835146,-5.298713585943915e-05,3.9607053747836574e-10,5.417899592430331e-05,2.5088968777458843e-37,2.268141694356149e-41,0.0,0.0,0.0,0,115710,7,2,False,Left,Back,Left,Centre,77
<_io.BytesIO object at 0x00000245BEF50680>,0,1.1938614500538858e-39,3.857090838635631e-38,9.183549615799121e-41,0.00029563912539742887,-1.3242028259815151e+38,-1.9398309166301018e-38,-7.154988891247325e+25,1.4857859997513975e-37,29858,115710,7,2,False,Left,Back,Left,Centre,77
<_io.BytesIO object at 0x00000245BEF50C70>,145922,-3.868563331121786e+28,1.5323091707212397e-22,9.852085137648662e+37,7062962585993216.0,1.485786336063029e-37,0.0004425765364430845,2.755106923693666e-40,0.3332781493663788,18547,115710,7,2,False,Left,Back,Left,Centre,77
<_io.BytesIO object at 0x00000245BEF50900>,2801155297,3250329344.0,1.4857874571018004e-37,0.0003923221956938505,2.7551209366783093e-40,0.28595441579818726,0.04410015046596527,-0.0866977721452713,0.009266242384910583,586,115710,7,2,False,Left,Back,Left,Centre,77
<_io.BytesIO object at 0x00000245BEF92E50>,1056698363,0.37737247347831726,-0.17480123043060303,0.6056651473045349,0.36796578764915466,-0.14346174895763397,0.5136750936508179,0.3758634030818939,-0.16908402740955353,-16651,115711,7,2,False,Left,Back,Left,Centre,77
<_io.BytesIO object at 0x00000245BEF92860>,2581151509,119431741046784.0,6.041609879048337e-08,-7.7174699071168715e-22,7.009859457541727e+32,-4.460155723933811e+19,-2.8222643562097287e-18,5.684163140173837e-10,6.482730177006543e-23,16141,115711,7,2,False,Left,Back,Left,Centre,77
<_io.BytesIO object at 0x00000245BEF92B80>,1052672176,-0.1689348965883255,0.7684112191200256,0.16760817170143127,0.23427458107471466,2.802596928649634e-45,1.064986832886861e-43,4.203895392974451e-45,0.29140567779541016,20536,115711,7,2,False,Left,Back,Left,Centre,77
<_io.BytesIO object at 0x00000245BEF92770>,3652861116,1.7543297404167287e-26,-5.403332107488767e+29,1.6096215649222656e+16,9.418980257170079e+20,1.2589556646860494e-21,1.1308478607101274e-40,1.401298464324817e-45,0.683332085609436,26417,115711,7,2,False,Left,Back,Left,Centre,77
<_io.BytesIO object at 0x00000245BEF924A0>,3271835146,-5.298713585943915e-05,3.9607053747836574e-10,5.417899592430331e-05,2.5088968777458843e-37,2.268141694356149e-41,0.0,0.0,0.0,0,115711,7,2,False,Left,Back,Left,Centre,77
<_io.BytesIO object at 0x00000245BEF92B30>,0,1.1938614500538858e-39,3.857090838635631e-38,9.183549615799121e-41,7.390978134935722e-05,3.837297864756485e-32,66365014016.0,-2.9125852448356163e+25,1.4857859997513975e-37,23650,115711,7,2,False,Left,Back,Left,Centre,77
<_io.BytesIO object at 0x00000245BEF63860>,145921,-4.2747625836010443e+27,-2.0983257797979604e-08,-1.352166854724319e-24,10496313917440.0,1.485786336063029e-37,0.0004387903609313071,2.755106923693666e-40,0.33330589532852173,25848,115711,7,2,False,Left,Back,Left,Centre,77
<_io.BytesIO object at 0x00000245BEF63040>,3709287649,707724736.0,1.4857874571018004e-37,0.0004174657806288451,2.7551209366783093e-40,0.2859475910663605,0.044068049639463425,-0.08674930036067963,0.009266233071684837,586,115711,7,2,False,Left,Back,Left,Centre,77
<_io.BytesIO object at 0x00000245BEF83040>,1056699423,0.3773689270019531,-0.1748867779970169,0.6058704257011414,0.368255078792572,-0.14463841915130615,0.5137243866920471,0.37591108679771423,-0.169204443693161,-15834,115712,7,2,False,Left,Back,Left,Centre,77
<_io.BytesIO object at 0x00000245BEF83CC0>,3075292949,-236486344704.0,9.813466306241025e-08,-1.997067579191593e-16,-2.1181947589407203e-35,-2.2779598332090783e+25,-171794682085376.0,-1.895426884783433e-36,1.0538818078179217e-26,16141,115712,7,2,False,Left,Back,Left,Centre,77
<_io.BytesIO object at 0x00000245BEF83EF0>,1052676729,-0.16910617053508759,0.7653089761734009,0.17102015018463135,0.22763274610042572,2.802596928649634e-45,1.064986832886861e-43,4.203895392974451e-45,0.2913967967033386,21839,115712,7,2,False,Left,Back,Left,Centre,77
<_io.BytesIO object at 0x00000245BEF83A40>,3970383036,nan,1.3365420969460842e-18,-7.017645081695514e-24,1.3949573334807127e+21,-1.6758546934127753e-21,1.1308478607101274e-40,1.401298464324817e-45,0.683332085609436,26417,115712,7,2,False,Left,Back,Left,Centre,77
<_io.BytesIO object at 0x00000245BEF83E50>,3271835146,-5.298713585943915e-05,3.9607053747836574e-10,5.417899592430331e-05,2.5088968777458843e-37,2.268141694356149e-41,0.0,0.0,0.0,0,115712,7,2,False,Left,Back,Left,Centre,77
<_io.BytesIO object at 0x00000245BEF834A0>,0,1.1938614500538858e-39,3.857090838635631e-38,9.183549615799121e-41,0.002197266323491931,1.0217414990857293e+20,3.523569150730581e+23,-1.138949594768968e+25,1.4857859997513975e-37,-10353,115712,7,2,False,Left,Back,Left,Centre,77
<_io.BytesIO object at 0x00000245BEF835E0>,145921,-1.0677236380611267e+28,-1.4028483930061952e-10,-2.6929445853326073e-16,171521097728.0,1.485786336063029e-37,0.00042382176616229117,2.755106923693666e-40,0.33327537775039673,-1623,115712,7,2,False,Left,Back,Left,Centre,77
<_io.BytesIO object at 0x00000245BEF83630>,942292193,150716800.0,1.4857874571018004e-37,0.0003942364128306508,2.7551209366783093e-40,0.28593316674232483,0.044033296406269073,-0.08681812137365341,0.009266107343137264,586,115712,7,2,False,Left,Back,Left,Centre,77
<_io.BytesIO object at 0x00000245BEF60400>,1056701198,0.3773680031299591,-0.1749645322561264,0.605932891368866,0.36861416697502136,-0.14528979361057281,0.5137911438941956,0.3759722411632538,-0.1693173497915268,-6482,115713,7,2,False,Left,Back,Left,Centre,77
<_io.BytesIO object at 0x00000245C1CFE5E0>,3308404501,7.615611880163792e+30,1.2646810318983626e-06,-7.903371290751693e-10,-3.6228750151446727e-25,-7379666495078400.0,1.1719507203607724e-35,-7.80308358519225e-20,1.5322106991865933e-26,16141,115713,7,2,False,Left,Back,Left,Centre,77
<_io.BytesIO object at 0x00000245BEF60720>,1052684224,-0.16935217380523682,0.7621501088142395,0.17460840940475464,0.22085882723331451,0.7596432566642761,0.189998060464859,0.30870550870895386,2.802596928649634e-45,76,115713,7,2,False,Left,Back,Left,Centre,77
<_io.BytesIO object at 0x00000245BEF60C20>,196608,5.587935447692871e-08,-3.1975784246641054e+32,-1.5134452971958957e+33,7.250572101163117e+33,6.751397899751818e-23,1.970963001394069e+28,7.155076755603482e+19,2.1512281404910615e-38,15165,115713,7,2,False,Left,Back,Left,Centre,77
<_io.BytesIO object at 0x00000245BEF605E0>,65537,-3.3733866070526612e+28,8.370243269938966e+23,-132.24234008789062,-5.298713585943915e-05,3.9607053747836574e-10,5.417899592430331e-05,2.5088968777458843e-37,2.268141694356149e-41,0,115713,7,2,False,Left,Back,Left,Centre,77
<_io.BytesIO object at 0x00000245BEF60F40>,0,0.0,0.0,0.0,1.285696946211877e-39,4.334635418657185e-38,9.183549615799121e-41,13.12500286102295,-5.119514681889928e-28,15001,115713,7,2,False,Left,Back,Left,Centre,77
<_io.BytesIO object at 0x00000245BEF606D0>,3172834033,0.009210687130689621,1.4412324199852933e+18,2.044774719142773e-40,-6.870568634743805e+28,2.395982724805427e+16,-1.8570985860222322e-09,1079961728.0,1.485786336063029e-37,-19215,115713,7,2,False,Left,Back,Left,Centre,77
<_io.BytesIO object at 0x00000245BEF60A40>,211424,-8.534841089992667e-16,1.9512736417114164e-26,3.1029853744257707e-06,32733232.0,1.4857874571018004e-37,0.00042587416828610003,2.7551209366783093e-40,0.28591683506965637,14935,115713,7,2,False,Left,Back,Left,Centre,77
<_io.BytesIO object at 0x00000245BEF60DB0>,3827907892,-5729116672.0,1.4857861118552747e-37,0.0006599345942959189,2.7551349496629526e-40,0.26360243558883667,0.019673092290759087,-0.1056571677327156,0.009604734368622303,586,115713,7,2,False,Left,Back,Left,Centre,77
<_io.BytesIO object at 0x00000245C1D03040>,1056703088,0.37736988067626953,-0.17506717145442963,0.6060179471969604,0.36898916959762573,-0.14611782133579254,0.5138771533966064,0.3760201334953308,-0.16951106488704681,-233,115714,7,2,False,Left,Back,Left,Centre,77
<_io.BytesIO object at 0x00000245C1D03A40>,3495968533,-4.139303903872459e+22,8.521327004018531e-07,-0.9853367805480957,-1.2423548529196122e-24,-4342087155712.0,4.160199863012331e-34,-9.928544225356567e+23,6.191587942285345e-32,16141,115714,7,2,False,Left,Back,Left,Centre,77
<_io.BytesIO object at 0x00000245C1D034A0>,1052689236,-0.16970019042491913,0.7587939500808716,0.1777792125940323,0.21366152167320251,0.7552086710929871,0.19422496855258942,0.301001638174057,2.802596928649634e-45,76,115714,7,2,False,Left,Back,Left,Centre,77
<_io.BytesIO object at 0x00000245C1D03540>,196608,2.87545844912529e-08,-1.0316985488145747e-08,-8.85752792888422e+36,-3.436776663234827e-22,3.843046448162967e-27,-4.436399118111034e-16,1.4483091736897991e+20,3.843754331580365e+29,15165,115714,7,2,False,Left,Back,Left,Centre,77
<_io.BytesIO object at 0x00000245C1D03590>,65537,-3.3733866070526612e+28,8.370243269938966e+23,-132.24234008789062,-5.298713585943915e-05,3.9607053747836574e-10,5.417899592430331e-05,2.5088968777458843e-37,2.268141694356149e-41,0,115714,7,2,False,Left,Back,Left,Centre,77
<_io.BytesIO object at 0x00000245C1D03D60>,0,0.0,0.0,0.0,1.285696946211877e-39,4.334635418657185e-38,9.183549615799121e-41,0.017456060275435448,0.004707150161266327,15002,115714,7,2,False,Left,Back,Left,Centre,77
<_io.BytesIO object at 0x00000245BEF55BD0>,3172824979,0.009210528805851936,6425578307584.0,2.044774719142773e-40,-3.868563331121786e+28,-1.0255030293588028e+33,-1.1222267559674037e-09,15187409.0,1.485786336063029e-37,13970,115714,7,2,False,Left,Back,Left,Centre,77
<_io.BytesIO object at 0x00000245BEF55A40>,211424,-1.0191502406597212e-16,43.061195373535156,-4.791888945802631e-34,7495180.0,1.4857874571018004e-37,0.00039342109812423587,2.7551209366783093e-40,0.28591856360435486,-1282,115714,7,2,False,Left,Back,Left,Centre,77
<_io.BytesIO object at 0x00000245BEF55810>,4251925811,-2847781120.0,1.4857861118552747e-37,0.0006536360597237945,2.7551349496629526e-40,0.2636023163795471,0.01959405094385147,-0.10566577315330505,0.009604630060493946,586,115714,7,2,False,Left,Back,Left,Centre,77
<_io.BytesIO object at 0x00000245BEF894A0>,1056704790,0.37736037373542786,-0.17518623173236847,0.6061577796936035,0.3692626655101776,-0.1466597467660904,0.5139016509056091,0.37611860036849976,-0.1698375940322876,682,115715,7,2,False,Left,Back,Left,Centre,77
<_io.BytesIO object at 0x00000245BEF89E00>,4262870806,1.3296122195793917e+23,5.26570675951632e-10,-303323938816.0,-7.318898885453624e+37,-72876326912.0,3.976987853823707e-21,8.922877770574973e+30,4.791180090566662e-35,16141,115715,7,2,False,Left,Back,Left,Centre,77
<_io.BytesIO object at 0x00000245BEF896D0>,1052693938,-0.1698782593011856,0.7555163502693176,0.18082000315189362,0.20629093050956726,0.750281035900116,0.19865719974040985,0.2932666540145874,0.7513838410377502,-15469,115715,7,2,False,Left,Back,Left,Centre,77
<_io.BytesIO object at 0x00000245BEF89EF0>,1866939919,2.0603851840353515e-40,6.979497708007332e-39,2.7550648847397363e-40,2.2584572434425354e-08,1.4098762562850675e+26,1.4899136364819434e-38,-4.125440163304623e-28,-363437391872.0,-16975,115715,7,2,False,Left,Back,Left,Centre,77
<_io.BytesIO object at 0x00000245BEF89130>,1037646642,0.9898132681846619,0.0028945947997272015,9.183689745645554e-41,-3.3733866070526612e+28,8.370243269938966e+23,-132.24234008789062,-5.298713585943915e-05,3.9607053747836574e-10,15937,115715,7,2,False,Left,Back,Left,Centre,77
<_io.BytesIO object at 0x00000245BEF89450>,3206953059,0.7266031503677368,0.0,0.0,0.0,0.0,0.0,1.3775324423698682e-39,4.922382594068329e-38,0,115715,7,2,False,Left,Back,Left,Centre,77
<_io.BytesIO object at 0x00000245BEF891D0>,196609,0.2345999926328659,0.00118753791321069,-0.03840913623571396,0.009210370481014252,-1.036857264172373e+38,2.0448027451120596e-40,-1.2137617442540166e+27,2.5658823332021998e+26,15576,115715,7,2,False,Left,Back,Left,Centre,77
<_io.BytesIO object at 0x00000245BEF89B30>,3184640629,0.00935550220310688,4.574280870072569e-19,2.962779356106604e-40,-7.979729974726783e-17,32013652.0,-7.118189003243812e-26,1709955.0,1.4857874571018004e-37,-8301,115715,7,2,False,Left,Back,Left,Centre,77
<_io.BytesIO object at 0x00000245BEF89AE0>,276940,5.902959454666945e+22,-4.883783377707118e-10,6.784900349080012e-24,-7473947648.0,1.4857861118552747e-37,0.0006910844822414219,2.7551349496629526e-40,0.2636123597621918,-6543,115715,7,2,False,Left,Back,Left,Centre,77
<_io.BytesIO object at 0x00000245BEF89900>,1607613599,8.950524927887278e+17,1.4857867844785375e-37,0.00039988209027796984,1.8511152713730834e-42,0.4922568202018738,0.37736037373542786,-0.17518623173236847,0.013449589721858501,18,115715,7,2,False,Left,Back,Left,Centre,77
