_io,asset_ID,pos_x,pos_y,pos_z,rot_w,rot_x,rot_y,rot_z,error,tracking_valid,frame,trial_num,block_num,practicing,left_right_hand,palm_back_hand,target_loc,distractor_loc,participant_id
<_io.BytesIO object at 0x0000020F79FD5400>,1058845257,0.0627155601978302,0.7771499752998352,2.802596928649634e-45,1.064986832886861e-43,1.401298464324817e-45,0.5098159909248352,0.06553807854652405,-0.12005771696567535,24493,225924,21,8,False,Right,Front,Right,Centre,73
<_io.BytesIO object at 0x0000020F02327810>,1058846778,0.06271986663341522,0.7770525217056274,2.802596928649634e-45,1.064986832886861e-43,1.401298464324817e-45,0.5098580718040466,0.06487366557121277,-0.12021986395120621,-26104,225925,21,8,False,Right,Front,Right,Centre,73
<_io.BytesIO object at 0x0000020F02082A90>,1058849149,0.06264959275722504,0.7769317626953125,2.802596928649634e-45,1.064986832886861e-43,1.401298464324817e-45,0.509942352771759,0.06412778794765472,-0.12045557051897049,25659,225926,21,8,False,Right,Front,Right,Centre,73
<_io.BytesIO object at 0x0000020F79FD5770>,1058851460,0.06269266456365585,0.7768689393997192,2.802596928649634e-45,1.064986832886861e-43,1.401298464324817e-45,0.5100383758544922,0.06333815306425095,-0.12059511989355087,-32306,225927,21,8,False,Right,Front,Right,Centre,73
<_io.BytesIO object at 0x0000020F02327540>,1058852529,0.06269781291484833,0.7767835259437561,2.802596928649634e-45,1.064986832886861e-43,1.401298464324817e-45,0.510120153427124,0.06251369416713715,-0.12076506018638611,-5839,225928,21,8,False,Right,Front,Right,Centre,73
<_io.BytesIO object at 0x0000020F02327180>,1058853711,0.06272272765636444,0.7766941785812378,2.802596928649634e-45,1.064986832886861e-43,1.401298464324817e-45,0.5102317929267883,0.06175299361348152,-0.12091227620840073,-7974,225929,21,8,False,Right,Front,Right,Centre,73
<_io.BytesIO object at 0x0000020F02082BD0>,1058855257,0.06276826560497284,0.776576042175293,2.802596928649634e-45,1.064986832886861e-43,1.401298464324817e-45,0.5103949904441833,0.06106983497738838,-0.12097909301519394,-10701,225930,21,8,False,Right,Front,Right,Centre,73
<_io.BytesIO object at 0x0000020F02082040>,1058856613,0.06279177963733673,0.7764982581138611,2.802596928649634e-45,1.064986832886861e-43,1.401298464324817e-45,0.510529100894928,0.06067556515336037,-0.12105286866426468,-31420,225931,21,8,False,Right,Front,Right,Centre,73
<_io.BytesIO object at 0x0000020F02082950>,1058857445,0.06280353665351868,0.7764266133308411,2.802596928649634e-45,1.064986832886861e-43,1.401298464324817e-45,0.5106303691864014,0.06055252254009247,-0.12107635289430618,3145,225932,21,8,False,Right,Front,Right,Centre,73
<_io.BytesIO object at 0x0000020F02082950>,1058858681,0.06279134750366211,0.7763463258743286,2.802596928649634e-45,1.064986832886861e-43,1.401298464324817e-45,0.5107221603393555,0.060698557645082474,-0.12102527916431427,22472,225933,21,8,False,Right,Front,Right,Centre,73
<_io.BytesIO object at 0x0000020F02327270>,1058859453,0.06280121952295303,0.7762678861618042,2.802596928649634e-45,1.064986832886861e-43,1.401298464324817e-45,0.5108510255813599,0.061019256711006165,-0.12096486240625381,-29773,225934,21,8,False,Right,Front,Right,Centre,73
<_io.BytesIO object at 0x0000020F020608B0>,1058860252,0.06279192119836807,0.7761965394020081,2.802596928649634e-45,1.064986832886861e-43,1.401298464324817e-45,0.5109106302261353,0.06158190220594406,-0.12087050825357437,1370,225935,21,8,False,Right,Front,Right,Centre,73
<_io.BytesIO object at 0x0000020F02060CC0>,1058861374,0.06283482909202576,0.7760581970214844,2.802596928649634e-45,1.064986832886861e-43,1.401298464324817e-45,0.510968029499054,0.06227844953536987,-0.12072654068470001,31977,225936,21,8,False,Right,Front,Right,Centre,73
<_io.BytesIO object at 0x0000020F02327B30>,1058861901,0.06283346563577652,0.7759791016578674,2.802596928649634e-45,1.064986832886861e-43,1.401298464324817e-45,0.511056125164032,0.06298106908798218,-0.12056757509708405,-12122,225937,21,8,False,Right,Front,Right,Centre,73
<_io.BytesIO object at 0x0000020F02327E00>,1058862364,0.06283105164766312,0.7759105563163757,2.802596928649634e-45,1.064986832886861e-43,1.401298464324817e-45,0.511173665523529,0.0638204887509346,-0.12043819576501846,27606,225938,21,8,False,Right,Front,Right,Centre,73
<_io.BytesIO object at 0x0000020F02327BD0>,1058862955,0.06285450607538223,0.7758018374443054,2.802596928649634e-45,1.064986832886861e-43,1.401298464324817e-45,0.5112783908843994,0.06467161327600479,-0.12028740346431732,-32178,225939,21,8,False,Right,Front,Right,Centre,73
<_io.BytesIO object at 0x0000020F023279A0>,1058863113,0.0628587007522583,0.7757433652877808,2.802596928649634e-45,1.064986832886861e-43,1.401298464324817e-45,0.5114045143127441,0.06547428667545319,-0.12011440843343735,23764,225940,21,8,False,Right,Front,Right,Centre,73
<_io.BytesIO object at 0x0000020F02082A90>,1058863085,0.06285885721445084,0.7756785750389099,2.802596928649634e-45,1.064986832886861e-43,1.401298464324817e-45,0.5115088820457458,0.0662347674369812,-0.11996246129274368,11238,225941,21,8,False,Right,Front,Right,Centre,73
<_io.BytesIO object at 0x0000020F02082BD0>,1058863032,0.06285642087459564,0.7755997180938721,2.802596928649634e-45,1.064986832886861e-43,1.401298464324817e-45,0.511644184589386,0.06695374101400375,-0.11979735642671585,17314,225942,21,8,False,Right,Front,Right,Centre,73
<_io.BytesIO object at 0x0000020F02060B80>,1058862824,0.06286904215812683,0.7755526900291443,2.802596928649634e-45,1.064986832886861e-43,1.401298464324817e-45,0.5117408633232117,0.0676516741514206,-0.11966210603713989,24012,225943,21,8,False,Right,Front,Right,Centre,73
<_io.BytesIO object at 0x0000020F79FD54A0>,1058861679,0.06287654489278793,0.7754520773887634,2.802596928649634e-45,1.064986832886861e-43,1.401298464324817e-45,0.5118352770805359,0.06840935349464417,-0.1195971667766571,-31742,225944,21,8,False,Right,Front,Right,Centre,73
<_io.BytesIO object at 0x0000020F02082A90>,1058861175,0.06288844347000122,0.7754088044166565,2.802596928649634e-45,1.064986832886861e-43,1.401298464324817e-45,0.5119537115097046,0.06903500109910965,-0.11947166174650192,-9928,225945,21,8,False,Right,Front,Right,Centre,73
<_io.BytesIO object at 0x0000020F02060A90>,1058858844,0.06282912939786911,0.7753097414970398,2.802596928649634e-45,1.064986832886861e-43,1.401298464324817e-45,0.5120671987533569,0.06959722936153412,-0.11938241869211197,14487,225946,21,8,False,Right,Front,Right,Centre,73
<_io.BytesIO object at 0x0000020F02327CC0>,1058857162,0.06290514022111893,0.7753026485443115,2.802596928649634e-45,1.064986832886861e-43,1.401298464324817e-45,0.5121332406997681,0.07024893909692764,-0.1192539632320404,-28703,225947,21,8,False,Right,Front,Right,Centre,73
<_io.BytesIO object at 0x0000020F02060900>,1058856726,0.06289255619049072,0.7752895951271057,2.802596928649634e-45,1.064986832886861e-43,1.401298464324817e-45,0.5122694373130798,0.07079119980335236,-0.11921277642250061,29783,225948,21,8,False,Right,Front,Right,Centre,73
<_io.BytesIO object at 0x0000020F02060BD0>,1058855204,0.06283487379550934,0.7752293348312378,2.802596928649634e-45,1.064986832886861e-43,1.401298464324817e-45,0.5124228596687317,0.07123755663633347,-0.11916524916887283,17938,225949,21,8,False,Right,Front,Right,Centre,73
<_io.BytesIO object at 0x0000020F02327090>,1058854555,0.06282468140125275,0.7752561569213867,2.802596928649634e-45,1.064986832886861e-43,1.401298464324817e-45,0.5125421285629272,0.0716104656457901,-0.11913885176181793,-7242,225950,21,8,False,Right,Front,Right,Centre,73
<_io.BytesIO object at 0x0000020F79FD55E0>,1058855854,0.06279071420431137,0.7753587961196899,2.802596928649634e-45,1.064986832886861e-43,1.401298464324817e-45,0.5127132534980774,0.0719374418258667,-0.11914972960948944,-2920,225951,21,8,False,Right,Front,Right,Centre,73
<_io.BytesIO object at 0x0000020F02082680>,1058855528,0.06278470903635025,0.7754979133605957,2.802596928649634e-45,1.064986832886861e-43,1.401298464324817e-45,0.5128530263900757,0.07232443243265152,-0.11915972828865051,5744,225952,21,8,False,Right,Front,Right,Centre,73
<_io.BytesIO object at 0x0000020F79FD54A0>,1058854962,0.06276535242795944,0.775575578212738,2.802596928649634e-45,1.064986832886861e-43,1.401298464324817e-45,0.5129611492156982,0.07262487709522247,-0.11920353025197983,-9032,225953,21,8,False,Right,Front,Right,Centre,73
<_io.BytesIO object at 0x0000020F79FD5400>,1058854520,0.0627388283610344,0.7756606340408325,2.802596928649634e-45,1.064986832886861e-43,1.401298464324817e-45,0.513063371181488,0.07292038202285767,-0.1192832738161087,30686,225954,21,8,False,Right,Front,Right,Centre,73
<_io.BytesIO object at 0x0000020F79FD5180>,1058852068,0.06275226920843124,0.7758597135543823,2.802596928649634e-45,1.064986832886861e-43,1.401298464324817e-45,0.5131643414497375,0.07321129739284515,-0.11932667344808578,8074,225955,21,8,False,Right,Front,Right,Centre,73
<_io.BytesIO object at 0x0000020F023279A0>,1058851798,0.06273292005062103,0.775955319404602,2.802596928649634e-45,1.064986832886861e-43,1.401298464324817e-45,0.5132778882980347,0.07344593852758408,-0.11937707662582397,-4087,225956,21,8,False,Right,Front,Right,Centre,73
<_io.BytesIO object at 0x0000020F023272C0>,1058852593,0.06260896474123001,0.7760457396507263,2.802596928649634e-45,1.064986832886861e-43,1.401298464324817e-45,0.5133714079856873,0.07365341484546661,-0.11942757666110992,-21588,225957,21,8,False,Right,Front,Right,Centre,73
<_io.BytesIO object at 0x0000020F02082270>,1058851909,0.06256946176290512,0.7761704921722412,2.802596928649634e-45,1.064986832886861e-43,1.401298464324817e-45,0.5135122537612915,0.0738971158862114,-0.11949747800827026,-17433,225958,21,8,False,Right,Front,Right,Centre,73
<_io.BytesIO object at 0x0000020F02082C70>,1058851314,0.06255947798490524,0.7762415409088135,2.802596928649634e-45,1.064986832886861e-43,1.401298464324817e-45,0.5135735273361206,0.07421010732650757,-0.11952085793018341,16140,225959,21,8,False,Right,Front,Right,Centre,73
<_io.BytesIO object at 0x0000020F020E2E50>,1058850658,0.0625675618648529,0.7763009667396545,2.802596928649634e-45,1.064986832886861e-43,1.401298464324817e-45,0.513700008392334,0.07444373518228531,-0.11958886682987213,2559,225960,21,8,False,Right,Front,Right,Centre,73
<_io.BytesIO object at 0x0000020F020903B0>,1058849981,0.06259074062108994,0.7763532996177673,2.802596928649634e-45,1.064986832886861e-43,1.401298464324817e-45,0.5137618184089661,0.07466759532690048,-0.11965364962816238,-6079,225961,21,8,False,Right,Front,Right,Centre,73
<_io.BytesIO object at 0x0000020F02070DB0>,1058849158,0.06260880827903748,0.7763853669166565,2.802596928649634e-45,1.064986832886861e-43,1.401298464324817e-45,0.5138307213783264,0.07495001703500748,-0.11977294087409973,-18326,225962,21,8,False,Right,Front,Right,Centre,73
<_io.BytesIO object at 0x0000020F0209F900>,1058848339,0.06263003498315811,0.7764136791229248,2.802596928649634e-45,1.064986832886861e-43,1.401298464324817e-45,0.5139304995536804,0.07512994110584259,-0.11987446993589401,7757,225963,21,8,False,Right,Front,Right,Centre,73
<_io.BytesIO object at 0x0000020F021A0EF0>,1058847297,0.06266181170940399,0.7764184474945068,2.802596928649634e-45,1.064986832886861e-43,1.401298464324817e-45,0.5139842629432678,0.07537363469600677,-0.119931660592556,-710,225964,21,8,False,Right,Front,Right,Centre,73
<_io.BytesIO object at 0x0000020F02075D10>,1058846318,0.06270428746938705,0.7764241099357605,2.802596928649634e-45,1.064986832886861e-43,1.401298464324817e-45,0.5140247344970703,0.07558901607990265,-0.12000048160552979,-1100,225965,21,8,False,Right,Front,Right,Centre,73
<_io.BytesIO object at 0x0000020F020601D0>,1058845347,0.0627325251698494,0.7764277458190918,2.802596928649634e-45,1.064986832886861e-43,1.401298464324817e-45,0.5140424370765686,0.07582025974988937,-0.12009225785732269,3582,225966,21,8,False,Right,Front,Right,Centre,73
<_io.BytesIO object at 0x0000020F0208D220>,1058844215,0.0627591535449028,0.7764003872871399,2.802596928649634e-45,1.064986832886861e-43,1.401298464324817e-45,0.514051616191864,0.07606711238622665,-0.12016946077346802,13203,225967,21,8,False,Right,Front,Right,Centre,73
<_io.BytesIO object at 0x0000020F0208D270>,1058842944,0.06277882307767868,0.7763857245445251,2.802596928649634e-45,1.064986832886861e-43,1.401298464324817e-45,0.5140450596809387,0.07629203051328659,-0.12023620307445526,27747,225968,21,8,False,Right,Front,Right,Centre,73
<_io.BytesIO object at 0x0000020F02060CC0>,1058841201,0.06282772123813629,0.7765205502510071,2.802596928649634e-45,1.064986832886861e-43,1.401298464324817e-45,0.5140177011489868,0.07654482871294022,-0.12031976878643036,-20941,225969,21,8,False,Right,Front,Right,Centre,73
<_io.BytesIO object at 0x0000020F02075770>,1058838821,0.06290639191865921,0.7764098048210144,2.802596928649634e-45,1.064986832886861e-43,1.401298464324817e-45,0.5139787197113037,0.07681769877672195,-0.12039043754339218,-13266,225970,21,8,False,Right,Front,Right,Centre,73
<_io.BytesIO object at 0x0000020F02070130>,1058837534,0.06290647387504578,0.7763868570327759,2.802596928649634e-45,1.064986832886861e-43,1.401298464324817e-45,0.5139315128326416,0.07715530693531036,-0.12048869580030441,-12874,225971,21,8,False,Right,Front,Right,Centre,73
<_io.BytesIO object at 0x0000020F0209FBD0>,1058835975,0.06281499564647675,0.7763283252716064,2.802596928649634e-45,1.064986832886861e-43,1.401298464324817e-45,0.513873815536499,0.07737552374601364,-0.120531365275383,-15843,225972,21,8,False,Right,Front,Right,Centre,73
<_io.BytesIO object at 0x0000020F021A0540>,1058835068,0.06279613077640533,0.7763109803199768,2.802596928649634e-45,1.064986832886861e-43,1.401298464324817e-45,0.5138332843780518,0.07759759575128555,-0.12059338390827179,-9763,225973,21,8,False,Right,Front,Right,Centre,73
<_io.BytesIO object at 0x0000020F02081810>,1058834062,0.06277614086866379,0.7762983441352844,2.802596928649634e-45,1.064986832886861e-43,1.401298464324817e-45,0.5137835144996643,0.07787849754095078,-0.12065766006708145,11713,225974,21,8,False,Right,Front,Right,Centre,73
<_io.BytesIO object at 0x0000020F020E22C0>,1058832231,0.06267892569303513,0.7761964201927185,2.802596928649634e-45,1.064986832886861e-43,1.401298464324817e-45,0.5137137174606323,0.07811040431261063,-0.12075957655906677,-615,225975,21,8,False,Right,Front,Right,Centre,73
<_io.BytesIO object at 0x0000020F02327A90>,1058831106,0.06266488134860992,0.7761886715888977,2.802596928649634e-45,1.064986832886861e-43,1.401298464324817e-45,0.5136507749557495,0.07834571599960327,-0.12083230167627335,12372,225976,21,8,False,Right,Front,Right,Centre,73
<_io.BytesIO object at 0x0000020F02200180>,1058828337,0.06258686631917953,0.7761113047599792,2.802596928649634e-45,1.064986832886861e-43,1.401298464324817e-45,0.5135642290115356,0.07859165966510773,-0.12089498341083527,25821,225977,21,8,False,Right,Front,Right,Centre,73
<_io.BytesIO object at 0x0000020F0208D270>,1058827082,0.06257974356412888,0.7760897874832153,2.802596928649634e-45,1.064986832886861e-43,1.401298464324817e-45,0.5134595632553101,0.07879753410816193,-0.12097569555044174,30487,225978,21,8,False,Right,Front,Right,Centre,73
<_io.BytesIO object at 0x0000020F020E2900>,1058825741,0.06258504837751389,0.7760700583457947,2.802596928649634e-45,1.064986832886861e-43,1.401298464324817e-45,0.5133739113807678,0.07901151478290558,-0.12099920958280563,-16954,225979,21,8,False,Right,Front,Right,Centre,73
<_io.BytesIO object at 0x0000020F02090360>,1058824387,0.06259453296661377,0.7760414481163025,2.802596928649634e-45,1.064986832886861e-43,1.401298464324817e-45,0.5132784247398376,0.07928028702735901,-0.12103991955518723,-6861,225980,21,8,False,Right,Front,Right,Centre,73
<_io.BytesIO object at 0x0000020F0208E310>,1058822677,0.06262386590242386,0.7760505080223083,2.802596928649634e-45,1.064986832886861e-43,1.401298464324817e-45,0.5131455659866333,0.07959698885679245,-0.1210719645023346,-16090,225981,21,8,False,Right,Front,Right,Centre,73
<_io.BytesIO object at 0x0000020F0209F770>,1058821047,0.06263933330774307,0.7760355472564697,2.802596928649634e-45,1.064986832886861e-43,1.401298464324817e-45,0.5129897594451904,0.07993730157613754,-0.1210983544588089,-15798,225982,21,8,False,Right,Front,Right,Centre,73
<_io.BytesIO object at 0x0000020F023278B0>,1058817806,0.062693752348423,0.7760631442070007,2.802596928649634e-45,1.064986832886861e-43,1.401298464324817e-45,0.5127988457679749,0.08031576871871948,-0.12100569903850555,28735,225983,21,8,False,Right,Front,Right,Centre,73
<_io.BytesIO object at 0x0000020F020901D0>,1058815943,0.06270145624876022,0.7760505080223083,2.802596928649634e-45,1.064986832886861e-43,1.401298464324817e-45,0.5126338005065918,0.08074498176574707,-0.12088266015052795,-30532,225984,21,8,False,Right,Front,Right,Centre,73
<_io.BytesIO object at 0x0000020F020E2D60>,1058813651,0.06271617114543915,0.7760310173034668,2.802596928649634e-45,1.064986832886861e-43,1.401298464324817e-45,0.5123818516731262,0.08124762773513794,-0.12074347585439682,14916,225985,21,8,False,Right,Front,Right,Centre,73
<_io.BytesIO object at 0x0000020F020BFD10>,1058811809,0.06270983815193176,0.7760339379310608,2.802596928649634e-45,1.064986832886861e-43,1.401298464324817e-45,0.5121054649353027,0.08168616890907288,-0.12049058079719543,30027,225986,21,8,False,Right,Front,Right,Centre,73
<_io.BytesIO object at 0x0000020F020E8540>,1058806409,0.06267110258340836,0.7760773301124573,2.802596928649634e-45,1.064986832886861e-43,1.401298464324817e-45,0.5118152499198914,0.08209577947854996,-0.12008396536111832,-26620,225987,21,8,False,Right,Front,Right,Centre,73
<_io.BytesIO object at 0x0000020F02082900>,1058804298,0.06262049823999405,0.7761365175247192,2.802596928649634e-45,1.064986832886861e-43,1.401298464324817e-45,0.5114227533340454,0.08266455680131912,-0.11965136975049973,-17282,225988,21,8,False,Right,Front,Right,Centre,73
<_io.BytesIO object at 0x0000020F020760E0>,1058802738,0.06258784234523773,0.7761825323104858,2.802596928649634e-45,1.064986832886861e-43,1.401298464324817e-45,0.5109626650810242,0.08323574811220169,-0.11899295449256897,-17239,225989,21,8,False,Right,Front,Right,Centre,73
<_io.BytesIO object at 0x0000020F02070EF0>,1058801149,0.0625615119934082,0.7762370705604553,2.802596928649634e-45,1.064986832886861e-43,1.401298464324817e-45,0.5103962421417236,0.08389928191900253,-0.11829528957605362,-15249,225990,21,8,False,Right,Front,Right,Centre,73
<_io.BytesIO object at 0x0000020F02327180>,1058800840,0.06243633106350899,0.7762835025787354,2.802596928649634e-45,1.064986832886861e-43,1.401298464324817e-45,0.5098315477371216,0.08456683903932571,-0.11737485975027084,-22199,225991,21,8,False,Right,Front,Right,Centre,73
<_io.BytesIO object at 0x0000020F020E8810>,1058799439,0.062323253601789474,0.7763645648956299,2.802596928649634e-45,1.064986832886861e-43,1.401298464324817e-45,0.5090668797492981,0.08533252030611038,-0.11619512736797333,1486,225992,21,8,False,Right,Front,Right,Centre,73
<_io.BytesIO object at 0x0000020F0233BEF0>,1058796711,0.06223016977310181,0.7764249444007874,2.802596928649634e-45,1.064986832886861e-43,1.401298464324817e-45,0.50840824842453,0.08596448600292206,-0.11496046185493469,-7839,225993,21,8,False,Right,Front,Right,Centre,73
<_io.BytesIO object at 0x0000020F02081EF0>,1058795883,0.06218552961945534,0.7765148878097534,2.802596928649634e-45,1.064986832886861e-43,1.401298464324817e-45,0.5074187517166138,0.08689702302217484,-0.1134442538022995,11081,225994,21,8,False,Right,Front,Right,Centre,73
<_io.BytesIO object at 0x0000020F02076DB0>,1058794931,0.0621328130364418,0.7766644358634949,2.802596928649634e-45,1.064986832886861e-43,1.401298464324817e-45,0.5064205527305603,0.08779879659414291,-0.111578568816185,16726,225995,21,8,False,Right,Front,Right,Centre,73
<_io.BytesIO object at 0x0000020F79FD50E0>,1058794429,0.06209792569279671,0.7767817378044128,2.802596928649634e-45,1.064986832886861e-43,1.401298464324817e-45,0.5051918625831604,0.08882855623960495,-0.10952198505401611,8095,225996,21,8,False,Right,Front,Right,Centre,73
<_io.BytesIO object at 0x0000020F020BFEA0>,1058791824,0.06203071027994156,0.7768779993057251,2.802596928649634e-45,1.064986832886861e-43,1.401298464324817e-45,0.5039618015289307,0.08982982486486435,-0.10700903832912445,21737,225997,21,8,False,Right,Front,Right,Centre,73
<_io.BytesIO object at 0x0000020F02076360>,1058790413,0.062055882066488266,0.7770847678184509,2.802596928649634e-45,1.064986832886861e-43,1.401298464324817e-45,0.5025715827941895,0.09093920886516571,-0.1042466014623642,-24205,225998,21,8,False,Right,Front,Right,Centre,73
<_io.BytesIO object at 0x0000020F02081090>,1058790317,0.062024377286434174,0.7773032784461975,2.802596928649634e-45,1.064986832886861e-43,1.401298464324817e-45,0.5010659098625183,0.09210963547229767,-0.10112462937831879,1078,225999,21,8,False,Right,Front,Right,Centre,73
<_io.BytesIO object at 0x0000020F0233B4F0>,1058792170,0.06184450909495354,0.7775428295135498,2.802596928649634e-45,1.064986832886861e-43,1.401298464324817e-45,0.49938055872917175,0.09334132075309753,-0.09762529283761978,-2450,226000,21,8,False,Right,Front,Right,Centre,73
<_io.BytesIO object at 0x0000020F0209F680>,1058795285,0.06185326352715492,0.7777931690216064,2.802596928649634e-45,1.064986832886861e-43,1.401298464324817e-45,0.49756157398223877,0.09457606077194214,-0.09374140202999115,-19856,226001,21,8,False,Right,Front,Right,Centre,73
<_io.BytesIO object at 0x0000020F0209FBD0>,1058795790,0.06180965155363083,0.7779402136802673,2.802596928649634e-45,1.064986832886861e-43,1.401298464324817e-45,0.4956313967704773,0.09578724205493927,-0.08955669403076172,23920,226002,21,8,False,Right,Front,Right,Centre,73
<_io.BytesIO object at 0x0000020F0208E900>,1058795892,0.06179707124829292,0.7781299948692322,2.802596928649634e-45,1.064986832886861e-43,1.401298464324817e-45,0.4935450553894043,0.09708511829376221,-0.08500516414642334,27670,226003,21,8,False,Right,Front,Right,Centre,73
<_io.BytesIO object at 0x0000020F020906D0>,1058796211,0.0617641918361187,0.7782624959945679,2.802596928649634e-45,1.064986832886861e-43,1.401298464324817e-45,0.49137404561042786,0.09828011691570282,-0.0801360011100769,-22835,226004,21,8,False,Right,Front,Right,Centre,73
<_io.BytesIO object at 0x0000020F020E2860>,1058796681,0.061772167682647705,0.7783904671669006,2.802596928649634e-45,1.064986832886861e-43,1.401298464324817e-45,0.48917287588119507,0.09939472377300262,-0.0749143734574318,26278,226005,21,8,False,Right,Front,Right,Centre,73
<_io.BytesIO object at 0x0000020F0208DD10>,1058796523,0.06171263009309769,0.7784580588340759,2.802596928649634e-45,1.064986832886861e-43,1.401298464324817e-45,0.48691439628601074,0.10036638379096985,-0.06934083253145218,-32623,226006,21,8,False,Right,Front,Right,Centre,73
<_io.BytesIO object at 0x0000020F02060360>,1058797097,0.06173821538686752,0.7785748243331909,2.802596928649634e-45,1.064986832886861e-43,1.401298464324817e-45,0.48450714349746704,0.10145395994186401,-0.06358809769153595,19327,226007,21,8,False,Right,Front,Right,Centre,73
<_io.BytesIO object at 0x0000020F02075860>,1058798672,0.06182510778307915,0.7787473201751709,2.802596928649634e-45,1.064986832886861e-43,1.401298464324817e-45,0.4820641577243805,0.10246912389993668,-0.057530079036951065,29148,226008,21,8,False,Right,Front,Right,Centre,73
<_io.BytesIO object at 0x0000020F0208EDB0>,1058801451,0.061937276273965836,0.778930127620697,2.802596928649634e-45,1.064986832886861e-43,1.401298464324817e-45,0.47943371534347534,0.10340151190757751,-0.05109221488237381,28351,226009,21,8,False,Right,Front,Right,Centre,73
<_io.BytesIO object at 0x0000020F021A0F40>,1058804057,0.06200442090630531,0.7791236042976379,2.802596928649634e-45,1.064986832886861e-43,1.401298464324817e-45,0.4767340421676636,0.10446342825889587,-0.044523224234580994,16215,226010,21,8,False,Right,Front,Right,Centre,73
<_io.BytesIO object at 0x0000020F02200040>,1058807424,0.062000956386327744,0.7792501449584961,2.802596928649634e-45,1.064986832886861e-43,1.401298464324817e-45,0.4739812910556793,0.10535735636949539,-0.037731967866420746,-13327,226011,21,8,False,Right,Front,Right,Centre,73
<_io.BytesIO object at 0x0000020F02090540>,1058809508,0.062038399279117584,0.7793195843696594,2.802596928649634e-45,1.064986832886861e-43,1.401298464324817e-45,0.47116607427597046,0.10619381070137024,-0.030616844072937965,-1142,226012,21,8,False,Right,Front,Right,Centre,73
<_io.BytesIO object at 0x0000020F0208ED10>,1058811680,0.06207156926393509,0.7793853282928467,2.802596928649634e-45,1.064986832886861e-43,1.401298464324817e-45,0.4683608114719391,0.10696607083082199,-0.023330148309469223,14043,226013,21,8,False,Right,Front,Right,Centre,73
<_io.BytesIO object at 0x0000020F02075950>,1058813951,0.06212317943572998,0.7794889211654663,2.802596928649634e-45,1.064986832886861e-43,1.401298464324817e-45,0.46556854248046875,0.10753027349710464,-0.015882771462202072,-30481,226014,21,8,False,Right,Front,Right,Centre,73
<_io.BytesIO object at 0x0000020F02060CC0>,1058821944,0.06225363910198212,0.7795519232749939,2.802596928649634e-45,1.064986832886861e-43,1.401298464324817e-45,0.4628039598464966,0.10808008164167404,-0.008076610043644905,7460,226015,21,8,False,Right,Front,Right,Centre,73
<_io.BytesIO object at 0x0000020F020E8CC0>,1058826166,0.062251798808574677,0.7796694040298462,2.802596928649634e-45,1.064986832886861e-43,1.401298464324817e-45,0.4599766433238983,0.10852073132991791,-0.00038094818592071533,-14647,226016,21,8,False,Right,Front,Right,Centre,73
<_io.BytesIO object at 0x0000020F02060130>,1058829497,0.06219478324055672,0.7796833515167236,2.802596928649634e-45,1.064986832886861e-43,1.401298464324817e-45,0.4572906196117401,0.10886998474597931,0.007653736509382725,-26845,226017,21,8,False,Right,Front,Right,Centre,73
<_io.BytesIO object at 0x0000020F02081F90>,1058832973,0.062173619866371155,0.779730498790741,2.802596928649634e-45,1.064986832886861e-43,1.401298464324817e-45,0.45468518137931824,0.10921330749988556,0.015834078192710876,18394,226018,21,8,False,Right,Front,Right,Centre,73
<_io.BytesIO object at 0x0000020F02327180>,1058835285,0.062174756079912186,0.7797567844390869,2.802596928649634e-45,1.064986832886861e-43,1.401298464324817e-45,0.45211416482925415,0.10951577126979828,0.024135645478963852,29093,226019,21,8,False,Right,Front,Right,Centre,73
<_io.BytesIO object at 0x0000020F02090680>,1058837611,0.06217770278453827,0.7797732353210449,2.802596928649634e-45,1.064986832886861e-43,1.401298464324817e-45,0.44959256052970886,0.10959438979625702,0.03230709955096245,-25364,226020,21,8,False,Right,Front,Right,Centre,73
<_io.BytesIO object at 0x0000020F020E8270>,1058841482,0.062265828251838684,0.7798606753349304,2.802596928649634e-45,1.064986832886861e-43,1.401298464324817e-45,0.44708606600761414,0.10974699258804321,0.0405864343047142,-4164,226021,21,8,False,Right,Front,Right,Centre,73
<_io.BytesIO object at 0x0000020F02070DB0>,1058844590,0.06230004504323006,0.7798516750335693,2.802596928649634e-45,1.064986832886861e-43,1.401298464324817e-45,0.4447268843650818,0.10976256430149078,0.04902246594429016,-28825,226022,21,8,False,Right,Front,Right,Centre,73
<_io.BytesIO object at 0x0000020F0233BEF0>,1058846858,0.06231505796313286,0.7798582911491394,2.802596928649634e-45,1.064986832886861e-43,1.401298464324817e-45,0.442350834608078,0.10978236794471741,0.057306285947561264,-5576,226023,21,8,False,Right,Front,Right,Centre,73
<_io.BytesIO object at 0x0000020F020755E0>,1058849733,0.06240135803818703,0.7799094915390015,2.802596928649634e-45,1.064986832886861e-43,1.401298464324817e-45,0.4401243031024933,0.10973946750164032,0.0657176747918129,-7360,226024,21,8,False,Right,Front,Right,Centre,73
<_io.BytesIO object at 0x0000020F02060900>,1058852807,0.062366001307964325,0.7799106240272522,2.802596928649634e-45,1.064986832886861e-43,1.401298464324817e-45,0.43800464272499084,0.10963770002126694,0.07408711314201355,-5378,226025,21,8,False,Right,Front,Right,Centre,73
<_io.BytesIO object at 0x0000020F020E2EA0>,1058856113,0.062271904200315475,0.7798138856887817,2.802596928649634e-45,1.064986832886861e-43,1.401298464324817e-45,0.43579569458961487,0.10966962575912476,0.08223019540309906,18987,226026,21,8,False,Right,Front,Right,Centre,73
<_io.BytesIO object at 0x0000020F020817C0>,1058858069,0.06225762143731117,0.7798158526420593,2.802596928649634e-45,1.064986832886861e-43,1.401298464324817e-45,0.4330442249774933,0.10960031300783157,0.09027905017137527,-7276,226027,21,8,False,Right,Front,Right,Centre,73
<_io.BytesIO object at 0x0000020F020700E0>,1058860225,0.06221257895231247,0.7798038125038147,2.802596928649634e-45,1.064986832886861e-43,1.401298464324817e-45,0.43103012442588806,0.10934583097696304,0.09844569861888885,-25939,226028,21,8,False,Right,Front,Right,Centre,73
<_io.BytesIO object at 0x0000020F02082EF0>,1058864793,0.06226763129234314,0.7800365090370178,2.802596928649634e-45,1.064986832886861e-43,1.401298464324817e-45,0.42939937114715576,0.10898112505674362,0.10667988657951355,-25846,226029,21,8,False,Right,Front,Right,Centre,73
<_io.BytesIO object at 0x0000020F022000E0>,1058868770,0.062115658074617386,0.7798693776130676,2.802596928649634e-45,1.064986832886861e-43,1.401298464324817e-45,0.42933356761932373,0.10837993025779724,0.11522937566041946,-5541,226030,21,8,False,Right,Front,Right,Centre,73
<_io.BytesIO object at 0x0000020F022009A0>,1058871028,0.06207801774144173,0.7798075079917908,2.802596928649634e-45,1.064986832886861e-43,1.401298464324817e-45,0.4278031587600708,0.10810362547636032,0.1232789158821106,23899,226031,21,8,False,Right,Front,Right,Centre,73
<_io.BytesIO object at 0x0000020F02060400>,1058873004,0.062008991837501526,0.779762864112854,2.802596928649634e-45,1.064986832886861e-43,1.401298464324817e-45,0.42568570375442505,0.10856728255748749,0.13079996407032013,21983,226032,21,8,False,Right,Front,Right,Centre,73
<_io.BytesIO object at 0x0000020F02090A90>,1058875704,0.06191706657409668,0.7797293066978455,2.802596928649634e-45,1.064986832886861e-43,1.401298464324817e-45,0.42397546768188477,0.10848842561244965,0.13826650381088257,17335,226033,21,8,False,Right,Front,Right,Centre,73
<_io.BytesIO object at 0x0000020F02075F40>,1058878444,0.06179361790418625,0.7796050310134888,2.802596928649634e-45,1.064986832886861e-43,1.401298464324817e-45,0.42235061526298523,0.10829222202301025,0.14543946087360382,18236,226034,21,8,False,Right,Front,Right,Centre,73
<_io.BytesIO object at 0x0000020F020E2AE0>,1058880118,0.061702340841293335,0.7795057892799377,2.802596928649634e-45,1.064986832886861e-43,1.401298464324817e-45,0.42117980122566223,0.10805345326662064,0.15253543853759766,-2980,226035,21,8,False,Right,Front,Right,Centre,73
<_io.BytesIO object at 0x0000020F023270E0>,1058881496,0.06164395436644554,0.7794370055198669,2.802596928649634e-45,1.064986832886861e-43,1.401298464324817e-45,0.41993415355682373,0.10795963555574417,0.15918958187103271,-24521,226036,21,8,False,Right,Front,Right,Centre,73
<_io.BytesIO object at 0x0000020F0208E220>,1058882646,0.06159605458378792,0.7793729305267334,2.802596928649634e-45,1.064986832886861e-43,1.401298464324817e-45,0.4189063012599945,0.10754020512104034,0.1660178303718567,-32081,226037,21,8,False,Right,Front,Right,Centre,73
<_io.BytesIO object at 0x0000020F0209F9A0>,1058883032,0.0614972747862339,0.7792147994041443,2.802596928649634e-45,1.064986832886861e-43,1.401298464324817e-45,0.4179297685623169,0.10685189813375473,0.17288577556610107,9014,226038,21,8,False,Right,Front,Right,Centre,73
<_io.BytesIO object at 0x0000020F021A09A0>,1058884993,0.061491042375564575,0.7791173458099365,2.802596928649634e-45,1.064986832886861e-43,1.401298464324817e-45,0.4171219766139984,0.10606328397989273,0.17967088520526886,20158,226039,21,8,False,Right,Front,Right,Centre,73
<_io.BytesIO object at 0x0000020F0208DD10>,1058886189,0.06146050989627838,0.7790345549583435,2.802596928649634e-45,1.064986832886861e-43,1.401298464324817e-45,0.4164380729198456,0.10476142168045044,0.18567106127738953,-32387,226040,21,8,False,Right,Front,Right,Centre,73
<_io.BytesIO object at 0x0000020F021A03B0>,1058887242,0.061439789831638336,0.7789469361305237,2.802596928649634e-45,1.064986832886861e-43,1.401298464324817e-45,0.4155951142311096,0.10390414297580719,0.19118967652320862,-25328,226041,21,8,False,Right,Front,Right,Centre,73
<_io.BytesIO object at 0x0000020F02070540>,1058888343,0.06141841784119606,0.778846263885498,2.802596928649634e-45,1.064986832886861e-43,1.401298464324817e-45,0.41485676169395447,0.10316826403141022,0.1968020796775818,-32442,226042,21,8,False,Right,Front,Right,Centre,73
<_io.BytesIO object at 0x0000020F020815E0>,1058890582,0.06135641410946846,0.7786870002746582,2.802596928649634e-45,1.064986832886861e-43,1.401298464324817e-45,0.4144080579280853,0.1012195497751236,0.20288534462451935,11201,226043,21,8,False,Right,Front,Right,Centre,73
<_io.BytesIO object at 0x0000020F020762C0>,1058892893,0.061319220811128616,0.7785866260528564,2.802596928649634e-45,1.064986832886861e-43,1.401298464324817e-45,0.4135545790195465,0.1012510433793068,0.20738999545574188,22358,226044,21,8,False,Right,Front,Right,Centre,73
<_io.BytesIO object at 0x0000020F020E8EF0>,1058894108,0.06131630018353462,0.778475821018219,2.802596928649634e-45,1.064986832886861e-43,1.401298464324817e-45,0.41252678632736206,0.10191695392131805,0.21055541932582855,-7074,226045,21,8,False,Right,Front,Right,Centre,73
<_io.BytesIO object at 0x0000020F02076130>,1058895546,0.06130039691925049,0.778340756893158,0.41951385140419006,0.14512106776237488,0.18021242320537567,0.42233026027679443,0.07238419353961945,0.17317405343055725,31274,226046,21,8,False,Right,Front,Right,Centre,73
<_io.BytesIO object at 0x0000020F020761D0>,731922132,2.367424887662561e+29,2.060973729390368e-40,6.979497708007332e-39,9.183549615799121e-41,-0.138671875,1.9237921237945557,-2.0408308105646994e+33,7.277358012590451e-18,-16842,226046,21,8,False,Right,Front,Right,Centre,73
<_io.BytesIO object at 0x0000020F020764F0>,3171434249,-0.7016768455505371,-0.689134418964386,0.0,1.8367099231598242e-40,8.629148150153185e-21,4.917049479008746e+30,-9.306408092794658e-20,3.7363768115028506e-06,-16665,226046,21,8,False,Right,Front,Right,Centre,73
<_io.BytesIO object at 0x0000020F020767C0>,3196456386,0.3288186490535736,-0.787016749382019,0.003980977926403284,1.401298464324817e-45,0.0,0.0,0.0,8.265194654219209e-40,0,226046,21,8,False,Right,Front,Right,Centre,73
<_io.BytesIO object at 0x0000020F0208EBD0>,1058898507,0.06148255616426468,0.7783201932907104,0.4214899241924286,0.07204557955265045,0.17728906869888306,0.4140556752681732,0.04300280287861824,0.26290541887283325,2,226047,21,8,False,Right,Front,Right,Centre,73
<_io.BytesIO object at 0x0000020F0208E270>,4980736,9.183549615799121e-41,-0.138671875,1.9237921237945557,-2.0408308105646994e+33,7.331568121214726e-18,0.5419648885726929,-5.174978396932812e-19,1.9070426646167264e+26,-16592,226047,21,8,False,Right,Front,Right,Centre,73
<_io.BytesIO object at 0x0000020F0208E770>,0,1.8367099231598242e-40,1.8551945686340332e-06,-9.237642818174006e+19,1.5462921647685632e+16,1.0388079767633236e-36,8.79225063260748e+33,283111560577024.0,5.648438148930233e+33,-16567,226047,21,8,False,Right,Front,Right,Centre,73
<_io.BytesIO object at 0x0000020F02082A90>,1058898574,0.06158282607793808,0.778214156627655,0.4206332862377167,0.07167104631662369,0.181226909160614,0.4132063090801239,0.0423264242708683,0.26677411794662476,2,226048,21,8,False,Right,Front,Right,Centre,73
<_io.BytesIO object at 0x0000020F02082860>,4980736,9.183549615799121e-41,-0.138671875,1.9237921237945557,-2.0408308105646994e+33,7.331568121214726e-18,0.5419648885726929,-5.174978396932812e-19,1.9070426646167264e+26,-16592,226048,21,8,False,Right,Front,Right,Centre,73
<_io.BytesIO object at 0x0000020F0233BC70>,0,1.8367099231598242e-40,8.396917575911792e+33,-154.24755859375,6.249952050922847e-26,1273181985832960.0,-650.9826049804688,-1.3611035642204729e+32,2.857060736355806e+30,-16566,226048,21,8,False,Right,Front,Right,Centre,73
<_io.BytesIO object at 0x0000020F020609A0>,1058901419,0.06171058490872383,0.7779698967933655,0.4188934564590454,0.07086671888828278,0.18771690130233765,0.4115268588066101,0.04068797454237938,0.27376776933670044,2,226050,21,8,False,Right,Front,Right,Centre,73
<_io.BytesIO object at 0x0000020F02060BD0>,4980736,9.183549615799121e-41,-0.138671875,1.9237921237945557,-2.0408308105646994e+33,7.331568121214726e-18,0.5419648885726929,-5.174978396932812e-19,1.9070426646167264e+26,-16592,226050,21,8,False,Right,Front,Right,Centre,73
<_io.BytesIO object at 0x0000020F02060860>,0,1.8367099231598242e-40,-3.192917164454687e-22,3.4273690200982157e+22,-2.038758747508734e-24,1.361499908325895e-21,4.54813381498686e-17,-15753423872.0,-1.721042378530315e+22,-16567,226050,21,8,False,Right,Front,Right,Centre,73
<_io.BytesIO object at 0x0000020F02200CC0>,1058905226,0.06167218089103699,0.7778098583221436,0.418155699968338,0.07038737833499908,0.1905832588672638,0.41088640689849854,0.03995875269174576,0.27685797214508057,2,226051,21,8,False,Right,Front,Right,Centre,73
<_io.BytesIO object at 0x0000020F02200270>,4980736,9.183549615799121e-41,-0.138671875,1.9237921237945557,-2.0408308105646994e+33,7.331568121214726e-18,0.5419648885726929,-5.174978396932812e-19,1.9070426646167264e+26,-16592,226051,21,8,False,Right,Front,Right,Centre,73
<_io.BytesIO object at 0x0000020F020609F0>,0,1.8367099231598242e-40,-5.724587470723463e-16,-881531551744.0,1.6796177136307505e+36,-1.1073755025863647,-42924940.0,9.89640385749844e+17,16207.6650390625,-16567,226051,21,8,False,Right,Front,Right,Centre,73
<_io.BytesIO object at 0x0000020F0233BA40>,1058906926,0.061677638441324234,0.7777488231658936,0.4105534851551056,0.03916733339428902,0.2798152565956116,2.802596928649634e-45,1.064986832886861e-43,1.401298464324817e-45,-16882,226052,21,8,False,Right,Front,Right,Centre,73
<_io.BytesIO object at 0x0000020F0233B1D0>,1073102546,-2.0408308105646994e+33,7.331568121214726e-18,0.5419648885726929,-5.174978396932812e-19,1.9070426646167264e+26,6.858515203791385e-41,0.0,2.802596928649634e-45,-18266,226052,21,8,False,Right,Front,Right,Centre,73
<_io.BytesIO object at 0x0000020F02070450>,1058908527,0.06167764961719513,0.7776930332183838,0.41030266880989075,0.03852769359946251,0.28255027532577515,2.802596928649634e-45,1.064986832886861e-43,1.401298464324817e-45,-16882,226053,21,8,False,Right,Front,Right,Centre,73
<_io.BytesIO object at 0x0000020F02070900>,1073102546,-2.0408308105646994e+33,7.331568121214726e-18,0.5419648885726929,-5.174978396932812e-19,1.9070426646167264e+26,6.858515203791385e-41,0.0,2.802596928649634e-45,-12181,226053,21,8,False,Right,Front,Right,Centre,73
<_io.BytesIO object at 0x0000020F0208D1D0>,1058911154,0.0616469532251358,0.7776573896408081,0.4103270173072815,0.037937745451927185,0.2850467562675476,2.802596928649634e-45,1.064986832886861e-43,1.401298464324817e-45,-16882,226054,21,8,False,Right,Front,Right,Centre,73
<_io.BytesIO object at 0x0000020F0208DC70>,1073102546,-2.0408308105646994e+33,7.331568121214726e-18,0.5419648885726929,-5.174978396932812e-19,1.9070426646167264e+26,6.858515203791385e-41,0.0,2.802596928649634e-45,-7907,226054,21,8,False,Right,Front,Right,Centre,73
<_io.BytesIO object at 0x0000020F020E2860>,1058914089,0.061712395399808884,0.7776895761489868,0.4105740487575531,0.03739883750677109,0.2876092493534088,2.802596928649634e-45,1.064986832886861e-43,1.401298464324817e-45,-16882,226055,21,8,False,Right,Front,Right,Centre,73
<_io.BytesIO object at 0x0000020F020E2EA0>,1073102546,-2.0408308105646994e+33,7.331568121214726e-18,0.5419648885726929,-5.174978396932812e-19,1.9070426646167264e+26,6.858515203791385e-41,0.0,2.802596928649634e-45,-2186,226055,21,8,False,Right,Front,Right,Centre,73
<_io.BytesIO object at 0x0000020F02327860>,1058915516,0.06169964373111725,0.7776598334312439,0.4109498858451843,0.037132035940885544,0.2898882031440735,2.802596928649634e-45,1.064986832886861e-43,1.401298464324817e-45,-16882,226056,21,8,False,Right,Front,Right,Centre,73
<_io.BytesIO object at 0x0000020F023271D0>,1073102546,-2.0408308105646994e+33,7.331568121214726e-18,0.5419648885726929,-5.174978396932812e-19,1.9070426646167264e+26,6.858515203791385e-41,0.0,2.802596928649634e-45,3477,226056,21,8,False,Right,Front,Right,Centre,73
<_io.BytesIO object at 0x0000020F020812C0>,1058916910,0.06169072166085243,0.777641773223877,0.4114704132080078,0.03693445399403572,0.29200220108032227,2.802596928649634e-45,1.064986832886861e-43,1.401298464324817e-45,-16882,226057,21,8,False,Right,Front,Right,Centre,73
<_io.BytesIO object at 0x0000020F02081360>,1073102546,-2.0408308105646994e+33,7.331568121214726e-18,0.5419648885726929,-5.174978396932812e-19,1.9070426646167264e+26,6.858515203791385e-41,0.0,2.802596928649634e-45,7499,226057,21,8,False,Right,Front,Right,Centre,73
<_io.BytesIO object at 0x0000020F0209FE50>,1058918253,0.06168433278799057,0.7776370048522949,0.41192376613616943,0.036976516246795654,0.2939722537994385,2.802596928649634e-45,1.064986832886861e-43,1.401298464324817e-45,-16882,226058,21,8,False,Right,Front,Right,Centre,73
<_io.BytesIO object at 0x0000020F0209F400>,1073102546,-2.0408308105646994e+33,7.331568121214726e-18,0.5419648885726929,-5.174978396932812e-19,1.9070426646167264e+26,6.858515203791385e-41,0.0,2.802596928649634e-45,14133,226058,21,8,False,Right,Front,Right,Centre,73
<_io.BytesIO object at 0x0000020F02060F90>,1058919432,0.06167072430253029,0.7776439189910889,0.41258105635643005,0.03704345226287842,0.2960519790649414,2.802596928649634e-45,1.064986832886861e-43,1.401298464324817e-45,-16882,226059,21,8,False,Right,Front,Right,Centre,73
<_io.BytesIO object at 0x0000020F020604A0>,1073102546,-2.0408308105646994e+33,7.331568121214726e-18,0.5419648885726929,-5.174978396932812e-19,1.9070426646167264e+26,6.858515203791385e-41,0.0,2.802596928649634e-45,16268,226059,21,8,False,Right,Front,Right,Centre,73
<_io.BytesIO object at 0x0000020F020E8E50>,1058922816,0.06155869737267494,0.7775962948799133,0.4131418466567993,0.03736506775021553,0.2978892922401428,2.802596928649634e-45,1.064986832886861e-43,1.401298464324817e-45,-16882,226060,21,8,False,Right,Front,Right,Centre,73
<_io.BytesIO object at 0x0000020F020E8310>,1073102546,-2.0408308105646994e+33,7.331568121214726e-18,0.5419648885726929,-5.174978396932812e-19,1.9070426646167264e+26,6.858515203791385e-41,0.0,2.802596928649634e-45,20969,226060,21,8,False,Right,Front,Right,Centre,73
<_io.BytesIO object at 0x0000020F020909F0>,1058923960,0.061539165675640106,0.7776064276695251,0.41359326243400574,0.03795618191361427,0.29967641830444336,2.802596928649634e-45,1.064986832886861e-43,1.401298464324817e-45,-16882,226061,21,8,False,Right,Front,Right,Centre,73
<_io.BytesIO object at 0x0000020F02090A40>,1073102546,-2.0408308105646994e+33,7.331568121214726e-18,0.5419648885726929,-5.174978396932812e-19,1.9070426646167264e+26,6.858515203791385e-41,0.0,2.802596928649634e-45,23494,226061,21,8,False,Right,Front,Right,Centre,73
<_io.BytesIO object at 0x0000020F0209F8B0>,1058924935,0.06152354180812836,0.7776250243186951,0.41402360796928406,0.03864476829767227,0.301400750875473,2.802596928649634e-45,1.064986832886861e-43,1.401298464324817e-45,-16882,226062,21,8,False,Right,Front,Right,Centre,73
<_io.BytesIO object at 0x0000020F0209F720>,1073102546,-2.0408308105646994e+33,7.331568121214726e-18,0.5419648885726929,-5.174978396932812e-19,1.9070426646167264e+26,6.858515203791385e-41,0.0,2.802596928649634e-45,27717,226062,21,8,False,Right,Front,Right,Centre,73
<_io.BytesIO object at 0x0000020F0208D040>,1058927223,0.06144024804234505,0.7775991559028625,0.41419869661331177,0.03969963267445564,0.30297067761421204,2.802596928649634e-45,1.064986832886861e-43,1.401298464324817e-45,-16882,226063,21,8,False,Right,Front,Right,Centre,73
<_io.BytesIO object at 0x0000020F0208D2C0>,1073102546,-2.0408308105646994e+33,7.331568121214726e-18,0.5419648885726929,-5.174978396932812e-19,1.9070426646167264e+26,6.858515203791385e-41,0.0,2.802596928649634e-45,29968,226063,21,8,False,Right,Front,Right,Centre,73
<_io.BytesIO object at 0x0000020F02327F90>,1058928166,0.06143038347363472,0.7776305079460144,0.41463637351989746,0.040660206228494644,0.30469104647636414,2.802596928649634e-45,1.064986832886861e-43,1.401298464324817e-45,-16882,226064,21,8,False,Right,Front,Right,Centre,73
<_io.BytesIO object at 0x0000020F023275E0>,1073102546,-2.0408308105646994e+33,7.331568121214726e-18,0.5419648885726929,-5.174978396932812e-19,1.9070426646167264e+26,6.858515203791385e-41,0.0,2.802596928649634e-45,32234,226064,21,8,False,Right,Front,Right,Centre,73
<_io.BytesIO object at 0x0000020F020768B0>,1058929103,0.061415400356054306,0.7776627540588379,0.4150688946247101,0.04179074987769127,0.306284636259079,2.802596928649634e-45,1.064986832886861e-43,1.401298464324817e-45,-16882,226065,21,8,False,Right,Front,Right,Centre,73
<_io.BytesIO object at 0x0000020F023274F0>,1073102546,-2.0408308105646994e+33,7.331568121214726e-18,0.5419648885726929,-5.174978396932812e-19,1.9070426646167264e+26,6.858515203791385e-41,0.0,2.802596928649634e-45,-30914,226065,21,8,False,Right,Front,Right,Centre,73
<_io.BytesIO object at 0x0000020F02075C70>,1058930889,0.061404358595609665,0.7778146862983704,0.41541334986686707,0.042936772108078,0.3077697455883026,2.802596928649634e-45,1.064986832886861e-43,1.401298464324817e-45,-16882,226066,21,8,False,Right,Front,Right,Centre,73
<_io.BytesIO object at 0x0000020F02075860>,1073102546,-2.0408308105646994e+33,7.331568121214726e-18,0.5419648885726929,-5.174978396932812e-19,1.9070426646167264e+26,6.858515203791385e-41,0.0,2.802596928649634e-45,-28522,226066,21,8,False,Right,Front,Right,Centre,73
<_io.BytesIO object at 0x0000020F0209F680>,1058931684,0.061383310705423355,0.7778574228286743,0.4160953760147095,0.04421738535165787,0.30911892652511597,2.802596928649634e-45,1.064986832886861e-43,1.401298464324817e-45,-16882,226067,21,8,False,Right,Front,Right,Centre,73
<_io.BytesIO object at 0x0000020F0209F040>,1073102546,-2.0408308105646994e+33,7.331568121214726e-18,0.5419648885726929,-5.174978396932812e-19,1.9070426646167264e+26,6.858515203791385e-41,0.0,2.802596928649634e-45,-23597,226067,21,8,False,Right,Front,Right,Centre,73
<_io.BytesIO object at 0x0000020F02060C20>,1058932185,0.061363380402326584,0.7778971791267395,0.4167118966579437,0.04567931964993477,0.3103257417678833,2.802596928649634e-45,1.064986832886861e-43,1.401298464324817e-45,-16882,226068,21,8,False,Right,Front,Right,Centre,73
<_io.BytesIO object at 0x0000020F020604F0>,1073102546,-2.0408308105646994e+33,7.331568121214726e-18,0.5419648885726929,-5.174978396932812e-19,1.9070426646167264e+26,6.858515203791385e-41,0.0,2.802596928649634e-45,-21059,226068,21,8,False,Right,Front,Right,Centre,73
<_io.BytesIO object at 0x0000020F020BFE00>,1058932476,0.061333078891038895,0.7779762148857117,0.4175374209880829,0.047095511108636856,0.3116438090801239,2.802596928649634e-45,1.064986832886861e-43,1.401298464324817e-45,-16882,226069,21,8,False,Right,Front,Right,Centre,73
<_io.BytesIO object at 0x0000020F79FD58B0>,1073102546,-2.0408308105646994e+33,7.331568121214726e-18,0.5419648885726929,-5.174978396932812e-19,1.9070426646167264e+26,6.858515203791385e-41,0.0,2.802596928649634e-45,-17029,226069,21,8,False,Right,Front,Right,Centre,73
<_io.BytesIO object at 0x0000020F02060040>,1058934309,0.061388250440359116,0.7780890464782715,0.41817015409469604,0.04843620955944061,0.3128553032875061,2.802596928649634e-45,1.064986832886861e-43,1.401298464324817e-45,-16882,226070,21,8,False,Right,Front,Right,Centre,73
<_io.BytesIO object at 0x0000020F02060900>,1073102546,-2.0408308105646994e+33,7.331568121214726e-18,0.5419648885726929,-5.174978396932812e-19,1.9070426646167264e+26,6.858515203791385e-41,0.0,2.802596928649634e-45,-15262,226070,21,8,False,Right,Front,Right,Centre,73
<_io.BytesIO object at 0x0000020F0209FA40>,1058935899,0.06132913753390312,0.7781487107276917,0.41901886463165283,0.049725428223609924,0.3136650323867798,2.802596928649634e-45,1.064986832886861e-43,1.401298464324817e-45,-16882,226071,21,8,False,Right,Front,Right,Centre,73
<_io.BytesIO object at 0x0000020F0209F3B0>,1073102546,-2.0408308105646994e+33,7.331568121214726e-18,0.5419648885726929,-5.174978396932812e-19,1.9070426646167264e+26,6.858515203791385e-41,0.0,2.802596928649634e-45,-12272,226071,21,8,False,Right,Front,Right,Centre,73
<_io.BytesIO object at 0x0000020F02075CC0>,1058936348,0.06130779907107353,0.778195321559906,0.41993972659111023,0.051228027790784836,0.31456172466278076,2.802596928649634e-45,1.064986832886861e-43,1.401298464324817e-45,-16882,226072,21,8,False,Right,Front,Right,Centre,73
<_io.BytesIO object at 0x0000020F02075F90>,1073102546,-2.0408308105646994e+33,7.331568121214726e-18,0.5419648885726929,-5.174978396932812e-19,1.9070426646167264e+26,6.858515203791385e-41,0.0,2.802596928649634e-45,-9970,226072,21,8,False,Right,Front,Right,Centre,73
<_io.BytesIO object at 0x0000020F020760E0>,1058936804,0.06128988415002823,0.7782410979270935,0.4207570552825928,0.052699942141771317,0.3152696490287781,2.802596928649634e-45,1.064986832886861e-43,1.401298464324817e-45,-16882,226073,21,8,False,Right,Front,Right,Centre,73
<_io.BytesIO object at 0x0000020F02076D10>,1073102546,-2.0408308105646994e+33,7.331568121214726e-18,0.5419648885726929,-5.174978396932812e-19,1.9070426646167264e+26,6.858515203791385e-41,0.0,2.802596928649634e-45,-8466,226073,21,8,False,Right,Front,Right,Centre,73
<_io.BytesIO object at 0x0000020F79FD54F0>,1058937211,0.06126805767416954,0.7782853841781616,0.42158085107803345,0.05413421615958214,0.3158707618713379,2.802596928649634e-45,1.064986832886861e-43,1.401298464324817e-45,-16882,226074,21,8,False,Right,Front,Right,Centre,73
<_io.BytesIO object at 0x0000020F02054AE0>,1073102546,-2.0408308105646994e+33,7.331568121214726e-18,0.5419648885726929,-5.174978396932812e-19,1.9070426646167264e+26,6.858515203791385e-41,0.0,2.802596928649634e-45,-4864,226074,21,8,False,Right,Front,Right,Centre,73
<_io.BytesIO object at 0x0000020F02070810>,1058937665,0.06125304102897644,0.7783315777778625,0.4219072163105011,0.056074097752571106,0.3169694244861603,2.802596928649634e-45,1.064986832886861e-43,1.401298464324817e-45,-16882,226075,21,8,False,Right,Front,Right,Centre,73
<_io.BytesIO object at 0x0000020F02070F90>,1073102546,-2.0408308105646994e+33,7.331568121214726e-18,0.5419648885726929,-5.174978396932812e-19,1.9070426646167264e+26,6.858515203791385e-41,0.0,2.802596928649634e-45,-3287,226075,21,8,False,Right,Front,Right,Centre,73
<_io.BytesIO object at 0x0000020F02081770>,1058938722,0.06124214455485344,0.7784226536750793,0.4220518469810486,0.05780881643295288,0.31764084100723267,2.802596928649634e-45,1.064986832886861e-43,1.401298464324817e-45,-16882,226076,21,8,False,Right,Front,Right,Centre,73
<_io.BytesIO object at 0x0000020F02081D60>,1073102546,-2.0408308105646994e+33,7.331568121214726e-18,0.5419648885726929,-5.174978396932812e-19,1.9070426646167264e+26,6.858515203791385e-41,0.0,2.802596928649634e-45,-2673,226076,21,8,False,Right,Front,Right,Centre,73
<_io.BytesIO object at 0x0000020F0233B2C0>,1058939208,0.06122943013906479,0.7784659266471863,0.4221455752849579,0.059823404997587204,0.3183821141719818,2.802596928649634e-45,1.064986832886861e-43,1.401298464324817e-45,-16882,226077,21,8,False,Right,Front,Right,Centre,73
<_io.BytesIO object at 0x0000020F0233BA40>,1073102546,-2.0408308105646994e+33,7.331568121214726e-18,0.5419648885726929,-5.174978396932812e-19,1.9070426646167264e+26,6.858515203791385e-41,0.0,2.802596928649634e-45,376,226077,21,8,False,Right,Front,Right,Centre,73
<_io.BytesIO object at 0x0000020F021A00E0>,1058939659,0.061221763491630554,0.7785034775733948,0.42225101590156555,0.06190066412091255,0.3191879689693451,2.802596928649634e-45,1.064986832886861e-43,1.401298464324817e-45,-16882,226078,21,8,False,Right,Front,Right,Centre,73
<_io.BytesIO object at 0x0000020F021A0770>,1073102546,-2.0408308105646994e+33,7.331568121214726e-18,0.5419648885726929,-5.174978396932812e-19,1.9070426646167264e+26,6.858515203791385e-41,0.0,2.802596928649634e-45,2417,226078,21,8,False,Right,Front,Right,Centre,73
<_io.BytesIO object at 0x0000020F021A0220>,1058940222,0.06120960786938667,0.778535783290863,0.4227011501789093,0.06407901644706726,0.32001766562461853,2.802596928649634e-45,1.064986832886861e-43,1.401298464324817e-45,-16882,226079,21,8,False,Right,Front,Right,Centre,73
<_io.BytesIO object at 0x0000020F021A08B0>,1073102546,-2.0408308105646994e+33,7.331568121214726e-18,0.5419648885726929,-5.174978396932812e-19,1.9070426646167264e+26,6.858515203791385e-41,0.0,2.802596928649634e-45,4523,226079,21,8,False,Right,Front,Right,Centre,73
<_io.BytesIO object at 0x0000020F0209F630>,1058940665,0.06120271980762482,0.7785630822181702,0.4234820008277893,0.06608282029628754,0.32087594270706177,2.802596928649634e-45,1.064986832886861e-43,1.401298464324817e-45,-16882,226080,21,8,False,Right,Front,Right,Centre,73
<_io.BytesIO object at 0x0000020F0209F180>,1073102546,-2.0408308105646994e+33,7.331568121214726e-18,0.5419648885726929,-5.174978396932812e-19,1.9070426646167264e+26,6.858515203791385e-41,0.0,2.802596928649634e-45,5263,226080,21,8,False,Right,Front,Right,Centre,73
<_io.BytesIO object at 0x0000020F02075360>,1058941114,0.0610465444624424,0.7785606384277344,0.42448124289512634,0.06796594709157944,0.32158470153808594,2.802596928649634e-45,1.064986832886861e-43,1.401298464324817e-45,-16882,226081,21,8,False,Right,Front,Right,Centre,73
<_io.BytesIO object at 0x0000020F02075040>,1073102546,-2.0408308105646994e+33,7.331568121214726e-18,0.5419648885726929,-5.174978396932812e-19,1.9070426646167264e+26,6.858515203791385e-41,0.0,2.802596928649634e-45,6557,226081,21,8,False,Right,Front,Right,Centre,73
<_io.BytesIO object at 0x0000020F020763B0>,1058941710,0.06103428825736046,0.7785785794258118,0.4258216917514801,0.0695362538099289,0.32222220301628113,2.802596928649634e-45,1.064986832886861e-43,1.401298464324817e-45,-16882,226082,21,8,False,Right,Front,Right,Centre,73
<_io.BytesIO object at 0x0000020F02076680>,1073102546,-2.0408308105646994e+33,7.331568121214726e-18,0.5419648885726929,-5.174978396932812e-19,1.9070426646167264e+26,6.858515203791385e-41,0.0,2.802596928649634e-45,8550,226082,21,8,False,Right,Front,Right,Centre,73
<_io.BytesIO object at 0x0000020F020BFD10>,1058942159,0.06103023886680603,0.7786017060279846,0.4273318350315094,0.07084211707115173,0.32271263003349304,2.802596928649634e-45,1.064986832886861e-43,1.401298464324817e-45,-16882,226083,21,8,False,Right,Front,Right,Centre,73
<_io.BytesIO object at 0x0000020F79FD5360>,1073102546,-2.0408308105646994e+33,7.331568121214726e-18,0.5419648885726929,-5.174978396932812e-19,1.9070426646167264e+26,6.858515203791385e-41,0.0,2.802596928649634e-45,10492,226083,21,8,False,Right,Front,Right,Centre,73
<_io.BytesIO object at 0x0000020F02076D60>,1058942788,0.06103038787841797,0.778620719909668,0.4289453327655792,0.07193270325660706,0.3230833411216736,2.802596928649634e-45,1.064986832886861e-43,1.401298464324817e-45,-16882,226084,21,8,False,Right,Front,Right,Centre,73
<_io.BytesIO object at 0x0000020F02076A40>,1073102546,-2.0408308105646994e+33,7.331568121214726e-18,0.5419648885726929,-5.174978396932812e-19,1.9070426646167264e+26,6.858515203791385e-41,0.0,2.802596928649634e-45,12337,226084,21,8,False,Right,Front,Right,Centre,73
<_io.BytesIO object at 0x0000020F0208EB30>,1058943307,0.06103583052754402,0.7786415815353394,0.4305930733680725,0.07288455218076706,0.3233620226383209,2.802596928649634e-45,1.064986832886861e-43,1.401298464324817e-45,-16882,226085,21,8,False,Right,Front,Right,Centre,73
<_io.BytesIO object at 0x0000020F0208EC70>,1073102546,-2.0408308105646994e+33,7.331568121214726e-18,0.5419648885726929,-5.174978396932812e-19,1.9070426646167264e+26,6.858515203791385e-41,0.0,2.802596928649634e-45,13585,226085,21,8,False,Right,Front,Right,Centre,73
<_io.BytesIO object at 0x0000020F02090130>,1058944306,0.06099894642829895,0.7786460518836975,0.43215760588645935,0.07381055504083633,0.3235701024532318,2.802596928649634e-45,1.064986832886861e-43,1.401298464324817e-45,-16882,226086,21,8,False,Right,Front,Right,Centre,73
<_io.BytesIO object at 0x0000020F020909F0>,1073102546,-2.0408308105646994e+33,7.331568121214726e-18,0.5419648885726929,-5.174978396932812e-19,1.9070426646167264e+26,6.858515203791385e-41,0.0,2.802596928649634e-45,15214,226086,21,8,False,Right,Front,Right,Centre,73
<_io.BytesIO object at 0x0000020F02200E00>,1058944853,0.061011336743831635,0.7786628603935242,0.433650940656662,0.07479707151651382,0.32372167706489563,2.802596928649634e-45,1.064986832886861e-43,1.401298464324817e-45,-16882,226087,21,8,False,Right,Front,Right,Centre,73
<_io.BytesIO object at 0x0000020F02200590>,1073102546,-2.0408308105646994e+33,7.331568121214726e-18,0.5419648885726929,-5.174978396932812e-19,1.9070426646167264e+26,6.858515203791385e-41,0.0,2.802596928649634e-45,16645,226087,21,8,False,Right,Front,Right,Centre,73
<_io.BytesIO object at 0x0000020F0208D9F0>,1058945451,0.06101992726325989,0.7786754965782166,0.43521252274513245,0.07562142610549927,0.323786199092865,2.802596928649634e-45,1.064986832886861e-43,1.401298464324817e-45,-16882,226088,21,8,False,Right,Front,Right,Centre,73
<_io.BytesIO object at 0x0000020F0208D4A0>,1073102546,-2.0408308105646994e+33,7.331568121214726e-18,0.5419648885726929,-5.174978396932812e-19,1.9070426646167264e+26,6.858515203791385e-41,0.0,2.802596928649634e-45,17870,226088,21,8,False,Right,Front,Right,Centre,73
<_io.BytesIO object at 0x0000020F020BFAE0>,1058946194,0.061029743403196335,0.7786951661109924,0.43684107065200806,0.07621295750141144,0.3237476348876953,2.802596928649634e-45,1.064986832886861e-43,1.401298464324817e-45,-16882,226089,21,8,False,Right,Front,Right,Centre,73
<_io.BytesIO object at 0x0000020F020BFD10>,1073102546,-2.0408308105646994e+33,7.331568121214726e-18,0.5419648885726929,-5.174978396932812e-19,1.9070426646167264e+26,6.858515203791385e-41,0.0,2.802596928649634e-45,19046,226089,21,8,False,Right,Front,Right,Centre,73
<_io.BytesIO object at 0x0000020F0233B3B0>,1058948893,0.06111052632331848,0.7787107825279236,0.4387281835079193,0.07629827409982681,0.32364609837532043,2.802596928649634e-45,1.064986832886861e-43,1.401298464324817e-45,-16882,226090,21,8,False,Right,Front,Right,Centre,73
<_io.BytesIO object at 0x0000020F0233B770>,1073102546,-2.0408308105646994e+33,7.331568121214726e-18,0.5419648885726929,-5.174978396932812e-19,1.9070426646167264e+26,6.858515203791385e-41,0.0,2.802596928649634e-45,19776,226090,21,8,False,Right,Front,Right,Centre,73
<_io.BytesIO object at 0x0000020F02075900>,1058948789,0.06105584651231766,0.7787110209465027,0.4407586455345154,0.07585397362709045,0.3234463334083557,2.802596928649634e-45,1.064986832886861e-43,1.401298464324817e-45,-16882,226091,21,8,False,Right,Front,Right,Centre,73
<_io.BytesIO object at 0x0000020F02075860>,1073102546,-2.0408308105646994e+33,7.331568121214726e-18,0.5419648885726929,-5.174978396932812e-19,1.9070426646167264e+26,6.858515203791385e-41,0.0,2.802596928649634e-45,21101,226091,21,8,False,Right,Front,Right,Centre,73
<_io.BytesIO object at 0x0000020F023276D0>,1058950162,0.061131540685892105,0.7788136601448059,0.4427635371685028,0.07485782355070114,0.3230896592140198,2.802596928649634e-45,1.064986832886861e-43,1.401298464324817e-45,-16882,226092,21,8,False,Right,Front,Right,Centre,73
<_io.BytesIO object at 0x0000020F02327770>,1073102546,-2.0408308105646994e+33,7.331568121214726e-18,0.5419648885726929,-5.174978396932812e-19,1.9070426646167264e+26,6.858515203791385e-41,0.0,2.802596928649634e-45,21698,226092,21,8,False,Right,Front,Right,Centre,73
<_io.BytesIO object at 0x0000020F02076950>,1058951407,0.06121072173118591,0.7788416743278503,0.4445192515850067,0.07334630191326141,0.32254758477211,2.802596928649634e-45,1.064986832886861e-43,1.401298464324817e-45,-16882,226093,21,8,False,Right,Front,Right,Centre,73
<_io.BytesIO object at 0x0000020F02076EA0>,1073102546,-2.0408308105646994e+33,7.331568121214726e-18,0.5419648885726929,-5.174978396932812e-19,1.9070426646167264e+26,6.858515203791385e-41,0.0,2.802596928649634e-45,21210,226093,21,8,False,Right,Front,Right,Centre,73
<_io.BytesIO object at 0x0000020F0208E770>,1058952441,0.06116677448153496,0.7789504528045654,0.4459892809391022,0.07146796584129333,0.3217768371105194,2.802596928649634e-45,1.064986832886861e-43,1.401298464324817e-45,-16882,226094,21,8,False,Right,Front,Right,Centre,73
<_io.BytesIO object at 0x0000020F0208E4F0>,1073102546,-2.0408308105646994e+33,7.331568121214726e-18,0.5419648885726929,-5.174978396932812e-19,1.9070426646167264e+26,6.858515203791385e-41,0.0,2.802596928649634e-45,22671,226094,21,8,False,Right,Front,Right,Centre,73
<_io.BytesIO object at 0x0000020F02090540>,1058954755,0.061175815761089325,0.7790178060531616,0.44708922505378723,0.0694410428404808,0.3207547664642334,2.802596928649634e-45,1.064986832886861e-43,1.401298464324817e-45,-16882,226095,21,8,False,Right,Front,Right,Centre,73
<_io.BytesIO object at 0x0000020F020901D0>,1073102546,-2.0408308105646994e+33,7.331568121214726e-18,0.5419648885726929,-5.174978396932812e-19,1.9070426646167264e+26,6.858515203791385e-41,0.0,2.802596928649634e-45,24064,226095,21,8,False,Right,Front,Right,Centre,73
<_io.BytesIO object at 0x0000020F02200BD0>,1058953440,0.061159029603004456,0.7790046334266663,0.44785284996032715,0.06740034371614456,0.3195743262767792,2.802596928649634e-45,1.064986832886861e-43,1.401298464324817e-45,-16882,226096,21,8,False,Right,Front,Right,Centre,73
<_io.BytesIO object at 0x0000020F02200A90>,1073102546,-2.0408308105646994e+33,7.331568121214726e-18,0.5419648885726929,-5.174978396932812e-19,1.9070426646167264e+26,6.858515203791385e-41,0.0,2.802596928649634e-45,25121,226096,21,8,False,Right,Front,Right,Centre,73
<_io.BytesIO object at 0x0000020F020E2040>,1058953710,0.06116875633597374,0.7790262699127197,0.4484303295612335,0.06648217141628265,0.3183578848838806,2.802596928649634e-45,1.064986832886861e-43,1.401298464324817e-45,-16882,226097,21,8,False,Right,Front,Right,Centre,73
<_io.BytesIO object at 0x0000020F020E2770>,1073102546,-2.0408308105646994e+33,7.331568121214726e-18,0.5419648885726929,-5.174978396932812e-19,1.9070426646167264e+26,6.858515203791385e-41,0.0,2.802596928649634e-45,24271,226097,21,8,False,Right,Front,Right,Centre,73
<_io.BytesIO object at 0x0000020F022002C0>,1058953998,0.06117236986756325,0.7790495753288269,0.448863685131073,0.06663226336240768,0.31750258803367615,2.802596928649634e-45,1.064986832886861e-43,1.401298464324817e-45,-16882,226098,21,8,False,Right,Front,Right,Centre,73
<_io.BytesIO object at 0x0000020F02200130>,1073102546,-2.0408308105646994e+33,7.331568121214726e-18,0.5419648885726929,-5.174978396932812e-19,1.9070426646167264e+26,6.858515203791385e-41,0.0,2.802596928649634e-45,24582,226098,21,8,False,Right,Front,Right,Centre,73
<_io.BytesIO object at 0x0000020F020900E0>,1058954227,0.06117018684744835,0.7790758013725281,0.4492737948894501,0.06673155725002289,0.316782683134079,2.802596928649634e-45,1.064986832886861e-43,1.401298464324817e-45,-16882,226099,21,8,False,Right,Front,Right,Centre,73
<_io.BytesIO object at 0x0000020F02090900>,1073102546,-2.0408308105646994e+33,7.331568121214726e-18,0.5419648885726929,-5.174978396932812e-19,1.9070426646167264e+26,6.858515203791385e-41,0.0,2.802596928649634e-45,23669,226099,21,8,False,Right,Front,Right,Centre,73
<_io.BytesIO object at 0x0000020F0208E630>,1058954411,0.06116362288594246,0.7791067957878113,0.44974401593208313,0.06648290157318115,0.31610405445098877,2.802596928649634e-45,1.064986832886861e-43,1.401298464324817e-45,-16882,226100,21,8,False,Right,Front,Right,Centre,73
<_io.BytesIO object at 0x0000020F0208EC70>,1073102546,-2.0408308105646994e+33,7.331568121214726e-18,0.5419648885726929,-5.174978396932812e-19,1.9070426646167264e+26,6.858515203791385e-41,0.0,2.802596928649634e-45,23566,226100,21,8,False,Right,Front,Right,Centre,73
<_io.BytesIO object at 0x0000020F02076A40>,1058954806,0.061156921088695526,0.77913498878479,0.45021551847457886,0.06626822054386139,0.31546512246131897,2.802596928649634e-45,1.064986832886861e-43,1.401298464324817e-45,-16882,226101,21,8,False,Right,Front,Right,Centre,73
<_io.BytesIO object at 0x0000020F02076630>,1073102546,-2.0408308105646994e+33,7.331568121214726e-18,0.5419648885726929,-5.174978396932812e-19,1.9070426646167264e+26,6.858515203791385e-41,0.0,2.802596928649634e-45,23200,226101,21,8,False,Right,Front,Right,Centre,73
<_io.BytesIO object at 0x0000020F020E2680>,1058954867,0.06115226075053215,0.7791557312011719,0.4506710469722748,0.06630285084247589,0.31492555141448975,2.802596928649634e-45,1.064986832886861e-43,1.401298464324817e-45,-16882,226102,21,8,False,Right,Front,Right,Centre,73
<_io.BytesIO object at 0x0000020F020E2900>,1073102546,-2.0408308105646994e+33,7.331568121214726e-18,0.5419648885726929,-5.174978396932812e-19,1.9070426646167264e+26,6.858515203791385e-41,0.0,2.802596928649634e-45,22209,226102,21,8,False,Right,Front,Right,Centre,73
<_io.BytesIO object at 0x0000020F02070950>,1058954995,0.06114337220788002,0.7791841626167297,0.4513016939163208,0.06649462878704071,0.3144412338733673,2.802596928649634e-45,1.064986832886861e-43,1.401298464324817e-45,-16882,226103,21,8,False,Right,Front,Right,Centre,73
<_io.BytesIO object at 0x0000020F02070D10>,1073102546,-2.0408308105646994e+33,7.331568121214726e-18,0.5419648885726929,-5.174978396932812e-19,1.9070426646167264e+26,6.858515203791385e-41,0.0,2.802596928649634e-45,21116,226103,21,8,False,Right,Front,Right,Centre,73
<_io.BytesIO object at 0x0000020F0209FB80>,1058955006,0.06114305183291435,0.7792090177536011,0.4519293010234833,0.06670428067445755,0.3141186535358429,2.802596928649634e-45,1.064986832886861e-43,1.401298464324817e-45,-16882,226104,21,8,False,Right,Front,Right,Centre,73
<_io.BytesIO object at 0x0000020F0209FD10>,1073102546,-2.0408308105646994e+33,7.331568121214726e-18,0.5419648885726929,-5.174978396932812e-19,1.9070426646167264e+26,6.858515203791385e-41,0.0,2.802596928649634e-45,20368,226104,21,8,False,Right,Front,Right,Centre,73
<_io.BytesIO object at 0x0000020F02081130>,1058954908,0.061132751405239105,0.779232919216156,0.45259031653404236,0.0669642984867096,0.31392091512680054,2.802596928649634e-45,1.064986832886861e-43,1.401298464324817e-45,-16882,226105,21,8,False,Right,Front,Right,Centre,73
<_io.BytesIO object at 0x0000020F02081270>,1073102546,-2.0408308105646994e+33,7.331568121214726e-18,0.5419648885726929,-5.174978396932812e-19,1.9070426646167264e+26,6.858515203791385e-41,0.0,2.802596928649634e-45,19939,226105,21,8,False,Right,Front,Right,Centre,73
<_io.BytesIO object at 0x0000020F021A0D60>,1058954395,0.06111946329474449,0.779288113117218,0.4532950520515442,0.06726042181253433,0.3138728737831116,2.802596928649634e-45,1.064986832886861e-43,1.401298464324817e-45,-16882,226106,21,8,False,Right,Front,Right,Centre,73
<_io.BytesIO object at 0x0000020F021A0DB0>,1073102546,-2.0408308105646994e+33,7.331568121214726e-18,0.5419648885726929,-5.174978396932812e-19,1.9070426646167264e+26,6.858515203791385e-41,0.0,2.802596928649634e-45,19726,226106,21,8,False,Right,Front,Right,Centre,73
<_io.BytesIO object at 0x0000020F02200BD0>,1058954184,0.06110810860991478,0.779309868812561,0.4538845419883728,0.06755649298429489,0.313825786113739,2.802596928649634e-45,1.064986832886861e-43,1.401298464324817e-45,-16882,226107,21,8,False,Right,Front,Right,Centre,73
<_io.BytesIO object at 0x0000020F02200E50>,1073102546,-2.0408308105646994e+33,7.331568121214726e-18,0.5419648885726929,-5.174978396932812e-19,1.9070426646167264e+26,6.858515203791385e-41,0.0,2.802596928649634e-45,16994,226107,21,8,False,Right,Front,Right,Centre,73
<_io.BytesIO object at 0x0000020F0233BAE0>,1058953903,0.06110449507832527,0.7793236970901489,0.4543212354183197,0.06790518015623093,0.31382960081100464,2.802596928649634e-45,1.064986832886861e-43,1.401298464324817e-45,-16882,226108,21,8,False,Right,Front,Right,Centre,73
<_io.BytesIO object at 0x0000020F0233B4A0>,1073102546,-2.0408308105646994e+33,7.331568121214726e-18,0.5419648885726929,-5.174978396932812e-19,1.9070426646167264e+26,6.858515203791385e-41,0.0,2.802596928649634e-45,14561,226108,21,8,False,Right,Front,Right,Centre,73
<_io.BytesIO object at 0x0000020F020755E0>,1058953487,0.061101704835891724,0.7793493866920471,0.454546183347702,0.06813333928585052,0.31379133462905884,2.802596928649634e-45,1.064986832886861e-43,1.401298464324817e-45,-16882,226109,21,8,False,Right,Front,Right,Centre,73
<_io.BytesIO object at 0x0000020F02075BD0>,1073102546,-2.0408308105646994e+33,7.331568121214726e-18,0.5419648885726929,-5.174978396932812e-19,1.9070426646167264e+26,6.858515203791385e-41,0.0,2.802596928649634e-45,12681,226109,21,8,False,Right,Front,Right,Centre,73
<_io.BytesIO object at 0x0000020F02327C70>,1058953077,0.06108845770359039,0.7793576121330261,0.4546332061290741,0.06828561425209045,0.3137718737125397,2.802596928649634e-45,1.064986832886861e-43,1.401298464324817e-45,-16882,226110,21,8,False,Right,Front,Right,Centre,73
<_io.BytesIO object at 0x0000020F023272C0>,1073102546,-2.0408308105646994e+33,7.331568121214726e-18,0.5419648885726929,-5.174978396932812e-19,1.9070426646167264e+26,6.858515203791385e-41,0.0,2.802596928649634e-45,11229,226110,21,8,False,Right,Front,Right,Centre,73
<_io.BytesIO object at 0x0000020F0208D220>,1058951907,0.06109848991036415,0.7793686389923096,0.4546312391757965,0.06835747510194778,0.3137582540512085,2.802596928649634e-45,1.064986832886861e-43,1.401298464324817e-45,-16882,226111,21,8,False,Right,Front,Right,Centre,73
<_io.BytesIO object at 0x0000020F0208DC20>,1073102546,-2.0408308105646994e+33,7.331568121214726e-18,0.5419648885726929,-5.174978396932812e-19,1.9070426646167264e+26,6.858515203791385e-41,0.0,2.802596928649634e-45,7153,226111,21,8,False,Right,Front,Right,Centre,73
<_io.BytesIO object at 0x0000020F02327770>,1058951275,0.061083510518074036,0.7793819904327393,0.45456522703170776,0.06842091679573059,0.31376200914382935,2.802596928649634e-45,1.064986832886861e-43,1.401298464324817e-45,-16882,226112,21,8,False,Right,Front,Right,Centre,73
<_io.BytesIO object at 0x0000020F02327310>,1073102546,-2.0408308105646994e+33,7.331568121214726e-18,0.5419648885726929,-5.174978396932812e-19,1.9070426646167264e+26,6.858515203791385e-41,0.0,2.802596928649634e-45,4883,226112,21,8,False,Right,Front,Right,Centre,73
<_io.BytesIO object at 0x0000020F0208EAE0>,1058950607,0.06106778606772423,0.7793937921524048,0.454480916261673,0.068535715341568,0.31383249163627625,2.802596928649634e-45,1.064986832886861e-43,1.401298464324817e-45,-16882,226113,21,8,False,Right,Front,Right,Centre,73
<_io.BytesIO object at 0x0000020F0208E810>,1073102546,-2.0408308105646994e+33,7.331568121214726e-18,0.5419648885726929,-5.174978396932812e-19,1.9070426646167264e+26,6.858515203791385e-41,0.0,2.802596928649634e-45,2073,226113,21,8,False,Right,Front,Right,Centre,73
<_io.BytesIO object at 0x0000020F020608B0>,1058947824,0.06110590323805809,0.7795016765594482,0.45440474152565,0.06869126856327057,0.31395262479782104,2.802596928649634e-45,1.064986832886861e-43,1.401298464324817e-45,-16882,226114,21,8,False,Right,Front,Right,Centre,73
<_io.BytesIO object at 0x0000020F02090F90>,1073102546,-2.0408308105646994e+33,7.331568121214726e-18,0.5419648885726929,-5.174978396932812e-19,1.9070426646167264e+26,6.858515203791385e-41,0.0,2.802596928649634e-45,194,226114,21,8,False,Right,Front,Right,Centre,73
<_io.BytesIO object at 0x0000020F022002C0>,1058947125,0.061099983751773834,0.779518187046051,0.4543827474117279,0.06889309734106064,0.3141128718852997,2.802596928649634e-45,1.064986832886861e-43,1.401298464324817e-45,-16882,226115,21,8,False,Right,Front,Right,Centre,73
<_io.BytesIO object at 0x0000020F02200BD0>,1073102546,-2.0408308105646994e+33,7.331568121214726e-18,0.5419648885726929,-5.174978396932812e-19,1.9070426646167264e+26,6.858515203791385e-41,0.0,2.802596928649634e-45,-2604,226115,21,8,False,Right,Front,Right,Centre,73
<_io.BytesIO object at 0x0000020F0208D310>,1058946465,0.06109287962317467,0.7795241475105286,0.4543352723121643,0.06917833536863327,0.31433606147766113,2.802596928649634e-45,1.064986832886861e-43,1.401298464324817e-45,-16882,226116,21,8,False,Right,Front,Right,Centre,73
<_io.BytesIO object at 0x0000020F0208D360>,1073102546,-2.0408308105646994e+33,7.331568121214726e-18,0.5419648885726929,-5.174978396932812e-19,1.9070426646167264e+26,6.858515203791385e-41,0.0,2.802596928649634e-45,-4419,226116,21,8,False,Right,Front,Right,Centre,73
<_io.BytesIO object at 0x0000020F02076EA0>,1058944298,0.06103279069066048,0.7794734835624695,0.45430895686149597,0.06945160776376724,0.31454718112945557,2.802596928649634e-45,1.064986832886861e-43,1.401298464324817e-45,-16882,226117,21,8,False,Right,Front,Right,Centre,73
<_io.BytesIO object at 0x0000020F02076A90>,1073102546,-2.0408308105646994e+33,7.331568121214726e-18,0.5419648885726929,-5.174978396932812e-19,1.9070426646167264e+26,6.858515203791385e-41,0.0,2.802596928649634e-45,-4875,226117,21,8,False,Right,Front,Right,Centre,73
<_io.BytesIO object at 0x0000020F0233BD10>,1058943559,0.061033543199300766,0.7794737219810486,0.45430558919906616,0.06968894600868225,0.31475695967674255,2.802596928649634e-45,1.064986832886861e-43,1.401298464324817e-45,-16882,226118,21,8,False,Right,Front,Right,Centre,73
<_io.BytesIO object at 0x0000020F0233B450>,1073102546,-2.0408308105646994e+33,7.331568121214726e-18,0.5419648885726929,-5.174978396932812e-19,1.9070426646167264e+26,6.858515203791385e-41,0.0,2.802596928649634e-45,-5403,226118,21,8,False,Right,Front,Right,Centre,73
<_io.BytesIO object at 0x0000020F020700E0>,1058942766,0.06104498729109764,0.7794722318649292,0.4542441666126251,0.07004036754369736,0.31491246819496155,2.802596928649634e-45,1.064986832886861e-43,1.401298464324817e-45,-16882,226119,21,8,False,Right,Front,Right,Centre,73
<_io.BytesIO object at 0x0000020F02070B80>,1073102546,-2.0408308105646994e+33,7.331568121214726e-18,0.5419648885726929,-5.174978396932812e-19,1.9070426646167264e+26,6.858515203791385e-41,0.0,2.802596928649634e-45,-6513,226119,21,8,False,Right,Front,Right,Centre,73
<_io.BytesIO object at 0x0000020F02054AE0>,1058941818,0.06105576083064079,0.7794679403305054,0.4542407989501953,0.07035268843173981,0.3150886297225952,2.802596928649634e-45,1.064986832886861e-43,1.401298464324817e-45,-16882,226120,21,8,False,Right,Front,Right,Centre,73
<_io.BytesIO object at 0x0000020F02082630>,1073102546,-2.0408308105646994e+33,7.331568121214726e-18,0.5419648885726929,-5.174978396932812e-19,1.9070426646167264e+26,6.858515203791385e-41,0.0,2.802596928649634e-45,-6713,226120,21,8,False,Right,Front,Right,Centre,73
<_io.BytesIO object at 0x0000020F02327B30>,1058940937,0.06107284873723984,0.7794691920280457,0.4542447328567505,0.07073842734098434,0.3152582049369812,2.802596928649634e-45,1.064986832886861e-43,1.401298464324817e-45,-16882,226121,21,8,False,Right,Front,Right,Centre,73
<_io.BytesIO object at 0x0000020F02327C70>,1073102546,-2.0408308105646994e+33,7.331568121214726e-18,0.5419648885726929,-5.174978396932812e-19,1.9070426646167264e+26,6.858515203791385e-41,0.0,2.802596928649634e-45,-6007,226121,21,8,False,Right,Front,Right,Centre,73
<_io.BytesIO object at 0x0000020F02075D10>,1058940319,0.061110563576221466,0.7794837355613708,0.454221248626709,0.07116902619600296,0.3153958320617676,2.802596928649634e-45,1.064986832886861e-43,1.401298464324817e-45,-16882,226122,21,8,False,Right,Front,Right,Centre,73
<_io.BytesIO object at 0x0000020F02075400>,1073102546,-2.0408308105646994e+33,7.331568121214726e-18,0.5419648885726929,-5.174978396932812e-19,1.9070426646167264e+26,6.858515203791385e-41,0.0,2.802596928649634e-45,-5751,226122,21,8,False,Right,Front,Right,Centre,73
<_io.BytesIO object at 0x0000020F02060C20>,1058938597,0.06117209792137146,0.7794148325920105,0.45416581630706787,0.07156100869178772,0.3154033124446869,2.802596928649634e-45,1.064986832886861e-43,1.401298464324817e-45,-16882,226123,21,8,False,Right,Front,Right,Centre,73
<_io.BytesIO object at 0x0000020F02060E50>,1073102546,-2.0408308105646994e+33,7.331568121214726e-18,0.5419648885726929,-5.174978396932812e-19,1.9070426646167264e+26,6.858515203791385e-41,0.0,2.802596928649634e-45,-5380,226123,21,8,False,Right,Front,Right,Centre,73
<_io.BytesIO object at 0x0000020F021A01D0>,1058937390,0.06118723377585411,0.779405415058136,0.45400646328926086,0.07207503169775009,0.3153141736984253,2.802596928649634e-45,1.064986832886861e-43,1.401298464324817e-45,-16882,226124,21,8,False,Right,Front,Right,Centre,73
<_io.BytesIO object at 0x0000020F021A04A0>,1073102546,-2.0408308105646994e+33,7.331568121214726e-18,0.5419648885726929,-5.174978396932812e-19,1.9070426646167264e+26,6.858515203791385e-41,0.0,2.802596928649634e-45,-5245,226124,21,8,False,Right,Front,Right,Centre,73
<_io.BytesIO object at 0x0000020F020E20E0>,1058936161,0.06120392307639122,0.7793992161750793,0.45388373732566833,0.07261264324188232,0.3151387870311737,2.802596928649634e-45,1.064986832886861e-43,1.401298464324817e-45,-16882,226125,21,8,False,Right,Front,Right,Centre,73
<_io.BytesIO object at 0x0000020F020E2860>,1073102546,-2.0408308105646994e+33,7.331568121214726e-18,0.5419648885726929,-5.174978396932812e-19,1.9070426646167264e+26,6.858515203791385e-41,0.0,2.802596928649634e-45,-5008,226125,21,8,False,Right,Front,Right,Centre,73
<_io.BytesIO object at 0x0000020F021A0590>,1058934932,0.0612202025949955,0.7793939113616943,0.45369160175323486,0.07340589165687561,0.3147699236869812,2.802596928649634e-45,1.064986832886861e-43,1.401298464324817e-45,-16882,226126,21,8,False,Right,Front,Right,Centre,73
<_io.BytesIO object at 0x0000020F021A0950>,1073102546,-2.0408308105646994e+33,7.331568121214726e-18,0.5419648885726929,-5.174978396932812e-19,1.9070426646167264e+26,6.858515203791385e-41,0.0,2.802596928649634e-45,-3739,226126,21,8,False,Right,Front,Right,Centre,73
<_io.BytesIO object at 0x0000020F02060C20>,1058933842,0.06123938038945198,0.7793920040130615,0.4533422291278839,0.07462850958108902,0.3141774535179138,2.802596928649634e-45,1.064986832886861e-43,1.401298464324817e-45,-16882,226127,21,8,False,Right,Front,Right,Centre,73
<_io.BytesIO object at 0x0000020F020602C0>,1073102546,-2.0408308105646994e+33,7.331568121214726e-18,0.5419648885726929,-5.174978396932812e-19,1.9070426646167264e+26,6.858515203791385e-41,0.0,2.802596928649634e-45,-2432,226127,21,8,False,Right,Front,Right,Centre,73
<_io.BytesIO object at 0x0000020F02075D10>,1058932017,0.06119602173566818,0.7792929410934448,0.4530179500579834,0.07636354863643646,0.31354618072509766,2.802596928649634e-45,1.064986832886861e-43,1.401298464324817e-45,-16882,226128,21,8,False,Right,Front,Right,Centre,73
<_io.BytesIO object at 0x0000020F02075590>,1073102546,-2.0408308105646994e+33,7.331568121214726e-18,0.5419648885726929,-5.174978396932812e-19,1.9070426646167264e+26,6.858515203791385e-41,0.0,2.802596928649634e-45,-926,226128,21,8,False,Right,Front,Right,Centre,73
<_io.BytesIO object at 0x0000020F02327040>,1058930754,0.06121627241373062,0.7792885899543762,0.4526335895061493,0.07863598316907883,0.3127641975879669,2.802596928649634e-45,1.064986832886861e-43,1.401298464324817e-45,-16882,226129,21,8,False,Right,Front,Right,Centre,73
<_io.BytesIO object at 0x0000020F02327130>,1073102546,-2.0408308105646994e+33,7.331568121214726e-18,0.5419648885726929,-5.174978396932812e-19,1.9070426646167264e+26,6.858515203791385e-41,0.0,2.802596928649634e-45,748,226129,21,8,False,Right,Front,Right,Centre,73
<_io.BytesIO object at 0x0000020F020E2360>,1058928653,0.06126490235328674,0.7793542146682739,0.45232394337654114,0.08124661445617676,0.31195420026779175,2.802596928649634e-45,1.064986832886861e-43,1.401298464324817e-45,-16882,226130,21,8,False,Right,Front,Right,Centre,73
<_io.BytesIO object at 0x0000020F020E2270>,1073102546,-2.0408308105646994e+33,7.331568121214726e-18,0.5419648885726929,-5.174978396932812e-19,1.9070426646167264e+26,6.858515203791385e-41,0.0,2.802596928649634e-45,2528,226130,21,8,False,Right,Front,Right,Centre,73
<_io.BytesIO object at 0x0000020F0208E6D0>,1058927429,0.06127600371837616,0.7793421745300293,0.4521203637123108,0.084164559841156,0.31104305386543274,2.802596928649634e-45,1.064986832886861e-43,1.401298464324817e-45,-16882,226131,21,8,False,Right,Front,Right,Centre,73
<_io.BytesIO object at 0x0000020F0208E720>,1073102546,-2.0408308105646994e+33,7.331568121214726e-18,0.5419648885726929,-5.174978396932812e-19,1.9070426646167264e+26,6.858515203791385e-41,0.0,2.802596928649634e-45,3925,226131,21,8,False,Right,Front,Right,Centre,73
<_io.BytesIO object at 0x0000020F0209FCC0>,1058925145,0.06137304753065109,0.7793636322021484,0.45193934440612793,0.08744645118713379,0.30991804599761963,2.802596928649634e-45,1.064986832886861e-43,1.401298464324817e-45,-16882,226132,21,8,False,Right,Front,Right,Centre,73
<_io.BytesIO object at 0x0000020F0209F9F0>,1073102546,-2.0408308105646994e+33,7.331568121214726e-18,0.5419648885726929,-5.174978396932812e-19,1.9070426646167264e+26,6.858515203791385e-41,0.0,2.802596928649634e-45,3140,226132,21,8,False,Right,Front,Right,Centre,73
<_io.BytesIO object at 0x0000020F02076C20>,1058920824,0.061388351023197174,0.7793699502944946,0.451761931180954,0.09093357622623444,0.308487206697464,2.802596928649634e-45,1.064986832886861e-43,1.401298464324817e-45,-16882,226133,21,8,False,Right,Front,Right,Centre,73
<_io.BytesIO object at 0x0000020F02076F40>,1073102546,-2.0408308105646994e+33,7.331568121214726e-18,0.5419648885726929,-5.174978396932812e-19,1.9070426646167264e+26,6.858515203791385e-41,0.0,2.802596928649634e-45,5289,226133,21,8,False,Right,Front,Right,Centre,73
<_io.BytesIO object at 0x0000020F020905E0>,1058919134,0.06141071021556854,0.779369592666626,0.45161041617393494,0.09467954188585281,0.3067856431007385,2.802596928649634e-45,1.064986832886861e-43,1.401298464324817e-45,-16882,226134,21,8,False,Right,Front,Right,Centre,73
<_io.BytesIO object at 0x0000020F020903B0>,1073102546,-2.0408308105646994e+33,7.331568121214726e-18,0.5419648885726929,-5.174978396932812e-19,1.9070426646167264e+26,6.858515203791385e-41,0.0,2.802596928649634e-45,7316,226134,21,8,False,Right,Front,Right,Centre,73
<_io.BytesIO object at 0x0000020F021A0770>,1058917698,0.06142368167638779,0.779376745223999,0.4514424502849579,0.09866946935653687,0.3046678602695465,2.802596928649634e-45,1.064986832886861e-43,1.401298464324817e-45,-16882,226135,21,8,False,Right,Front,Right,Centre,73
<_io.BytesIO object at 0x0000020F021A0590>,1073102546,-2.0408308105646994e+33,7.331568121214726e-18,0.5419648885726929,-5.174978396932812e-19,1.9070426646167264e+26,6.858515203791385e-41,0.0,2.802596928649634e-45,7809,226135,21,8,False,Right,Front,Right,Centre,73
<_io.BytesIO object at 0x0000020F0233B9A0>,1058915580,0.061400964856147766,0.7793932557106018,0.4512827396392822,0.10285621136426926,0.30207985639572144,2.802596928649634e-45,1.064986832886861e-43,1.401298464324817e-45,-16882,226136,21,8,False,Right,Front,Right,Centre,73
<_io.BytesIO object at 0x0000020F0233BEF0>,1073102546,-2.0408308105646994e+33,7.331568121214726e-18,0.5419648885726929,-5.174978396932812e-19,1.9070426646167264e+26,6.858515203791385e-41,0.0,2.802596928649634e-45,10073,226136,21,8,False,Right,Front,Right,Centre,73
<_io.BytesIO object at 0x0000020F02070EA0>,1058913104,0.06133495643734932,0.7793371081352234,0.45108485221862793,0.10722875595092773,0.2990850508213043,2.802596928649634e-45,1.064986832886861e-43,1.401298464324817e-45,-16882,226137,21,8,False,Right,Front,Right,Centre,73
<_io.BytesIO object at 0x0000020F02070130>,1073102546,-2.0408308105646994e+33,7.331568121214726e-18,0.5419648885726929,-5.174978396932812e-19,1.9070426646167264e+26,6.858515203791385e-41,0.0,2.802596928649634e-45,11642,226137,21,8,False,Right,Front,Right,Centre,73
<_io.BytesIO object at 0x0000020F02081180>,1058911228,0.06136355549097061,0.7793501615524292,0.45062634348869324,0.11224520951509476,0.29527047276496887,2.802596928649634e-45,1.064986832886861e-43,1.401298464324817e-45,-16882,226138,21,8,False,Right,Front,Right,Centre,73
<_io.BytesIO object at 0x0000020F02081090>,1073102546,-2.0408308105646994e+33,7.331568121214726e-18,0.5419648885726929,-5.174978396932812e-19,1.9070426646167264e+26,6.858515203791385e-41,0.0,2.802596928649634e-45,12021,226138,21,8,False,Right,Front,Right,Centre,73
<_io.BytesIO object at 0x0000020F0208D3B0>,1058909399,0.061385925859212875,0.7793570160865784,0.45016995072364807,0.11644861102104187,0.291433721780777,2.802596928649634e-45,1.064986832886861e-43,1.401298464324817e-45,-16882,226139,21,8,False,Right,Front,Right,Centre,73
<_io.BytesIO object at 0x0000020F0208D450>,1073102546,-2.0408308105646994e+33,7.331568121214726e-18,0.5419648885726929,-5.174978396932812e-19,1.9070426646167264e+26,6.858515203791385e-41,0.0,2.802596928649634e-45,13993,226139,21,8,False,Right,Front,Right,Centre,73
<_io.BytesIO object at 0x0000020F02327680>,1058907083,0.061426930129528046,0.7793464064598083,0.45044031739234924,0.1207132488489151,0.2875373661518097,2.802596928649634e-45,1.064986832886861e-43,1.401298464324817e-45,-16882,226140,21,8,False,Right,Front,Right,Centre,73
<_io.BytesIO object at 0x0000020F02327810>,1073102546,-2.0408308105646994e+33,7.331568121214726e-18,0.5419648885726929,-5.174978396932812e-19,1.9070426646167264e+26,6.858515203791385e-41,0.0,2.802596928649634e-45,16424,226140,21,8,False,Right,Front,Right,Centre,73
<_io.BytesIO object at 0x0000020F020759F0>,1058904419,0.06151093915104866,0.7793505787849426,0.5161367654800415,0.1470683068037033,0.18439772725105286,2.802596928649634e-45,1.064986832886861e-43,1.401298464324817e-45,-16882,226141,21,8,False,Right,Front,Right,Centre,73
<_io.BytesIO object at 0x0000020F020750E0>,1073102546,-2.0408308105646994e+33,7.331568121214726e-18,0.5419648885726929,-5.174978396932812e-19,1.9070426646167264e+26,6.858515203791385e-41,0.0,2.802596928649634e-45,18850,226141,21,8,False,Right,Front,Right,Centre,73
<_io.BytesIO object at 0x0000020F020604F0>,1058902297,0.061528027057647705,0.779339611530304,0.5149248242378235,0.15149465203285217,0.17962779104709625,2.802596928649634e-45,1.064986832886861e-43,1.401298464324817e-45,-16882,226142,21,8,False,Right,Front,Right,Centre,73
<_io.BytesIO object at 0x0000020F02060A90>,1073102546,-2.0408308105646994e+33,7.331568121214726e-18,0.5419648885726929,-5.174978396932812e-19,1.9070426646167264e+26,6.858515203791385e-41,0.0,2.802596928649634e-45,21822,226142,21,8,False,Right,Front,Right,Centre,73
<_io.BytesIO object at 0x0000020F79FD50E0>,1058900066,0.061552029103040695,0.7793444991111755,0.5145130753517151,0.1554182767868042,0.17419366538524628,2.802596928649634e-45,1.064986832886861e-43,1.401298464324817e-45,-16882,226143,21,8,False,Right,Front,Right,Centre,73
<_io.BytesIO object at 0x0000020F79FD5310>,1073102546,-2.0408308105646994e+33,7.331568121214726e-18,0.5419648885726929,-5.174978396932812e-19,1.9070426646167264e+26,6.858515203791385e-41,0.0,2.802596928649634e-45,25709,226143,21,8,False,Right,Front,Right,Centre,73
<_io.BytesIO object at 0x0000020F020E2F40>,1058894892,0.06156967952847481,0.7793417572975159,0.5144023299217224,0.1591120809316635,0.16848064959049225,2.802596928649634e-45,1.064986832886861e-43,1.401298464324817e-45,-16882,226144,21,8,False,Right,Front,Right,Centre,73
<_io.BytesIO object at 0x0000020F020E2040>,1073102546,-2.0408308105646994e+33,7.331568121214726e-18,0.5419648885726929,-5.174978396932812e-19,1.9070426646167264e+26,6.858515203791385e-41,0.0,2.802596928649634e-45,29552,226144,21,8,False,Right,Front,Right,Centre,73
<_io.BytesIO object at 0x0000020F021A0040>,1058892169,0.061577338725328445,0.7793028950691223,0.5122271180152893,0.16432413458824158,0.1611185073852539,2.802596928649634e-45,1.064986832886861e-43,1.401298464324817e-45,-16882,226145,21,8,False,Right,Front,Right,Centre,73
<_io.BytesIO object at 0x0000020F021A0770>,1073102546,-2.0408308105646994e+33,7.331568121214726e-18,0.5419648885726929,-5.174978396932812e-19,1.9070426646167264e+26,6.858515203791385e-41,0.0,2.802596928649634e-45,30552,226145,21,8,False,Right,Front,Right,Centre,73
<_io.BytesIO object at 0x0000020F0233BE00>,1058889149,0.06160293146967888,0.7792911529541016,0.5126557946205139,0.16722840070724487,0.15525048971176147,0.47557610273361206,0.1778285950422287,0.1714123636484146,2,226146,21,8,False,Right,Front,Right,Centre,73
<_io.BytesIO object at 0x0000020F0233B2C0>,4980736,9.183549615799121e-41,-0.138671875,1.9237921237945557,-2.0408308105646994e+33,7.331568121214726e-18,0.5419648885726929,-5.174978396932812e-19,1.9070426646167264e+26,-16592,226146,21,8,False,Right,Front,Right,Centre,73
<_io.BytesIO object at 0x0000020F0233BEF0>,0,1.8367099231598242e-40,-8.338663051145602e-38,-2.7680709979928577e-18,-319.4826354980469,nan,-1.5802873676307172e-08,2.604801320317616e+19,-1.314209045806665e-27,-16568,226146,21,8,False,Right,Front,Right,Centre,73
<_io.BytesIO object at 0x0000020F02070220>,1058886159,0.061565738171339035,0.7791979908943176,0.5122628808021545,0.17080608010292053,0.14844056963920593,0.47513115406036377,0.18094971776008606,0.16473053395748138,2,226147,21,8,False,Right,Front,Right,Centre,73
<_io.BytesIO object at 0x0000020F02070900>,4980736,9.183549615799121e-41,-0.138671875,1.9237921237945557,-2.0408308105646994e+33,7.331568121214726e-18,0.5419648885726929,-5.174978396932812e-19,1.9070426646167264e+26,-16592,226147,21,8,False,Right,Front,Right,Centre,73
<_io.BytesIO object at 0x0000020F02070540>,0,1.8367099231598242e-40,-1.7303276844104072e-35,9.825106881829078e-34,2.1053547604701348e+18,5.4163942877494264e-06,-1.2031801472018114e-14,7.665066499244671e-17,-1.6427613072583312e-28,-16568,226147,21,8,False,Right,Front,Right,Centre,73
<_io.BytesIO object at 0x0000020F020819A0>,1058883925,0.0615871325135231,0.7791891098022461,0.5117480158805847,0.1743420958518982,0.14117924869060516,0.4745063781738281,0.18399564921855927,0.1576613336801529,2,226148,21,8,False,Right,Front,Right,Centre,73
<_io.BytesIO object at 0x0000020F02081680>,4980736,9.183549615799121e-41,-0.138671875,1.9237921237945557,-2.0408308105646994e+33,7.331568121214726e-18,0.5419648885726929,-5.174978396932812e-19,1.9070426646167264e+26,-16592,226148,21,8,False,Right,Front,Right,Centre,73
<_io.BytesIO object at 0x0000020F02081810>,0,1.8367099231598242e-40,-2.6595559687354255e-37,-3.640071073542843e-26,-1.1905071287401216e+34,2.8163719660874073e-35,-5.889235852593122e-16,-4.527436639766213e+23,-3.3572393996761374e-12,-16568,226148,21,8,False,Right,Front,Right,Centre,73
<_io.BytesIO object at 0x0000020F0208E630>,1058881663,0.061613526195287704,0.7791802883148193,0.511164665222168,0.17768332362174988,0.13368836045265198,0.4736451208591461,0.18703366816043854,0.15031830966472626,2,226149,21,8,False,Right,Front,Right,Centre,73
<_io.BytesIO object at 0x0000020F02327770>,4980736,9.183549615799121e-41,-0.138671875,1.9237921237945557,-2.0408308105646994e+33,7.331568121214726e-18,0.5419648885726929,-5.174978396932812e-19,1.9070426646167264e+26,-16592,226149,21,8,False,Right,Front,Right,Centre,73
<_io.BytesIO object at 0x0000020F0208E450>,0,1.8367099231598242e-40,-1.5061021369910559e-37,-1.0812833027402006e+36,-6.033339671923127e-30,9.059279550374823e-30,-1.239747360631772e-37,776291287040.0,-2090816256.0,-16568,226149,21,8,False,Right,Front,Right,Centre,73
<_io.BytesIO object at 0x0000020F0209FEF0>,1058878788,0.061619579792022705,0.7791895866394043,0.5105711817741394,0.18088333308696747,0.12591026723384857,0.47329139709472656,0.18952162563800812,0.1427612006664276,2,226150,21,8,False,Right,Front,Right,Centre,73
<_io.BytesIO object at 0x0000020F0209F950>,4980736,9.183549615799121e-41,-0.138671875,1.9237921237945557,-2.0408308105646994e+33,7.331568121214726e-18,0.5419648885726929,-5.174978396932812e-19,1.9070426646167264e+26,-16592,226150,21,8,False,Right,Front,Right,Centre,73
<_io.BytesIO object at 0x0000020F0209F1D0>,0,1.8367099231598242e-40,-1.9689530376273316e-37,468936407646208.0,4.310117585671915e-27,3.2568395646104167e-16,0.3061438798904419,6.515224724727889e+22,2.1369989377368455e-35,-16567,226150,21,8,False,Right,Front,Right,Centre,73
<_io.BytesIO object at 0x0000020F02200900>,1058874255,0.06163688749074936,0.7791281342506409,0.5099744200706482,0.18396040797233582,0.1177772507071495,0.4728487432003021,0.1918019950389862,0.13500875234603882,-8027,226151,21,8,False,Right,Front,Right,Centre,73
<_io.BytesIO object at 0x0000020F02200E50>,3673767689,-136441.359375,2.0602730801582055e-40,6.979497708007332e-39,9.183549615799121e-41,-0.138671875,1.9237921237945557,-2.0408308105646994e+33,7.331568121214726e-18,-16842,226151,21,8,False,Right,Front,Right,Centre,73
<_io.BytesIO object at 0x0000020F022003B0>,3171434250,-0.7016768455505371,-0.689134418964386,0.0,1.8367099231598242e-40,5.005374171627574e+36,-0.00923142023384571,-9.171007214375086e-23,1.9639015590655617e-05,-16668,226151,21,8,False,Right,Front,Right,Centre,73
<_io.BytesIO object at 0x0000020F02200540>,3197180082,0.32193347811698914,-0.78572678565979,0.004029787611216307,1.401298464324817e-45,0.0,0.0,0.0,8.265194654219209e-40,0,226151,21,8,False,Right,Front,Right,Centre,73
<_io.BytesIO object at 0x0000020F021A03B0>,1058871830,0.06165990233421326,0.7791278958320618,0.5094019770622253,0.18638725578784943,0.10960198193788528,0.47240450978279114,0.19392631947994232,0.1270095258951187,-13662,226152,21,8,False,Right,Front,Right,Centre,73
<_io.BytesIO object at 0x0000020F021A0D10>,1168850697,4.754087229133783e-17,2.0601609762810596e-40,6.979497708007332e-39,9.183549615799121e-41,-0.138671875,1.9237921237945557,-2.0408308105646994e+33,7.331568121214726e-18,-16842,226152,21,8,False,Right,Front,Right,Centre,73
<_io.BytesIO object at 0x0000020F021A04F0>,3171434250,-0.7016768455505371,-0.689134418964386,0.0,1.8367099231598242e-40,2.614529362970723e+30,2.06054652507337e-11,1.1700983606512116e-13,6.943586437151002e+25,-16668,226152,21,8,False,Right,Front,Right,Centre,73
<_io.BytesIO object at 0x0000020F021A0540>,3197173208,0.3223525583744049,-0.7854090332984924,0.003991131670773029,1.401298464324817e-45,0.0,0.0,0.0,8.265194654219209e-40,0,226152,21,8,False,Right,Front,Right,Centre,73
<_io.BytesIO object at 0x0000020F02076180>,1058868339,0.06174393370747566,0.7791734933853149,0.5089078545570374,0.18861135840415955,0.10122948884963989,0.4719034731388092,0.19584909081459045,0.11891840398311615,-15767,226153,21,8,False,Right,Front,Right,Centre,73
<_io.BytesIO object at 0x0000020F02076630>,983842569,8.833177245204382e-11,2.0600348594192703e-40,6.979497708007332e-39,9.183549615799121e-41,-0.138671875,1.9237921237945557,-2.0408308105646994e+33,7.331568121214726e-18,-16842,226153,21,8,False,Right,Front,Right,Centre,73
<_io.BytesIO object at 0x0000020F02076770>,3171434250,-0.7016768455505371,-0.689134418964386,0.0,1.8367099231598242e-40,4.0582836962161014e+21,-731164629270528.0,-2.9651056680571726e-17,-16863.23046875,-16668,226153,21,8,False,Right,Front,Right,Centre,73
<_io.BytesIO object at 0x0000020F02076090>,3197147129,0.3240317404270172,-0.7845980525016785,0.00397099694237113,1.401298464324817e-45,0.0,0.0,0.0,8.265194654219209e-40,0,226153,21,8,False,Right,Front,Right,Centre,73
<_io.BytesIO object at 0x0000020F02090310>,1058864914,0.06182634085416794,0.7791998386383057,2.802596928649634e-45,1.064986832886861e-43,1.401298464324817e-45,0.4845866560935974,0.18672434985637665,0.13970065116882324,-16037,226154,21,8,False,Right,Front,Right,Centre,73
<_io.BytesIO object at 0x0000020F020609F0>,1058862771,0.06183309108018875,0.7792015075683594,2.802596928649634e-45,1.064986832886861e-43,1.401298464324817e-45,0.4846104681491852,0.188166543841362,0.13135266304016113,-32164,226155,21,8,False,Right,Front,Right,Centre,73
