_io,pos_x,pos_y,pos_z,frame,trial_num,block_num,practicing,left_right_hand,palm_back_hand,target_loc,distractor_loc,participant_id
<_io.BytesIO object at 0x0000014EB8F5FEF0>,0.2668554186820984,0.09312549978494644,-0.07674422860145569,210698,55,4,False,Left,Front,Left,Centre,50
_io,pos_x,pos_y,pos_z,frame,trial_num,block_num,practicing,left_right_hand,palm_back_hand,target_loc,distractor_loc,participant_id
<_io.BytesIO object at 0x0000014EB8F5F0E0>,0.2685220539569855,0.041041046380996704,0.006568934768438339,210698,55,4,False,Left,Front,Left,Centre,50
_io,pos_x,pos_y,pos_z,frame,trial_num,block_num,practicing,left_right_hand,palm_back_hand,target_loc,distractor_loc,participant_id
<_io.BytesIO object at 0x0000014EB8F5F4F0>,0.22981426119804382,0.10854144394397736,-0.05139889195561409,210698,55,4,False,Left,Front,Left,Centre,50
_io,pos_x,pos_y,pos_z,frame,trial_num,block_num,practicing,left_right_hand,palm_back_hand,target_loc,distractor_loc,participant_id
<_io.BytesIO object at 0x0000014EB8F5F680>,0.194795623421669,0.0725642517209053,-0.06803229451179504,210698,55,4,False,Left,Front,Left,Centre,50
_io,pos_x,pos_y,pos_z,frame,trial_num,block_num,practicing,left_right_hand,palm_back_hand,target_loc,distractor_loc,participant_id
<_io.BytesIO object at 0x0000014EB8F5FC20>,0.17931509017944336,0.037595394998788834,-0.03241930156946182,210698,55,4,False,Left,Front,Left,Centre,50
_io,pos_x,pos_y,pos_z,frame,trial_num,block_num,practicing,left_right_hand,palm_back_hand,target_loc,distractor_loc,participant_id
<_io.BytesIO object at 0x0000014EB8F5F5E0>,0.5234358310699463,0.08063923567533493,0.233243927359581,210698,55,4,False,Left,Front,Left,Centre,50
_io,pos_x,pos_y,pos_z,frame,trial_num,block_num,practicing,left_right_hand,palm_back_hand,target_loc,distractor_loc,participant_id
<_io.BytesIO object at 0x0000014EB8F5FF90>,0.494159072637558,0.14623519778251648,0.3191729784011841,210698,55,4,False,Left,Front,Left,Centre,50
_io,pos_x,pos_y,pos_z,frame,trial_num,block_num,practicing,left_right_hand,palm_back_hand,target_loc,distractor_loc,participant_id
<_io.BytesIO object at 0x0000014EBBCBDE50>,0.5068265795707703,0.15525667369365692,0.22680416703224182,210698,55,4,False,Left,Front,Left,Centre,50
_io,pos_x,pos_y,pos_z,frame,trial_num,block_num,practicing,left_right_hand,palm_back_hand,target_loc,distractor_loc,participant_id
<_io.BytesIO object at 0x0000014EBBCBD180>,0.5410507917404175,0.1219787523150444,0.2366405576467514,210698,55,4,False,Left,Front,Left,Centre,50
_io,pos_x,pos_y,pos_z,frame,trial_num,block_num,practicing,left_right_hand,palm_back_hand,target_loc,distractor_loc,participant_id
<_io.BytesIO object at 0x0000014EBBCBD680>,0.512707531452179,0.05468113347887993,0.2871730327606201,210698,55,4,False,Left,Front,Left,Centre,50
<_io.BytesIO object at 0x0000014EB8F5F270>,0.26673614978790283,0.09292196482419968,-0.07710587233304977,210699,55,4,False,Left,Front,Left,Centre,50
<_io.BytesIO object at 0x0000014EB8F5F090>,0.26851335167884827,0.04095134884119034,0.006373043637722731,210699,55,4,False,Left,Front,Left,Centre,50
<_io.BytesIO object at 0x0000014EB8F29A90>,0.22979243099689484,0.1084304004907608,-0.05161566659808159,210699,55,4,False,Left,Front,Left,Centre,50
<_io.BytesIO object at 0x0000014EB8F29310>,0.19467954337596893,0.0725519061088562,-0.0681210458278656,210699,55,4,False,Left,Front,Left,Centre,50
<_io.BytesIO object at 0x0000014EB8F29B80>,0.17903108894824982,0.03787122294306755,-0.03225459158420563,210699,55,4,False,Left,Front,Left,Centre,50
<_io.BytesIO object at 0x0000014EB8F29360>,0.5234358310699463,0.08063923567533493,0.233243927359581,210699,55,4,False,Left,Front,Left,Centre,50
<_io.BytesIO object at 0x0000014EB8F296D0>,0.494159072637558,0.14623519778251648,0.3191729784011841,210699,55,4,False,Left,Front,Left,Centre,50
<_io.BytesIO object at 0x0000014EB8F29950>,0.5068265795707703,0.15525667369365692,0.22680416703224182,210699,55,4,False,Left,Front,Left,Centre,50
<_io.BytesIO object at 0x0000014EBBD6E2C0>,0.5410507917404175,0.1219787523150444,0.2366405576467514,210699,55,4,False,Left,Front,Left,Centre,50
<_io.BytesIO object at 0x0000014EBBD6E220>,0.512707531452179,0.05468113347887993,0.2871730327606201,210699,55,4,False,Left,Front,Left,Centre,50
<_io.BytesIO object at 0x0000014EB8F5F720>,0.26665377616882324,0.09275951236486435,-0.0773676261305809,210700,55,4,False,Left,Front,Left,Centre,50
<_io.BytesIO object at 0x0000014EB8F5F950>,0.2685011327266693,0.04086820408701897,0.006176787428557873,210700,55,4,False,Left,Front,Left,Centre,50
<_io.BytesIO object at 0x0000014EB8F5F9A0>,0.22971884906291962,0.10831309854984283,-0.05182899162173271,210700,55,4,False,Left,Front,Left,Centre,50
<_io.BytesIO object at 0x0000014EB8F5F040>,0.19455477595329285,0.07256247103214264,-0.068205825984478,210700,55,4,False,Left,Front,Left,Centre,50
<_io.BytesIO object at 0x0000014EBBCBD950>,0.17884695529937744,0.03791646659374237,-0.03219485655426979,210700,55,4,False,Left,Front,Left,Centre,50
<_io.BytesIO object at 0x0000014EBBCBD3B0>,0.5234358310699463,0.08063923567533493,0.233243927359581,210700,55,4,False,Left,Front,Left,Centre,50
<_io.BytesIO object at 0x0000014EBBCBD810>,0.494159072637558,0.14623519778251648,0.3191729784011841,210700,55,4,False,Left,Front,Left,Centre,50
<_io.BytesIO object at 0x0000014EBBCBDDB0>,0.5068265795707703,0.15525667369365692,0.22680416703224182,210700,55,4,False,Left,Front,Left,Centre,50
<_io.BytesIO object at 0x0000014EBBCBD130>,0.5410507917404175,0.1219787523150444,0.2366405576467514,210700,55,4,False,Left,Front,Left,Centre,50
<_io.BytesIO object at 0x0000014EBBD6ED10>,0.512707531452179,0.05468113347887993,0.2871730327606201,210700,55,4,False,Left,Front,Left,Centre,50
<_io.BytesIO object at 0x0000014EB8F5FA90>,0.2665581703186035,0.09259730577468872,-0.07761769741773605,210701,55,4,False,Left,Front,Left,Centre,50
<_io.BytesIO object at 0x0000014EB8F5F270>,0.26848164200782776,0.04076428711414337,0.005962990690022707,210701,55,4,False,Left,Front,Left,Centre,50
<_io.BytesIO object at 0x0000014EB8F5FB30>,0.22968317568302155,0.10820044577121735,-0.0519995242357254,210701,55,4,False,Left,Front,Left,Centre,50
<_io.BytesIO object at 0x0000014EB8F5F590>,0.19445499777793884,0.07256321609020233,-0.06832322478294373,210701,55,4,False,Left,Front,Left,Centre,50
<_io.BytesIO object at 0x0000014EB8F5FB80>,0.17878024280071259,0.037906114012002945,-0.03231138736009598,210701,55,4,False,Left,Front,Left,Centre,50
<_io.BytesIO object at 0x0000014EB8F5F2C0>,0.5234358310699463,0.08063923567533493,0.233243927359581,210701,55,4,False,Left,Front,Left,Centre,50
<_io.BytesIO object at 0x0000014EB8F5F040>,0.494159072637558,0.14623519778251648,0.3191729784011841,210701,55,4,False,Left,Front,Left,Centre,50
<_io.BytesIO object at 0x0000014EBBCBDB80>,0.5068265795707703,0.15525667369365692,0.22680416703224182,210701,55,4,False,Left,Front,Left,Centre,50
<_io.BytesIO object at 0x0000014EBBCBD5E0>,0.5410507917404175,0.1219787523150444,0.2366405576467514,210701,55,4,False,Left,Front,Left,Centre,50
<_io.BytesIO object at 0x0000014EBBCBDEA0>,0.512707531452179,0.05468113347887993,0.2871730327606201,210701,55,4,False,Left,Front,Left,Centre,50
<_io.BytesIO object at 0x0000014EBBCBD400>,0.26645705103874207,0.09242326021194458,-0.07793908566236496,210702,55,4,False,Left,Front,Left,Centre,50
<_io.BytesIO object at 0x0000014EB8F5FEF0>,0.26839759945869446,0.040563952177762985,0.0055309440940618515,210702,55,4,False,Left,Front,Left,Centre,50
<_io.BytesIO object at 0x0000014EB8F5FA40>,0.22972142696380615,0.10801772773265839,-0.0522477813065052,210702,55,4,False,Left,Front,Left,Centre,50
<_io.BytesIO object at 0x0000014EB8F5F450>,0.194310262799263,0.07258331030607224,-0.06848471611738205,210702,55,4,False,Left,Front,Left,Centre,50
<_io.BytesIO object at 0x0000014EB8F5F900>,0.17870640754699707,0.03790736570954323,-0.03241162747144699,210702,55,4,False,Left,Front,Left,Centre,50
<_io.BytesIO object at 0x0000014EB8F5F360>,0.5234358310699463,0.08063923567533493,0.233243927359581,210702,55,4,False,Left,Front,Left,Centre,50
<_io.BytesIO object at 0x0000014EB8F29C20>,0.494159072637558,0.14623519778251648,0.3191729784011841,210702,55,4,False,Left,Front,Left,Centre,50
<_io.BytesIO object at 0x0000014EB8F29810>,0.5068265795707703,0.15525667369365692,0.22680416703224182,210702,55,4,False,Left,Front,Left,Centre,50
<_io.BytesIO object at 0x0000014EB8F293B0>,0.5410507917404175,0.1219787523150444,0.2366405576467514,210702,55,4,False,Left,Front,Left,Centre,50
<_io.BytesIO object at 0x0000014EB8F290E0>,0.512707531452179,0.05468113347887993,0.2871730327606201,210702,55,4,False,Left,Front,Left,Centre,50
<_io.BytesIO object at 0x0000014EB8F5F2C0>,0.2663010358810425,0.09224250167608261,-0.07833021879196167,210703,55,4,False,Left,Front,Left,Centre,50
<_io.BytesIO object at 0x0000014EB8F5F360>,0.2683870196342468,0.04046296700835228,0.00530605111271143,210703,55,4,False,Left,Front,Left,Centre,50
<_io.BytesIO object at 0x0000014EBBCBD590>,0.2297670692205429,0.10808919370174408,-0.05244435369968414,210703,55,4,False,Left,Front,Left,Centre,50
<_io.BytesIO object at 0x0000014EBBCBD950>,0.19420567154884338,0.07260337471961975,-0.06859267503023148,210703,55,4,False,Left,Front,Left,Centre,50
<_io.BytesIO object at 0x0000014EBBCBD450>,0.1786099225282669,0.03789353370666504,-0.03250895068049431,210703,55,4,False,Left,Front,Left,Centre,50
<_io.BytesIO object at 0x0000014EBBCBD180>,0.5234358310699463,0.08063923567533493,0.233243927359581,210703,55,4,False,Left,Front,Left,Centre,50
<_io.BytesIO object at 0x0000014EB8F29590>,0.494159072637558,0.14623519778251648,0.3191729784011841,210703,55,4,False,Left,Front,Left,Centre,50
<_io.BytesIO object at 0x0000014EB8F29B80>,0.5068265795707703,0.15525667369365692,0.22680416703224182,210703,55,4,False,Left,Front,Left,Centre,50
<_io.BytesIO object at 0x0000014EB8F29770>,0.5410507917404175,0.1219787523150444,0.2366405576467514,210703,55,4,False,Left,Front,Left,Centre,50
<_io.BytesIO object at 0x0000014EB8F29540>,0.512707531452179,0.05468113347887993,0.2871730327606201,210703,55,4,False,Left,Front,Left,Centre,50
<_io.BytesIO object at 0x0000014EBBCBDF40>,0.2662732005119324,0.09211453050374985,-0.07851279526948929,210704,55,4,False,Left,Front,Left,Centre,50
<_io.BytesIO object at 0x0000014EB8F5FAE0>,0.26837143301963806,0.040355801582336426,0.005088243633508682,210704,55,4,False,Left,Front,Left,Centre,50
<_io.BytesIO object at 0x0000014EB8F5FF90>,0.2298300415277481,0.10805299878120422,-0.052638132125139236,210704,55,4,False,Left,Front,Left,Centre,50
<_io.BytesIO object at 0x0000014EB8F5F4A0>,0.1940452754497528,0.0726722851395607,-0.06866198033094406,210704,55,4,False,Left,Front,Left,Centre,50
<_io.BytesIO object at 0x0000014EB8F5F5E0>,0.1785145103931427,0.037975989282131195,-0.03263296186923981,210704,55,4,False,Left,Front,Left,Centre,50
<_io.BytesIO object at 0x0000014EB8F5F040>,0.5234358310699463,0.08063923567533493,0.233243927359581,210704,55,4,False,Left,Front,Left,Centre,50
<_io.BytesIO object at 0x0000014EB8F29C70>,0.494159072637558,0.14623519778251648,0.3191729784011841,210704,55,4,False,Left,Front,Left,Centre,50
<_io.BytesIO object at 0x0000014EB8F29E00>,0.5068265795707703,0.15525667369365692,0.22680416703224182,210704,55,4,False,Left,Front,Left,Centre,50
<_io.BytesIO object at 0x0000014EB8F29A90>,0.5410507917404175,0.1219787523150444,0.2366405576467514,210704,55,4,False,Left,Front,Left,Centre,50
<_io.BytesIO object at 0x0000014EB8F294A0>,0.512707531452179,0.05468113347887993,0.2871730327606201,210704,55,4,False,Left,Front,Left,Centre,50
<_io.BytesIO object at 0x0000014EB8F5F2C0>,0.26607078313827515,0.09194205701351166,-0.07886317372322083,210705,55,4,False,Left,Front,Left,Centre,50
<_io.BytesIO object at 0x0000014EB8F5F3B0>,0.26836714148521423,0.04021994397044182,0.0048655192367732525,210705,55,4,False,Left,Front,Left,Centre,50
<_io.BytesIO object at 0x0000014EBBCBD220>,0.22982826828956604,0.1080181673169136,-0.05279598757624626,210705,55,4,False,Left,Front,Left,Centre,50
<_io.BytesIO object at 0x0000014EBBCBD7C0>,0.1939692199230194,0.07258251309394836,-0.06876600533723831,210705,55,4,False,Left,Front,Left,Centre,50
<_io.BytesIO object at 0x0000014EBBCBD9A0>,0.178419828414917,0.03801320493221283,-0.03269556909799576,210705,55,4,False,Left,Front,Left,Centre,50
<_io.BytesIO object at 0x0000014EBBCBDB80>,0.5234358310699463,0.08063923567533493,0.233243927359581,210705,55,4,False,Left,Front,Left,Centre,50
<_io.BytesIO object at 0x0000014EB8F292C0>,0.494159072637558,0.14623519778251648,0.3191729784011841,210705,55,4,False,Left,Front,Left,Centre,50
<_io.BytesIO object at 0x0000014EB8F29220>,0.5068265795707703,0.15525667369365692,0.22680416703224182,210705,55,4,False,Left,Front,Left,Centre,50
<_io.BytesIO object at 0x0000014EB8F29810>,0.5410507917404175,0.1219787523150444,0.2366405576467514,210705,55,4,False,Left,Front,Left,Centre,50
<_io.BytesIO object at 0x0000014EB8F29090>,0.512707531452179,0.05468113347887993,0.2871730327606201,210705,55,4,False,Left,Front,Left,Centre,50
<_io.BytesIO object at 0x0000014EB8F5FC70>,0.26613932847976685,0.09191971272230148,-0.07903967797756195,210706,55,4,False,Left,Front,Left,Centre,50
<_io.BytesIO object at 0x0000014EB8F5F400>,0.26827919483184814,0.04005321487784386,0.004608835559338331,210706,55,4,False,Left,Front,Left,Centre,50
<_io.BytesIO object at 0x0000014EB8F5FD60>,0.22982986271381378,0.10799477249383926,-0.05294498801231384,210706,55,4,False,Left,Front,Left,Centre,50
<_io.BytesIO object at 0x0000014EB8F5F130>,0.19386252760887146,0.07264333218336105,-0.06882874667644501,210706,55,4,False,Left,Front,Left,Centre,50
<_io.BytesIO object at 0x0000014EB8F5F9A0>,0.17831802368164062,0.038031093776226044,-0.03277416527271271,210706,55,4,False,Left,Front,Left,Centre,50
<_io.BytesIO object at 0x0000014EB8F5F950>,0.5234358310699463,0.08063923567533493,0.233243927359581,210706,55,4,False,Left,Front,Left,Centre,50
<_io.BytesIO object at 0x0000014EB8F5FB30>,0.494159072637558,0.14623519778251648,0.3191729784011841,210706,55,4,False,Left,Front,Left,Centre,50
<_io.BytesIO object at 0x0000014EBBCBDF40>,0.5068265795707703,0.15525667369365692,0.22680416703224182,210706,55,4,False,Left,Front,Left,Centre,50
<_io.BytesIO object at 0x0000014EBBCBD400>,0.5410507917404175,0.1219787523150444,0.2366405576467514,210706,55,4,False,Left,Front,Left,Centre,50
<_io.BytesIO object at 0x0000014EBBCBDBD0>,0.512707531452179,0.05468113347887993,0.2871730327606201,210706,55,4,False,Left,Front,Left,Centre,50
<_io.BytesIO object at 0x0000014EB8F5F9F0>,0.26606786251068115,0.09183809906244278,-0.07921025902032852,210707,55,4,False,Left,Front,Left,Centre,50
<_io.BytesIO object at 0x0000014EB8F5FF90>,0.26827472448349,0.0399637334048748,0.004433508031070232,210707,55,4,False,Left,Front,Left,Centre,50
<_io.BytesIO object at 0x0000014EB8F29770>,0.22983963787555695,0.10799868404865265,-0.05311093106865883,210707,55,4,False,Left,Front,Left,Centre,50
<_io.BytesIO object at 0x0000014EB8F29BD0>,0.1937500387430191,0.07271221280097961,-0.06886167079210281,210707,55,4,False,Left,Front,Left,Centre,50
<_io.BytesIO object at 0x0000014EB8F29AE0>,0.1782413125038147,0.03809400647878647,-0.032801806926727295,210707,55,4,False,Left,Front,Left,Centre,50
<_io.BytesIO object at 0x0000014EB8F29C20>,0.5234358310699463,0.08063923567533493,0.233243927359581,210707,55,4,False,Left,Front,Left,Centre,50
<_io.BytesIO object at 0x0000014EB8F294A0>,0.494159072637558,0.14623519778251648,0.3191729784011841,210707,55,4,False,Left,Front,Left,Centre,50
<_io.BytesIO object at 0x0000014EB8F29860>,0.5068265795707703,0.15525667369365692,0.22680416703224182,210707,55,4,False,Left,Front,Left,Centre,50
<_io.BytesIO object at 0x0000014EBBD6E9F0>,0.5410507917404175,0.1219787523150444,0.2366405576467514,210707,55,4,False,Left,Front,Left,Centre,50
<_io.BytesIO object at 0x0000014EBBD6E220>,0.512707531452179,0.05468113347887993,0.2871730327606201,210707,55,4,False,Left,Front,Left,Centre,50
<_io.BytesIO object at 0x0000014EB8F29F40>,0.26599186658859253,0.09175129234790802,-0.07939115911722183,210708,55,4,False,Left,Front,Left,Centre,50
<_io.BytesIO object at 0x0000014EB8F295E0>,0.2682928740978241,0.03986889496445656,0.004242143593728542,210708,55,4,False,Left,Front,Left,Centre,50
<_io.BytesIO object at 0x0000014EB8F5F720>,0.22983232140541077,0.10800927132368088,-0.05324377492070198,210708,55,4,False,Left,Front,Left,Centre,50
<_io.BytesIO object at 0x0000014EB8F5F590>,0.19364015758037567,0.07279524207115173,-0.0688861608505249,210708,55,4,False,Left,Front,Left,Centre,50
<_io.BytesIO object at 0x0000014EB8F5F4F0>,0.17815613746643066,0.03814209997653961,-0.03281576931476593,210708,55,4,False,Left,Front,Left,Centre,50
<_io.BytesIO object at 0x0000014EB8F5F770>,0.5234358310699463,0.08063923567533493,0.233243927359581,210708,55,4,False,Left,Front,Left,Centre,50
<_io.BytesIO object at 0x0000014EB8F5F040>,0.494159072637558,0.14623519778251648,0.3191729784011841,210708,55,4,False,Left,Front,Left,Centre,50
<_io.BytesIO object at 0x0000014EB8F5FD60>,0.5068265795707703,0.15525667369365692,0.22680416703224182,210708,55,4,False,Left,Front,Left,Centre,50
<_io.BytesIO object at 0x0000014EBBCBD9A0>,0.5410507917404175,0.1219787523150444,0.2366405576467514,210708,55,4,False,Left,Front,Left,Centre,50
<_io.BytesIO object at 0x0000014EBBCBD450>,0.512707531452179,0.05468113347887993,0.2871730327606201,210708,55,4,False,Left,Front,Left,Centre,50
<_io.BytesIO object at 0x0000014EB8F5FDB0>,0.2659129202365875,0.0916655883193016,-0.07955002784729004,210709,55,4,False,Left,Front,Left,Centre,50
<_io.BytesIO object at 0x0000014EB8F5FC20>,0.2682975232601166,0.03980198875069618,0.004119520075619221,210709,55,4,False,Left,Front,Left,Centre,50
<_io.BytesIO object at 0x0000014EB8F29D60>,0.22982817888259888,0.10803330689668655,-0.053466565907001495,210709,55,4,False,Left,Front,Left,Centre,50
<_io.BytesIO object at 0x0000014EB8F29770>,0.19353224337100983,0.0728755071759224,-0.06888447701931,210709,55,4,False,Left,Front,Left,Centre,50
<_io.BytesIO object at 0x0000014EB8F298B0>,0.1780887395143509,0.03820580989122391,-0.03280205279588699,210709,55,4,False,Left,Front,Left,Centre,50
<_io.BytesIO object at 0x0000014EB8F29810>,0.5234358310699463,0.08063923567533493,0.233243927359581,210709,55,4,False,Left,Front,Left,Centre,50
<_io.BytesIO object at 0x0000014EB8F29E00>,0.494159072637558,0.14623519778251648,0.3191729784011841,210709,55,4,False,Left,Front,Left,Centre,50
<_io.BytesIO object at 0x0000014EB8F299F0>,0.5068265795707703,0.15525667369365692,0.22680416703224182,210709,55,4,False,Left,Front,Left,Centre,50
<_io.BytesIO object at 0x0000014EBBCBD450>,0.5410507917404175,0.1219787523150444,0.2366405576467514,210709,55,4,False,Left,Front,Left,Centre,50
<_io.BytesIO object at 0x0000014EBBCBD6D0>,0.512707531452179,0.05468113347887993,0.2871730327606201,210709,55,4,False,Left,Front,Left,Centre,50
<_io.BytesIO object at 0x0000014EB8F29B30>,0.26584896445274353,0.09158211201429367,-0.07968882471323013,210710,55,4,False,Left,Front,Left,Centre,50
<_io.BytesIO object at 0x0000014EB8F29F40>,0.26828864216804504,0.03972550481557846,0.003997281659394503,210710,55,4,False,Left,Front,Left,Centre,50
<_io.BytesIO object at 0x0000014EB8F299F0>,0.22983653843402863,0.10801786929368973,-0.05352634936571121,210710,55,4,False,Left,Front,Left,Centre,50
<_io.BytesIO object at 0x0000014EB8F29590>,0.19344329833984375,0.0729345977306366,-0.0688774585723877,210710,55,4,False,Left,Front,Left,Centre,50
<_io.BytesIO object at 0x0000014EB8F29220>,0.17800432443618774,0.0382944755256176,-0.03278021514415741,210710,55,4,False,Left,Front,Left,Centre,50
<_io.BytesIO object at 0x0000014EB8F5F360>,0.5234358310699463,0.08063923567533493,0.233243927359581,210710,55,4,False,Left,Front,Left,Centre,50
<_io.BytesIO object at 0x0000014EB8F5FD10>,0.494159072637558,0.14623519778251648,0.3191729784011841,210710,55,4,False,Left,Front,Left,Centre,50
<_io.BytesIO object at 0x0000014EB8F5F4F0>,0.5068265795707703,0.15525667369365692,0.22680416703224182,210710,55,4,False,Left,Front,Left,Centre,50
<_io.BytesIO object at 0x0000014EB8F5F2C0>,0.5410507917404175,0.1219787523150444,0.2366405576467514,210710,55,4,False,Left,Front,Left,Centre,50
<_io.BytesIO object at 0x0000014EB8F5FB80>,0.512707531452179,0.05468113347887993,0.2871730327606201,210710,55,4,False,Left,Front,Left,Centre,50
<_io.BytesIO object at 0x0000014EB8F29B80>,0.26577940583229065,0.09148913621902466,-0.079811692237854,210711,55,4,False,Left,Front,Left,Centre,50
<_io.BytesIO object at 0x0000014EB8F29C20>,0.2682870924472809,0.039601635187864304,0.0038277877029031515,210711,55,4,False,Left,Front,Left,Centre,50
<_io.BytesIO object at 0x0000014EB8F29810>,0.22985002398490906,0.10800518840551376,-0.053572364151477814,210711,55,4,False,Left,Front,Left,Centre,50
<_io.BytesIO object at 0x0000014EB8F29450>,0.19336576759815216,0.07299813628196716,-0.06885281950235367,210711,55,4,False,Left,Front,Left,Centre,50
<_io.BytesIO object at 0x0000014EB8F29D10>,0.1779436469078064,0.038351550698280334,-0.0327395424246788,210711,55,4,False,Left,Front,Left,Centre,50
<_io.BytesIO object at 0x0000014EB8F5F5E0>,0.5234358310699463,0.08063923567533493,0.233243927359581,210711,55,4,False,Left,Front,Left,Centre,50
<_io.BytesIO object at 0x0000014EB8F5FC70>,0.494159072637558,0.14623519778251648,0.3191729784011841,210711,55,4,False,Left,Front,Left,Centre,50
<_io.BytesIO object at 0x0000014EB8F5F4A0>,0.5068265795707703,0.15525667369365692,0.22680416703224182,210711,55,4,False,Left,Front,Left,Centre,50
<_io.BytesIO object at 0x0000014EB8F5FA90>,0.5410507917404175,0.1219787523150444,0.2366405576467514,210711,55,4,False,Left,Front,Left,Centre,50
<_io.BytesIO object at 0x0000014EB8F5F590>,0.512707531452179,0.05468113347887993,0.2871730327606201,210711,55,4,False,Left,Front,Left,Centre,50
<_io.BytesIO object at 0x0000014EB8F29220>,0.2657201290130615,0.09140441566705704,-0.07994236052036285,210712,55,4,False,Left,Front,Left,Centre,50
<_io.BytesIO object at 0x0000014EB8F291D0>,0.2683010399341583,0.03952232003211975,0.003737361403182149,210712,55,4,False,Left,Front,Left,Centre,50
<_io.BytesIO object at 0x0000014EB8F29A90>,0.229860320687294,0.10799826681613922,-0.053612638264894485,210712,55,4,False,Left,Front,Left,Centre,50
<_io.BytesIO object at 0x0000014EB8F29630>,0.19328109920024872,0.07305911928415298,-0.06879468262195587,210712,55,4,False,Left,Front,Left,Centre,50
<_io.BytesIO object at 0x0000014EB8F29360>,0.1778816282749176,0.038399532437324524,-0.03269084542989731,210712,55,4,False,Left,Front,Left,Centre,50
<_io.BytesIO object at 0x0000014EB8F5F040>,0.5234358310699463,0.08063923567533493,0.233243927359581,210712,55,4,False,Left,Front,Left,Centre,50
<_io.BytesIO object at 0x0000014EB8F5F7C0>,0.494159072637558,0.14623519778251648,0.3191729784011841,210712,55,4,False,Left,Front,Left,Centre,50
<_io.BytesIO object at 0x0000014EB8F5FD60>,0.5068265795707703,0.15525667369365692,0.22680416703224182,210712,55,4,False,Left,Front,Left,Centre,50
<_io.BytesIO object at 0x0000014EB8F5F3B0>,0.5410507917404175,0.1219787523150444,0.2366405576467514,210712,55,4,False,Left,Front,Left,Centre,50
<_io.BytesIO object at 0x0000014EB8F5F720>,0.512707531452179,0.05468113347887993,0.2871730327606201,210712,55,4,False,Left,Front,Left,Centre,50
<_io.BytesIO object at 0x0000014EB8F29040>,0.265656977891922,0.09133625030517578,-0.08000354468822479,210713,55,4,False,Left,Front,Left,Centre,50
<_io.BytesIO object at 0x0000014EB8F29C70>,0.2682942748069763,0.039426181465387344,0.003590749343857169,210713,55,4,False,Left,Front,Left,Centre,50
<_io.BytesIO object at 0x0000014EB8F29D60>,0.22987113893032074,0.1079854667186737,-0.05363841354846954,210713,55,4,False,Left,Front,Left,Centre,50
<_io.BytesIO object at 0x0000014EB8F293B0>,0.19321294128894806,0.07312054932117462,-0.06876145303249359,210713,55,4,False,Left,Front,Left,Centre,50
<_io.BytesIO object at 0x0000014EB8F29950>,0.1778363436460495,0.038454800844192505,-0.03264050558209419,210713,55,4,False,Left,Front,Left,Centre,50
<_io.BytesIO object at 0x0000014EB8F5F2C0>,0.5234358310699463,0.08063923567533493,0.233243927359581,210713,55,4,False,Left,Front,Left,Centre,50
<_io.BytesIO object at 0x0000014EB8F5FCC0>,0.494159072637558,0.14623519778251648,0.3191729784011841,210713,55,4,False,Left,Front,Left,Centre,50
<_io.BytesIO object at 0x0000014EB8F5FEF0>,0.5068265795707703,0.15525667369365692,0.22680416703224182,210713,55,4,False,Left,Front,Left,Centre,50
<_io.BytesIO object at 0x0000014EB8F5F270>,0.5410507917404175,0.1219787523150444,0.2366405576467514,210713,55,4,False,Left,Front,Left,Centre,50
<_io.BytesIO object at 0x0000014EB8F5FE50>,0.512707531452179,0.05468113347887993,0.2871730327606201,210713,55,4,False,Left,Front,Left,Centre,50
<_io.BytesIO object at 0x0000014EB8F29B30>,0.2656130790710449,0.09129229187965393,-0.08005864918231964,210714,55,4,False,Left,Front,Left,Centre,50
<_io.BytesIO object at 0x0000014EB8F29770>,0.26832106709480286,0.03942258656024933,0.003610791638493538,210714,55,4,False,Left,Front,Left,Centre,50
<_io.BytesIO object at 0x0000014EB8F297C0>,0.2298712283372879,0.10797560214996338,-0.053653787821531296,210714,55,4,False,Left,Front,Left,Centre,50
<_io.BytesIO object at 0x0000014EB8F29BD0>,0.19314540922641754,0.07314980775117874,-0.06874192506074905,210714,55,4,False,Left,Front,Left,Centre,50
<_io.BytesIO object at 0x0000014EB8F294F0>,0.17779137194156647,0.038493912667036057,-0.032585546374320984,210714,55,4,False,Left,Front,Left,Centre,50
<_io.BytesIO object at 0x0000014EB8F5FF90>,0.5234358310699463,0.08063923567533493,0.233243927359581,210714,55,4,False,Left,Front,Left,Centre,50
<_io.BytesIO object at 0x0000014EB8F5F3B0>,0.494159072637558,0.14623519778251648,0.3191729784011841,210714,55,4,False,Left,Front,Left,Centre,50
<_io.BytesIO object at 0x0000014EB8F5F770>,0.5068265795707703,0.15525667369365692,0.22680416703224182,210714,55,4,False,Left,Front,Left,Centre,50
<_io.BytesIO object at 0x0000014EB8F5F4A0>,0.5410507917404175,0.1219787523150444,0.2366405576467514,210714,55,4,False,Left,Front,Left,Centre,50
<_io.BytesIO object at 0x0000014EB8F5FD10>,0.512707531452179,0.05468113347887993,0.2871730327606201,210714,55,4,False,Left,Front,Left,Centre,50
<_io.BytesIO object at 0x0000014EB8F5F9F0>,0.26556405425071716,0.09126903116703033,-0.08009602129459381,210715,55,4,False,Left,Front,Left,Centre,50
<_io.BytesIO object at 0x0000014EB8F5F220>,0.2682848870754242,0.0393722765147686,0.003521476173773408,210715,55,4,False,Left,Front,Left,Centre,50
<_io.BytesIO object at 0x0000014EB8F5F680>,0.22985774278640747,0.10798024386167526,-0.05365695431828499,210715,55,4,False,Left,Front,Left,Centre,50
<_io.BytesIO object at 0x0000014EB8F5F5E0>,0.19307854771614075,0.0731920376420021,-0.06874802708625793,210715,55,4,False,Left,Front,Left,Centre,50
<_io.BytesIO object at 0x0000014EB8F5FE50>,0.17774584889411926,0.03852447494864464,-0.032539498060941696,210715,55,4,False,Left,Front,Left,Centre,50
<_io.BytesIO object at 0x0000014EB8F5F400>,0.5234358310699463,0.08063923567533493,0.233243927359581,210715,55,4,False,Left,Front,Left,Centre,50
<_io.BytesIO object at 0x0000014EB8F29540>,0.494159072637558,0.14623519778251648,0.3191729784011841,210715,55,4,False,Left,Front,Left,Centre,50
<_io.BytesIO object at 0x0000014EB8F29360>,0.5068265795707703,0.15525667369365692,0.22680416703224182,210715,55,4,False,Left,Front,Left,Centre,50
<_io.BytesIO object at 0x0000014EB8F29090>,0.5410507917404175,0.1219787523150444,0.2366405576467514,210715,55,4,False,Left,Front,Left,Centre,50
<_io.BytesIO object at 0x0000014EB8F29590>,0.512707531452179,0.05468113347887993,0.2871730327606201,210715,55,4,False,Left,Front,Left,Centre,50
<_io.BytesIO object at 0x0000014EB8F5F7C0>,0.26550108194351196,0.09125536680221558,-0.0801277607679367,210716,55,4,False,Left,Front,Left,Centre,50
<_io.BytesIO object at 0x0000014EB8F5FA90>,0.26825881004333496,0.03935971483588219,0.003501140745356679,210716,55,4,False,Left,Front,Left,Centre,50
<_io.BytesIO object at 0x0000014EBBCBD9A0>,0.22983761131763458,0.10802081227302551,-0.053676456212997437,210716,55,4,False,Left,Front,Left,Centre,50
<_io.BytesIO object at 0x0000014EB8F5FC70>,0.19302858412265778,0.07322238385677338,-0.06871698796749115,210716,55,4,False,Left,Front,Left,Centre,50
<_io.BytesIO object at 0x0000014EB8F5F540>,0.17766132950782776,0.03858175873756409,-0.03255242481827736,210716,55,4,False,Left,Front,Left,Centre,50
<_io.BytesIO object at 0x0000014EB8F5FE00>,0.5234358310699463,0.08063923567533493,0.233243927359581,210716,55,4,False,Left,Front,Left,Centre,50
<_io.BytesIO object at 0x0000014EB8F5FD60>,0.494159072637558,0.14623519778251648,0.3191729784011841,210716,55,4,False,Left,Front,Left,Centre,50
<_io.BytesIO object at 0x0000014EB8F5FB80>,0.5068265795707703,0.15525667369365692,0.22680416703224182,210716,55,4,False,Left,Front,Left,Centre,50
<_io.BytesIO object at 0x0000014EB8F5F4A0>,0.5410507917404175,0.1219787523150444,0.2366405576467514,210716,55,4,False,Left,Front,Left,Centre,50
<_io.BytesIO object at 0x0000014EB8F5F9F0>,0.512707531452179,0.05468113347887993,0.2871730327606201,210716,55,4,False,Left,Front,Left,Centre,50
<_io.BytesIO object at 0x0000014EB8F5F450>,0.2654441297054291,0.09124193340539932,-0.08013736456632614,210717,55,4,False,Left,Front,Left,Centre,50
<_io.BytesIO object at 0x0000014EB8F5F3B0>,0.2682225704193115,0.03937283903360367,0.0034966894891113043,210717,55,4,False,Left,Front,Left,Centre,50
<_io.BytesIO object at 0x0000014EB8F5F400>,0.22981593012809753,0.10803546756505966,-0.053675148636102676,210717,55,4,False,Left,Front,Left,Centre,50
<_io.BytesIO object at 0x0000014EB8F5F9A0>,0.19296424090862274,0.07326638698577881,-0.06868325918912888,210717,55,4,False,Left,Front,Left,Centre,50
<_io.BytesIO object at 0x0000014EB8F5F4A0>,0.1776527464389801,0.03860544413328171,-0.032442495226860046,210717,55,4,False,Left,Front,Left,Centre,50
<_io.BytesIO object at 0x0000014EB8F5F540>,0.5234358310699463,0.08063923567533493,0.233243927359581,210717,55,4,False,Left,Front,Left,Centre,50
<_io.BytesIO object at 0x0000014EB8F29810>,0.494159072637558,0.14623519778251648,0.3191729784011841,210717,55,4,False,Left,Front,Left,Centre,50
<_io.BytesIO object at 0x0000014EB8F29950>,0.5068265795707703,0.15525667369365692,0.22680416703224182,210717,55,4,False,Left,Front,Left,Centre,50
<_io.BytesIO object at 0x0000014EB8F298B0>,0.5410507917404175,0.1219787523150444,0.2366405576467514,210717,55,4,False,Left,Front,Left,Centre,50
<_io.BytesIO object at 0x0000014EB8F29AE0>,0.512707531452179,0.05468113347887993,0.2871730327606201,210717,55,4,False,Left,Front,Left,Centre,50
<_io.BytesIO object at 0x0000014EB8F29450>,0.26537835597991943,0.09122524410486221,-0.08016408234834671,210718,55,4,False,Left,Front,Left,Centre,50
<_io.BytesIO object at 0x0000014EB8F29C20>,0.26816821098327637,0.039417814463377,0.0034566912800073624,210718,55,4,False,Left,Front,Left,Centre,50
<_io.BytesIO object at 0x0000014EB8F29DB0>,0.22978153824806213,0.10806181281805038,-0.053669627755880356,210718,55,4,False,Left,Front,Left,Centre,50
<_io.BytesIO object at 0x0000014EB8F295E0>,0.19290101528167725,0.07332880049943924,-0.0686069205403328,210718,55,4,False,Left,Front,Left,Centre,50
<_io.BytesIO object at 0x0000014EB8F29C70>,0.1775551587343216,0.03868446871638298,-0.032396890223026276,210718,55,4,False,Left,Front,Left,Centre,50
<_io.BytesIO object at 0x0000014EB8F5FF90>,0.5234358310699463,0.08063923567533493,0.233243927359581,210718,55,4,False,Left,Front,Left,Centre,50
<_io.BytesIO object at 0x0000014EB8F5F6D0>,0.494159072637558,0.14623519778251648,0.3191729784011841,210718,55,4,False,Left,Front,Left,Centre,50
<_io.BytesIO object at 0x0000014EB8F5FB30>,0.5068265795707703,0.15525667369365692,0.22680416703224182,210718,55,4,False,Left,Front,Left,Centre,50
<_io.BytesIO object at 0x0000014EB8F5FAE0>,0.5410507917404175,0.1219787523150444,0.2366405576467514,210718,55,4,False,Left,Front,Left,Centre,50
<_io.BytesIO object at 0x0000014EB8F5F860>,0.512707531452179,0.05468113347887993,0.2871730327606201,210718,55,4,False,Left,Front,Left,Centre,50
<_io.BytesIO object at 0x0000014EB8F5F680>,0.2653225064277649,0.09122671186923981,-0.08015784621238708,210719,55,4,False,Left,Front,Left,Centre,50
<_io.BytesIO object at 0x0000014EB8F5FE50>,0.2681065797805786,0.03946341946721077,0.0034564826637506485,210719,55,4,False,Left,Front,Left,Centre,50
<_io.BytesIO object at 0x0000014EB8F5F900>,0.22975139319896698,0.10807760059833527,-0.05367240309715271,210719,55,4,False,Left,Front,Left,Centre,50
<_io.BytesIO object at 0x0000014EB8F5FA40>,0.19284851849079132,0.07336311042308807,-0.06858519464731216,210719,55,4,False,Left,Front,Left,Centre,50
<_io.BytesIO object at 0x0000014EB8F5F400>,0.17750796675682068,0.03872020170092583,-0.03235991671681404,210719,55,4,False,Left,Front,Left,Centre,50
<_io.BytesIO object at 0x0000014EB8F5FEF0>,0.5234358310699463,0.08063923567533493,0.233243927359581,210719,55,4,False,Left,Front,Left,Centre,50
<_io.BytesIO object at 0x0000014EB8F5F5E0>,0.494159072637558,0.14623519778251648,0.3191729784011841,210719,55,4,False,Left,Front,Left,Centre,50
<_io.BytesIO object at 0x0000014EB8F29630>,0.5068265795707703,0.15525667369365692,0.22680416703224182,210719,55,4,False,Left,Front,Left,Centre,50
<_io.BytesIO object at 0x0000014EB8F298B0>,0.5410507917404175,0.1219787523150444,0.2366405576467514,210719,55,4,False,Left,Front,Left,Centre,50
<_io.BytesIO object at 0x0000014EB8F29F40>,0.512707531452179,0.05468113347887993,0.2871730327606201,210719,55,4,False,Left,Front,Left,Centre,50
<_io.BytesIO object at 0x0000014EB8F5F0E0>,0.26525774598121643,0.09123634546995163,-0.08016474545001984,210720,55,4,False,Left,Front,Left,Centre,50
<_io.BytesIO object at 0x0000014EB8F5F4F0>,0.26807743310928345,0.0395229235291481,0.003458034712821245,210720,55,4,False,Left,Front,Left,Centre,50
<_io.BytesIO object at 0x0000014EB8F5FAE0>,0.22971820831298828,0.1080935150384903,-0.05367625877261162,210720,55,4,False,Left,Front,Left,Centre,50
<_io.BytesIO object at 0x0000014EB8F5FE00>,0.19280627369880676,0.07340351492166519,-0.0685790404677391,210720,55,4,False,Left,Front,Left,Centre,50
<_io.BytesIO object at 0x0000014EB8F5F090>,0.17743657529354095,0.03875981643795967,-0.032384227961301804,210720,55,4,False,Left,Front,Left,Centre,50
<_io.BytesIO object at 0x0000014EB8F5F450>,0.5234358310699463,0.08063923567533493,0.233243927359581,210720,55,4,False,Left,Front,Left,Centre,50
<_io.BytesIO object at 0x0000014EB8F29180>,0.494159072637558,0.14623519778251648,0.3191729784011841,210720,55,4,False,Left,Front,Left,Centre,50
<_io.BytesIO object at 0x0000014EB8F299F0>,0.5068265795707703,0.15525667369365692,0.22680416703224182,210720,55,4,False,Left,Front,Left,Centre,50
<_io.BytesIO object at 0x0000014EB8F29A90>,0.5410507917404175,0.1219787523150444,0.2366405576467514,210720,55,4,False,Left,Front,Left,Centre,50
<_io.BytesIO object at 0x0000014EB8F29450>,0.512707531452179,0.05468113347887993,0.2871730327606201,210720,55,4,False,Left,Front,Left,Centre,50
<_io.BytesIO object at 0x0000014EB8F5F7C0>,0.2652197778224945,0.09123595803976059,-0.08018530905246735,210721,55,4,False,Left,Front,Left,Centre,50
<_io.BytesIO object at 0x0000014EB8F5F9F0>,0.26802805066108704,0.03954799100756645,0.0034494928549975157,210721,55,4,False,Left,Front,Left,Centre,50
<_io.BytesIO object at 0x0000014EB8F5F040>,0.22968700528144836,0.10810348391532898,-0.05370037630200386,210721,55,4,False,Left,Front,Left,Centre,50
<_io.BytesIO object at 0x0000014EB8F5F2C0>,0.1927662342786789,0.07343023270368576,-0.06860075891017914,210721,55,4,False,Left,Front,Left,Centre,50
<_io.BytesIO object at 0x0000014EB8F5F090>,0.17739839851856232,0.03878740593791008,-0.03239687532186508,210721,55,4,False,Left,Front,Left,Centre,50
<_io.BytesIO object at 0x0000014EB8F5FCC0>,0.5234358310699463,0.08063923567533493,0.233243927359581,210721,55,4,False,Left,Front,Left,Centre,50
<_io.BytesIO object at 0x0000014EB8F29C20>,0.494159072637558,0.14623519778251648,0.3191729784011841,210721,55,4,False,Left,Front,Left,Centre,50
<_io.BytesIO object at 0x0000014EB8F29630>,0.5068265795707703,0.15525667369365692,0.22680416703224182,210721,55,4,False,Left,Front,Left,Centre,50
<_io.BytesIO object at 0x0000014EB8F291D0>,0.5410507917404175,0.1219787523150444,0.2366405576467514,210721,55,4,False,Left,Front,Left,Centre,50
<_io.BytesIO object at 0x0000014EB8F29270>,0.512707531452179,0.05468113347887993,0.2871730327606201,210721,55,4,False,Left,Front,Left,Centre,50
<_io.BytesIO object at 0x0000014EB8F29040>,0.2651790976524353,0.09122931212186813,-0.08024051785469055,210722,55,4,False,Left,Front,Left,Centre,50
<_io.BytesIO object at 0x0000014EB8F29C70>,0.26799747347831726,0.039571091532707214,0.003413172671571374,210722,55,4,False,Left,Front,Left,Centre,50
<_io.BytesIO object at 0x0000014EBBCBD130>,0.22966517508029938,0.10811376571655273,-0.05373555049300194,210722,55,4,False,Left,Front,Left,Centre,50
<_io.BytesIO object at 0x0000014EBBCBDF40>,0.1927270144224167,0.07345745712518692,-0.06864781677722931,210722,55,4,False,Left,Front,Left,Centre,50
<_io.BytesIO object at 0x0000014EBBCBD680>,0.1773657500743866,0.03880922496318817,-0.03242269903421402,210722,55,4,False,Left,Front,Left,Centre,50
<_io.BytesIO object at 0x0000014EBBCBD180>,0.5234358310699463,0.08063923567533493,0.233243927359581,210722,55,4,False,Left,Front,Left,Centre,50
<_io.BytesIO object at 0x0000014EBBD6EBD0>,0.494159072637558,0.14623519778251648,0.3191729784011841,210722,55,4,False,Left,Front,Left,Centre,50
<_io.BytesIO object at 0x0000014EBBD6ECC0>,0.5068265795707703,0.15525667369365692,0.22680416703224182,210722,55,4,False,Left,Front,Left,Centre,50
<_io.BytesIO object at 0x0000014EBBCBDEA0>,0.5410507917404175,0.1219787523150444,0.2366405576467514,210722,55,4,False,Left,Front,Left,Centre,50
<_io.BytesIO object at 0x0000014EBBCBDE50>,0.512707531452179,0.05468113347887993,0.2871730327606201,210722,55,4,False,Left,Front,Left,Centre,50
<_io.BytesIO object at 0x0000014EB8F5FE00>,0.26515039801597595,0.09122559428215027,-0.0803045928478241,210723,55,4,False,Left,Front,Left,Centre,50
<_io.BytesIO object at 0x0000014EB8F5F4A0>,0.2679651975631714,0.03958296403288841,0.0033556316047906876,210723,55,4,False,Left,Front,Left,Centre,50
<_io.BytesIO object at 0x0000014EBBD6E9F0>,0.22957544028759003,0.10811484605073929,-0.05377108231186867,210723,55,4,False,Left,Front,Left,Centre,50
<_io.BytesIO object at 0x0000014EBBD6E180>,0.1926804631948471,0.07348156720399857,-0.06873001158237457,210723,55,4,False,Left,Front,Left,Centre,50
<_io.BytesIO object at 0x0000014EBBD6EB80>,0.17733770608901978,0.03881451115012169,-0.032470908015966415,210723,55,4,False,Left,Front,Left,Centre,50
<_io.BytesIO object at 0x0000014EBBD6E0E0>,0.5234358310699463,0.08063923567533493,0.233243927359581,210723,55,4,False,Left,Front,Left,Centre,50
<_io.BytesIO object at 0x0000014EBBD6E900>,0.494159072637558,0.14623519778251648,0.3191729784011841,210723,55,4,False,Left,Front,Left,Centre,50
<_io.BytesIO object at 0x0000014EBBD6E450>,0.5068265795707703,0.15525667369365692,0.22680416703224182,210723,55,4,False,Left,Front,Left,Centre,50
<_io.BytesIO object at 0x0000014EBBD62810>,0.5410507917404175,0.1219787523150444,0.2366405576467514,210723,55,4,False,Left,Front,Left,Centre,50
<_io.BytesIO object at 0x0000014EBBD62180>,0.512707531452179,0.05468113347887993,0.2871730327606201,210723,55,4,False,Left,Front,Left,Centre,50
<_io.BytesIO object at 0x0000014EBBD46AE0>,0.26513242721557617,0.09122107177972794,-0.08039239048957825,210724,55,4,False,Left,Front,Left,Centre,50
<_io.BytesIO object at 0x0000014EBBD46540>,0.26792585849761963,0.03959327191114426,0.0032813772559165955,210724,55,4,False,Left,Front,Left,Centre,50
<_io.BytesIO object at 0x0000014EBBD464F0>,0.22950364649295807,0.10808458924293518,-0.053866155445575714,210724,55,4,False,Left,Front,Left,Centre,50
<_io.BytesIO object at 0x0000014EBBD463B0>,0.19266891479492188,0.07348384708166122,-0.06886003911495209,210724,55,4,False,Left,Front,Left,Centre,50
<_io.BytesIO object at 0x0000014EBBD46C20>,0.17730209231376648,0.038820814341306686,-0.03254338726401329,210724,55,4,False,Left,Front,Left,Centre,50
<_io.BytesIO object at 0x0000014EBBCA3C70>,0.5234358310699463,0.08063923567533493,0.233243927359581,210724,55,4,False,Left,Front,Left,Centre,50
<_io.BytesIO object at 0x0000014EBBCA3810>,0.494159072637558,0.14623519778251648,0.3191729784011841,210724,55,4,False,Left,Front,Left,Centre,50
<_io.BytesIO object at 0x0000014EBBCA39A0>,0.5068265795707703,0.15525667369365692,0.22680416703224182,210724,55,4,False,Left,Front,Left,Centre,50
<_io.BytesIO object at 0x0000014EBBCA3EA0>,0.5410507917404175,0.1219787523150444,0.2366405576467514,210724,55,4,False,Left,Front,Left,Centre,50
<_io.BytesIO object at 0x0000014EBBCA3680>,0.512707531452179,0.05468113347887993,0.2871730327606201,210724,55,4,False,Left,Front,Left,Centre,50
<_io.BytesIO object at 0x0000014EBBC90950>,0.26510724425315857,0.09121428430080414,-0.08047866821289062,210725,55,4,False,Left,Front,Left,Centre,50
<_io.BytesIO object at 0x0000014EBBC90770>,0.267895370721817,0.03959456831216812,0.003180690575391054,210725,55,4,False,Left,Front,Left,Centre,50
<_io.BytesIO object at 0x0000014EBBC904F0>,0.2294737696647644,0.10808031260967255,-0.0539587065577507,210725,55,4,False,Left,Front,Left,Centre,50
<_io.BytesIO object at 0x0000014EBBD6FD60>,0.19263610243797302,0.07349014282226562,-0.06898699700832367,210725,55,4,False,Left,Front,Left,Centre,50
<_io.BytesIO object at 0x0000014EBBD6F270>,0.17725956439971924,0.03881295397877693,-0.03263064846396446,210725,55,4,False,Left,Front,Left,Centre,50
<_io.BytesIO object at 0x0000014EBBD6FDB0>,0.5234358310699463,0.08063923567533493,0.233243927359581,210725,55,4,False,Left,Front,Left,Centre,50
<_io.BytesIO object at 0x0000014EBBD6FAE0>,0.494159072637558,0.14623519778251648,0.3191729784011841,210725,55,4,False,Left,Front,Left,Centre,50
<_io.BytesIO object at 0x0000014EBBD6FD10>,0.5068265795707703,0.15525667369365692,0.22680416703224182,210725,55,4,False,Left,Front,Left,Centre,50
<_io.BytesIO object at 0x0000014EBBD6F810>,0.5410507917404175,0.1219787523150444,0.2366405576467514,210725,55,4,False,Left,Front,Left,Centre,50
<_io.BytesIO object at 0x0000014EBBD6FE50>,0.512707531452179,0.05468113347887993,0.2871730327606201,210725,55,4,False,Left,Front,Left,Centre,50
<_io.BytesIO object at 0x0000014EBBD396D0>,0.26509249210357666,0.09121092408895493,-0.08058186620473862,210726,55,4,False,Left,Front,Left,Centre,50
<_io.BytesIO object at 0x0000014EBBD397C0>,0.2678424119949341,0.039599187672138214,0.0030751025769859552,210726,55,4,False,Left,Front,Left,Centre,50
<_io.BytesIO object at 0x0000014EBBD390E0>,0.2294454574584961,0.10807398706674576,-0.054067809134721756,210726,55,4,False,Left,Front,Left,Centre,50
<_io.BytesIO object at 0x0000014EBBD39770>,0.19260558485984802,0.07350550591945648,-0.06914348900318146,210726,55,4,False,Left,Front,Left,Centre,50
<_io.BytesIO object at 0x0000014EBBD39B80>,0.17721258103847504,0.03882307559251785,-0.03274747356772423,210726,55,4,False,Left,Front,Left,Centre,50
<_io.BytesIO object at 0x0000014EB8F37360>,0.5234358310699463,0.08063923567533493,0.233243927359581,210726,55,4,False,Left,Front,Left,Centre,50
<_io.BytesIO object at 0x0000014EB8F37D60>,0.494159072637558,0.14623519778251648,0.3191729784011841,210726,55,4,False,Left,Front,Left,Centre,50
<_io.BytesIO object at 0x0000014EB8F37D10>,0.5068265795707703,0.15525667369365692,0.22680416703224182,210726,55,4,False,Left,Front,Left,Centre,50
<_io.BytesIO object at 0x0000014EB8F37040>,0.5410507917404175,0.1219787523150444,0.2366405576467514,210726,55,4,False,Left,Front,Left,Centre,50
<_io.BytesIO object at 0x0000014EB8F37C70>,0.512707531452179,0.05468113347887993,0.2871730327606201,210726,55,4,False,Left,Front,Left,Centre,50
<_io.BytesIO object at 0x0000014EBBD39590>,0.26505422592163086,0.09119471907615662,-0.08069857209920883,210727,55,4,False,Left,Front,Left,Centre,50
<_io.BytesIO object at 0x0000014EBBD39D60>,0.26771020889282227,0.03955293446779251,0.0029120249673724174,210727,55,4,False,Left,Front,Left,Centre,50
<_io.BytesIO object at 0x0000014EBBD39900>,0.22939972579479218,0.10806915163993835,-0.05417807772755623,210727,55,4,False,Left,Front,Left,Centre,50
<_io.BytesIO object at 0x0000014EBBD31900>,0.19256222248077393,0.07352091372013092,-0.06932257115840912,210727,55,4,False,Left,Front,Left,Centre,50
<_io.BytesIO object at 0x0000014EBBD318B0>,0.17714136838912964,0.038826532661914825,-0.03286058083176613,210727,55,4,False,Left,Front,Left,Centre,50
<_io.BytesIO object at 0x0000014EBBD31E00>,0.5234358310699463,0.08063923567533493,0.233243927359581,210727,55,4,False,Left,Front,Left,Centre,50
<_io.BytesIO object at 0x0000014EB8F2D8B0>,0.494159072637558,0.14623519778251648,0.3191729784011841,210727,55,4,False,Left,Front,Left,Centre,50
<_io.BytesIO object at 0x0000014EB8F2DC70>,0.5068265795707703,0.15525667369365692,0.22680416703224182,210727,55,4,False,Left,Front,Left,Centre,50
<_io.BytesIO object at 0x0000014EB8F2D590>,0.5410507917404175,0.1219787523150444,0.2366405576467514,210727,55,4,False,Left,Front,Left,Centre,50
<_io.BytesIO object at 0x0000014EB8F2D4F0>,0.512707531452179,0.05468113347887993,0.2871730327606201,210727,55,4,False,Left,Front,Left,Centre,50
<_io.BytesIO object at 0x0000014EBBC92860>,0.26501989364624023,0.09120137244462967,-0.08079562336206436,210728,55,4,False,Left,Front,Left,Centre,50
<_io.BytesIO object at 0x0000014EBBC92E00>,0.26761558651924133,0.03956097736954689,0.0027788421139121056,210728,55,4,False,Left,Front,Left,Centre,50
<_io.BytesIO object at 0x0000014EBBC92EA0>,0.22936280071735382,0.10811619460582733,-0.05432559549808502,210728,55,4,False,Left,Front,Left,Centre,50
<_io.BytesIO object at 0x0000014EBBC92E50>,0.19250571727752686,0.07353497296571732,-0.06950303167104721,210728,55,4,False,Left,Front,Left,Centre,50
<_io.BytesIO object at 0x0000014EBBC92C20>,0.17705969512462616,0.03881600871682167,-0.032988425344228745,210728,55,4,False,Left,Front,Left,Centre,50
<_io.BytesIO object at 0x0000014EBBCA3310>,0.5234358310699463,0.08063923567533493,0.233243927359581,210728,55,4,False,Left,Front,Left,Centre,50
<_io.BytesIO object at 0x0000014EBBCA33B0>,0.494159072637558,0.14623519778251648,0.3191729784011841,210728,55,4,False,Left,Front,Left,Centre,50
<_io.BytesIO object at 0x0000014EBBCA3CC0>,0.5068265795707703,0.15525667369365692,0.22680416703224182,210728,55,4,False,Left,Front,Left,Centre,50
<_io.BytesIO object at 0x0000014EBBCA3D60>,0.5410507917404175,0.1219787523150444,0.2366405576467514,210728,55,4,False,Left,Front,Left,Centre,50
<_io.BytesIO object at 0x0000014EBBCA3450>,0.512707531452179,0.05468113347887993,0.2871730327606201,210728,55,4,False,Left,Front,Left,Centre,50
<_io.BytesIO object at 0x0000014EBBD66810>,0.264990895986557,0.09119126200675964,-0.08090709894895554,210729,55,4,False,Left,Front,Left,Centre,50
<_io.BytesIO object at 0x0000014EBBD66770>,0.2675100564956665,0.039578888565301895,0.0026363818906247616,210729,55,4,False,Left,Front,Left,Centre,50
<_io.BytesIO object at 0x0000014EBBD662C0>,0.2292962521314621,0.10809507220983505,-0.05447791889309883,210729,55,4,False,Left,Front,Left,Centre,50
<_io.BytesIO object at 0x0000014EBBD62220>,0.19244708120822906,0.07353179156780243,-0.0697023794054985,210729,55,4,False,Left,Front,Left,Centre,50
<_io.BytesIO object at 0x0000014EBBD624F0>,0.17693041265010834,0.038784682750701904,-0.033174026757478714,210729,55,4,False,Left,Front,Left,Centre,50
<_io.BytesIO object at 0x0000014EBBD62770>,0.5234358310699463,0.08063923567533493,0.233243927359581,210729,55,4,False,Left,Front,Left,Centre,50
<_io.BytesIO object at 0x0000014EBBD625E0>,0.494159072637558,0.14623519778251648,0.3191729784011841,210729,55,4,False,Left,Front,Left,Centre,50
<_io.BytesIO object at 0x0000014EBBD62BD0>,0.5068265795707703,0.15525667369365692,0.22680416703224182,210729,55,4,False,Left,Front,Left,Centre,50
<_io.BytesIO object at 0x0000014EBBD62F90>,0.5410507917404175,0.1219787523150444,0.2366405576467514,210729,55,4,False,Left,Front,Left,Centre,50
<_io.BytesIO object at 0x0000014EBBD62810>,0.512707531452179,0.05468113347887993,0.2871730327606201,210729,55,4,False,Left,Front,Left,Centre,50
<_io.BytesIO object at 0x0000014EB8F5F220>,0.26493698358535767,0.09118504822254181,-0.0810345709323883,210730,55,4,False,Left,Front,Left,Centre,50
<_io.BytesIO object at 0x0000014EB8F29270>,0.26740002632141113,0.039584871381521225,0.00250785774551332,210730,55,4,False,Left,Front,Left,Centre,50
<_io.BytesIO object at 0x0000014EB8F29860>,0.22918543219566345,0.10806066542863846,-0.05474131926894188,210730,55,4,False,Left,Front,Left,Centre,50
<_io.BytesIO object at 0x0000014EB8F29C70>,0.19234810769557953,0.07352960854768753,-0.06993543356657028,210730,55,4,False,Left,Front,Left,Centre,50
<_io.BytesIO object at 0x0000014EB8F290E0>,0.17683032155036926,0.03878387436270714,-0.0333169661462307,210730,55,4,False,Left,Front,Left,Centre,50
<_io.BytesIO object at 0x0000014EB8F293B0>,0.5234358310699463,0.08063923567533493,0.233243927359581,210730,55,4,False,Left,Front,Left,Centre,50
<_io.BytesIO object at 0x0000014EB8F298B0>,0.494159072637558,0.14623519778251648,0.3191729784011841,210730,55,4,False,Left,Front,Left,Centre,50
<_io.BytesIO object at 0x0000014EBBCBD5E0>,0.5068265795707703,0.15525667369365692,0.22680416703224182,210730,55,4,False,Left,Front,Left,Centre,50
<_io.BytesIO object at 0x0000014EBBCBDCC0>,0.5410507917404175,0.1219787523150444,0.2366405576467514,210730,55,4,False,Left,Front,Left,Centre,50
<_io.BytesIO object at 0x0000014EBBCBD6D0>,0.512707531452179,0.05468113347887993,0.2871730327606201,210730,55,4,False,Left,Front,Left,Centre,50
<_io.BytesIO object at 0x0000014EBBCBDB80>,0.2648636996746063,0.09117991477251053,-0.08112654834985733,210731,55,4,False,Left,Front,Left,Centre,50
<_io.BytesIO object at 0x0000014EBBCBD220>,0.2672480046749115,0.03960514813661575,0.0022829119116067886,210731,55,4,False,Left,Front,Left,Centre,50
<_io.BytesIO object at 0x0000014EB8F29B30>,0.22907185554504395,0.10810505598783493,-0.054849978536367416,210731,55,4,False,Left,Front,Left,Centre,50
<_io.BytesIO object at 0x0000014EB8F29130>,0.192278191447258,0.07351714372634888,-0.07017258554697037,210731,55,4,False,Left,Front,Left,Centre,50
<_io.BytesIO object at 0x0000014EB8F29270>,0.17668958008289337,0.03877561539411545,-0.033496201038360596,210731,55,4,False,Left,Front,Left,Centre,50
<_io.BytesIO object at 0x0000014EB8F29090>,0.5234358310699463,0.08063923567533493,0.233243927359581,210731,55,4,False,Left,Front,Left,Centre,50
<_io.BytesIO object at 0x0000014EBBD62EA0>,0.494159072637558,0.14623519778251648,0.3191729784011841,210731,55,4,False,Left,Front,Left,Centre,50
<_io.BytesIO object at 0x0000014EBBD62810>,0.5068265795707703,0.15525667369365692,0.22680416703224182,210731,55,4,False,Left,Front,Left,Centre,50
<_io.BytesIO object at 0x0000014EBBD62180>,0.5410507917404175,0.1219787523150444,0.2366405576467514,210731,55,4,False,Left,Front,Left,Centre,50
<_io.BytesIO object at 0x0000014EBBD62C70>,0.512707531452179,0.05468113347887993,0.2871730327606201,210731,55,4,False,Left,Front,Left,Centre,50
<_io.BytesIO object at 0x0000014EBBD46400>,0.2647864818572998,0.09119351208209991,-0.08121080696582794,210732,55,4,False,Left,Front,Left,Centre,50
<_io.BytesIO object at 0x0000014EBBD46040>,0.26711219549179077,0.03964053839445114,0.0021860641427338123,210732,55,4,False,Left,Front,Left,Centre,50
<_io.BytesIO object at 0x0000014EBBD46090>,0.22897213697433472,0.1080905869603157,-0.05502205342054367,210732,55,4,False,Left,Front,Left,Centre,50
<_io.BytesIO object at 0x0000014EBBD46810>,0.19217625260353088,0.07351099699735641,-0.07035527378320694,210732,55,4,False,Left,Front,Left,Centre,50
<_io.BytesIO object at 0x0000014EBBCA3C70>,0.1765591949224472,0.038732729852199554,-0.033641062676906586,210732,55,4,False,Left,Front,Left,Centre,50
<_io.BytesIO object at 0x0000014EBBCA3E00>,0.5234358310699463,0.08063923567533493,0.233243927359581,210732,55,4,False,Left,Front,Left,Centre,50
<_io.BytesIO object at 0x0000014EBBCA3B80>,0.494159072637558,0.14623519778251648,0.3191729784011841,210732,55,4,False,Left,Front,Left,Centre,50
<_io.BytesIO object at 0x0000014EBBCA3450>,0.5068265795707703,0.15525667369365692,0.22680416703224182,210732,55,4,False,Left,Front,Left,Centre,50
<_io.BytesIO object at 0x0000014EBBCA35E0>,0.5410507917404175,0.1219787523150444,0.2366405576467514,210732,55,4,False,Left,Front,Left,Centre,50
<_io.BytesIO object at 0x0000014EBBCA3AE0>,0.512707531452179,0.05468113347887993,0.2871730327606201,210732,55,4,False,Left,Front,Left,Centre,50
<_io.BytesIO object at 0x0000014EB8F2D0E0>,0.2646670639514923,0.09117589145898819,-0.081289142370224,210733,55,4,False,Left,Front,Left,Centre,50
<_io.BytesIO object at 0x0000014EB8F2D7C0>,0.2669546902179718,0.03970882669091225,0.0021052605006843805,210733,55,4,False,Left,Front,Left,Centre,50
<_io.BytesIO object at 0x0000014EB8F2D8B0>,0.22874736785888672,0.1080649122595787,-0.05518316105008125,210733,55,4,False,Left,Front,Left,Centre,50
<_io.BytesIO object at 0x0000014EBBD319A0>,0.1920672059059143,0.07352259755134583,-0.07052590698003769,210733,55,4,False,Left,Front,Left,Centre,50
<_io.BytesIO object at 0x0000014EBBD31F40>,0.17642131447792053,0.03871137276291847,-0.033749889582395554,210733,55,4,False,Left,Front,Left,Centre,50
<_io.BytesIO object at 0x0000014EBBD31900>,0.5234358310699463,0.08063923567533493,0.233243927359581,210733,55,4,False,Left,Front,Left,Centre,50
<_io.BytesIO object at 0x0000014EB8F37590>,0.494159072637558,0.14623519778251648,0.3191729784011841,210733,55,4,False,Left,Front,Left,Centre,50
<_io.BytesIO object at 0x0000014EB8F37310>,0.5068265795707703,0.15525667369365692,0.22680416703224182,210733,55,4,False,Left,Front,Left,Centre,50
<_io.BytesIO object at 0x0000014EB8F372C0>,0.5410507917404175,0.1219787523150444,0.2366405576467514,210733,55,4,False,Left,Front,Left,Centre,50
<_io.BytesIO object at 0x0000014EB8F379F0>,0.512707531452179,0.05468113347887993,0.2871730327606201,210733,55,4,False,Left,Front,Left,Centre,50
<_io.BytesIO object at 0x0000014EBBD39EA0>,0.26454517245292664,0.09120170772075653,-0.0813339501619339,210734,55,4,False,Left,Front,Left,Centre,50
<_io.BytesIO object at 0x0000014EBBD396D0>,0.26672008633613586,0.0398009717464447,0.0020696651190519333,210734,55,4,False,Left,Front,Left,Centre,50
<_io.BytesIO object at 0x0000014EBBD39810>,0.22860828042030334,0.10807584226131439,-0.0552983433008194,210734,55,4,False,Left,Front,Left,Centre,50
<_io.BytesIO object at 0x0000014EBBD6F720>,0.19197194278240204,0.07354553043842316,-0.07070805877447128,210734,55,4,False,Left,Front,Left,Centre,50
<_io.BytesIO object at 0x0000014EBBD6FD10>,0.1762441247701645,0.038718272000551224,-0.033781200647354126,210734,55,4,False,Left,Front,Left,Centre,50
<_io.BytesIO object at 0x0000014EBBD6FF90>,0.5234358310699463,0.08063923567533493,0.233243927359581,210734,55,4,False,Left,Front,Left,Centre,50
<_io.BytesIO object at 0x0000014EBBD6F130>,0.494159072637558,0.14623519778251648,0.3191729784011841,210734,55,4,False,Left,Front,Left,Centre,50
<_io.BytesIO object at 0x0000014EBBD6F6D0>,0.5068265795707703,0.15525667369365692,0.22680416703224182,210734,55,4,False,Left,Front,Left,Centre,50
<_io.BytesIO object at 0x0000014EBBD6F860>,0.5410507917404175,0.1219787523150444,0.2366405576467514,210734,55,4,False,Left,Front,Left,Centre,50
<_io.BytesIO object at 0x0000014EBBD6F540>,0.512707531452179,0.05468113347887993,0.2871730327606201,210734,55,4,False,Left,Front,Left,Centre,50
<_io.BytesIO object at 0x0000014EBBD6E3B0>,0.26442062854766846,0.09124085307121277,-0.08135559409856796,210735,55,4,False,Left,Front,Left,Centre,50
<_io.BytesIO object at 0x0000014EBBD6ED60>,0.26653847098350525,0.03990607336163521,0.0020182037260383368,210735,55,4,False,Left,Front,Left,Centre,50
<_io.BytesIO object at 0x0000014EBBCB9180>,0.2284310907125473,0.10813217610120773,-0.055394381284713745,210735,55,4,False,Left,Front,Left,Centre,50
<_io.BytesIO object at 0x0000014EBBCB9F90>,0.19184662401676178,0.07349450886249542,-0.07086605578660965,210735,55,4,False,Left,Front,Left,Centre,50
<_io.BytesIO object at 0x0000014EBBD6E9A0>,0.17609144747257233,0.03872883692383766,-0.03384917229413986,210735,55,4,False,Left,Front,Left,Centre,50
<_io.BytesIO object at 0x0000014EBBD6E720>,0.5234358310699463,0.08063923567533493,0.233243927359581,210735,55,4,False,Left,Front,Left,Centre,50
<_io.BytesIO object at 0x0000014EBBD6EF40>,0.494159072637558,0.14623519778251648,0.3191729784011841,210735,55,4,False,Left,Front,Left,Centre,50
<_io.BytesIO object at 0x0000014EBBD6EE50>,0.5068265795707703,0.15525667369365692,0.22680416703224182,210735,55,4,False,Left,Front,Left,Centre,50
<_io.BytesIO object at 0x0000014EBBD6E630>,0.5410507917404175,0.1219787523150444,0.2366405576467514,210735,55,4,False,Left,Front,Left,Centre,50
<_io.BytesIO object at 0x0000014EBBD6EB80>,0.512707531452179,0.05468113347887993,0.2871730327606201,210735,55,4,False,Left,Front,Left,Centre,50
<_io.BytesIO object at 0x0000014EBBD6F770>,0.2643095850944519,0.09129016846418381,-0.08138870447874069,210736,55,4,False,Left,Front,Left,Centre,50
<_io.BytesIO object at 0x0000014EBBD39D10>,0.2662121653556824,0.03997620567679405,0.0018889240454882383,210736,55,4,False,Left,Front,Left,Centre,50
<_io.BytesIO object at 0x0000014EBBD39040>,0.22826151549816132,0.10817762464284897,-0.05550176650285721,210736,55,4,False,Left,Front,Left,Centre,50
<_io.BytesIO object at 0x0000014EBBD39BD0>,0.19171090424060822,0.07350344955921173,-0.07097247242927551,210736,55,4,False,Left,Front,Left,Centre,50
<_io.BytesIO object at 0x0000014EBBD397C0>,0.17594459652900696,0.0386861115694046,-0.03391844406723976,210736,55,4,False,Left,Front,Left,Centre,50
<_io.BytesIO object at 0x0000014EBBD39CC0>,0.5234358310699463,0.08063923567533493,0.233243927359581,210736,55,4,False,Left,Front,Left,Centre,50
<_io.BytesIO object at 0x0000014EBBD39950>,0.494159072637558,0.14623519778251648,0.3191729784011841,210736,55,4,False,Left,Front,Left,Centre,50
<_io.BytesIO object at 0x0000014EBBC90950>,0.5068265795707703,0.15525667369365692,0.22680416703224182,210736,55,4,False,Left,Front,Left,Centre,50
<_io.BytesIO object at 0x0000014EBBC904F0>,0.5410507917404175,0.1219787523150444,0.2366405576467514,210736,55,4,False,Left,Front,Left,Centre,50
<_io.BytesIO object at 0x0000014EBBC90220>,0.512707531452179,0.05468113347887993,0.2871730327606201,210736,55,4,False,Left,Front,Left,Centre,50
<_io.BytesIO object at 0x0000014EBBD31CC0>,0.2642013728618622,0.09134957194328308,-0.08137103170156479,210737,55,4,False,Left,Front,Left,Centre,50
<_io.BytesIO object at 0x0000014EB8F2D9F0>,0.26601850986480713,0.04008927568793297,0.0018417122773826122,210737,55,4,False,Left,Front,Left,Centre,50
<_io.BytesIO object at 0x0000014EB8F2D130>,0.2281413972377777,0.10821904242038727,-0.05556387081742287,210737,55,4,False,Left,Front,Left,Centre,50
<_io.BytesIO object at 0x0000014EB8F2D360>,0.1915799230337143,0.07351864874362946,-0.07112935185432434,210737,55,4,False,Left,Front,Left,Centre,50
<_io.BytesIO object at 0x0000014EB8F2D310>,0.17582327127456665,0.038680657744407654,-0.03396734222769737,210737,55,4,False,Left,Front,Left,Centre,50
<_io.BytesIO object at 0x0000014EB8F2DA40>,0.5234358310699463,0.08063923567533493,0.233243927359581,210737,55,4,False,Left,Front,Left,Centre,50
<_io.BytesIO object at 0x0000014EB8F2D220>,0.494159072637558,0.14623519778251648,0.3191729784011841,210737,55,4,False,Left,Front,Left,Centre,50
<_io.BytesIO object at 0x0000014EB43451D0>,0.5068265795707703,0.15525667369365692,0.22680416703224182,210737,55,4,False,Left,Front,Left,Centre,50
<_io.BytesIO object at 0x0000014EB4345090>,0.5410507917404175,0.1219787523150444,0.2366405576467514,210737,55,4,False,Left,Front,Left,Centre,50
<_io.BytesIO object at 0x0000014EBBC927C0>,0.512707531452179,0.05468113347887993,0.2871730327606201,210737,55,4,False,Left,Front,Left,Centre,50
<_io.BytesIO object at 0x0000014EBBCA3720>,0.2640891373157501,0.09140262752771378,-0.08137079328298569,210738,55,4,False,Left,Front,Left,Centre,50
<_io.BytesIO object at 0x0000014EBBD46CC0>,0.2658248841762543,0.04024001210927963,0.001777578960172832,210738,55,4,False,Left,Front,Left,Centre,50
<_io.BytesIO object at 0x0000014EBBD46F40>,0.22799871861934662,0.10828001797199249,-0.055603403598070145,210738,55,4,False,Left,Front,Left,Centre,50
<_io.BytesIO object at 0x0000014EBBD46680>,0.19148749113082886,0.07354391366243362,-0.07122524082660675,210738,55,4,False,Left,Front,Left,Centre,50
<_io.BytesIO object at 0x0000014EBBD46720>,0.1757063865661621,0.03866839408874512,-0.033993568271398544,210738,55,4,False,Left,Front,Left,Centre,50
<_io.BytesIO object at 0x0000014EBBD46DB0>,0.5234358310699463,0.08063923567533493,0.233243927359581,210738,55,4,False,Left,Front,Left,Centre,50
<_io.BytesIO object at 0x0000014EBBD46220>,0.494159072637558,0.14623519778251648,0.3191729784011841,210738,55,4,False,Left,Front,Left,Centre,50
<_io.BytesIO object at 0x0000014EBBD66590>,0.5068265795707703,0.15525667369365692,0.22680416703224182,210738,55,4,False,Left,Front,Left,Centre,50
<_io.BytesIO object at 0x0000014EBBD66540>,0.5410507917404175,0.1219787523150444,0.2366405576467514,210738,55,4,False,Left,Front,Left,Centre,50
<_io.BytesIO object at 0x0000014EBBD66950>,0.512707531452179,0.05468113347887993,0.2871730327606201,210738,55,4,False,Left,Front,Left,Centre,50
<_io.BytesIO object at 0x0000014EB8F29D10>,0.2639843225479126,0.09144244343042374,-0.08135023713111877,210739,55,4,False,Left,Front,Left,Centre,50
<_io.BytesIO object at 0x0000014EB8F291D0>,0.2657114863395691,0.040348734706640244,0.0017755624139681458,210739,55,4,False,Left,Front,Left,Centre,50
<_io.BytesIO object at 0x0000014EB8F292C0>,0.2278500646352768,0.10829680413007736,-0.05565456300973892,210739,55,4,False,Left,Front,Left,Centre,50
<_io.BytesIO object at 0x0000014EB8F298B0>,0.19139984250068665,0.0735500231385231,-0.0713157206773758,210739,55,4,False,Left,Front,Left,Centre,50
<_io.BytesIO object at 0x0000014EBBCBDAE0>,0.17559395730495453,0.0386604480445385,-0.03403186798095703,210739,55,4,False,Left,Front,Left,Centre,50
<_io.BytesIO object at 0x0000014EBBCBD5E0>,0.5234358310699463,0.08063923567533493,0.233243927359581,210739,55,4,False,Left,Front,Left,Centre,50
<_io.BytesIO object at 0x0000014EBBCBD450>,0.494159072637558,0.14623519778251648,0.3191729784011841,210739,55,4,False,Left,Front,Left,Centre,50
<_io.BytesIO object at 0x0000014EBBCBD040>,0.5068265795707703,0.15525667369365692,0.22680416703224182,210739,55,4,False,Left,Front,Left,Centre,50
<_io.BytesIO object at 0x0000014EBBCBD950>,0.5410507917404175,0.1219787523150444,0.2366405576467514,210739,55,4,False,Left,Front,Left,Centre,50
<_io.BytesIO object at 0x0000014EBBCB9180>,0.512707531452179,0.05468113347887993,0.2871730327606201,210739,55,4,False,Left,Front,Left,Centre,50
<_io.BytesIO object at 0x0000014EBBD62310>,0.2638990879058838,0.09147913753986359,-0.0813768282532692,210740,55,4,False,Left,Front,Left,Centre,50
<_io.BytesIO object at 0x0000014EBBD629A0>,0.265797883272171,0.04056242108345032,0.0019215478096157312,210740,55,4,False,Left,Front,Left,Centre,50
<_io.BytesIO object at 0x0000014EBBD62E50>,0.22765277326107025,0.10829099267721176,-0.05576399713754654,210740,55,4,False,Left,Front,Left,Centre,50
<_io.BytesIO object at 0x0000014EBBD62360>,0.19136902689933777,0.07362207025289536,-0.07139740139245987,210740,55,4,False,Left,Front,Left,Centre,50
<_io.BytesIO object at 0x0000014EBBD66450>,0.17552153766155243,0.03861846402287483,-0.034046001732349396,210740,55,4,False,Left,Front,Left,Centre,50
<_io.BytesIO object at 0x0000014EBBD66040>,0.5234358310699463,0.08063923567533493,0.233243927359581,210740,55,4,False,Left,Front,Left,Centre,50
<_io.BytesIO object at 0x0000014EBBD666D0>,0.494159072637558,0.14623519778251648,0.3191729784011841,210740,55,4,False,Left,Front,Left,Centre,50
<_io.BytesIO object at 0x0000014EBBD664F0>,0.5068265795707703,0.15525667369365692,0.22680416703224182,210740,55,4,False,Left,Front,Left,Centre,50
<_io.BytesIO object at 0x0000014EBBD66220>,0.5410507917404175,0.1219787523150444,0.2366405576467514,210740,55,4,False,Left,Front,Left,Centre,50
<_io.BytesIO object at 0x0000014EBBD66130>,0.512707531452179,0.05468113347887993,0.2871730327606201,210740,55,4,False,Left,Front,Left,Centre,50
<_io.BytesIO object at 0x0000014EBBCA3680>,0.26386046409606934,0.09151805192232132,-0.08133861422538757,210741,55,4,False,Left,Front,Left,Centre,50
<_io.BytesIO object at 0x0000014EBBCA3180>,0.2657346725463867,0.04065138101577759,0.0019518282497301698,210741,55,4,False,Left,Front,Left,Centre,50
<_io.BytesIO object at 0x0000014EBBC92180>,0.2275760918855667,0.10830431431531906,-0.055780328810214996,210741,55,4,False,Left,Front,Left,Centre,50
<_io.BytesIO object at 0x0000014EBBC92450>,0.19135019183158875,0.07362314313650131,-0.07143135368824005,210741,55,4,False,Left,Front,Left,Centre,50
<_io.BytesIO object at 0x0000014EBBC929A0>,0.1754920482635498,0.038592807948589325,-0.03404076769948006,210741,55,4,False,Left,Front,Left,Centre,50
<_io.BytesIO object at 0x0000014EBBC92360>,0.5234358310699463,0.08063923567533493,0.233243927359581,210741,55,4,False,Left,Front,Left,Centre,50
<_io.BytesIO object at 0x0000014EBBC92720>,0.494159072637558,0.14623519778251648,0.3191729784011841,210741,55,4,False,Left,Front,Left,Centre,50
<_io.BytesIO object at 0x0000014EBBC928B0>,0.5068265795707703,0.15525667369365692,0.22680416703224182,210741,55,4,False,Left,Front,Left,Centre,50
<_io.BytesIO object at 0x0000014EBBC92A40>,0.5410507917404175,0.1219787523150444,0.2366405576467514,210741,55,4,False,Left,Front,Left,Centre,50
<_io.BytesIO object at 0x0000014EBBC923B0>,0.512707531452179,0.05468113347887993,0.2871730327606201,210741,55,4,False,Left,Front,Left,Centre,50
<_io.BytesIO object at 0x0000014EB8F37BD0>,0.2638724446296692,0.09154012054204941,-0.08127976953983307,210742,55,4,False,Left,Front,Left,Centre,50
<_io.BytesIO object at 0x0000014EB8F37040>,0.2657107710838318,0.04072455316781998,0.0019884826615452766,210742,55,4,False,Left,Front,Left,Centre,50
<_io.BytesIO object at 0x0000014EB8F370E0>,0.2274933159351349,0.10830198228359222,-0.055781856179237366,210742,55,4,False,Left,Front,Left,Centre,50
<_io.BytesIO object at 0x0000014EB8F37EA0>,0.19138087332248688,0.07359018176794052,-0.07149890065193176,210742,55,4,False,Left,Front,Left,Centre,50
<_io.BytesIO object at 0x0000014EBBC90360>,0.17551052570343018,0.038551267236471176,-0.03404189273715019,210742,55,4,False,Left,Front,Left,Centre,50
<_io.BytesIO object at 0x0000014EBBC906D0>,0.5234358310699463,0.08063923567533493,0.233243927359581,210742,55,4,False,Left,Front,Left,Centre,50
<_io.BytesIO object at 0x0000014EBBC90E00>,0.494159072637558,0.14623519778251648,0.3191729784011841,210742,55,4,False,Left,Front,Left,Centre,50
<_io.BytesIO object at 0x0000014EBBC90130>,0.5068265795707703,0.15525667369365692,0.22680416703224182,210742,55,4,False,Left,Front,Left,Centre,50
<_io.BytesIO object at 0x0000014EBBC90EA0>,0.5410507917404175,0.1219787523150444,0.2366405576467514,210742,55,4,False,Left,Front,Left,Centre,50
<_io.BytesIO object at 0x0000014EBBC90400>,0.512707531452179,0.05468113347887993,0.2871730327606201,210742,55,4,False,Left,Front,Left,Centre,50
<_io.BytesIO object at 0x0000014EBBD6FC70>,0.26392099261283875,0.09155718237161636,-0.08122562617063522,210743,55,4,False,Left,Front,Left,Centre,50
<_io.BytesIO object at 0x0000014EBBD6F950>,0.26572778820991516,0.04075002670288086,0.0020367824472486973,210743,55,4,False,Left,Front,Left,Centre,50
<_io.BytesIO object at 0x0000014EB8F5F9A0>,0.22751134634017944,0.10829738527536392,-0.05577188357710838,210743,55,4,False,Left,Front,Left,Centre,50
<_io.BytesIO object at 0x0000014EB8F5FC20>,0.19144122302532196,0.07353033125400543,-0.07149063050746918,210743,55,4,False,Left,Front,Left,Centre,50
<_io.BytesIO object at 0x0000014EB8F5F4A0>,0.1755852848291397,0.03849143162369728,-0.03403094783425331,210743,55,4,False,Left,Front,Left,Centre,50
<_io.BytesIO object at 0x0000014EB8F5F540>,0.5234358310699463,0.08063923567533493,0.233243927359581,210743,55,4,False,Left,Front,Left,Centre,50
<_io.BytesIO object at 0x0000014EB8F5F4F0>,0.494159072637558,0.14623519778251648,0.3191729784011841,210743,55,4,False,Left,Front,Left,Centre,50
<_io.BytesIO object at 0x0000014EB8F5FB30>,0.5068265795707703,0.15525667369365692,0.22680416703224182,210743,55,4,False,Left,Front,Left,Centre,50
<_io.BytesIO object at 0x0000014EBBD6EB30>,0.5410507917404175,0.1219787523150444,0.2366405576467514,210743,55,4,False,Left,Front,Left,Centre,50
<_io.BytesIO object at 0x0000014EBBD6E040>,0.512707531452179,0.05468113347887993,0.2871730327606201,210743,55,4,False,Left,Front,Left,Centre,50
<_io.BytesIO object at 0x0000014EBBD6FE00>,0.26400676369667053,0.09156498312950134,-0.0811491459608078,210744,55,4,False,Left,Front,Left,Centre,50
<_io.BytesIO object at 0x0000014EBBD6F270>,0.2657804787158966,0.040761616080999374,0.0021043973974883556,210744,55,4,False,Left,Front,Left,Centre,50
<_io.BytesIO object at 0x0000014EBBD6F4F0>,0.22758761048316956,0.10829310119152069,-0.05572937801480293,210744,55,4,False,Left,Front,Left,Centre,50
<_io.BytesIO object at 0x0000014EBBD39E50>,0.1915636509656906,0.07352392375469208,-0.07149030268192291,210744,55,4,False,Left,Front,Left,Centre,50
<_io.BytesIO object at 0x0000014EBBD39810>,0.17570510506629944,0.03841467574238777,-0.0340336412191391,210744,55,4,False,Left,Front,Left,Centre,50
<_io.BytesIO object at 0x0000014EBBD39D10>,0.5234358310699463,0.08063923567533493,0.233243927359581,210744,55,4,False,Left,Front,Left,Centre,50
<_io.BytesIO object at 0x0000014EBBD39130>,0.494159072637558,0.14623519778251648,0.3191729784011841,210744,55,4,False,Left,Front,Left,Centre,50
<_io.BytesIO object at 0x0000014EBBD39BD0>,0.5068265795707703,0.15525667369365692,0.22680416703224182,210744,55,4,False,Left,Front,Left,Centre,50
<_io.BytesIO object at 0x0000014EBBD39D60>,0.5410507917404175,0.1219787523150444,0.2366405576467514,210744,55,4,False,Left,Front,Left,Centre,50
<_io.BytesIO object at 0x0000014EBBD395E0>,0.512707531452179,0.05468113347887993,0.2871730327606201,210744,55,4,False,Left,Front,Left,Centre,50
<_io.BytesIO object at 0x0000014EB8F37A90>,0.264180064201355,0.09161235392093658,-0.08093470335006714,210745,55,4,False,Left,Front,Left,Centre,50
<_io.BytesIO object at 0x0000014EBBD31E50>,0.2658565938472748,0.04074675589799881,0.00216667540371418,210745,55,4,False,Left,Front,Left,Centre,50
<_io.BytesIO object at 0x0000014EBBD319A0>,0.22774575650691986,0.10831139236688614,-0.055587317794561386,210745,55,4,False,Left,Front,Left,Centre,50
<_io.BytesIO object at 0x0000014EB8F2D680>,0.19174787402153015,0.07347934693098068,-0.07151421904563904,210745,55,4,False,Left,Front,Left,Centre,50
<_io.BytesIO object at 0x0000014EB8F2DC70>,0.17584854364395142,0.03837591037154198,-0.034015439450740814,210745,55,4,False,Left,Front,Left,Centre,50
<_io.BytesIO object at 0x0000014EB8F2D130>,0.5234358310699463,0.08063923567533493,0.233243927359581,210745,55,4,False,Left,Front,Left,Centre,50
<_io.BytesIO object at 0x0000014EB8F2D4F0>,0.494159072637558,0.14623519778251648,0.3191729784011841,210745,55,4,False,Left,Front,Left,Centre,50
<_io.BytesIO object at 0x0000014EB8F2D220>,0.5068265795707703,0.15525667369365692,0.22680416703224182,210745,55,4,False,Left,Front,Left,Centre,50
<_io.BytesIO object at 0x0000014EB8F2DA40>,0.5410507917404175,0.1219787523150444,0.2366405576467514,210745,55,4,False,Left,Front,Left,Centre,50
<_io.BytesIO object at 0x0000014EB8F2DC20>,0.512707531452179,0.05468113347887993,0.2871730327606201,210745,55,4,False,Left,Front,Left,Centre,50
<_io.BytesIO object at 0x0000014EBBCA35E0>,0.264323353767395,0.09162096679210663,-0.08085504919290543,210746,55,4,False,Left,Front,Left,Centre,50
<_io.BytesIO object at 0x0000014EBBCA3F40>,0.26579922437667847,0.04064665362238884,0.002192015526816249,210746,55,4,False,Left,Front,Left,Centre,50
<_io.BytesIO object at 0x0000014EBBD461D0>,0.2278934270143509,0.10830700397491455,-0.055568382143974304,210746,55,4,False,Left,Front,Left,Centre,50
<_io.BytesIO object at 0x0000014EBBD46EF0>,0.19194386899471283,0.07344967871904373,-0.07142657041549683,210746,55,4,False,Left,Front,Left,Centre,50
<_io.BytesIO object at 0x0000014EBBD46270>,0.1760084480047226,0.03830348700284958,-0.03404318913817406,210746,55,4,False,Left,Front,Left,Centre,50
<_io.BytesIO object at 0x0000014EBBD46F40>,0.5234358310699463,0.08063923567533493,0.233243927359581,210746,55,4,False,Left,Front,Left,Centre,50
<_io.BytesIO object at 0x0000014EBBD46540>,0.494159072637558,0.14623519778251648,0.3191729784011841,210746,55,4,False,Left,Front,Left,Centre,50
<_io.BytesIO object at 0x0000014EBBD46220>,0.5068265795707703,0.15525667369365692,0.22680416703224182,210746,55,4,False,Left,Front,Left,Centre,50
<_io.BytesIO object at 0x0000014EBBD46DB0>,0.5410507917404175,0.1219787523150444,0.2366405576467514,210746,55,4,False,Left,Front,Left,Centre,50
<_io.BytesIO object at 0x0000014EBBD46D60>,0.512707531452179,0.05468113347887993,0.2871730327606201,210746,55,4,False,Left,Front,Left,Centre,50
<_io.BytesIO object at 0x0000014EBBD62810>,0.26448172330856323,0.09164158999919891,-0.08075132966041565,210747,55,4,False,Left,Front,Left,Centre,50
<_io.BytesIO object at 0x0000014EB8F29630>,0.265906423330307,0.0406450591981411,0.002279370790347457,210747,55,4,False,Left,Front,Left,Centre,50
<_io.BytesIO object at 0x0000014EB8F29BD0>,0.227984219789505,0.10830108076334,-0.055520620197057724,210747,55,4,False,Left,Front,Left,Centre,50
<_io.BytesIO object at 0x0000014EB8F296D0>,0.19209085404872894,0.07343855500221252,-0.0713891014456749,210747,55,4,False,Left,Front,Left,Centre,50
<_io.BytesIO object at 0x0000014EB8F29E50>,0.17616504430770874,0.03825237601995468,-0.03402513638138771,210747,55,4,False,Left,Front,Left,Centre,50
<_io.BytesIO object at 0x0000014EB8F298B0>,0.5234358310699463,0.08063923567533493,0.233243927359581,210747,55,4,False,Left,Front,Left,Centre,50
<_io.BytesIO object at 0x0000014EB8F29D10>,0.494159072637558,0.14623519778251648,0.3191729784011841,210747,55,4,False,Left,Front,Left,Centre,50
<_io.BytesIO object at 0x0000014EBBCBD810>,0.5068265795707703,0.15525667369365692,0.22680416703224182,210747,55,4,False,Left,Front,Left,Centre,50
<_io.BytesIO object at 0x0000014EBBCBD720>,0.5410507917404175,0.1219787523150444,0.2366405576467514,210747,55,4,False,Left,Front,Left,Centre,50
<_io.BytesIO object at 0x0000014EBBCBD270>,0.512707531452179,0.05468113347887993,0.2871730327606201,210747,55,4,False,Left,Front,Left,Centre,50
<_io.BytesIO object at 0x0000014EBBD6E040>,0.26463988423347473,0.09166417270898819,-0.08065888285636902,210748,55,4,False,Left,Front,Left,Centre,50
<_io.BytesIO object at 0x0000014EBBD6E9F0>,0.2660274803638458,0.040649961680173874,0.0023891236633062363,210748,55,4,False,Left,Front,Left,Centre,50
<_io.BytesIO object at 0x0000014EBBD6EAE0>,0.22806085646152496,0.10829086601734161,-0.05546809360384941,210748,55,4,False,Left,Front,Left,Centre,50
<_io.BytesIO object at 0x0000014EBBCBD7C0>,0.19222910702228546,0.07343539595603943,-0.07132826745510101,210748,55,4,False,Left,Front,Left,Centre,50
<_io.BytesIO object at 0x0000014EBBCBD6D0>,0.17630666494369507,0.038203101605176926,-0.03401914983987808,210748,55,4,False,Left,Front,Left,Centre,50
<_io.BytesIO object at 0x0000014EBBCBDB80>,0.5234358310699463,0.08063923567533493,0.233243927359581,210748,55,4,False,Left,Front,Left,Centre,50
<_io.BytesIO object at 0x0000014EBBCBDAE0>,0.494159072637558,0.14623519778251648,0.3191729784011841,210748,55,4,False,Left,Front,Left,Centre,50
<_io.BytesIO object at 0x0000014EBBCBD860>,0.5068265795707703,0.15525667369365692,0.22680416703224182,210748,55,4,False,Left,Front,Left,Centre,50
<_io.BytesIO object at 0x0000014EB8F292C0>,0.5410507917404175,0.1219787523150444,0.2366405576467514,210748,55,4,False,Left,Front,Left,Centre,50
<_io.BytesIO object at 0x0000014EB8F29E50>,0.512707531452179,0.05468113347887993,0.2871730327606201,210748,55,4,False,Left,Front,Left,Centre,50
<_io.BytesIO object at 0x0000014EBBD66BD0>,0.2647639214992523,0.09168235957622528,-0.0805446058511734,210749,55,4,False,Left,Front,Left,Centre,50
<_io.BytesIO object at 0x0000014EBBD66E50>,0.2662973701953888,0.04074594005942345,0.0025736091192811728,210749,55,4,False,Left,Front,Left,Centre,50
<_io.BytesIO object at 0x0000014EBBD66400>,0.22814851999282837,0.1082693338394165,-0.055430781096220016,210749,55,4,False,Left,Front,Left,Centre,50
<_io.BytesIO object at 0x0000014EBBD66AE0>,0.19237163662910461,0.07341405749320984,-0.07130220532417297,210749,55,4,False,Left,Front,Left,Centre,50
<_io.BytesIO object at 0x0000014EBBD46680>,0.1764468252658844,0.038192737847566605,-0.03402663767337799,210749,55,4,False,Left,Front,Left,Centre,50
<_io.BytesIO object at 0x0000014EBBD460E0>,0.5234358310699463,0.08063923567533493,0.233243927359581,210749,55,4,False,Left,Front,Left,Centre,50
<_io.BytesIO object at 0x0000014EBBD46D10>,0.494159072637558,0.14623519778251648,0.3191729784011841,210749,55,4,False,Left,Front,Left,Centre,50
<_io.BytesIO object at 0x0000014EBBD46B30>,0.5068265795707703,0.15525667369365692,0.22680416703224182,210749,55,4,False,Left,Front,Left,Centre,50
<_io.BytesIO object at 0x0000014EBBD46F40>,0.5410507917404175,0.1219787523150444,0.2366405576467514,210749,55,4,False,Left,Front,Left,Centre,50
<_io.BytesIO object at 0x0000014EBBD46BD0>,0.512707531452179,0.05468113347887993,0.2871730327606201,210749,55,4,False,Left,Front,Left,Centre,50
<_io.BytesIO object at 0x0000014EBBC925E0>,0.2648821175098419,0.0917368084192276,-0.08043992519378662,210750,55,4,False,Left,Front,Left,Centre,50
<_io.BytesIO object at 0x0000014EBBC92B80>,0.2663843035697937,0.04076124355196953,0.0026688924990594387,210750,55,4,False,Left,Front,Left,Centre,50
<_io.BytesIO object at 0x0000014EB4345360>,0.22824664413928986,0.10826506465673447,-0.05535736680030823,210750,55,4,False,Left,Front,Left,Centre,50
<_io.BytesIO object at 0x0000014EB8F2D900>,0.1925186961889267,0.07341527938842773,-0.07130027562379837,210750,55,4,False,Left,Front,Left,Centre,50
<_io.BytesIO object at 0x0000014EB8F2DAE0>,0.17657984793186188,0.03815044090151787,-0.034070611000061035,210750,55,4,False,Left,Front,Left,Centre,50
<_io.BytesIO object at 0x0000014EB8F2D2C0>,0.5234358310699463,0.08063923567533493,0.233243927359581,210750,55,4,False,Left,Front,Left,Centre,50
<_io.BytesIO object at 0x0000014EB8F2D720>,0.494159072637558,0.14623519778251648,0.3191729784011841,210750,55,4,False,Left,Front,Left,Centre,50
<_io.BytesIO object at 0x0000014EB8F2DF40>,0.5068265795707703,0.15525667369365692,0.22680416703224182,210750,55,4,False,Left,Front,Left,Centre,50
<_io.BytesIO object at 0x0000014EB8F2D130>,0.5410507917404175,0.1219787523150444,0.2366405576467514,210750,55,4,False,Left,Front,Left,Centre,50
<_io.BytesIO object at 0x0000014EB8F2D040>,0.512707531452179,0.05468113347887993,0.2871730327606201,210750,55,4,False,Left,Front,Left,Centre,50
<_io.BytesIO object at 0x0000014EBBC903B0>,0.2649829089641571,0.09178313612937927,-0.08035346865653992,210751,55,4,False,Left,Front,Left,Centre,50
<_io.BytesIO object at 0x0000014EBBC90EF0>,0.2664959132671356,0.04084774851799011,0.002774028806015849,210751,55,4,False,Left,Front,Left,Centre,50
<_io.BytesIO object at 0x0000014EBBC909A0>,0.2282734513282776,0.10829135775566101,-0.05530691146850586,210751,55,4,False,Left,Front,Left,Centre,50
<_io.BytesIO object at 0x0000014EBBD39860>,0.19264456629753113,0.07341740280389786,-0.07131294161081314,210751,55,4,False,Left,Front,Left,Centre,50
<_io.BytesIO object at 0x0000014EBBD392C0>,0.1766539216041565,0.03811977431178093,-0.034092605113983154,210751,55,4,False,Left,Front,Left,Centre,50
<_io.BytesIO object at 0x0000014EBBD39C20>,0.5234358310699463,0.08063923567533493,0.233243927359581,210751,55,4,False,Left,Front,Left,Centre,50
<_io.BytesIO object at 0x0000014EBBD397C0>,0.494159072637558,0.14623519778251648,0.3191729784011841,210751,55,4,False,Left,Front,Left,Centre,50
<_io.BytesIO object at 0x0000014EBBD393B0>,0.5068265795707703,0.15525667369365692,0.22680416703224182,210751,55,4,False,Left,Front,Left,Centre,50
<_io.BytesIO object at 0x0000014EBBD39AE0>,0.5410507917404175,0.1219787523150444,0.2366405576467514,210751,55,4,False,Left,Front,Left,Centre,50
<_io.BytesIO object at 0x0000014EBBD39810>,0.512707531452179,0.05468113347887993,0.2871730327606201,210751,55,4,False,Left,Front,Left,Centre,50
<_io.BytesIO object at 0x0000014EB8F5F1D0>,0.26504597067832947,0.0918433666229248,-0.08026374131441116,210752,55,4,False,Left,Front,Left,Centre,50
<_io.BytesIO object at 0x0000014EB8F5F590>,0.2665162980556488,0.04089512303471565,0.002829983364790678,210752,55,4,False,Left,Front,Left,Centre,50
<_io.BytesIO object at 0x0000014EBBCB9CC0>,0.22829756140708923,0.10832307487726212,-0.05528324469923973,210752,55,4,False,Left,Front,Left,Centre,50
<_io.BytesIO object at 0x0000014EBBCB95E0>,0.1927272081375122,0.07342670112848282,-0.07134465873241425,210752,55,4,False,Left,Front,Left,Centre,50
<_io.BytesIO object at 0x0000014EB8F5F680>,0.17672130465507507,0.03808851167559624,-0.034122124314308167,210752,55,4,False,Left,Front,Left,Centre,50
<_io.BytesIO object at 0x0000014EB8F5FA90>,0.5234358310699463,0.08063923567533493,0.233243927359581,210752,55,4,False,Left,Front,Left,Centre,50
<_io.BytesIO object at 0x0000014EB8F5F540>,0.494159072637558,0.14623519778251648,0.3191729784011841,210752,55,4,False,Left,Front,Left,Centre,50
<_io.BytesIO object at 0x0000014EB8F5FC20>,0.5068265795707703,0.15525667369365692,0.22680416703224182,210752,55,4,False,Left,Front,Left,Centre,50
<_io.BytesIO object at 0x0000014EB8F5F720>,0.5410507917404175,0.1219787523150444,0.2366405576467514,210752,55,4,False,Left,Front,Left,Centre,50
<_io.BytesIO object at 0x0000014EB8F5FAE0>,0.512707531452179,0.05468113347887993,0.2871730327606201,210752,55,4,False,Left,Front,Left,Centre,50
<_io.BytesIO object at 0x0000014EBBD39680>,0.2651096284389496,0.09191427379846573,-0.08017197996377945,210753,55,4,False,Left,Front,Left,Centre,50
<_io.BytesIO object at 0x0000014EBBC90C70>,0.26651817560195923,0.0409621000289917,0.0028878175653517246,210753,55,4,False,Left,Front,Left,Centre,50
<_io.BytesIO object at 0x0000014EBBC904A0>,0.22828704118728638,0.1083626002073288,-0.05526475980877876,210753,55,4,False,Left,Front,Left,Centre,50
<_io.BytesIO object at 0x0000014EBBC904F0>,0.19279786944389343,0.07345106452703476,-0.07138955593109131,210753,55,4,False,Left,Front,Left,Centre,50
<_io.BytesIO object at 0x0000014EBBC900E0>,0.17675314843654633,0.03805112838745117,-0.034164708107709885,210753,55,4,False,Left,Front,Left,Centre,50
<_io.BytesIO object at 0x0000014EBBC90A90>,0.5234358310699463,0.08063923567533493,0.233243927359581,210753,55,4,False,Left,Front,Left,Centre,50
<_io.BytesIO object at 0x0000014EBBC90B30>,0.494159072637558,0.14623519778251648,0.3191729784011841,210753,55,4,False,Left,Front,Left,Centre,50
<_io.BytesIO object at 0x0000014EB8F37D60>,0.5068265795707703,0.15525667369365692,0.22680416703224182,210753,55,4,False,Left,Front,Left,Centre,50
<_io.BytesIO object at 0x0000014EB8F37AE0>,0.5410507917404175,0.1219787523150444,0.2366405576467514,210753,55,4,False,Left,Front,Left,Centre,50
<_io.BytesIO object at 0x0000014EB8F37B80>,0.512707531452179,0.05468113347887993,0.2871730327606201,210753,55,4,False,Left,Front,Left,Centre,50
<_io.BytesIO object at 0x0000014EB8F2D9F0>,0.26515716314315796,0.09198039025068283,-0.08007907122373581,210754,55,4,False,Left,Front,Left,Centre,50
<_io.BytesIO object at 0x0000014EB43452C0>,0.26648104190826416,0.04104100912809372,0.002949181944131851,210754,55,4,False,Left,Front,Left,Centre,50
<_io.BytesIO object at 0x0000014EBBC92680>,0.22825360298156738,0.10841473191976547,-0.055241744965314865,210754,55,4,False,Left,Front,Left,Centre,50
<_io.BytesIO object at 0x0000014EBBC92630>,0.192854106426239,0.07346902787685394,-0.07144532352685928,210754,55,4,False,Left,Front,Left,Centre,50
<_io.BytesIO object at 0x0000014EBBC92810>,0.17677241563796997,0.03801724687218666,-0.034187573939561844,210754,55,4,False,Left,Front,Left,Centre,50
<_io.BytesIO object at 0x0000014EBBC92D10>,0.5234358310699463,0.08063923567533493,0.233243927359581,210754,55,4,False,Left,Front,Left,Centre,50
<_io.BytesIO object at 0x0000014EBBC92450>,0.494159072637558,0.14623519778251648,0.3191729784011841,210754,55,4,False,Left,Front,Left,Centre,50
<_io.BytesIO object at 0x0000014EBBC92270>,0.5068265795707703,0.15525667369365692,0.22680416703224182,210754,55,4,False,Left,Front,Left,Centre,50
<_io.BytesIO object at 0x0000014EBBCA33B0>,0.5410507917404175,0.1219787523150444,0.2366405576467514,210754,55,4,False,Left,Front,Left,Centre,50
<_io.BytesIO object at 0x0000014EBBCA3AE0>,0.512707531452179,0.05468113347887993,0.2871730327606201,210754,55,4,False,Left,Front,Left,Centre,50
<_io.BytesIO object at 0x0000014EBBD46090>,0.26519665122032166,0.09204325079917908,-0.07998163253068924,210755,55,4,False,Left,Front,Left,Centre,50
<_io.BytesIO object at 0x0000014EBBD669A0>,0.26643747091293335,0.04117229953408241,0.0031022389885038137,210755,55,4,False,Left,Front,Left,Centre,50
<_io.BytesIO object at 0x0000014EBBD66220>,0.228232279419899,0.10844766348600388,-0.055228907614946365,210755,55,4,False,Left,Front,Left,Centre,50
<_io.BytesIO object at 0x0000014EBBD669F0>,0.19290223717689514,0.07348965108394623,-0.07152513414621353,210755,55,4,False,Left,Front,Left,Centre,50
<_io.BytesIO object at 0x0000014EBBD66770>,0.17679549753665924,0.037967748939991,-0.03422923758625984,210755,55,4,False,Left,Front,Left,Centre,50
<_io.BytesIO object at 0x0000014EBBD665E0>,0.5234358310699463,0.08063923567533493,0.233243927359581,210755,55,4,False,Left,Front,Left,Centre,50
<_io.BytesIO object at 0x0000014EBBD62310>,0.494159072637558,0.14623519778251648,0.3191729784011841,210755,55,4,False,Left,Front,Left,Centre,50
<_io.BytesIO object at 0x0000014EBBD62900>,0.5068265795707703,0.15525667369365692,0.22680416703224182,210755,55,4,False,Left,Front,Left,Centre,50
<_io.BytesIO object at 0x0000014EBBD62950>,0.5410507917404175,0.1219787523150444,0.2366405576467514,210755,55,4,False,Left,Front,Left,Centre,50
<_io.BytesIO object at 0x0000014EBBD625E0>,0.512707531452179,0.05468113347887993,0.2871730327606201,210755,55,4,False,Left,Front,Left,Centre,50
<_io.BytesIO object at 0x0000014EBBCBDF90>,0.26527106761932373,0.0921436995267868,-0.07977808266878128,210756,55,4,False,Left,Front,Left,Centre,50
<_io.BytesIO object at 0x0000014EBBCBD590>,0.2663789391517639,0.04125417768955231,0.00316153303720057,210756,55,4,False,Left,Front,Left,Centre,50
<_io.BytesIO object at 0x0000014EBBD6E900>,0.2282068282365799,0.10847137123346329,-0.05522173270583153,210756,55,4,False,Left,Front,Left,Centre,50
<_io.BytesIO object at 0x0000014EBBD6E6D0>,0.19294247031211853,0.07349498569965363,-0.07160057127475739,210756,55,4,False,Left,Front,Left,Centre,50
<_io.BytesIO object at 0x0000014EBBD6E4F0>,0.17681871354579926,0.037899602204561234,-0.03429920971393585,210756,55,4,False,Left,Front,Left,Centre,50
<_io.BytesIO object at 0x0000014EBBD6E270>,0.5234358310699463,0.08063923567533493,0.233243927359581,210756,55,4,False,Left,Front,Left,Centre,50
<_io.BytesIO object at 0x0000014EBBD6E180>,0.494159072637558,0.14623519778251648,0.3191729784011841,210756,55,4,False,Left,Front,Left,Centre,50
<_io.BytesIO object at 0x0000014EBBD6E220>,0.5068265795707703,0.15525667369365692,0.22680416703224182,210756,55,4,False,Left,Front,Left,Centre,50
<_io.BytesIO object at 0x0000014EBBCB9C70>,0.5410507917404175,0.1219787523150444,0.2366405576467514,210756,55,4,False,Left,Front,Left,Centre,50
<_io.BytesIO object at 0x0000014EBBCB9BD0>,0.512707531452179,0.05468113347887993,0.2871730327606201,210756,55,4,False,Left,Front,Left,Centre,50
<_io.BytesIO object at 0x0000014EB8F291D0>,0.26532185077667236,0.09219647198915482,-0.07966498285531998,210757,55,4,False,Left,Front,Left,Centre,50
<_io.BytesIO object at 0x0000014EB8F29450>,0.2663433253765106,0.041378315538167953,0.0033088265918195248,210757,55,4,False,Left,Front,Left,Centre,50
<_io.BytesIO object at 0x0000014EB8F299F0>,0.22815081477165222,0.10850106179714203,-0.05525393784046173,210757,55,4,False,Left,Front,Left,Centre,50
<_io.BytesIO object at 0x0000014EB8F29180>,0.19299805164337158,0.07348621636629105,-0.07167614251375198,210757,55,4,False,Left,Front,Left,Centre,50
<_io.BytesIO object at 0x0000014EB8F29D10>,0.17681805789470673,0.03780335560441017,-0.034338872879743576,210757,55,4,False,Left,Front,Left,Centre,50
<_io.BytesIO object at 0x0000014EBBD62C70>,0.5234358310699463,0.08063923567533493,0.233243927359581,210757,55,4,False,Left,Front,Left,Centre,50
<_io.BytesIO object at 0x0000014EBBD62680>,0.494159072637558,0.14623519778251648,0.3191729784011841,210757,55,4,False,Left,Front,Left,Centre,50
<_io.BytesIO object at 0x0000014EBBD62B80>,0.5068265795707703,0.15525667369365692,0.22680416703224182,210757,55,4,False,Left,Front,Left,Centre,50
<_io.BytesIO object at 0x0000014EBBD62F90>,0.5410507917404175,0.1219787523150444,0.2366405576467514,210757,55,4,False,Left,Front,Left,Centre,50
<_io.BytesIO object at 0x0000014EBBD621D0>,0.512707531452179,0.05468113347887993,0.2871730327606201,210757,55,4,False,Left,Front,Left,Centre,50
<_io.BytesIO object at 0x0000014EBBD46450>,0.2652699649333954,0.09221357852220535,-0.07968584448099136,210758,55,4,False,Left,Front,Left,Centre,50
<_io.BytesIO object at 0x0000014EBBD46630>,0.266288161277771,0.04145944491028786,0.003384572919458151,210758,55,4,False,Left,Front,Left,Centre,50
<_io.BytesIO object at 0x0000014EBBCA3040>,0.2281075268983841,0.10847529768943787,-0.05521787330508232,210758,55,4,False,Left,Front,Left,Centre,50
<_io.BytesIO object at 0x0000014EBBCA35E0>,0.19304883480072021,0.07346861809492111,-0.07175333052873611,210758,55,4,False,Left,Front,Left,Centre,50
<_io.BytesIO object at 0x0000014EBBCA3090>,0.1768268495798111,0.03772469982504845,-0.03436059132218361,210758,55,4,False,Left,Front,Left,Centre,50
<_io.BytesIO object at 0x0000014EBBCA3450>,0.5234358310699463,0.08063923567533493,0.233243927359581,210758,55,4,False,Left,Front,Left,Centre,50
<_io.BytesIO object at 0x0000014EBBCA3D60>,0.494159072637558,0.14623519778251648,0.3191729784011841,210758,55,4,False,Left,Front,Left,Centre,50
<_io.BytesIO object at 0x0000014EBBCA32C0>,0.5068265795707703,0.15525667369365692,0.22680416703224182,210758,55,4,False,Left,Front,Left,Centre,50
<_io.BytesIO object at 0x0000014EBBCA3180>,0.5410507917404175,0.1219787523150444,0.2366405576467514,210758,55,4,False,Left,Front,Left,Centre,50
<_io.BytesIO object at 0x0000014EBBC92DB0>,0.512707531452179,0.05468113347887993,0.2871730327606201,210758,55,4,False,Left,Front,Left,Centre,50
<_io.BytesIO object at 0x0000014EB8F2D860>,0.2652936577796936,0.0922325998544693,-0.07956749200820923,210759,55,4,False,Left,Front,Left,Centre,50
<_io.BytesIO object at 0x0000014EB8F2DD10>,0.26622673869132996,0.04153497889637947,0.003469126997515559,210759,55,4,False,Left,Front,Left,Centre,50
<_io.BytesIO object at 0x0000014EBBD31E50>,0.22806638479232788,0.1084725633263588,-0.055206067860126495,210759,55,4,False,Left,Front,Left,Centre,50
<_io.BytesIO object at 0x0000014EBBD31E00>,0.19310657680034637,0.07342258840799332,-0.07186298072338104,210759,55,4,False,Left,Front,Left,Centre,50
<_io.BytesIO object at 0x0000014EB8F37D10>,0.17683011293411255,0.03765622153878212,-0.03439830616116524,210759,55,4,False,Left,Front,Left,Centre,50
<_io.BytesIO object at 0x0000014EB8F37F90>,0.5234358310699463,0.08063923567533493,0.233243927359581,210759,55,4,False,Left,Front,Left,Centre,50
<_io.BytesIO object at 0x0000014EB8F37090>,0.494159072637558,0.14623519778251648,0.3191729784011841,210759,55,4,False,Left,Front,Left,Centre,50
<_io.BytesIO object at 0x0000014EB8F37EF0>,0.5068265795707703,0.15525667369365692,0.22680416703224182,210759,55,4,False,Left,Front,Left,Centre,50
<_io.BytesIO object at 0x0000014EB8F37720>,0.5410507917404175,0.1219787523150444,0.2366405576467514,210759,55,4,False,Left,Front,Left,Centre,50
<_io.BytesIO object at 0x0000014EB8F37130>,0.512707531452179,0.05468113347887993,0.2871730327606201,210759,55,4,False,Left,Front,Left,Centre,50
<_io.BytesIO object at 0x0000014EBBD39040>,0.26536333560943604,0.09230765700340271,-0.07934097200632095,210760,55,4,False,Left,Front,Left,Centre,50
<_io.BytesIO object at 0x0000014EBBD39130>,0.26615110039711,0.041608523577451706,0.0035483974497765303,210760,55,4,False,Left,Front,Left,Centre,50
<_io.BytesIO object at 0x0000014EBBD6FD60>,0.22803561389446259,0.10847432166337967,-0.05520263686776161,210760,55,4,False,Left,Front,Left,Centre,50
<_io.BytesIO object at 0x0000014EBBD6F860>,0.19316308200359344,0.07337155938148499,-0.07194557040929794,210760,55,4,False,Left,Front,Left,Centre,50
<_io.BytesIO object at 0x0000014EBBD6F7C0>,0.176822692155838,0.03751908987760544,-0.03435967490077019,210760,55,4,False,Left,Front,Left,Centre,50
<_io.BytesIO object at 0x0000014EBBD6FF90>,0.5234358310699463,0.08063923567533493,0.233243927359581,210760,55,4,False,Left,Front,Left,Centre,50
<_io.BytesIO object at 0x0000014EBBD6FC20>,0.494159072637558,0.14623519778251648,0.3191729784011841,210760,55,4,False,Left,Front,Left,Centre,50
<_io.BytesIO object at 0x0000014EBBD6F950>,0.5068265795707703,0.15525667369365692,0.22680416703224182,210760,55,4,False,Left,Front,Left,Centre,50
<_io.BytesIO object at 0x0000014EB8F5F450>,0.5410507917404175,0.1219787523150444,0.2366405576467514,210760,55,4,False,Left,Front,Left,Centre,50
<_io.BytesIO object at 0x0000014EB8F5FD10>,0.512707531452179,0.05468113347887993,0.2871730327606201,210760,55,4,False,Left,Front,Left,Centre,50
<_io.BytesIO object at 0x0000014EBBD39F40>,0.26548975706100464,0.09236636757850647,-0.0791015475988388,210761,55,4,False,Left,Front,Left,Centre,50
<_io.BytesIO object at 0x0000014EBBD39D10>,0.26600518822669983,0.04168149083852768,0.0036309179849922657,210761,55,4,False,Left,Front,Left,Centre,50
<_io.BytesIO object at 0x0000014EBBD39860>,0.228005051612854,0.10845673829317093,-0.05518956109881401,210761,55,4,False,Left,Front,Left,Centre,50
<_io.BytesIO object at 0x0000014EBBC90F40>,0.1932317018508911,0.073316290974617,-0.07203041762113571,210761,55,4,False,Left,Front,Left,Centre,50
<_io.BytesIO object at 0x0000014EBBC909A0>,0.17699453234672546,0.0372956320643425,-0.0346352718770504,210761,55,4,False,Left,Front,Left,Centre,50
<_io.BytesIO object at 0x0000014EBBC90090>,0.5234358310699463,0.08063923567533493,0.233243927359581,210761,55,4,False,Left,Front,Left,Centre,50
<_io.BytesIO object at 0x0000014EBBC902C0>,0.494159072637558,0.14623519778251648,0.3191729784011841,210761,55,4,False,Left,Front,Left,Centre,50
<_io.BytesIO object at 0x0000014EBBC90040>,0.5068265795707703,0.15525667369365692,0.22680416703224182,210761,55,4,False,Left,Front,Left,Centre,50
<_io.BytesIO object at 0x0000014EBBC90900>,0.5410507917404175,0.1219787523150444,0.2366405576467514,210761,55,4,False,Left,Front,Left,Centre,50
<_io.BytesIO object at 0x0000014EBBC90270>,0.512707531452179,0.05468113347887993,0.2871730327606201,210761,55,4,False,Left,Front,Left,Centre,50
<_io.BytesIO object at 0x0000014EB8F2D4F0>,0.26553651690483093,0.09239412099123001,-0.07895873486995697,210762,55,4,False,Left,Front,Left,Centre,50
<_io.BytesIO object at 0x0000014EB8F2D1D0>,0.2661469280719757,0.04199497029185295,0.003964169416576624,210762,55,4,False,Left,Front,Left,Centre,50
<_io.BytesIO object at 0x0000014EB4345400>,0.22796840965747833,0.10845235735177994,-0.05515265837311745,210762,55,4,False,Left,Front,Left,Centre,50
<_io.BytesIO object at 0x0000014EB43452C0>,0.19330263137817383,0.07326210290193558,-0.07211967557668686,210762,55,4,False,Left,Front,Left,Centre,50
<_io.BytesIO object at 0x0000014EBBC925E0>,0.1769983470439911,0.03718216344714165,-0.03468674048781395,210762,55,4,False,Left,Front,Left,Centre,50
<_io.BytesIO object at 0x0000014EBBC92720>,0.5234358310699463,0.08063923567533493,0.233243927359581,210762,55,4,False,Left,Front,Left,Centre,50
<_io.BytesIO object at 0x0000014EBBC92680>,0.494159072637558,0.14623519778251648,0.3191729784011841,210762,55,4,False,Left,Front,Left,Centre,50
<_io.BytesIO object at 0x0000014EBBC927C0>,0.5068265795707703,0.15525667369365692,0.22680416703224182,210762,55,4,False,Left,Front,Left,Centre,50
<_io.BytesIO object at 0x0000014EBBC92400>,0.5410507917404175,0.1219787523150444,0.2366405576467514,210762,55,4,False,Left,Front,Left,Centre,50
<_io.BytesIO object at 0x0000014EBBC92450>,0.512707531452179,0.05468113347887993,0.2871730327606201,210762,55,4,False,Left,Front,Left,Centre,50
<_io.BytesIO object at 0x0000014EBBD46540>,0.26560625433921814,0.09241794049739838,-0.07881604135036469,210763,55,4,False,Left,Front,Left,Centre,50
<_io.BytesIO object at 0x0000014EBBD46310>,0.2661668658256531,0.04216867685317993,0.004147639032453299,210763,55,4,False,Left,Front,Left,Centre,50
<_io.BytesIO object at 0x0000014EBBD66F90>,0.22794152796268463,0.1084350124001503,-0.05515270307660103,210763,55,4,False,Left,Front,Left,Centre,50
<_io.BytesIO object at 0x0000014EBBD66540>,0.19343188405036926,0.07318474352359772,-0.07224350422620773,210763,55,4,False,Left,Front,Left,Centre,50
<_io.BytesIO object at 0x0000014EBBD66EA0>,0.1770397126674652,0.03708139434456825,-0.0347333662211895,210763,55,4,False,Left,Front,Left,Centre,50
<_io.BytesIO object at 0x0000014EBBD66DB0>,0.5234358310699463,0.08063923567533493,0.233243927359581,210763,55,4,False,Left,Front,Left,Centre,50
<_io.BytesIO object at 0x0000014EBBD66A40>,0.494159072637558,0.14623519778251648,0.3191729784011841,210763,55,4,False,Left,Front,Left,Centre,50
<_io.BytesIO object at 0x0000014EBBD66360>,0.5068265795707703,0.15525667369365692,0.22680416703224182,210763,55,4,False,Left,Front,Left,Centre,50
<_io.BytesIO object at 0x0000014EBBD66D10>,0.5410507917404175,0.1219787523150444,0.2366405576467514,210763,55,4,False,Left,Front,Left,Centre,50
<_io.BytesIO object at 0x0000014EBBD667C0>,0.512707531452179,0.05468113347887993,0.2871730327606201,210763,55,4,False,Left,Front,Left,Centre,50
<_io.BytesIO object at 0x0000014EBBD62810>,0.2657008767127991,0.09244855493307114,-0.07867946475744247,210764,55,4,False,Left,Front,Left,Centre,50
<_io.BytesIO object at 0x0000014EBBD629A0>,0.265957772731781,0.042145177721977234,0.004139983095228672,210764,55,4,False,Left,Front,Left,Centre,50
<_io.BytesIO object at 0x0000014EBBD62180>,0.22792255878448486,0.10842278599739075,-0.055147282779216766,210764,55,4,False,Left,Front,Left,Centre,50
<_io.BytesIO object at 0x0000014EBBD620E0>,0.19352851808071136,0.07310525327920914,-0.0723443329334259,210764,55,4,False,Left,Front,Left,Centre,50
<_io.BytesIO object at 0x0000014EBBD6E130>,0.17706938087940216,0.03697846084833145,-0.03482009842991829,210764,55,4,False,Left,Front,Left,Centre,50
<_io.BytesIO object at 0x0000014EBBD6EF90>,0.5234358310699463,0.08063923567533493,0.233243927359581,210764,55,4,False,Left,Front,Left,Centre,50
<_io.BytesIO object at 0x0000014EBBD6EE00>,0.494159072637558,0.14623519778251648,0.3191729784011841,210764,55,4,False,Left,Front,Left,Centre,50
<_io.BytesIO object at 0x0000014EBBD6EEA0>,0.5068265795707703,0.15525667369365692,0.22680416703224182,210764,55,4,False,Left,Front,Left,Centre,50
<_io.BytesIO object at 0x0000014EBBD6E270>,0.5410507917404175,0.1219787523150444,0.2366405576467514,210764,55,4,False,Left,Front,Left,Centre,50
<_io.BytesIO object at 0x0000014EBBD6EE50>,0.512707531452179,0.05468113347887993,0.2871730327606201,210764,55,4,False,Left,Front,Left,Centre,50
<_io.BytesIO object at 0x0000014EB8F5F9A0>,0.2657979726791382,0.09247536957263947,-0.07855041325092316,210765,55,4,False,Left,Front,Left,Centre,50
<_io.BytesIO object at 0x0000014EB8F5F950>,0.2660064995288849,0.04231714829802513,0.004311835393309593,210765,55,4,False,Left,Front,Left,Centre,50
<_io.BytesIO object at 0x0000014EB8F5F400>,0.22792859375476837,0.10840854048728943,-0.0551520474255085,210765,55,4,False,Left,Front,Left,Centre,50
<_io.BytesIO object at 0x0000014EB8F5FA90>,0.19362923502922058,0.07304967939853668,-0.0724729374051094,210765,55,4,False,Left,Front,Left,Centre,50
<_io.BytesIO object at 0x0000014EB8F5F090>,0.17732152342796326,0.03658352419734001,-0.03511743247509003,210765,55,4,False,Left,Front,Left,Centre,50
<_io.BytesIO object at 0x0000014EBBD6ECC0>,0.5234358310699463,0.08063923567533493,0.233243927359581,210765,55,4,False,Left,Front,Left,Centre,50
<_io.BytesIO object at 0x0000014EBBD6E7C0>,0.494159072637558,0.14623519778251648,0.3191729784011841,210765,55,4,False,Left,Front,Left,Centre,50
<_io.BytesIO object at 0x0000014EBBD6E8B0>,0.5068265795707703,0.15525667369365692,0.22680416703224182,210765,55,4,False,Left,Front,Left,Centre,50
<_io.BytesIO object at 0x0000014EBBD6EEA0>,0.5410507917404175,0.1219787523150444,0.2366405576467514,210765,55,4,False,Left,Front,Left,Centre,50
<_io.BytesIO object at 0x0000014EBBD6E9F0>,0.512707531452179,0.05468113347887993,0.2871730327606201,210765,55,4,False,Left,Front,Left,Centre,50
<_io.BytesIO object at 0x0000014EB8F29540>,0.2659035325050354,0.09250228852033615,-0.07840821892023087,210766,55,4,False,Left,Front,Left,Centre,50
<_io.BytesIO object at 0x0000014EB8F29E50>,0.26603567600250244,0.042428355664014816,0.004445044789463282,210766,55,4,False,Left,Front,Left,Centre,50
<_io.BytesIO object at 0x0000014EB8F29860>,0.22793294489383698,0.10838845372200012,-0.05516408756375313,210766,55,4,False,Left,Front,Left,Centre,50
<_io.BytesIO object at 0x0000014EB8F29C70>,0.19373589754104614,0.0729982852935791,-0.07258418202400208,210766,55,4,False,Left,Front,Left,Centre,50
<_io.BytesIO object at 0x0000014EB8F29D10>,0.17725519835948944,0.0366554856300354,-0.035060930997133255,210766,55,4,False,Left,Front,Left,Centre,50
<_io.BytesIO object at 0x0000014EBBD666D0>,0.5234358310699463,0.08063923567533493,0.233243927359581,210766,55,4,False,Left,Front,Left,Centre,50
<_io.BytesIO object at 0x0000014EBBD66B80>,0.494159072637558,0.14623519778251648,0.3191729784011841,210766,55,4,False,Left,Front,Left,Centre,50
<_io.BytesIO object at 0x0000014EBBD66D10>,0.5068265795707703,0.15525667369365692,0.22680416703224182,210766,55,4,False,Left,Front,Left,Centre,50
<_io.BytesIO object at 0x0000014EBBD66860>,0.5410507917404175,0.1219787523150444,0.2366405576467514,210766,55,4,False,Left,Front,Left,Centre,50
<_io.BytesIO object at 0x0000014EBBD66220>,0.512707531452179,0.05468113347887993,0.2871730327606201,210766,55,4,False,Left,Front,Left,Centre,50
<_io.BytesIO object at 0x0000014EBBCA3540>,0.26591283082962036,0.09249982237815857,-0.07843168824911118,210767,55,4,False,Left,Front,Left,Centre,50
<_io.BytesIO object at 0x0000014EBBCA3270>,0.26603925228118896,0.04252435639500618,0.004559141583740711,210767,55,4,False,Left,Front,Left,Centre,50
<_io.BytesIO object at 0x0000014EBBCA3950>,0.22794018685817719,0.10837140679359436,-0.05517139658331871,210767,55,4,False,Left,Front,Left,Centre,50
<_io.BytesIO object at 0x0000014EBBC92770>,0.1938517540693283,0.07292699813842773,-0.0727585107088089,210767,55,4,False,Left,Front,Left,Centre,50
<_io.BytesIO object at 0x0000014EBBC92E50>,0.1773228496313095,0.036550384014844894,-0.035170868039131165,210767,55,4,False,Left,Front,Left,Centre,50
<_io.BytesIO object at 0x0000014EBBC92F40>,0.5234358310699463,0.08063923567533493,0.233243927359581,210767,55,4,False,Left,Front,Left,Centre,50
<_io.BytesIO object at 0x0000014EBBC92450>,0.494159072637558,0.14623519778251648,0.3191729784011841,210767,55,4,False,Left,Front,Left,Centre,50
<_io.BytesIO object at 0x0000014EBBC92220>,0.5068265795707703,0.15525667369365692,0.22680416703224182,210767,55,4,False,Left,Front,Left,Centre,50
<_io.BytesIO object at 0x0000014EBBC92630>,0.5410507917404175,0.1219787523150444,0.2366405576467514,210767,55,4,False,Left,Front,Left,Centre,50
<_io.BytesIO object at 0x0000014EBBC92A40>,0.512707531452179,0.05468113347887993,0.2871730327606201,210767,55,4,False,Left,Front,Left,Centre,50
<_io.BytesIO object at 0x0000014EB8F37E50>,0.26600056886672974,0.09251885116100311,-0.07835211604833603,210768,55,4,False,Left,Front,Left,Centre,50
<_io.BytesIO object at 0x0000014EB8F37CC0>,0.26603421568870544,0.04258688539266586,0.004620063584297895,210768,55,4,False,Left,Front,Left,Centre,50
<_io.BytesIO object at 0x0000014EB8F37400>,0.22798040509223938,0.10835588723421097,-0.055201441049575806,210768,55,4,False,Left,Front,Left,Centre,50
<_io.BytesIO object at 0x0000014EB8F375E0>,0.19396717846393585,0.07288774847984314,-0.07290124148130417,210768,55,4,False,Left,Front,Left,Centre,50
<_io.BytesIO object at 0x0000014EB8F37B30>,0.1773960143327713,0.036438364535570145,-0.035286616533994675,210768,55,4,False,Left,Front,Left,Centre,50
<_io.BytesIO object at 0x0000014EBBC90EF0>,0.5234358310699463,0.08063923567533493,0.233243927359581,210768,55,4,False,Left,Front,Left,Centre,50
<_io.BytesIO object at 0x0000014EBBC90540>,0.494159072637558,0.14623519778251648,0.3191729784011841,210768,55,4,False,Left,Front,Left,Centre,50
<_io.BytesIO object at 0x0000014EBBC901D0>,0.5068265795707703,0.15525667369365692,0.22680416703224182,210768,55,4,False,Left,Front,Left,Centre,50
<_io.BytesIO object at 0x0000014EBBC90040>,0.5410507917404175,0.1219787523150444,0.2366405576467514,210768,55,4,False,Left,Front,Left,Centre,50
<_io.BytesIO object at 0x0000014EBBC90860>,0.512707531452179,0.05468113347887993,0.2871730327606201,210768,55,4,False,Left,Front,Left,Centre,50
<_io.BytesIO object at 0x0000014EBBD6F360>,0.2661282420158386,0.09256335347890854,-0.07820576429367065,210769,55,4,False,Left,Front,Left,Centre,50
<_io.BytesIO object at 0x0000014EBBD6FF90>,0.266006737947464,0.042634110897779465,0.0046666646376252174,210769,55,4,False,Left,Front,Left,Centre,50
<_io.BytesIO object at 0x0000014EBBCB9130>,0.22797466814517975,0.10832830518484116,-0.05521596223115921,210769,55,4,False,Left,Front,Left,Centre,50
<_io.BytesIO object at 0x0000014EBBCB90E0>,0.194087415933609,0.07283572107553482,-0.07304787635803223,210769,55,4,False,Left,Front,Left,Centre,50
<_io.BytesIO object at 0x0000014EBBCB94A0>,0.17749421298503876,0.03627975285053253,-0.03542989119887352,210769,55,4,False,Left,Front,Left,Centre,50
<_io.BytesIO object at 0x0000014EBBCB9CC0>,0.5234358310699463,0.08063923567533493,0.233243927359581,210769,55,4,False,Left,Front,Left,Centre,50
<_io.BytesIO object at 0x0000014EBBD6F5E0>,0.494159072637558,0.14623519778251648,0.3191729784011841,210769,55,4,False,Left,Front,Left,Centre,50
<_io.BytesIO object at 0x0000014EBBD6F900>,0.5068265795707703,0.15525667369365692,0.22680416703224182,210769,55,4,False,Left,Front,Left,Centre,50
<_io.BytesIO object at 0x0000014EBBD6F220>,0.5410507917404175,0.1219787523150444,0.2366405576467514,210769,55,4,False,Left,Front,Left,Centre,50
<_io.BytesIO object at 0x0000014EBBD6FB30>,0.512707531452179,0.05468113347887993,0.2871730327606201,210769,55,4,False,Left,Front,Left,Centre,50
<_io.BytesIO object at 0x0000014EBBC90F90>,0.26624739170074463,0.09264735877513885,-0.07806923985481262,210770,55,4,False,Left,Front,Left,Centre,50
<_io.BytesIO object at 0x0000014EBBC90EF0>,0.2659655213356018,0.04269978404045105,0.004717899486422539,210770,55,4,False,Left,Front,Left,Centre,50
<_io.BytesIO object at 0x0000014EB8F375E0>,0.22800427675247192,0.10834609717130661,-0.05521845445036888,210770,55,4,False,Left,Front,Left,Centre,50
<_io.BytesIO object at 0x0000014EB8F37720>,0.19422584772109985,0.07278601080179214,-0.07321680337190628,210770,55,4,False,Left,Front,Left,Centre,50
<_io.BytesIO object at 0x0000014EB8F379F0>,0.1775704324245453,0.0361473374068737,-0.03557680547237396,210770,55,4,False,Left,Front,Left,Centre,50
<_io.BytesIO object at 0x0000014EB8F37C20>,0.5234358310699463,0.08063923567533493,0.233243927359581,210770,55,4,False,Left,Front,Left,Centre,50
<_io.BytesIO object at 0x0000014EB8F373B0>,0.494159072637558,0.14623519778251648,0.3191729784011841,210770,55,4,False,Left,Front,Left,Centre,50
<_io.BytesIO object at 0x0000014EB8F376D0>,0.5068265795707703,0.15525667369365692,0.22680416703224182,210770,55,4,False,Left,Front,Left,Centre,50
<_io.BytesIO object at 0x0000014EBBD318B0>,0.5410507917404175,0.1219787523150444,0.2366405576467514,210770,55,4,False,Left,Front,Left,Centre,50
<_io.BytesIO object at 0x0000014EBBD31D60>,0.512707531452179,0.05468113347887993,0.2871730327606201,210770,55,4,False,Left,Front,Left,Centre,50
<_io.BytesIO object at 0x0000014EBBC921D0>,0.26638063788414,0.09273306280374527,-0.07785732299089432,210771,55,4,False,Left,Front,Left,Centre,50
<_io.BytesIO object at 0x0000014EBBC920E0>,0.2659093141555786,0.04276580363512039,0.004789348226040602,210771,55,4,False,Left,Front,Left,Centre,50
<_io.BytesIO object at 0x0000014EBBCA3130>,0.2280121147632599,0.10835118591785431,-0.05520324036478996,210771,55,4,False,Left,Front,Left,Centre,50
<_io.BytesIO object at 0x0000014EBBCA3AE0>,0.19434978067874908,0.07278551161289215,-0.07336819916963577,210771,55,4,False,Left,Front,Left,Centre,50
<_io.BytesIO object at 0x0000014EBBCA32C0>,0.17764770984649658,0.03602488711476326,-0.03574559837579727,210771,55,4,False,Left,Front,Left,Centre,50
<_io.BytesIO object at 0x0000014EBBCA3D10>,0.5234358310699463,0.08063923567533493,0.233243927359581,210771,55,4,False,Left,Front,Left,Centre,50
<_io.BytesIO object at 0x0000014EBBCA3860>,0.494159072637558,0.14623519778251648,0.3191729784011841,210771,55,4,False,Left,Front,Left,Centre,50
<_io.BytesIO object at 0x0000014EBBCA3090>,0.5068265795707703,0.15525667369365692,0.22680416703224182,210771,55,4,False,Left,Front,Left,Centre,50
<_io.BytesIO object at 0x0000014EBBCA30E0>,0.5410507917404175,0.1219787523150444,0.2366405576467514,210771,55,4,False,Left,Front,Left,Centre,50
<_io.BytesIO object at 0x0000014EBBCA3630>,0.512707531452179,0.05468113347887993,0.2871730327606201,210771,55,4,False,Left,Front,Left,Centre,50
<_io.BytesIO object at 0x0000014EBBD66450>,0.26636219024658203,0.09272854775190353,-0.07796986401081085,210772,55,4,False,Left,Front,Left,Centre,50
<_io.BytesIO object at 0x0000014EBBD661D0>,0.2658465802669525,0.04284300282597542,0.004861893132328987,210772,55,4,False,Left,Front,Left,Centre,50
<_io.BytesIO object at 0x0000014EB8F29C70>,0.22798946499824524,0.10836438834667206,-0.05515225976705551,210772,55,4,False,Left,Front,Left,Centre,50
<_io.BytesIO object at 0x0000014EB8F29450>,0.19453123211860657,0.07273339480161667,-0.07357332855463028,210772,55,4,False,Left,Front,Left,Centre,50
<_io.BytesIO object at 0x0000014EB8F297C0>,0.17769722640514374,0.035901445895433426,-0.0358765572309494,210772,55,4,False,Left,Front,Left,Centre,50
<_io.BytesIO object at 0x0000014EB8F29AE0>,0.5234358310699463,0.08063923567533493,0.233243927359581,210772,55,4,False,Left,Front,Left,Centre,50
<_io.BytesIO object at 0x0000014EB8F295E0>,0.494159072637558,0.14623519778251648,0.3191729784011841,210772,55,4,False,Left,Front,Left,Centre,50
<_io.BytesIO object at 0x0000014EB8F29B30>,0.5068265795707703,0.15525667369365692,0.22680416703224182,210772,55,4,False,Left,Front,Left,Centre,50
<_io.BytesIO object at 0x0000014EBBCBDEA0>,0.5410507917404175,0.1219787523150444,0.2366405576467514,210772,55,4,False,Left,Front,Left,Centre,50
<_io.BytesIO object at 0x0000014EBBCBD180>,0.512707531452179,0.05468113347887993,0.2871730327606201,210772,55,4,False,Left,Front,Left,Centre,50
<_io.BytesIO object at 0x0000014EBBD6E9F0>,0.2664222717285156,0.09278231859207153,-0.07785853743553162,210773,55,4,False,Left,Front,Left,Centre,50
<_io.BytesIO object at 0x0000014EBBD6EA90>,0.2658262550830841,0.042973220348358154,0.004953350406140089,210773,55,4,False,Left,Front,Left,Centre,50
<_io.BytesIO object at 0x0000014EB8F5F720>,0.22800703346729279,0.10838154703378677,-0.055073052644729614,210773,55,4,False,Left,Front,Left,Centre,50
<_io.BytesIO object at 0x0000014EB8F5F680>,0.1946561485528946,0.07271777838468552,-0.07371712476015091,210773,55,4,False,Left,Front,Left,Centre,50
<_io.BytesIO object at 0x0000014EB8F5F770>,0.1777399331331253,0.035781487822532654,-0.0360080748796463,210773,55,4,False,Left,Front,Left,Centre,50
<_io.BytesIO object at 0x0000014EB8F5F950>,0.5234358310699463,0.08063923567533493,0.233243927359581,210773,55,4,False,Left,Front,Left,Centre,50
<_io.BytesIO object at 0x0000014EB8F5F0E0>,0.494159072637558,0.14623519778251648,0.3191729784011841,210773,55,4,False,Left,Front,Left,Centre,50
<_io.BytesIO object at 0x0000014EB8F5F900>,0.5068265795707703,0.15525667369365692,0.22680416703224182,210773,55,4,False,Left,Front,Left,Centre,50
<_io.BytesIO object at 0x0000014EB8F5F1D0>,0.5410507917404175,0.1219787523150444,0.2366405576467514,210773,55,4,False,Left,Front,Left,Centre,50
<_io.BytesIO object at 0x0000014EB8F5FBD0>,0.512707531452179,0.05468113347887993,0.2871730327606201,210773,55,4,False,Left,Front,Left,Centre,50
<_io.BytesIO object at 0x0000014EB8F5FDB0>,0.26661089062690735,0.09295906871557236,-0.07753746956586838,210774,55,4,False,Left,Front,Left,Centre,50
<_io.BytesIO object at 0x0000014EBBD6E360>,0.2656417191028595,0.04303975775837898,0.005088377743959427,210774,55,4,False,Left,Front,Left,Centre,50
<_io.BytesIO object at 0x0000014EBBD6EC70>,0.2280426174402237,0.10839880257844925,-0.05487457290291786,210774,55,4,False,Left,Front,Left,Centre,50
<_io.BytesIO object at 0x0000014EBBD6EE00>,0.19479604065418243,0.07273601740598679,-0.07387982308864594,210774,55,4,False,Left,Front,Left,Centre,50
<_io.BytesIO object at 0x0000014EBBD6E130>,0.1777629852294922,0.03565237671136856,-0.03610491380095482,210774,55,4,False,Left,Front,Left,Centre,50
<_io.BytesIO object at 0x0000014EBBD6E4F0>,0.5234358310699463,0.08063923567533493,0.233243927359581,210774,55,4,False,Left,Front,Left,Centre,50
<_io.BytesIO object at 0x0000014EBBD6E450>,0.494159072637558,0.14623519778251648,0.3191729784011841,210774,55,4,False,Left,Front,Left,Centre,50
<_io.BytesIO object at 0x0000014EBBD62770>,0.5068265795707703,0.15525667369365692,0.22680416703224182,210774,55,4,False,Left,Front,Left,Centre,50
<_io.BytesIO object at 0x0000014EBBD62450>,0.5410507917404175,0.1219787523150444,0.2366405576467514,210774,55,4,False,Left,Front,Left,Centre,50
<_io.BytesIO object at 0x0000014EBBD622C0>,0.512707531452179,0.05468113347887993,0.2871730327606201,210774,55,4,False,Left,Front,Left,Centre,50
<_io.BytesIO object at 0x0000014EB8F29450>,0.26672714948654175,0.09312441945075989,-0.07721144706010818,210775,55,4,False,Left,Front,Left,Centre,50
<_io.BytesIO object at 0x0000014EB8F29EF0>,0.2655418813228607,0.04315975680947304,0.005199224688112736,210775,55,4,False,Left,Front,Left,Centre,50
<_io.BytesIO object at 0x0000014EBBD66130>,0.22792783379554749,0.10850758850574493,-0.05492822080850601,210775,55,4,False,Left,Front,Left,Centre,50
<_io.BytesIO object at 0x0000014EBBD66D10>,0.19491612911224365,0.07273606210947037,-0.07401551306247711,210775,55,4,False,Left,Front,Left,Centre,50
<_io.BytesIO object at 0x0000014EBBD66EA0>,0.17781856656074524,0.03548448532819748,-0.03624105826020241,210775,55,4,False,Left,Front,Left,Centre,50
<_io.BytesIO object at 0x0000014EBBD66590>,0.5234358310699463,0.08063923567533493,0.233243927359581,210775,55,4,False,Left,Front,Left,Centre,50
<_io.BytesIO object at 0x0000014EBBD669A0>,0.494159072637558,0.14623519778251648,0.3191729784011841,210775,55,4,False,Left,Front,Left,Centre,50
<_io.BytesIO object at 0x0000014EBBD66B30>,0.5068265795707703,0.15525667369365692,0.22680416703224182,210775,55,4,False,Left,Front,Left,Centre,50
<_io.BytesIO object at 0x0000014EBBD66180>,0.5410507917404175,0.1219787523150444,0.2366405576467514,210775,55,4,False,Left,Front,Left,Centre,50
<_io.BytesIO object at 0x0000014EBBD46310>,0.512707531452179,0.05468113347887993,0.2871730327606201,210775,55,4,False,Left,Front,Left,Centre,50
<_io.BytesIO object at 0x0000014EBBCA3950>,0.2667754292488098,0.0931742712855339,-0.07705827802419662,210776,55,4,False,Left,Front,Left,Centre,50
<_io.BytesIO object at 0x0000014EBBC92180>,0.2654016315937042,0.043281156569719315,0.00535291712731123,210776,55,4,False,Left,Front,Left,Centre,50
<_io.BytesIO object at 0x0000014EBBC92450>,0.2279062122106552,0.10853870213031769,-0.054862868040800095,210776,55,4,False,Left,Front,Left,Centre,50
<_io.BytesIO object at 0x0000014EBBC927C0>,0.19507871568202972,0.07271165400743484,-0.07418709248304367,210776,55,4,False,Left,Front,Left,Centre,50
<_io.BytesIO object at 0x0000014EBBC925E0>,0.17783954739570618,0.03529663011431694,-0.03635815531015396,210776,55,4,False,Left,Front,Left,Centre,50
<_io.BytesIO object at 0x0000014EBBC92BD0>,0.5234358310699463,0.08063923567533493,0.233243927359581,210776,55,4,False,Left,Front,Left,Centre,50
<_io.BytesIO object at 0x0000014EBBC92860>,0.494159072637558,0.14623519778251648,0.3191729784011841,210776,55,4,False,Left,Front,Left,Centre,50
<_io.BytesIO object at 0x0000014EB4345220>,0.5068265795707703,0.15525667369365692,0.22680416703224182,210776,55,4,False,Left,Front,Left,Centre,50
<_io.BytesIO object at 0x0000014EB8F2DA40>,0.5410507917404175,0.1219787523150444,0.2366405576467514,210776,55,4,False,Left,Front,Left,Centre,50
<_io.BytesIO object at 0x0000014EB8F2D1D0>,0.512707531452179,0.05468113347887993,0.2871730327606201,210776,55,4,False,Left,Front,Left,Centre,50
<_io.BytesIO object at 0x0000014EB8F37E00>,0.2668899893760681,0.09329371899366379,-0.07675400376319885,210777,55,4,False,Left,Front,Left,Centre,50
<_io.BytesIO object at 0x0000014EB8F37EF0>,0.26526325941085815,0.0434633307158947,0.005557436496019363,210777,55,4,False,Left,Front,Left,Centre,50
<_io.BytesIO object at 0x0000014EBBC90E00>,0.22791354358196259,0.10853632539510727,-0.05474228039383888,210777,55,4,False,Left,Front,Left,Centre,50
<_io.BytesIO object at 0x0000014EBBC90450>,0.1952258199453354,0.07269708812236786,-0.0743342787027359,210777,55,4,False,Left,Front,Left,Centre,50
<_io.BytesIO object at 0x0000014EBBC90220>,0.17787137627601624,0.03514130413532257,-0.036470018327236176,210777,55,4,False,Left,Front,Left,Centre,50
<_io.BytesIO object at 0x0000014EBBC90310>,0.5234358310699463,0.08063923567533493,0.233243927359581,210777,55,4,False,Left,Front,Left,Centre,50
<_io.BytesIO object at 0x0000014EBBC90D60>,0.494159072637558,0.14623519778251648,0.3191729784011841,210777,55,4,False,Left,Front,Left,Centre,50
<_io.BytesIO object at 0x0000014EBBC90270>,0.5068265795707703,0.15525667369365692,0.22680416703224182,210777,55,4,False,Left,Front,Left,Centre,50
<_io.BytesIO object at 0x0000014EBBD39540>,0.5410507917404175,0.1219787523150444,0.2366405576467514,210777,55,4,False,Left,Front,Left,Centre,50
<_io.BytesIO object at 0x0000014EBBD39310>,0.512707531452179,0.05468113347887993,0.2871730327606201,210777,55,4,False,Left,Front,Left,Centre,50
<_io.BytesIO object at 0x0000014EB8F370E0>,0.2669907212257385,0.09338003396987915,-0.07647322118282318,210778,55,4,False,Left,Front,Left,Centre,50
<_io.BytesIO object at 0x0000014EB8F37680>,0.2651746869087219,0.043639861047267914,0.005818254314363003,210778,55,4,False,Left,Front,Left,Centre,50
<_io.BytesIO object at 0x0000014EB8F37270>,0.22789259254932404,0.10857373476028442,-0.05464204028248787,210778,55,4,False,Left,Front,Left,Centre,50
<_io.BytesIO object at 0x0000014EBBD31DB0>,0.19535301625728607,0.07271439582109451,-0.07443030923604965,210778,55,4,False,Left,Front,Left,Centre,50
<_io.BytesIO object at 0x0000014EBBD31EA0>,0.17792198061943054,0.034990765154361725,-0.0365893580019474,210778,55,4,False,Left,Front,Left,Centre,50
<_io.BytesIO object at 0x0000014EB8F2D0E0>,0.5234358310699463,0.08063923567533493,0.233243927359581,210778,55,4,False,Left,Front,Left,Centre,50
<_io.BytesIO object at 0x0000014EB8F2D7C0>,0.494159072637558,0.14623519778251648,0.3191729784011841,210778,55,4,False,Left,Front,Left,Centre,50
<_io.BytesIO object at 0x0000014EB8F2D220>,0.5068265795707703,0.15525667369365692,0.22680416703224182,210778,55,4,False,Left,Front,Left,Centre,50
<_io.BytesIO object at 0x0000014EB8F2D5E0>,0.5410507917404175,0.1219787523150444,0.2366405576467514,210778,55,4,False,Left,Front,Left,Centre,50
<_io.BytesIO object at 0x0000014EB8F2D360>,0.512707531452179,0.05468113347887993,0.2871730327606201,210778,55,4,False,Left,Front,Left,Centre,50
<_io.BytesIO object at 0x0000014EBBCA3810>,0.26710450649261475,0.0934642031788826,-0.0762137770652771,210779,55,4,False,Left,Front,Left,Centre,50
<_io.BytesIO object at 0x0000014EBBCA3540>,0.2651347815990448,0.043922148644924164,0.006190181709825993,210779,55,4,False,Left,Front,Left,Centre,50
<_io.BytesIO object at 0x0000014EBBCA3EA0>,0.2278941422700882,0.10859999060630798,-0.05453425645828247,210779,55,4,False,Left,Front,Left,Centre,50
<_io.BytesIO object at 0x0000014EBBCA30E0>,0.19548514485359192,0.07274430245161057,-0.07453015446662903,210779,55,4,False,Left,Front,Left,Centre,50
<_io.BytesIO object at 0x0000014EBBCA3590>,0.17796246707439423,0.034874264150857925,-0.03665068373084068,210779,55,4,False,Left,Front,Left,Centre,50
<_io.BytesIO object at 0x0000014EBBD46B80>,0.5234358310699463,0.08063923567533493,0.233243927359581,210779,55,4,False,Left,Front,Left,Centre,50
<_io.BytesIO object at 0x0000014EBBD468B0>,0.494159072637558,0.14623519778251648,0.3191729784011841,210779,55,4,False,Left,Front,Left,Centre,50
<_io.BytesIO object at 0x0000014EBBD46AE0>,0.5068265795707703,0.15525667369365692,0.22680416703224182,210779,55,4,False,Left,Front,Left,Centre,50
<_io.BytesIO object at 0x0000014EBBD46270>,0.5410507917404175,0.1219787523150444,0.2366405576467514,210779,55,4,False,Left,Front,Left,Centre,50
<_io.BytesIO object at 0x0000014EBBD46720>,0.512707531452179,0.05468113347887993,0.2871730327606201,210779,55,4,False,Left,Front,Left,Centre,50
<_io.BytesIO object at 0x0000014EB8F29C20>,0.2672573924064636,0.09360858052968979,-0.07589831948280334,210780,55,4,False,Left,Front,Left,Centre,50
<_io.BytesIO object at 0x0000014EB8F296D0>,0.26503464579582214,0.04405553266406059,0.0064186817035079,210780,55,4,False,Left,Front,Left,Centre,50
<_io.BytesIO object at 0x0000014EB8F29B30>,0.22789421677589417,0.10863900184631348,-0.05443446710705757,210780,55,4,False,Left,Front,Left,Centre,50
<_io.BytesIO object at 0x0000014EB8F298B0>,0.1956336796283722,0.07276023179292679,-0.07459947466850281,210780,55,4,False,Left,Front,Left,Centre,50
<_io.BytesIO object at 0x0000014EBBD62590>,0.17802351713180542,0.03473895043134689,-0.03666296973824501,210780,55,4,False,Left,Front,Left,Centre,50
<_io.BytesIO object at 0x0000014EBBD62F40>,0.5234358310699463,0.08063923567533493,0.233243927359581,210780,55,4,False,Left,Front,Left,Centre,50
<_io.BytesIO object at 0x0000014EBBD62B30>,0.494159072637558,0.14623519778251648,0.3191729784011841,210780,55,4,False,Left,Front,Left,Centre,50
<_io.BytesIO object at 0x0000014EBBD621D0>,0.5068265795707703,0.15525667369365692,0.22680416703224182,210780,55,4,False,Left,Front,Left,Centre,50
<_io.BytesIO object at 0x0000014EBBD62B80>,0.5410507917404175,0.1219787523150444,0.2366405576467514,210780,55,4,False,Left,Front,Left,Centre,50
<_io.BytesIO object at 0x0000014EBBD62770>,0.512707531452179,0.05468113347887993,0.2871730327606201,210780,55,4,False,Left,Front,Left,Centre,50
<_io.BytesIO object at 0x0000014EB8F5F4A0>,0.26752927899360657,0.09387015551328659,-0.07533266395330429,210781,55,4,False,Left,Front,Left,Centre,50
<_io.BytesIO object at 0x0000014EB8F5F540>,0.26492002606391907,0.04417004436254501,0.006563006434589624,210781,55,4,False,Left,Front,Left,Centre,50
<_io.BytesIO object at 0x0000014EBBCBD6D0>,0.22790361940860748,0.10866305977106094,-0.05432694032788277,210781,55,4,False,Left,Front,Left,Centre,50
<_io.BytesIO object at 0x0000014EBBCBD680>,0.19582128524780273,0.07278642058372498,-0.07465910166501999,210781,55,4,False,Left,Front,Left,Centre,50
<_io.BytesIO object at 0x0000014EBBCBD5E0>,0.17806406319141388,0.03465506434440613,-0.03676562011241913,210781,55,4,False,Left,Front,Left,Centre,50
<_io.BytesIO object at 0x0000014EBBCBD7C0>,0.5234358310699463,0.08063923567533493,0.233243927359581,210781,55,4,False,Left,Front,Left,Centre,50
<_io.BytesIO object at 0x0000014EBBCB97C0>,0.494159072637558,0.14623519778251648,0.3191729784011841,210781,55,4,False,Left,Front,Left,Centre,50
<_io.BytesIO object at 0x0000014EBBCB9090>,0.5068265795707703,0.15525667369365692,0.22680416703224182,210781,55,4,False,Left,Front,Left,Centre,50
<_io.BytesIO object at 0x0000014EBBCB9CC0>,0.5410507917404175,0.1219787523150444,0.2366405576467514,210781,55,4,False,Left,Front,Left,Centre,50
<_io.BytesIO object at 0x0000014EBBCB9860>,0.512707531452179,0.05468113347887993,0.2871730327606201,210781,55,4,False,Left,Front,Left,Centre,50
<_io.BytesIO object at 0x0000014EBBCBD270>,0.2675357460975647,0.09386292845010757,-0.07516012340784073,210782,55,4,False,Left,Front,Left,Centre,50
<_io.BytesIO object at 0x0000014EBBCBDBD0>,0.2648443579673767,0.04434613883495331,0.006766935810446739,210782,55,4,False,Left,Front,Left,Centre,50
<_io.BytesIO object at 0x0000014EBBCBD040>,0.22790755331516266,0.1086680144071579,-0.0541190467774868,210782,55,4,False,Left,Front,Left,Centre,50
<_io.BytesIO object at 0x0000014EBBCBDEA0>,0.19598644971847534,0.07281267642974854,-0.07476881146430969,210782,55,4,False,Left,Front,Left,Centre,50
<_io.BytesIO object at 0x0000014EBBCBDD10>,0.17814786732196808,0.034483280032873154,-0.03677060827612877,210782,55,4,False,Left,Front,Left,Centre,50
<_io.BytesIO object at 0x0000014EBBD623B0>,0.5234358310699463,0.08063923567533493,0.233243927359581,210782,55,4,False,Left,Front,Left,Centre,50
<_io.BytesIO object at 0x0000014EBBD62180>,0.494159072637558,0.14623519778251648,0.3191729784011841,210782,55,4,False,Left,Front,Left,Centre,50
<_io.BytesIO object at 0x0000014EBBD62040>,0.5068265795707703,0.15525667369365692,0.22680416703224182,210782,55,4,False,Left,Front,Left,Centre,50
<_io.BytesIO object at 0x0000014EBBD62B30>,0.5410507917404175,0.1219787523150444,0.2366405576467514,210782,55,4,False,Left,Front,Left,Centre,50
<_io.BytesIO object at 0x0000014EBBD62310>,0.512707531452179,0.05468113347887993,0.2871730327606201,210782,55,4,False,Left,Front,Left,Centre,50
<_io.BytesIO object at 0x0000014EBBD46E00>,0.267702579498291,0.09404657781124115,-0.07479942589998245,210783,55,4,False,Left,Front,Left,Centre,50
<_io.BytesIO object at 0x0000014EBBD468B0>,0.2647165358066559,0.04450489580631256,0.006974461954087019,210783,55,4,False,Left,Front,Left,Centre,50
<_io.BytesIO object at 0x0000014EBBCA3180>,0.22789759933948517,0.10869891941547394,-0.05397634953260422,210783,55,4,False,Left,Front,Left,Centre,50
<_io.BytesIO object at 0x0000014EBBCA30E0>,0.19619961082935333,0.07277870178222656,-0.07494308799505234,210783,55,4,False,Left,Front,Left,Centre,50
<_io.BytesIO object at 0x0000014EBBCA3CC0>,0.17821843922138214,0.034340858459472656,-0.036832310259342194,210783,55,4,False,Left,Front,Left,Centre,50
<_io.BytesIO object at 0x0000014EBBCA3220>,0.5234358310699463,0.08063923567533493,0.233243927359581,210783,55,4,False,Left,Front,Left,Centre,50
<_io.BytesIO object at 0x0000014EBBCA3BD0>,0.494159072637558,0.14623519778251648,0.3191729784011841,210783,55,4,False,Left,Front,Left,Centre,50
<_io.BytesIO object at 0x0000014EBBCA3270>,0.5068265795707703,0.15525667369365692,0.22680416703224182,210783,55,4,False,Left,Front,Left,Centre,50
<_io.BytesIO object at 0x0000014EBBCA34F0>,0.5410507917404175,0.1219787523150444,0.2366405576467514,210783,55,4,False,Left,Front,Left,Centre,50
<_io.BytesIO object at 0x0000014EBBD665E0>,0.512707531452179,0.05468113347887993,0.2871730327606201,210783,55,4,False,Left,Front,Left,Centre,50
<_io.BytesIO object at 0x0000014EBBC92270>,0.2679133713245392,0.09420518577098846,-0.07423289120197296,210784,55,4,False,Left,Front,Left,Centre,50
<_io.BytesIO object at 0x0000014EBBC925E0>,0.2645816206932068,0.04471911862492561,0.007244497537612915,210784,55,4,False,Left,Front,Left,Centre,50
<_io.BytesIO object at 0x0000014EBBC92F90>,0.22788406908512115,0.10872642695903778,-0.05383855104446411,210784,55,4,False,Left,Front,Left,Centre,50
<_io.BytesIO object at 0x0000014EBBC90AE0>,0.19638940691947937,0.07275179773569107,-0.0750836431980133,210784,55,4,False,Left,Front,Left,Centre,50
<_io.BytesIO object at 0x0000014EBBC90310>,0.178281769156456,0.034139834344387054,-0.03692547231912613,210784,55,4,False,Left,Front,Left,Centre,50
<_io.BytesIO object at 0x0000014EBBC904F0>,0.5234358310699463,0.08063923567533493,0.233243927359581,210784,55,4,False,Left,Front,Left,Centre,50
<_io.BytesIO object at 0x0000014EBBC90D10>,0.494159072637558,0.14623519778251648,0.3191729784011841,210784,55,4,False,Left,Front,Left,Centre,50
<_io.BytesIO object at 0x0000014EBBC904A0>,0.5068265795707703,0.15525667369365692,0.22680416703224182,210784,55,4,False,Left,Front,Left,Centre,50
<_io.BytesIO object at 0x0000014EBBC90E50>,0.5410507917404175,0.1219787523150444,0.2366405576467514,210784,55,4,False,Left,Front,Left,Centre,50
<_io.BytesIO object at 0x0000014EBBC907C0>,0.512707531452179,0.05468113347887993,0.2871730327606201,210784,55,4,False,Left,Front,Left,Centre,50
<_io.BytesIO object at 0x0000014EB8F2D130>,0.26799264550209045,0.09429700672626495,-0.07395683228969574,210785,55,4,False,Left,Front,Left,Centre,50
<_io.BytesIO object at 0x0000014EB8F2D220>,0.2642664909362793,0.044887471944093704,0.007384865079075098,210785,55,4,False,Left,Front,Left,Centre,50
<_io.BytesIO object at 0x0000014EBBD31CC0>,0.227805495262146,0.10880192369222641,-0.053680285811424255,210785,55,4,False,Left,Front,Left,Centre,50
<_io.BytesIO object at 0x0000014EBBD31D10>,0.1965857446193695,0.07269983738660812,-0.0752609595656395,210785,55,4,False,Left,Front,Left,Centre,50
<_io.BytesIO object at 0x0000014EBBD31B30>,0.17835481464862823,0.03393280878663063,-0.03702404350042343,210785,55,4,False,Left,Front,Left,Centre,50
<_io.BytesIO object at 0x0000014EBBD39310>,0.5234358310699463,0.08063923567533493,0.233243927359581,210785,55,4,False,Left,Front,Left,Centre,50
<_io.BytesIO object at 0x0000014EBBD39EF0>,0.494159072637558,0.14623519778251648,0.3191729784011841,210785,55,4,False,Left,Front,Left,Centre,50
<_io.BytesIO object at 0x0000014EBBD39770>,0.5068265795707703,0.15525667369365692,0.22680416703224182,210785,55,4,False,Left,Front,Left,Centre,50
<_io.BytesIO object at 0x0000014EBBD39F90>,0.5410507917404175,0.1219787523150444,0.2366405576467514,210785,55,4,False,Left,Front,Left,Centre,50
<_io.BytesIO object at 0x0000014EBBD39900>,0.512707531452179,0.05468113347887993,0.2871730327606201,210785,55,4,False,Left,Front,Left,Centre,50
<_io.BytesIO object at 0x0000014EB8F37270>,0.26824626326560974,0.0945318266749382,-0.0732867419719696,210786,55,4,False,Left,Front,Left,Centre,50
<_io.BytesIO object at 0x0000014EB8F37C70>,0.2640847861766815,0.04511051997542381,0.007589966524392366,210786,55,4,False,Left,Front,Left,Centre,50
<_io.BytesIO object at 0x0000014EB8F37400>,0.22767378389835358,0.10876430571079254,-0.053549911826848984,210786,55,4,False,Left,Front,Left,Centre,50
<_io.BytesIO object at 0x0000014EB8F37B30>,0.1968122124671936,0.07263035327196121,-0.0754830464720726,210786,55,4,False,Left,Front,Left,Centre,50
<_io.BytesIO object at 0x0000014EB8F37EF0>,0.1785092055797577,0.03361983597278595,-0.0371871180832386,210786,55,4,False,Left,Front,Left,Centre,50
<_io.BytesIO object at 0x0000014EBBCB9AE0>,0.5234358310699463,0.08063923567533493,0.233243927359581,210786,55,4,False,Left,Front,Left,Centre,50
<_io.BytesIO object at 0x0000014EBBCB93B0>,0.494159072637558,0.14623519778251648,0.3191729784011841,210786,55,4,False,Left,Front,Left,Centre,50
<_io.BytesIO object at 0x0000014EBBCB9C70>,0.5068265795707703,0.15525667369365692,0.22680416703224182,210786,55,4,False,Left,Front,Left,Centre,50
<_io.BytesIO object at 0x0000014EBBCB9130>,0.5410507917404175,0.1219787523150444,0.2366405576467514,210786,55,4,False,Left,Front,Left,Centre,50
<_io.BytesIO object at 0x0000014EBBCB9F40>,0.512707531452179,0.05468113347887993,0.2871730327606201,210786,55,4,False,Left,Front,Left,Centre,50
<_io.BytesIO object at 0x0000014EB8F5F090>,0.2684241235256195,0.09472618997097015,-0.07281181961297989,210787,55,4,False,Left,Front,Left,Centre,50
<_io.BytesIO object at 0x0000014EB8F5F130>,0.2638625204563141,0.04539843648672104,0.007866776548326015,210787,55,4,False,Left,Front,Left,Centre,50
<_io.BytesIO object at 0x0000014EB8F5F0E0>,0.22758382558822632,0.10874312371015549,-0.053469907492399216,210787,55,4,False,Left,Front,Left,Centre,50
<_io.BytesIO object at 0x0000014EB8F5FE50>,0.1970822960138321,0.07248978316783905,-0.07578396052122116,210787,55,4,False,Left,Front,Left,Centre,50
<_io.BytesIO object at 0x0000014EB8F5FBD0>,0.17860881984233856,0.03327709063887596,-0.037416938692331314,210787,55,4,False,Left,Front,Left,Centre,50
<_io.BytesIO object at 0x0000014EBBD39EA0>,0.5234358310699463,0.08063923567533493,0.233243927359581,210787,55,4,False,Left,Front,Left,Centre,50
<_io.BytesIO object at 0x0000014EBBD39040>,0.494159072637558,0.14623519778251648,0.3191729784011841,210787,55,4,False,Left,Front,Left,Centre,50
<_io.BytesIO object at 0x0000014EBBD39C70>,0.5068265795707703,0.15525667369365692,0.22680416703224182,210787,55,4,False,Left,Front,Left,Centre,50
<_io.BytesIO object at 0x0000014EBBD39A40>,0.5410507917404175,0.1219787523150444,0.2366405576467514,210787,55,4,False,Left,Front,Left,Centre,50
<_io.BytesIO object at 0x0000014EBBD39D10>,0.512707531452179,0.05468113347887993,0.2871730327606201,210787,55,4,False,Left,Front,Left,Centre,50
<_io.BytesIO object at 0x0000014EB8F2D8B0>,0.26850181818008423,0.09480316936969757,-0.07250317186117172,210788,55,4,False,Left,Front,Left,Centre,50
<_io.BytesIO object at 0x0000014EBBD6E950>,0.26372289657592773,0.04569334536790848,0.00814048107713461,210788,55,4,False,Left,Front,Left,Centre,50
<_io.BytesIO object at 0x0000014EBBD6E6D0>,0.22746330499649048,0.10865741968154907,-0.05342401564121246,210788,55,4,False,Left,Front,Left,Centre,50
<_io.BytesIO object at 0x0000014EBBD6EC20>,0.19728337228298187,0.07234229892492294,-0.07606326788663864,210788,55,4,False,Left,Front,Left,Centre,50
<_io.BytesIO object at 0x0000014EBBD6EE50>,0.1787358969449997,0.03289250656962395,-0.037611450999975204,210788,55,4,False,Left,Front,Left,Centre,50
<_io.BytesIO object at 0x0000014EBBD6E3B0>,0.5234358310699463,0.08063923567533493,0.233243927359581,210788,55,4,False,Left,Front,Left,Centre,50
<_io.BytesIO object at 0x0000014EBBD6EA90>,0.494159072637558,0.14623519778251648,0.3191729784011841,210788,55,4,False,Left,Front,Left,Centre,50
<_io.BytesIO object at 0x0000014EBBC90130>,0.5068265795707703,0.15525667369365692,0.22680416703224182,210788,55,4,False,Left,Front,Left,Centre,50
<_io.BytesIO object at 0x0000014EBBC903B0>,0.5410507917404175,0.1219787523150444,0.2366405576467514,210788,55,4,False,Left,Front,Left,Centre,50
<_io.BytesIO object at 0x0000014EBBC90D60>,0.512707531452179,0.05468113347887993,0.2871730327606201,210788,55,4,False,Left,Front,Left,Centre,50
<_io.BytesIO object at 0x0000014EBBC92EA0>,0.26857268810272217,0.09491479396820068,-0.07214716821908951,210789,55,4,False,Left,Front,Left,Centre,50
<_io.BytesIO object at 0x0000014EB43450E0>,0.26346081495285034,0.046044886112213135,0.008418194949626923,210789,55,4,False,Left,Front,Left,Centre,50
<_io.BytesIO object at 0x0000014EBBD66770>,0.22736862301826477,0.10852993279695511,-0.05338982492685318,210789,55,4,False,Left,Front,Left,Centre,50
<_io.BytesIO object at 0x0000014EBBD66B30>,0.1975320726633072,0.07212372869253159,-0.0763951912522316,210789,55,4,False,Left,Front,Left,Centre,50
<_io.BytesIO object at 0x0000014EBBD664F0>,0.17883838713169098,0.03249100223183632,-0.03782903775572777,210789,55,4,False,Left,Front,Left,Centre,50
<_io.BytesIO object at 0x0000014EBBD66590>,0.5234358310699463,0.08063923567533493,0.233243927359581,210789,55,4,False,Left,Front,Left,Centre,50
<_io.BytesIO object at 0x0000014EBBD66D10>,0.494159072637558,0.14623519778251648,0.3191729784011841,210789,55,4,False,Left,Front,Left,Centre,50
<_io.BytesIO object at 0x0000014EBBD66630>,0.5068265795707703,0.15525667369365692,0.22680416703224182,210789,55,4,False,Left,Front,Left,Centre,50
<_io.BytesIO object at 0x0000014EBBD665E0>,0.5410507917404175,0.1219787523150444,0.2366405576467514,210789,55,4,False,Left,Front,Left,Centre,50
<_io.BytesIO object at 0x0000014EBBCA3C20>,0.512707531452179,0.05468113347887993,0.2871730327606201,210789,55,4,False,Left,Front,Left,Centre,50
<_io.BytesIO object at 0x0000014EBBD46770>,0.26858505606651306,0.09499415010213852,-0.07176925241947174,210790,55,4,False,Left,Front,Left,Centre,50
<_io.BytesIO object at 0x0000014EBBD46310>,0.2629756033420563,0.04633254185318947,0.008540865033864975,210790,55,4,False,Left,Front,Left,Centre,50
<_io.BytesIO object at 0x0000014EBBCB9770>,0.22715122997760773,0.10834329575300217,-0.053306836634874344,210790,55,4,False,Left,Front,Left,Centre,50
<_io.BytesIO object at 0x0000014EBBCB9B80>,0.19776730239391327,0.07188279926776886,-0.07677033543586731,210790,55,4,False,Left,Front,Left,Centre,50
<_io.BytesIO object at 0x0000014EBBCB9F40>,0.17898546159267426,0.03198251500725746,-0.038144662976264954,210790,55,4,False,Left,Front,Left,Centre,50
<_io.BytesIO object at 0x0000014EBBCB98B0>,0.5234358310699463,0.08063923567533493,0.233243927359581,210790,55,4,False,Left,Front,Left,Centre,50
<_io.BytesIO object at 0x0000014EBBCB9860>,0.494159072637558,0.14623519778251648,0.3191729784011841,210790,55,4,False,Left,Front,Left,Centre,50
<_io.BytesIO object at 0x0000014EBBCB9BD0>,0.5068265795707703,0.15525667369365692,0.22680416703224182,210790,55,4,False,Left,Front,Left,Centre,50
<_io.BytesIO object at 0x0000014EBBCB9900>,0.5410507917404175,0.1219787523150444,0.2366405576467514,210790,55,4,False,Left,Front,Left,Centre,50
<_io.BytesIO object at 0x0000014EB8F29680>,0.512707531452179,0.05468113347887993,0.2871730327606201,210790,55,4,False,Left,Front,Left,Centre,50
<_io.BytesIO object at 0x0000014EBBD624F0>,0.2686034142971039,0.09508947283029556,-0.07141454517841339,210791,55,4,False,Left,Front,Left,Centre,50
<_io.BytesIO object at 0x0000014EBBD623B0>,0.2626606523990631,0.04664810374379158,0.00872685108333826,210791,55,4,False,Left,Front,Left,Centre,50
<_io.BytesIO object at 0x0000014EBBCBDD10>,0.22691969573497772,0.10818665474653244,-0.05334964394569397,210791,55,4,False,Left,Front,Left,Centre,50
<_io.BytesIO object at 0x0000014EBBCBD9A0>,0.19802023470401764,0.07155782729387283,-0.07718459516763687,210791,55,4,False,Left,Front,Left,Centre,50
<_io.BytesIO object at 0x0000014EBBCBD680>,0.17907093465328217,0.031479500234127045,-0.03845340758562088,210791,55,4,False,Left,Front,Left,Centre,50
<_io.BytesIO object at 0x0000014EBBCBDF90>,0.5234358310699463,0.08063923567533493,0.233243927359581,210791,55,4,False,Left,Front,Left,Centre,50
<_io.BytesIO object at 0x0000014EBBD6F4A0>,0.494159072637558,0.14623519778251648,0.3191729784011841,210791,55,4,False,Left,Front,Left,Centre,50
<_io.BytesIO object at 0x0000014EBBD6F0E0>,0.5068265795707703,0.15525667369365692,0.22680416703224182,210791,55,4,False,Left,Front,Left,Centre,50
<_io.BytesIO object at 0x0000014EBBD6F720>,0.5410507917404175,0.1219787523150444,0.2366405576467514,210791,55,4,False,Left,Front,Left,Centre,50
<_io.BytesIO object at 0x0000014EBBD6F7C0>,0.512707531452179,0.05468113347887993,0.2871730327606201,210791,55,4,False,Left,Front,Left,Centre,50
<_io.BytesIO object at 0x0000014EB8F29AE0>,0.26863983273506165,0.09518619626760483,-0.0709361806511879,210792,55,4,False,Left,Front,Left,Centre,50
<_io.BytesIO object at 0x0000014EB8F294A0>,0.26225996017456055,0.046988483518362045,0.008952567353844643,210792,55,4,False,Left,Front,Left,Centre,50
<_io.BytesIO object at 0x0000014EB8F29180>,0.22670413553714752,0.10797537118196487,-0.053468793630599976,210792,55,4,False,Left,Front,Left,Centre,50
<_io.BytesIO object at 0x0000014EB8F29DB0>,0.19825266301631927,0.07121878862380981,-0.07762886583805084,210792,55,4,False,Left,Front,Left,Centre,50
<_io.BytesIO object at 0x0000014EB8F29D10>,0.17918552458286285,0.030888861045241356,-0.03878520429134369,210792,55,4,False,Left,Front,Left,Centre,50
<_io.BytesIO object at 0x0000014EBBCB9E00>,0.5234358310699463,0.08063923567533493,0.233243927359581,210792,55,4,False,Left,Front,Left,Centre,50
<_io.BytesIO object at 0x0000014EBBCB9BD0>,0.494159072637558,0.14623519778251648,0.3191729784011841,210792,55,4,False,Left,Front,Left,Centre,50
<_io.BytesIO object at 0x0000014EBBCB92C0>,0.5068265795707703,0.15525667369365692,0.22680416703224182,210792,55,4,False,Left,Front,Left,Centre,50
<_io.BytesIO object at 0x0000014EBBCB9130>,0.5410507917404175,0.1219787523150444,0.2366405576467514,210792,55,4,False,Left,Front,Left,Centre,50
<_io.BytesIO object at 0x0000014EBBCB9630>,0.512707531452179,0.05468113347887993,0.2871730327606201,210792,55,4,False,Left,Front,Left,Centre,50
<_io.BytesIO object at 0x0000014EBBCA3E00>,0.2686871290206909,0.0952238142490387,-0.070583276450634,210793,55,4,False,Left,Front,Left,Centre,50
<_io.BytesIO object at 0x0000014EBBCA3770>,0.26186931133270264,0.047264277935028076,0.00908765196800232,210793,55,4,False,Left,Front,Left,Centre,50
<_io.BytesIO object at 0x0000014EBBCA32C0>,0.22654394805431366,0.10775682330131531,-0.053535621613264084,210793,55,4,False,Left,Front,Left,Centre,50
<_io.BytesIO object at 0x0000014EBBCA3130>,0.19852329790592194,0.07080946117639542,-0.07814514636993408,210793,55,4,False,Left,Front,Left,Centre,50
<_io.BytesIO object at 0x0000014EBBCA3860>,0.17937736213207245,0.03013891540467739,-0.03918038681149483,210793,55,4,False,Left,Front,Left,Centre,50
<_io.BytesIO object at 0x0000014EBBD66090>,0.5234358310699463,0.08063923567533493,0.233243927359581,210793,55,4,False,Left,Front,Left,Centre,50
<_io.BytesIO object at 0x0000014EBBD665E0>,0.494159072637558,0.14623519778251648,0.3191729784011841,210793,55,4,False,Left,Front,Left,Centre,50
<_io.BytesIO object at 0x0000014EBBD667C0>,0.5068265795707703,0.15525667369365692,0.22680416703224182,210793,55,4,False,Left,Front,Left,Centre,50
<_io.BytesIO object at 0x0000014EBBD66860>,0.5410507917404175,0.1219787523150444,0.2366405576467514,210793,55,4,False,Left,Front,Left,Centre,50
<_io.BytesIO object at 0x0000014EBBD664A0>,0.512707531452179,0.05468113347887993,0.2871730327606201,210793,55,4,False,Left,Front,Left,Centre,50
<_io.BytesIO object at 0x0000014EBBD6E4F0>,0.26867908239364624,0.09518317133188248,-0.07032844424247742,210794,55,4,False,Left,Front,Left,Centre,50
<_io.BytesIO object at 0x0000014EB8F2D8B0>,0.2616197168827057,0.04755575954914093,0.009367818012833595,210794,55,4,False,Left,Front,Left,Centre,50
<_io.BytesIO object at 0x0000014EB8F2D9F0>,0.22631435096263885,0.10745373368263245,-0.053650084882974625,210794,55,4,False,Left,Front,Left,Centre,50
<_io.BytesIO object at 0x0000014EB8F2D450>,0.19880127906799316,0.07041120529174805,-0.07862535864114761,210794,55,4,False,Left,Front,Left,Centre,50
<_io.BytesIO object at 0x0000014EB8F2D090>,0.1794261932373047,0.02956194430589676,-0.03956806659698486,210794,55,4,False,Left,Front,Left,Centre,50
<_io.BytesIO object at 0x0000014EB8F2D9A0>,0.5234358310699463,0.08063923567533493,0.233243927359581,210794,55,4,False,Left,Front,Left,Centre,50
<_io.BytesIO object at 0x0000014EB8F2D130>,0.494159072637558,0.14623519778251648,0.3191729784011841,210794,55,4,False,Left,Front,Left,Centre,50
<_io.BytesIO object at 0x0000014EB8F2D7C0>,0.5068265795707703,0.15525667369365692,0.22680416703224182,210794,55,4,False,Left,Front,Left,Centre,50
<_io.BytesIO object at 0x0000014EBBC901D0>,0.5410507917404175,0.1219787523150444,0.2366405576467514,210794,55,4,False,Left,Front,Left,Centre,50
<_io.BytesIO object at 0x0000014EBBC90900>,0.512707531452179,0.05468113347887993,0.2871730327606201,210794,55,4,False,Left,Front,Left,Centre,50
<_io.BytesIO object at 0x0000014EBBC92720>,0.2686498165130615,0.09509404748678207,-0.07009539753198624,210795,55,4,False,Left,Front,Left,Centre,50
<_io.BytesIO object at 0x0000014EBBC92CC0>,0.26107722520828247,0.04760804772377014,0.009230087511241436,210795,55,4,False,Left,Front,Left,Centre,50
<_io.BytesIO object at 0x0000014EBBC92860>,0.2260356992483139,0.10717591643333435,-0.053857967257499695,210795,55,4,False,Left,Front,Left,Centre,50
<_io.BytesIO object at 0x0000014EBBC924F0>,0.19902075827121735,0.07002502679824829,-0.07913769036531448,210795,55,4,False,Left,Front,Left,Centre,50
<_io.BytesIO object at 0x0000014EBBD39F40>,0.17949630320072174,0.028905503451824188,-0.04004374146461487,210795,55,4,False,Left,Front,Left,Centre,50
<_io.BytesIO object at 0x0000014EBBD39C20>,0.5234358310699463,0.08063923567533493,0.233243927359581,210795,55,4,False,Left,Front,Left,Centre,50
<_io.BytesIO object at 0x0000014EBBD39540>,0.494159072637558,0.14623519778251648,0.3191729784011841,210795,55,4,False,Left,Front,Left,Centre,50
<_io.BytesIO object at 0x0000014EBBD39D10>,0.5068265795707703,0.15525667369365692,0.22680416703224182,210795,55,4,False,Left,Front,Left,Centre,50
<_io.BytesIO object at 0x0000014EBBD394F0>,0.5410507917404175,0.1219787523150444,0.2366405576467514,210795,55,4,False,Left,Front,Left,Centre,50
<_io.BytesIO object at 0x0000014EBBD39CC0>,0.512707531452179,0.05468113347887993,0.2871730327606201,210795,55,4,False,Left,Front,Left,Centre,50
<_io.BytesIO object at 0x0000014EB8F375E0>,0.26858699321746826,0.09503353387117386,-0.06993626058101654,210796,55,4,False,Left,Front,Left,Centre,50
<_io.BytesIO object at 0x0000014EB8F37810>,0.26075443625450134,0.04767957329750061,0.009246958419680595,210796,55,4,False,Left,Front,Left,Centre,50
<_io.BytesIO object at 0x0000014EB8F5F450>,0.2257019579410553,0.10684630274772644,-0.0539705865085125,210796,55,4,False,Left,Front,Left,Centre,50
<_io.BytesIO object at 0x0000014EB8F5F3B0>,0.19917744398117065,0.06972690671682358,-0.07957997918128967,210796,55,4,False,Left,Front,Left,Centre,50
<_io.BytesIO object at 0x0000014EB8F5FD10>,0.17958851158618927,0.028264068067073822,-0.04047480970621109,210796,55,4,False,Left,Front,Left,Centre,50
<_io.BytesIO object at 0x0000014EB8F5FC20>,0.5234358310699463,0.08063923567533493,0.233243927359581,210796,55,4,False,Left,Front,Left,Centre,50
<_io.BytesIO object at 0x0000014EB8F5F090>,0.494159072637558,0.14623519778251648,0.3191729784011841,210796,55,4,False,Left,Front,Left,Centre,50
<_io.BytesIO object at 0x0000014EB8F5FCC0>,0.5068265795707703,0.15525667369365692,0.22680416703224182,210796,55,4,False,Left,Front,Left,Centre,50
<_io.BytesIO object at 0x0000014EB8F5F900>,0.5410507917404175,0.1219787523150444,0.2366405576467514,210796,55,4,False,Left,Front,Left,Centre,50
<_io.BytesIO object at 0x0000014EB8F5F860>,0.512707531452179,0.05468113347887993,0.2871730327606201,210796,55,4,False,Left,Front,Left,Centre,50
<_io.BytesIO object at 0x0000014EBBC929F0>,0.2685340344905853,0.09496381133794785,-0.06976274400949478,210797,55,4,False,Left,Front,Left,Centre,50
<_io.BytesIO object at 0x0000014EBBC92C20>,0.26044762134552,0.04770202189683914,0.009211200289428234,210797,55,4,False,Left,Front,Left,Centre,50
<_io.BytesIO object at 0x0000014EBBD31DB0>,0.22547926008701324,0.1066339910030365,-0.05411946401000023,210797,55,4,False,Left,Front,Left,Centre,50
<_io.BytesIO object at 0x0000014EBBD31E50>,0.19924919307231903,0.06944351643323898,-0.07998111099004745,210797,55,4,False,Left,Front,Left,Centre,50
<_io.BytesIO object at 0x0000014EBBD31A40>,0.1796439290046692,0.027691368013620377,-0.04090975597500801,210797,55,4,False,Left,Front,Left,Centre,50
<_io.BytesIO object at 0x0000014EBBC90130>,0.5234358310699463,0.08063923567533493,0.233243927359581,210797,55,4,False,Left,Front,Left,Centre,50
<_io.BytesIO object at 0x0000014EBBC900E0>,0.494159072637558,0.14623519778251648,0.3191729784011841,210797,55,4,False,Left,Front,Left,Centre,50
<_io.BytesIO object at 0x0000014EBBC909A0>,0.5068265795707703,0.15525667369365692,0.22680416703224182,210797,55,4,False,Left,Front,Left,Centre,50
<_io.BytesIO object at 0x0000014EBBC90A40>,0.5410507917404175,0.1219787523150444,0.2366405576467514,210797,55,4,False,Left,Front,Left,Centre,50
<_io.BytesIO object at 0x0000014EBBC90C70>,0.512707531452179,0.05468113347887993,0.2871730327606201,210797,55,4,False,Left,Front,Left,Centre,50
<_io.BytesIO object at 0x0000014EBBD6E4F0>,0.26847198605537415,0.09490317851305008,-0.06962557882070541,210798,55,4,False,Left,Front,Left,Centre,50
<_io.BytesIO object at 0x0000014EBBD6EBD0>,0.2601633071899414,0.047701869159936905,0.009176786057651043,210798,55,4,False,Left,Front,Left,Centre,50
<_io.BytesIO object at 0x0000014EBBD6E7C0>,0.22527876496315002,0.1065017580986023,-0.05425594002008438,210798,55,4,False,Left,Front,Left,Centre,50
<_io.BytesIO object at 0x0000014EBBD6E360>,0.19936281442642212,0.06922151148319244,-0.08034106343984604,210798,55,4,False,Left,Front,Left,Centre,50
<_io.BytesIO object at 0x0000014EBBD6E9F0>,0.17965640127658844,0.027163254097104073,-0.0412522591650486,210798,55,4,False,Left,Front,Left,Centre,50
<_io.BytesIO object at 0x0000014EBBD6EB80>,0.5234358310699463,0.08063923567533493,0.233243927359581,210798,55,4,False,Left,Front,Left,Centre,50
<_io.BytesIO object at 0x0000014EB4345130>,0.494159072637558,0.14623519778251648,0.3191729784011841,210798,55,4,False,Left,Front,Left,Centre,50
<_io.BytesIO object at 0x0000014EBBD66A40>,0.5068265795707703,0.15525667369365692,0.22680416703224182,210798,55,4,False,Left,Front,Left,Centre,50
<_io.BytesIO object at 0x0000014EBBD664F0>,0.5410507917404175,0.1219787523150444,0.2366405576467514,210798,55,4,False,Left,Front,Left,Centre,50
<_io.BytesIO object at 0x0000014EBBD66AE0>,0.512707531452179,0.05468113347887993,0.2871730327606201,210798,55,4,False,Left,Front,Left,Centre,50
<_io.BytesIO object at 0x0000014EBBCA3220>,0.26840293407440186,0.09484190493822098,-0.06950269639492035,210799,55,4,False,Left,Front,Left,Centre,50
<_io.BytesIO object at 0x0000014EBBCA3C70>,0.2598671019077301,0.04777338355779648,0.009141480550169945,210799,55,4,False,Left,Front,Left,Centre,50
<_io.BytesIO object at 0x0000014EBBD464F0>,0.22510473430156708,0.10633857548236847,-0.05433982238173485,210799,55,4,False,Left,Front,Left,Centre,50
<_io.BytesIO object at 0x0000014EBBD46450>,0.19957412779331207,0.06897325068712234,-0.08075381070375443,210799,55,4,False,Left,Front,Left,Centre,50
<_io.BytesIO object at 0x0000014EBBD46A40>,0.17963992059230804,0.026767216622829437,-0.04154480621218681,210799,55,4,False,Left,Front,Left,Centre,50
<_io.BytesIO object at 0x0000014EBBD469F0>,0.5234358310699463,0.08063923567533493,0.233243927359581,210799,55,4,False,Left,Front,Left,Centre,50
<_io.BytesIO object at 0x0000014EBBD46DB0>,0.494159072637558,0.14623519778251648,0.3191729784011841,210799,55,4,False,Left,Front,Left,Centre,50
<_io.BytesIO object at 0x0000014EBBD46B30>,0.5068265795707703,0.15525667369365692,0.22680416703224182,210799,55,4,False,Left,Front,Left,Centre,50
<_io.BytesIO object at 0x0000014EB8F297C0>,0.5410507917404175,0.1219787523150444,0.2366405576467514,210799,55,4,False,Left,Front,Left,Centre,50
<_io.BytesIO object at 0x0000014EB8F29360>,0.512707531452179,0.05468113347887993,0.2871730327606201,210799,55,4,False,Left,Front,Left,Centre,50
<_io.BytesIO object at 0x0000014EBBD62040>,0.2683729827404022,0.0948476567864418,-0.06927495449781418,210800,55,4,False,Left,Front,Left,Centre,50
<_io.BytesIO object at 0x0000014EBBD624F0>,0.25953245162963867,0.047748252749443054,0.009117166511714458,210800,55,4,False,Left,Front,Left,Centre,50
<_io.BytesIO object at 0x0000014EBBCB9180>,0.22492799162864685,0.10615652799606323,-0.054387159645557404,210800,55,4,False,Left,Front,Left,Centre,50
<_io.BytesIO object at 0x0000014EBBCB9950>,0.19964022934436798,0.06885506212711334,-0.08096876740455627,210800,55,4,False,Left,Front,Left,Centre,50
<_io.BytesIO object at 0x0000014EBBCB90E0>,0.17962799966335297,0.026442348957061768,-0.041906967759132385,210800,55,4,False,Left,Front,Left,Centre,50
<_io.BytesIO object at 0x0000014EBBCB93B0>,0.5234358310699463,0.08063923567533493,0.233243927359581,210800,55,4,False,Left,Front,Left,Centre,50
<_io.BytesIO object at 0x0000014EBBCB94F0>,0.494159072637558,0.14623519778251648,0.3191729784011841,210800,55,4,False,Left,Front,Left,Centre,50
<_io.BytesIO object at 0x0000014EBBCB9AE0>,0.5068265795707703,0.15525667369365692,0.22680416703224182,210800,55,4,False,Left,Front,Left,Centre,50
<_io.BytesIO object at 0x0000014EBBCBD6D0>,0.5410507917404175,0.1219787523150444,0.2366405576467514,210800,55,4,False,Left,Front,Left,Centre,50
<_io.BytesIO object at 0x0000014EBBCBD590>,0.512707531452179,0.05468113347887993,0.2871730327606201,210800,55,4,False,Left,Front,Left,Centre,50
<_io.BytesIO object at 0x0000014EB8F37860>,0.26830363273620605,0.09490647912025452,-0.06894173473119736,210801,55,4,False,Left,Front,Left,Centre,50
<_io.BytesIO object at 0x0000014EBBD6F860>,0.25927433371543884,0.04777006804943085,0.009112012572586536,210801,55,4,False,Left,Front,Left,Centre,50
<_io.BytesIO object at 0x0000014EBBD6FD60>,0.2248007357120514,0.10605034232139587,-0.05441668629646301,210801,55,4,False,Left,Front,Left,Centre,50
<_io.BytesIO object at 0x0000014EB8F373B0>,0.19981199502944946,0.06872566044330597,-0.08123120665550232,210801,55,4,False,Left,Front,Left,Centre,50
<_io.BytesIO object at 0x0000014EB8F37D60>,0.17964166402816772,0.02607959508895874,-0.04210975393652916,210801,55,4,False,Left,Front,Left,Centre,50
<_io.BytesIO object at 0x0000014EB8F37BD0>,0.5234358310699463,0.08063923567533493,0.233243927359581,210801,55,4,False,Left,Front,Left,Centre,50
<_io.BytesIO object at 0x0000014EB8F376D0>,0.494159072637558,0.14623519778251648,0.3191729784011841,210801,55,4,False,Left,Front,Left,Centre,50
<_io.BytesIO object at 0x0000014EB8F377C0>,0.5068265795707703,0.15525667369365692,0.22680416703224182,210801,55,4,False,Left,Front,Left,Centre,50
<_io.BytesIO object at 0x0000014EB8F37A90>,0.5410507917404175,0.1219787523150444,0.2366405576467514,210801,55,4,False,Left,Front,Left,Centre,50
<_io.BytesIO object at 0x0000014EB8F37810>,0.512707531452179,0.05468113347887993,0.2871730327606201,210801,55,4,False,Left,Front,Left,Centre,50
<_io.BytesIO object at 0x0000014EBBCB9180>,0.2682952582836151,0.09491263329982758,-0.06862004101276398,210802,55,4,False,Left,Front,Left,Centre,50
<_io.BytesIO object at 0x0000014EBBD62770>,0.2590874135494232,0.04788152128458023,0.00919679831713438,210802,55,4,False,Left,Front,Left,Centre,50
<_io.BytesIO object at 0x0000014EBBD62180>,0.22470231354236603,0.10601148009300232,-0.05437204986810684,210802,55,4,False,Left,Front,Left,Centre,50
<_io.BytesIO object at 0x0000014EBBD629F0>,0.19992123544216156,0.06871899962425232,-0.08137673884630203,210802,55,4,False,Left,Front,Left,Centre,50
<_io.BytesIO object at 0x0000014EBBD62540>,0.1796727478504181,0.025857126340270042,-0.042242713272571564,210802,55,4,False,Left,Front,Left,Centre,50
<_io.BytesIO object at 0x0000014EBBD620E0>,0.5234358310699463,0.08063923567533493,0.233243927359581,210802,55,4,False,Left,Front,Left,Centre,50
<_io.BytesIO object at 0x0000014EB8F293B0>,0.494159072637558,0.14623519778251648,0.3191729784011841,210802,55,4,False,Left,Front,Left,Centre,50
<_io.BytesIO object at 0x0000014EB8F290E0>,0.5068265795707703,0.15525667369365692,0.22680416703224182,210802,55,4,False,Left,Front,Left,Centre,50
<_io.BytesIO object at 0x0000014EB8F29630>,0.5410507917404175,0.1219787523150444,0.2366405576467514,210802,55,4,False,Left,Front,Left,Centre,50
<_io.BytesIO object at 0x0000014EB8F29AE0>,0.512707531452179,0.05468113347887993,0.2871730327606201,210802,55,4,False,Left,Front,Left,Centre,50
<_io.BytesIO object at 0x0000014EBBD46450>,0.26831912994384766,0.09499213099479675,-0.06829225271940231,210803,55,4,False,Left,Front,Left,Centre,50
<_io.BytesIO object at 0x0000014EBBD46B80>,0.25889432430267334,0.04801749810576439,0.009402618743479252,210803,55,4,False,Left,Front,Left,Centre,50
<_io.BytesIO object at 0x0000014EBBCA3590>,0.22460444271564484,0.10593938082456589,-0.054219067096710205,210803,55,4,False,Left,Front,Left,Centre,50
<_io.BytesIO object at 0x0000014EBBCA3EA0>,0.2000976949930191,0.06864183396100998,-0.0815025269985199,210803,55,4,False,Left,Front,Left,Centre,50
<_io.BytesIO object at 0x0000014EBBCA3540>,0.17973677814006805,0.025671470910310745,-0.042334385216236115,210803,55,4,False,Left,Front,Left,Centre,50
<_io.BytesIO object at 0x0000014EBBCA3310>,0.5234358310699463,0.08063923567533493,0.233243927359581,210803,55,4,False,Left,Front,Left,Centre,50
<_io.BytesIO object at 0x0000014EBBCA3400>,0.494159072637558,0.14623519778251648,0.3191729784011841,210803,55,4,False,Left,Front,Left,Centre,50
<_io.BytesIO object at 0x0000014EBBCA38B0>,0.5068265795707703,0.15525667369365692,0.22680416703224182,210803,55,4,False,Left,Front,Left,Centre,50
<_io.BytesIO object at 0x0000014EBBD66090>,0.5410507917404175,0.1219787523150444,0.2366405576467514,210803,55,4,False,Left,Front,Left,Centre,50
<_io.BytesIO object at 0x0000014EBBD66E50>,0.512707531452179,0.05468113347887993,0.2871730327606201,210803,55,4,False,Left,Front,Left,Centre,50
<_io.BytesIO object at 0x0000014EBBD6EEF0>,0.26834774017333984,0.09509643912315369,-0.0679434984922409,210804,55,4,False,Left,Front,Left,Centre,50
<_io.BytesIO object at 0x0000014EBBD6E7C0>,0.2586904764175415,0.04814702644944191,0.009635123424232006,210804,55,4,False,Left,Front,Left,Centre,50
<_io.BytesIO object at 0x0000014EBBD6E310>,0.22454749047756195,0.10594309866428375,-0.054091695696115494,210804,55,4,False,Left,Front,Left,Centre,50
<_io.BytesIO object at 0x0000014EBBD6EF90>,0.20028191804885864,0.06860759109258652,-0.08156581223011017,210804,55,4,False,Left,Front,Left,Centre,50
<_io.BytesIO object at 0x0000014EB8F2DEF0>,0.17985142767429352,0.025485295802354813,-0.04236775264143944,210804,55,4,False,Left,Front,Left,Centre,50
<_io.BytesIO object at 0x0000014EB8F2D900>,0.5234358310699463,0.08063923567533493,0.233243927359581,210804,55,4,False,Left,Front,Left,Centre,50
<_io.BytesIO object at 0x0000014EB8F2D590>,0.494159072637558,0.14623519778251648,0.3191729784011841,210804,55,4,False,Left,Front,Left,Centre,50
<_io.BytesIO object at 0x0000014EB8F2D9F0>,0.5068265795707703,0.15525667369365692,0.22680416703224182,210804,55,4,False,Left,Front,Left,Centre,50
<_io.BytesIO object at 0x0000014EB8F2D540>,0.5410507917404175,0.1219787523150444,0.2366405576467514,210804,55,4,False,Left,Front,Left,Centre,50
<_io.BytesIO object at 0x0000014EB8F2D6D0>,0.512707531452179,0.05468113347887993,0.2871730327606201,210804,55,4,False,Left,Front,Left,Centre,50
<_io.BytesIO object at 0x0000014EBBC90950>,0.26844409108161926,0.09527050703763962,-0.06757695972919464,210805,55,4,False,Left,Front,Left,Centre,50
<_io.BytesIO object at 0x0000014EBBD31D60>,0.2585518956184387,0.04839202016592026,0.009902582503855228,210805,55,4,False,Left,Front,Left,Centre,50
<_io.BytesIO object at 0x0000014EBBC929A0>,0.22450657188892365,0.10596412420272827,-0.05393688380718231,210805,55,4,False,Left,Front,Left,Centre,50
<_io.BytesIO object at 0x0000014EBBC923B0>,0.2005247175693512,0.0686066523194313,-0.08164570480585098,210805,55,4,False,Left,Front,Left,Centre,50
<_io.BytesIO object at 0x0000014EBBC92130>,0.1799733191728592,0.02534477412700653,-0.042400941252708435,210805,55,4,False,Left,Front,Left,Centre,50
<_io.BytesIO object at 0x0000014EBBC92400>,0.5234358310699463,0.08063923567533493,0.233243927359581,210805,55,4,False,Left,Front,Left,Centre,50
<_io.BytesIO object at 0x0000014EBBC92680>,0.494159072637558,0.14623519778251648,0.3191729784011841,210805,55,4,False,Left,Front,Left,Centre,50
<_io.BytesIO object at 0x0000014EBBC92F40>,0.5068265795707703,0.15525667369365692,0.22680416703224182,210805,55,4,False,Left,Front,Left,Centre,50
<_io.BytesIO object at 0x0000014EBBC924A0>,0.5410507917404175,0.1219787523150444,0.2366405576467514,210805,55,4,False,Left,Front,Left,Centre,50
<_io.BytesIO object at 0x0000014EBBD392C0>,0.512707531452179,0.05468113347887993,0.2871730327606201,210805,55,4,False,Left,Front,Left,Centre,50
<_io.BytesIO object at 0x0000014EB8F5F630>,0.2684790790081024,0.09538263827562332,-0.06726711988449097,210806,55,4,False,Left,Front,Left,Centre,50
<_io.BytesIO object at 0x0000014EB8F5F090>,0.25839993357658386,0.04858031123876572,0.010141946375370026,210806,55,4,False,Left,Front,Left,Centre,50
<_io.BytesIO object at 0x0000014EB8F5FAE0>,0.22445060312747955,0.10596222430467606,-0.05372551083564758,210806,55,4,False,Left,Front,Left,Centre,50
<_io.BytesIO object at 0x0000014EB8F5F450>,0.20104944705963135,0.06833936274051666,-0.0818336233496666,210806,55,4,False,Left,Front,Left,Centre,50
<_io.BytesIO object at 0x0000014EBBD6FC70>,0.18013499677181244,0.025170424953103065,-0.04241923615336418,210806,55,4,False,Left,Front,Left,Centre,50
<_io.BytesIO object at 0x0000014EBBD6F4F0>,0.5234358310699463,0.08063923567533493,0.233243927359581,210806,55,4,False,Left,Front,Left,Centre,50
<_io.BytesIO object at 0x0000014EBBD6F4A0>,0.494159072637558,0.14623519778251648,0.3191729784011841,210806,55,4,False,Left,Front,Left,Centre,50
<_io.BytesIO object at 0x0000014EBBD6F090>,0.5068265795707703,0.15525667369365692,0.22680416703224182,210806,55,4,False,Left,Front,Left,Centre,50
<_io.BytesIO object at 0x0000014EBBD6FEA0>,0.5410507917404175,0.1219787523150444,0.2366405576467514,210806,55,4,False,Left,Front,Left,Centre,50
<_io.BytesIO object at 0x0000014EBBD6F540>,0.512707531452179,0.05468113347887993,0.2871730327606201,210806,55,4,False,Left,Front,Left,Centre,50
<_io.BytesIO object at 0x0000014EB8F5F5E0>,0.2685326635837555,0.09550294280052185,-0.06694323569536209,210807,55,4,False,Left,Front,Left,Centre,50
<_io.BytesIO object at 0x0000014EB8F5F9A0>,0.2582317292690277,0.048789430409669876,0.010466845706105232,210807,55,4,False,Left,Front,Left,Centre,50
<_io.BytesIO object at 0x0000014EB8F5F950>,0.22441300749778748,0.10600317269563675,-0.05355389416217804,210807,55,4,False,Left,Front,Left,Centre,50
<_io.BytesIO object at 0x0000014EB8F5F860>,0.2012539654970169,0.06837403029203415,-0.08181636780500412,210807,55,4,False,Left,Front,Left,Centre,50
<_io.BytesIO object at 0x0000014EB8F5F360>,0.18028391897678375,0.025082765147089958,-0.04242139309644699,210807,55,4,False,Left,Front,Left,Centre,50
<_io.BytesIO object at 0x0000014EBBD39540>,0.5234358310699463,0.08063923567533493,0.233243927359581,210807,55,4,False,Left,Front,Left,Centre,50
<_io.BytesIO object at 0x0000014EBBD39450>,0.494159072637558,0.14623519778251648,0.3191729784011841,210807,55,4,False,Left,Front,Left,Centre,50
<_io.BytesIO object at 0x0000014EBBD399A0>,0.5068265795707703,0.15525667369365692,0.22680416703224182,210807,55,4,False,Left,Front,Left,Centre,50
<_io.BytesIO object at 0x0000014EBBD39A40>,0.5410507917404175,0.1219787523150444,0.2366405576467514,210807,55,4,False,Left,Front,Left,Centre,50
<_io.BytesIO object at 0x0000014EBBD395E0>,0.512707531452179,0.05468113347887993,0.2871730327606201,210807,55,4,False,Left,Front,Left,Centre,50
<_io.BytesIO object at 0x0000014EBBC92B80>,0.26862001419067383,0.0956273302435875,-0.06650342047214508,210808,55,4,False,Left,Front,Left,Centre,50
<_io.BytesIO object at 0x0000014EBBD319A0>,0.25809866189956665,0.04895242676138878,0.010690661147236824,210808,55,4,False,Left,Front,Left,Centre,50
<_io.BytesIO object at 0x0000014EBBC90950>,0.2243952453136444,0.10603845119476318,-0.05342278629541397,210808,55,4,False,Left,Front,Left,Centre,50
<_io.BytesIO object at 0x0000014EBBC903B0>,0.20155656337738037,0.06834564357995987,-0.08176854252815247,210808,55,4,False,Left,Front,Left,Centre,50
<_io.BytesIO object at 0x0000014EBBC90D60>,0.1804063469171524,0.024979786947369576,-0.04246937111020088,210808,55,4,False,Left,Front,Left,Centre,50
<_io.BytesIO object at 0x0000014EBBC90E50>,0.5234358310699463,0.08063923567533493,0.233243927359581,210808,55,4,False,Left,Front,Left,Centre,50
<_io.BytesIO object at 0x0000014EBBC90E00>,0.494159072637558,0.14623519778251648,0.3191729784011841,210808,55,4,False,Left,Front,Left,Centre,50
<_io.BytesIO object at 0x0000014EBBC90EF0>,0.5068265795707703,0.15525667369365692,0.22680416703224182,210808,55,4,False,Left,Front,Left,Centre,50
<_io.BytesIO object at 0x0000014EBBC90360>,0.5410507917404175,0.1219787523150444,0.2366405576467514,210808,55,4,False,Left,Front,Left,Centre,50
<_io.BytesIO object at 0x0000014EBBC90AE0>,0.512707531452179,0.05468113347887993,0.2871730327606201,210808,55,4,False,Left,Front,Left,Centre,50
<_io.BytesIO object at 0x0000014EBBD6E450>,0.268696665763855,0.09578043222427368,-0.06614615023136139,210809,55,4,False,Left,Front,Left,Centre,50
<_io.BytesIO object at 0x0000014EBBD6EAE0>,0.25797122716903687,0.049111198633909225,0.010894685983657837,210809,55,4,False,Left,Front,Left,Centre,50
<_io.BytesIO object at 0x0000014EBBD6ED60>,0.22439661622047424,0.10609237849712372,-0.05326087400317192,210809,55,4,False,Left,Front,Left,Centre,50
<_io.BytesIO object at 0x0000014EBBD6EB30>,0.2017991840839386,0.0683087557554245,-0.08175413310527802,210809,55,4,False,Left,Front,Left,Centre,50
<_io.BytesIO object at 0x0000014EB4345220>,0.18051797151565552,0.024899836629629135,-0.04250350221991539,210809,55,4,False,Left,Front,Left,Centre,50
<_io.BytesIO object at 0x0000014EB4345400>,0.5234358310699463,0.08063923567533493,0.233243927359581,210809,55,4,False,Left,Front,Left,Centre,50
<_io.BytesIO object at 0x0000014EBBD66180>,0.494159072637558,0.14623519778251648,0.3191729784011841,210809,55,4,False,Left,Front,Left,Centre,50
<_io.BytesIO object at 0x0000014EBBD66130>,0.5068265795707703,0.15525667369365692,0.22680416703224182,210809,55,4,False,Left,Front,Left,Centre,50
<_io.BytesIO object at 0x0000014EBBD66540>,0.5410507917404175,0.1219787523150444,0.2366405576467514,210809,55,4,False,Left,Front,Left,Centre,50
<_io.BytesIO object at 0x0000014EBBD668B0>,0.512707531452179,0.05468113347887993,0.2871730327606201,210809,55,4,False,Left,Front,Left,Centre,50
<_io.BytesIO object at 0x0000014EBBCA3450>,0.2688238024711609,0.09599163383245468,-0.06575392186641693,210810,55,4,False,Left,Front,Left,Centre,50
<_io.BytesIO object at 0x0000014EBBCA3C70>,0.25782763957977295,0.049284566193819046,0.011217886582016945,210810,55,4,False,Left,Front,Left,Centre,50
<_io.BytesIO object at 0x0000014EBBD46860>,0.2243967205286026,0.10616642981767654,-0.05306486785411835,210810,55,4,False,Left,Front,Left,Centre,50
<_io.BytesIO object at 0x0000014EBBD46F40>,0.201983243227005,0.06832516938447952,-0.0817408338189125,210810,55,4,False,Left,Front,Left,Centre,50
<_io.BytesIO object at 0x0000014EBBD46180>,0.18064796924591064,0.024809997528791428,-0.0425461009144783,210810,55,4,False,Left,Front,Left,Centre,50
<_io.BytesIO object at 0x0000014EBBD46A90>,0.5234358310699463,0.08063923567533493,0.233243927359581,210810,55,4,False,Left,Front,Left,Centre,50
<_io.BytesIO object at 0x0000014EBBD46360>,0.494159072637558,0.14623519778251648,0.3191729784011841,210810,55,4,False,Left,Front,Left,Centre,50
<_io.BytesIO object at 0x0000014EBBD46F90>,0.5068265795707703,0.15525667369365692,0.22680416703224182,210810,55,4,False,Left,Front,Left,Centre,50
<_io.BytesIO object at 0x0000014EB8F29450>,0.5410507917404175,0.1219787523150444,0.2366405576467514,210810,55,4,False,Left,Front,Left,Centre,50
<_io.BytesIO object at 0x0000014EB8F29DB0>,0.512707531452179,0.05468113347887993,0.2871730327606201,210810,55,4,False,Left,Front,Left,Centre,50
<_io.BytesIO object at 0x0000014EBBD62EF0>,0.2689080238342285,0.09610483795404434,-0.0654582753777504,210811,55,4,False,Left,Front,Left,Centre,50
<_io.BytesIO object at 0x0000014EBBD62F40>,0.25761258602142334,0.04906265810132027,0.011611776426434517,210811,55,4,False,Left,Front,Left,Centre,50
<_io.BytesIO object at 0x0000014EBBCB9C70>,0.22444267570972443,0.10620342195034027,-0.0528981052339077,210811,55,4,False,Left,Front,Left,Centre,50
<_io.BytesIO object at 0x0000014EBBCB95E0>,0.20218752324581146,0.06836264580488205,-0.08172324299812317,210811,55,4,False,Left,Front,Left,Centre,50
<_io.BytesIO object at 0x0000014EBBCB9130>,0.18071924149990082,0.02472737617790699,-0.042598873376846313,210811,55,4,False,Left,Front,Left,Centre,50
<_io.BytesIO object at 0x0000014EBBCB98B0>,0.5234358310699463,0.08063923567533493,0.233243927359581,210811,55,4,False,Left,Front,Left,Centre,50
<_io.BytesIO object at 0x0000014EBBCB9E00>,0.494159072637558,0.14623519778251648,0.3191729784011841,210811,55,4,False,Left,Front,Left,Centre,50
<_io.BytesIO object at 0x0000014EBBCB9B80>,0.5068265795707703,0.15525667369365692,0.22680416703224182,210811,55,4,False,Left,Front,Left,Centre,50
<_io.BytesIO object at 0x0000014EBBCBD0E0>,0.5410507917404175,0.1219787523150444,0.2366405576467514,210811,55,4,False,Left,Front,Left,Centre,50
<_io.BytesIO object at 0x0000014EBBCBD950>,0.512707531452179,0.05468113347887993,0.2871730327606201,210811,55,4,False,Left,Front,Left,Centre,50
<_io.BytesIO object at 0x0000014EB8F37CC0>,0.2689468264579773,0.09617955982685089,-0.06511595100164413,210812,55,4,False,Left,Front,Left,Centre,50
<_io.BytesIO object at 0x0000014EBBCA7680>,0.2574812173843384,0.04912922531366348,0.011732548475265503,210812,55,4,False,Left,Front,Left,Centre,50
<_io.BytesIO object at 0x0000014EBBCA70E0>,0.22443877160549164,0.10620526224374771,-0.052736107259988785,210812,55,4,False,Left,Front,Left,Centre,50
<_io.BytesIO object at 0x0000014EBBCA7090>,0.2023647129535675,0.06843771040439606,-0.0817057341337204,210812,55,4,False,Left,Front,Left,Centre,50
<_io.BytesIO object at 0x0000014EBBCA7B30>,0.18071840703487396,0.02467101626098156,-0.04261124134063721,210812,55,4,False,Left,Front,Left,Centre,50
<_io.BytesIO object at 0x0000014EB8F37EF0>,0.5234358310699463,0.08063923567533493,0.233243927359581,210812,55,4,False,Left,Front,Left,Centre,50
<_io.BytesIO object at 0x0000014EB8F373B0>,0.494159072637558,0.14623519778251648,0.3191729784011841,210812,55,4,False,Left,Front,Left,Centre,50
<_io.BytesIO object at 0x0000014EB8F37C70>,0.5068265795707703,0.15525667369365692,0.22680416703224182,210812,55,4,False,Left,Front,Left,Centre,50
<_io.BytesIO object at 0x0000014EB8F37DB0>,0.5410507917404175,0.1219787523150444,0.2366405576467514,210812,55,4,False,Left,Front,Left,Centre,50
<_io.BytesIO object at 0x0000014EB8F37F90>,0.512707531452179,0.05468113347887993,0.2871730327606201,210812,55,4,False,Left,Front,Left,Centre,50
<_io.BytesIO object at 0x0000014EBBCB9860>,0.2689827084541321,0.09621943533420563,-0.06480879336595535,210813,55,4,False,Left,Front,Left,Centre,50
<_io.BytesIO object at 0x0000014EBBCB9590>,0.2573837637901306,0.04920585826039314,0.011884914711117744,210813,55,4,False,Left,Front,Left,Centre,50
<_io.BytesIO object at 0x0000014EBBD62810>,0.2244381308555603,0.10624967515468597,-0.05261363461613655,210813,55,4,False,Left,Front,Left,Centre,50
<_io.BytesIO object at 0x0000014EBBD62130>,0.20249253511428833,0.06846719235181808,-0.08166524767875671,210813,55,4,False,Left,Front,Left,Centre,50
<_io.BytesIO object at 0x0000014EBBD62180>,0.18079166114330292,0.024604065343737602,-0.042604200541973114,210813,55,4,False,Left,Front,Left,Centre,50
<_io.BytesIO object at 0x0000014EBBD629F0>,0.5234358310699463,0.08063923567533493,0.233243927359581,210813,55,4,False,Left,Front,Left,Centre,50
<_io.BytesIO object at 0x0000014EBBD62B30>,0.494159072637558,0.14623519778251648,0.3191729784011841,210813,55,4,False,Left,Front,Left,Centre,50
<_io.BytesIO object at 0x0000014EBBD62310>,0.5068265795707703,0.15525667369365692,0.22680416703224182,210813,55,4,False,Left,Front,Left,Centre,50
<_io.BytesIO object at 0x0000014EB8F293B0>,0.5410507917404175,0.1219787523150444,0.2366405576467514,210813,55,4,False,Left,Front,Left,Centre,50
<_io.BytesIO object at 0x0000014EB8F29220>,0.512707531452179,0.05468113347887993,0.2871730327606201,210813,55,4,False,Left,Front,Left,Centre,50
<_io.BytesIO object at 0x0000014EBBD46A90>,0.26903536915779114,0.0962504968047142,-0.06464041024446487,210814,55,4,False,Left,Front,Left,Centre,50
<_io.BytesIO object at 0x0000014EBBD46630>,0.25728318095207214,0.04932256415486336,0.01204244140535593,210814,55,4,False,Left,Front,Left,Centre,50
<_io.BytesIO object at 0x0000014EBBCA3C70>,0.2244199514389038,0.10626521706581116,-0.052507948130369186,210814,55,4,False,Left,Front,Left,Centre,50
<_io.BytesIO object at 0x0000014EBBCA37C0>,0.20262105762958527,0.06852514296770096,-0.08166235685348511,210814,55,4,False,Left,Front,Left,Centre,50
<_io.BytesIO object at 0x0000014EBBCA3590>,0.18085211515426636,0.024565493687987328,-0.042597655206918716,210814,55,4,False,Left,Front,Left,Centre,50
<_io.BytesIO object at 0x0000014EBBCA3EA0>,0.5234358310699463,0.08063923567533493,0.233243927359581,210814,55,4,False,Left,Front,Left,Centre,50
<_io.BytesIO object at 0x0000014EBBCA3BD0>,0.494159072637558,0.14623519778251648,0.3191729784011841,210814,55,4,False,Left,Front,Left,Centre,50
<_io.BytesIO object at 0x0000014EBBCA32C0>,0.5068265795707703,0.15525667369365692,0.22680416703224182,210814,55,4,False,Left,Front,Left,Centre,50
<_io.BytesIO object at 0x0000014EBBCA3040>,0.5410507917404175,0.1219787523150444,0.2366405576467514,210814,55,4,False,Left,Front,Left,Centre,50
<_io.BytesIO object at 0x0000014EBBCA35E0>,0.512707531452179,0.05468113347887993,0.2871730327606201,210814,55,4,False,Left,Front,Left,Centre,50
<_io.BytesIO object at 0x0000014EB4345360>,0.2690371572971344,0.09634674340486526,-0.06437835097312927,210815,55,4,False,Left,Front,Left,Centre,50
<_io.BytesIO object at 0x0000014EBBD6E810>,0.25718727707862854,0.04948287829756737,0.012197487987577915,210815,55,4,False,Left,Front,Left,Centre,50
<_io.BytesIO object at 0x0000014EBBD6E130>,0.22447891533374786,0.1063348725438118,-0.052433185279369354,210815,55,4,False,Left,Front,Left,Centre,50
<_io.BytesIO object at 0x0000014EBBD6EDB0>,0.2027282863855362,0.06858600676059723,-0.0816987082362175,210815,55,4,False,Left,Front,Left,Centre,50
<_io.BytesIO object at 0x0000014EBBD6E950>,0.18087251484394073,0.024557555094361305,-0.04260838031768799,210815,55,4,False,Left,Front,Left,Centre,50
<_io.BytesIO object at 0x0000014EBBD6E090>,0.5234358310699463,0.08063923567533493,0.233243927359581,210815,55,4,False,Left,Front,Left,Centre,50
<_io.BytesIO object at 0x0000014EB8F2D950>,0.494159072637558,0.14623519778251648,0.3191729784011841,210815,55,4,False,Left,Front,Left,Centre,50
<_io.BytesIO object at 0x0000014EB8F2D9A0>,0.5068265795707703,0.15525667369365692,0.22680416703224182,210815,55,4,False,Left,Front,Left,Centre,50
<_io.BytesIO object at 0x0000014EB8F2DAE0>,0.5410507917404175,0.1219787523150444,0.2366405576467514,210815,55,4,False,Left,Front,Left,Centre,50
<_io.BytesIO object at 0x0000014EB8F2D9F0>,0.512707531452179,0.05468113347887993,0.2871730327606201,210815,55,4,False,Left,Front,Left,Centre,50
<_io.BytesIO object at 0x0000014EBBC90310>,0.269077330827713,0.0963415876030922,-0.06422600895166397,210816,55,4,False,Left,Front,Left,Centre,50
<_io.BytesIO object at 0x0000014EBBC90F40>,0.2570876181125641,0.04957173764705658,0.01232112105935812,210816,55,4,False,Left,Front,Left,Centre,50
<_io.BytesIO object at 0x0000014EBBD31EF0>,0.22450406849384308,0.10635934770107269,-0.05239969119429588,210816,55,4,False,Left,Front,Left,Centre,50
<_io.BytesIO object at 0x0000014EBBC92450>,0.20285101234912872,0.06862347573041916,-0.08180323243141174,210816,55,4,False,Left,Front,Left,Centre,50
<_io.BytesIO object at 0x0000014EBBC920E0>,0.18086650967597961,0.02453562431037426,-0.04262351617217064,210816,55,4,False,Left,Front,Left,Centre,50
<_io.BytesIO object at 0x0000014EBBC927C0>,0.5234358310699463,0.08063923567533493,0.233243927359581,210816,55,4,False,Left,Front,Left,Centre,50
<_io.BytesIO object at 0x0000014EBBC92630>,0.494159072637558,0.14623519778251648,0.3191729784011841,210816,55,4,False,Left,Front,Left,Centre,50
<_io.BytesIO object at 0x0000014EBBC92DB0>,0.5068265795707703,0.15525667369365692,0.22680416703224182,210816,55,4,False,Left,Front,Left,Centre,50
<_io.BytesIO object at 0x0000014EBBC92270>,0.5410507917404175,0.1219787523150444,0.2366405576467514,210816,55,4,False,Left,Front,Left,Centre,50
<_io.BytesIO object at 0x0000014EBBC924F0>,0.512707531452179,0.05468113347887993,0.2871730327606201,210816,55,4,False,Left,Front,Left,Centre,50
<_io.BytesIO object at 0x0000014EB8F5F220>,0.26913270354270935,0.09629441052675247,-0.06409958750009537,210817,55,4,False,Left,Front,Left,Centre,50
<_io.BytesIO object at 0x0000014EB8F5F860>,0.25700047612190247,0.04965857043862343,0.012364604510366917,210817,55,4,False,Left,Front,Left,Centre,50
<_io.BytesIO object at 0x0000014EB8F5FF90>,0.22454577684402466,0.10636737942695618,-0.052392177283763885,210817,55,4,False,Left,Front,Left,Centre,50
<_io.BytesIO object at 0x0000014EB8F5F630>,0.20294886827468872,0.06863252073526382,-0.08188226073980331,210817,55,4,False,Left,Front,Left,Centre,50
<_io.BytesIO object at 0x0000014EB8F5F3B0>,0.18086372315883636,0.024498969316482544,-0.04265439510345459,210817,55,4,False,Left,Front,Left,Centre,50
<_io.BytesIO object at 0x0000014EB8F5FDB0>,0.5234358310699463,0.08063923567533493,0.233243927359581,210817,55,4,False,Left,Front,Left,Centre,50
<_io.BytesIO object at 0x0000014EBBD6FC20>,0.494159072637558,0.14623519778251648,0.3191729784011841,210817,55,4,False,Left,Front,Left,Centre,50
<_io.BytesIO object at 0x0000014EBBD6F270>,0.5068265795707703,0.15525667369365692,0.22680416703224182,210817,55,4,False,Left,Front,Left,Centre,50
<_io.BytesIO object at 0x0000014EBBD6F0E0>,0.5410507917404175,0.1219787523150444,0.2366405576467514,210817,55,4,False,Left,Front,Left,Centre,50
<_io.BytesIO object at 0x0000014EBBD6F4A0>,0.512707531452179,0.05468113347887993,0.2871730327606201,210817,55,4,False,Left,Front,Left,Centre,50
<_io.BytesIO object at 0x0000014EBBD6FEF0>,0.2691555321216583,0.09623820334672928,-0.06402156502008438,210818,55,4,False,Left,Front,Left,Centre,50
<_io.BytesIO object at 0x0000014EB8F5FA40>,0.2569237947463989,0.04972482845187187,0.012403575703501701,210818,55,4,False,Left,Front,Left,Centre,50
<_io.BytesIO object at 0x0000014EB8F5F4A0>,0.22454288601875305,0.10634631663560867,-0.05243072658777237,210818,55,4,False,Left,Front,Left,Centre,50
<_io.BytesIO object at 0x0000014EB8F5F540>,0.20303472876548767,0.06866513937711716,-0.08202385157346725,210818,55,4,False,Left,Front,Left,Centre,50
<_io.BytesIO object at 0x0000014EB8F5F360>,0.180860698223114,0.02441488765180111,-0.04269106686115265,210818,55,4,False,Left,Front,Left,Centre,50
<_io.BytesIO object at 0x0000014EBBD39040>,0.5234358310699463,0.08063923567533493,0.233243927359581,210818,55,4,False,Left,Front,Left,Centre,50
<_io.BytesIO object at 0x0000014EBBD39540>,0.494159072637558,0.14623519778251648,0.3191729784011841,210818,55,4,False,Left,Front,Left,Centre,50
<_io.BytesIO object at 0x0000014EBBD39BD0>,0.5068265795707703,0.15525667369365692,0.22680416703224182,210818,55,4,False,Left,Front,Left,Centre,50
<_io.BytesIO object at 0x0000014EBBD39B80>,0.5410507917404175,0.1219787523150444,0.2366405576467514,210818,55,4,False,Left,Front,Left,Centre,50
<_io.BytesIO object at 0x0000014EBBD39F90>,0.512707531452179,0.05468113347887993,0.2871730327606201,210818,55,4,False,Left,Front,Left,Centre,50
<_io.BytesIO object at 0x0000014EBBC92220>,0.2691515386104584,0.0961785838007927,-0.06398066133260727,210819,55,4,False,Left,Front,Left,Centre,50
<_io.BytesIO object at 0x0000014EBBD31D60>,0.25682082772254944,0.04980361834168434,0.012415853329002857,210819,55,4,False,Left,Front,Left,Centre,50
<_io.BytesIO object at 0x0000014EBBC90310>,0.22451257705688477,0.10629469156265259,-0.05250418931245804,210819,55,4,False,Left,Front,Left,Centre,50
<_io.BytesIO object at 0x0000014EBBC90770>,0.2031155824661255,0.06858952343463898,-0.0821940079331398,210819,55,4,False,Left,Front,Left,Centre,50
<_io.BytesIO object at 0x0000014EBBC90A40>,0.18084198236465454,0.024290621280670166,-0.042755067348480225,210819,55,4,False,Left,Front,Left,Centre,50
<_io.BytesIO object at 0x0000014EBBC90630>,0.5234358310699463,0.08063923567533493,0.233243927359581,210819,55,4,False,Left,Front,Left,Centre,50
<_io.BytesIO object at 0x0000014EBBC90F90>,0.494159072637558,0.14623519778251648,0.3191729784011841,210819,55,4,False,Left,Front,Left,Centre,50
<_io.BytesIO object at 0x0000014EBBC905E0>,0.5068265795707703,0.15525667369365692,0.22680416703224182,210819,55,4,False,Left,Front,Left,Centre,50
<_io.BytesIO object at 0x0000014EBBC90180>,0.5410507917404175,0.1219787523150444,0.2366405576467514,210819,55,4,False,Left,Front,Left,Centre,50
<_io.BytesIO object at 0x0000014EBBC90B30>,0.512707531452179,0.05468113347887993,0.2871730327606201,210819,55,4,False,Left,Front,Left,Centre,50
<_io.BytesIO object at 0x0000014EBBD6E9A0>,0.2691968083381653,0.09619642794132233,-0.06383667886257172,210820,55,4,False,Left,Front,Left,Centre,50
<_io.BytesIO object at 0x0000014EBBD6EEF0>,0.2566990554332733,0.04986202344298363,0.012425764463841915,210820,55,4,False,Left,Front,Left,Centre,50
<_io.BytesIO object at 0x0000014EBBD6ED60>,0.22446945309638977,0.1062210276722908,-0.05261979624629021,210820,55,4,False,Left,Front,Left,Centre,50
<_io.BytesIO object at 0x0000014EBBD6E6D0>,0.20319558680057526,0.0684831291437149,-0.08241249620914459,210820,55,4,False,Left,Front,Left,Centre,50
<_io.BytesIO object at 0x0000014EB43450E0>,0.1808023303747177,0.024133479222655296,-0.04282025992870331,210820,55,4,False,Left,Front,Left,Centre,50
<_io.BytesIO object at 0x0000014EB4345090>,0.5234358310699463,0.08063923567533493,0.233243927359581,210820,55,4,False,Left,Front,Left,Centre,50
<_io.BytesIO object at 0x0000014EBBD66180>,0.494159072637558,0.14623519778251648,0.3191729784011841,210820,55,4,False,Left,Front,Left,Centre,50
<_io.BytesIO object at 0x0000014EBBD66900>,0.5068265795707703,0.15525667369365692,0.22680416703224182,210820,55,4,False,Left,Front,Left,Centre,50
<_io.BytesIO object at 0x0000014EBBD669F0>,0.5410507917404175,0.1219787523150444,0.2366405576467514,210820,55,4,False,Left,Front,Left,Centre,50
<_io.BytesIO object at 0x0000014EBBD66310>,0.512707531452179,0.05468113347887993,0.2871730327606201,210820,55,4,False,Left,Front,Left,Centre,50
<_io.BytesIO object at 0x0000014EBBCA3A90>,0.26914143562316895,0.09596308320760727,-0.0638854056596756,210821,55,4,False,Left,Front,Left,Centre,50
<_io.BytesIO object at 0x0000014EBBCA3C70>,0.25657185912132263,0.04991082102060318,0.012425994500517845,210821,55,4,False,Left,Front,Left,Centre,50
<_io.BytesIO object at 0x0000014EBBD46CC0>,0.22442616522312164,0.10612663626670837,-0.05272585153579712,210821,55,4,False,Left,Front,Left,Centre,50
<_io.BytesIO object at 0x0000014EBBD46F40>,0.20325472950935364,0.06836169213056564,-0.08262399584054947,210821,55,4,False,Left,Front,Left,Centre,50
<_io.BytesIO object at 0x0000014EBBD46180>,0.18076956272125244,0.02397158183157444,-0.042886339128017426,210821,55,4,False,Left,Front,Left,Centre,50
<_io.BytesIO object at 0x0000014EBBD46770>,0.5234358310699463,0.08063923567533493,0.233243927359581,210821,55,4,False,Left,Front,Left,Centre,50
<_io.BytesIO object at 0x0000014EBBD46F90>,0.494159072637558,0.14623519778251648,0.3191729784011841,210821,55,4,False,Left,Front,Left,Centre,50
<_io.BytesIO object at 0x0000014EBBD460E0>,0.5068265795707703,0.15525667369365692,0.22680416703224182,210821,55,4,False,Left,Front,Left,Centre,50
<_io.BytesIO object at 0x0000014EB8F29E50>,0.5410507917404175,0.1219787523150444,0.2366405576467514,210821,55,4,False,Left,Front,Left,Centre,50
<_io.BytesIO object at 0x0000014EB8F29360>,0.512707531452179,0.05468113347887993,0.2871730327606201,210821,55,4,False,Left,Front,Left,Centre,50
<_io.BytesIO object at 0x0000014EBBD626D0>,0.2691255509853363,0.09579738974571228,-0.06389171630144119,210822,55,4,False,Left,Front,Left,Centre,50
<_io.BytesIO object at 0x0000014EBBD62040>,0.2564747631549835,0.04991225153207779,0.01239788718521595,210822,55,4,False,Left,Front,Left,Centre,50
<_io.BytesIO object at 0x0000014EBBCB9B80>,0.2243705689907074,0.10597623139619827,-0.05284550040960312,210822,55,4,False,Left,Front,Left,Centre,50
<_io.BytesIO object at 0x0000014EBBCB9360>,0.20330920815467834,0.06817889213562012,-0.08287139981985092,210822,55,4,False,Left,Front,Left,Centre,50
<_io.BytesIO object at 0x0000014EBBCB9090>,0.18072837591171265,0.023713422939181328,-0.04298867657780647,210822,55,4,False,Left,Front,Left,Centre,50
<_io.BytesIO object at 0x0000014EBBCB9EF0>,0.5234358310699463,0.08063923567533493,0.233243927359581,210822,55,4,False,Left,Front,Left,Centre,50
<_io.BytesIO object at 0x0000014EBBCB9040>,0.494159072637558,0.14623519778251648,0.3191729784011841,210822,55,4,False,Left,Front,Left,Centre,50
<_io.BytesIO object at 0x0000014EBBCB9270>,0.5068265795707703,0.15525667369365692,0.22680416703224182,210822,55,4,False,Left,Front,Left,Centre,50
<_io.BytesIO object at 0x0000014EBBCBD180>,0.5410507917404175,0.1219787523150444,0.2366405576467514,210822,55,4,False,Left,Front,Left,Centre,50
<_io.BytesIO object at 0x0000014EBBCBD680>,0.512707531452179,0.05468113347887993,0.2871730327606201,210822,55,4,False,Left,Front,Left,Centre,50
<_io.BytesIO object at 0x0000014EB8F37D60>,0.2690986394882202,0.09563402086496353,-0.0639001876115799,210823,55,4,False,Left,Front,Left,Centre,50
<_io.BytesIO object at 0x0000014EBBCA77C0>,0.2563595175743103,0.04994645714759827,0.0124159324914217,210823,55,4,False,Left,Front,Left,Centre,50
<_io.BytesIO object at 0x0000014EBBCA7860>,0.22429794073104858,0.10585679113864899,-0.05300126224756241,210823,55,4,False,Left,Front,Left,Centre,50
<_io.BytesIO object at 0x0000014EBBCA71D0>,0.2033519148826599,0.06795231997966766,-0.08305871486663818,210823,55,4,False,Left,Front,Left,Centre,50
<_io.BytesIO object at 0x0000014EBBCA7D60>,0.1807449609041214,0.023433934897184372,-0.04311484843492508,210823,55,4,False,Left,Front,Left,Centre,50
<_io.BytesIO object at 0x0000014EB8F374A0>,0.5234358310699463,0.08063923567533493,0.233243927359581,210823,55,4,False,Left,Front,Left,Centre,50
<_io.BytesIO object at 0x0000014EB8F37360>,0.494159072637558,0.14623519778251648,0.3191729784011841,210823,55,4,False,Left,Front,Left,Centre,50
<_io.BytesIO object at 0x0000014EB8F37C70>,0.5068265795707703,0.15525667369365692,0.22680416703224182,210823,55,4,False,Left,Front,Left,Centre,50
<_io.BytesIO object at 0x0000014EB8F37C20>,0.5410507917404175,0.1219787523150444,0.2366405576467514,210823,55,4,False,Left,Front,Left,Centre,50
<_io.BytesIO object at 0x0000014EB8F37680>,0.512707531452179,0.05468113347887993,0.2871730327606201,210823,55,4,False,Left,Front,Left,Centre,50
<_io.BytesIO object at 0x0000014EBBCB93B0>,0.2689912021160126,0.09545080363750458,-0.06398802250623703,210824,55,4,False,Left,Front,Left,Centre,50
<_io.BytesIO object at 0x0000014EBBCB9B80>,0.2562541961669922,0.04995134845376015,0.012374874204397202,210824,55,4,False,Left,Front,Left,Centre,50
<_io.BytesIO object at 0x0000014EBBD62720>,0.2241716831922531,0.10571224242448807,-0.05315934494137764,210824,55,4,False,Left,Front,Left,Centre,50
<_io.BytesIO object at 0x0000014EBBD623B0>,0.2033921331167221,0.06777913123369217,-0.08325494825839996,210824,55,4,False,Left,Front,Left,Centre,50
<_io.BytesIO object at 0x0000014EBBD62180>,0.18081587553024292,0.023077350109815598,-0.04325426369905472,210824,55,4,False,Left,Front,Left,Centre,50
<_io.BytesIO object at 0x0000014EBBD622C0>,0.5234358310699463,0.08063923567533493,0.233243927359581,210824,55,4,False,Left,Front,Left,Centre,50
<_io.BytesIO object at 0x0000014EBBD62310>,0.494159072637558,0.14623519778251648,0.3191729784011841,210824,55,4,False,Left,Front,Left,Centre,50
<_io.BytesIO object at 0x0000014EBBD62590>,0.5068265795707703,0.15525667369365692,0.22680416703224182,210824,55,4,False,Left,Front,Left,Centre,50
<_io.BytesIO object at 0x0000014EB8F29B80>,0.5410507917404175,0.1219787523150444,0.2366405576467514,210824,55,4,False,Left,Front,Left,Centre,50
<_io.BytesIO object at 0x0000014EB8F29E00>,0.512707531452179,0.05468113347887993,0.2871730327606201,210824,55,4,False,Left,Front,Left,Centre,50
<_io.BytesIO object at 0x0000014EBBD46DB0>,0.26900532841682434,0.09538288414478302,-0.06392782181501389,210825,55,4,False,Left,Front,Left,Centre,50
<_io.BytesIO object at 0x0000014EBBD46860>,0.25615087151527405,0.0499873124063015,0.012352639809250832,210825,55,4,False,Left,Front,Left,Centre,50
<_io.BytesIO object at 0x0000014EBBCA3A90>,0.22411146759986877,0.10557890683412552,-0.05332804471254349,210825,55,4,False,Left,Front,Left,Centre,50
<_io.BytesIO object at 0x0000014EBBCA3310>,0.20345450937747955,0.06754252314567566,-0.0834939107298851,210825,55,4,False,Left,Front,Left,Centre,50
<_io.BytesIO object at 0x0000014EBBCA3630>,0.18081727623939514,0.022768210619688034,-0.04335169494152069,210825,55,4,False,Left,Front,Left,Centre,50
<_io.BytesIO object at 0x0000014EBBCA34A0>,0.5234358310699463,0.08063923567533493,0.233243927359581,210825,55,4,False,Left,Front,Left,Centre,50
<_io.BytesIO object at 0x0000014EBBCA3AE0>,0.494159072637558,0.14623519778251648,0.3191729784011841,210825,55,4,False,Left,Front,Left,Centre,50
<_io.BytesIO object at 0x0000014EBBCA3090>,0.5068265795707703,0.15525667369365692,0.22680416703224182,210825,55,4,False,Left,Front,Left,Centre,50
<_io.BytesIO object at 0x0000014EBBCA3A40>,0.5410507917404175,0.1219787523150444,0.2366405576467514,210825,55,4,False,Left,Front,Left,Centre,50
<_io.BytesIO object at 0x0000014EBBCA3950>,0.512707531452179,0.05468113347887993,0.2871730327606201,210825,55,4,False,Left,Front,Left,Centre,50
<_io.BytesIO object at 0x0000014EB4345220>,0.2689129114151001,0.09517981857061386,-0.06403134763240814,210826,55,4,False,Left,Front,Left,Centre,50
<_io.BytesIO object at 0x0000014EBBD6EB30>,0.2560107707977295,0.050035491585731506,0.012349079363048077,210826,55,4,False,Left,Front,Left,Centre,50
<_io.BytesIO object at 0x0000014EBBD6E810>,0.2240273505449295,0.10544279217720032,-0.05344013124704361,210826,55,4,False,Left,Front,Left,Centre,50
<_io.BytesIO object at 0x0000014EBBD6EDB0>,0.20352491736412048,0.06735240668058395,-0.08368294686079025,210826,55,4,False,Left,Front,Left,Centre,50
<_io.BytesIO object at 0x0000014EBBD6EE00>,0.18083330988883972,0.022522635757923126,-0.043459732085466385,210826,55,4,False,Left,Front,Left,Centre,50
<_io.BytesIO object at 0x0000014EBBD6E4A0>,0.5234358310699463,0.08063923567533493,0.233243927359581,210826,55,4,False,Left,Front,Left,Centre,50
<_io.BytesIO object at 0x0000014EB8F2DA90>,0.494159072637558,0.14623519778251648,0.3191729784011841,210826,55,4,False,Left,Front,Left,Centre,50
<_io.BytesIO object at 0x0000014EB8F2D720>,0.5068265795707703,0.15525667369365692,0.22680416703224182,210826,55,4,False,Left,Front,Left,Centre,50
<_io.BytesIO object at 0x0000014EB8F2D1D0>,0.5410507917404175,0.1219787523150444,0.2366405576467514,210826,55,4,False,Left,Front,Left,Centre,50
<_io.BytesIO object at 0x0000014EB8F2D9F0>,0.512707531452179,0.05468113347887993,0.2871730327606201,210826,55,4,False,Left,Front,Left,Centre,50
<_io.BytesIO object at 0x0000014EBBC907C0>,0.26889556646347046,0.09508092701435089,-0.06405643373727798,210827,55,4,False,Left,Front,Left,Centre,50
<_io.BytesIO object at 0x0000014EBBC90C20>,0.2558774948120117,0.05009162798523903,0.012279307469725609,210827,55,4,False,Left,Front,Left,Centre,50
<_io.BytesIO object at 0x0000014EBBD318B0>,0.2239588052034378,0.1052866205573082,-0.053535450249910355,210827,55,4,False,Left,Front,Left,Centre,50
<_io.BytesIO object at 0x0000014EBBC92F40>,0.20356203615665436,0.06721071898937225,-0.0838165134191513,210827,55,4,False,Left,Front,Left,Centre,50
<_io.BytesIO object at 0x0000014EBBC92C20>,0.1808408498764038,0.02234003320336342,-0.043517012149095535,210827,55,4,False,Left,Front,Left,Centre,50
<_io.BytesIO object at 0x0000014EBBC927C0>,0.5234358310699463,0.08063923567533493,0.233243927359581,210827,55,4,False,Left,Front,Left,Centre,50
<_io.BytesIO object at 0x0000014EBBC92540>,0.494159072637558,0.14623519778251648,0.3191729784011841,210827,55,4,False,Left,Front,Left,Centre,50
<_io.BytesIO object at 0x0000014EBBC92DB0>,0.5068265795707703,0.15525667369365692,0.22680416703224182,210827,55,4,False,Left,Front,Left,Centre,50
<_io.BytesIO object at 0x0000014EBBC92860>,0.5410507917404175,0.1219787523150444,0.2366405576467514,210827,55,4,False,Left,Front,Left,Centre,50
<_io.BytesIO object at 0x0000014EBBC92D10>,0.512707531452179,0.05468113347887993,0.2871730327606201,210827,55,4,False,Left,Front,Left,Centre,50
<_io.BytesIO object at 0x0000014EB8F5F400>,0.26890721917152405,0.09498084336519241,-0.06402871012687683,210828,55,4,False,Left,Front,Left,Centre,50
<_io.BytesIO object at 0x0000014EB8F5FC20>,0.2557709217071533,0.0500657856464386,0.012240552343428135,210828,55,4,False,Left,Front,Left,Centre,50
<_io.BytesIO object at 0x0000014EB8F5FA40>,0.22394490242004395,0.10519516468048096,-0.0536310151219368,210828,55,4,False,Left,Front,Left,Centre,50
<_io.BytesIO object at 0x0000014EB8F5F5E0>,0.20364663004875183,0.06703120470046997,-0.08392402529716492,210828,55,4,False,Left,Front,Left,Centre,50
<_io.BytesIO object at 0x0000014EB8F5F2C0>,0.18086498975753784,0.02221204899251461,-0.043568409979343414,210828,55,4,False,Left,Front,Left,Centre,50
<_io.BytesIO object at 0x0000014EBBD6FB30>,0.5234358310699463,0.08063923567533493,0.233243927359581,210828,55,4,False,Left,Front,Left,Centre,50
<_io.BytesIO object at 0x0000014EBBD6F4F0>,0.494159072637558,0.14623519778251648,0.3191729784011841,210828,55,4,False,Left,Front,Left,Centre,50
<_io.BytesIO object at 0x0000014EBBD6FD10>,0.5068265795707703,0.15525667369365692,0.22680416703224182,210828,55,4,False,Left,Front,Left,Centre,50
<_io.BytesIO object at 0x0000014EBBD6F360>,0.5410507917404175,0.1219787523150444,0.2366405576467514,210828,55,4,False,Left,Front,Left,Centre,50
<_io.BytesIO object at 0x0000014EBBD6FF90>,0.512707531452179,0.05468113347887993,0.2871730327606201,210828,55,4,False,Left,Front,Left,Centre,50
<_io.BytesIO object at 0x0000014EBBD6F720>,0.2689967453479767,0.09498133510351181,-0.06393718719482422,210829,55,4,False,Left,Front,Left,Centre,50
<_io.BytesIO object at 0x0000014EB8F5F0E0>,0.2557162344455719,0.05009572580456734,0.012247948907315731,210829,55,4,False,Left,Front,Left,Centre,50
<_io.BytesIO object at 0x0000014EB8F5F400>,0.22395966947078705,0.10513918846845627,-0.05369184911251068,210829,55,4,False,Left,Front,Left,Centre,50
<_io.BytesIO object at 0x0000014EB8F5FB30>,0.2037314623594284,0.06691514700651169,-0.0840190052986145,210829,55,4,False,Left,Front,Left,Centre,50
<_io.BytesIO object at 0x0000014EB8F5FAE0>,0.18089239299297333,0.02211940847337246,-0.04360141605138779,210829,55,4,False,Left,Front,Left,Centre,50
<_io.BytesIO object at 0x0000014EBBD39450>,0.5234358310699463,0.08063923567533493,0.233243927359581,210829,55,4,False,Left,Front,Left,Centre,50
<_io.BytesIO object at 0x0000014EBBD39720>,0.494159072637558,0.14623519778251648,0.3191729784011841,210829,55,4,False,Left,Front,Left,Centre,50
<_io.BytesIO object at 0x0000014EBBD396D0>,0.5068265795707703,0.15525667369365692,0.22680416703224182,210829,55,4,False,Left,Front,Left,Centre,50
<_io.BytesIO object at 0x0000014EBBD399A0>,0.5410507917404175,0.1219787523150444,0.2366405576467514,210829,55,4,False,Left,Front,Left,Centre,50
<_io.BytesIO object at 0x0000014EBBD394A0>,0.512707531452179,0.05468113347887993,0.2871730327606201,210829,55,4,False,Left,Front,Left,Centre,50
<_io.BytesIO object at 0x0000014EBBC92C20>,0.2690470516681671,0.0949067547917366,-0.0639660581946373,210830,55,4,False,Left,Front,Left,Centre,50
<_io.BytesIO object at 0x0000014EBBD31DB0>,0.2557174861431122,0.05019306018948555,0.012337889522314072,210830,55,4,False,Left,Front,Left,Centre,50
<_io.BytesIO object at 0x0000014EBBC907C0>,0.22398796677589417,0.10511999577283859,-0.053730156272649765,210830,55,4,False,Left,Front,Left,Centre,50
<_io.BytesIO object at 0x0000014EBBC90310>,0.20383144915103912,0.0668209046125412,-0.08408597111701965,210830,55,4,False,Left,Front,Left,Centre,50
<_io.BytesIO object at 0x0000014EBBC908B0>,0.18094155192375183,0.02206229604780674,-0.04361850395798683,210830,55,4,False,Left,Front,Left,Centre,50
<_io.BytesIO object at 0x0000014EBBC90630>,0.5234358310699463,0.08063923567533493,0.233243927359581,210830,55,4,False,Left,Front,Left,Centre,50
<_io.BytesIO object at 0x0000014EBBC90900>,0.494159072637558,0.14623519778251648,0.3191729784011841,210830,55,4,False,Left,Front,Left,Centre,50
<_io.BytesIO object at 0x0000014EBBC90360>,0.5068265795707703,0.15525667369365692,0.22680416703224182,210830,55,4,False,Left,Front,Left,Centre,50
<_io.BytesIO object at 0x0000014EBBC90130>,0.5410507917404175,0.1219787523150444,0.2366405576467514,210830,55,4,False,Left,Front,Left,Centre,50
<_io.BytesIO object at 0x0000014EBBC904F0>,0.512707531452179,0.05468113347887993,0.2871730327606201,210830,55,4,False,Left,Front,Left,Centre,50
<_io.BytesIO object at 0x0000014EBBD6E7C0>,0.26910537481307983,0.09488717466592789,-0.06393077224493027,210831,55,4,False,Left,Front,Left,Centre,50
<_io.BytesIO object at 0x0000014EBBD6E680>,0.2556808590888977,0.050266917794942856,0.012400122359395027,210831,55,4,False,Left,Front,Left,Centre,50
<_io.BytesIO object at 0x0000014EBBD6E9F0>,0.2240414321422577,0.10511728376150131,-0.05376158282160759,210831,55,4,False,Left,Front,Left,Centre,50
<_io.BytesIO object at 0x0000014EBBD6EE50>,0.20395763218402863,0.06678074598312378,-0.08412887901067734,210831,55,4,False,Left,Front,Left,Centre,50
<_io.BytesIO object at 0x0000014EB4345130>,0.18099083006381989,0.022031713277101517,-0.04362580180168152,210831,55,4,False,Left,Front,Left,Centre,50
<_io.BytesIO object at 0x0000014EB4345090>,0.5234358310699463,0.08063923567533493,0.233243927359581,210831,55,4,False,Left,Front,Left,Centre,50
<_io.BytesIO object at 0x0000014EBBD66180>,0.494159072637558,0.14623519778251648,0.3191729784011841,210831,55,4,False,Left,Front,Left,Centre,50
<_io.BytesIO object at 0x0000014EBBD66950>,0.5068265795707703,0.15525667369365692,0.22680416703224182,210831,55,4,False,Left,Front,Left,Centre,50
<_io.BytesIO object at 0x0000014EBBD66AE0>,0.5410507917404175,0.1219787523150444,0.2366405576467514,210831,55,4,False,Left,Front,Left,Centre,50
<_io.BytesIO object at 0x0000014EBBD66310>,0.512707531452179,0.05468113347887993,0.2871730327606201,210831,55,4,False,Left,Front,Left,Centre,50
<_io.BytesIO object at 0x0000014EBBCA3630>,0.26917576789855957,0.0948745608329773,-0.06390482932329178,210832,55,4,False,Left,Front,Left,Centre,50
<_io.BytesIO object at 0x0000014EBBCA3C70>,0.25564318895339966,0.050356775522232056,0.012467557564377785,210832,55,4,False,Left,Front,Left,Centre,50
<_io.BytesIO object at 0x0000014EBBD468B0>,0.22414159774780273,0.10517913103103638,-0.05375538021326065,210832,55,4,False,Left,Front,Left,Centre,50
<_io.BytesIO object at 0x0000014EBBD46AE0>,0.20405425131320953,0.0667719766497612,-0.08416785299777985,210832,55,4,False,Left,Front,Left,Centre,50
<_io.BytesIO object at 0x0000014EBBD46090>,0.1810309737920761,0.02202705480158329,-0.043620817363262177,210832,55,4,False,Left,Front,Left,Centre,50
<_io.BytesIO object at 0x0000014EBBD46950>,0.5234358310699463,0.08063923567533493,0.233243927359581,210832,55,4,False,Left,Front,Left,Centre,50
<_io.BytesIO object at 0x0000014EBBD46040>,0.494159072637558,0.14623519778251648,0.3191729784011841,210832,55,4,False,Left,Front,Left,Centre,50
<_io.BytesIO object at 0x0000014EBBD46720>,0.5068265795707703,0.15525667369365692,0.22680416703224182,210832,55,4,False,Left,Front,Left,Centre,50
<_io.BytesIO object at 0x0000014EB8F29DB0>,0.5410507917404175,0.1219787523150444,0.2366405576467514,210832,55,4,False,Left,Front,Left,Centre,50
<_io.BytesIO object at 0x0000014EB8F29360>,0.512707531452179,0.05468113347887993,0.2871730327606201,210832,55,4,False,Left,Front,Left,Centre,50
<_io.BytesIO object at 0x0000014EBBD629F0>,0.26923441886901855,0.0948835164308548,-0.06387778371572495,210833,55,4,False,Left,Front,Left,Centre,50
<_io.BytesIO object at 0x0000014EBBD62F90>,0.25561580061912537,0.050447240471839905,0.012526065111160278,210833,55,4,False,Left,Front,Left,Centre,50
<_io.BytesIO object at 0x0000014EBBCB9400>,0.22419649362564087,0.10522111505270004,-0.053779274225234985,210833,55,4,False,Left,Front,Left,Centre,50
<_io.BytesIO object at 0x0000014EBBCB97C0>,0.20414701104164124,0.06677047908306122,-0.0841960608959198,210833,55,4,False,Left,Front,Left,Centre,50
<_io.BytesIO object at 0x0000014EBBCB9090>,0.1810673028230667,0.02205079235136509,-0.0436306931078434,210833,55,4,False,Left,Front,Left,Centre,50
<_io.BytesIO object at 0x0000014EBBCB9CC0>,0.5234358310699463,0.08063923567533493,0.233243927359581,210833,55,4,False,Left,Front,Left,Centre,50
<_io.BytesIO object at 0x0000014EBBCB9900>,0.494159072637558,0.14623519778251648,0.3191729784011841,210833,55,4,False,Left,Front,Left,Centre,50
<_io.BytesIO object at 0x0000014EBBCB9AE0>,0.5068265795707703,0.15525667369365692,0.22680416703224182,210833,55,4,False,Left,Front,Left,Centre,50
<_io.BytesIO object at 0x0000014EBBCBD0E0>,0.5410507917404175,0.1219787523150444,0.2366405576467514,210833,55,4,False,Left,Front,Left,Centre,50
<_io.BytesIO object at 0x0000014EBBCBDF40>,0.512707531452179,0.05468113347887993,0.2871730327606201,210833,55,4,False,Left,Front,Left,Centre,50
<_io.BytesIO object at 0x0000014EB8F37360>,0.2693023085594177,0.09488432109355927,-0.06382683664560318,210834,55,4,False,Left,Front,Left,Centre,50
<_io.BytesIO object at 0x0000014EBBCA7860>,0.2555919587612152,0.050547193735837936,0.012644212692975998,210834,55,4,False,Left,Front,Left,Centre,50
<_io.BytesIO object at 0x0000014EBBCA7180>,0.22432318329811096,0.10530960559844971,-0.05380776897072792,210834,55,4,False,Left,Front,Left,Centre,50
<_io.BytesIO object at 0x0000014EBBCA7400>,0.20422229170799255,0.06680700182914734,-0.08420827984809875,210834,55,4,False,Left,Front,Left,Centre,50
<_io.BytesIO object at 0x0000014EBBCA7F90>,0.18109259009361267,0.022091355174779892,-0.043615784496068954,210834,55,4,False,Left,Front,Left,Centre,50
<_io.BytesIO object at 0x0000014EBBCA7F40>,0.5234358310699463,0.08063923567533493,0.233243927359581,210834,55,4,False,Left,Front,Left,Centre,50
<_io.BytesIO object at 0x0000014EBBCA7B80>,0.494159072637558,0.14623519778251648,0.3191729784011841,210834,55,4,False,Left,Front,Left,Centre,50
<_io.BytesIO object at 0x0000014EBBCA7810>,0.5068265795707703,0.15525667369365692,0.22680416703224182,210834,55,4,False,Left,Front,Left,Centre,50
<_io.BytesIO object at 0x0000014EBBCA77C0>,0.5410507917404175,0.1219787523150444,0.2366405576467514,210834,55,4,False,Left,Front,Left,Centre,50
<_io.BytesIO object at 0x0000014EB8F371D0>,0.512707531452179,0.05468113347887993,0.2871730327606201,210834,55,4,False,Left,Front,Left,Centre,50
<_io.BytesIO object at 0x0000014EBBCBDB30>,0.26936084032058716,0.09489040076732635,-0.06380543112754822,210835,55,4,False,Left,Front,Left,Centre,50
<_io.BytesIO object at 0x0000014EBBCBD950>,0.25557997822761536,0.050622764974832535,0.012736436910927296,210835,55,4,False,Left,Front,Left,Centre,50
<_io.BytesIO object at 0x0000014EBBCB9040>,0.22444576025009155,0.10537536442279816,-0.05378445237874985,210835,55,4,False,Left,Front,Left,Centre,50
<_io.BytesIO object at 0x0000014EBBCB9090>,0.20432054996490479,0.0668087899684906,-0.0842030867934227,210835,55,4,False,Left,Front,Left,Centre,50
<_io.BytesIO object at 0x0000014EBBCB9540>,0.1811140775680542,0.022132623940706253,-0.04360431805253029,210835,55,4,False,Left,Front,Left,Centre,50
<_io.BytesIO object at 0x0000014EBBCB9C20>,0.5234358310699463,0.08063923567533493,0.233243927359581,210835,55,4,False,Left,Front,Left,Centre,50
<_io.BytesIO object at 0x0000014EBBCB9B80>,0.494159072637558,0.14623519778251648,0.3191729784011841,210835,55,4,False,Left,Front,Left,Centre,50
<_io.BytesIO object at 0x0000014EBBD62DB0>,0.5068265795707703,0.15525667369365692,0.22680416703224182,210835,55,4,False,Left,Front,Left,Centre,50
<_io.BytesIO object at 0x0000014EBBD62720>,0.5410507917404175,0.1219787523150444,0.2366405576467514,210835,55,4,False,Left,Front,Left,Centre,50
<_io.BytesIO object at 0x0000014EBBD62C70>,0.512707531452179,0.05468113347887993,0.2871730327606201,210835,55,4,False,Left,Front,Left,Centre,50
<_io.BytesIO object at 0x0000014EB8F29720>,0.2694492042064667,0.09486719220876694,-0.06373210996389389,210836,55,4,False,Left,Front,Left,Centre,50
<_io.BytesIO object at 0x0000014EBBD46860>,0.25560933351516724,0.05066438391804695,0.012824617326259613,210836,55,4,False,Left,Front,Left,Centre,50
<_io.BytesIO object at 0x0000014EBBD469F0>,0.2245028167963028,0.10541152209043503,-0.05378495156764984,210836,55,4,False,Left,Front,Left,Centre,50
<_io.BytesIO object at 0x0000014EBBD46B30>,0.20438970625400543,0.06681355088949203,-0.08419004082679749,210836,55,4,False,Left,Front,Left,Centre,50
<_io.BytesIO object at 0x0000014EBBD46AE0>,0.18115809559822083,0.0221656933426857,-0.04360485076904297,210836,55,4,False,Left,Front,Left,Centre,50
<_io.BytesIO object at 0x0000014EBBD469A0>,0.5234358310699463,0.08063923567533493,0.233243927359581,210836,55,4,False,Left,Front,Left,Centre,50
<_io.BytesIO object at 0x0000014EBBD46B80>,0.494159072637558,0.14623519778251648,0.3191729784011841,210836,55,4,False,Left,Front,Left,Centre,50
<_io.BytesIO object at 0x0000014EBBCA3C70>,0.5068265795707703,0.15525667369365692,0.22680416703224182,210836,55,4,False,Left,Front,Left,Centre,50
<_io.BytesIO object at 0x0000014EBBCA3CC0>,0.5410507917404175,0.1219787523150444,0.2366405576467514,210836,55,4,False,Left,Front,Left,Centre,50
<_io.BytesIO object at 0x0000014EBBCA3180>,0.512707531452179,0.05468113347887993,0.2871730327606201,210836,55,4,False,Left,Front,Left,Centre,50
<_io.BytesIO object at 0x0000014EBBD66590>,0.2695175111293793,0.09486019611358643,-0.06374985724687576,210837,55,4,False,Left,Front,Left,Centre,50
<_io.BytesIO object at 0x0000014EBBD66130>,0.25562259554862976,0.05071619898080826,0.01288833562284708,210837,55,4,False,Left,Front,Left,Centre,50
<_io.BytesIO object at 0x0000014EB4345400>,0.22455757856369019,0.10544433444738388,-0.05379502475261688,210837,55,4,False,Left,Front,Left,Centre,50
<_io.BytesIO object at 0x0000014EBBD6E9A0>,0.20450462400913239,0.06680407375097275,-0.08415200561285019,210837,55,4,False,Left,Front,Left,Centre,50
<_io.BytesIO object at 0x0000014EBBD6EE50>,0.1812080442905426,0.022196680307388306,-0.04359082505106926,210837,55,4,False,Left,Front,Left,Centre,50
<_io.BytesIO object at 0x0000014EBBD6ED60>,0.5234358310699463,0.08063923567533493,0.233243927359581,210837,55,4,False,Left,Front,Left,Centre,50
<_io.BytesIO object at 0x0000014EBBD6E180>,0.494159072637558,0.14623519778251648,0.3191729784011841,210837,55,4,False,Left,Front,Left,Centre,50
<_io.BytesIO object at 0x0000014EBBD6E720>,0.5068265795707703,0.15525667369365692,0.22680416703224182,210837,55,4,False,Left,Front,Left,Centre,50
<_io.BytesIO object at 0x0000014EBBD6ED10>,0.5410507917404175,0.1219787523150444,0.2366405576467514,210837,55,4,False,Left,Front,Left,Centre,50
<_io.BytesIO object at 0x0000014EBBD6E090>,0.512707531452179,0.05468113347887993,0.2871730327606201,210837,55,4,False,Left,Front,Left,Centre,50
<_io.BytesIO object at 0x0000014EBBC902C0>,0.26959213614463806,0.09486988186836243,-0.06375230103731155,210838,55,4,False,Left,Front,Left,Centre,50
<_io.BytesIO object at 0x0000014EBBC90B30>,0.2556383013725281,0.050782691687345505,0.012939665466547012,210838,55,4,False,Left,Front,Left,Centre,50
<_io.BytesIO object at 0x0000014EBBC90630>,0.22463876008987427,0.10543286800384521,-0.053853679448366165,210838,55,4,False,Left,Front,Left,Centre,50
<_io.BytesIO object at 0x0000014EBBC90D60>,0.2045571208000183,0.0667957067489624,-0.08416350930929184,210838,55,4,False,Left,Front,Left,Centre,50
<_io.BytesIO object at 0x0000014EBBC906D0>,0.1812489926815033,0.02222704514861107,-0.04357123747467995,210838,55,4,False,Left,Front,Left,Centre,50
<_io.BytesIO object at 0x0000014EBBD31F40>,0.5234358310699463,0.08063923567533493,0.233243927359581,210838,55,4,False,Left,Front,Left,Centre,50
<_io.BytesIO object at 0x0000014EBBD31D60>,0.494159072637558,0.14623519778251648,0.3191729784011841,210838,55,4,False,Left,Front,Left,Centre,50
<_io.BytesIO object at 0x0000014EBBD318B0>,0.5068265795707703,0.15525667369365692,0.22680416703224182,210838,55,4,False,Left,Front,Left,Centre,50
<_io.BytesIO object at 0x0000014EBBC926D0>,0.5410507917404175,0.1219787523150444,0.2366405576467514,210838,55,4,False,Left,Front,Left,Centre,50
<_io.BytesIO object at 0x0000014EBBC92EA0>,0.512707531452179,0.05468113347887993,0.2871730327606201,210838,55,4,False,Left,Front,Left,Centre,50
<_io.BytesIO object at 0x0000014EBBD39F40>,0.2696484327316284,0.09487209469079971,-0.06375738978385925,210839,55,4,False,Left,Front,Left,Centre,50
<_io.BytesIO object at 0x0000014EBBD39E50>,0.2556624114513397,0.05084343999624252,0.012994886375963688,210839,55,4,False,Left,Front,Left,Centre,50
<_io.BytesIO object at 0x0000014EBBD39450>,0.22467687726020813,0.10544436424970627,-0.05390261858701706,210839,55,4,False,Left,Front,Left,Centre,50
<_io.BytesIO object at 0x0000014EB8F5F270>,0.2046099156141281,0.06676428020000458,-0.08416048437356949,210839,55,4,False,Left,Front,Left,Centre,50
<_io.BytesIO object at 0x0000014EB8F5F220>,0.18131019175052643,0.02223884128034115,-0.04355805739760399,210839,55,4,False,Left,Front,Left,Centre,50
<_io.BytesIO object at 0x0000014EB8F5F950>,0.5234358310699463,0.08063923567533493,0.233243927359581,210839,55,4,False,Left,Front,Left,Centre,50
<_io.BytesIO object at 0x0000014EB8F5F770>,0.494159072637558,0.14623519778251648,0.3191729784011841,210839,55,4,False,Left,Front,Left,Centre,50
<_io.BytesIO object at 0x0000014EB8F5F0E0>,0.5068265795707703,0.15525667369365692,0.22680416703224182,210839,55,4,False,Left,Front,Left,Centre,50
<_io.BytesIO object at 0x0000014EB8F5F1D0>,0.5410507917404175,0.1219787523150444,0.2366405576467514,210839,55,4,False,Left,Front,Left,Centre,50
<_io.BytesIO object at 0x0000014EB8F5F6D0>,0.512707531452179,0.05468113347887993,0.2871730327606201,210839,55,4,False,Left,Front,Left,Centre,50
<_io.BytesIO object at 0x0000014EBBD39A40>,0.2697021961212158,0.09487254172563553,-0.0637582540512085,210840,55,4,False,Left,Front,Left,Centre,50
<_io.BytesIO object at 0x0000014EBBD39630>,0.25567445158958435,0.05091051757335663,0.013039602898061275,210840,55,4,False,Left,Front,Left,Centre,50
<_io.BytesIO object at 0x0000014EBBD39D10>,0.22472721338272095,0.10543861240148544,-0.05395463481545448,210840,55,4,False,Left,Front,Left,Centre,50
<_io.BytesIO object at 0x0000014EBBD398B0>,0.20467513799667358,0.06668874621391296,-0.0841604620218277,210840,55,4,False,Left,Front,Left,Centre,50
<_io.BytesIO object at 0x0000014EBBC924F0>,0.18136487901210785,0.022236857563257217,-0.043534956872463226,210840,55,4,False,Left,Front,Left,Centre,50
<_io.BytesIO object at 0x0000014EBBC924A0>,0.5234358310699463,0.08063923567533493,0.233243927359581,210840,55,4,False,Left,Front,Left,Centre,50
<_io.BytesIO object at 0x0000014EBBC92180>,0.494159072637558,0.14623519778251648,0.3191729784011841,210840,55,4,False,Left,Front,Left,Centre,50
<_io.BytesIO object at 0x0000014EBBC92720>,0.5068265795707703,0.15525667369365692,0.22680416703224182,210840,55,4,False,Left,Front,Left,Centre,50
<_io.BytesIO object at 0x0000014EBBC92900>,0.5410507917404175,0.1219787523150444,0.2366405576467514,210840,55,4,False,Left,Front,Left,Centre,50
<_io.BytesIO object at 0x0000014EBBC92F90>,0.512707531452179,0.05468113347887993,0.2871730327606201,210840,55,4,False,Left,Front,Left,Centre,50
<_io.BytesIO object at 0x0000014EBBC90450>,0.2697521150112152,0.09486366808414459,-0.0637790858745575,210841,55,4,False,Left,Front,Left,Centre,50
<_io.BytesIO object at 0x0000014EB8F2DA40>,0.255677193403244,0.05097136273980141,0.013078396208584309,210841,55,4,False,Left,Front,Left,Centre,50
<_io.BytesIO object at 0x0000014EB8F2D0E0>,0.22475795447826385,0.10542643070220947,-0.054043225944042206,210841,55,4,False,Left,Front,Left,Centre,50
<_io.BytesIO object at 0x0000014EB8F2D630>,0.2047526240348816,0.06659136712551117,-0.08419725298881531,210841,55,4,False,Left,Front,Left,Centre,50
<_io.BytesIO object at 0x0000014EB8F2D130>,0.18141992390155792,0.02221781387925148,-0.04352675750851631,210841,55,4,False,Left,Front,Left,Centre,50
<_io.BytesIO object at 0x0000014EB8F2D720>,0.5234358310699463,0.08063923567533493,0.233243927359581,210841,55,4,False,Left,Front,Left,Centre,50
<_io.BytesIO object at 0x0000014EB8F2DEF0>,0.494159072637558,0.14623519778251648,0.3191729784011841,210841,55,4,False,Left,Front,Left,Centre,50
<_io.BytesIO object at 0x0000014EBBD6EAE0>,0.5068265795707703,0.15525667369365692,0.22680416703224182,210841,55,4,False,Left,Front,Left,Centre,50
<_io.BytesIO object at 0x0000014EBBD6E130>,0.5410507917404175,0.1219787523150444,0.2366405576467514,210841,55,4,False,Left,Front,Left,Centre,50
<_io.BytesIO object at 0x0000014EBBD6E090>,0.512707531452179,0.05468113347887993,0.2871730327606201,210841,55,4,False,Left,Front,Left,Centre,50
<_io.BytesIO object at 0x0000014EBBD66DB0>,0.2697794437408447,0.09483207762241364,-0.06382294744253159,210842,55,4,False,Left,Front,Left,Centre,50
<_io.BytesIO object at 0x0000014EBBD66B80>,0.25567692518234253,0.05100357532501221,0.013097618706524372,210842,55,4,False,Left,Front,Left,Centre,50
<_io.BytesIO object at 0x0000014EBBCA38B0>,0.2247822880744934,0.10540036857128143,-0.05408139526844025,210842,55,4,False,Left,Front,Left,Centre,50
<_io.BytesIO object at 0x0000014EBBCA3770>,0.2047976851463318,0.06649835407733917,-0.08422423154115677,210842,55,4,False,Left,Front,Left,Centre,50
<_io.BytesIO object at 0x0000014EBBCA3B30>,0.1814669519662857,0.022167928516864777,-0.043527666479349136,210842,55,4,False,Left,Front,Left,Centre,50
<_io.BytesIO object at 0x0000014EBBCA3590>,0.5234358310699463,0.08063923567533493,0.233243927359581,210842,55,4,False,Left,Front,Left,Centre,50
<_io.BytesIO object at 0x0000014EBBCA3EA0>,0.494159072637558,0.14623519778251648,0.3191729784011841,210842,55,4,False,Left,Front,Left,Centre,50
<_io.BytesIO object at 0x0000014EBBCA37C0>,0.5068265795707703,0.15525667369365692,0.22680416703224182,210842,55,4,False,Left,Front,Left,Centre,50
<_io.BytesIO object at 0x0000014EBBCA3130>,0.5410507917404175,0.1219787523150444,0.2366405576467514,210842,55,4,False,Left,Front,Left,Centre,50
<_io.BytesIO object at 0x0000014EBBD46EA0>,0.512707531452179,0.05468113347887993,0.2871730327606201,210842,55,4,False,Left,Front,Left,Centre,50
<_io.BytesIO object at 0x0000014EB8F29860>,0.2698109447956085,0.09477882087230682,-0.06386888027191162,210843,55,4,False,Left,Front,Left,Centre,50
<_io.BytesIO object at 0x0000014EB8F29F40>,0.2556741237640381,0.05104561150074005,0.013114185072481632,210843,55,4,False,Left,Front,Left,Centre,50
<_io.BytesIO object at 0x0000014EBBD627C0>,0.22483116388320923,0.10535592585802078,-0.05422588437795639,210843,55,4,False,Left,Front,Left,Centre,50
<_io.BytesIO object at 0x0000014EBBD62B30>,0.2048346996307373,0.06639178097248077,-0.08423710614442825,210843,55,4,False,Left,Front,Left,Centre,50
<_io.BytesIO object at 0x0000014EBBD62A40>,0.18154507875442505,0.02209591306746006,-0.04349438101053238,210843,55,4,False,Left,Front,Left,Centre,50
<_io.BytesIO object at 0x0000014EBBD62E50>,0.5234358310699463,0.08063923567533493,0.233243927359581,210843,55,4,False,Left,Front,Left,Centre,50
<_io.BytesIO object at 0x0000014EBBD620E0>,0.494159072637558,0.14623519778251648,0.3191729784011841,210843,55,4,False,Left,Front,Left,Centre,50
<_io.BytesIO object at 0x0000014EBBD629F0>,0.5068265795707703,0.15525667369365692,0.22680416703224182,210843,55,4,False,Left,Front,Left,Centre,50
<_io.BytesIO object at 0x0000014EBBCB9900>,0.5410507917404175,0.1219787523150444,0.2366405576467514,210843,55,4,False,Left,Front,Left,Centre,50
<_io.BytesIO object at 0x0000014EBBCB9DB0>,0.512707531452179,0.05468113347887993,0.2871730327606201,210843,55,4,False,Left,Front,Left,Centre,50
<_io.BytesIO object at 0x0000014EB8F37E00>,0.2698633372783661,0.09471330046653748,-0.06392794102430344,210844,55,4,False,Left,Front,Left,Centre,50
<_io.BytesIO object at 0x0000014EB8F37A90>,0.2556752860546112,0.05106162279844284,0.013123754411935806,210844,55,4,False,Left,Front,Left,Centre,50
<_io.BytesIO object at 0x0000014EB8F37AE0>,0.22486260533332825,0.10532289743423462,-0.05428420379757881,210844,55,4,False,Left,Front,Left,Centre,50
<_io.BytesIO object at 0x0000014EB8F374A0>,0.20485562086105347,0.06630226969718933,-0.08425850421190262,210844,55,4,False,Left,Front,Left,Centre,50
<_io.BytesIO object at 0x0000014EBBCA7400>,0.18157483637332916,0.02203882299363613,-0.04348975792527199,210844,55,4,False,Left,Front,Left,Centre,50
<_io.BytesIO object at 0x0000014EBBCA7BD0>,0.5234358310699463,0.08063923567533493,0.233243927359581,210844,55,4,False,Left,Front,Left,Centre,50
<_io.BytesIO object at 0x0000014EBBCA7E50>,0.494159072637558,0.14623519778251648,0.3191729784011841,210844,55,4,False,Left,Front,Left,Centre,50
<_io.BytesIO object at 0x0000014EBBCA7810>,0.5068265795707703,0.15525667369365692,0.22680416703224182,210844,55,4,False,Left,Front,Left,Centre,50
<_io.BytesIO object at 0x0000014EBBCA7900>,0.5410507917404175,0.1219787523150444,0.2366405576467514,210844,55,4,False,Left,Front,Left,Centre,50
<_io.BytesIO object at 0x0000014EBBCBD5E0>,0.512707531452179,0.05468113347887993,0.2871730327606201,210844,55,4,False,Left,Front,Left,Centre,50
<_io.BytesIO object at 0x0000014EB8F29CC0>,0.26989057660102844,0.09466276317834854,-0.06398170441389084,210845,55,4,False,Left,Front,Left,Centre,50
<_io.BytesIO object at 0x0000014EB8F29220>,0.2556687891483307,0.05108122155070305,0.01313138846307993,210845,55,4,False,Left,Front,Left,Centre,50
<_io.BytesIO object at 0x0000014EB8F29DB0>,0.22491522133350372,0.10529021918773651,-0.05432621389627457,210845,55,4,False,Left,Front,Left,Centre,50
<_io.BytesIO object at 0x0000014EBBD46770>,0.20486478507518768,0.06621497869491577,-0.08427229523658752,210845,55,4,False,Left,Front,Left,Centre,50
<_io.BytesIO object at 0x0000014EBBD463B0>,0.1815989762544632,0.022006038576364517,-0.043483663350343704,210845,55,4,False,Left,Front,Left,Centre,50
<_io.BytesIO object at 0x0000014EBBD46C20>,0.5234358310699463,0.08063923567533493,0.233243927359581,210845,55,4,False,Left,Front,Left,Centre,50
<_io.BytesIO object at 0x0000014EBBD469A0>,0.494159072637558,0.14623519778251648,0.3191729784011841,210845,55,4,False,Left,Front,Left,Centre,50
<_io.BytesIO object at 0x0000014EBBD46400>,0.5068265795707703,0.15525667369365692,0.22680416703224182,210845,55,4,False,Left,Front,Left,Centre,50
<_io.BytesIO object at 0x0000014EBBD46EF0>,0.5410507917404175,0.1219787523150444,0.2366405576467514,210845,55,4,False,Left,Front,Left,Centre,50
<_io.BytesIO object at 0x0000014EBBD466D0>,0.512707531452179,0.05468113347887993,0.2871730327606201,210845,55,4,False,Left,Front,Left,Centre,50
<_io.BytesIO object at 0x0000014EBBD6EBD0>,0.2699227035045624,0.09461847692728043,-0.06404171139001846,210846,55,4,False,Left,Front,Left,Centre,50
<_io.BytesIO object at 0x0000014EBBD6E040>,0.2556537985801697,0.05112262815237045,0.013139046728610992,210846,55,4,False,Left,Front,Left,Centre,50
<_io.BytesIO object at 0x0000014EBBD6E130>,0.22493617236614227,0.10526136308908463,-0.05438797548413277,210846,55,4,False,Left,Front,Left,Centre,50
<_io.BytesIO object at 0x0000014EBBD6E310>,0.20489418506622314,0.06612617522478104,-0.08429430425167084,210846,55,4,False,Left,Front,Left,Centre,50
<_io.BytesIO object at 0x0000014EB8F2DE50>,0.1816159188747406,0.021989108994603157,-0.043479762971401215,210846,55,4,False,Left,Front,Left,Centre,50
<_io.BytesIO object at 0x0000014EB8F2DDB0>,0.5234358310699463,0.08063923567533493,0.233243927359581,210846,55,4,False,Left,Front,Left,Centre,50
<_io.BytesIO object at 0x0000014EB8F2DB80>,0.494159072637558,0.14623519778251648,0.3191729784011841,210846,55,4,False,Left,Front,Left,Centre,50
<_io.BytesIO object at 0x0000014EB8F2D400>,0.5068265795707703,0.15525667369365692,0.22680416703224182,210846,55,4,False,Left,Front,Left,Centre,50
<_io.BytesIO object at 0x0000014EB8F2D540>,0.5410507917404175,0.1219787523150444,0.2366405576467514,210846,55,4,False,Left,Front,Left,Centre,50
<_io.BytesIO object at 0x0000014EB8F2DA40>,0.512707531452179,0.05468113347887993,0.2871730327606201,210846,55,4,False,Left,Front,Left,Centre,50
<_io.BytesIO object at 0x0000014EBBD31900>,0.2699771225452423,0.09458661079406738,-0.06408050656318665,210847,55,4,False,Left,Front,Left,Centre,50
<_io.BytesIO object at 0x0000014EB8F5FEA0>,0.25566187500953674,0.05117018520832062,0.013155631721019745,210847,55,4,False,Left,Front,Left,Centre,50
<_io.BytesIO object at 0x0000014EB8F5F360>,0.2249801903963089,0.10525151342153549,-0.0544598363339901,210847,55,4,False,Left,Front,Left,Centre,50
<_io.BytesIO object at 0x0000014EB8F5F540>,0.2049213945865631,0.06606362760066986,-0.08430793881416321,210847,55,4,False,Left,Front,Left,Centre,50
<_io.BytesIO object at 0x0000014EB8F5FF90>,0.1816490888595581,0.02198777161538601,-0.04347866773605347,210847,55,4,False,Left,Front,Left,Centre,50
<_io.BytesIO object at 0x0000014EB8F5FDB0>,0.5234358310699463,0.08063923567533493,0.233243927359581,210847,55,4,False,Left,Front,Left,Centre,50
<_io.BytesIO object at 0x0000014EBBCA3630>,0.494159072637558,0.14623519778251648,0.3191729784011841,210847,55,4,False,Left,Front,Left,Centre,50
<_io.BytesIO object at 0x0000014EBBCA3C20>,0.5068265795707703,0.15525667369365692,0.22680416703224182,210847,55,4,False,Left,Front,Left,Centre,50
<_io.BytesIO object at 0x0000014EBBCA3D60>,0.5410507917404175,0.1219787523150444,0.2366405576467514,210847,55,4,False,Left,Front,Left,Centre,50
<_io.BytesIO object at 0x0000014EBBCA3400>,0.512707531452179,0.05468113347887993,0.2871730327606201,210847,55,4,False,Left,Front,Left,Centre,50
<_io.BytesIO object at 0x0000014EBBCB9A90>,0.270035982131958,0.09456811845302582,-0.0641237273812294,210848,55,4,False,Left,Front,Left,Centre,50
<_io.BytesIO object at 0x0000014EBBCB95E0>,0.2556745111942291,0.05122460052371025,0.01317589171230793,210848,55,4,False,Left,Front,Left,Centre,50
<_io.BytesIO object at 0x0000014EBBCB9400>,0.2250293344259262,0.1052495539188385,-0.05452575907111168,210848,55,4,False,Left,Front,Left,Centre,50
<_io.BytesIO object at 0x0000014EBBCB9B80>,0.20494809746742249,0.06601154804229736,-0.08430799096822739,210848,55,4,False,Left,Front,Left,Centre,50
<_io.BytesIO object at 0x0000014EBBCB9770>,0.1817980259656906,0.021960588172078133,-0.04343536123633385,210848,55,4,False,Left,Front,Left,Centre,50
<_io.BytesIO object at 0x0000014EBBD39400>,0.5234358310699463,0.08063923567533493,0.233243927359581,210848,55,4,False,Left,Front,Left,Centre,50
<_io.BytesIO object at 0x0000014EBBD39EF0>,0.494159072637558,0.14623519778251648,0.3191729784011841,210848,55,4,False,Left,Front,Left,Centre,50
<_io.BytesIO object at 0x0000014EBBD39B80>,0.5068265795707703,0.15525667369365692,0.22680416703224182,210848,55,4,False,Left,Front,Left,Centre,50
<_io.BytesIO object at 0x0000014EBBD393B0>,0.5410507917404175,0.1219787523150444,0.2366405576467514,210848,55,4,False,Left,Front,Left,Centre,50
<_io.BytesIO object at 0x0000014EBBD395E0>,0.512707531452179,0.05468113347887993,0.2871730327606201,210848,55,4,False,Left,Front,Left,Centre,50
<_io.BytesIO object at 0x0000014EBBD394A0>,0.2701142132282257,0.094557024538517,-0.0641881451010704,210849,55,4,False,Left,Front,Left,Centre,50
<_io.BytesIO object at 0x0000014EBBD39950>,0.255717009305954,0.0512627474963665,0.013176115229725838,210849,55,4,False,Left,Front,Left,Centre,50
<_io.BytesIO object at 0x0000014EBBD39AE0>,0.22510269284248352,0.10525424033403397,-0.05457227677106857,210849,55,4,False,Left,Front,Left,Centre,50
<_io.BytesIO object at 0x0000014EBBCB9C70>,0.20497609674930573,0.06598246842622757,-0.08430228382349014,210849,55,4,False,Left,Front,Left,Centre,50
<_io.BytesIO object at 0x0000014EBBCB9590>,0.18186967074871063,0.021980945020914078,-0.043413881212472916,210849,55,4,False,Left,Front,Left,Centre,50
<_io.BytesIO object at 0x0000014EBBCB9130>,0.5234358310699463,0.08063923567533493,0.233243927359581,210849,55,4,False,Left,Front,Left,Centre,50
<_io.BytesIO object at 0x0000014EBBCB9A90>,0.494159072637558,0.14623519778251648,0.3191729784011841,210849,55,4,False,Left,Front,Left,Centre,50
<_io.BytesIO object at 0x0000014EBBCB9630>,0.5068265795707703,0.15525667369365692,0.22680416703224182,210849,55,4,False,Left,Front,Left,Centre,50
<_io.BytesIO object at 0x0000014EBBCB9AE0>,0.5410507917404175,0.1219787523150444,0.2366405576467514,210849,55,4,False,Left,Front,Left,Centre,50
<_io.BytesIO object at 0x0000014EBBC92EF0>,0.512707531452179,0.05468113347887993,0.2871730327606201,210849,55,4,False,Left,Front,Left,Centre,50
<_io.BytesIO object at 0x0000014EBBCA3310>,0.2702108323574066,0.09453492611646652,-0.06423021852970123,210850,55,4,False,Left,Front,Left,Centre,50
<_io.BytesIO object at 0x0000014EBBCA3F40>,0.25583595037460327,0.051372215151786804,0.013241516426205635,210850,55,4,False,Left,Front,Left,Centre,50
<_io.BytesIO object at 0x0000014EB8F5F2C0>,0.22519288957118988,0.10526178777217865,-0.05461112782359123,210850,55,4,False,Left,Front,Left,Centre,50
<_io.BytesIO object at 0x0000014EB8F5FE00>,0.2050282210111618,0.06595116853713989,-0.08427218347787857,210850,55,4,False,Left,Front,Left,Centre,50
<_io.BytesIO object at 0x0000014EB8F5FEA0>,0.1819470077753067,0.02200530655682087,-0.04339172691106796,210850,55,4,False,Left,Front,Left,Centre,50
<_io.BytesIO object at 0x0000014EB8F5F590>,0.5234358310699463,0.08063923567533493,0.233243927359581,210850,55,4,False,Left,Front,Left,Centre,50
<_io.BytesIO object at 0x0000014EB8F5F4A0>,0.494159072637558,0.14623519778251648,0.3191729784011841,210850,55,4,False,Left,Front,Left,Centre,50
<_io.BytesIO object at 0x0000014EB8F5F720>,0.5068265795707703,0.15525667369365692,0.22680416703224182,210850,55,4,False,Left,Front,Left,Centre,50
<_io.BytesIO object at 0x0000014EBBD31F90>,0.5410507917404175,0.1219787523150444,0.2366405576467514,210850,55,4,False,Left,Front,Left,Centre,50
<_io.BytesIO object at 0x0000014EBBD31CC0>,0.512707531452179,0.05468113347887993,0.2871730327606201,210850,55,4,False,Left,Front,Left,Centre,50
<_io.BytesIO object at 0x0000014EB8F2D680>,0.2703220844268799,0.09453685581684113,-0.06429247558116913,210851,55,4,False,Left,Front,Left,Centre,50
<_io.BytesIO object at 0x0000014EB8F2DC70>,0.25592654943466187,0.051409635692834854,0.013253603130578995,210851,55,4,False,Left,Front,Left,Centre,50
<_io.BytesIO object at 0x0000014EBBD6E130>,0.22531625628471375,0.1052679792046547,-0.05464109778404236,210851,55,4,False,Left,Front,Left,Centre,50
<_io.BytesIO object at 0x0000014EBBD6E090>,0.20510241389274597,0.06592737138271332,-0.08423562347888947,210851,55,4,False,Left,Front,Left,Centre,50
<_io.BytesIO object at 0x0000014EBBD6EA40>,0.18205301463603973,0.022047076374292374,-0.043384529650211334,210851,55,4,False,Left,Front,Left,Centre,50
<_io.BytesIO object at 0x0000014EBBD6EF40>,0.5234358310699463,0.08063923567533493,0.233243927359581,210851,55,4,False,Left,Front,Left,Centre,50
<_io.BytesIO object at 0x0000014EBBD6E680>,0.494159072637558,0.14623519778251648,0.3191729784011841,210851,55,4,False,Left,Front,Left,Centre,50
<_io.BytesIO object at 0x0000014EBBD6E9F0>,0.5068265795707703,0.15525667369365692,0.22680416703224182,210851,55,4,False,Left,Front,Left,Centre,50
<_io.BytesIO object at 0x0000014EBBD6E9A0>,0.5410507917404175,0.1219787523150444,0.2366405576467514,210851,55,4,False,Left,Front,Left,Centre,50
<_io.BytesIO object at 0x0000014EB4345220>,0.512707531452179,0.05468113347887993,0.2871730327606201,210851,55,4,False,Left,Front,Left,Centre,50
<_io.BytesIO object at 0x0000014EBBD464F0>,0.27044183015823364,0.09454337507486343,-0.06433872878551483,210852,55,4,False,Left,Front,Left,Centre,50
<_io.BytesIO object at 0x0000014EBBD46360>,0.25602084398269653,0.05144835636019707,0.013289444148540497,210852,55,4,False,Left,Front,Left,Centre,50
<_io.BytesIO object at 0x0000014EB8F29220>,0.22549128532409668,0.10528930276632309,-0.05461420491337776,210852,55,4,False,Left,Front,Left,Centre,50
<_io.BytesIO object at 0x0000014EB8F29310>,0.20516528189182281,0.0659274160861969,-0.0841795951128006,210852,55,4,False,Left,Front,Left,Centre,50
<_io.BytesIO object at 0x0000014EB8F29D60>,0.18215307593345642,0.022095758467912674,-0.04333767667412758,210852,55,4,False,Left,Front,Left,Centre,50
<_io.BytesIO object at 0x0000014EB8F293B0>,0.5234358310699463,0.08063923567533493,0.233243927359581,210852,55,4,False,Left,Front,Left,Centre,50
<_io.BytesIO object at 0x0000014EB8F29BD0>,0.494159072637558,0.14623519778251648,0.3191729784011841,210852,55,4,False,Left,Front,Left,Centre,50
<_io.BytesIO object at 0x0000014EB8F295E0>,0.5068265795707703,0.15525667369365692,0.22680416703224182,210852,55,4,False,Left,Front,Left,Centre,50
<_io.BytesIO object at 0x0000014EBBD626D0>,0.5410507917404175,0.1219787523150444,0.2366405576467514,210852,55,4,False,Left,Front,Left,Centre,50
<_io.BytesIO object at 0x0000014EBBD62540>,0.512707531452179,0.05468113347887993,0.2871730327606201,210852,55,4,False,Left,Front,Left,Centre,50
<_io.BytesIO object at 0x0000014EB8F37180>,0.27058476209640503,0.0945669561624527,-0.0643807053565979,210853,55,4,False,Left,Front,Left,Centre,50
<_io.BytesIO object at 0x0000014EB8F37270>,0.2561171054840088,0.05150432139635086,0.0133151113986969,210853,55,4,False,Left,Front,Left,Centre,50
<_io.BytesIO object at 0x0000014EB8F371D0>,0.22561565041542053,0.10534945130348206,-0.054577700793743134,210853,55,4,False,Left,Front,Left,Centre,50
<_io.BytesIO object at 0x0000014EBBCA7720>,0.20522388815879822,0.06596294790506363,-0.0841103121638298,210853,55,4,False,Left,Front,Left,Centre,50
<_io.BytesIO object at 0x0000014EBBCA7630>,0.1822415590286255,0.022176677361130714,-0.04329590126872063,210853,55,4,False,Left,Front,Left,Centre,50
<_io.BytesIO object at 0x0000014EBBCA7130>,0.5234358310699463,0.08063923567533493,0.233243927359581,210853,55,4,False,Left,Front,Left,Centre,50
<_io.BytesIO object at 0x0000014EBBCA7040>,0.494159072637558,0.14623519778251648,0.3191729784011841,210853,55,4,False,Left,Front,Left,Centre,50
<_io.BytesIO object at 0x0000014EB8F37B80>,0.5068265795707703,0.15525667369365692,0.22680416703224182,210853,55,4,False,Left,Front,Left,Centre,50
<_io.BytesIO object at 0x0000014EB8F37EF0>,0.5410507917404175,0.1219787523150444,0.2366405576467514,210853,55,4,False,Left,Front,Left,Centre,50
<_io.BytesIO object at 0x0000014EB8F37BD0>,0.512707531452179,0.05468113347887993,0.2871730327606201,210853,55,4,False,Left,Front,Left,Centre,50
<_io.BytesIO object at 0x0000014EBBD62540>,0.27071821689605713,0.09460142254829407,-0.06438270211219788,210854,55,4,False,Left,Front,Left,Centre,50
<_io.BytesIO object at 0x0000014EB8F29630>,0.2562189996242523,0.05154753103852272,0.013369662687182426,210854,55,4,False,Left,Front,Left,Centre,50
<_io.BytesIO object at 0x0000014EB8F29590>,0.22580882906913757,0.10532168298959732,-0.05451987311244011,210854,55,4,False,Left,Front,Left,Centre,50
<_io.BytesIO object at 0x0000014EB8F29680>,0.20528051257133484,0.06604617089033127,-0.08400025218725204,210854,55,4,False,Left,Front,Left,Centre,50
<_io.BytesIO object at 0x0000014EB8F29180>,0.18231754004955292,0.02229328453540802,-0.04324383661150932,210854,55,4,False,Left,Front,Left,Centre,50
<_io.BytesIO object at 0x0000014EB8F297C0>,0.5234358310699463,0.08063923567533493,0.233243927359581,210854,55,4,False,Left,Front,Left,Centre,50
<_io.BytesIO object at 0x0000014EBBD46360>,0.494159072637558,0.14623519778251648,0.3191729784011841,210854,55,4,False,Left,Front,Left,Centre,50
<_io.BytesIO object at 0x0000014EBBD46E50>,0.5068265795707703,0.15525667369365692,0.22680416703224182,210854,55,4,False,Left,Front,Left,Centre,50
<_io.BytesIO object at 0x0000014EBBD463B0>,0.5410507917404175,0.1219787523150444,0.2366405576467514,210854,55,4,False,Left,Front,Left,Centre,50
<_io.BytesIO object at 0x0000014EBBD46310>,0.512707531452179,0.05468113347887993,0.2871730327606201,210854,55,4,False,Left,Front,Left,Centre,50
<_io.BytesIO object at 0x0000014EB4345400>,0.2708461284637451,0.0946585163474083,-0.0643874928355217,210855,55,4,False,Left,Front,Left,Centre,50
<_io.BytesIO object at 0x0000014EBBC90400>,0.256327748298645,0.05159343406558037,0.01343278307467699,210855,55,4,False,Left,Front,Left,Centre,50
<_io.BytesIO object at 0x0000014EBBC903B0>,0.2259480357170105,0.10542157292366028,-0.054460760205984116,210855,55,4,False,Left,Front,Left,Centre,50
<_io.BytesIO object at 0x0000014EBBC90090>,0.20531831681728363,0.06618200242519379,-0.0838235393166542,210855,55,4,False,Left,Front,Left,Centre,50
<_io.BytesIO object at 0x0000014EBBC909A0>,0.18239086866378784,0.022455386817455292,-0.04317355528473854,210855,55,4,False,Left,Front,Left,Centre,50
<_io.BytesIO object at 0x0000014EBBC90770>,0.5234358310699463,0.08063923567533493,0.233243927359581,210855,55,4,False,Left,Front,Left,Centre,50
<_io.BytesIO object at 0x0000014EBBD31D10>,0.494159072637558,0.14623519778251648,0.3191729784011841,210855,55,4,False,Left,Front,Left,Centre,50
<_io.BytesIO object at 0x0000014EBBD31A90>,0.5068265795707703,0.15525667369365692,0.22680416703224182,210855,55,4,False,Left,Front,Left,Centre,50
<_io.BytesIO object at 0x0000014EBBD31EF0>,0.5410507917404175,0.1219787523150444,0.2366405576467514,210855,55,4,False,Left,Front,Left,Centre,50
<_io.BytesIO object at 0x0000014EB8F5FEF0>,0.512707531452179,0.05468113347887993,0.2871730327606201,210855,55,4,False,Left,Front,Left,Centre,50
<_io.BytesIO object at 0x0000014EBBCA3810>,0.2710150182247162,0.09476510435342789,-0.06432699412107468,210856,55,4,False,Left,Front,Left,Centre,50
<_io.BytesIO object at 0x0000014EB8F2D7C0>,0.25647464394569397,0.051633547991514206,0.013535253703594208,210856,55,4,False,Left,Front,Left,Centre,50
<_io.BytesIO object at 0x0000014EB8F2D6D0>,0.2262176126241684,0.10567384958267212,-0.05423952266573906,210856,55,4,False,Left,Front,Left,Centre,50
<_io.BytesIO object at 0x0000014EB8F2D5E0>,0.20533394813537598,0.06638800352811813,-0.08359440416097641,210856,55,4,False,Left,Front,Left,Centre,50
<_io.BytesIO object at 0x0000014EB8F2D310>,0.18246707320213318,0.022678421810269356,-0.0430903360247612,210856,55,4,False,Left,Front,Left,Centre,50
<_io.BytesIO object at 0x0000014EB8F2DD10>,0.5234358310699463,0.08063923567533493,0.233243927359581,210856,55,4,False,Left,Front,Left,Centre,50
<_io.BytesIO object at 0x0000014EB8F2DC20>,0.494159072637558,0.14623519778251648,0.3191729784011841,210856,55,4,False,Left,Front,Left,Centre,50
<_io.BytesIO object at 0x0000014EBBD6EB30>,0.5068265795707703,0.15525667369365692,0.22680416703224182,210856,55,4,False,Left,Front,Left,Centre,50
<_io.BytesIO object at 0x0000014EBBD6E9F0>,0.5410507917404175,0.1219787523150444,0.2366405576467514,210856,55,4,False,Left,Front,Left,Centre,50
<_io.BytesIO object at 0x0000014EBBD6E6D0>,0.512707531452179,0.05468113347887993,0.2871730327606201,210856,55,4,False,Left,Front,Left,Centre,50
<_io.BytesIO object at 0x0000014EBBCB97C0>,0.2711716592311859,0.09484517574310303,-0.06431219726800919,210857,55,4,False,Left,Front,Left,Centre,50
<_io.BytesIO object at 0x0000014EBBCB9630>,0.2566157579421997,0.051674358546733856,0.013637998141348362,210857,55,4,False,Left,Front,Left,Centre,50
<_io.BytesIO object at 0x0000014EBBCB9860>,0.22643344104290009,0.10588128119707108,-0.05404194816946983,210857,55,4,False,Left,Front,Left,Centre,50
<_io.BytesIO object at 0x0000014EBBCB9C70>,0.20538103580474854,0.06661034375429153,-0.08337792754173279,210857,55,4,False,Left,Front,Left,Centre,50
<_io.BytesIO object at 0x0000014EBBD392C0>,0.18253394961357117,0.02296222560107708,-0.04296807944774628,210857,55,4,False,Left,Front,Left,Centre,50
<_io.BytesIO object at 0x0000014EBBD398B0>,0.5234358310699463,0.08063923567533493,0.233243927359581,210857,55,4,False,Left,Front,Left,Centre,50
<_io.BytesIO object at 0x0000014EBBD394A0>,0.494159072637558,0.14623519778251648,0.3191729784011841,210857,55,4,False,Left,Front,Left,Centre,50
<_io.BytesIO object at 0x0000014EBBD39D60>,0.5068265795707703,0.15525667369365692,0.22680416703224182,210857,55,4,False,Left,Front,Left,Centre,50
<_io.BytesIO object at 0x0000014EBBD39310>,0.5410507917404175,0.1219787523150444,0.2366405576467514,210857,55,4,False,Left,Front,Left,Centre,50
<_io.BytesIO object at 0x0000014EBBD39770>,0.512707531452179,0.05468113347887993,0.2871730327606201,210857,55,4,False,Left,Front,Left,Centre,50
<_io.BytesIO object at 0x0000014EBBCB9900>,0.2713248133659363,0.09496471285820007,-0.064226433634758,210858,55,4,False,Left,Front,Left,Centre,50
<_io.BytesIO object at 0x0000014EBBCB97C0>,0.25684019923210144,0.051765475422143936,0.013874504715204239,210858,55,4,False,Left,Front,Left,Centre,50
<_io.BytesIO object at 0x0000014EBBCB92C0>,0.2266397327184677,0.1061348095536232,-0.05388829484581947,210858,55,4,False,Left,Front,Left,Centre,50
<_io.BytesIO object at 0x0000014EBBCB96D0>,0.20546820759773254,0.0668337494134903,-0.0830763727426529,210858,55,4,False,Left,Front,Left,Centre,50
<_io.BytesIO object at 0x0000014EBBC92C70>,0.18256856501102448,0.023229451850056648,-0.04285489767789841,210858,55,4,False,Left,Front,Left,Centre,50
<_io.BytesIO object at 0x0000014EBBC92EF0>,0.5234358310699463,0.08063923567533493,0.233243927359581,210858,55,4,False,Left,Front,Left,Centre,50
<_io.BytesIO object at 0x0000014EBBC92EA0>,0.494159072637558,0.14623519778251648,0.3191729784011841,210858,55,4,False,Left,Front,Left,Centre,50
<_io.BytesIO object at 0x0000014EBBC92DB0>,0.5068265795707703,0.15525667369365692,0.22680416703224182,210858,55,4,False,Left,Front,Left,Centre,50
<_io.BytesIO object at 0x0000014EBBC92270>,0.5410507917404175,0.1219787523150444,0.2366405576467514,210858,55,4,False,Left,Front,Left,Centre,50
<_io.BytesIO object at 0x0000014EBBC926D0>,0.512707531452179,0.05468113347887993,0.2871730327606201,210858,55,4,False,Left,Front,Left,Centre,50
<_io.BytesIO object at 0x0000014EB8F2D540>,0.27150285243988037,0.09518297016620636,-0.0641084685921669,210859,55,4,False,Left,Front,Left,Centre,50
<_io.BytesIO object at 0x0000014EB8F2D860>,0.25700074434280396,0.05181768909096718,0.014040310867130756,210859,55,4,False,Left,Front,Left,Centre,50
<_io.BytesIO object at 0x0000014EBBCA3950>,0.22681105136871338,0.10631216317415237,-0.05362729728221893,210859,55,4,False,Left,Front,Left,Centre,50
<_io.BytesIO object at 0x0000014EBBCA3680>,0.20549501478672028,0.06711369007825851,-0.08277198672294617,210859,55,4,False,Left,Front,Left,Centre,50
<_io.BytesIO object at 0x0000014EBBCA33B0>,0.18256263434886932,0.02361803688108921,-0.04272416979074478,210859,55,4,False,Left,Front,Left,Centre,50
<_io.BytesIO object at 0x0000014EBBCA3CC0>,0.5234358310699463,0.08063923567533493,0.233243927359581,210859,55,4,False,Left,Front,Left,Centre,50
<_io.BytesIO object at 0x0000014EBBCA3040>,0.494159072637558,0.14623519778251648,0.3191729784011841,210859,55,4,False,Left,Front,Left,Centre,50
<_io.BytesIO object at 0x0000014EBBCA3180>,0.5068265795707703,0.15525667369365692,0.22680416703224182,210859,55,4,False,Left,Front,Left,Centre,50
<_io.BytesIO object at 0x0000014EBBCA3F90>,0.5410507917404175,0.1219787523150444,0.2366405576467514,210859,55,4,False,Left,Front,Left,Centre,50
<_io.BytesIO object at 0x0000014EBBCA3130>,0.512707531452179,0.05468113347887993,0.2871730327606201,210859,55,4,False,Left,Front,Left,Centre,50
<_io.BytesIO object at 0x0000014EBBC90630>,0.2716761827468872,0.09533236175775528,-0.063908651471138,210860,55,4,False,Left,Front,Left,Centre,50
<_io.BytesIO object at 0x0000014EBBC90EA0>,0.2571162283420563,0.051827311515808105,0.014186016283929348,210860,55,4,False,Left,Front,Left,Centre,50
<_io.BytesIO object at 0x0000014EB43450E0>,0.22702278196811676,0.10657544434070587,-0.05335674807429314,210860,55,4,False,Left,Front,Left,Centre,50
<_io.BytesIO object at 0x0000014EB43451D0>,0.20548059046268463,0.06744013726711273,-0.08237256109714508,210860,55,4,False,Left,Front,Left,Centre,50
<_io.BytesIO object at 0x0000014EBBD66F90>,0.1826101541519165,0.024026207625865936,-0.04254606366157532,210860,55,4,False,Left,Front,Left,Centre,50
<_io.BytesIO object at 0x0000014EBBD661D0>,0.5234358310699463,0.08063923567533493,0.233243927359581,210860,55,4,False,Left,Front,Left,Centre,50
<_io.BytesIO object at 0x0000014EBBD66860>,0.494159072637558,0.14623519778251648,0.3191729784011841,210860,55,4,False,Left,Front,Left,Centre,50
<_io.BytesIO object at 0x0000014EBBD663B0>,0.5068265795707703,0.15525667369365692,0.22680416703224182,210860,55,4,False,Left,Front,Left,Centre,50
<_io.BytesIO object at 0x0000014EBBD66CC0>,0.5410507917404175,0.1219787523150444,0.2366405576467514,210860,55,4,False,Left,Front,Left,Centre,50
<_io.BytesIO object at 0x0000014EBBD66E50>,0.512707531452179,0.05468113347887993,0.2871730327606201,210860,55,4,False,Left,Front,Left,Centre,50
<_io.BytesIO object at 0x0000014EBBD62900>,0.2718290686607361,0.09552312642335892,-0.0637463852763176,210861,55,4,False,Left,Front,Left,Centre,50
<_io.BytesIO object at 0x0000014EBBD62B30>,0.25724783539772034,0.05190112814307213,0.014395121484994888,210861,55,4,False,Left,Front,Left,Centre,50
<_io.BytesIO object at 0x0000014EB8F29C70>,0.22730982303619385,0.1070825457572937,-0.05290922895073891,210861,55,4,False,Left,Front,Left,Centre,50
<_io.BytesIO object at 0x0000014EB8F29680>,0.20551639795303345,0.06776658445596695,-0.0819995328783989,210861,55,4,False,Left,Front,Left,Centre,50
<_io.BytesIO object at 0x0000014EB8F294F0>,0.1826142519712448,0.024420594796538353,-0.04229530692100525,210861,55,4,False,Left,Front,Left,Centre,50
<_io.BytesIO object at 0x0000014EB8F29BD0>,0.5234358310699463,0.08063923567533493,0.233243927359581,210861,55,4,False,Left,Front,Left,Centre,50
<_io.BytesIO object at 0x0000014EB8F29F40>,0.494159072637558,0.14623519778251648,0.3191729784011841,210861,55,4,False,Left,Front,Left,Centre,50
<_io.BytesIO object at 0x0000014EB8F29950>,0.5068265795707703,0.15525667369365692,0.22680416703224182,210861,55,4,False,Left,Front,Left,Centre,50
<_io.BytesIO object at 0x0000014EBBCBD810>,0.5410507917404175,0.1219787523150444,0.2366405576467514,210861,55,4,False,Left,Front,Left,Centre,50
<_io.BytesIO object at 0x0000014EBBCBD680>,0.512707531452179,0.05468113347887993,0.2871730327606201,210861,55,4,False,Left,Front,Left,Centre,50
<_io.BytesIO object at 0x0000014EB8F37BD0>,0.27197912335395813,0.0957370176911354,-0.06358256191015244,210862,55,4,False,Left,Front,Left,Centre,50
<_io.BytesIO object at 0x0000014EB8F374A0>,0.25738605856895447,0.05195850506424904,0.01459165196865797,210862,55,4,False,Left,Front,Left,Centre,50
<_io.BytesIO object at 0x0000014EB8F37C70>,0.22755959630012512,0.10747047513723373,-0.05258788540959358,210862,55,4,False,Left,Front,Left,Centre,50
<_io.BytesIO object at 0x0000014EB8F375E0>,0.20544664561748505,0.06818340718746185,-0.08156685531139374,210862,55,4,False,Left,Front,Left,Centre,50
<_io.BytesIO object at 0x0000014EB8F37130>,0.18264533579349518,0.024844493716955185,-0.042056988924741745,210862,55,4,False,Left,Front,Left,Centre,50
<_io.BytesIO object at 0x0000014EB8F37180>,0.5234358310699463,0.08063923567533493,0.233243927359581,210862,55,4,False,Left,Front,Left,Centre,50
<_io.BytesIO object at 0x0000014EBBCBD950>,0.494159072637558,0.14623519778251648,0.3191729784011841,210862,55,4,False,Left,Front,Left,Centre,50
<_io.BytesIO object at 0x0000014EBBCBD7C0>,0.5068265795707703,0.15525667369365692,0.22680416703224182,210862,55,4,False,Left,Front,Left,Centre,50
<_io.BytesIO object at 0x0000014EBBCBD9F0>,0.5410507917404175,0.1219787523150444,0.2366405576467514,210862,55,4,False,Left,Front,Left,Centre,50
<_io.BytesIO object at 0x0000014EBBCBD810>,0.512707531452179,0.05468113347887993,0.2871730327606201,210862,55,4,False,Left,Front,Left,Centre,50
<_io.BytesIO object at 0x0000014EBBD46360>,0.2721335291862488,0.09595339000225067,-0.06343285739421844,210863,55,4,False,Left,Front,Left,Centre,50
<_io.BytesIO object at 0x0000014EBBD46220>,0.257647305727005,0.052035167813301086,0.014811278320848942,210863,55,4,False,Left,Front,Left,Centre,50
<_io.BytesIO object at 0x0000014EBBD46EA0>,0.22779646515846252,0.10773997008800507,-0.052220419049263,210863,55,4,False,Left,Front,Left,Centre,50
<_io.BytesIO object at 0x0000014EBBD466D0>,0.20541717112064362,0.06866791099309921,-0.08111356943845749,210863,55,4,False,Left,Front,Left,Centre,50
<_io.BytesIO object at 0x0000014EBBD46CC0>,0.1827118694782257,0.02537671849131584,-0.04185409098863602,210863,55,4,False,Left,Front,Left,Centre,50
<_io.BytesIO object at 0x0000014EBBD46770>,0.5234358310699463,0.08063923567533493,0.233243927359581,210863,55,4,False,Left,Front,Left,Centre,50
<_io.BytesIO object at 0x0000014EBBD66A90>,0.494159072637558,0.14623519778251648,0.3191729784011841,210863,55,4,False,Left,Front,Left,Centre,50
<_io.BytesIO object at 0x0000014EBBD66BD0>,0.5068265795707703,0.15525667369365692,0.22680416703224182,210863,55,4,False,Left,Front,Left,Centre,50
<_io.BytesIO object at 0x0000014EBBD66270>,0.5410507917404175,0.1219787523150444,0.2366405576467514,210863,55,4,False,Left,Front,Left,Centre,50
<_io.BytesIO object at 0x0000014EBBD660E0>,0.512707531452179,0.05468113347887993,0.2871730327606201,210863,55,4,False,Left,Front,Left,Centre,50
<_io.BytesIO object at 0x0000014EBBD31D10>,0.27234941720962524,0.09622462838888168,-0.0632229670882225,210864,55,4,False,Left,Front,Left,Centre,50
<_io.BytesIO object at 0x0000014EB8F5F6D0>,0.25788140296936035,0.052066121250391006,0.01500210165977478,210864,55,4,False,Left,Front,Left,Centre,50
<_io.BytesIO object at 0x0000014EB8F5F360>,0.2280440479516983,0.10809437185525894,-0.05179629847407341,210864,55,4,False,Left,Front,Left,Centre,50
<_io.BytesIO object at 0x0000014EB8F5F270>,0.20539362728595734,0.06912285089492798,-0.08062959462404251,210864,55,4,False,Left,Front,Left,Centre,50
<_io.BytesIO object at 0x0000014EB8F5F400>,0.18280035257339478,0.025883173570036888,-0.04164595529437065,210864,55,4,False,Left,Front,Left,Centre,50
<_io.BytesIO object at 0x0000014EB8F5FA40>,0.5234358310699463,0.08063923567533493,0.233243927359581,210864,55,4,False,Left,Front,Left,Centre,50
<_io.BytesIO object at 0x0000014EB8F5F950>,0.494159072637558,0.14623519778251648,0.3191729784011841,210864,55,4,False,Left,Front,Left,Centre,50
<_io.BytesIO object at 0x0000014EBBCA3270>,0.5068265795707703,0.15525667369365692,0.22680416703224182,210864,55,4,False,Left,Front,Left,Centre,50
<_io.BytesIO object at 0x0000014EBBCA3130>,0.5410507917404175,0.1219787523150444,0.2366405576467514,210864,55,4,False,Left,Front,Left,Centre,50
<_io.BytesIO object at 0x0000014EBBCA3630>,0.512707531452179,0.05468113347887993,0.2871730327606201,210864,55,4,False,Left,Front,Left,Centre,50
<_io.BytesIO object at 0x0000014EBBD6E2C0>,0.2725464701652527,0.09645833820104599,-0.06306130439043045,210865,55,4,False,Left,Front,Left,Centre,50
<_io.BytesIO object at 0x0000014EBBD6E540>,0.2581039369106293,0.052092984318733215,0.015198295935988426,210865,55,4,False,Left,Front,Left,Centre,50
<_io.BytesIO object at 0x0000014EBBD6E040>,0.22843094170093536,0.10850729048252106,-0.05137379467487335,210865,55,4,False,Left,Front,Left,Centre,50
<_io.BytesIO object at 0x0000014EBBD6EA90>,0.20536307990550995,0.06959132105112076,-0.08009497076272964,210865,55,4,False,Left,Front,Left,Centre,50
<_io.BytesIO object at 0x0000014EBBD6ED60>,0.1828521490097046,0.026498405262827873,-0.04134107381105423,210865,55,4,False,Left,Front,Left,Centre,50
<_io.BytesIO object at 0x0000014EBBC92310>,0.5234358310699463,0.08063923567533493,0.233243927359581,210865,55,4,False,Left,Front,Left,Centre,50
<_io.BytesIO object at 0x0000014EBBC92C20>,0.494159072637558,0.14623519778251648,0.3191729784011841,210865,55,4,False,Left,Front,Left,Centre,50
<_io.BytesIO object at 0x0000014EBBC927C0>,0.5068265795707703,0.15525667369365692,0.22680416703224182,210865,55,4,False,Left,Front,Left,Centre,50
<_io.BytesIO object at 0x0000014EBBC92E00>,0.5410507917404175,0.1219787523150444,0.2366405576467514,210865,55,4,False,Left,Front,Left,Centre,50
<_io.BytesIO object at 0x0000014EBBC92220>,0.512707531452179,0.05468113347887993,0.2871730327606201,210865,55,4,False,Left,Front,Left,Centre,50
<_io.BytesIO object at 0x0000014EBBD39810>,0.27276697754859924,0.09679898619651794,-0.06291548162698746,210866,55,4,False,Left,Front,Left,Centre,50
<_io.BytesIO object at 0x0000014EBBD39220>,0.25835442543029785,0.0520666167140007,0.015370858833193779,210866,55,4,False,Left,Front,Left,Centre,50
<_io.BytesIO object at 0x0000014EBBD39680>,0.2287357598543167,0.10886722058057785,-0.050918374210596085,210866,55,4,False,Left,Front,Left,Centre,50
<_io.BytesIO object at 0x0000014EBBCA74A0>,0.2054099291563034,0.07008498162031174,-0.07952136546373367,210866,55,4,False,Left,Front,Left,Centre,50
<_io.BytesIO object at 0x0000014EBBCA7310>,0.18287090957164764,0.027087142691016197,-0.04106571897864342,210866,55,4,False,Left,Front,Left,Centre,50
<_io.BytesIO object at 0x0000014EBBCA71D0>,0.5234358310699463,0.08063923567533493,0.233243927359581,210866,55,4,False,Left,Front,Left,Centre,50
<_io.BytesIO object at 0x0000014EBBCA7F90>,0.494159072637558,0.14623519778251648,0.3191729784011841,210866,55,4,False,Left,Front,Left,Centre,50
<_io.BytesIO object at 0x0000014EBBD39630>,0.5068265795707703,0.15525667369365692,0.22680416703224182,210866,55,4,False,Left,Front,Left,Centre,50
<_io.BytesIO object at 0x0000014EBBD39770>,0.5410507917404175,0.1219787523150444,0.2366405576467514,210866,55,4,False,Left,Front,Left,Centre,50
<_io.BytesIO object at 0x0000014EBBD39900>,0.512707531452179,0.05468113347887993,0.2871730327606201,210866,55,4,False,Left,Front,Left,Centre,50
<_io.BytesIO object at 0x0000014EBBC92E50>,0.2730286717414856,0.09702473878860474,-0.06267475336790085,210867,55,4,False,Left,Front,Left,Centre,50
<_io.BytesIO object at 0x0000014EBBC92A90>,0.25864923000335693,0.05180004611611366,0.015650954097509384,210867,55,4,False,Left,Front,Left,Centre,50
<_io.BytesIO object at 0x0000014EBBD6E9A0>,0.22904103994369507,0.10928574204444885,-0.05051303654909134,210867,55,4,False,Left,Front,Left,Centre,50
<_io.BytesIO object at 0x0000014EBBD6EB80>,0.20538602769374847,0.07058781385421753,-0.07893925160169601,210867,55,4,False,Left,Front,Left,Centre,50
<_io.BytesIO object at 0x0000014EBBD6EA90>,0.1828988790512085,0.027711063623428345,-0.04083683341741562,210867,55,4,False,Left,Front,Left,Centre,50
<_io.BytesIO object at 0x0000014EBBD6E090>,0.5234358310699463,0.08063923567533493,0.233243927359581,210867,55,4,False,Left,Front,Left,Centre,50
<_io.BytesIO object at 0x0000014EBBD6E220>,0.494159072637558,0.14623519778251648,0.3191729784011841,210867,55,4,False,Left,Front,Left,Centre,50
<_io.BytesIO object at 0x0000014EBBD6E180>,0.5068265795707703,0.15525667369365692,0.22680416703224182,210867,55,4,False,Left,Front,Left,Centre,50
<_io.BytesIO object at 0x0000014EBBD6E3B0>,0.5410507917404175,0.1219787523150444,0.2366405576467514,210867,55,4,False,Left,Front,Left,Centre,50
<_io.BytesIO object at 0x0000014EBBD6EDB0>,0.512707531452179,0.05468113347887993,0.2871730327606201,210867,55,4,False,Left,Front,Left,Centre,50
<_io.BytesIO object at 0x0000014EBBCA3C70>,0.27322158217430115,0.09733060747385025,-0.062409088015556335,210868,55,4,False,Left,Front,Left,Centre,50
<_io.BytesIO object at 0x0000014EBBCA30E0>,0.2590917944908142,0.051741451025009155,0.015793833881616592,210868,55,4,False,Left,Front,Left,Centre,50
<_io.BytesIO object at 0x0000014EB8F5FF90>,0.22932198643684387,0.10979263484477997,-0.04985065013170242,210868,55,4,False,Left,Front,Left,Centre,50
<_io.BytesIO object at 0x0000014EB8F5F0E0>,0.20532213151454926,0.07119087874889374,-0.07830945402383804,210868,55,4,False,Left,Front,Left,Centre,50
<_io.BytesIO object at 0x0000014EB8F5F270>,0.18282561004161835,0.028433434665203094,-0.0406707338988781,210868,55,4,False,Left,Front,Left,Centre,50
<_io.BytesIO object at 0x0000014EB8F5F3B0>,0.5234358310699463,0.08063923567533493,0.233243927359581,210868,55,4,False,Left,Front,Left,Centre,50
<_io.BytesIO object at 0x0000014EB8F5FB80>,0.494159072637558,0.14623519778251648,0.3191729784011841,210868,55,4,False,Left,Front,Left,Centre,50
<_io.BytesIO object at 0x0000014EB8F5F7C0>,0.5068265795707703,0.15525667369365692,0.22680416703224182,210868,55,4,False,Left,Front,Left,Centre,50
<_io.BytesIO object at 0x0000014EBBD31EA0>,0.5410507917404175,0.1219787523150444,0.2366405576467514,210868,55,4,False,Left,Front,Left,Centre,50
<_io.BytesIO object at 0x0000014EBBD31E00>,0.512707531452179,0.05468113347887993,0.2871730327606201,210868,55,4,False,Left,Front,Left,Centre,50
<_io.BytesIO object at 0x0000014EBBD66040>,0.2734377384185791,0.09764871746301651,-0.062258414924144745,210869,55,4,False,Left,Front,Left,Centre,50
<_io.BytesIO object at 0x0000014EBBD66B80>,0.2596431374549866,0.05167873203754425,0.01623966172337532,210869,55,4,False,Left,Front,Left,Centre,50
<_io.BytesIO object at 0x0000014EBBD46450>,0.22969938814640045,0.11021862924098969,-0.0493331104516983,210869,55,4,False,Left,Front,Left,Centre,50
<_io.BytesIO object at 0x0000014EBBD46F40>,0.20498207211494446,0.0719866082072258,-0.07752574235200882,210869,55,4,False,Left,Front,Left,Centre,50
<_io.BytesIO object at 0x0000014EBBD466D0>,0.18283306062221527,0.029159801080822945,-0.040274303406476974,210869,55,4,False,Left,Front,Left,Centre,50
<_io.BytesIO object at 0x0000014EBBD46400>,0.5234358310699463,0.08063923567533493,0.233243927359581,210869,55,4,False,Left,Front,Left,Centre,50
<_io.BytesIO object at 0x0000014EBBD46270>,0.494159072637558,0.14623519778251648,0.3191729784011841,210869,55,4,False,Left,Front,Left,Centre,50
<_io.BytesIO object at 0x0000014EBBD46310>,0.5068265795707703,0.15525667369365692,0.22680416703224182,210869,55,4,False,Left,Front,Left,Centre,50
<_io.BytesIO object at 0x0000014EBBD461D0>,0.5410507917404175,0.1219787523150444,0.2366405576467514,210869,55,4,False,Left,Front,Left,Centre,50
<_io.BytesIO object at 0x0000014EBBD46C20>,0.512707531452179,0.05468113347887993,0.2871730327606201,210869,55,4,False,Left,Front,Left,Centre,50
<_io.BytesIO object at 0x0000014EBBCBD270>,0.27365994453430176,0.09795530140399933,-0.06205988675355911,210870,55,4,False,Left,Front,Left,Centre,50
<_io.BytesIO object at 0x0000014EBBCBDBD0>,0.2599259912967682,0.05166609212756157,0.016317754983901978,210870,55,4,False,Left,Front,Left,Centre,50
<_io.BytesIO object at 0x0000014EBBCBD950>,0.23011457920074463,0.11079070717096329,-0.04880416765809059,210870,55,4,False,Left,Front,Left,Centre,50
<_io.BytesIO object at 0x0000014EB8F37770>,0.2049892246723175,0.07273614406585693,-0.07691286504268646,210870,55,4,False,Left,Front,Left,Centre,50
<_io.BytesIO object at 0x0000014EB8F371D0>,0.18281437456607819,0.029938794672489166,-0.03998677060008049,210870,55,4,False,Left,Front,Left,Centre,50
<_io.BytesIO object at 0x0000014EB8F37810>,0.5234358310699463,0.08063923567533493,0.233243927359581,210870,55,4,False,Left,Front,Left,Centre,50
<_io.BytesIO object at 0x0000014EB8F372C0>,0.494159072637558,0.14623519778251648,0.3191729784011841,210870,55,4,False,Left,Front,Left,Centre,50
<_io.BytesIO object at 0x0000014EB8F374A0>,0.5068265795707703,0.15525667369365692,0.22680416703224182,210870,55,4,False,Left,Front,Left,Centre,50
<_io.BytesIO object at 0x0000014EB8F37DB0>,0.5410507917404175,0.1219787523150444,0.2366405576467514,210870,55,4,False,Left,Front,Left,Centre,50
<_io.BytesIO object at 0x0000014EB8F37360>,0.512707531452179,0.05468113347887993,0.2871730327606201,210870,55,4,False,Left,Front,Left,Centre,50
<_io.BytesIO object at 0x0000014EBBCBDAE0>,0.27398911118507385,0.09832005947828293,-0.06190626323223114,210871,55,4,False,Left,Front,Left,Centre,50
<_io.BytesIO object at 0x0000014EBBCBD040>,0.2603272795677185,0.05165218934416771,0.01647805981338024,210871,55,4,False,Left,Front,Left,Centre,50
<_io.BytesIO object at 0x0000014EB8F29A90>,0.2305326759815216,0.1113552451133728,-0.048426419496536255,210871,55,4,False,Left,Front,Left,Centre,50
<_io.BytesIO object at 0x0000014EB8F293B0>,0.2050316482782364,0.07342757284641266,-0.07626670598983765,210871,55,4,False,Left,Front,Left,Centre,50
<_io.BytesIO object at 0x0000014EB8F29860>,0.18280330300331116,0.030928008258342743,-0.03968439996242523,210871,55,4,False,Left,Front,Left,Centre,50
<_io.BytesIO object at 0x0000014EB8F29DB0>,0.5234358310699463,0.08063923567533493,0.233243927359581,210871,55,4,False,Left,Front,Left,Centre,50
<_io.BytesIO object at 0x0000014EB8F29360>,0.494159072637558,0.14623519778251648,0.3191729784011841,210871,55,4,False,Left,Front,Left,Centre,50
<_io.BytesIO object at 0x0000014EB8F29220>,0.5068265795707703,0.15525667369365692,0.22680416703224182,210871,55,4,False,Left,Front,Left,Centre,50
<_io.BytesIO object at 0x0000014EBBD62EA0>,0.5410507917404175,0.1219787523150444,0.2366405576467514,210871,55,4,False,Left,Front,Left,Centre,50
<_io.BytesIO object at 0x0000014EBBD62450>,0.512707531452179,0.05468113347887993,0.2871730327606201,210871,55,4,False,Left,Front,Left,Centre,50
<_io.BytesIO object at 0x0000014EBBD319A0>,0.274293452501297,0.09854713082313538,-0.06172427907586098,210872,55,4,False,Left,Front,Left,Centre,50
<_io.BytesIO object at 0x0000014EBBD31D10>,0.2607269585132599,0.0516401045024395,0.01665234938263893,210872,55,4,False,Left,Front,Left,Centre,50
<_io.BytesIO object at 0x0000014EB8F5F9F0>,0.231134295463562,0.11197739839553833,-0.04789132624864578,210872,55,4,False,Left,Front,Left,Centre,50
<_io.BytesIO object at 0x0000014EB8F5F360>,0.2051047831773758,0.07411614805459976,-0.07555645704269409,210872,55,4,False,Left,Front,Left,Centre,50
<_io.BytesIO object at 0x0000014EB8F5F450>,0.18282948434352875,0.031850554049015045,-0.03923074156045914,210872,55,4,False,Left,Front,Left,Centre,50
<_io.BytesIO object at 0x0000014EB8F5F9A0>,0.5234358310699463,0.08063923567533493,0.233243927359581,210872,55,4,False,Left,Front,Left,Centre,50
<_io.BytesIO object at 0x0000014EB8F5F090>,0.494159072637558,0.14623519778251648,0.3191729784011841,210872,55,4,False,Left,Front,Left,Centre,50
<_io.BytesIO object at 0x0000014EB8F5F630>,0.5068265795707703,0.15525667369365692,0.22680416703224182,210872,55,4,False,Left,Front,Left,Centre,50
<_io.BytesIO object at 0x0000014EBBCA3400>,0.5410507917404175,0.1219787523150444,0.2366405576467514,210872,55,4,False,Left,Front,Left,Centre,50
<_io.BytesIO object at 0x0000014EBBCA3D10>,0.512707531452179,0.05468113347887993,0.2871730327606201,210872,55,4,False,Left,Front,Left,Centre,50
<_io.BytesIO object at 0x0000014EBBD6E450>,0.2745949625968933,0.09882351011037827,-0.06158158555626869,210873,55,4,False,Left,Front,Left,Centre,50
<_io.BytesIO object at 0x0000014EBBD6E8B0>,0.26104050874710083,0.05162987858057022,0.016836291179060936,210873,55,4,False,Left,Front,Left,Centre,50
<_io.BytesIO object at 0x0000014EBBD6E540>,0.2316281795501709,0.1125732883810997,-0.04744572192430496,210873,55,4,False,Left,Front,Left,Centre,50
<_io.BytesIO object at 0x0000014EBBD6E130>,0.2052098661661148,0.07480742782354355,-0.07487553358078003,210873,55,4,False,Left,Front,Left,Centre,50
<_io.BytesIO object at 0x0000014EBBD6EB80>,0.18287396430969238,0.03277863562107086,-0.03884679451584816,210873,55,4,False,Left,Front,Left,Centre,50
<_io.BytesIO object at 0x0000014EBBD6EC70>,0.5234358310699463,0.08063923567533493,0.233243927359581,210873,55,4,False,Left,Front,Left,Centre,50
<_io.BytesIO object at 0x0000014EBBC92A90>,0.494159072637558,0.14623519778251648,0.3191729784011841,210873,55,4,False,Left,Front,Left,Centre,50
<_io.BytesIO object at 0x0000014EBBC92F90>,0.5068265795707703,0.15525667369365692,0.22680416703224182,210873,55,4,False,Left,Front,Left,Centre,50
<_io.BytesIO object at 0x0000014EBBC927C0>,0.5410507917404175,0.1219787523150444,0.2366405576467514,210873,55,4,False,Left,Front,Left,Centre,50
<_io.BytesIO object at 0x0000014EBBC92630>,0.512707531452179,0.05468113347887993,0.2871730327606201,210873,55,4,False,Left,Front,Left,Centre,50
<_io.BytesIO object at 0x0000014EBBD39540>,0.27497008442878723,0.0991319790482521,-0.06142053008079529,210874,55,4,False,Left,Front,Left,Centre,50
<_io.BytesIO object at 0x0000014EBBD39B80>,0.26156342029571533,0.051662590354681015,0.01720704883337021,210874,55,4,False,Left,Front,Left,Centre,50
<_io.BytesIO object at 0x0000014EBBD39360>,0.2321627140045166,0.11312443017959595,-0.046865060925483704,210874,55,4,False,Left,Front,Left,Centre,50
<_io.BytesIO object at 0x0000014EBBD46BD0>,0.20530226826667786,0.07556496560573578,-0.07418915629386902,210874,55,4,False,Left,Front,Left,Centre,50
<_io.BytesIO object at 0x0000014EBBD461D0>,0.1829504370689392,0.03372281789779663,-0.03834899887442589,210874,55,4,False,Left,Front,Left,Centre,50
<_io.BytesIO object at 0x0000014EBBD46680>,0.5234358310699463,0.08063923567533493,0.233243927359581,210874,55,4,False,Left,Front,Left,Centre,50
<_io.BytesIO object at 0x0000014EBBD46630>,0.494159072637558,0.14623519778251648,0.3191729784011841,210874,55,4,False,Left,Front,Left,Centre,50
<_io.BytesIO object at 0x0000014EBBD46A90>,0.5068265795707703,0.15525667369365692,0.22680416703224182,210874,55,4,False,Left,Front,Left,Centre,50
<_io.BytesIO object at 0x0000014EBBD46B80>,0.5410507917404175,0.1219787523150444,0.2366405576467514,210874,55,4,False,Left,Front,Left,Centre,50
<_io.BytesIO object at 0x0000014EBBD46450>,0.512707531452179,0.05468113347887993,0.2871730327606201,210874,55,4,False,Left,Front,Left,Centre,50
<_io.BytesIO object at 0x0000014EBBD660E0>,0.2753251791000366,0.09947510063648224,-0.06126076355576515,210875,55,4,False,Left,Front,Left,Centre,50
<_io.BytesIO object at 0x0000014EBBD66F40>,0.2620740234851837,0.05158816650509834,0.017390597611665726,210875,55,4,False,Left,Front,Left,Centre,50
<_io.BytesIO object at 0x0000014EBBD66AE0>,0.23263658583164215,0.11360152065753937,-0.046343617141246796,210875,55,4,False,Left,Front,Left,Centre,50
<_io.BytesIO object at 0x0000014EBBD46EF0>,0.20538115501403809,0.07623514533042908,-0.07352212071418762,210875,55,4,False,Left,Front,Left,Centre,50
<_io.BytesIO object at 0x0000014EBBD46B80>,0.18306270241737366,0.03461787849664688,-0.03795543685555458,210875,55,4,False,Left,Front,Left,Centre,50
<_io.BytesIO object at 0x0000014EBBD46B30>,0.5234358310699463,0.08063923567533493,0.233243927359581,210875,55,4,False,Left,Front,Left,Centre,50
<_io.BytesIO object at 0x0000014EBBD46180>,0.494159072637558,0.14623519778251648,0.3191729784011841,210875,55,4,False,Left,Front,Left,Centre,50
<_io.BytesIO object at 0x0000014EBBD46040>,0.5068265795707703,0.15525667369365692,0.22680416703224182,210875,55,4,False,Left,Front,Left,Centre,50
<_io.BytesIO object at 0x0000014EBBD46720>,0.5410507917404175,0.1219787523150444,0.2366405576467514,210875,55,4,False,Left,Front,Left,Centre,50
<_io.BytesIO object at 0x0000014EBBD39360>,0.512707531452179,0.05468113347887993,0.2871730327606201,210875,55,4,False,Left,Front,Left,Centre,50
<_io.BytesIO object at 0x0000014EBBCB9B30>,0.2756202518939972,0.09978317469358444,-0.06112068518996239,210876,55,4,False,Left,Front,Left,Centre,50
<_io.BytesIO object at 0x0000014EBBC92180>,0.26284292340278625,0.05168981850147247,0.01769093982875347,210876,55,4,False,Left,Front,Left,Centre,50
<_io.BytesIO object at 0x0000014EBBC920E0>,0.23316489160060883,0.11407214403152466,-0.045798271894454956,210876,55,4,False,Left,Front,Left,Centre,50
<_io.BytesIO object at 0x0000014EBBC92E00>,0.20542438328266144,0.07690577954053879,-0.07266971468925476,210876,55,4,False,Left,Front,Left,Centre,50
<_io.BytesIO object at 0x0000014EBBC928B0>,0.18329530954360962,0.03541763499379158,-0.03747299313545227,210876,55,4,False,Left,Front,Left,Centre,50
<_io.BytesIO object at 0x0000014EBBC92A90>,0.5234358310699463,0.08063923567533493,0.233243927359581,210876,55,4,False,Left,Front,Left,Centre,50
<_io.BytesIO object at 0x0000014EBBD6E090>,0.494159072637558,0.14623519778251648,0.3191729784011841,210876,55,4,False,Left,Front,Left,Centre,50
<_io.BytesIO object at 0x0000014EBBD6E9A0>,0.5068265795707703,0.15525667369365692,0.22680416703224182,210876,55,4,False,Left,Front,Left,Centre,50
<_io.BytesIO object at 0x0000014EBBD6E4F0>,0.5410507917404175,0.1219787523150444,0.2366405576467514,210876,55,4,False,Left,Front,Left,Centre,50
<_io.BytesIO object at 0x0000014EBBD6E810>,0.512707531452179,0.05468113347887993,0.2871730327606201,210876,55,4,False,Left,Front,Left,Centre,50
<_io.BytesIO object at 0x0000014EBBCA3810>,0.27595990896224976,0.10008864104747772,-0.060926344245672226,210877,55,4,False,Left,Front,Left,Centre,50
<_io.BytesIO object at 0x0000014EBBCA33B0>,0.2633121907711029,0.05165403336286545,0.017945822328329086,210877,55,4,False,Left,Front,Left,Centre,50
<_io.BytesIO object at 0x0000014EBBCA3A90>,0.23370689153671265,0.11457850784063339,-0.04528595134615898,210877,55,4,False,Left,Front,Left,Centre,50
<_io.BytesIO object at 0x0000014EBBCA3400>,0.20553338527679443,0.07751680910587311,-0.07197169214487076,210877,55,4,False,Left,Front,Left,Centre,50
<_io.BytesIO object at 0x0000014EB8F5F6D0>,0.1834658682346344,0.03618708252906799,-0.03696880489587784,210877,55,4,False,Left,Front,Left,Centre,50
<_io.BytesIO object at 0x0000014EB8F5F860>,0.5234358310699463,0.08063923567533493,0.233243927359581,210877,55,4,False,Left,Front,Left,Centre,50
<_io.BytesIO object at 0x0000014EB8F5FE50>,0.494159072637558,0.14623519778251648,0.3191729784011841,210877,55,4,False,Left,Front,Left,Centre,50
<_io.BytesIO object at 0x0000014EB8F5F5E0>,0.5068265795707703,0.15525667369365692,0.22680416703224182,210877,55,4,False,Left,Front,Left,Centre,50
<_io.BytesIO object at 0x0000014EB8F5FAE0>,0.5410507917404175,0.1219787523150444,0.2366405576467514,210877,55,4,False,Left,Front,Left,Centre,50
<_io.BytesIO object at 0x0000014EB8F5F4A0>,0.512707531452179,0.05468113347887993,0.2871730327606201,210877,55,4,False,Left,Front,Left,Centre,50
<_io.BytesIO object at 0x0000014EBBD629F0>,0.27627989649772644,0.10040599852800369,-0.060708556324243546,210878,55,4,False,Left,Front,Left,Centre,50
<_io.BytesIO object at 0x0000014EBBD62D60>,0.26382994651794434,0.05156003683805466,0.018190566450357437,210878,55,4,False,Left,Front,Left,Centre,50
<_io.BytesIO object at 0x0000014EBBD62680>,0.23412728309631348,0.11499789357185364,-0.044802963733673096,210878,55,4,False,Left,Front,Left,Centre,50
<_io.BytesIO object at 0x0000014EBBD62DB0>,0.20564277470111847,0.07814756035804749,-0.0713287740945816,210878,55,4,False,Left,Front,Left,Centre,50
<_io.BytesIO object at 0x0000014EBBD62B30>,0.18359363079071045,0.03700444847345352,-0.03657606989145279,210878,55,4,False,Left,Front,Left,Centre,50
<_io.BytesIO object at 0x0000014EB8F29720>,0.5234358310699463,0.08063923567533493,0.233243927359581,210878,55,4,False,Left,Front,Left,Centre,50
<_io.BytesIO object at 0x0000014EB8F29360>,0.494159072637558,0.14623519778251648,0.3191729784011841,210878,55,4,False,Left,Front,Left,Centre,50
<_io.BytesIO object at 0x0000014EB8F29540>,0.5068265795707703,0.15525667369365692,0.22680416703224182,210878,55,4,False,Left,Front,Left,Centre,50
<_io.BytesIO object at 0x0000014EB8F29680>,0.5410507917404175,0.1219787523150444,0.2366405576467514,210878,55,4,False,Left,Front,Left,Centre,50
<_io.BytesIO object at 0x0000014EB8F297C0>,0.512707531452179,0.05468113347887993,0.2871730327606201,210878,55,4,False,Left,Front,Left,Centre,50
<_io.BytesIO object at 0x0000014EB8F37360>,0.2765771448612213,0.10075622797012329,-0.060497354716062546,210879,55,4,False,Left,Front,Left,Centre,50
<_io.BytesIO object at 0x0000014EBBCA7770>,0.2642878592014313,0.05155928060412407,0.018420137465000153,210879,55,4,False,Left,Front,Left,Centre,50
<_io.BytesIO object at 0x0000014EBBCA7F90>,0.23465950787067413,0.11554063111543655,-0.04422832280397415,210879,55,4,False,Left,Front,Left,Centre,50
<_io.BytesIO object at 0x0000014EBBCA7E50>,0.20566819608211517,0.07880685478448868,-0.07063611596822739,210879,55,4,False,Left,Front,Left,Centre,50
<_io.BytesIO object at 0x0000014EB8F37630>,0.18368445336818695,0.0377795472741127,-0.03605448454618454,210879,55,4,False,Left,Front,Left,Centre,50
<_io.BytesIO object at 0x0000014EB8F37AE0>,0.5234358310699463,0.08063923567533493,0.233243927359581,210879,55,4,False,Left,Front,Left,Centre,50
<_io.BytesIO object at 0x0000014EB8F37900>,0.494159072637558,0.14623519778251648,0.3191729784011841,210879,55,4,False,Left,Front,Left,Centre,50
<_io.BytesIO object at 0x0000014EB8F37400>,0.5068265795707703,0.15525667369365692,0.22680416703224182,210879,55,4,False,Left,Front,Left,Centre,50
<_io.BytesIO object at 0x0000014EB8F37A90>,0.5410507917404175,0.1219787523150444,0.2366405576467514,210879,55,4,False,Left,Front,Left,Centre,50
<_io.BytesIO object at 0x0000014EB8F374F0>,0.512707531452179,0.05468113347887993,0.2871730327606201,210879,55,4,False,Left,Front,Left,Centre,50
<_io.BytesIO object at 0x0000014EBBD62BD0>,0.27684491872787476,0.10100726038217545,-0.060366008430719376,210880,55,4,False,Left,Front,Left,Centre,50
<_io.BytesIO object at 0x0000014EBBD629F0>,0.2647460699081421,0.05147150158882141,0.018654821440577507,210880,55,4,False,Left,Front,Left,Centre,50
<_io.BytesIO object at 0x0000014EBBD62950>,0.2350282073020935,0.11597919464111328,-0.0438176766037941,210880,55,4,False,Left,Front,Left,Centre,50
<_io.BytesIO object at 0x0000014EB4345360>,0.20579729974269867,0.07941531389951706,-0.06994997709989548,210880,55,4,False,Left,Front,Left,Centre,50
<_io.BytesIO object at 0x0000014EBBC904A0>,0.18381443619728088,0.03854956105351448,-0.03560289368033409,210880,55,4,False,Left,Front,Left,Centre,50
<_io.BytesIO object at 0x0000014EBBC90630>,0.5234358310699463,0.08063923567533493,0.233243927359581,210880,55,4,False,Left,Front,Left,Centre,50
<_io.BytesIO object at 0x0000014EBBC90A40>,0.494159072637558,0.14623519778251648,0.3191729784011841,210880,55,4,False,Left,Front,Left,Centre,50
<_io.BytesIO object at 0x0000014EBBC902C0>,0.5068265795707703,0.15525667369365692,0.22680416703224182,210880,55,4,False,Left,Front,Left,Centre,50
<_io.BytesIO object at 0x0000014EBBC90D60>,0.5410507917404175,0.1219787523150444,0.2366405576467514,210880,55,4,False,Left,Front,Left,Centre,50
<_io.BytesIO object at 0x0000014EBBC909A0>,0.512707531452179,0.05468113347887993,0.2871730327606201,210880,55,4,False,Left,Front,Left,Centre,50
<_io.BytesIO object at 0x0000014EBBCA36D0>,0.2770722508430481,0.10123489052057266,-0.06026315689086914,210881,55,4,False,Left,Front,Left,Centre,50
<_io.BytesIO object at 0x0000014EBBCA3810>,0.2651359438896179,0.05150739476084709,0.018772607669234276,210881,55,4,False,Left,Front,Left,Centre,50
<_io.BytesIO object at 0x0000014EBBCA3BD0>,0.23543807864189148,0.11640366166830063,-0.04341665282845497,210881,55,4,False,Left,Front,Left,Centre,50
<_io.BytesIO object at 0x0000014EBBCA3C20>,0.20585252344608307,0.079921193420887,-0.06937462091445923,210881,55,4,False,Left,Front,Left,Centre,50
<_io.BytesIO object at 0x0000014EB8F2D540>,0.18394142389297485,0.03924286365509033,-0.035249244421720505,210881,55,4,False,Left,Front,Left,Centre,50
<_io.BytesIO object at 0x0000014EB8F2D860>,0.5234358310699463,0.08063923567533493,0.233243927359581,210881,55,4,False,Left,Front,Left,Centre,50
<_io.BytesIO object at 0x0000014EB8F2DA90>,0.494159072637558,0.14623519778251648,0.3191729784011841,210881,55,4,False,Left,Front,Left,Centre,50
<_io.BytesIO object at 0x0000014EB8F2D400>,0.5068265795707703,0.15525667369365692,0.22680416703224182,210881,55,4,False,Left,Front,Left,Centre,50
<_io.BytesIO object at 0x0000014EB8F2DE00>,0.5410507917404175,0.1219787523150444,0.2366405576467514,210881,55,4,False,Left,Front,Left,Centre,50
<_io.BytesIO object at 0x0000014EB8F2DAE0>,0.512707531452179,0.05468113347887993,0.2871730327606201,210881,55,4,False,Left,Front,Left,Centre,50
<_io.BytesIO object at 0x0000014EBBC92A40>,0.2772684693336487,0.10144533216953278,-0.06016986817121506,210882,55,4,False,Left,Front,Left,Centre,50
<_io.BytesIO object at 0x0000014EBBC92220>,0.2655348479747772,0.051469117403030396,0.018944885581731796,210882,55,4,False,Left,Front,Left,Centre,50
<_io.BytesIO object at 0x0000014EBBCB9EA0>,0.2358425259590149,0.11685679107904434,-0.04306183010339737,210882,55,4,False,Left,Front,Left,Centre,50
<_io.BytesIO object at 0x0000014EBBCB94F0>,0.20592458546161652,0.0803736075758934,-0.06882119178771973,210882,55,4,False,Left,Front,Left,Centre,50
<_io.BytesIO object at 0x0000014EBBCB9AE0>,0.18405582010746002,0.039924923330545425,-0.034830112010240555,210882,55,4,False,Left,Front,Left,Centre,50
<_io.BytesIO object at 0x0000014EBBCB9DB0>,0.5234358310699463,0.08063923567533493,0.233243927359581,210882,55,4,False,Left,Front,Left,Centre,50
<_io.BytesIO object at 0x0000014EBBCB9900>,0.494159072637558,0.14623519778251648,0.3191729784011841,210882,55,4,False,Left,Front,Left,Centre,50
<_io.BytesIO object at 0x0000014EBBCB9180>,0.5068265795707703,0.15525667369365692,0.22680416703224182,210882,55,4,False,Left,Front,Left,Centre,50
<_io.BytesIO object at 0x0000014EBBCB9720>,0.5410507917404175,0.1219787523150444,0.2366405576467514,210882,55,4,False,Left,Front,Left,Centre,50
<_io.BytesIO object at 0x0000014EBBD39220>,0.512707531452179,0.05468113347887993,0.2871730327606201,210882,55,4,False,Left,Front,Left,Centre,50
<_io.BytesIO object at 0x0000014EBBD46810>,0.2774454355239868,0.1015859991312027,-0.06007283180952072,210883,55,4,False,Left,Front,Left,Centre,50
<_io.BytesIO object at 0x0000014EBBD669A0>,0.26590320467948914,0.05140341818332672,0.019122973084449768,210883,55,4,False,Left,Front,Left,Centre,50
<_io.BytesIO object at 0x0000014EBBD66270>,0.23621103167533875,0.11709938198328018,-0.042766131460666656,210883,55,4,False,Left,Front,Left,Centre,50
<_io.BytesIO object at 0x0000014EBBD66310>,0.20597471296787262,0.08078350871801376,-0.0683346539735794,210883,55,4,False,Left,Front,Left,Centre,50
<_io.BytesIO object at 0x0000014EBBD66590>,0.18417514860630035,0.04041780158877373,-0.03450359031558037,210883,55,4,False,Left,Front,Left,Centre,50
<_io.BytesIO object at 0x0000014EBBD66400>,0.5234358310699463,0.08063923567533493,0.233243927359581,210883,55,4,False,Left,Front,Left,Centre,50
<_io.BytesIO object at 0x0000014EBBD66F90>,0.494159072637558,0.14623519778251648,0.3191729784011841,210883,55,4,False,Left,Front,Left,Centre,50
<_io.BytesIO object at 0x0000014EBBCA7770>,0.5068265795707703,0.15525667369365692,0.22680416703224182,210883,55,4,False,Left,Front,Left,Centre,50
<_io.BytesIO object at 0x0000014EBBCA7310>,0.5410507917404175,0.1219787523150444,0.2366405576467514,210883,55,4,False,Left,Front,Left,Centre,50
<_io.BytesIO object at 0x0000014EBBCA74F0>,0.512707531452179,0.05468113347887993,0.2871730327606201,210883,55,4,False,Left,Front,Left,Centre,50
<_io.BytesIO object at 0x0000014EBBD46450>,0.2776568830013275,0.10178601741790771,-0.05988212674856186,210884,55,4,False,Left,Front,Left,Centre,50
<_io.BytesIO object at 0x0000014EBBD46400>,0.2662610113620758,0.05129089578986168,0.0191976148635149,210884,55,4,False,Left,Front,Left,Centre,50
<_io.BytesIO object at 0x0000014EBBD46BD0>,0.23644185066223145,0.11733392626047134,-0.04241865873336792,210884,55,4,False,Left,Front,Left,Centre,50
<_io.BytesIO object at 0x0000014EBBD46E00>,0.20600736141204834,0.0811268538236618,-0.06785344332456589,210884,55,4,False,Left,Front,Left,Centre,50
<_io.BytesIO object at 0x0000014EBBD46D10>,0.1842421293258667,0.040909089148044586,-0.03412323817610741,210884,55,4,False,Left,Front,Left,Centre,50
<_io.BytesIO object at 0x0000014EBBD39F40>,0.5234358310699463,0.08063923567533493,0.233243927359581,210884,55,4,False,Left,Front,Left,Centre,50
<_io.BytesIO object at 0x0000014EBBD395E0>,0.494159072637558,0.14623519778251648,0.3191729784011841,210884,55,4,False,Left,Front,Left,Centre,50
<_io.BytesIO object at 0x0000014EBBD39BD0>,0.5068265795707703,0.15525667369365692,0.22680416703224182,210884,55,4,False,Left,Front,Left,Centre,50
<_io.BytesIO object at 0x0000014EBBD397C0>,0.5410507917404175,0.1219787523150444,0.2366405576467514,210884,55,4,False,Left,Front,Left,Centre,50
<_io.BytesIO object at 0x0000014EBBD39A90>,0.512707531452179,0.05468113347887993,0.2871730327606201,210884,55,4,False,Left,Front,Left,Centre,50
<_io.BytesIO object at 0x0000014EBBC92BD0>,0.27775490283966064,0.10192602872848511,-0.0598173588514328,210885,55,4,False,Left,Front,Left,Centre,50
<_io.BytesIO object at 0x0000014EBBC92400>,0.2666091024875641,0.051187507808208466,0.019230680540204048,210885,55,4,False,Left,Front,Left,Centre,50
<_io.BytesIO object at 0x0000014EBBD6E4F0>,0.23668357729911804,0.1175185814499855,-0.04215596243739128,210885,55,4,False,Left,Front,Left,Centre,50
<_io.BytesIO object at 0x0000014EBBD6EB80>,0.20602700114250183,0.08138497173786163,-0.067383773624897,210885,55,4,False,Left,Front,Left,Centre,50
<_io.BytesIO object at 0x0000014EBBD6EA90>,0.1843104511499405,0.04126378521323204,-0.03377121686935425,210885,55,4,False,Left,Front,Left,Centre,50
<_io.BytesIO object at 0x0000014EBBD6E8B0>,0.5234358310699463,0.08063923567533493,0.233243927359581,210885,55,4,False,Left,Front,Left,Centre,50
<_io.BytesIO object at 0x0000014EBBD6EF90>,0.494159072637558,0.14623519778251648,0.3191729784011841,210885,55,4,False,Left,Front,Left,Centre,50
<_io.BytesIO object at 0x0000014EBBD6EE00>,0.5068265795707703,0.15525667369365692,0.22680416703224182,210885,55,4,False,Left,Front,Left,Centre,50
<_io.BytesIO object at 0x0000014EBBD6E7C0>,0.5410507917404175,0.1219787523150444,0.2366405576467514,210885,55,4,False,Left,Front,Left,Centre,50
<_io.BytesIO object at 0x0000014EBBD6E360>,0.512707531452179,0.05468113347887993,0.2871730327606201,210885,55,4,False,Left,Front,Left,Centre,50
<_io.BytesIO object at 0x0000014EBBCA3D10>,0.27783411741256714,0.10207153111696243,-0.05981443449854851,210886,55,4,False,Left,Front,Left,Centre,50
<_io.BytesIO object at 0x0000014EB8F5FC20>,0.2668912410736084,0.051141686737537384,0.019291700795292854,210886,55,4,False,Left,Front,Left,Centre,50
<_io.BytesIO object at 0x0000014EB8F5F950>,0.23686303198337555,0.11771702021360397,-0.04188449680805206,210886,55,4,False,Left,Front,Left,Centre,50
<_io.BytesIO object at 0x0000014EB8F5FE00>,0.20602674782276154,0.08160382509231567,-0.06702543050050735,210886,55,4,False,Left,Front,Left,Centre,50
<_io.BytesIO object at 0x0000014EB8F5F3B0>,0.18437732756137848,0.04164111986756325,-0.03349827229976654,210886,55,4,False,Left,Front,Left,Centre,50
<_io.BytesIO object at 0x0000014EB8F5FC70>,0.5234358310699463,0.08063923567533493,0.233243927359581,210886,55,4,False,Left,Front,Left,Centre,50
<_io.BytesIO object at 0x0000014EB8F5F7C0>,0.494159072637558,0.14623519778251648,0.3191729784011841,210886,55,4,False,Left,Front,Left,Centre,50
<_io.BytesIO object at 0x0000014EBBD318B0>,0.5068265795707703,0.15525667369365692,0.22680416703224182,210886,55,4,False,Left,Front,Left,Centre,50
<_io.BytesIO object at 0x0000014EBBD31B30>,0.5410507917404175,0.1219787523150444,0.2366405576467514,210886,55,4,False,Left,Front,Left,Centre,50
<_io.BytesIO object at 0x0000014EBBD31DB0>,0.512707531452179,0.05468113347887993,0.2871730327606201,210886,55,4,False,Left,Front,Left,Centre,50
<_io.BytesIO object at 0x0000014EBBD62F90>,0.27786657214164734,0.10214944183826447,-0.059825599193573,210887,55,4,False,Left,Front,Left,Centre,50
<_io.BytesIO object at 0x0000014EBBD62450>,0.2671138048171997,0.05109996348619461,0.019343554973602295,210887,55,4,False,Left,Front,Left,Centre,50
<_io.BytesIO object at 0x0000014EB8F29810>,0.23696894943714142,0.11785722523927689,-0.04172610118985176,210887,55,4,False,Left,Front,Left,Centre,50
<_io.BytesIO object at 0x0000014EB8F29630>,0.2059764862060547,0.0817851573228836,-0.06668666005134583,210887,55,4,False,Left,Front,Left,Centre,50
<_io.BytesIO object at 0x0000014EB8F29B80>,0.18439093232154846,0.04194849357008934,-0.03330875188112259,210887,55,4,False,Left,Front,Left,Centre,50
<_io.BytesIO object at 0x0000014EB8F29E50>,0.5234358310699463,0.08063923567533493,0.233243927359581,210887,55,4,False,Left,Front,Left,Centre,50
<_io.BytesIO object at 0x0000014EB8F29A90>,0.494159072637558,0.14623519778251648,0.3191729784011841,210887,55,4,False,Left,Front,Left,Centre,50
<_io.BytesIO object at 0x0000014EBBCBDC70>,0.5068265795707703,0.15525667369365692,0.22680416703224182,210887,55,4,False,Left,Front,Left,Centre,50
<_io.BytesIO object at 0x0000014EBBCBD860>,0.5410507917404175,0.1219787523150444,0.2366405576467514,210887,55,4,False,Left,Front,Left,Centre,50
<_io.BytesIO object at 0x0000014EBBCBDB80>,0.512707531452179,0.05468113347887993,0.2871730327606201,210887,55,4,False,Left,Front,Left,Centre,50
<_io.BytesIO object at 0x0000014EB8F29DB0>,0.2778603732585907,0.10221660137176514,-0.05985980108380318,210888,55,4,False,Left,Front,Left,Centre,50
<_io.BytesIO object at 0x0000014EB8F29EF0>,0.26723402738571167,0.051022615283727646,0.019318008795380592,210888,55,4,False,Left,Front,Left,Centre,50
<_io.BytesIO object at 0x0000014EBBD62EA0>,0.23705224692821503,0.11798051744699478,-0.041616495698690414,210888,55,4,False,Left,Front,Left,Centre,50
<_io.BytesIO object at 0x0000014EBBD62180>,0.205915629863739,0.08192985504865646,-0.06638916581869125,210888,55,4,False,Left,Front,Left,Centre,50
<_io.BytesIO object at 0x0000014EBBD62900>,0.1843569278717041,0.04222805052995682,-0.03309321030974388,210888,55,4,False,Left,Front,Left,Centre,50
<_io.BytesIO object at 0x0000014EBBD62590>,0.5234358310699463,0.08063923567533493,0.233243927359581,210888,55,4,False,Left,Front,Left,Centre,50
<_io.BytesIO object at 0x0000014EBBD62E50>,0.494159072637558,0.14623519778251648,0.3191729784011841,210888,55,4,False,Left,Front,Left,Centre,50
<_io.BytesIO object at 0x0000014EB4345400>,0.5068265795707703,0.15525667369365692,0.22680416703224182,210888,55,4,False,Left,Front,Left,Centre,50
<_io.BytesIO object at 0x0000014EBBC90F90>,0.5410507917404175,0.1219787523150444,0.2366405576467514,210888,55,4,False,Left,Front,Left,Centre,50
<_io.BytesIO object at 0x0000014EBBC90F40>,0.512707531452179,0.05468113347887993,0.2871730327606201,210888,55,4,False,Left,Front,Left,Centre,50
<_io.BytesIO object at 0x0000014EBBCA36D0>,0.27776312828063965,0.10222875326871872,-0.06006823852658272,210889,55,4,False,Left,Front,Left,Centre,50
<_io.BytesIO object at 0x0000014EBBCA3270>,0.26733940839767456,0.05092060938477516,0.019307956099510193,210889,55,4,False,Left,Front,Left,Centre,50
<_io.BytesIO object at 0x0000014EB8F2D9F0>,0.23711685836315155,0.1180410161614418,-0.041487567126750946,210889,55,4,False,Left,Front,Left,Centre,50
<_io.BytesIO object at 0x0000014EB8F2D590>,0.20582933723926544,0.08204668760299683,-0.06615937501192093,210889,55,4,False,Left,Front,Left,Centre,50
<_io.BytesIO object at 0x0000014EB8F2D400>,0.18432970345020294,0.042463548481464386,-0.03290754556655884,210889,55,4,False,Left,Front,Left,Centre,50
<_io.BytesIO object at 0x0000014EB8F2D630>,0.5234358310699463,0.08063923567533493,0.233243927359581,210889,55,4,False,Left,Front,Left,Centre,50
<_io.BytesIO object at 0x0000014EB8F2D220>,0.494159072637558,0.14623519778251648,0.3191729784011841,210889,55,4,False,Left,Front,Left,Centre,50
<_io.BytesIO object at 0x0000014EB8F2D450>,0.5068265795707703,0.15525667369365692,0.22680416703224182,210889,55,4,False,Left,Front,Left,Centre,50
<_io.BytesIO object at 0x0000014EB8F2D040>,0.5410507917404175,0.1219787523150444,0.2366405576467514,210889,55,4,False,Left,Front,Left,Centre,50
<_io.BytesIO object at 0x0000014EBBD6E220>,0.512707531452179,0.05468113347887993,0.2871730327606201,210889,55,4,False,Left,Front,Left,Centre,50
<_io.BytesIO object at 0x0000014EBBC926D0>,0.2777251601219177,0.10225987434387207,-0.06013021990656853,210890,55,4,False,Left,Front,Left,Centre,50
<_io.BytesIO object at 0x0000014EBBD39630>,0.26743581891059875,0.05086851119995117,0.019281307235360146,210890,55,4,False,Left,Front,Left,Centre,50
<_io.BytesIO object at 0x0000014EBBD39680>,0.23718354105949402,0.11813196539878845,-0.04127536714076996,210890,55,4,False,Left,Front,Left,Centre,50
<_io.BytesIO object at 0x0000014EBBD397C0>,0.2057105451822281,0.08212654292583466,-0.06593973189592361,210890,55,4,False,Left,Front,Left,Centre,50
<_io.BytesIO object at 0x0000014EBBD39A40>,0.1842983216047287,0.042642273008823395,-0.03273555263876915,210890,55,4,False,Left,Front,Left,Centre,50
<_io.BytesIO object at 0x0000014EBBD394A0>,0.5234358310699463,0.08063923567533493,0.233243927359581,210890,55,4,False,Left,Front,Left,Centre,50
<_io.BytesIO object at 0x0000014EBBD39E50>,0.494159072637558,0.14623519778251648,0.3191729784011841,210890,55,4,False,Left,Front,Left,Centre,50
<_io.BytesIO object at 0x0000014EBBD46D10>,0.5068265795707703,0.15525667369365692,0.22680416703224182,210890,55,4,False,Left,Front,Left,Centre,50
<_io.BytesIO object at 0x0000014EBBD46C20>,0.5410507917404175,0.1219787523150444,0.2366405576467514,210890,55,4,False,Left,Front,Left,Centre,50
<_io.BytesIO object at 0x0000014EBBD46DB0>,0.512707531452179,0.05468113347887993,0.2871730327606201,210890,55,4,False,Left,Front,Left,Centre,50
<_io.BytesIO object at 0x0000014EBBCB91D0>,0.2775753140449524,0.10229156166315079,-0.06038014963269234,210891,55,4,False,Left,Front,Left,Centre,50
<_io.BytesIO object at 0x0000014EBBCB95E0>,0.2675444185733795,0.05078766122460365,0.019242960959672928,210891,55,4,False,Left,Front,Left,Centre,50
<_io.BytesIO object at 0x0000014EBBCB94A0>,0.23717492818832397,0.11813613027334213,-0.04136601835489273,210891,55,4,False,Left,Front,Left,Centre,50
<_io.BytesIO object at 0x0000014EBBCB9130>,0.20562662184238434,0.08217314630746841,-0.06574828922748566,210891,55,4,False,Left,Front,Left,Centre,50
<_io.BytesIO object at 0x0000014EBBCA7040>,0.18426789343357086,0.04280853644013405,-0.03258965536952019,210891,55,4,False,Left,Front,Left,Centre,50
<_io.BytesIO object at 0x0000014EBBCA7F90>,0.5234358310699463,0.08063923567533493,0.233243927359581,210891,55,4,False,Left,Front,Left,Centre,50
<_io.BytesIO object at 0x0000014EBBCA7B30>,0.494159072637558,0.14623519778251648,0.3191729784011841,210891,55,4,False,Left,Front,Left,Centre,50
<_io.BytesIO object at 0x0000014EBBCA78B0>,0.5068265795707703,0.15525667369365692,0.22680416703224182,210891,55,4,False,Left,Front,Left,Centre,50
<_io.BytesIO object at 0x0000014EBBCA7DB0>,0.5410507917404175,0.1219787523150444,0.2366405576467514,210891,55,4,False,Left,Front,Left,Centre,50
<_io.BytesIO object at 0x0000014EB8F5F360>,0.512707531452179,0.05468113347887993,0.2871730327606201,210891,55,4,False,Left,Front,Left,Centre,50
<_io.BytesIO object at 0x0000014EB8F5F090>,0.2775305211544037,0.10233047604560852,-0.06045491620898247,210892,55,4,False,Left,Front,Left,Centre,50
<_io.BytesIO object at 0x0000014EB8F5FB30>,0.2676595449447632,0.05068285018205643,0.019179334864020348,210892,55,4,False,Left,Front,Left,Centre,50
<_io.BytesIO object at 0x0000014EBBCA7F40>,0.23718273639678955,0.11818601936101913,-0.041362214833498,210892,55,4,False,Left,Front,Left,Centre,50
<_io.BytesIO object at 0x0000014EBBCA76D0>,0.20553678274154663,0.08222556859254837,-0.06555785983800888,210892,55,4,False,Left,Front,Left,Centre,50
<_io.BytesIO object at 0x0000014EBBCA7B30>,0.18426384031772614,0.042955733835697174,-0.03243529796600342,210892,55,4,False,Left,Front,Left,Centre,50
<_io.BytesIO object at 0x0000014EBBCA7950>,0.5234358310699463,0.08063923567533493,0.233243927359581,210892,55,4,False,Left,Front,Left,Centre,50
<_io.BytesIO object at 0x0000014EBBCA7220>,0.494159072637558,0.14623519778251648,0.3191729784011841,210892,55,4,False,Left,Front,Left,Centre,50
<_io.BytesIO object at 0x0000014EBBCB9400>,0.5068265795707703,0.15525667369365692,0.22680416703224182,210892,55,4,False,Left,Front,Left,Centre,50
<_io.BytesIO object at 0x0000014EBBCB9180>,0.5410507917404175,0.1219787523150444,0.2366405576467514,210892,55,4,False,Left,Front,Left,Centre,50
<_io.BytesIO object at 0x0000014EBBCB91D0>,0.512707531452179,0.05468113347887993,0.2871730327606201,210892,55,4,False,Left,Front,Left,Centre,50
<_io.BytesIO object at 0x0000014EBBD46B80>,0.2774810194969177,0.10240186750888824,-0.06057402864098549,210893,55,4,False,Left,Front,Left,Centre,50
<_io.BytesIO object at 0x0000014EBBD46F40>,0.26777714490890503,0.05054813623428345,0.019086526706814766,210893,55,4,False,Left,Front,Left,Centre,50
<_io.BytesIO object at 0x0000014EBBD461D0>,0.23715490102767944,0.1181350126862526,-0.041404955089092255,210893,55,4,False,Left,Front,Left,Centre,50
<_io.BytesIO object at 0x0000014EBBD39DB0>,0.20541934669017792,0.08226444572210312,-0.0653713271021843,210893,55,4,False,Left,Front,Left,Centre,50
<_io.BytesIO object at 0x0000014EBBD39E50>,0.18428388237953186,0.043098416179418564,-0.03232429549098015,210893,55,4,False,Left,Front,Left,Centre,50
<_io.BytesIO object at 0x0000014EBBD39B30>,0.5234358310699463,0.08063923567533493,0.233243927359581,210893,55,4,False,Left,Front,Left,Centre,50
<_io.BytesIO object at 0x0000014EBBD39BD0>,0.494159072637558,0.14623519778251648,0.3191729784011841,210893,55,4,False,Left,Front,Left,Centre,50
<_io.BytesIO object at 0x0000014EBBD392C0>,0.5068265795707703,0.15525667369365692,0.22680416703224182,210893,55,4,False,Left,Front,Left,Centre,50
<_io.BytesIO object at 0x0000014EBBD39860>,0.5410507917404175,0.1219787523150444,0.2366405576467514,210893,55,4,False,Left,Front,Left,Centre,50
<_io.BytesIO object at 0x0000014EBBD39EA0>,0.512707531452179,0.05468113347887993,0.2871730327606201,210893,55,4,False,Left,Front,Left,Centre,50
<_io.BytesIO object at 0x0000014EBBD6E450>,0.27734750509262085,0.10231279581785202,-0.06082780659198761,210894,55,4,False,Left,Front,Left,Centre,50
<_io.BytesIO object at 0x0000014EBBD6E130>,0.2679036259651184,0.05045536905527115,0.01903512142598629,210894,55,4,False,Left,Front,Left,Centre,50
<_io.BytesIO object at 0x0000014EB8F2D680>,0.23719538748264313,0.11818921566009521,-0.04140810668468475,210894,55,4,False,Left,Front,Left,Centre,50
<_io.BytesIO object at 0x0000014EB8F2D450>,0.20535244047641754,0.08228029310703278,-0.06523130089044571,210894,55,4,False,Left,Front,Left,Centre,50
<_io.BytesIO object at 0x0000014EB8F2DC20>,0.18431496620178223,0.04317929223179817,-0.03224286437034607,210894,55,4,False,Left,Front,Left,Centre,50
<_io.BytesIO object at 0x0000014EB8F2DE00>,0.5234358310699463,0.08063923567533493,0.233243927359581,210894,55,4,False,Left,Front,Left,Centre,50
<_io.BytesIO object at 0x0000014EB8F2D7C0>,0.494159072637558,0.14623519778251648,0.3191729784011841,210894,55,4,False,Left,Front,Left,Centre,50
<_io.BytesIO object at 0x0000014EB8F2DF40>,0.5068265795707703,0.15525667369365692,0.22680416703224182,210894,55,4,False,Left,Front,Left,Centre,50
<_io.BytesIO object at 0x0000014EB8F2D540>,0.5410507917404175,0.1219787523150444,0.2366405576467514,210894,55,4,False,Left,Front,Left,Centre,50
<_io.BytesIO object at 0x0000014EBBCA3270>,0.512707531452179,0.05468113347887993,0.2871730327606201,210894,55,4,False,Left,Front,Left,Centre,50
<_io.BytesIO object at 0x0000014EBBC90E00>,0.2772529125213623,0.10229682922363281,-0.061045143753290176,210895,55,4,False,Left,Front,Left,Centre,50
<_io.BytesIO object at 0x0000014EBBC90E50>,0.2680656313896179,0.05035807937383652,0.018995802849531174,210895,55,4,False,Left,Front,Left,Centre,50
<_io.BytesIO object at 0x0000014EB4345400>,0.23721517622470856,0.11820705235004425,-0.041383057832717896,210895,55,4,False,Left,Front,Left,Centre,50
<_io.BytesIO object at 0x0000014EBBD629A0>,0.20529551804065704,0.08230486512184143,-0.0650937482714653,210895,55,4,False,Left,Front,Left,Centre,50
<_io.BytesIO object at 0x0000014EBBD62E50>,0.1843465119600296,0.043260328471660614,-0.03216831386089325,210895,55,4,False,Left,Front,Left,Centre,50
<_io.BytesIO object at 0x0000014EBBD62CC0>,0.5234358310699463,0.08063923567533493,0.233243927359581,210895,55,4,False,Left,Front,Left,Centre,50
<_io.BytesIO object at 0x0000014EBBD624F0>,0.494159072637558,0.14623519778251648,0.3191729784011841,210895,55,4,False,Left,Front,Left,Centre,50
<_io.BytesIO object at 0x0000014EBBD62F40>,0.5068265795707703,0.15525667369365692,0.22680416703224182,210895,55,4,False,Left,Front,Left,Centre,50
<_io.BytesIO object at 0x0000014EBBD62720>,0.5410507917404175,0.1219787523150444,0.2366405576467514,210895,55,4,False,Left,Front,Left,Centre,50
<_io.BytesIO object at 0x0000014EBBD62F90>,0.512707531452179,0.05468113347887993,0.2871730327606201,210895,55,4,False,Left,Front,Left,Centre,50
<_io.BytesIO object at 0x0000014EB8F37E50>,0.277364581823349,0.10240834951400757,-0.06084170937538147,210896,55,4,False,Left,Front,Left,Centre,50
<_io.BytesIO object at 0x0000014EB8F37130>,0.2682361304759979,0.05026707798242569,0.018943212926387787,210896,55,4,False,Left,Front,Left,Centre,50
<_io.BytesIO object at 0x0000014EB8F376D0>,0.23726172745227814,0.11826282739639282,-0.04129612073302269,210896,55,4,False,Left,Front,Left,Centre,50
<_io.BytesIO object at 0x0000014EB8F373B0>,0.20522120594978333,0.08233702182769775,-0.06489889323711395,210896,55,4,False,Left,Front,Left,Centre,50
<_io.BytesIO object at 0x0000014EBBCBD7C0>,0.184370219707489,0.043359145522117615,-0.03204471245408058,210896,55,4,False,Left,Front,Left,Centre,50
<_io.BytesIO object at 0x0000014EBBCBD9A0>,0.5234358310699463,0.08063923567533493,0.233243927359581,210896,55,4,False,Left,Front,Left,Centre,50
<_io.BytesIO object at 0x0000014EBBCBD450>,0.494159072637558,0.14623519778251648,0.3191729784011841,210896,55,4,False,Left,Front,Left,Centre,50
<_io.BytesIO object at 0x0000014EBBCBD860>,0.5068265795707703,0.15525667369365692,0.22680416703224182,210896,55,4,False,Left,Front,Left,Centre,50
<_io.BytesIO object at 0x0000014EBBCBD810>,0.5410507917404175,0.1219787523150444,0.2366405576467514,210896,55,4,False,Left,Front,Left,Centre,50
<_io.BytesIO object at 0x0000014EBBD62F90>,0.512707531452179,0.05468113347887993,0.2871730327606201,210896,55,4,False,Left,Front,Left,Centre,50
<_io.BytesIO object at 0x0000014EBBD319A0>,0.2773221731185913,0.1023579090833664,-0.061030395328998566,210897,55,4,False,Left,Front,Left,Centre,50
<_io.BytesIO object at 0x0000014EBBCA39F0>,0.268440306186676,0.05012811720371246,0.018854720517992973,210897,55,4,False,Left,Front,Left,Centre,50
<_io.BytesIO object at 0x0000014EBBCA3C70>,0.23729348182678223,0.11827694624662399,-0.04125921428203583,210897,55,4,False,Left,Front,Left,Centre,50
<_io.BytesIO object at 0x0000014EBBCA3CC0>,0.20514406263828278,0.08232877403497696,-0.06474089622497559,210897,55,4,False,Left,Front,Left,Centre,50
<_io.BytesIO object at 0x0000014EBBCA3B80>,0.18439704179763794,0.043430350720882416,-0.031947024166584015,210897,55,4,False,Left,Front,Left,Centre,50
<_io.BytesIO object at 0x0000014EBBCA3860>,0.5234358310699463,0.08063923567533493,0.233243927359581,210897,55,4,False,Left,Front,Left,Centre,50
<_io.BytesIO object at 0x0000014EBBCA3AE0>,0.494159072637558,0.14623519778251648,0.3191729784011841,210897,55,4,False,Left,Front,Left,Centre,50
<_io.BytesIO object at 0x0000014EBBCA36D0>,0.5068265795707703,0.15525667369365692,0.22680416703224182,210897,55,4,False,Left,Front,Left,Centre,50
<_io.BytesIO object at 0x0000014EB8F2D590>,0.5410507917404175,0.1219787523150444,0.2366405576467514,210897,55,4,False,Left,Front,Left,Centre,50
<_io.BytesIO object at 0x0000014EB8F2D540>,0.512707531452179,0.05468113347887993,0.2871730327606201,210897,55,4,False,Left,Front,Left,Centre,50
<_io.BytesIO object at 0x0000014EBBD39680>,0.277302622795105,0.10242955386638641,-0.06109504774212837,210898,55,4,False,Left,Front,Left,Centre,50
<_io.BytesIO object at 0x0000014EBBD39810>,0.26862218976020813,0.04992084205150604,0.01870313659310341,210898,55,4,False,Left,Front,Left,Centre,50
<_io.BytesIO object at 0x0000014EBBD39270>,0.23734042048454285,0.11829201877117157,-0.04124040529131889,210898,55,4,False,Left,Front,Left,Centre,50
<_io.BytesIO object at 0x0000014EBBD39A40>,0.20509231090545654,0.08235825598239899,-0.06458338350057602,210898,55,4,False,Left,Front,Left,Centre,50
<_io.BytesIO object at 0x0000014EBBD39040>,0.18443575501441956,0.04352475330233574,-0.031832218170166016,210898,55,4,False,Left,Front,Left,Centre,50
<_io.BytesIO object at 0x0000014EBBD39DB0>,0.5234358310699463,0.08063923567533493,0.233243927359581,210898,55,4,False,Left,Front,Left,Centre,50
<_io.BytesIO object at 0x0000014EBBD667C0>,0.494159072637558,0.14623519778251648,0.3191729784011841,210898,55,4,False,Left,Front,Left,Centre,50
<_io.BytesIO object at 0x0000014EBBD66CC0>,0.5068265795707703,0.15525667369365692,0.22680416703224182,210898,55,4,False,Left,Front,Left,Centre,50
<_io.BytesIO object at 0x0000014EBBD665E0>,0.5410507917404175,0.1219787523150444,0.2366405576467514,210898,55,4,False,Left,Front,Left,Centre,50
<_io.BytesIO object at 0x0000014EBBD664A0>,0.512707531452179,0.05468113347887993,0.2871730327606201,210898,55,4,False,Left,Front,Left,Centre,50
<_io.BytesIO object at 0x0000014EBBD46400>,0.27725091576576233,0.10240798443555832,-0.061244335025548935,210899,55,4,False,Left,Front,Left,Centre,50
<_io.BytesIO object at 0x0000014EBBD46720>,0.26887014508247375,0.04970390722155571,0.018599214032292366,210899,55,4,False,Left,Front,Left,Centre,50
<_io.BytesIO object at 0x0000014EBBD466D0>,0.23738783597946167,0.11830825358629227,-0.04121078923344612,210899,55,4,False,Left,Front,Left,Centre,50
<_io.BytesIO object at 0x0000014EB8F37270>,0.20501762628555298,0.08239428699016571,-0.06444817781448364,210899,55,4,False,Left,Front,Left,Centre,50
<_io.BytesIO object at 0x0000014EB8F37E00>,0.18447043001651764,0.043628424406051636,-0.03171921893954277,210899,55,4,False,Left,Front,Left,Centre,50
<_io.BytesIO object at 0x0000014EB8F37EA0>,0.5234358310699463,0.08063923567533493,0.233243927359581,210899,55,4,False,Left,Front,Left,Centre,50
<_io.BytesIO object at 0x0000014EB8F37C20>,0.494159072637558,0.14623519778251648,0.3191729784011841,210899,55,4,False,Left,Front,Left,Centre,50
<_io.BytesIO object at 0x0000014EB8F37400>,0.5068265795707703,0.15525667369365692,0.22680416703224182,210899,55,4,False,Left,Front,Left,Centre,50
<_io.BytesIO object at 0x0000014EB8F37860>,0.5410507917404175,0.1219787523150444,0.2366405576467514,210899,55,4,False,Left,Front,Left,Centre,50
<_io.BytesIO object at 0x0000014EB8F37810>,0.512707531452179,0.05468113347887993,0.2871730327606201,210899,55,4,False,Left,Front,Left,Centre,50
<_io.BytesIO object at 0x0000014EBBC92810>,0.2771950364112854,0.10235699266195297,-0.061492957174777985,210900,55,4,False,Left,Front,Left,Centre,50
<_io.BytesIO object at 0x0000014EBBC926D0>,0.2691386044025421,0.04951832816004753,0.018560808151960373,210900,55,4,False,Left,Front,Left,Centre,50
<_io.BytesIO object at 0x0000014EB8F29450>,0.2374318242073059,0.1183050125837326,-0.041178714483976364,210900,55,4,False,Left,Front,Left,Centre,50
<_io.BytesIO object at 0x0000014EB8F29680>,0.2049494981765747,0.08241291344165802,-0.06430042535066605,210900,55,4,False,Left,Front,Left,Centre,50
<_io.BytesIO object at 0x0000014EB8F29720>,0.18450838327407837,0.04371437430381775,-0.03160271421074867,210900,55,4,False,Left,Front,Left,Centre,50
<_io.BytesIO object at 0x0000014EB8F29180>,0.5234358310699463,0.08063923567533493,0.233243927359581,210900,55,4,False,Left,Front,Left,Centre,50
<_io.BytesIO object at 0x0000014EB8F29DB0>,0.494159072637558,0.14623519778251648,0.3191729784011841,210900,55,4,False,Left,Front,Left,Centre,50
<_io.BytesIO object at 0x0000014EB8F294A0>,0.5068265795707703,0.15525667369365692,0.22680416703224182,210900,55,4,False,Left,Front,Left,Centre,50
<_io.BytesIO object at 0x0000014EBBCA7BD0>,0.5410507917404175,0.1219787523150444,0.2366405576467514,210900,55,4,False,Left,Front,Left,Centre,50
<_io.BytesIO object at 0x0000014EBBCA7450>,0.512707531452179,0.05468113347887993,0.2871730327606201,210900,55,4,False,Left,Front,Left,Centre,50
<_io.BytesIO object at 0x0000014EBBC92BD0>,0.2771502733230591,0.10234393924474716,-0.06163885444402695,210901,55,4,False,Left,Front,Left,Centre,50
<_io.BytesIO object at 0x0000014EB8F5F450>,0.2693597078323364,0.04934025928378105,0.018459472805261612,210901,55,4,False,Left,Front,Left,Centre,50
<_io.BytesIO object at 0x0000014EB8F5FC20>,0.2374666929244995,0.11827455461025238,-0.04112496227025986,210901,55,4,False,Left,Front,Left,Centre,50
<_io.BytesIO object at 0x0000014EB8F5FE00>,0.20486362278461456,0.08242190629243851,-0.06413529068231583,210901,55,4,False,Left,Front,Left,Centre,50
<_io.BytesIO object at 0x0000014EB8F5F3B0>,0.18454793095588684,0.04380855709314346,-0.031441234052181244,210901,55,4,False,Left,Front,Left,Centre,50
<_io.BytesIO object at 0x0000014EB8F5F090>,0.5234358310699463,0.08063923567533493,0.233243927359581,210901,55,4,False,Left,Front,Left,Centre,50
<_io.BytesIO object at 0x0000014EB8F5F400>,0.494159072637558,0.14623519778251648,0.3191729784011841,210901,55,4,False,Left,Front,Left,Centre,50
<_io.BytesIO object at 0x0000014EB8F37B30>,0.5068265795707703,0.15525667369365692,0.22680416703224182,210901,55,4,False,Left,Front,Left,Centre,50
<_io.BytesIO object at 0x0000014EB8F374F0>,0.5410507917404175,0.1219787523150444,0.2366405576467514,210901,55,4,False,Left,Front,Left,Centre,50
<_io.BytesIO object at 0x0000014EB8F37D10>,0.512707531452179,0.05468113347887993,0.2871730327606201,210901,55,4,False,Left,Front,Left,Centre,50
<_io.BytesIO object at 0x0000014EBBCB9770>,0.27712953090667725,0.10233067721128464,-0.06176877021789551,210902,55,4,False,Left,Front,Left,Centre,50
<_io.BytesIO object at 0x0000014EBBCB9040>,0.2696289122104645,0.04911370202898979,0.01834705099463463,210902,55,4,False,Left,Front,Left,Centre,50
<_io.BytesIO object at 0x0000014EBBCB93B0>,0.2374863177537918,0.11821263283491135,-0.041169632226228714,210902,55,4,False,Left,Front,Left,Centre,50
<_io.BytesIO object at 0x0000014EBBD66950>,0.2047814577817917,0.08240590244531631,-0.06398364901542664,210902,55,4,False,Left,Front,Left,Centre,50
<_io.BytesIO object at 0x0000014EBBD66720>,0.18458648025989532,0.04385470971465111,-0.03132641315460205,210902,55,4,False,Left,Front,Left,Centre,50
<_io.BytesIO object at 0x0000014EBBD66270>,0.5234358310699463,0.08063923567533493,0.233243927359581,210902,55,4,False,Left,Front,Left,Centre,50
<_io.BytesIO object at 0x0000014EBBD66900>,0.494159072637558,0.14623519778251648,0.3191729784011841,210902,55,4,False,Left,Front,Left,Centre,50
<_io.BytesIO object at 0x0000014EBBD66450>,0.5068265795707703,0.15525667369365692,0.22680416703224182,210902,55,4,False,Left,Front,Left,Centre,50
<_io.BytesIO object at 0x0000014EBBD660E0>,0.5410507917404175,0.1219787523150444,0.2366405576467514,210902,55,4,False,Left,Front,Left,Centre,50
<_io.BytesIO object at 0x0000014EBBD66CC0>,0.512707531452179,0.05468113347887993,0.2871730327606201,210902,55,4,False,Left,Front,Left,Centre,50
<_io.BytesIO object at 0x0000014EBBD6EB30>,0.2770775258541107,0.10228326171636581,-0.061958909034729004,210903,55,4,False,Left,Front,Left,Centre,50
<_io.BytesIO object at 0x0000014EBBD6E810>,0.2697135806083679,0.048640403896570206,0.017907658591866493,210903,55,4,False,Left,Front,Left,Centre,50
<_io.BytesIO object at 0x0000014EB8F2DB30>,0.2375142127275467,0.11817032843828201,-0.04115196689963341,210903,55,4,False,Left,Front,Left,Centre,50
<_io.BytesIO object at 0x0000014EB8F2D630>,0.20469188690185547,0.08237016946077347,-0.06385477632284164,210903,55,4,False,Left,Front,Left,Centre,50
<_io.BytesIO object at 0x0000014EB8F2D1D0>,0.18466471135616302,0.04384712502360344,-0.031175943091511726,210903,55,4,False,Left,Front,Left,Centre,50
<_io.BytesIO object at 0x0000014EB8F2D400>,0.5234358310699463,0.08063923567533493,0.233243927359581,210903,55,4,False,Left,Front,Left,Centre,50
<_io.BytesIO object at 0x0000014EB8F2D9F0>,0.494159072637558,0.14623519778251648,0.3191729784011841,210903,55,4,False,Left,Front,Left,Centre,50
<_io.BytesIO object at 0x0000014EB8F2D540>,0.5068265795707703,0.15525667369365692,0.22680416703224182,210903,55,4,False,Left,Front,Left,Centre,50
<_io.BytesIO object at 0x0000014EB8F2D900>,0.5410507917404175,0.1219787523150444,0.2366405576467514,210903,55,4,False,Left,Front,Left,Centre,50
<_io.BytesIO object at 0x0000014EBBCA3D60>,0.512707531452179,0.05468113347887993,0.2871730327606201,210903,55,4,False,Left,Front,Left,Centre,50
<_io.BytesIO object at 0x0000014EBBC90770>,0.2770015299320221,0.1022414118051529,-0.06213677302002907,210904,55,4,False,Left,Front,Left,Centre,50
<_io.BytesIO object at 0x0000014EBBC90270>,0.26997169852256775,0.04839291796088219,0.01773013360798359,210904,55,4,False,Left,Front,Left,Centre,50
<_io.BytesIO object at 0x0000014EB43451D0>,0.23753206431865692,0.11812830716371536,-0.041126761585474014,210904,55,4,False,Left,Front,Left,Centre,50
<_io.BytesIO object at 0x0000014EBBD62770>,0.20460020005702972,0.0823504626750946,-0.06370540708303452,210904,55,4,False,Left,Front,Left,Centre,50
<_io.BytesIO object at 0x0000014EBBD62400>,0.18472570180892944,0.04388108104467392,-0.031041143462061882,210904,55,4,False,Left,Front,Left,Centre,50
<_io.BytesIO object at 0x0000014EBBD62E50>,0.5234358310699463,0.08063923567533493,0.233243927359581,210904,55,4,False,Left,Front,Left,Centre,50
<_io.BytesIO object at 0x0000014EBBD623B0>,0.494159072637558,0.14623519778251648,0.3191729784011841,210904,55,4,False,Left,Front,Left,Centre,50
<_io.BytesIO object at 0x0000014EBBD62A40>,0.5068265795707703,0.15525667369365692,0.22680416703224182,210904,55,4,False,Left,Front,Left,Centre,50
<_io.BytesIO object at 0x0000014EBBD62F40>,0.5410507917404175,0.1219787523150444,0.2366405576467514,210904,55,4,False,Left,Front,Left,Centre,50
<_io.BytesIO object at 0x0000014EBBCBD0E0>,0.512707531452179,0.05468113347887993,0.2871730327606201,210904,55,4,False,Left,Front,Left,Centre,50
<_io.BytesIO object at 0x0000014EBBC90090>,0.276849627494812,0.10208920389413834,-0.06245819851756096,210905,55,4,False,Left,Front,Left,Centre,50
<_io.BytesIO object at 0x0000014EBBC909A0>,0.270224004983902,0.048126742243766785,0.017513612285256386,210905,55,4,False,Left,Front,Left,Centre,50
<_io.BytesIO object at 0x0000014EBBC90AE0>,0.23756486177444458,0.11807608604431152,-0.04111781343817711,210905,55,4,False,Left,Front,Left,Centre,50
<_io.BytesIO object at 0x0000014EBBD31E50>,0.20449700951576233,0.08228527754545212,-0.06360121071338654,210905,55,4,False,Left,Front,Left,Centre,50
<_io.BytesIO object at 0x0000014EBBD31DB0>,0.1847890317440033,0.04386858642101288,-0.030911490321159363,210905,55,4,False,Left,Front,Left,Centre,50
<_io.BytesIO object at 0x0000014EBBD31900>,0.5234358310699463,0.08063923567533493,0.233243927359581,210905,55,4,False,Left,Front,Left,Centre,50
<_io.BytesIO object at 0x0000014EBBCA3590>,0.494159072637558,0.14623519778251648,0.3191729784011841,210905,55,4,False,Left,Front,Left,Centre,50
<_io.BytesIO object at 0x0000014EBBCA3F90>,0.5068265795707703,0.15525667369365692,0.22680416703224182,210905,55,4,False,Left,Front,Left,Centre,50
<_io.BytesIO object at 0x0000014EBBCA3400>,0.5410507917404175,0.1219787523150444,0.2366405576467514,210905,55,4,False,Left,Front,Left,Centre,50
<_io.BytesIO object at 0x0000014EBBCA3CC0>,0.512707531452179,0.05468113347887993,0.2871730327606201,210905,55,4,False,Left,Front,Left,Centre,50
<_io.BytesIO object at 0x0000014EBBD39720>,0.2767660915851593,0.10200604051351547,-0.06269882619380951,210906,55,4,False,Left,Front,Left,Centre,50
<_io.BytesIO object at 0x0000014EBBD392C0>,0.2704065144062042,0.047954902052879333,0.01740715652704239,210906,55,4,False,Left,Front,Left,Centre,50
<_io.BytesIO object at 0x0000014EBBD39310>,0.23757196962833405,0.1179831251502037,-0.041118841618299484,210906,55,4,False,Left,Front,Left,Centre,50
<_io.BytesIO object at 0x0000014EBBD39450>,0.20440615713596344,0.08223950862884521,-0.06348119676113129,210906,55,4,False,Left,Front,Left,Centre,50
<_io.BytesIO object at 0x0000014EBBD666D0>,0.1847911775112152,0.04393710941076279,-0.03071483038365841,210906,55,4,False,Left,Front,Left,Centre,50
<_io.BytesIO object at 0x0000014EBBD667C0>,0.5234358310699463,0.08063923567533493,0.233243927359581,210906,55,4,False,Left,Front,Left,Centre,50
<_io.BytesIO object at 0x0000014EBBD66360>,0.494159072637558,0.14623519778251648,0.3191729784011841,210906,55,4,False,Left,Front,Left,Centre,50
<_io.BytesIO object at 0x0000014EBBD66860>,0.5068265795707703,0.15525667369365692,0.22680416703224182,210906,55,4,False,Left,Front,Left,Centre,50
<_io.BytesIO object at 0x0000014EBBD66900>,0.5410507917404175,0.1219787523150444,0.2366405576467514,210906,55,4,False,Left,Front,Left,Centre,50
<_io.BytesIO object at 0x0000014EBBD669A0>,0.512707531452179,0.05468113347887993,0.2871730327606201,210906,55,4,False,Left,Front,Left,Centre,50
<_io.BytesIO object at 0x0000014EBBD46E00>,0.27671143412590027,0.10189736634492874,-0.06287719309329987,210907,55,4,False,Left,Front,Left,Centre,50
<_io.BytesIO object at 0x0000014EBBD466D0>,0.27058014273643494,0.04780123755335808,0.017309309914708138,210907,55,4,False,Left,Front,Left,Centre,50
<_io.BytesIO object at 0x0000014EB8F5FDB0>,0.23764364421367645,0.11795005947351456,-0.04108913987874985,210907,55,4,False,Left,Front,Left,Centre,50
<_io.BytesIO object at 0x0000014EB8F5FAE0>,0.20428918302059174,0.08219873905181885,-0.06333532929420471,210907,55,4,False,Left,Front,Left,Centre,50
<_io.BytesIO object at 0x0000014EB8F5F2C0>,0.18487387895584106,0.04395249858498573,-0.030544687062501907,210907,55,4,False,Left,Front,Left,Centre,50
<_io.BytesIO object at 0x0000014EB8F5FC20>,0.5234358310699463,0.08063923567533493,0.233243927359581,210907,55,4,False,Left,Front,Left,Centre,50
<_io.BytesIO object at 0x0000014EB8F5F5E0>,0.494159072637558,0.14623519778251648,0.3191729784011841,210907,55,4,False,Left,Front,Left,Centre,50
<_io.BytesIO object at 0x0000014EB8F5F630>,0.5068265795707703,0.15525667369365692,0.22680416703224182,210907,55,4,False,Left,Front,Left,Centre,50
<_io.BytesIO object at 0x0000014EBBC92BD0>,0.5410507917404175,0.1219787523150444,0.2366405576467514,210907,55,4,False,Left,Front,Left,Centre,50
<_io.BytesIO object at 0x0000014EBBC92590>,0.512707531452179,0.05468113347887993,0.2871730327606201,210907,55,4,False,Left,Front,Left,Centre,50
<_io.BytesIO object at 0x0000014EB8F377C0>,0.27663078904151917,0.10175762325525284,-0.06309375911951065,210908,55,4,False,Left,Front,Left,Centre,50
<_io.BytesIO object at 0x0000014EB8F29D10>,0.2707420587539673,0.047630004584789276,0.017167799174785614,210908,55,4,False,Left,Front,Left,Centre,50
<_io.BytesIO object at 0x0000014EB8F29E00>,0.23769265413284302,0.11790148168802261,-0.041096173226833344,210908,55,4,False,Left,Front,Left,Centre,50
<_io.BytesIO object at 0x0000014EB8F29590>,0.20418909192085266,0.0821692943572998,-0.06319195032119751,210908,55,4,False,Left,Front,Left,Centre,50
<_io.BytesIO object at 0x0000014EB8F29CC0>,0.18491297960281372,0.04396791011095047,-0.030390234664082527,210908,55,4,False,Left,Front,Left,Centre,50
<_io.BytesIO object at 0x0000014EB8F29AE0>,0.5234358310699463,0.08063923567533493,0.233243927359581,210908,55,4,False,Left,Front,Left,Centre,50
<_io.BytesIO object at 0x0000014EBBD6E590>,0.494159072637558,0.14623519778251648,0.3191729784011841,210908,55,4,False,Left,Front,Left,Centre,50
<_io.BytesIO object at 0x0000014EBBD6E900>,0.5068265795707703,0.15525667369365692,0.22680416703224182,210908,55,4,False,Left,Front,Left,Centre,50
<_io.BytesIO object at 0x0000014EBBD6E630>,0.5410507917404175,0.1219787523150444,0.2366405576467514,210908,55,4,False,Left,Front,Left,Centre,50
<_io.BytesIO object at 0x0000014EBBD6EF90>,0.512707531452179,0.05468113347887993,0.2871730327606201,210908,55,4,False,Left,Front,Left,Centre,50
<_io.BytesIO object at 0x0000014EBBCBD720>,0.2765910029411316,0.10161365568637848,-0.06330212205648422,210909,55,4,False,Left,Front,Left,Centre,50
<_io.BytesIO object at 0x0000014EBBCBD270>,0.2709589898586273,0.04756994545459747,0.017112595960497856,210909,55,4,False,Left,Front,Left,Centre,50
<_io.BytesIO object at 0x0000014EBBD6E770>,0.23774489760398865,0.1178552657365799,-0.0411183163523674,210909,55,4,False,Left,Front,Left,Centre,50
<_io.BytesIO object at 0x0000014EBBD6ECC0>,0.20410418510437012,0.08213826268911362,-0.06306110322475433,210909,55,4,False,Left,Front,Left,Centre,50
<_io.BytesIO object at 0x0000014EBBD6E180>,0.1849520355463028,0.04398422688245773,-0.03023785725235939,210909,55,4,False,Left,Front,Left,Centre,50
<_io.BytesIO object at 0x0000014EBBD6ED10>,0.5234358310699463,0.08063923567533493,0.233243927359581,210909,55,4,False,Left,Front,Left,Centre,50
<_io.BytesIO object at 0x0000014EBBD6EF40>,0.494159072637558,0.14623519778251648,0.3191729784011841,210909,55,4,False,Left,Front,Left,Centre,50
<_io.BytesIO object at 0x0000014EB8F29AE0>,0.5068265795707703,0.15525667369365692,0.22680416703224182,210909,55,4,False,Left,Front,Left,Centre,50
<_io.BytesIO object at 0x0000014EB8F295E0>,0.5410507917404175,0.1219787523150444,0.2366405576467514,210909,55,4,False,Left,Front,Left,Centre,50
<_io.BytesIO object at 0x0000014EB8F29540>,0.512707531452179,0.05468113347887993,0.2871730327606201,210909,55,4,False,Left,Front,Left,Centre,50
<_io.BytesIO object at 0x0000014EBBC920E0>,0.276595801115036,0.1014772281050682,-0.06338677555322647,210910,55,4,False,Left,Front,Left,Centre,50
<_io.BytesIO object at 0x0000014EBBC925E0>,0.2711416780948639,0.047490596771240234,0.0170523039996624,210910,55,4,False,Left,Front,Left,Centre,50
<_io.BytesIO object at 0x0000014EBBC922C0>,0.2378596067428589,0.11781294643878937,-0.041114456951618195,210910,55,4,False,Left,Front,Left,Centre,50
<_io.BytesIO object at 0x0000014EBBC92400>,0.20402586460113525,0.08211654424667358,-0.0629379004240036,210910,55,4,False,Left,Front,Left,Centre,50
<_io.BytesIO object at 0x0000014EB8F5F040>,0.1849949210882187,0.04398977756500244,-0.030095456168055534,210910,55,4,False,Left,Front,Left,Centre,50
<_io.BytesIO object at 0x0000014EB8F5F720>,0.5234358310699463,0.08063923567533493,0.233243927359581,210910,55,4,False,Left,Front,Left,Centre,50
<_io.BytesIO object at 0x0000014EB8F5F6D0>,0.494159072637558,0.14623519778251648,0.3191729784011841,210910,55,4,False,Left,Front,Left,Centre,50
<_io.BytesIO object at 0x0000014EB8F5FC20>,0.5068265795707703,0.15525667369365692,0.22680416703224182,210910,55,4,False,Left,Front,Left,Centre,50
<_io.BytesIO object at 0x0000014EB8F5FE00>,0.5410507917404175,0.1219787523150444,0.2366405576467514,210910,55,4,False,Left,Front,Left,Centre,50
<_io.BytesIO object at 0x0000014EB8F5F270>,0.512707531452179,0.05468113347887993,0.2871730327606201,210910,55,4,False,Left,Front,Left,Centre,50
<_io.BytesIO object at 0x0000014EBBCB9C20>,0.2765343189239502,0.10130757838487625,-0.0636126846075058,210911,55,4,False,Left,Front,Left,Centre,50
<_io.BytesIO object at 0x0000014EBBCB9950>,0.2713331878185272,0.04736172407865524,0.0169780645519495,210911,55,4,False,Left,Front,Left,Centre,50
<_io.BytesIO object at 0x0000014EBBD66AE0>,0.23790928721427917,0.11776445060968399,-0.04113680124282837,210911,55,4,False,Left,Front,Left,Centre,50
<_io.BytesIO object at 0x0000014EBBD66720>,0.20395728945732117,0.0820855051279068,-0.06282193958759308,210911,55,4,False,Left,Front,Left,Centre,50
<_io.BytesIO object at 0x0000014EBBD66310>,0.18505117297172546,0.043971795588731766,-0.029989222064614296,210911,55,4,False,Left,Front,Left,Centre,50
<_io.BytesIO object at 0x0000014EBBD66860>,0.5234358310699463,0.08063923567533493,0.233243927359581,210911,55,4,False,Left,Front,Left,Centre,50
<_io.BytesIO object at 0x0000014EBBD66BD0>,0.494159072637558,0.14623519778251648,0.3191729784011841,210911,55,4,False,Left,Front,Left,Centre,50
<_io.BytesIO object at 0x0000014EBBD66A90>,0.5068265795707703,0.15525667369365692,0.22680416703224182,210911,55,4,False,Left,Front,Left,Centre,50
<_io.BytesIO object at 0x0000014EBBD66810>,0.5410507917404175,0.1219787523150444,0.2366405576467514,210911,55,4,False,Left,Front,Left,Centre,50
<_io.BytesIO object at 0x0000014EBBD39450>,0.512707531452179,0.05468113347887993,0.2871730327606201,210911,55,4,False,Left,Front,Left,Centre,50
<_io.BytesIO object at 0x0000014EB8F2D450>,0.2764023542404175,0.10115581750869751,-0.06389033794403076,210912,55,4,False,Left,Front,Left,Centre,50
<_io.BytesIO object at 0x0000014EBBCA3B30>,0.27151167392730713,0.04726807028055191,0.016938770189881325,210912,55,4,False,Left,Front,Left,Centre,50
<_io.BytesIO object at 0x0000014EBBCA3220>,0.23796811699867249,0.1177186369895935,-0.04117078334093094,210912,55,4,False,Left,Front,Left,Centre,50
<_io.BytesIO object at 0x0000014EBBCA3CC0>,0.2038138210773468,0.08204971253871918,-0.06266660988330841,210912,55,4,False,Left,Front,Left,Centre,50
<_io.BytesIO object at 0x0000014EBBCA3C70>,0.18510669469833374,0.04396655037999153,-0.029883308336138725,210912,55,4,False,Left,Front,Left,Centre,50
<_io.BytesIO object at 0x0000014EBBCA39A0>,0.5234358310699463,0.08063923567533493,0.233243927359581,210912,55,4,False,Left,Front,Left,Centre,50
<_io.BytesIO object at 0x0000014EBBCA38B0>,0.494159072637558,0.14623519778251648,0.3191729784011841,210912,55,4,False,Left,Front,Left,Centre,50
<_io.BytesIO object at 0x0000014EBBD31A40>,0.5068265795707703,0.15525667369365692,0.22680416703224182,210912,55,4,False,Left,Front,Left,Centre,50
<_io.BytesIO object at 0x0000014EBBD318B0>,0.5410507917404175,0.1219787523150444,0.2366405576467514,210912,55,4,False,Left,Front,Left,Centre,50
<_io.BytesIO object at 0x0000014EBBC906D0>,0.512707531452179,0.05468113347887993,0.2871730327606201,210912,55,4,False,Left,Front,Left,Centre,50
<_io.BytesIO object at 0x0000014EBBD62720>,0.27638864517211914,0.1010146290063858,-0.0640658512711525,210913,55,4,False,Left,Front,Left,Centre,50
<_io.BytesIO object at 0x0000014EBBCA7D10>,0.27164962887763977,0.04724173620343208,0.01688491925597191,210913,55,4,False,Left,Front,Left,Centre,50
<_io.BytesIO object at 0x0000014EBBCA7220>,0.2380414754152298,0.11761771142482758,-0.041217703372240067,210913,55,4,False,Left,Front,Left,Centre,50
<_io.BytesIO object at 0x0000014EBBCA7DB0>,0.20377232134342194,0.08198479562997818,-0.06257334351539612,210913,55,4,False,Left,Front,Left,Centre,50
<_io.BytesIO object at 0x0000014EBBD62450>,0.18517237901687622,0.04395096376538277,-0.02974632754921913,210913,55,4,False,Left,Front,Left,Centre,50
<_io.BytesIO object at 0x0000014EBBD62B80>,0.5234358310699463,0.08063923567533493,0.233243927359581,210913,55,4,False,Left,Front,Left,Centre,50
<_io.BytesIO object at 0x0000014EBBD623B0>,0.494159072637558,0.14623519778251648,0.3191729784011841,210913,55,4,False,Left,Front,Left,Centre,50
<_io.BytesIO object at 0x0000014EBBD62220>,0.5068265795707703,0.15525667369365692,0.22680416703224182,210913,55,4,False,Left,Front,Left,Centre,50
<_io.BytesIO object at 0x0000014EBBD62810>,0.5410507917404175,0.1219787523150444,0.2366405576467514,210913,55,4,False,Left,Front,Left,Centre,50
<_io.BytesIO object at 0x0000014EBBD62130>,0.512707531452179,0.05468113347887993,0.2871730327606201,210913,55,4,False,Left,Front,Left,Centre,50
<_io.BytesIO object at 0x0000014EBBCA37C0>,0.27633169293403625,0.10094500333070755,-0.0642131119966507,210914,55,4,False,Left,Front,Left,Centre,50
<_io.BytesIO object at 0x0000014EBBCA3C20>,0.27177318930625916,0.04724802449345589,0.016830207780003548,210914,55,4,False,Left,Front,Left,Centre,50
<_io.BytesIO object at 0x0000014EB8F2D7C0>,0.2381044328212738,0.11758355796337128,-0.041293881833553314,210914,55,4,False,Left,Front,Left,Centre,50
<_io.BytesIO object at 0x0000014EB8F2DAE0>,0.20370696485042572,0.08196867257356644,-0.06248684227466583,210914,55,4,False,Left,Front,Left,Centre,50
<_io.BytesIO object at 0x0000014EB8F2D4F0>,0.1852131187915802,0.04399564117193222,-0.02961840108036995,210914,55,4,False,Left,Front,Left,Centre,50
<_io.BytesIO object at 0x0000014EB8F2DBD0>,0.5234358310699463,0.08063923567533493,0.233243927359581,210914,55,4,False,Left,Front,Left,Centre,50
<_io.BytesIO object at 0x0000014EB8F2D950>,0.494159072637558,0.14623519778251648,0.3191729784011841,210914,55,4,False,Left,Front,Left,Centre,50
<_io.BytesIO object at 0x0000014EB8F2D720>,0.5068265795707703,0.15525667369365692,0.22680416703224182,210914,55,4,False,Left,Front,Left,Centre,50
<_io.BytesIO object at 0x0000014EB8F2D3B0>,0.5410507917404175,0.1219787523150444,0.2366405576467514,210914,55,4,False,Left,Front,Left,Centre,50
<_io.BytesIO object at 0x0000014EBBD395E0>,0.512707531452179,0.05468113347887993,0.2871730327606201,210914,55,4,False,Left,Front,Left,Centre,50
<_io.BytesIO object at 0x0000014EBBD66E50>,0.2762760519981384,0.10087713599205017,-0.06436299532651901,210915,55,4,False,Left,Front,Left,Centre,50
<_io.BytesIO object at 0x0000014EBBCB9950>,0.27187579870224,0.04721624776721001,0.01675739511847496,210915,55,4,False,Left,Front,Left,Centre,50
<_io.BytesIO object at 0x0000014EBBCB98B0>,0.2381204217672348,0.11755041033029556,-0.041335709393024445,210915,55,4,False,Left,Front,Left,Centre,50
<_io.BytesIO object at 0x0000014EBBCB97C0>,0.2036239206790924,0.0819431021809578,-0.06237439811229706,210915,55,4,False,Left,Front,Left,Centre,50
<_io.BytesIO object at 0x0000014EBBCB9F40>,0.1852446347475052,0.04399903863668442,-0.029555147513747215,210915,55,4,False,Left,Front,Left,Centre,50
<_io.BytesIO object at 0x0000014EBBCB9860>,0.5234358310699463,0.08063923567533493,0.233243927359581,210915,55,4,False,Left,Front,Left,Centre,50
<_io.BytesIO object at 0x0000014EBBCB9090>,0.494159072637558,0.14623519778251648,0.3191729784011841,210915,55,4,False,Left,Front,Left,Centre,50
<_io.BytesIO object at 0x0000014EBBD463B0>,0.5068265795707703,0.15525667369365692,0.22680416703224182,210915,55,4,False,Left,Front,Left,Centre,50
<_io.BytesIO object at 0x0000014EBBD46D10>,0.5410507917404175,0.1219787523150444,0.2366405576467514,210915,55,4,False,Left,Front,Left,Centre,50
<_io.BytesIO object at 0x0000014EBBD46360>,0.512707531452179,0.05468113347887993,0.2871730327606201,210915,55,4,False,Left,Front,Left,Centre,50
<_io.BytesIO object at 0x0000014EBBC92950>,0.27625033259391785,0.10081104934215546,-0.06453268229961395,210916,55,4,False,Left,Front,Left,Centre,50
<_io.BytesIO object at 0x0000014EBBC92810>,0.2719730734825134,0.04720315337181091,0.016638262197375298,210916,55,4,False,Left,Front,Left,Centre,50
<_io.BytesIO object at 0x0000014EBBC92C20>,0.23813758790493011,0.11750742793083191,-0.04138337820768356,210916,55,4,False,Left,Front,Left,Centre,50
<_io.BytesIO object at 0x0000014EBBC92EA0>,0.203542098402977,0.08190695196390152,-0.06230206787586212,210916,55,4,False,Left,Front,Left,Centre,50
<_io.BytesIO object at 0x0000014EBBC92F40>,0.18525472283363342,0.04400693252682686,-0.029451554641127586,210916,55,4,False,Left,Front,Left,Centre,50
<_io.BytesIO object at 0x0000014EB8F37E00>,0.5234358310699463,0.08063923567533493,0.233243927359581,210916,55,4,False,Left,Front,Left,Centre,50
<_io.BytesIO object at 0x0000014EB8F379F0>,0.494159072637558,0.14623519778251648,0.3191729784011841,210916,55,4,False,Left,Front,Left,Centre,50
<_io.BytesIO object at 0x0000014EB8F37A90>,0.5068265795707703,0.15525667369365692,0.22680416703224182,210916,55,4,False,Left,Front,Left,Centre,50
<_io.BytesIO object at 0x0000014EB8F37720>,0.5410507917404175,0.1219787523150444,0.2366405576467514,210916,55,4,False,Left,Front,Left,Centre,50
<_io.BytesIO object at 0x0000014EB8F37310>,0.512707531452179,0.05468113347887993,0.2871730327606201,210916,55,4,False,Left,Front,Left,Centre,50
<_io.BytesIO object at 0x0000014EBBD6E310>,0.2761521339416504,0.10073386877775192,-0.06470400094985962,210917,55,4,False,Left,Front,Left,Centre,50
<_io.BytesIO object at 0x0000014EBBD6E770>,0.2720261514186859,0.04716435447335243,0.01657044142484665,210917,55,4,False,Left,Front,Left,Centre,50
<_io.BytesIO object at 0x0000014EBBCBDF40>,0.23813430964946747,0.11746502667665482,-0.04143565148115158,210917,55,4,False,Left,Front,Left,Centre,50
<_io.BytesIO object at 0x0000014EBBCBDBD0>,0.20344728231430054,0.08186618983745575,-0.06224881485104561,210917,55,4,False,Left,Front,Left,Centre,50
<_io.BytesIO object at 0x0000014EBBCBD6D0>,0.1852247714996338,0.04402819648385048,-0.029405681416392326,210917,55,4,False,Left,Front,Left,Centre,50
<_io.BytesIO object at 0x0000014EBBCBD810>,0.5234358310699463,0.08063923567533493,0.233243927359581,210917,55,4,False,Left,Front,Left,Centre,50
<_io.BytesIO object at 0x0000014EBBCBDC70>,0.494159072637558,0.14623519778251648,0.3191729784011841,210917,55,4,False,Left,Front,Left,Centre,50
<_io.BytesIO object at 0x0000014EBBCA7E00>,0.5068265795707703,0.15525667369365692,0.22680416703224182,210917,55,4,False,Left,Front,Left,Centre,50
<_io.BytesIO object at 0x0000014EBBCA7B80>,0.5410507917404175,0.1219787523150444,0.2366405576467514,210917,55,4,False,Left,Front,Left,Centre,50
<_io.BytesIO object at 0x0000014EBBCA7450>,0.512707531452179,0.05468113347887993,0.2871730327606201,210917,55,4,False,Left,Front,Left,Centre,50
<_io.BytesIO object at 0x0000014EB8F29C70>,0.27604982256889343,0.10064124315977097,-0.06487727910280228,210918,55,4,False,Left,Front,Left,Centre,50
<_io.BytesIO object at 0x0000014EB8F29F40>,0.27207762002944946,0.047128234058618546,0.016501201316714287,210918,55,4,False,Left,Front,Left,Centre,50
<_io.BytesIO object at 0x0000014EB8F297C0>,0.23811903595924377,0.11741892993450165,-0.041486695408821106,210918,55,4,False,Left,Front,Left,Centre,50
<_io.BytesIO object at 0x0000014EB8F29EF0>,0.20334242284297943,0.0818331316113472,-0.062189698219299316,210918,55,4,False,Left,Front,Left,Centre,50
<_io.BytesIO object at 0x0000014EB8F374F0>,0.1852128505706787,0.04402303695678711,-0.029352523386478424,210918,55,4,False,Left,Front,Left,Centre,50
<_io.BytesIO object at 0x0000014EB8F37810>,0.5234358310699463,0.08063923567533493,0.233243927359581,210918,55,4,False,Left,Front,Left,Centre,50
<_io.BytesIO object at 0x0000014EB8F37AE0>,0.494159072637558,0.14623519778251648,0.3191729784011841,210918,55,4,False,Left,Front,Left,Centre,50
<_io.BytesIO object at 0x0000014EB8F378B0>,0.5068265795707703,0.15525667369365692,0.22680416703224182,210918,55,4,False,Left,Front,Left,Centre,50
<_io.BytesIO object at 0x0000014EB8F37590>,0.5410507917404175,0.1219787523150444,0.2366405576467514,210918,55,4,False,Left,Front,Left,Centre,50
<_io.BytesIO object at 0x0000014EB8F37630>,0.512707531452179,0.05468113347887993,0.2871730327606201,210918,55,4,False,Left,Front,Left,Centre,50
<_io.BytesIO object at 0x0000014EB8F5F4A0>,0.27594077587127686,0.10056082159280777,-0.06505177915096283,210919,55,4,False,Left,Front,Left,Centre,50
<_io.BytesIO object at 0x0000014EB8F5FBD0>,0.272114098072052,0.04706137254834175,0.01641549915075302,210919,55,4,False,Left,Front,Left,Centre,50
<_io.BytesIO object at 0x0000014EBBD469F0>,0.23810814321041107,0.11738759279251099,-0.041556987911462784,210919,55,4,False,Left,Front,Left,Centre,50
<_io.BytesIO object at 0x0000014EBBD464F0>,0.2032318413257599,0.08180069923400879,-0.06212504580616951,210919,55,4,False,Left,Front,Left,Centre,50
<_io.BytesIO object at 0x0000014EBBD46400>,0.18517082929611206,0.04403964430093765,-0.02932288497686386,210919,55,4,False,Left,Front,Left,Centre,50
<_io.BytesIO object at 0x0000014EBBD46EA0>,0.5234358310699463,0.08063923567533493,0.233243927359581,210919,55,4,False,Left,Front,Left,Centre,50
<_io.BytesIO object at 0x0000014EBBD46680>,0.494159072637558,0.14623519778251648,0.3191729784011841,210919,55,4,False,Left,Front,Left,Centre,50
<_io.BytesIO object at 0x0000014EBBD46F40>,0.5068265795707703,0.15525667369365692,0.22680416703224182,210919,55,4,False,Left,Front,Left,Centre,50
<_io.BytesIO object at 0x0000014EBBD463B0>,0.5410507917404175,0.1219787523150444,0.2366405576467514,210919,55,4,False,Left,Front,Left,Centre,50
<_io.BytesIO object at 0x0000014EBBCB9770>,0.512707531452179,0.05468113347887993,0.2871730327606201,210919,55,4,False,Left,Front,Left,Centre,50
<_io.BytesIO object at 0x0000014EBBD669A0>,0.27582335472106934,0.10048628598451614,-0.06524743884801865,210920,55,4,False,Left,Front,Left,Centre,50
<_io.BytesIO object at 0x0000014EBBD393B0>,0.2721765637397766,0.046906959265470505,0.016222253441810608,210920,55,4,False,Left,Front,Left,Centre,50
<_io.BytesIO object at 0x0000014EBBD39680>,0.23807793855667114,0.11735250055789948,-0.04160916432738304,210920,55,4,False,Left,Front,Left,Centre,50
<_io.BytesIO object at 0x0000014EBBD39F40>,0.2030780166387558,0.08180219680070877,-0.06202925741672516,210920,55,4,False,Left,Front,Left,Centre,50
<_io.BytesIO object at 0x0000014EBBD39CC0>,0.1851465106010437,0.04405916854739189,-0.029270177707076073,210920,55,4,False,Left,Front,Left,Centre,50
<_io.BytesIO object at 0x0000014EBBD39130>,0.5234358310699463,0.08063923567533493,0.233243927359581,210920,55,4,False,Left,Front,Left,Centre,50
<_io.BytesIO object at 0x0000014EBBD395E0>,0.494159072637558,0.14623519778251648,0.3191729784011841,210920,55,4,False,Left,Front,Left,Centre,50
<_io.BytesIO object at 0x0000014EB8F2D220>,0.5068265795707703,0.15525667369365692,0.22680416703224182,210920,55,4,False,Left,Front,Left,Centre,50
<_io.BytesIO object at 0x0000014EB8F2D3B0>,0.5410507917404175,0.1219787523150444,0.2366405576467514,210920,55,4,False,Left,Front,Left,Centre,50
<_io.BytesIO object at 0x0000014EB8F2D5E0>,0.512707531452179,0.05468113347887993,0.2871730327606201,210920,55,4,False,Left,Front,Left,Centre,50
<_io.BytesIO object at 0x0000014EBBD31DB0>,0.27570024132728577,0.10042741894721985,-0.065433070063591,210921,55,4,False,Left,Front,Left,Centre,50
<_io.BytesIO object at 0x0000014EBBC90310>,0.2722139358520508,0.04680896922945976,0.01601707935333252,210921,55,4,False,Left,Front,Left,Centre,50
<_io.BytesIO object at 0x0000014EBBC907C0>,0.2380518764257431,0.11732040345668793,-0.041672609746456146,210921,55,4,False,Left,Front,Left,Centre,50
<_io.BytesIO object at 0x0000014EBBC90B30>,0.20296083390712738,0.08176692575216293,-0.06199173629283905,210921,55,4,False,Left,Front,Left,Centre,50
<_io.BytesIO object at 0x0000014EBBC90630>,0.1851091831922531,0.044088974595069885,-0.02922595851123333,210921,55,4,False,Left,Front,Left,Centre,50
<_io.BytesIO object at 0x0000014EBBC90130>,0.5234358310699463,0.08063923567533493,0.233243927359581,210921,55,4,False,Left,Front,Left,Centre,50
<_io.BytesIO object at 0x0000014EBBC90BD0>,0.494159072637558,0.14623519778251648,0.3191729784011841,210921,55,4,False,Left,Front,Left,Centre,50
<_io.BytesIO object at 0x0000014EB4345130>,0.5068265795707703,0.15525667369365692,0.22680416703224182,210921,55,4,False,Left,Front,Left,Centre,50
<_io.BytesIO object at 0x0000014EBBD62720>,0.5410507917404175,0.1219787523150444,0.2366405576467514,210921,55,4,False,Left,Front,Left,Centre,50
<_io.BytesIO object at 0x0000014EBBD62EF0>,0.512707531452179,0.05468113347887993,0.2871730327606201,210921,55,4,False,Left,Front,Left,Centre,50
<_io.BytesIO object at 0x0000014EBBC90E50>,0.27557113766670227,0.10035347938537598,-0.06562686711549759,210922,55,4,False,Left,Front,Left,Centre,50
<_io.BytesIO object at 0x0000014EBBC900E0>,0.27225905656814575,0.0467388853430748,0.015913767740130424,210922,55,4,False,Left,Front,Left,Centre,50
<_io.BytesIO object at 0x0000014EBBC90450>,0.23801621794700623,0.11723154783248901,-0.041750624775886536,210922,55,4,False,Left,Front,Left,Centre,50
<_io.BytesIO object at 0x0000014EBBD319A0>,0.20285195112228394,0.08173900842666626,-0.06193641945719719,210922,55,4,False,Left,Front,Left,Centre,50
<_io.BytesIO object at 0x0000014EBBD31A40>,0.1850588321685791,0.044145889580249786,-0.029187578707933426,210922,55,4,False,Left,Front,Left,Centre,50
<_io.BytesIO object at 0x0000014EBBD31B30>,0.5234358310699463,0.08063923567533493,0.233243927359581,210922,55,4,False,Left,Front,Left,Centre,50
<_io.BytesIO object at 0x0000014EBBCA3CC0>,0.494159072637558,0.14623519778251648,0.3191729784011841,210922,55,4,False,Left,Front,Left,Centre,50
<_io.BytesIO object at 0x0000014EBBCA3D10>,0.5068265795707703,0.15525667369365692,0.22680416703224182,210922,55,4,False,Left,Front,Left,Centre,50
<_io.BytesIO object at 0x0000014EBBCA3400>,0.5410507917404175,0.1219787523150444,0.2366405576467514,210922,55,4,False,Left,Front,Left,Centre,50
<_io.BytesIO object at 0x0000014EBBCA3BD0>,0.512707531452179,0.05468113347887993,0.2871730327606201,210922,55,4,False,Left,Front,Left,Centre,50
<_io.BytesIO object at 0x0000014EBBD667C0>,0.27546462416648865,0.10028959065675735,-0.065816231071949,210923,55,4,False,Left,Front,Left,Centre,50
<_io.BytesIO object at 0x0000014EBBD66DB0>,0.27233463525772095,0.04665711149573326,0.015799012035131454,210923,55,4,False,Left,Front,Left,Centre,50
<_io.BytesIO object at 0x0000014EBBD668B0>,0.23793427646160126,0.11718828231096268,-0.04185163229703903,210923,55,4,False,Left,Front,Left,Centre,50
<_io.BytesIO object at 0x0000014EBBCB9720>,0.2027427703142166,0.08171490579843521,-0.06187672168016434,210923,55,4,False,Left,Front,Left,Centre,50
<_io.BytesIO object at 0x0000014EBBCB9270>,0.18502068519592285,0.04420008137822151,-0.029080001637339592,210923,55,4,False,Left,Front,Left,Centre,50
<_io.BytesIO object at 0x0000014EBBCB9B30>,0.5234358310699463,0.08063923567533493,0.233243927359581,210923,55,4,False,Left,Front,Left,Centre,50
<_io.BytesIO object at 0x0000014EBBCB98B0>,0.494159072637558,0.14623519778251648,0.3191729784011841,210923,55,4,False,Left,Front,Left,Centre,50
<_io.BytesIO object at 0x0000014EBBCB9E00>,0.5068265795707703,0.15525667369365692,0.22680416703224182,210923,55,4,False,Left,Front,Left,Centre,50
<_io.BytesIO object at 0x0000014EBBCB9590>,0.5410507917404175,0.1219787523150444,0.2366405576467514,210923,55,4,False,Left,Front,Left,Centre,50
<_io.BytesIO object at 0x0000014EBBCB9F90>,0.512707531452179,0.05468113347887993,0.2871730327606201,210923,55,4,False,Left,Front,Left,Centre,50
<_io.BytesIO object at 0x0000014EB8F5F9A0>,0.2753359079360962,0.10020563006401062,-0.0660301223397255,210924,55,4,False,Left,Front,Left,Centre,50
<_io.BytesIO object at 0x0000014EB8F5FB30>,0.27238768339157104,0.04652807489037514,0.01563405431807041,210924,55,4,False,Left,Front,Left,Centre,50
<_io.BytesIO object at 0x0000014EBBC925E0>,0.2378939837217331,0.11712593585252762,-0.0419350303709507,210924,55,4,False,Left,Front,Left,Centre,50
<_io.BytesIO object at 0x0000014EBBC92E50>,0.2025446742773056,0.08161510527133942,-0.06175752729177475,210924,55,4,False,Left,Front,Left,Centre,50
<_io.BytesIO object at 0x0000014EBBC92B80>,0.18497872352600098,0.0442359521985054,-0.029025567695498466,210924,55,4,False,Left,Front,Left,Centre,50
<_io.BytesIO object at 0x0000014EBBC92810>,0.5234358310699463,0.08063923567533493,0.233243927359581,210924,55,4,False,Left,Front,Left,Centre,50
<_io.BytesIO object at 0x0000014EBBC921D0>,0.494159072637558,0.14623519778251648,0.3191729784011841,210924,55,4,False,Left,Front,Left,Centre,50
<_io.BytesIO object at 0x0000014EBBC92180>,0.5068265795707703,0.15525667369365692,0.22680416703224182,210924,55,4,False,Left,Front,Left,Centre,50
<_io.BytesIO object at 0x0000014EB8F29270>,0.5410507917404175,0.1219787523150444,0.2366405576467514,210924,55,4,False,Left,Front,Left,Centre,50
<_io.BytesIO object at 0x0000014EB8F29BD0>,0.512707531452179,0.05468113347887993,0.2871730327606201,210924,55,4,False,Left,Front,Left,Centre,50
<_io.BytesIO object at 0x0000014EBBD6E310>,0.2751975953578949,0.10007014870643616,-0.06628996133804321,210925,55,4,False,Left,Front,Left,Centre,50
<_io.BytesIO object at 0x0000014EB8F37090>,0.27244633436203003,0.04641779884696007,0.01551993191242218,210925,55,4,False,Left,Front,Left,Centre,50
<_io.BytesIO object at 0x0000014EB8F378B0>,0.23785825073719025,0.11709582805633545,-0.04205027595162392,210925,55,4,False,Left,Front,Left,Centre,50
<_io.BytesIO object at 0x0000014EB8F37860>,0.20245280861854553,0.08152241259813309,-0.06168109178543091,210925,55,4,False,Left,Front,Left,Centre,50
<_io.BytesIO object at 0x0000014EB8F375E0>,0.1849275678396225,0.044277824461460114,-0.028955822810530663,210925,55,4,False,Left,Front,Left,Centre,50
<_io.BytesIO object at 0x0000014EBBCBD6D0>,0.5234358310699463,0.08063923567533493,0.233243927359581,210925,55,4,False,Left,Front,Left,Centre,50
<_io.BytesIO object at 0x0000014EBBCBD3B0>,0.494159072637558,0.14623519778251648,0.3191729784011841,210925,55,4,False,Left,Front,Left,Centre,50
<_io.BytesIO object at 0x0000014EBBCBD720>,0.5068265795707703,0.15525667369365692,0.22680416703224182,210925,55,4,False,Left,Front,Left,Centre,50
<_io.BytesIO object at 0x0000014EBBCBD7C0>,0.5410507917404175,0.1219787523150444,0.2366405576467514,210925,55,4,False,Left,Front,Left,Centre,50
<_io.BytesIO object at 0x0000014EBBCBD2C0>,0.512707531452179,0.05468113347887993,0.2871730327606201,210925,55,4,False,Left,Front,Left,Centre,50
<_io.BytesIO object at 0x0000014EBBD393B0>,0.2751125991344452,0.10002605617046356,-0.06647801399230957,210926,55,4,False,Left,Front,Left,Centre,50
<_io.BytesIO object at 0x0000014EBBD39810>,0.2724873423576355,0.04633839428424835,0.015347992070019245,210926,55,4,False,Left,Front,Left,Centre,50
<_io.BytesIO object at 0x0000014EBBD395E0>,0.23779670894145966,0.11700582504272461,-0.04221528768539429,210926,55,4,False,Left,Front,Left,Centre,50
<_io.BytesIO object at 0x0000014EBBCBD2C0>,0.20230768620967865,0.0815206840634346,-0.06162107363343239,210926,55,4,False,Left,Front,Left,Centre,50
<_io.BytesIO object at 0x0000014EBBCBDB80>,0.1848081648349762,0.04432107135653496,-0.02883044257760048,210926,55,4,False,Left,Front,Left,Centre,50
<_io.BytesIO object at 0x0000014EBBCBDC70>,0.5234358310699463,0.08063923567533493,0.233243927359581,210926,55,4,False,Left,Front,Left,Centre,50
<_io.BytesIO object at 0x0000014EBBCBDBD0>,0.494159072637558,0.14623519778251648,0.3191729784011841,210926,55,4,False,Left,Front,Left,Centre,50
<_io.BytesIO object at 0x0000014EB8F374F0>,0.5068265795707703,0.15525667369365692,0.22680416703224182,210926,55,4,False,Left,Front,Left,Centre,50
<_io.BytesIO object at 0x0000014EB8F37860>,0.5410507917404175,0.1219787523150444,0.2366405576467514,210926,55,4,False,Left,Front,Left,Centre,50
<_io.BytesIO object at 0x0000014EB8F37E50>,0.512707531452179,0.05468113347887993,0.2871730327606201,210926,55,4,False,Left,Front,Left,Centre,50
<_io.BytesIO object at 0x0000014EB8F293B0>,0.27495884895324707,0.09995785355567932,-0.06668192893266678,210927,55,4,False,Left,Front,Left,Centre,50
<_io.BytesIO object at 0x0000014EB8F29C70>,0.27256008982658386,0.046225655823946,0.015212815254926682,210927,55,4,False,Left,Front,Left,Centre,50
<_io.BytesIO object at 0x0000014EB8F29EF0>,0.23773488402366638,0.11693952232599258,-0.0423089936375618,210927,55,4,False,Left,Front,Left,Centre,50
<_io.BytesIO object at 0x0000014EBBC92270>,0.20215970277786255,0.08150076121091843,-0.06155434995889664,210927,55,4,False,Left,Front,Left,Centre,50
<_io.BytesIO object at 0x0000014EBBC924A0>,0.18473926186561584,0.04435598477721214,-0.028772346675395966,210927,55,4,False,Left,Front,Left,Centre,50
<_io.BytesIO object at 0x0000014EBBC92F40>,0.5234358310699463,0.08063923567533493,0.233243927359581,210927,55,4,False,Left,Front,Left,Centre,50
<_io.BytesIO object at 0x0000014EBBC92C20>,0.494159072637558,0.14623519778251648,0.3191729784011841,210927,55,4,False,Left,Front,Left,Centre,50
<_io.BytesIO object at 0x0000014EBBC92630>,0.5068265795707703,0.15525667369365692,0.22680416703224182,210927,55,4,False,Left,Front,Left,Centre,50
<_io.BytesIO object at 0x0000014EBBC926D0>,0.5410507917404175,0.1219787523150444,0.2366405576467514,210927,55,4,False,Left,Front,Left,Centre,50
<_io.BytesIO object at 0x0000014EBBC925E0>,0.512707531452179,0.05468113347887993,0.2871730327606201,210927,55,4,False,Left,Front,Left,Centre,50
<_io.BytesIO object at 0x0000014EBBD46040>,0.27473708987236023,0.09981513768434525,-0.06697606295347214,210928,55,4,False,Left,Front,Left,Centre,50
<_io.BytesIO object at 0x0000014EBBD46DB0>,0.27260684967041016,0.04612921550869942,0.01505830604583025,210928,55,4,False,Left,Front,Left,Centre,50
<_io.BytesIO object at 0x0000014EBBCB9EF0>,0.23763132095336914,0.11686526238918304,-0.04251309111714363,210928,55,4,False,Left,Front,Left,Centre,50
<_io.BytesIO object at 0x0000014EBBCB9400>,0.20196180045604706,0.08148175477981567,-0.06144937127828598,210928,55,4,False,Left,Front,Left,Centre,50
<_io.BytesIO object at 0x0000014EBBCB9130>,0.18466567993164062,0.04437517002224922,-0.028718892484903336,210928,55,4,False,Left,Front,Left,Centre,50
<_io.BytesIO object at 0x0000014EBBCB9040>,0.5234358310699463,0.08063923567533493,0.233243927359581,210928,55,4,False,Left,Front,Left,Centre,50
<_io.BytesIO object at 0x0000014EBBCB9B30>,0.494159072637558,0.14623519778251648,0.3191729784011841,210928,55,4,False,Left,Front,Left,Centre,50
<_io.BytesIO object at 0x0000014EBBCB9900>,0.5068265795707703,0.15525667369365692,0.22680416703224182,210928,55,4,False,Left,Front,Left,Centre,50
<_io.BytesIO object at 0x0000014EBBD66360>,0.5410507917404175,0.1219787523150444,0.2366405576467514,210928,55,4,False,Left,Front,Left,Centre,50
<_io.BytesIO object at 0x0000014EBBD668B0>,0.512707531452179,0.05468113347887993,0.2871730327606201,210928,55,4,False,Left,Front,Left,Centre,50
<_io.BytesIO object at 0x0000014EB8F2D090>,0.27455514669418335,0.09972988814115524,-0.06718514859676361,210929,55,4,False,Left,Front,Left,Centre,50
<_io.BytesIO object at 0x0000014EBBCA3C20>,0.2726263999938965,0.04603339731693268,0.014917628839612007,210929,55,4,False,Left,Front,Left,Centre,50
<_io.BytesIO object at 0x0000014EBBCA3040>,0.2375437468290329,0.11679788678884506,-0.04262576997280121,210929,55,4,False,Left,Front,Left,Centre,50
<_io.BytesIO object at 0x0000014EBBCA3680>,0.20177513360977173,0.08142828196287155,-0.06137777119874954,210929,55,4,False,Left,Front,Left,Centre,50
<_io.BytesIO object at 0x0000014EBBCA3D10>,0.18452706933021545,0.044449105858802795,-0.0286709014326334,210929,55,4,False,Left,Front,Left,Centre,50
<_io.BytesIO object at 0x0000014EBBCA3C70>,0.5234358310699463,0.08063923567533493,0.233243927359581,210929,55,4,False,Left,Front,Left,Centre,50
<_io.BytesIO object at 0x0000014EBBD31B30>,0.494159072637558,0.14623519778251648,0.3191729784011841,210929,55,4,False,Left,Front,Left,Centre,50
<_io.BytesIO object at 0x0000014EBBD31EA0>,0.5068265795707703,0.15525667369365692,0.22680416703224182,210929,55,4,False,Left,Front,Left,Centre,50
<_io.BytesIO object at 0x0000014EBBD31D10>,0.5410507917404175,0.1219787523150444,0.2366405576467514,210929,55,4,False,Left,Front,Left,Centre,50
<_io.BytesIO object at 0x0000014EBBC90360>,0.512707531452179,0.05468113347887993,0.2871730327606201,210929,55,4,False,Left,Front,Left,Centre,50
<_io.BytesIO object at 0x0000014EBBD62DB0>,0.2743699550628662,0.09963724762201309,-0.06740619242191315,210930,55,4,False,Left,Front,Left,Centre,50
<_io.BytesIO object at 0x0000014EBBCA7B30>,0.27264612913131714,0.045894116163253784,0.014677620492875576,210930,55,4,False,Left,Front,Left,Centre,50
<_io.BytesIO object at 0x0000014EBBCA7BD0>,0.23743833601474762,0.11675141006708145,-0.042777638882398605,210930,55,4,False,Left,Front,Left,Centre,50
<_io.BytesIO object at 0x0000014EBBCA7220>,0.20158450305461884,0.08132801949977875,-0.06138354912400246,210930,55,4,False,Left,Front,Left,Centre,50
<_io.BytesIO object at 0x0000014EBBD62180>,0.18442849814891815,0.044452112168073654,-0.02860145829617977,210930,55,4,False,Left,Front,Left,Centre,50
<_io.BytesIO object at 0x0000014EBBD62220>,0.5234358310699463,0.08063923567533493,0.233243927359581,210930,55,4,False,Left,Front,Left,Centre,50
<_io.BytesIO object at 0x0000014EBBD62EF0>,0.494159072637558,0.14623519778251648,0.3191729784011841,210930,55,4,False,Left,Front,Left,Centre,50
<_io.BytesIO object at 0x0000014EBBD62950>,0.5068265795707703,0.15525667369365692,0.22680416703224182,210930,55,4,False,Left,Front,Left,Centre,50
<_io.BytesIO object at 0x0000014EBBD625E0>,0.5410507917404175,0.1219787523150444,0.2366405576467514,210930,55,4,False,Left,Front,Left,Centre,50
<_io.BytesIO object at 0x0000014EBBD62130>,0.512707531452179,0.05468113347887993,0.2871730327606201,210930,55,4,False,Left,Front,Left,Centre,50
<_io.BytesIO object at 0x0000014EBBCA3810>,0.2742117941379547,0.09953749179840088,-0.06760457903146744,210931,55,4,False,Left,Front,Left,Centre,50
<_io.BytesIO object at 0x0000014EBBCA37C0>,0.27263742685317993,0.04578710347414017,0.014508463442325592,210931,55,4,False,Left,Front,Left,Centre,50
<_io.BytesIO object at 0x0000014EB8F2D040>,0.23734816908836365,0.11667394638061523,-0.04291073605418205,210931,55,4,False,Left,Front,Left,Centre,50
<_io.BytesIO object at 0x0000014EB8F2D400>,0.20135736465454102,0.08125022798776627,-0.06142754480242729,210931,55,4,False,Left,Front,Left,Centre,50
<_io.BytesIO object at 0x0000014EB8F2DB80>,0.18430140614509583,0.04445120319724083,-0.02852945402264595,210931,55,4,False,Left,Front,Left,Centre,50
<_io.BytesIO object at 0x0000014EB8F2D540>,0.5234358310699463,0.08063923567533493,0.233243927359581,210931,55,4,False,Left,Front,Left,Centre,50
<_io.BytesIO object at 0x0000014EB8F2D6D0>,0.494159072637558,0.14623519778251648,0.3191729784011841,210931,55,4,False,Left,Front,Left,Centre,50
<_io.BytesIO object at 0x0000014EB8F2D3B0>,0.5068265795707703,0.15525667369365692,0.22680416703224182,210931,55,4,False,Left,Front,Left,Centre,50
<_io.BytesIO object at 0x0000014EB8F2DA90>,0.5410507917404175,0.1219787523150444,0.2366405576467514,210931,55,4,False,Left,Front,Left,Centre,50
<_io.BytesIO object at 0x0000014EBBD666D0>,0.512707531452179,0.05468113347887993,0.2871730327606201,210931,55,4,False,Left,Front,Left,Centre,50
<_io.BytesIO object at 0x0000014EBBCB9540>,0.2740185856819153,0.09942721575498581,-0.06783244758844376,210932,55,4,False,Left,Front,Left,Centre,50
<_io.BytesIO object at 0x0000014EBBD46D10>,0.2726406455039978,0.045688893646001816,0.014351941645145416,210932,55,4,False,Left,Front,Left,Centre,50
<_io.BytesIO object at 0x0000014EBBD46810>,0.23724067211151123,0.1165633276104927,-0.043063003569841385,210932,55,4,False,Left,Front,Left,Centre,50
<_io.BytesIO object at 0x0000014EBBD46860>,0.2011648714542389,0.08116033673286438,-0.061417631804943085,210932,55,4,False,Left,Front,Left,Centre,50
<_io.BytesIO object at 0x0000014EBBD46D60>,0.1841495782136917,0.044430337846279144,-0.028493665158748627,210932,55,4,False,Left,Front,Left,Centre,50
<_io.BytesIO object at 0x0000014EBBD46E00>,0.5234358310699463,0.08063923567533493,0.233243927359581,210932,55,4,False,Left,Front,Left,Centre,50
<_io.BytesIO object at 0x0000014EB8F5FBD0>,0.494159072637558,0.14623519778251648,0.3191729784011841,210932,55,4,False,Left,Front,Left,Centre,50
<_io.BytesIO object at 0x0000014EB8F5FD10>,0.5068265795707703,0.15525667369365692,0.22680416703224182,210932,55,4,False,Left,Front,Left,Centre,50
<_io.BytesIO object at 0x0000014EB8F5F220>,0.5410507917404175,0.1219787523150444,0.2366405576467514,210932,55,4,False,Left,Front,Left,Centre,50
<_io.BytesIO object at 0x0000014EB8F5F950>,0.512707531452179,0.05468113347887993,0.2871730327606201,210932,55,4,False,Left,Front,Left,Centre,50
<_io.BytesIO object at 0x0000014EB8F29630>,0.2738107442855835,0.09926889091730118,-0.06813295185565948,210933,55,4,False,Left,Front,Left,Centre,50
<_io.BytesIO object at 0x0000014EB8F29B30>,0.2725835144519806,0.04552300646901131,0.01408973429352045,210933,55,4,False,Left,Front,Left,Centre,50
<_io.BytesIO object at 0x0000014EB8F29CC0>,0.2370873987674713,0.11644131690263748,-0.04324296861886978,210933,55,4,False,Left,Front,Left,Centre,50
<_io.BytesIO object at 0x0000014EB8F29D60>,0.20095869898796082,0.08107639849185944,-0.06143854185938835,210933,55,4,False,Left,Front,Left,Centre,50
<_io.BytesIO object at 0x0000014EBBD6E590>,0.18400435149669647,0.04441298171877861,-0.02843397669494152,210933,55,4,False,Left,Front,Left,Centre,50
<_io.BytesIO object at 0x0000014EBBD6E3B0>,0.5234358310699463,0.08063923567533493,0.233243927359581,210933,55,4,False,Left,Front,Left,Centre,50
<_io.BytesIO object at 0x0000014EBBD6EC20>,0.494159072637558,0.14623519778251648,0.3191729784011841,210933,55,4,False,Left,Front,Left,Centre,50
<_io.BytesIO object at 0x0000014EBBD6EA40>,0.5068265795707703,0.15525667369365692,0.22680416703224182,210933,55,4,False,Left,Front,Left,Centre,50
<_io.BytesIO object at 0x0000014EBBD6E7C0>,0.5410507917404175,0.1219787523150444,0.2366405576467514,210933,55,4,False,Left,Front,Left,Centre,50
<_io.BytesIO object at 0x0000014EBBD6E680>,0.512707531452179,0.05468113347887993,0.2871730327606201,210933,55,4,False,Left,Front,Left,Centre,50
<_io.BytesIO object at 0x0000014EBBCBDEA0>,0.2736045718193054,0.09910351783037186,-0.06845005601644516,210934,55,4,False,Left,Front,Left,Centre,50
<_io.BytesIO object at 0x0000014EBBD39400>,0.27257731556892395,0.04543203487992287,0.013915150426328182,210934,55,4,False,Left,Front,Left,Centre,50
<_io.BytesIO object at 0x0000014EBBD39F40>,0.23696820437908173,0.11632990837097168,-0.04340124502778053,210934,55,4,False,Left,Front,Left,Centre,50
<_io.BytesIO object at 0x0000014EBBD39680>,0.20075806975364685,0.08097798377275467,-0.06142478808760643,210934,55,4,False,Left,Front,Left,Centre,50
<_io.BytesIO object at 0x0000014EBBD397C0>,0.18388137221336365,0.04439464211463928,-0.028401754796504974,210934,55,4,False,Left,Front,Left,Centre,50
<_io.BytesIO object at 0x0000014EBBD39E50>,0.5234358310699463,0.08063923567533493,0.233243927359581,210934,55,4,False,Left,Front,Left,Centre,50
<_io.BytesIO object at 0x0000014EBBD39270>,0.494159072637558,0.14623519778251648,0.3191729784011841,210934,55,4,False,Left,Front,Left,Centre,50
<_io.BytesIO object at 0x0000014EBBCA7630>,0.5068265795707703,0.15525667369365692,0.22680416703224182,210934,55,4,False,Left,Front,Left,Centre,50
<_io.BytesIO object at 0x0000014EBBCA77C0>,0.5410507917404175,0.1219787523150444,0.2366405576467514,210934,55,4,False,Left,Front,Left,Centre,50
<_io.BytesIO object at 0x0000014EBBCA76D0>,0.512707531452179,0.05468113347887993,0.2871730327606201,210934,55,4,False,Left,Front,Left,Centre,50
<_io.BytesIO object at 0x0000014EBBCBD9F0>,0.2733798325061798,0.09893377870321274,-0.0687752440571785,210935,55,4,False,Left,Front,Left,Centre,50
<_io.BytesIO object at 0x0000014EBBCBD860>,0.27257394790649414,0.04535512626171112,0.01372442115098238,210935,55,4,False,Left,Front,Left,Centre,50
<_io.BytesIO object at 0x0000014EBBCBDDB0>,0.23679637908935547,0.11622312664985657,-0.04358798265457153,210935,55,4,False,Left,Front,Left,Centre,50
<_io.BytesIO object at 0x0000014EB8F37400>,0.2005479335784912,0.0808408185839653,-0.0614662729203701,210935,55,4,False,Left,Front,Left,Centre,50
<_io.BytesIO object at 0x0000014EB8F37310>,0.18374229967594147,0.044352006167173386,-0.028397437185049057,210935,55,4,False,Left,Front,Left,Centre,50
<_io.BytesIO object at 0x0000014EB8F37090>,0.5234358310699463,0.08063923567533493,0.233243927359581,210935,55,4,False,Left,Front,Left,Centre,50
<_io.BytesIO object at 0x0000014EB8F37EA0>,0.494159072637558,0.14623519778251648,0.3191729784011841,210935,55,4,False,Left,Front,Left,Centre,50
<_io.BytesIO object at 0x0000014EB8F37E00>,0.5068265795707703,0.15525667369365692,0.22680416703224182,210935,55,4,False,Left,Front,Left,Centre,50
<_io.BytesIO object at 0x0000014EB8F37270>,0.5410507917404175,0.1219787523150444,0.2366405576467514,210935,55,4,False,Left,Front,Left,Centre,50
<_io.BytesIO object at 0x0000014EB8F379F0>,0.512707531452179,0.05468113347887993,0.2871730327606201,210935,55,4,False,Left,Front,Left,Centre,50
<_io.BytesIO object at 0x0000014EB8F29860>,0.27317845821380615,0.09877510368824005,-0.06907559186220169,210936,55,4,False,Left,Front,Left,Centre,50
<_io.BytesIO object at 0x0000014EBBC92360>,0.2725464701652527,0.04521731287240982,0.013423250056803226,210936,55,4,False,Left,Front,Left,Centre,50
<_io.BytesIO object at 0x0000014EBBC921D0>,0.23669423162937164,0.1161065325140953,-0.043786581605672836,210936,55,4,False,Left,Front,Left,Centre,50
<_io.BytesIO object at 0x0000014EBBC92950>,0.20036135613918304,0.08075644075870514,-0.061522480100393295,210936,55,4,False,Left,Front,Left,Centre,50
<_io.BytesIO object at 0x0000014EBBC923B0>,0.18363319337368011,0.04432317987084389,-0.028407899662852287,210936,55,4,False,Left,Front,Left,Centre,50
<_io.BytesIO object at 0x0000014EBBC929F0>,0.5234358310699463,0.08063923567533493,0.233243927359581,210936,55,4,False,Left,Front,Left,Centre,50
<_io.BytesIO object at 0x0000014EBBC92E00>,0.494159072637558,0.14623519778251648,0.3191729784011841,210936,55,4,False,Left,Front,Left,Centre,50
<_io.BytesIO object at 0x0000014EBBC92EA0>,0.5068265795707703,0.15525667369365692,0.22680416703224182,210936,55,4,False,Left,Front,Left,Centre,50
<_io.BytesIO object at 0x0000014EB8F5F540>,0.5410507917404175,0.1219787523150444,0.2366405576467514,210936,55,4,False,Left,Front,Left,Centre,50
<_io.BytesIO object at 0x0000014EB8F5F1D0>,0.512707531452179,0.05468113347887993,0.2871730327606201,210936,55,4,False,Left,Front,Left,Centre,50
<_io.BytesIO object at 0x0000014EBBCB9C20>,0.27300870418548584,0.09859787672758102,-0.06940566003322601,210937,55,4,False,Left,Front,Left,Centre,50
<_io.BytesIO object at 0x0000014EBBCB9180>,0.2725352942943573,0.04511254280805588,0.01319383829832077,210937,55,4,False,Left,Front,Left,Centre,50
<_io.BytesIO object at 0x0000014EBBCB92C0>,0.23654493689537048,0.1159990057349205,-0.04412373900413513,210937,55,4,False,Left,Front,Left,Centre,50
<_io.BytesIO object at 0x0000014EBBCB9720>,0.20018337666988373,0.0806666910648346,-0.06156110763549805,210937,55,4,False,Left,Front,Left,Centre,50
<_io.BytesIO object at 0x0000014EBBCB9E00>,0.18352459371089935,0.044318173080682755,-0.028424205258488655,210937,55,4,False,Left,Front,Left,Centre,50
<_io.BytesIO object at 0x0000014EBBD66A40>,0.5234358310699463,0.08063923567533493,0.233243927359581,210937,55,4,False,Left,Front,Left,Centre,50
<_io.BytesIO object at 0x0000014EBBD66DB0>,0.494159072637558,0.14623519778251648,0.3191729784011841,210937,55,4,False,Left,Front,Left,Centre,50
<_io.BytesIO object at 0x0000014EBBD66040>,0.5068265795707703,0.15525667369365692,0.22680416703224182,210937,55,4,False,Left,Front,Left,Centre,50
<_io.BytesIO object at 0x0000014EBBD66450>,0.5410507917404175,0.1219787523150444,0.2366405576467514,210937,55,4,False,Left,Front,Left,Centre,50
<_io.BytesIO object at 0x0000014EBBD665E0>,0.512707531452179,0.05468113347887993,0.2871730327606201,210937,55,4,False,Left,Front,Left,Centre,50
