_io,pos_x,pos_y,pos_z,frame,trial_num,block_num,practicing,left_right_hand,palm_back_hand,target_loc,distractor_loc,participant_id
<_io.BytesIO object at 0x000001C26B215220>,0.6749695539474487,0.07355272769927979,-0.09272465854883194,181322,22,6,False,Left,Front,Left,Centre,74
_io,pos_x,pos_y,pos_z,frame,trial_num,block_num,practicing,left_right_hand,palm_back_hand,target_loc,distractor_loc,participant_id
<_io.BytesIO object at 0x000001C2735BB310>,0.6463755965232849,0.0671282708644867,-0.1202344074845314,181322,22,6,False,Left,Front,Left,Centre,74
_io,pos_x,pos_y,pos_z,frame,trial_num,block_num,practicing,left_right_hand,palm_back_hand,target_loc,distractor_loc,participant_id
<_io.BytesIO object at 0x000001C270704AE0>,0.6887985467910767,0.04332832619547844,-0.0776616781949997,181322,22,6,False,Left,Front,Left,Centre,74
_io,pos_x,pos_y,pos_z,frame,trial_num,block_num,practicing,left_right_hand,palm_back_hand,target_loc,distractor_loc,participant_id
<_io.BytesIO object at 0x000001C270704360>,0.6645910143852234,0.05155140906572342,-0.028589759021997452,181322,22,6,False,Left,Front,Left,Centre,74
_io,pos_x,pos_y,pos_z,frame,trial_num,block_num,practicing,left_right_hand,palm_back_hand,target_loc,distractor_loc,participant_id
<_io.BytesIO object at 0x000001C2734AA220>,0.596291720867157,0.07717973738908768,-0.06932387501001358,181322,22,6,False,Left,Front,Left,Centre,74
<_io.BytesIO object at 0x000001C2735BB1D0>,0.6749603152275085,0.07319235801696777,-0.092711441218853,181323,22,6,False,Left,Front,Left,Centre,74
<_io.BytesIO object at 0x000001C2735BB2C0>,0.6462807655334473,0.06694725900888443,-0.12021095305681229,181323,22,6,False,Left,Front,Left,Centre,74
<_io.BytesIO object at 0x000001C26B215680>,0.6888326406478882,0.042891792953014374,-0.07787472009658813,181323,22,6,False,Left,Front,Left,Centre,74
<_io.BytesIO object at 0x000001C26B215400>,0.6646782755851746,0.050706639885902405,-0.028670072555541992,181323,22,6,False,Left,Front,Left,Centre,74
<_io.BytesIO object at 0x000001C2734AAEF0>,0.5962162017822266,0.07647289335727692,-0.06897115707397461,181323,22,6,False,Left,Front,Left,Centre,74
<_io.BytesIO object at 0x000001C2735BB810>,0.6748000383377075,0.07274574786424637,-0.0926860123872757,181324,22,6,False,Left,Front,Left,Centre,74
<_io.BytesIO object at 0x000001C2735BBE50>,0.6461506485939026,0.06676501035690308,-0.12032097578048706,181324,22,6,False,Left,Front,Left,Centre,74
<_io.BytesIO object at 0x000001C270704AE0>,0.688875138759613,0.04242076724767685,-0.07806376367807388,181324,22,6,False,Left,Front,Left,Centre,74
<_io.BytesIO object at 0x000001C2707043B0>,0.6648057699203491,0.04983817785978317,-0.028822530061006546,181324,22,6,False,Left,Front,Left,Centre,74
<_io.BytesIO object at 0x000001C2734AA270>,0.5961719751358032,0.07563678175210953,-0.06861851364374161,181324,22,6,False,Left,Front,Left,Centre,74
<_io.BytesIO object at 0x000001C2734AA540>,0.6748242378234863,0.07242472469806671,-0.09266886115074158,181325,22,6,False,Left,Front,Left,Centre,74
<_io.BytesIO object at 0x000001C2734AA4F0>,0.646122395992279,0.0664868876338005,-0.12041068077087402,181325,22,6,False,Left,Front,Left,Centre,74
<_io.BytesIO object at 0x000001C2734AA400>,0.688836395740509,0.04201493784785271,-0.0781472846865654,181325,22,6,False,Left,Front,Left,Centre,74
<_io.BytesIO object at 0x000001C2734AA900>,0.6648595929145813,0.04928405210375786,-0.02889467030763626,181325,22,6,False,Left,Front,Left,Centre,74
<_io.BytesIO object at 0x000001C270704360>,0.5962663888931274,0.07516306638717651,-0.06847484409809113,181325,22,6,False,Left,Front,Left,Centre,74
<_io.BytesIO object at 0x000001C2734AA180>,0.6748310327529907,0.07220633327960968,-0.09270385652780533,181326,22,6,False,Left,Front,Left,Centre,74
<_io.BytesIO object at 0x000001C2734AA3B0>,0.6460745334625244,0.06631030142307281,-0.12045785039663315,181326,22,6,False,Left,Front,Left,Centre,74
<_io.BytesIO object at 0x000001C2734AA8B0>,0.6887718439102173,0.041667450219392776,-0.07817670702934265,181326,22,6,False,Left,Front,Left,Centre,74
<_io.BytesIO object at 0x000001C2734AAEA0>,0.6649186611175537,0.04899252951145172,-0.028982583433389664,181326,22,6,False,Left,Front,Left,Centre,74
<_io.BytesIO object at 0x000001C2734AA900>,0.5862202644348145,0.05860517546534538,-0.07059060037136078,181326,22,6,False,Left,Front,Left,Centre,74
<_io.BytesIO object at 0x000001C2735BB8B0>,0.6748547554016113,0.07205946743488312,-0.09272125363349915,181327,22,6,False,Left,Front,Left,Centre,74
<_io.BytesIO object at 0x000001C2735BBA40>,0.6459638476371765,0.06607723236083984,-0.12042953073978424,181327,22,6,False,Left,Front,Left,Centre,74
<_io.BytesIO object at 0x000001C2735BBA90>,0.6887881755828857,0.04147757217288017,-0.07825809717178345,181327,22,6,False,Left,Front,Left,Centre,74
<_io.BytesIO object at 0x000001C2735BB4A0>,0.6650170087814331,0.048827189952135086,-0.029063723981380463,181327,22,6,False,Left,Front,Left,Centre,74
<_io.BytesIO object at 0x000001C2735BB810>,0.5860893726348877,0.05723338946700096,-0.07077165693044662,181327,22,6,False,Left,Front,Left,Centre,74
<_io.BytesIO object at 0x000001C2734AAEA0>,0.6748780608177185,0.0719740018248558,-0.09272323548793793,181328,22,6,False,Left,Front,Left,Centre,74
<_io.BytesIO object at 0x000001C2734AA0E0>,0.6459581851959229,0.06605087220668793,-0.12048652023077011,181328,22,6,False,Left,Front,Left,Centre,74
<_io.BytesIO object at 0x000001C2735BBBD0>,0.6887615919113159,0.041313331574201584,-0.07830262184143066,181328,22,6,False,Left,Front,Left,Centre,74
<_io.BytesIO object at 0x000001C2735BB090>,0.6650316119194031,0.04866012930870056,-0.029140612110495567,181328,22,6,False,Left,Front,Left,Centre,74
<_io.BytesIO object at 0x000001C2735BBB80>,0.5860779881477356,0.05711226910352707,-0.07081161439418793,181328,22,6,False,Left,Front,Left,Centre,74
<_io.BytesIO object at 0x000001C2735BB3B0>,0.6748672127723694,0.07195286452770233,-0.09271422028541565,181329,22,6,False,Left,Front,Left,Centre,74
<_io.BytesIO object at 0x000001C2735BB180>,0.6459886431694031,0.06623749434947968,-0.12056546658277512,181329,22,6,False,Left,Front,Left,Centre,74
<_io.BytesIO object at 0x000001C2735BB7C0>,0.6887378692626953,0.041207097470760345,-0.07837218046188354,181329,22,6,False,Left,Front,Left,Centre,74
<_io.BytesIO object at 0x000001C2735BB900>,0.6650391817092896,0.04843361675739288,-0.02918274514377117,181329,22,6,False,Left,Front,Left,Centre,74
<_io.BytesIO object at 0x000001C2734AA0E0>,0.596473217010498,0.074708491563797,-0.0682106539607048,181329,22,6,False,Left,Front,Left,Centre,74
<_io.BytesIO object at 0x000001C2735BB2C0>,0.6748393774032593,0.07201278209686279,-0.09271032363176346,181330,22,6,False,Left,Front,Left,Centre,74
<_io.BytesIO object at 0x000001C26B2154A0>,0.6459714770317078,0.06639278680086136,-0.12059332430362701,181330,22,6,False,Left,Front,Left,Centre,74
<_io.BytesIO object at 0x000001C270704B80>,0.6886643767356873,0.041175726801157,-0.07845524698495865,181330,22,6,False,Left,Front,Left,Centre,74
<_io.BytesIO object at 0x000001C2707043B0>,0.6650415062904358,0.04825253412127495,-0.029250450432300568,181330,22,6,False,Left,Front,Left,Centre,74
<_io.BytesIO object at 0x000001C2734AA810>,0.5862290859222412,0.05858229100704193,-0.07055928558111191,181330,22,6,False,Left,Front,Left,Centre,74
<_io.BytesIO object at 0x000001C270704B80>,0.6747710704803467,0.0721377357840538,-0.09270874410867691,181331,22,6,False,Left,Front,Left,Centre,74
<_io.BytesIO object at 0x000001C2707049F0>,0.6458843350410461,0.06663773208856583,-0.12057109922170639,181331,22,6,False,Left,Front,Left,Centre,74
<_io.BytesIO object at 0x000001C2734AA630>,0.6886040568351746,0.041248612105846405,-0.0785597488284111,181331,22,6,False,Left,Front,Left,Centre,74
<_io.BytesIO object at 0x000001C2734AACC0>,0.6650491952896118,0.0480661541223526,-0.029349958524107933,181331,22,6,False,Left,Front,Left,Centre,74
<_io.BytesIO object at 0x000001C2734AA130>,0.5860236883163452,0.05740714073181152,-0.07083573192358017,181331,22,6,False,Left,Front,Left,Centre,74
<_io.BytesIO object at 0x000001C2707049F0>,0.6746546626091003,0.07234781980514526,-0.09274160861968994,181332,22,6,False,Left,Front,Left,Centre,74
<_io.BytesIO object at 0x000001C26B215630>,0.645743727684021,0.0669073536992073,-0.12064090371131897,181332,22,6,False,Left,Front,Left,Centre,74
<_io.BytesIO object at 0x000001C2734AA4A0>,0.6885110139846802,0.041409727185964584,-0.07862406224012375,181332,22,6,False,Left,Front,Left,Centre,74
<_io.BytesIO object at 0x000001C2734AAEF0>,0.6650130152702332,0.047991856932640076,-0.029429839923977852,181332,22,6,False,Left,Front,Left,Centre,74
<_io.BytesIO object at 0x000001C2734AA720>,0.5859073400497437,0.057248927652835846,-0.07088618725538254,181332,22,6,False,Left,Front,Left,Centre,74
<_io.BytesIO object at 0x000001C2734AA310>,0.674513578414917,0.0726439356803894,-0.09277007728815079,181333,22,6,False,Left,Front,Left,Centre,74
<_io.BytesIO object at 0x000001C2734AA220>,0.645685613155365,0.06730619072914124,-0.12068946659564972,181333,22,6,False,Left,Front,Left,Centre,74
<_io.BytesIO object at 0x000001C2734AA4A0>,0.688441812992096,0.041683636605739594,-0.07867893576622009,181333,22,6,False,Left,Front,Left,Centre,74
<_io.BytesIO object at 0x000001C2735BB2C0>,0.6649918556213379,0.04805496335029602,-0.029498860239982605,181333,22,6,False,Left,Front,Left,Centre,74
<_io.BytesIO object at 0x000001C2735BB090>,0.5960463285446167,0.07442668825387955,-0.06752326339483261,181333,22,6,False,Left,Front,Left,Centre,74
<_io.BytesIO object at 0x000001C2735BB4A0>,0.6743015050888062,0.07307254523038864,-0.09262672811746597,181334,22,6,False,Left,Front,Left,Centre,74
<_io.BytesIO object at 0x000001C2734AA720>,0.6456376314163208,0.06760640442371368,-0.1207287460565567,181334,22,6,False,Left,Front,Left,Centre,74
<_io.BytesIO object at 0x000001C2734AA360>,0.6883282661437988,0.04200722277164459,-0.07873685657978058,181334,22,6,False,Left,Front,Left,Centre,74
<_io.BytesIO object at 0x000001C2734AA590>,0.6649601459503174,0.04820314422249794,-0.029533809050917625,181334,22,6,False,Left,Front,Left,Centre,74
<_io.BytesIO object at 0x000001C2734AAF90>,0.5858925580978394,0.058627646416425705,-0.07064054906368256,181334,22,6,False,Left,Front,Left,Centre,74
<_io.BytesIO object at 0x000001C2735BBA90>,0.6743120551109314,0.0734945684671402,-0.09259921312332153,181335,22,6,False,Left,Front,Left,Centre,74
<_io.BytesIO object at 0x000001C2735BBEF0>,0.6455856561660767,0.06788231432437897,-0.12072677910327911,181335,22,6,False,Left,Front,Left,Centre,74
<_io.BytesIO object at 0x000001C2735BBF90>,0.6882655024528503,0.042334772646427155,-0.07871095091104507,181335,22,6,False,Left,Front,Left,Centre,74
<_io.BytesIO object at 0x000001C2735BB950>,0.6648703217506409,0.04844546690583229,-0.029538094997406006,181335,22,6,False,Left,Front,Left,Centre,74
<_io.BytesIO object at 0x000001C2734AA130>,0.595684289932251,0.07447654008865356,-0.06745441257953644,181335,22,6,False,Left,Front,Left,Centre,74
<_io.BytesIO object at 0x000001C2734AA810>,0.6742621660232544,0.07382533699274063,-0.09262346476316452,181336,22,6,False,Left,Front,Left,Centre,74
<_io.BytesIO object at 0x000001C2734AA9A0>,0.6455690264701843,0.06836407631635666,-0.12068814039230347,181336,22,6,False,Left,Front,Left,Centre,74
<_io.BytesIO object at 0x000001C2734AA900>,0.6881678104400635,0.04272569715976715,-0.07863663882017136,181336,22,6,False,Left,Front,Left,Centre,74
<_io.BytesIO object at 0x000001C2734AA590>,0.6648068428039551,0.04865507408976555,-0.029522575438022614,181336,22,6,False,Left,Front,Left,Centre,74
<_io.BytesIO object at 0x000001C2734AABD0>,0.5857495069503784,0.05910694971680641,-0.07072384655475616,181336,22,6,False,Left,Front,Left,Centre,74
<_io.BytesIO object at 0x000001C2735BBC20>,0.6741909980773926,0.07416516542434692,-0.09255351126194,181337,22,6,False,Left,Front,Left,Centre,74
<_io.BytesIO object at 0x000001C2735BBBD0>,0.6455256938934326,0.06867202371358871,-0.12063616514205933,181337,22,6,False,Left,Front,Left,Centre,74
<_io.BytesIO object at 0x000001C2734AA8B0>,0.6880932450294495,0.04308461397886276,-0.07858821004629135,181337,22,6,False,Left,Front,Left,Centre,74
<_io.BytesIO object at 0x000001C2734AA0E0>,0.6647672653198242,0.04884312301874161,-0.029476584866642952,181337,22,6,False,Left,Front,Left,Centre,74
<_io.BytesIO object at 0x000001C2734AAEA0>,0.5855494737625122,0.058139633387327194,-0.071011021733284,181337,22,6,False,Left,Front,Left,Centre,74
<_io.BytesIO object at 0x000001C270704A40>,0.6740877032279968,0.07458316534757614,-0.09239845722913742,181338,22,6,False,Left,Front,Left,Centre,74
<_io.BytesIO object at 0x000001C270704B80>,0.645507276058197,0.06900432705879211,-0.12057571858167648,181338,22,6,False,Left,Front,Left,Centre,74
<_io.BytesIO object at 0x000001C2735BB180>,0.6880787014961243,0.04345349967479706,-0.07853199541568756,181338,22,6,False,Left,Front,Left,Centre,74
<_io.BytesIO object at 0x000001C2735BB9F0>,0.6647560596466064,0.0490933321416378,-0.029465066269040108,181338,22,6,False,Left,Front,Left,Centre,74
<_io.BytesIO object at 0x000001C2735BB1D0>,0.5854968428611755,0.05814254283905029,-0.07102959603071213,181338,22,6,False,Left,Front,Left,Centre,74
<_io.BytesIO object at 0x000001C2734AA130>,0.6740193963050842,0.07503791153430939,-0.09228521585464478,181339,22,6,False,Left,Front,Left,Centre,74
<_io.BytesIO object at 0x000001C2734AAEF0>,0.6455702781677246,0.06959269940853119,-0.1205410435795784,181339,22,6,False,Left,Front,Left,Centre,74
<_io.BytesIO object at 0x000001C2735BBE00>,0.6880817413330078,0.043868668377399445,-0.07847768068313599,181339,22,6,False,Left,Front,Left,Centre,74
<_io.BytesIO object at 0x000001C2735BB630>,0.6647362112998962,0.049334343522787094,-0.029420092701911926,181339,22,6,False,Left,Front,Left,Centre,74
<_io.BytesIO object at 0x000001C2735BBC70>,0.5854847431182861,0.05847231298685074,-0.07104465365409851,181339,22,6,False,Left,Front,Left,Centre,74
<_io.BytesIO object at 0x000001C2734AA950>,0.6741158962249756,0.07551810890436172,-0.09218779951334,181340,22,6,False,Left,Front,Left,Centre,74
<_io.BytesIO object at 0x000001C26B215680>,0.6456485390663147,0.07011116296052933,-0.12035953998565674,181340,22,6,False,Left,Front,Left,Centre,74
<_io.BytesIO object at 0x000001C2735BB0E0>,0.6881014704704285,0.044353436678647995,-0.07835818082094193,181340,22,6,False,Left,Front,Left,Centre,74
<_io.BytesIO object at 0x000001C2735BB950>,0.6647605895996094,0.04958847165107727,-0.02936648391187191,181340,22,6,False,Left,Front,Left,Centre,74
<_io.BytesIO object at 0x000001C2735BBD60>,0.5951136946678162,0.07498177886009216,-0.06721436232328415,181340,22,6,False,Left,Front,Left,Centre,74
<_io.BytesIO object at 0x000001C2735BB4F0>,0.6742916107177734,0.07605654001235962,-0.09194223582744598,181341,22,6,False,Left,Front,Left,Centre,74
<_io.BytesIO object at 0x000001C2735BB450>,0.6458538770675659,0.07074008882045746,-0.12019875645637512,181341,22,6,False,Left,Front,Left,Centre,74
<_io.BytesIO object at 0x000001C2735BB950>,0.6880981922149658,0.044864144176244736,-0.07819945365190506,181341,22,6,False,Left,Front,Left,Centre,74
<_io.BytesIO object at 0x000001C2735BBB30>,0.6648038029670715,0.04986261948943138,-0.029285892844200134,181341,22,6,False,Left,Front,Left,Centre,74
<_io.BytesIO object at 0x000001C2735BB900>,0.5952130556106567,0.07531870901584625,-0.06712843477725983,181341,22,6,False,Left,Front,Left,Centre,74
<_io.BytesIO object at 0x000001C26B215180>,0.6745057106018066,0.07669223845005035,-0.09163855761289597,181342,22,6,False,Left,Front,Left,Centre,74
<_io.BytesIO object at 0x000001C2735BB310>,0.6461566090583801,0.07139851897954941,-0.12005200982093811,181342,22,6,False,Left,Front,Left,Centre,74
<_io.BytesIO object at 0x000001C2735BBAE0>,0.6882330775260925,0.04525185748934746,-0.07807634770870209,181342,22,6,False,Left,Front,Left,Centre,74
<_io.BytesIO object at 0x000001C2735BBCC0>,0.6648991107940674,0.05011214315891266,-0.02916111797094345,181342,22,6,False,Left,Front,Left,Centre,74
<_io.BytesIO object at 0x000001C2735BBB30>,0.5952944755554199,0.07584276050329208,-0.06711519509553909,181342,22,6,False,Left,Front,Left,Centre,74
<_io.BytesIO object at 0x000001C2707043B0>,0.6749981641769409,0.07721827924251556,-0.09138662368059158,181343,22,6,False,Left,Front,Left,Centre,74
<_io.BytesIO object at 0x000001C2707049F0>,0.6465343832969666,0.07225152850151062,-0.11960961669683456,181343,22,6,False,Left,Front,Left,Centre,74
<_io.BytesIO object at 0x000001C2735BB310>,0.6884949207305908,0.04558519273996353,-0.07797367125749588,181343,22,6,False,Left,Front,Left,Centre,74
<_io.BytesIO object at 0x000001C2735BB680>,0.6650287508964539,0.05029166862368584,-0.029042085632681847,181343,22,6,False,Left,Front,Left,Centre,74
<_io.BytesIO object at 0x000001C2735BB860>,0.5955367088317871,0.07655701041221619,-0.0670817643404007,181343,22,6,False,Left,Front,Left,Centre,74
<_io.BytesIO object at 0x000001C26B215180>,0.6756095290184021,0.07766693830490112,-0.09102095663547516,181344,22,6,False,Left,Front,Left,Centre,74
<_io.BytesIO object at 0x000001C26B2154F0>,0.6471500992774963,0.07298233360052109,-0.1192396804690361,181344,22,6,False,Left,Front,Left,Centre,74
<_io.BytesIO object at 0x000001C2735BBE00>,0.6888091564178467,0.04580790176987648,-0.07784423232078552,181344,22,6,False,Left,Front,Left,Centre,74
<_io.BytesIO object at 0x000001C2735BB220>,0.6652511954307556,0.050337936729192734,-0.028929518535733223,181344,22,6,False,Left,Front,Left,Centre,74
<_io.BytesIO object at 0x000001C2735BB310>,0.5961029529571533,0.07744753360748291,-0.06694069504737854,181344,22,6,False,Left,Front,Left,Centre,74
<_io.BytesIO object at 0x000001C2735BB450>,0.6763647794723511,0.07787171751260757,-0.090659499168396,181345,22,6,False,Left,Front,Left,Centre,74
<_io.BytesIO object at 0x000001C26B215540>,0.6479860544204712,0.07420286536216736,-0.11908478289842606,181345,22,6,False,Left,Front,Left,Centre,74
<_io.BytesIO object at 0x000001C270704A40>,0.6891624927520752,0.04586668685078621,-0.0777805745601654,181345,22,6,False,Left,Front,Left,Centre,74
<_io.BytesIO object at 0x000001C270704AE0>,0.6656557321548462,0.050211746245622635,-0.02881489507853985,181345,22,6,False,Left,Front,Left,Centre,74
<_io.BytesIO object at 0x000001C2734AAD10>,0.5968000888824463,0.07860050350427628,-0.0668165385723114,181345,22,6,False,Left,Front,Left,Centre,74
<_io.BytesIO object at 0x000001C2734AA130>,0.6772812604904175,0.07805200666189194,-0.09015971422195435,181346,22,6,False,Left,Front,Left,Centre,74
<_io.BytesIO object at 0x000001C2734AA900>,0.6488286256790161,0.07510322332382202,-0.11855870485305786,181346,22,6,False,Left,Front,Left,Centre,74
<_io.BytesIO object at 0x000001C2734AA3B0>,0.6896664500236511,0.045864712446928024,-0.07778972387313843,181346,22,6,False,Left,Front,Left,Centre,74
<_io.BytesIO object at 0x000001C2734AAE00>,0.6661763787269592,0.04999053478240967,-0.028633534908294678,181346,22,6,False,Left,Front,Left,Centre,74
<_io.BytesIO object at 0x000001C2707043B0>,0.5977576971054077,0.07985839992761612,-0.06656952947378159,181346,22,6,False,Left,Front,Left,Centre,74
<_io.BytesIO object at 0x000001C2735BB9A0>,0.6784323453903198,0.07812193781137466,-0.0899059921503067,181347,22,6,False,Left,Front,Left,Centre,74
<_io.BytesIO object at 0x000001C26B215680>,0.6497228145599365,0.07584255933761597,-0.11816029250621796,181347,22,6,False,Left,Front,Left,Centre,74
<_io.BytesIO object at 0x000001C270704BD0>,0.6904149055480957,0.04567218944430351,-0.07772544771432877,181347,22,6,False,Left,Front,Left,Centre,74
<_io.BytesIO object at 0x000001C270704B80>,0.6668397784233093,0.049645088613033295,-0.028684895485639572,181347,22,6,False,Left,Front,Left,Centre,74
<_io.BytesIO object at 0x000001C2734AA4A0>,0.5988544225692749,0.08119605481624603,-0.06611920893192291,181347,22,6,False,Left,Front,Left,Centre,74
<_io.BytesIO object at 0x000001C2735BB310>,0.6796544194221497,0.0781535729765892,-0.08962113410234451,181348,22,6,False,Left,Front,Left,Centre,74
<_io.BytesIO object at 0x000001C2735BBA40>,0.6508438587188721,0.07675877213478088,-0.11791354417800903,181348,22,6,False,Left,Front,Left,Centre,74
<_io.BytesIO object at 0x000001C2735BB1D0>,0.6909424066543579,0.045421384274959564,-0.07779418677091599,181348,22,6,False,Left,Front,Left,Centre,74
<_io.BytesIO object at 0x000001C2735BB090>,0.667580246925354,0.04940519481897354,-0.028754999861121178,181348,22,6,False,Left,Front,Left,Centre,74
<_io.BytesIO object at 0x000001C2734AA4F0>,0.6002915501594543,0.08274969458580017,-0.06575289368629456,181348,22,6,False,Left,Front,Left,Centre,74
<_io.BytesIO object at 0x000001C2734AA2C0>,0.6809192299842834,0.07828427106142044,-0.08944480121135712,181349,22,6,False,Left,Front,Left,Centre,74
<_io.BytesIO object at 0x000001C2734AA090>,0.6518635153770447,0.07744494825601578,-0.11761689931154251,181349,22,6,False,Left,Front,Left,Centre,74
<_io.BytesIO object at 0x000001C2735BB360>,0.6913620233535767,0.04492907226085663,-0.077997587621212,181349,22,6,False,Left,Front,Left,Centre,74
<_io.BytesIO object at 0x000001C2735BB270>,0.6683871150016785,0.04944746196269989,-0.02874835766851902,181349,22,6,False,Left,Front,Left,Centre,74
<_io.BytesIO object at 0x000001C2735BBD60>,0.6017809510231018,0.08442244678735733,-0.0655546560883522,181349,22,6,False,Left,Front,Left,Centre,74
<_io.BytesIO object at 0x000001C2734AA5E0>,0.6823420524597168,0.07836957275867462,-0.0894511491060257,181350,22,6,False,Left,Front,Left,Centre,74
<_io.BytesIO object at 0x000001C270704AE0>,0.6531400680541992,0.07817497104406357,-0.11751114577054977,181350,22,6,False,Left,Front,Left,Centre,74
<_io.BytesIO object at 0x000001C2735BB720>,0.6920672059059143,0.044974006712436676,-0.07821338623762131,181350,22,6,False,Left,Front,Left,Centre,74
<_io.BytesIO object at 0x000001C2735BB860>,0.6692568063735962,0.049966733902692795,-0.02875388227403164,181350,22,6,False,Left,Front,Left,Centre,74
<_io.BytesIO object at 0x000001C2735BB680>,0.6034333109855652,0.08639221638441086,-0.06551061570644379,181350,22,6,False,Left,Front,Left,Centre,74
<_io.BytesIO object at 0x000001C2734AAF40>,0.6836748123168945,0.07885459065437317,-0.08958491683006287,181351,22,6,False,Left,Front,Left,Centre,74
<_io.BytesIO object at 0x000001C2734AA720>,0.6543174982070923,0.07914985716342926,-0.11751257628202438,181351,22,6,False,Left,Front,Left,Centre,74
<_io.BytesIO object at 0x000001C2735BBC20>,0.692726731300354,0.04515906423330307,-0.0782986581325531,181351,22,6,False,Left,Front,Left,Centre,74
<_io.BytesIO object at 0x000001C2735BB0E0>,0.670224666595459,0.05094500631093979,-0.028778010979294777,181351,22,6,False,Left,Front,Left,Centre,74
<_io.BytesIO object at 0x000001C2735BB360>,0.5937994718551636,0.07552678883075714,-0.06826433539390564,181351,22,6,False,Left,Front,Left,Centre,74
<_io.BytesIO object at 0x000001C26B2154A0>,0.685176432132721,0.07944387942552567,-0.08978243917226791,181352,22,6,False,Left,Front,Left,Centre,74
<_io.BytesIO object at 0x000001C26B215810>,0.6555873155593872,0.07990474998950958,-0.1175631731748581,181352,22,6,False,Left,Front,Left,Centre,74
<_io.BytesIO object at 0x000001C2735BBBD0>,0.6937735676765442,0.04560329392552376,-0.07841815799474716,181352,22,6,False,Left,Front,Left,Centre,74
<_io.BytesIO object at 0x000001C2735BBA40>,0.6712141633033752,0.05202251300215721,-0.028751922771334648,181352,22,6,False,Left,Front,Left,Centre,74
<_io.BytesIO object at 0x000001C2735BB360>,0.6068799495697021,0.09059689193964005,-0.06583335250616074,181352,22,6,False,Left,Front,Left,Centre,74
<_io.BytesIO object at 0x000001C2735BB900>,0.6866186261177063,0.08003877103328705,-0.09011531621217728,181353,22,6,False,Left,Front,Left,Centre,74
<_io.BytesIO object at 0x000001C26B215540>,0.6568540334701538,0.08078166097402573,-0.11780578643083572,181353,22,6,False,Left,Front,Left,Centre,74
<_io.BytesIO object at 0x000001C270704A40>,0.6947032809257507,0.04624141752719879,-0.07847128808498383,181353,22,6,False,Left,Front,Left,Centre,74
<_io.BytesIO object at 0x000001C270704AE0>,0.6723452806472778,0.053536079823970795,-0.028858529403805733,181353,22,6,False,Left,Front,Left,Centre,74
<_io.BytesIO object at 0x000001C2734AADB0>,0.596746563911438,0.07990284264087677,-0.06820077449083328,181353,22,6,False,Left,Front,Left,Centre,74
<_io.BytesIO object at 0x000001C26B215180>,0.6878141760826111,0.08070569485425949,-0.0904512107372284,181354,22,6,False,Left,Front,Left,Centre,74
<_io.BytesIO object at 0x000001C2735BB770>,0.6579928994178772,0.08174934983253479,-0.11798744648694992,181354,22,6,False,Left,Front,Left,Centre,74
<_io.BytesIO object at 0x000001C2735BB9A0>,0.6957781314849854,0.047081876546144485,-0.0785549134016037,181354,22,6,False,Left,Front,Left,Centre,74
<_io.BytesIO object at 0x000001C2735BB0E0>,0.6736335158348083,0.0554799884557724,-0.028833512216806412,181354,22,6,False,Left,Front,Left,Centre,74
<_io.BytesIO object at 0x000001C2735BB9F0>,0.6104884743690491,0.09519214928150177,-0.06656903028488159,181354,22,6,False,Left,Front,Left,Centre,74
<_io.BytesIO object at 0x000001C2734AA8B0>,0.6890848278999329,0.08162055909633636,-0.0908639207482338,181355,22,6,False,Left,Front,Left,Centre,74
<_io.BytesIO object at 0x000001C2734AA2C0>,0.6591284871101379,0.08268717676401138,-0.11809859424829483,181355,22,6,False,Left,Front,Left,Centre,74
<_io.BytesIO object at 0x000001C2735BB3B0>,0.6967635750770569,0.0480542927980423,-0.07871859520673752,181355,22,6,False,Left,Front,Left,Centre,74
<_io.BytesIO object at 0x000001C2735BB360>,0.6751694679260254,0.05762462317943573,-0.02887992188334465,181355,22,6,False,Left,Front,Left,Centre,74
<_io.BytesIO object at 0x000001C2735BBEA0>,0.5999438762664795,0.08504541963338852,-0.06760823726654053,181355,22,6,False,Left,Front,Left,Centre,74
<_io.BytesIO object at 0x000001C2735BB040>,0.6904894709587097,0.08270395547151566,-0.09118504077196121,181356,22,6,False,Left,Front,Left,Centre,74
<_io.BytesIO object at 0x000001C2735BB450>,0.6603403091430664,0.08388195186853409,-0.11827227473258972,181356,22,6,False,Left,Front,Left,Centre,74
<_io.BytesIO object at 0x000001C2735BB310>,0.6979276537895203,0.04909224063158035,-0.07876823842525482,181356,22,6,False,Left,Front,Left,Centre,74
<_io.BytesIO object at 0x000001C2735BB810>,0.6767958402633667,0.0599224828183651,-0.02888246439397335,181356,22,6,False,Left,Front,Left,Centre,74
<_io.BytesIO object at 0x000001C2734AA2C0>,0.6141997575759888,0.10002897679805756,-0.06721252202987671,181356,22,6,False,Left,Front,Left,Centre,74
<_io.BytesIO object at 0x000001C2735BBC20>,0.691969096660614,0.08375945687294006,-0.09153544902801514,181357,22,6,False,Left,Front,Left,Centre,74
<_io.BytesIO object at 0x000001C270704360>,0.6614362001419067,0.08492101728916168,-0.11830694228410721,181357,22,6,False,Left,Front,Left,Centre,74
<_io.BytesIO object at 0x000001C26B2154F0>,0.6991543769836426,0.050301261246204376,-0.07876180857419968,181357,22,6,False,Left,Front,Left,Centre,74
<_io.BytesIO object at 0x000001C26B215400>,0.6785850524902344,0.06226220726966858,-0.028866907581686974,181357,22,6,False,Left,Front,Left,Centre,74
<_io.BytesIO object at 0x000001C2734AA950>,0.6162174344062805,0.1026226282119751,-0.06736043095588684,181357,22,6,False,Left,Front,Left,Centre,74
<_io.BytesIO object at 0x000001C2735BBE50>,0.6934549808502197,0.08501864969730377,-0.09178298711776733,181358,22,6,False,Left,Front,Left,Centre,74
<_io.BytesIO object at 0x000001C2735BBBD0>,0.6626482009887695,0.0864744484424591,-0.11833583563566208,181358,22,6,False,Left,Front,Left,Centre,74
<_io.BytesIO object at 0x000001C2735BB4A0>,0.7001373171806335,0.051612984389066696,-0.0788610503077507,181358,22,6,False,Left,Front,Left,Centre,74
<_io.BytesIO object at 0x000001C2735BBCC0>,0.6795240640640259,0.06369917839765549,-0.028995979577302933,181358,22,6,False,Left,Front,Left,Centre,74
<_io.BytesIO object at 0x000001C2734AAC70>,0.6049916744232178,0.09273408353328705,-0.066778264939785,181358,22,6,False,Left,Front,Left,Centre,74
<_io.BytesIO object at 0x000001C2735D4AE0>,0.6949024796485901,0.08618449419736862,-0.09193853288888931,181359,22,6,False,Left,Front,Left,Centre,74
<_io.BytesIO object at 0x000001C2735DB400>,0.6638062596321106,0.08781036734580994,-0.11838687211275101,181359,22,6,False,Left,Front,Left,Centre,74
<_io.BytesIO object at 0x000001C2735DBD60>,0.7011021971702576,0.052731048315763474,-0.07895898073911667,181359,22,6,False,Left,Front,Left,Centre,74
<_io.BytesIO object at 0x000001C2735DB5E0>,0.6811491250991821,0.06561460345983505,-0.02898702770471573,181359,22,6,False,Left,Front,Left,Centre,74
<_io.BytesIO object at 0x000001C2735DBEF0>,0.6063128709793091,0.09439833462238312,-0.06645596027374268,181359,22,6,False,Left,Front,Left,Centre,74
<_io.BytesIO object at 0x000001C27348DBD0>,0.6965245008468628,0.0875447615981102,-0.09206300973892212,181360,22,6,False,Left,Front,Left,Centre,74
<_io.BytesIO object at 0x000001C27349D180>,0.6647403240203857,0.08923085033893585,-0.11831772327423096,181360,22,6,False,Left,Front,Left,Centre,74
<_io.BytesIO object at 0x000001C27349D720>,0.7022616267204285,0.05399996042251587,-0.07898840308189392,181360,22,6,False,Left,Front,Left,Centre,74
<_io.BytesIO object at 0x000001C27349D810>,0.68288654088974,0.06751060485839844,-0.028817376121878624,181360,22,6,False,Left,Front,Left,Centre,74
<_io.BytesIO object at 0x000001C27349D770>,0.6079699993133545,0.09673979878425598,-0.06578473746776581,181360,22,6,False,Left,Front,Left,Centre,74
<_io.BytesIO object at 0x000001C27349F6D0>,0.6978288292884827,0.08861468732357025,-0.0921420156955719,181361,22,6,False,Left,Front,Left,Centre,74
<_io.BytesIO object at 0x000001C2734804F0>,0.6662195324897766,0.09120484441518784,-0.11809468269348145,181361,22,6,False,Left,Front,Left,Centre,74
<_io.BytesIO object at 0x000001C273480BD0>,0.7031846642494202,0.05504939332604408,-0.07902079820632935,181361,22,6,False,Left,Front,Left,Centre,74
<_io.BytesIO object at 0x000001C2734802C0>,0.6849103569984436,0.06947298347949982,-0.028682870790362358,181361,22,6,False,Left,Front,Left,Centre,74
<_io.BytesIO object at 0x000001C273480EF0>,0.610247790813446,0.10042355954647064,-0.0648280456662178,181361,22,6,False,Left,Front,Left,Centre,74
<_io.BytesIO object at 0x000001C27349D310>,0.699323832988739,0.08970749378204346,-0.09197688102722168,181362,22,6,False,Left,Front,Left,Centre,74
<_io.BytesIO object at 0x000001C27349D2C0>,0.6673323512077332,0.09288669377565384,-0.11770597100257874,181362,22,6,False,Left,Front,Left,Centre,74
<_io.BytesIO object at 0x000001C27349D9A0>,0.704253613948822,0.056202422827482224,-0.07895422726869583,181362,22,6,False,Left,Front,Left,Centre,74
<_io.BytesIO object at 0x000001C27349D090>,0.6865173578262329,0.07093844562768936,-0.028460528701543808,181362,22,6,False,Left,Front,Left,Centre,74
<_io.BytesIO object at 0x000001C27348D2C0>,0.6121195554733276,0.10302146524190903,-0.06391649693250656,181362,22,6,False,Left,Front,Left,Centre,74
<_io.BytesIO object at 0x000001C2735DB130>,0.7009317874908447,0.09095166623592377,-0.09191348403692245,181363,22,6,False,Left,Front,Left,Centre,74
<_io.BytesIO object at 0x000001C2735DBA40>,0.6688318252563477,0.09496434032917023,-0.11734376102685928,181363,22,6,False,Left,Front,Left,Centre,74
<_io.BytesIO object at 0x000001C2735DBE00>,0.7051539421081543,0.057227686047554016,-0.07888104766607285,181363,22,6,False,Left,Front,Left,Centre,74
<_io.BytesIO object at 0x000001C2735DB270>,0.6882021427154541,0.07238617539405823,-0.02817912958562374,181363,22,6,False,Left,Front,Left,Centre,74
<_io.BytesIO object at 0x000001C2735DB1D0>,0.6142470836639404,0.10626646876335144,-0.06311742961406708,181363,22,6,False,Left,Front,Left,Centre,74
<_io.BytesIO object at 0x000001C2734AADB0>,0.7022797465324402,0.09207621961832047,-0.09182168543338776,181364,22,6,False,Left,Front,Left,Centre,74
<_io.BytesIO object at 0x000001C2735BB220>,0.6700462102890015,0.0965925008058548,-0.11682411283254623,181364,22,6,False,Left,Front,Left,Centre,74
<_io.BytesIO object at 0x000001C2735BB9F0>,0.7060624957084656,0.058284737169742584,-0.07876601815223694,181364,22,6,False,Left,Front,Left,Centre,74
<_io.BytesIO object at 0x000001C2735BB8B0>,0.6902097463607788,0.07403526455163956,-0.027897723019123077,181364,22,6,False,Left,Front,Left,Centre,74
<_io.BytesIO object at 0x000001C2735BB4F0>,0.6165145039558411,0.1093759834766388,-0.06188160181045532,181364,22,6,False,Left,Front,Left,Centre,74
<_io.BytesIO object at 0x000001C2734C3400>,0.7037959098815918,0.09308122843503952,-0.0916445180773735,181365,22,6,False,Left,Front,Left,Centre,74
<_io.BytesIO object at 0x000001C2734C3C20>,0.6712329387664795,0.09840069711208344,-0.11624044179916382,181365,22,6,False,Left,Front,Left,Centre,74
<_io.BytesIO object at 0x000001C2734C3900>,0.707003653049469,0.059446070343256,-0.07863447070121765,181365,22,6,False,Left,Front,Left,Centre,74
<_io.BytesIO object at 0x000001C2734C31D0>,0.6917235851287842,0.07533831894397736,-0.027602000162005424,181365,22,6,False,Left,Front,Left,Centre,74
<_io.BytesIO object at 0x000001C273475130>,0.6185903549194336,0.1121039018034935,-0.06076131761074066,181365,22,6,False,Left,Front,Left,Centre,74
<_io.BytesIO object at 0x000001C2735B5BD0>,0.7051844596862793,0.09420416504144669,-0.09131132066249847,181366,22,6,False,Left,Front,Left,Centre,74
<_io.BytesIO object at 0x000001C2735B5C20>,0.6727458834648132,0.10022237151861191,-0.1157095655798912,181366,22,6,False,Left,Front,Left,Centre,74
<_io.BytesIO object at 0x000001C2735B5D10>,0.7080116868019104,0.060541003942489624,-0.07838885486125946,181366,22,6,False,Left,Front,Left,Centre,74
<_io.BytesIO object at 0x000001C2735C39A0>,0.6934617161750793,0.07672730088233948,-0.02723754569888115,181366,22,6,False,Left,Front,Left,Centre,74
<_io.BytesIO object at 0x000001C2735C39F0>,0.6207837462425232,0.11490905284881592,-0.05975956842303276,181366,22,6,False,Left,Front,Left,Centre,74
<_io.BytesIO object at 0x000001C2734C3B80>,0.7064998745918274,0.09528614580631256,-0.09100838750600815,181367,22,6,False,Left,Front,Left,Centre,74
<_io.BytesIO object at 0x000001C2734C35E0>,0.6737163662910461,0.10153619199991226,-0.11501548439264297,181367,22,6,False,Left,Front,Left,Centre,74
<_io.BytesIO object at 0x000001C2734C3D60>,0.7087408900260925,0.06151779368519783,-0.07807746529579163,181367,22,6,False,Left,Front,Left,Centre,74
<_io.BytesIO object at 0x000001C273480590>,0.6952446699142456,0.07822441309690475,-0.026811489835381508,181367,22,6,False,Left,Front,Left,Centre,74
<_io.BytesIO object at 0x000001C2734806D0>,0.6228883266448975,0.11756342649459839,-0.05844781547784805,181367,22,6,False,Left,Front,Left,Centre,74
<_io.BytesIO object at 0x000001C2735BBE50>,0.7077515721321106,0.09635759890079498,-0.09065759927034378,181368,22,6,False,Left,Front,Left,Centre,74
<_io.BytesIO object at 0x000001C2735BB7C0>,0.675097644329071,0.10333520174026489,-0.11441660672426224,181368,22,6,False,Left,Front,Left,Centre,74
<_io.BytesIO object at 0x000001C2734AA220>,0.7097174525260925,0.0626368373632431,-0.0776706114411354,181368,22,6,False,Left,Front,Left,Centre,74
<_io.BytesIO object at 0x000001C2734AA2C0>,0.6968793272972107,0.07948768883943558,-0.026291396468877792,181368,22,6,False,Left,Front,Left,Centre,74
<_io.BytesIO object at 0x000001C2734AA270>,0.6248779892921448,0.12006888538599014,-0.057438723742961884,181368,22,6,False,Left,Front,Left,Centre,74
<_io.BytesIO object at 0x000001C2735DB770>,0.7088441848754883,0.0970740020275116,-0.0902826189994812,181369,22,6,False,Left,Front,Left,Centre,74
<_io.BytesIO object at 0x000001C2735DBA90>,0.6759399175643921,0.10457009077072144,-0.1136033684015274,181369,22,6,False,Left,Front,Left,Centre,74
<_io.BytesIO object at 0x000001C2736AD720>,0.7105501294136047,0.06352100521326065,-0.07723390311002731,181369,22,6,False,Left,Front,Left,Centre,74
<_io.BytesIO object at 0x000001C2736AD270>,0.6984614729881287,0.08069674670696259,-0.025699559599161148,181369,22,6,False,Left,Front,Left,Centre,74
<_io.BytesIO object at 0x000001C2736ADF40>,0.6267398595809937,0.12215209007263184,-0.05608188360929489,181369,22,6,False,Left,Front,Left,Centre,74
<_io.BytesIO object at 0x000001C27349D400>,0.7103535532951355,0.09818742424249649,-0.08979354798793793,181370,22,6,False,Left,Front,Left,Centre,74
<_io.BytesIO object at 0x000001C27349D130>,0.6770896315574646,0.10597728192806244,-0.11293294280767441,181370,22,6,False,Left,Front,Left,Centre,74
<_io.BytesIO object at 0x000001C27349D7C0>,0.7114450931549072,0.06447427719831467,-0.07659369707107544,181370,22,6,False,Left,Front,Left,Centre,74
<_io.BytesIO object at 0x000001C273483DB0>,0.7001027464866638,0.08192696422338486,-0.025115247815847397,181370,22,6,False,Left,Front,Left,Centre,74
<_io.BytesIO object at 0x000001C273483180>,0.6285380721092224,0.12428650259971619,-0.05507431924343109,181370,22,6,False,Left,Front,Left,Centre,74
<_io.BytesIO object at 0x000001C27349FEF0>,0.7115875482559204,0.09900537878274918,-0.08919267356395721,181371,22,6,False,Left,Front,Left,Centre,74
<_io.BytesIO object at 0x000001C27349F4A0>,0.6782872676849365,0.1071639209985733,-0.11210319399833679,181371,22,6,False,Left,Front,Left,Centre,74
<_io.BytesIO object at 0x000001C27349F900>,0.7122032046318054,0.06538605690002441,-0.07603142410516739,181371,22,6,False,Left,Front,Left,Centre,74
<_io.BytesIO object at 0x000001C27349F3B0>,0.7016668319702148,0.08322854340076447,-0.024425553157925606,181371,22,6,False,Left,Front,Left,Centre,74
<_io.BytesIO object at 0x000001C273483D60>,0.6305832862854004,0.12661467492580414,-0.05389619246125221,181371,22,6,False,Left,Front,Left,Centre,74
<_io.BytesIO object at 0x000001C27348DAE0>,0.7126141786575317,0.09968442469835281,-0.08873840421438217,181372,22,6,False,Left,Front,Left,Centre,74
<_io.BytesIO object at 0x000001C27348D9F0>,0.6795554757118225,0.10857827216386795,-0.11102564632892609,181372,22,6,False,Left,Front,Left,Centre,74
<_io.BytesIO object at 0x000001C27348DF40>,0.7130246758460999,0.06613760441541672,-0.07533587515354156,181372,22,6,False,Left,Front,Left,Centre,74
<_io.BytesIO object at 0x000001C27348DCC0>,0.7029742002487183,0.0842207595705986,-0.02374482899904251,181372,22,6,False,Left,Front,Left,Centre,74
<_io.BytesIO object at 0x000001C2736AD810>,0.6327933669090271,0.12894442677497864,-0.05245942622423172,181372,22,6,False,Left,Front,Left,Centre,74
<_io.BytesIO object at 0x000001C2735D40E0>,0.7135230302810669,0.10034094005823135,-0.08806810528039932,181373,22,6,False,Left,Front,Left,Centre,74
<_io.BytesIO object at 0x000001C2734AA9F0>,0.6805179715156555,0.10960089415311813,-0.11015439033508301,181373,22,6,False,Left,Front,Left,Centre,74
<_io.BytesIO object at 0x000001C2734AABD0>,0.7137133479118347,0.06681954860687256,-0.07458718121051788,181373,22,6,False,Left,Front,Left,Centre,74
<_io.BytesIO object at 0x000001C2734AA220>,0.704397976398468,0.08522934466600418,-0.023036107420921326,181373,22,6,False,Left,Front,Left,Centre,74
<_io.BytesIO object at 0x000001C2734AA090>,0.6345267295837402,0.1307990998029709,-0.05125365033745766,181373,22,6,False,Left,Front,Left,Centre,74
<_io.BytesIO object at 0x000001C273480A40>,0.7145887017250061,0.10099396854639053,-0.08744873106479645,181374,22,6,False,Left,Front,Left,Centre,74
<_io.BytesIO object at 0x000001C273480F90>,0.6814631223678589,0.1105005145072937,-0.10927288979291916,181374,22,6,False,Left,Front,Left,Centre,74
<_io.BytesIO object at 0x000001C2734C3130>,0.714565098285675,0.06752943992614746,-0.07389345020055771,181374,22,6,False,Left,Front,Left,Centre,74
<_io.BytesIO object at 0x000001C2734C3D60>,0.7057719826698303,0.08612366020679474,-0.022215258330106735,181374,22,6,False,Left,Front,Left,Centre,74
<_io.BytesIO object at 0x000001C2734C3540>,0.6362028121948242,0.13230538368225098,-0.05000719055533409,181374,22,6,False,Left,Front,Left,Centre,74
<_io.BytesIO object at 0x000001C273475A90>,0.7154293656349182,0.10151289403438568,-0.08685429394245148,181375,22,6,False,Left,Front,Left,Centre,74
<_io.BytesIO object at 0x000001C273475180>,0.6822327971458435,0.11126405000686646,-0.10839877277612686,181375,22,6,False,Left,Front,Left,Centre,74
<_io.BytesIO object at 0x000001C273475680>,0.7152107357978821,0.06811118125915527,-0.07315549999475479,181375,22,6,False,Left,Front,Left,Centre,74
<_io.BytesIO object at 0x000001C273475360>,0.7071745991706848,0.08701173961162567,-0.021410085260868073,181375,22,6,False,Left,Front,Left,Centre,74
<_io.BytesIO object at 0x000001C273475950>,0.6378007531166077,0.1338089108467102,-0.04876043647527695,181375,22,6,False,Left,Front,Left,Centre,74
<_io.BytesIO object at 0x000001C2735B5EF0>,0.7163074612617493,0.10198651999235153,-0.08613748848438263,181376,22,6,False,Left,Front,Left,Centre,74
<_io.BytesIO object at 0x000001C2735C3180>,0.6830123066902161,0.11205961555242538,-0.10743672400712967,181376,22,6,False,Left,Front,Left,Centre,74
<_io.BytesIO object at 0x000001C2735C37C0>,0.7159040570259094,0.06871340423822403,-0.07233736664056778,181376,22,6,False,Left,Front,Left,Centre,74
<_io.BytesIO object at 0x000001C2735C3A40>,0.7084546685218811,0.08790884912014008,-0.02063906192779541,181376,22,6,False,Left,Front,Left,Centre,74
<_io.BytesIO object at 0x000001C273475EA0>,0.6393666863441467,0.13525864481925964,-0.04748889058828354,181376,22,6,False,Left,Front,Left,Centre,74
<_io.BytesIO object at 0x000001C2735DB4A0>,0.7171351909637451,0.10249411314725876,-0.08545805513858795,181377,22,6,False,Left,Front,Left,Centre,74
<_io.BytesIO object at 0x000001C2734C34A0>,0.6837584376335144,0.11272986978292465,-0.10657564550638199,181377,22,6,False,Left,Front,Left,Centre,74
<_io.BytesIO object at 0x000001C2734C3CC0>,0.7163992524147034,0.06917428225278854,-0.07160334289073944,181377,22,6,False,Left,Front,Left,Centre,74
<_io.BytesIO object at 0x000001C2734C3040>,0.7095324993133545,0.08864051848649979,-0.01988832838833332,181377,22,6,False,Left,Front,Left,Centre,74
<_io.BytesIO object at 0x000001C2734C30E0>,0.640789806842804,0.13661912083625793,-0.04639263451099396,181377,22,6,False,Left,Front,Left,Centre,74
<_io.BytesIO object at 0x000001C2734AA270>,0.7178421020507812,0.10290122032165527,-0.08474468439817429,181378,22,6,False,Left,Front,Left,Centre,74
<_io.BytesIO object at 0x000001C2734AAA40>,0.6844870448112488,0.11334238201379776,-0.10568714886903763,181378,22,6,False,Left,Front,Left,Centre,74
<_io.BytesIO object at 0x000001C2734AAB80>,0.7169278264045715,0.06958450376987457,-0.07083749771118164,181378,22,6,False,Left,Front,Left,Centre,74
<_io.BytesIO object at 0x000001C2734AA310>,0.7108128070831299,0.0894479751586914,-0.019099228084087372,181378,22,6,False,Left,Front,Left,Centre,74
<_io.BytesIO object at 0x000001C2735D4F40>,0.6423268914222717,0.13801667094230652,-0.04521118849515915,181378,22,6,False,Left,Front,Left,Centre,74
<_io.BytesIO object at 0x000001C2736ADB80>,0.7184965014457703,0.10337602347135544,-0.0838978961110115,181379,22,6,False,Left,Front,Left,Centre,74
<_io.BytesIO object at 0x000001C27348D8B0>,0.6851150393486023,0.11394289880990982,-0.10479342937469482,181379,22,6,False,Left,Front,Left,Centre,74
<_io.BytesIO object at 0x000001C27348DC20>,0.7175244092941284,0.06997870653867722,-0.07005924731492996,181379,22,6,False,Left,Front,Left,Centre,74
<_io.BytesIO object at 0x000001C27348D2C0>,0.7116283774375916,0.08992700278759003,-0.018326984718441963,181379,22,6,False,Left,Front,Left,Centre,74
<_io.BytesIO object at 0x000001C27348D0E0>,0.6433256268501282,0.13879340887069702,-0.044127535074949265,181379,22,6,False,Left,Front,Left,Centre,74
<_io.BytesIO object at 0x000001C27349F590>,0.7191007137298584,0.10372710973024368,-0.08322463929653168,181380,22,6,False,Left,Front,Left,Centre,74
<_io.BytesIO object at 0x000001C273483CC0>,0.6856623888015747,0.11451667547225952,-0.10395343601703644,181380,22,6,False,Left,Front,Left,Centre,74
<_io.BytesIO object at 0x000001C273483680>,0.7181236147880554,0.0704847127199173,-0.0692528635263443,181380,22,6,False,Left,Front,Left,Centre,74
<_io.BytesIO object at 0x000001C273483D10>,0.7126995325088501,0.09059496968984604,-0.017508480697870255,181380,22,6,False,Left,Front,Left,Centre,74
<_io.BytesIO object at 0x000001C273483720>,0.6443365812301636,0.13967353105545044,-0.043086860328912735,181380,22,6,False,Left,Front,Left,Centre,74
<_io.BytesIO object at 0x000001C273480A90>,0.719750165939331,0.10412851721048355,-0.08252353221178055,181381,22,6,False,Left,Front,Left,Centre,74
<_io.BytesIO object at 0x000001C273483900>,0.6862296462059021,0.11508152633905411,-0.10301551222801208,181381,22,6,False,Left,Front,Left,Centre,74
<_io.BytesIO object at 0x000001C2734839A0>,0.7187904715538025,0.07110334187746048,-0.06840461492538452,181381,22,6,False,Left,Front,Left,Centre,74
<_io.BytesIO object at 0x000001C273483B80>,0.7134448289871216,0.09110494703054428,-0.016709081828594208,181381,22,6,False,Left,Front,Left,Centre,74
<_io.BytesIO object at 0x000001C273483CC0>,0.645194411277771,0.14032703638076782,-0.04202966019511223,181381,22,6,False,Left,Front,Left,Centre,74
<_io.BytesIO object at 0x000001C27349D950>,0.7203741669654846,0.10455084592103958,-0.08179404586553574,181382,22,6,False,Left,Front,Left,Centre,74
<_io.BytesIO object at 0x000001C27349D090>,0.6865824460983276,0.1155940517783165,-0.10211765021085739,181382,22,6,False,Left,Front,Left,Centre,74
<_io.BytesIO object at 0x000001C27348D310>,0.719083845615387,0.07148788869380951,-0.06769069284200668,181382,22,6,False,Left,Front,Left,Centre,74
<_io.BytesIO object at 0x000001C27348DC20>,0.7143867611885071,0.09183643013238907,-0.015930967405438423,181382,22,6,False,Left,Front,Left,Centre,74
<_io.BytesIO object at 0x000001C27348DA90>,0.6462856531143188,0.14138208329677582,-0.0408829003572464,181382,22,6,False,Left,Front,Left,Centre,74
<_io.BytesIO object at 0x000001C2735D42C0>,0.7209768891334534,0.10517151653766632,-0.08064112067222595,181383,22,6,False,Left,Front,Left,Centre,74
<_io.BytesIO object at 0x000001C2735D4EF0>,0.6871338486671448,0.11636680364608765,-0.10120310634374619,181383,22,6,False,Left,Front,Left,Centre,74
<_io.BytesIO object at 0x000001C2734AAE00>,0.7193859815597534,0.07184051722288132,-0.06696672737598419,181383,22,6,False,Left,Front,Left,Centre,74
<_io.BytesIO object at 0x000001C2734AAB80>,0.7148430347442627,0.0921972244977951,-0.015149959363043308,181383,22,6,False,Left,Front,Left,Centre,74
<_io.BytesIO object at 0x000001C2734AA4A0>,0.6469992399215698,0.14212900400161743,-0.03982260078191757,181383,22,6,False,Left,Front,Left,Centre,74
<_io.BytesIO object at 0x000001C26B215130>,0.7214261293411255,0.10563919693231583,-0.07972685992717743,181384,22,6,False,Left,Front,Left,Centre,74
<_io.BytesIO object at 0x000001C2734C37C0>,0.6877391934394836,0.11709143221378326,-0.10037150233983994,181384,22,6,False,Left,Front,Left,Centre,74
<_io.BytesIO object at 0x000001C2734C3B80>,0.7195698022842407,0.07218968868255615,-0.06624401360750198,181384,22,6,False,Left,Front,Left,Centre,74
<_io.BytesIO object at 0x000001C2734C3CC0>,0.7153188586235046,0.09260138869285583,-0.014357444830238819,181384,22,6,False,Left,Front,Left,Centre,74
<_io.BytesIO object at 0x000001C2734C33B0>,0.6478217244148254,0.14310026168823242,-0.03890011087059975,181384,22,6,False,Left,Front,Left,Centre,74
<_io.BytesIO object at 0x000001C273475A90>,0.7220423817634583,0.10600098967552185,-0.07896090298891068,181385,22,6,False,Left,Front,Left,Centre,74
<_io.BytesIO object at 0x000001C2734757C0>,0.6884930729866028,0.1180536150932312,-0.09953805804252625,181385,22,6,False,Left,Front,Left,Centre,74
<_io.BytesIO object at 0x000001C2735C3CC0>,0.7197252511978149,0.07253555953502655,-0.06543006747961044,181385,22,6,False,Left,Front,Left,Centre,74
<_io.BytesIO object at 0x000001C2735C3EF0>,0.7156791090965271,0.09273352473974228,-0.01345449686050415,181385,22,6,False,Left,Front,Left,Centre,74
<_io.BytesIO object at 0x000001C2735C37C0>,0.6486935019493103,0.14422360062599182,-0.03807828575372696,181385,22,6,False,Left,Front,Left,Centre,74
<_io.BytesIO object at 0x000001C2735DB770>,0.7225140333175659,0.10624442249536514,-0.07819157838821411,181386,22,6,False,Left,Front,Left,Centre,74
<_io.BytesIO object at 0x000001C2734C3BD0>,0.6892148852348328,0.11883174628019333,-0.09865901619195938,181386,22,6,False,Left,Front,Left,Centre,74
<_io.BytesIO object at 0x000001C2734C3B30>,0.7197122573852539,0.07289861142635345,-0.06465243548154831,181386,22,6,False,Left,Front,Left,Centre,74
<_io.BytesIO object at 0x000001C2734C34A0>,0.7159460783004761,0.09294497221708298,-0.012549236416816711,181386,22,6,False,Left,Front,Left,Centre,74
<_io.BytesIO object at 0x000001C2734C3DB0>,0.6497089266777039,0.14549249410629272,-0.03722400963306427,181386,22,6,False,Left,Front,Left,Centre,74
<_io.BytesIO object at 0x000001C2735BBB30>,0.7230512499809265,0.10653018206357956,-0.07721417397260666,181387,22,6,False,Left,Front,Left,Centre,74
<_io.BytesIO object at 0x000001C2734AAA90>,0.6899231672286987,0.11997991800308228,-0.09778159856796265,181387,22,6,False,Left,Front,Left,Centre,74
<_io.BytesIO object at 0x000001C2734AA270>,0.7196603417396545,0.07330892235040665,-0.06383315473794937,181387,22,6,False,Left,Front,Left,Centre,74
<_io.BytesIO object at 0x000001C2734AA7C0>,0.7160741090774536,0.09312232583761215,-0.011636899784207344,181387,22,6,False,Left,Front,Left,Centre,74
<_io.BytesIO object at 0x000001C2734AAE00>,0.6505967378616333,0.14684335887432098,-0.036362409591674805,181387,22,6,False,Left,Front,Left,Centre,74
<_io.BytesIO object at 0x000001C2736AD9A0>,0.7236241102218628,0.10698878765106201,-0.0762661024928093,181388,22,6,False,Left,Front,Left,Centre,74
<_io.BytesIO object at 0x000001C27348DBD0>,0.6907004117965698,0.1211848184466362,-0.09669326990842819,181388,22,6,False,Left,Front,Left,Centre,74
<_io.BytesIO object at 0x000001C27348D400>,0.7194633483886719,0.07380221039056778,-0.06296226382255554,181388,22,6,False,Left,Front,Left,Centre,74
<_io.BytesIO object at 0x000001C27348DC20>,0.7160667777061462,0.09332217276096344,-0.01060764491558075,181388,22,6,False,Left,Front,Left,Centre,74
<_io.BytesIO object at 0x000001C27348D2C0>,0.6516767144203186,0.14845731854438782,-0.03529852256178856,181388,22,6,False,Left,Front,Left,Centre,74
<_io.BytesIO object at 0x000001C27349F270>,0.7241382598876953,0.10743167251348495,-0.07502586394548416,181389,22,6,False,Left,Front,Left,Centre,74
<_io.BytesIO object at 0x000001C273483BD0>,0.6916120648384094,0.12269306182861328,-0.09542616456747055,181389,22,6,False,Left,Front,Left,Centre,74
<_io.BytesIO object at 0x000001C273483360>,0.7192981243133545,0.07439401745796204,-0.06191057711839676,181389,22,6,False,Left,Front,Left,Centre,74
<_io.BytesIO object at 0x000001C273483B30>,0.7160010933876038,0.09368814527988434,-0.009476316161453724,181389,22,6,False,Left,Front,Left,Centre,74
<_io.BytesIO object at 0x000001C2734839A0>,0.6530121564865112,0.15033546090126038,-0.03398200124502182,181389,22,6,False,Left,Front,Left,Centre,74
<_io.BytesIO object at 0x000001C2735C3360>,0.7245543599128723,0.10804606229066849,-0.07372023165225983,181390,22,6,False,Left,Front,Left,Centre,74
<_io.BytesIO object at 0x000001C2735B5CC0>,0.6924735903739929,0.12402302771806717,-0.09418967366218567,181390,22,6,False,Left,Front,Left,Centre,74
<_io.BytesIO object at 0x000001C2735B57C0>,0.7190725207328796,0.07501430064439774,-0.06081711873412132,181390,22,6,False,Left,Front,Left,Centre,74
<_io.BytesIO object at 0x000001C2734AD7C0>,0.7159415483474731,0.09420078247785568,-0.008086565881967545,181390,22,6,False,Left,Front,Left,Centre,74
<_io.BytesIO object at 0x000001C2735B5BD0>,0.6540144085884094,0.15210816264152527,-0.03286183997988701,181390,22,6,False,Left,Front,Left,Centre,74
<_io.BytesIO object at 0x000001C273480F90>,0.7250229716300964,0.1088237538933754,-0.07224852591753006,181391,22,6,False,Left,Front,Left,Centre,74
<_io.BytesIO object at 0x000001C273483EA0>,0.6933369040489197,0.12549057602882385,-0.09270479530096054,181391,22,6,False,Left,Front,Left,Centre,74
<_io.BytesIO object at 0x000001C2734833B0>,0.7188798189163208,0.07589010149240494,-0.05950039625167847,181391,22,6,False,Left,Front,Left,Centre,74
<_io.BytesIO object at 0x000001C273483BD0>,0.7157562375068665,0.09462421387434006,-0.00647800974547863,181391,22,6,False,Left,Front,Left,Centre,74
<_io.BytesIO object at 0x000001C273483AE0>,0.6750221848487854,0.1612490713596344,-0.03592856228351593,181391,22,6,False,Left,Front,Left,Centre,74
<_io.BytesIO object at 0x000001C27349D860>,0.7256085276603699,0.10992619395256042,-0.07052484899759293,181392,22,6,False,Left,Front,Left,Centre,74
<_io.BytesIO object at 0x000001C27348DEF0>,0.6942377090454102,0.12706254422664642,-0.09097926318645477,181392,22,6,False,Left,Front,Left,Centre,74
<_io.BytesIO object at 0x000001C27348D310>,0.7188993692398071,0.07694996893405914,-0.05787727236747742,181392,22,6,False,Left,Front,Left,Centre,74
<_io.BytesIO object at 0x000001C27348D040>,0.7157436609268188,0.0955674946308136,-0.004688417539000511,181392,22,6,False,Left,Front,Left,Centre,74
<_io.BytesIO object at 0x000001C27348D270>,0.6762498617172241,0.16304850578308105,-0.034007493406534195,181392,22,6,False,Left,Front,Left,Centre,74
<_io.BytesIO object at 0x000001C2735D44F0>,0.726373553276062,0.1112905740737915,-0.06851620972156525,181393,22,6,False,Left,Front,Left,Centre,74
<_io.BytesIO object at 0x000001C2735D4A40>,0.6951735615730286,0.1288221925497055,-0.08911282569169998,181393,22,6,False,Left,Front,Left,Centre,74
<_io.BytesIO object at 0x000001C2735BB8B0>,0.7190336585044861,0.07820867747068405,-0.05598350986838341,181393,22,6,False,Left,Front,Left,Centre,74
<_io.BytesIO object at 0x000001C2735BB040>,0.7158042192459106,0.09677568078041077,-0.002595227677375078,181393,22,6,False,Left,Front,Left,Centre,74
<_io.BytesIO object at 0x000001C2735BBE00>,0.6773624420166016,0.16490814089775085,-0.03188803791999817,181393,22,6,False,Left,Front,Left,Centre,74
<_io.BytesIO object at 0x000001C2734C3B30>,0.7268783450126648,0.11234232783317566,-0.06647417694330215,181394,22,6,False,Left,Front,Left,Centre,74
<_io.BytesIO object at 0x000001C2734C3680>,0.696143388748169,0.13082583248615265,-0.08676640689373016,181394,22,6,False,Left,Front,Left,Centre,74
<_io.BytesIO object at 0x000001C2734AA310>,0.7195977568626404,0.0799514427781105,-0.05376827344298363,181394,22,6,False,Left,Front,Left,Centre,74
<_io.BytesIO object at 0x000001C2734AA360>,0.7161469459533691,0.09854920208454132,-0.00031667278381064534,181394,22,6,False,Left,Front,Left,Centre,74
<_io.BytesIO object at 0x000001C2734AA450>,0.6786777377128601,0.16707590222358704,-0.02953670360147953,181394,22,6,False,Left,Front,Left,Centre,74
<_io.BytesIO object at 0x000001C2734750E0>,0.7276313304901123,0.11408666521310806,-0.06389396637678146,181395,22,6,False,Left,Front,Left,Centre,74
<_io.BytesIO object at 0x000001C273475AE0>,0.6970999240875244,0.1327580064535141,-0.08449701219797134,181395,22,6,False,Left,Front,Left,Centre,74
<_io.BytesIO object at 0x000001C273475630>,0.7199671864509583,0.08163353055715561,-0.05113249272108078,181395,22,6,False,Left,Front,Left,Centre,74
<_io.BytesIO object at 0x000001C273475950>,0.7164156436920166,0.10034587979316711,0.0023216139525175095,181395,22,6,False,Left,Front,Left,Centre,74
<_io.BytesIO object at 0x000001C2734AD810>,0.6797497272491455,0.1692432165145874,-0.026899896562099457,181395,22,6,False,Left,Front,Left,Centre,74
<_io.BytesIO object at 0x000001C273475E50>,0.728518545627594,0.11586428433656693,-0.0610709972679615,181396,22,6,False,Left,Front,Left,Centre,74
<_io.BytesIO object at 0x000001C273475E00>,0.6979877352714539,0.13477513194084167,-0.08163897693157196,181396,22,6,False,Left,Front,Left,Centre,74
<_io.BytesIO object at 0x000001C2734752C0>,0.720478355884552,0.08361471444368362,-0.04815361276268959,181396,22,6,False,Left,Front,Left,Centre,74
<_io.BytesIO object at 0x000001C273475F40>,0.7169106006622314,0.10246877372264862,0.005382060538977385,181396,22,6,False,Left,Front,Left,Centre,74
<_io.BytesIO object at 0x000001C2734757C0>,0.6810042262077332,0.17184412479400635,-0.023993773385882378,181396,22,6,False,Left,Front,Left,Centre,74
<_io.BytesIO object at 0x000001C2734AAE00>,0.7293145656585693,0.11797827482223511,-0.057957421988248825,181397,22,6,False,Left,Front,Left,Centre,74
<_io.BytesIO object at 0x000001C2734C3900>,0.6990015506744385,0.1369982212781906,-0.07860782742500305,181397,22,6,False,Left,Front,Left,Centre,74
<_io.BytesIO object at 0x000001C2734C30E0>,0.7211565971374512,0.08576029539108276,-0.04478813707828522,181397,22,6,False,Left,Front,Left,Centre,74
<_io.BytesIO object at 0x000001C2734C34A0>,0.7177688479423523,0.10490845888853073,0.00879945233464241,181397,22,6,False,Left,Front,Left,Centre,74
<_io.BytesIO object at 0x000001C2734C31D0>,0.6823078393936157,0.1745377779006958,-0.020852122455835342,181397,22,6,False,Left,Front,Left,Centre,74
<_io.BytesIO object at 0x000001C2735BBEA0>,0.7302461862564087,0.12014735490083694,-0.054324887692928314,181398,22,6,False,Left,Front,Left,Centre,74
<_io.BytesIO object at 0x000001C2735D4540>,0.699946403503418,0.1393042802810669,-0.0751788467168808,181398,22,6,False,Left,Front,Left,Centre,74
<_io.BytesIO object at 0x000001C2735D46D0>,0.7216982841491699,0.08799455314874649,-0.041088398545980453,181398,22,6,False,Left,Front,Left,Centre,74
<_io.BytesIO object at 0x000001C2735D4AE0>,0.7184601426124573,0.10740087181329727,0.01254448015242815,181398,22,6,False,Left,Front,Left,Centre,74
<_io.BytesIO object at 0x000001C2735D4090>,0.6837559938430786,0.17734508216381073,-0.017324045300483704,181398,22,6,False,Left,Front,Left,Centre,74
<_io.BytesIO object at 0x000001C27348D180>,0.7311046719551086,0.12234624475240707,-0.05051395669579506,181399,22,6,False,Left,Front,Left,Centre,74
<_io.BytesIO object at 0x000001C27349D310>,0.701058030128479,0.14168411493301392,-0.0713706687092781,181399,22,6,False,Left,Front,Left,Centre,74
<_io.BytesIO object at 0x000001C27349D040>,0.722338080406189,0.090308278799057,-0.03694753348827362,181399,22,6,False,Left,Front,Left,Centre,74
<_io.BytesIO object at 0x000001C27349D770>,0.7194706797599792,0.11017169803380966,0.016756733879446983,181399,22,6,False,Left,Front,Left,Centre,74
<_io.BytesIO object at 0x000001C27349D220>,0.6855493783950806,0.18047145009040833,-0.013488941825926304,181399,22,6,False,Left,Front,Left,Centre,74
<_io.BytesIO object at 0x000001C273483BD0>,0.7322946190834045,0.12455930560827255,-0.04594988003373146,181400,22,6,False,Left,Front,Left,Centre,74
<_io.BytesIO object at 0x000001C273483900>,0.7024432420730591,0.1440015584230423,-0.06703586131334305,181400,22,6,False,Left,Front,Left,Centre,74
<_io.BytesIO object at 0x000001C273480F90>,0.7230706810951233,0.09278196096420288,-0.03231219947338104,181400,22,6,False,Left,Front,Left,Centre,74
<_io.BytesIO object at 0x000001C273480B30>,0.7202537655830383,0.11291586607694626,0.02130085974931717,181400,22,6,False,Left,Front,Left,Centre,74
<_io.BytesIO object at 0x000001C273480810>,0.6874420046806335,0.18365536630153656,-0.009201020002365112,181400,22,6,False,Left,Front,Left,Centre,74
<_io.BytesIO object at 0x000001C2735C3F90>,0.7332571148872375,0.12674129009246826,-0.04123618081212044,181401,22,6,False,Left,Front,Left,Centre,74
<_io.BytesIO object at 0x000001C2735C3040>,0.7038285732269287,0.1466490924358368,-0.06233740225434303,181401,22,6,False,Left,Front,Left,Centre,74
<_io.BytesIO object at 0x000001C2735C3590>,0.7236543297767639,0.09505539387464523,-0.027379484847187996,181401,22,6,False,Left,Front,Left,Centre,74
<_io.BytesIO object at 0x000001C273480360>,0.7211084365844727,0.11557967960834503,0.026265010237693787,181401,22,6,False,Left,Front,Left,Centre,74
<_io.BytesIO object at 0x000001C273480CC0>,0.6896616816520691,0.18685869872570038,-0.00442730775102973,181401,22,6,False,Left,Front,Left,Centre,74
<_io.BytesIO object at 0x000001C27349FEF0>,0.7345969080924988,0.12910820543766022,-0.035965677350759506,181402,22,6,False,Left,Front,Left,Centre,74
<_io.BytesIO object at 0x000001C27349FC70>,0.7053062915802002,0.14920388162136078,-0.05711828172206879,181402,22,6,False,Left,Front,Left,Centre,74
<_io.BytesIO object at 0x000001C27349F590>,0.7243353128433228,0.09743497520685196,-0.022051243111491203,181402,22,6,False,Left,Front,Left,Centre,74
<_io.BytesIO object at 0x000001C27349FB80>,0.7222495675086975,0.11819887906312943,0.03161599114537239,181402,22,6,False,Left,Front,Left,Centre,74
<_io.BytesIO object at 0x000001C27349D3B0>,0.691859245300293,0.18993628025054932,0.0005957428948022425,181402,22,6,False,Left,Front,Left,Centre,74
<_io.BytesIO object at 0x000001C27348D6D0>,0.7359380722045898,0.13117697834968567,-0.03029998019337654,181403,22,6,False,Left,Front,Left,Centre,74
<_io.BytesIO object at 0x000001C2736ADB30>,0.7071033120155334,0.15177291631698608,-0.051614172756671906,181403,22,6,False,Left,Front,Left,Centre,74
<_io.BytesIO object at 0x000001C2736ADEA0>,0.7250842452049255,0.09975834935903549,-0.016401750966906548,181403,22,6,False,Left,Front,Left,Centre,74
<_io.BytesIO object at 0x000001C2736AD8B0>,0.723299503326416,0.12060501426458359,0.03729796037077904,181403,22,6,False,Left,Front,Left,Centre,74
<_io.BytesIO object at 0x000001C2736ADF40>,0.6943551898002625,0.19315771758556366,0.006416730582714081,181403,22,6,False,Left,Front,Left,Centre,74
<_io.BytesIO object at 0x000001C2735BB400>,0.7373843193054199,0.13332641124725342,-0.02413874864578247,181404,22,6,False,Left,Front,Left,Centre,74
<_io.BytesIO object at 0x000001C2735BBCC0>,0.7088608145713806,0.154434934258461,-0.04561514034867287,181404,22,6,False,Left,Front,Left,Centre,74
<_io.BytesIO object at 0x000001C26B215810>,0.7258617877960205,0.10211977362632751,-0.01033644750714302,181404,22,6,False,Left,Front,Left,Centre,74
<_io.BytesIO object at 0x000001C26B215270>,0.7244223356246948,0.12305644899606705,0.04337853193283081,181404,22,6,False,Left,Front,Left,Centre,74
<_io.BytesIO object at 0x000001C2734C3270>,0.6968507766723633,0.19616687297821045,0.012583764269948006,181404,22,6,False,Left,Front,Left,Centre,74
<_io.BytesIO object at 0x000001C2734AA590>,0.7388840913772583,0.13549257814884186,-0.017551934346556664,181405,22,6,False,Left,Front,Left,Centre,74
<_io.BytesIO object at 0x000001C2735DBF40>,0.7106439471244812,0.15716806054115295,-0.03899908810853958,181405,22,6,False,Left,Front,Left,Centre,74
<_io.BytesIO object at 0x000001C2735DB2C0>,0.7266189455986023,0.10433268547058105,-0.00392499752342701,181405,22,6,False,Left,Front,Left,Centre,74
<_io.BytesIO object at 0x000001C2735DB7C0>,0.7255318760871887,0.12514756619930267,0.04994352161884308,181405,22,6,False,Left,Front,Left,Centre,74
<_io.BytesIO object at 0x000001C2735DBE00>,0.6996055245399475,0.19906996190547943,0.01937728188931942,181405,22,6,False,Left,Front,Left,Centre,74
<_io.BytesIO object at 0x000001C2734ADEF0>,0.7403850555419922,0.1373882293701172,-0.010660901665687561,181406,22,6,False,Left,Front,Left,Centre,74
<_io.BytesIO object at 0x000001C2734AD4F0>,0.7128965854644775,0.1598244160413742,-0.03223297744989395,181406,22,6,False,Left,Front,Left,Centre,74
<_io.BytesIO object at 0x000001C2735B5F40>,0.7272247672080994,0.10613001883029938,0.003043397329747677,181406,22,6,False,Left,Front,Left,Centre,74
<_io.BytesIO object at 0x000001C2735B5CC0>,0.7267301678657532,0.1273505836725235,0.056872569024562836,181406,22,6,False,Left,Front,Left,Centre,74
<_io.BytesIO object at 0x000001C2735B58B0>,0.7025608420372009,0.2016409933567047,0.026594679802656174,181406,22,6,False,Left,Front,Left,Centre,74
<_io.BytesIO object at 0x000001C2734ADD60>,0.7419151663780212,0.13914205133914948,-0.003338178154081106,181407,22,6,False,Left,Front,Left,Centre,74
<_io.BytesIO object at 0x000001C2734759F0>,0.7150917649269104,0.1624882072210312,-0.024917282164096832,181407,22,6,False,Left,Front,Left,Centre,74
<_io.BytesIO object at 0x000001C273475DB0>,0.7284149527549744,0.10858707875013351,0.010026315227150917,181407,22,6,False,Left,Front,Left,Centre,74
<_io.BytesIO object at 0x000001C273475EF0>,0.7275043725967407,0.12864013016223907,0.0640067607164383,181407,22,6,False,Left,Front,Left,Centre,74
<_io.BytesIO object at 0x000001C273475B80>,0.705690860748291,0.20435696840286255,0.03436924144625664,181407,22,6,False,Left,Front,Left,Centre,74
<_io.BytesIO object at 0x000001C2734AA7C0>,0.7434360980987549,0.1407570093870163,0.004251306410878897,181408,22,6,False,Left,Front,Left,Centre,74
<_io.BytesIO object at 0x000001C2734C3180>,0.7174289226531982,0.16494089365005493,-0.017076922580599785,181408,22,6,False,Left,Front,Left,Centre,74
<_io.BytesIO object at 0x000001C2734C3AE0>,0.7288039326667786,0.11045104265213013,0.017328010872006416,181408,22,6,False,Left,Front,Left,Centre,74
<_io.BytesIO object at 0x000001C2734C34F0>,0.7284491658210754,0.13011547923088074,0.07168961316347122,181408,22,6,False,Left,Front,Left,Centre,74
<_io.BytesIO object at 0x000001C2734C34A0>,0.7090445756912231,0.20663797855377197,0.042599715292453766,181408,22,6,False,Left,Front,Left,Centre,74
<_io.BytesIO object at 0x000001C2735BB8B0>,0.7448961138725281,0.14200790226459503,0.011939951218664646,181409,22,6,False,Left,Front,Left,Centre,74
<_io.BytesIO object at 0x000001C2735D4EA0>,0.7199282646179199,0.16735710203647614,-0.008929136209189892,181409,22,6,False,Left,Front,Left,Centre,74
<_io.BytesIO object at 0x000001C2735D4180>,0.7290834188461304,0.11136973649263382,0.02438032068312168,181409,22,6,False,Left,Front,Left,Centre,74
<_io.BytesIO object at 0x000001C2735D46D0>,0.7293758988380432,0.1313575804233551,0.0796113982796669,181409,22,6,False,Left,Front,Left,Centre,74
<_io.BytesIO object at 0x000001C2735D4B30>,0.712447464466095,0.20871101319789886,0.051453232765197754,181409,22,6,False,Left,Front,Left,Centre,74
<_io.BytesIO object at 0x000001C27348DC20>,0.746679961681366,0.143299862742424,0.02054813876748085,181410,22,6,False,Left,Front,Left,Centre,74
<_io.BytesIO object at 0x000001C27348D180>,0.7225604057312012,0.1697838306427002,-0.00038757617585361004,181410,22,6,False,Left,Front,Left,Centre,74
<_io.BytesIO object at 0x000001C27349D360>,0.7288272380828857,0.11207020282745361,0.031383365392684937,181410,22,6,False,Left,Front,Left,Centre,74
<_io.BytesIO object at 0x000001C27349D900>,0.7299789786338806,0.13207204639911652,0.08776137232780457,181410,22,6,False,Left,Front,Left,Centre,74
<_io.BytesIO object at 0x000001C27349D720>,0.715843141078949,0.2105136662721634,0.060691118240356445,181410,22,6,False,Left,Front,Left,Centre,74
<_io.BytesIO object at 0x000001C273483AE0>,0.7484294772148132,0.1444026678800583,0.029334066435694695,181411,22,6,False,Left,Front,Left,Centre,74
<_io.BytesIO object at 0x000001C273483040>,0.7252740263938904,0.17208416759967804,0.008491105400025845,181411,22,6,False,Left,Front,Left,Centre,74
<_io.BytesIO object at 0x000001C273483E00>,0.7283937335014343,0.11250150203704834,0.03842617943882942,181411,22,6,False,Left,Front,Left,Centre,74
<_io.BytesIO object at 0x000001C273480BD0>,0.7303506731987,0.13246390223503113,0.09615697711706161,181411,22,6,False,Left,Front,Left,Centre,74
<_io.BytesIO object at 0x000001C273480130>,0.7196293473243713,0.21186427772045135,0.0704023540019989,181411,22,6,False,Left,Front,Left,Centre,74
<_io.BytesIO object at 0x000001C2735C3AE0>,0.7501218318939209,0.14534859359264374,0.038344111293554306,181412,22,6,False,Left,Front,Left,Centre,74
<_io.BytesIO object at 0x000001C2735C3B80>,0.7281723618507385,0.1740516573190689,0.017680469900369644,181412,22,6,False,Left,Front,Left,Centre,74
<_io.BytesIO object at 0x000001C2735C3590>,0.7278468608856201,0.11273713409900665,0.045598842203617096,181412,22,6,False,Left,Front,Left,Centre,74
<_io.BytesIO object at 0x000001C273480D10>,0.7306671142578125,0.13250736892223358,0.10472303628921509,181412,22,6,False,Left,Front,Left,Centre,74
<_io.BytesIO object at 0x000001C273480C20>,0.7232779860496521,0.21291129291057587,0.08057116717100143,181412,22,6,False,Left,Front,Left,Centre,74
<_io.BytesIO object at 0x000001C27349F090>,0.7518410682678223,0.14600443840026855,0.04786188527941704,181413,22,6,False,Left,Front,Left,Centre,74
<_io.BytesIO object at 0x000001C27349FE00>,0.7309088110923767,0.17594397068023682,0.02694319561123848,181413,22,6,False,Left,Front,Left,Centre,74
<_io.BytesIO object at 0x000001C27349FCC0>,0.7273627519607544,0.11287122964859009,0.05317462980747223,181413,22,6,False,Left,Front,Left,Centre,74
<_io.BytesIO object at 0x000001C27349F6D0>,0.7310183644294739,0.1325114667415619,0.11330226808786392,181413,22,6,False,Left,Front,Left,Centre,74
<_io.BytesIO object at 0x000001C27349DE00>,0.7270262837409973,0.21354183554649353,0.09095146507024765,181413,22,6,False,Left,Front,Left,Centre,74
<_io.BytesIO object at 0x000001C27348D6D0>,0.7533979415893555,0.14632335305213928,0.05719351768493652,181414,22,6,False,Left,Front,Left,Centre,74
<_io.BytesIO object at 0x000001C2736AD130>,0.733802855014801,0.17714586853981018,0.03703802078962326,181414,22,6,False,Left,Front,Left,Centre,74
<_io.BytesIO object at 0x000001C2736AD720>,0.7271919250488281,0.11321335285902023,0.06114731356501579,181414,22,6,False,Left,Front,Left,Centre,74
<_io.BytesIO object at 0x000001C2736AD4F0>,0.7309698462486267,0.13155266642570496,0.12226922065019608,181414,22,6,False,Left,Front,Left,Centre,74
<_io.BytesIO object at 0x000001C2736AD6D0>,0.7306503653526306,0.2138565331697464,0.10160312056541443,181414,22,6,False,Left,Front,Left,Centre,74
<_io.BytesIO object at 0x000001C2735BBE50>,0.7548123598098755,0.14657725393772125,0.06649073958396912,181415,22,6,False,Left,Front,Left,Centre,74
<_io.BytesIO object at 0x000001C2735BB400>,0.736258327960968,0.17822806537151337,0.04688521847128868,181415,22,6,False,Left,Front,Left,Centre,74
<_io.BytesIO object at 0x000001C26B215630>,0.7274407744407654,0.11350461840629578,0.069608673453331,181415,22,6,False,Left,Front,Left,Centre,74
<_io.BytesIO object at 0x000001C26B215270>,0.7321301102638245,0.13157926499843597,0.1310841590166092,181415,22,6,False,Left,Front,Left,Centre,74
<_io.BytesIO object at 0x000001C2734C39A0>,0.7342061400413513,0.21378912031650543,0.11228460818529129,181415,22,6,False,Left,Front,Left,Centre,74
<_io.BytesIO object at 0x000001C2734AA3B0>,0.7562951445579529,0.14660248160362244,0.07575253397226334,181416,22,6,False,Left,Front,Left,Centre,74
<_io.BytesIO object at 0x000001C2735DB900>,0.7384289503097534,0.17899779975414276,0.056685905903577805,181416,22,6,False,Left,Front,Left,Centre,74
<_io.BytesIO object at 0x000001C2735DB180>,0.7282940149307251,0.11390139162540436,0.07834077626466751,181416,22,6,False,Left,Front,Left,Centre,74
<_io.BytesIO object at 0x000001C2735DB8B0>,0.7325822114944458,0.1304134875535965,0.14010965824127197,181416,22,6,False,Left,Front,Left,Centre,74
<_io.BytesIO object at 0x000001C2735DB950>,0.7372381687164307,0.2136722058057785,0.12286460399627686,181416,22,6,False,Left,Front,Left,Centre,74
<_io.BytesIO object at 0x000001C2734AD810>,0.7577695250511169,0.14647357165813446,0.08503233641386032,181417,22,6,False,Left,Front,Left,Centre,74
<_io.BytesIO object at 0x000001C2734ADCC0>,0.7401248812675476,0.17951223254203796,0.06652441620826721,181417,22,6,False,Left,Front,Left,Centre,74
<_io.BytesIO object at 0x000001C2735B5DB0>,0.7333024740219116,0.11792369931936264,0.09145249426364899,181417,22,6,False,Left,Front,Left,Centre,74
<_io.BytesIO object at 0x000001C2735B5F90>,0.733893632888794,0.12987880408763885,0.14879271388053894,181417,22,6,False,Left,Front,Left,Centre,74
<_io.BytesIO object at 0x000001C2735B5D10>,0.7396930456161499,0.21334226429462433,0.13334520161151886,181417,22,6,False,Left,Front,Left,Centre,74
<_io.BytesIO object at 0x000001C2734AD4A0>,0.759308934211731,0.14646081626415253,0.0942632332444191,181418,22,6,False,Left,Front,Left,Centre,74
<_io.BytesIO object at 0x000001C273475BD0>,0.7414740920066833,0.17962153255939484,0.07625233381986618,181418,22,6,False,Left,Front,Left,Centre,74
<_io.BytesIO object at 0x000001C273475090>,0.7348709106445312,0.11776365339756012,0.10032709687948227,181418,22,6,False,Left,Front,Left,Centre,74
<_io.BytesIO object at 0x000001C273475A40>,0.7373107075691223,0.1296403408050537,0.15771016478538513,181418,22,6,False,Left,Front,Left,Centre,74
<_io.BytesIO object at 0x000001C273475950>,0.7416775226593018,0.21260368824005127,0.1436202973127365,181418,22,6,False,Left,Front,Left,Centre,74
<_io.BytesIO object at 0x000001C2734AA950>,0.7612476944923401,0.14646342396736145,0.10402286052703857,181419,22,6,False,Left,Front,Left,Centre,74
<_io.BytesIO object at 0x000001C2734C3680>,0.7426338195800781,0.17946119606494904,0.08608430624008179,181419,22,6,False,Left,Front,Left,Centre,74
<_io.BytesIO object at 0x000001C2734C3A90>,0.7365395426750183,0.11736799031496048,0.10948440432548523,181419,22,6,False,Left,Front,Left,Centre,74
<_io.BytesIO object at 0x000001C2734C34F0>,0.7410696148872375,0.12994559109210968,0.16573403775691986,181419,22,6,False,Left,Front,Left,Centre,74
<_io.BytesIO object at 0x000001C2734C34A0>,0.7430868744850159,0.21142007410526276,0.1536872386932373,181419,22,6,False,Left,Front,Left,Centre,74
<_io.BytesIO object at 0x000001C2735BB180>,0.7625382542610168,0.14632302522659302,0.11286336183547974,181420,22,6,False,Left,Front,Left,Centre,74
<_io.BytesIO object at 0x000001C2735D4D60>,0.7435480356216431,0.17905300855636597,0.09559657424688339,181420,22,6,False,Left,Front,Left,Centre,74
<_io.BytesIO object at 0x000001C2735D4C20>,0.738134503364563,0.11647865921258926,0.11823363602161407,181420,22,6,False,Left,Front,Left,Centre,74
<_io.BytesIO object at 0x000001C2735D45E0>,0.7449975609779358,0.13007549941539764,0.17356161773204803,181420,22,6,False,Left,Front,Left,Centre,74
<_io.BytesIO object at 0x000001C2735D4770>,0.7437436580657959,0.20970453321933746,0.16358527541160583,181420,22,6,False,Left,Front,Left,Centre,74
<_io.BytesIO object at 0x000001C27348DEF0>,0.7635545134544373,0.14530596137046814,0.12156591564416885,181421,22,6,False,Left,Front,Left,Centre,74
<_io.BytesIO object at 0x000001C27348DDB0>,0.7442165017127991,0.1784844994544983,0.1049945130944252,181421,22,6,False,Left,Front,Left,Centre,74
<_io.BytesIO object at 0x000001C27349DD10>,0.7396821975708008,0.11526385694742203,0.12683317065238953,181421,22,6,False,Left,Front,Left,Centre,74
<_io.BytesIO object at 0x000001C27349D2C0>,0.7489166855812073,0.12986233830451965,0.18135277926921844,181421,22,6,False,Left,Front,Left,Centre,74
<_io.BytesIO object at 0x000001C27349D220>,0.7447077631950378,0.208130344748497,0.17323796451091766,181421,22,6,False,Left,Front,Left,Centre,74
<_io.BytesIO object at 0x000001C273483D10>,0.7642735838890076,0.14397811889648438,0.12998825311660767,181422,22,6,False,Left,Front,Left,Centre,74
<_io.BytesIO object at 0x000001C273483BD0>,0.7448305487632751,0.17731189727783203,0.1144261360168457,181422,22,6,False,Left,Front,Left,Centre,74
<_io.BytesIO object at 0x000001C273480450>,0.7409959435462952,0.11467404663562775,0.13518622517585754,181422,22,6,False,Left,Front,Left,Centre,74
<_io.BytesIO object at 0x000001C2734801D0>,0.7523343563079834,0.12922774255275726,0.1888362318277359,181422,22,6,False,Left,Front,Left,Centre,74
<_io.BytesIO object at 0x000001C273480860>,0.7456760406494141,0.20632712543010712,0.18269716203212738,181422,22,6,False,Left,Front,Left,Centre,74
<_io.BytesIO object at 0x000001C2735C3A40>,0.7647972702980042,0.1421385407447815,0.1378687471151352,181423,22,6,False,Left,Front,Left,Centre,74
<_io.BytesIO object at 0x000001C2735C3090>,0.7454543113708496,0.1761455535888672,0.12355243414640427,181423,22,6,False,Left,Front,Left,Centre,74
<_io.BytesIO object at 0x000001C2735C3590>,0.7435566782951355,0.1132446825504303,0.14831586182117462,181423,22,6,False,Left,Front,Left,Centre,74
<_io.BytesIO object at 0x000001C273480090>,0.7647819519042969,0.11889469623565674,0.1971028745174408,181423,22,6,False,Left,Front,Left,Centre,74
<_io.BytesIO object at 0x000001C273480C20>,0.7465255856513977,0.20397219061851501,0.19211967289447784,181423,22,6,False,Left,Front,Left,Centre,74
<_io.BytesIO object at 0x000001C27349F310>,0.7650796175003052,0.13993412256240845,0.14573301374912262,181424,22,6,False,Left,Front,Left,Centre,74
<_io.BytesIO object at 0x000001C27349F090>,0.7460557222366333,0.17460595071315765,0.13249734044075012,181424,22,6,False,Left,Front,Left,Centre,74
<_io.BytesIO object at 0x000001C27349FB30>,0.7439056634902954,0.11105380952358246,0.15604180097579956,181424,22,6,False,Left,Front,Left,Centre,74
<_io.BytesIO object at 0x000001C27349D450>,0.7658646106719971,0.11555293202400208,0.20462340116500854,181424,22,6,False,Left,Front,Left,Centre,74
<_io.BytesIO object at 0x000001C27349DAE0>,0.747382402420044,0.2011284977197647,0.20146393775939941,181424,22,6,False,Left,Front,Left,Centre,74
<_io.BytesIO object at 0x000001C27348D9F0>,0.7666222453117371,0.1377750188112259,0.15407830476760864,181425,22,6,False,Left,Front,Left,Centre,74
<_io.BytesIO object at 0x000001C2736AD1D0>,0.7467033267021179,0.17270416021347046,0.1412472277879715,181425,22,6,False,Left,Front,Left,Centre,74
<_io.BytesIO object at 0x000001C2736ADA40>,0.7449327707290649,0.1083134189248085,0.16060231626033783,181425,22,6,False,Left,Front,Left,Centre,74
<_io.BytesIO object at 0x000001C2736ADBD0>,0.7660413980484009,0.11113370954990387,0.21083016693592072,181425,22,6,False,Left,Front,Left,Centre,74
<_io.BytesIO object at 0x000001C2735D4310>,0.7481401562690735,0.1985342800617218,0.21014586091041565,181425,22,6,False,Left,Front,Left,Centre,74
<_io.BytesIO object at 0x000001C2735BB4F0>,0.7679082751274109,0.13646073639392853,0.16188974678516388,181426,22,6,False,Left,Front,Left,Centre,74
<_io.BytesIO object at 0x000001C270704A40>,0.7473172545433044,0.17077457904815674,0.14981916546821594,181426,22,6,False,Left,Front,Left,Centre,74
<_io.BytesIO object at 0x000001C26B215130>,0.7465869784355164,0.10653530806303024,0.16714252531528473,181426,22,6,False,Left,Front,Left,Centre,74
<_io.BytesIO object at 0x000001C2734C3950>,0.7683234810829163,0.10790584981441498,0.2172124832868576,181426,22,6,False,Left,Front,Left,Centre,74
<_io.BytesIO object at 0x000001C2734C35E0>,0.7500386238098145,0.19494637846946716,0.2197967767715454,181426,22,6,False,Left,Front,Left,Centre,74
<_io.BytesIO object at 0x000001C2734AA130>,0.7695351839065552,0.13477252423763275,0.16862961649894714,181427,22,6,False,Left,Front,Left,Centre,74
<_io.BytesIO object at 0x000001C2735DBE00>,0.7480377554893494,0.168436661362648,0.1581435203552246,181427,22,6,False,Left,Front,Left,Centre,74
<_io.BytesIO object at 0x000001C2735DB400>,0.7480354309082031,0.10499195009469986,0.17345589399337769,181427,22,6,False,Left,Front,Left,Centre,74
<_io.BytesIO object at 0x000001C2735DBD60>,0.7705810070037842,0.10457664728164673,0.22347551584243774,181427,22,6,False,Left,Front,Left,Centre,74
<_io.BytesIO object at 0x000001C2735DBA90>,0.7513203024864197,0.191142737865448,0.22863519191741943,181427,22,6,False,Left,Front,Left,Centre,74
<_io.BytesIO object at 0x000001C2734AD400>,0.7712082862854004,0.13314871490001678,0.17501385509967804,181428,22,6,False,Left,Front,Left,Centre,74
<_io.BytesIO object at 0x000001C2734AD4F0>,0.7488526105880737,0.16608566045761108,0.16623099148273468,181428,22,6,False,Left,Front,Left,Centre,74
<_io.BytesIO object at 0x000001C2735B5BD0>,0.749375581741333,0.10327805578708649,0.1793120950460434,181428,22,6,False,Left,Front,Left,Centre,74
<_io.BytesIO object at 0x000001C273497B30>,0.7726974487304688,0.10106594860553741,0.22922256588935852,181428,22,6,False,Left,Front,Left,Centre,74
<_io.BytesIO object at 0x000001C273497B80>,0.7526164054870605,0.18698634207248688,0.23728059232234955,181428,22,6,False,Left,Front,Left,Centre,74
<_io.BytesIO object at 0x000001C2734757C0>,0.7728686332702637,0.13144266605377197,0.18109925091266632,181429,22,6,False,Left,Front,Left,Centre,74
<_io.BytesIO object at 0x000001C2734756D0>,0.7498918771743774,0.16405192017555237,0.17421889305114746,181429,22,6,False,Left,Front,Left,Centre,74
<_io.BytesIO object at 0x000001C2735DB1D0>,0.7505674958229065,0.10161025822162628,0.18505693972110748,181429,22,6,False,Left,Front,Left,Centre,74
<_io.BytesIO object at 0x000001C2735DBD10>,0.7745219469070435,0.09742503613233566,0.23452381789684296,181429,22,6,False,Left,Front,Left,Centre,74
<_io.BytesIO object at 0x000001C2735DB9A0>,0.7539182305335999,0.18260468542575836,0.24572671949863434,181429,22,6,False,Left,Front,Left,Centre,74
<_io.BytesIO object at 0x000001C2734C3E50>,0.7744038701057434,0.12958474457263947,0.18683065474033356,181430,22,6,False,Left,Front,Left,Centre,74
<_io.BytesIO object at 0x000001C2734C3810>,0.7514390349388123,0.16206644475460052,0.18092216551303864,181430,22,6,False,Left,Front,Left,Centre,74
<_io.BytesIO object at 0x000001C2734C3950>,0.7517843246459961,0.09969345480203629,0.19046300649642944,181430,22,6,False,Left,Front,Left,Centre,74
<_io.BytesIO object at 0x000001C26B2150E0>,0.7756677269935608,0.09385916590690613,0.2395106703042984,181430,22,6,False,Left,Front,Left,Centre,74
<_io.BytesIO object at 0x000001C26B2154F0>,0.7549189925193787,0.17828620970249176,0.2537284791469574,181430,22,6,False,Left,Front,Left,Centre,74
<_io.BytesIO object at 0x000001C2735D49A0>,0.7757951617240906,0.12761612236499786,0.1923200935125351,181431,22,6,False,Left,Front,Left,Centre,74
<_io.BytesIO object at 0x000001C2735D40E0>,0.7531493306159973,0.16068872809410095,0.18715007603168488,181431,22,6,False,Left,Front,Left,Centre,74
<_io.BytesIO object at 0x000001C2736AD400>,0.752991259098053,0.09766971319913864,0.19561532139778137,181431,22,6,False,Left,Front,Left,Centre,74
<_io.BytesIO object at 0x000001C2736ADE00>,0.7766153812408447,0.09023114293813705,0.2441292256116867,181431,22,6,False,Left,Front,Left,Centre,74
<_io.BytesIO object at 0x000001C2736ADC70>,0.7558987140655518,0.1737433820962906,0.2610189914703369,181431,22,6,False,Left,Front,Left,Centre,74
<_io.BytesIO object at 0x000001C27349D090>,0.7770443558692932,0.1255556344985962,0.19760169088840485,181432,22,6,False,Left,Front,Left,Centre,74
<_io.BytesIO object at 0x000001C27349DBD0>,0.7550147771835327,0.1593378484249115,0.19270266592502594,181432,22,6,False,Left,Front,Left,Centre,74
<_io.BytesIO object at 0x000001C27349D450>,0.7543235421180725,0.09559832513332367,0.2007150799036026,181432,22,6,False,Left,Front,Left,Centre,74
<_io.BytesIO object at 0x000001C27349F4F0>,0.7773361206054688,0.08689576387405396,0.2486809492111206,181432,22,6,False,Left,Front,Left,Centre,74
<_io.BytesIO object at 0x000001C27349F0E0>,0.7567108869552612,0.16992954909801483,0.26851704716682434,181432,22,6,False,Left,Front,Left,Centre,74
<_io.BytesIO object at 0x000001C273483310>,0.7782990336418152,0.12355725467205048,0.20265084505081177,181433,22,6,False,Left,Front,Left,Centre,74
<_io.BytesIO object at 0x000001C273480F90>,0.757060170173645,0.1581840217113495,0.19782163202762604,181433,22,6,False,Left,Front,Left,Centre,74
<_io.BytesIO object at 0x000001C2734809F0>,0.755726158618927,0.09357695281505585,0.2054315209388733,181433,22,6,False,Left,Front,Left,Centre,74
<_io.BytesIO object at 0x000001C2734802C0>,0.7776566743850708,0.08502471446990967,0.25397157669067383,181433,22,6,False,Left,Front,Left,Centre,74
<_io.BytesIO object at 0x000001C273480CC0>,0.7571483254432678,0.16965320706367493,0.27635613083839417,181433,22,6,False,Left,Front,Left,Centre,74
<_io.BytesIO object at 0x000001C2735C3AE0>,0.7794314026832581,0.121646448969841,0.20732757449150085,181434,22,6,False,Left,Front,Left,Centre,74
<_io.BytesIO object at 0x000001C2735C39F0>,0.7590192556381226,0.157271608710289,0.20261795818805695,181434,22,6,False,Left,Front,Left,Centre,74
<_io.BytesIO object at 0x000001C273480360>,0.7572965025901794,0.09156409651041031,0.20998571813106537,181434,22,6,False,Left,Front,Left,Centre,74
<_io.BytesIO object at 0x000001C2734802C0>,0.7792921662330627,0.08186822384595871,0.2574905753135681,181434,22,6,False,Left,Front,Left,Centre,74
<_io.BytesIO object at 0x000001C273480810>,0.7598664164543152,0.16318875551223755,0.2792333960533142,181434,22,6,False,Left,Front,Left,Centre,74
<_io.BytesIO object at 0x000001C27349F400>,0.7807071208953857,0.11989704519510269,0.21181587874889374,181435,22,6,False,Left,Front,Left,Centre,74
<_io.BytesIO object at 0x000001C27349F090>,0.7607475519180298,0.15639717876911163,0.2069385051727295,181435,22,6,False,Left,Front,Left,Centre,74
<_io.BytesIO object at 0x000001C27349F4F0>,0.7588720917701721,0.08967600762844086,0.21410594880580902,181435,22,6,False,Left,Front,Left,Centre,74
<_io.BytesIO object at 0x000001C27349DD60>,0.7803451418876648,0.0798393040895462,0.2615588903427124,181435,22,6,False,Left,Front,Left,Centre,74
<_io.BytesIO object at 0x000001C27349D9A0>,0.7611449956893921,0.16087207198143005,0.28433793783187866,181435,22,6,False,Left,Front,Left,Centre,74
<_io.BytesIO object at 0x000001C2736ADEA0>,0.7819428443908691,0.11835316568613052,0.21586522459983826,181436,22,6,False,Left,Front,Left,Centre,74
<_io.BytesIO object at 0x000001C2736ADB30>,0.7623753547668457,0.15543681383132935,0.210935577750206,181436,22,6,False,Left,Front,Left,Centre,74
<_io.BytesIO object at 0x000001C2736AD400>,0.7604665756225586,0.0880037397146225,0.21797488629817963,181436,22,6,False,Left,Front,Left,Centre,74
<_io.BytesIO object at 0x000001C2735D42C0>,0.7815670371055603,0.0780087262392044,0.2653668522834778,181436,22,6,False,Left,Front,Left,Centre,74
<_io.BytesIO object at 0x000001C2735D4F90>,0.7624239325523376,0.15875354409217834,0.2886182963848114,181436,22,6,False,Left,Front,Left,Centre,74
<_io.BytesIO object at 0x000001C2735BB9F0>,0.7831400036811829,0.11701826751232147,0.21951192617416382,181437,22,6,False,Left,Front,Left,Centre,74
<_io.BytesIO object at 0x000001C26B215270>,0.7637948989868164,0.1544562131166458,0.21470680832862854,181437,22,6,False,Left,Front,Left,Centre,74
<_io.BytesIO object at 0x000001C2734C3270>,0.7619761824607849,0.08653237670660019,0.2214784175157547,181437,22,6,False,Left,Front,Left,Centre,74
<_io.BytesIO object at 0x000001C2734C3DB0>,0.7828848361968994,0.07641513645648956,0.26885902881622314,181437,22,6,False,Left,Front,Left,Centre,74
<_io.BytesIO object at 0x000001C2734C3B80>,0.7636483907699585,0.1570366621017456,0.292405366897583,181437,22,6,False,Left,Front,Left,Centre,74
<_io.BytesIO object at 0x000001C2735DB630>,0.7843302488327026,0.1159532219171524,0.22295443713665009,181438,22,6,False,Left,Front,Left,Centre,74
<_io.BytesIO object at 0x000001C2735DB950>,0.7649877667427063,0.15346288681030273,0.2183004915714264,181438,22,6,False,Left,Front,Left,Centre,74
<_io.BytesIO object at 0x000001C2735DBA40>,0.763423502445221,0.0852295532822609,0.22469058632850647,181438,22,6,False,Left,Front,Left,Centre,74
<_io.BytesIO object at 0x000001C2734757C0>,0.7843244671821594,0.07517379522323608,0.2721717953681946,181438,22,6,False,Left,Front,Left,Centre,74
<_io.BytesIO object at 0x000001C273475630>,0.7648401856422424,0.15560336410999298,0.2957674264907837,181438,22,6,False,Left,Front,Left,Centre,74
<_io.BytesIO object at 0x000001C2735DBAE0>,0.7853931784629822,0.11510153114795685,0.22599750757217407,181439,22,6,False,Left,Front,Left,Centre,74
<_io.BytesIO object at 0x000001C2735DB630>,0.7657914757728577,0.15250897407531738,0.22151625156402588,181439,22,6,False,Left,Front,Left,Centre,74
<_io.BytesIO object at 0x000001C2735DB5E0>,0.7646554112434387,0.08418413251638412,0.22757264971733093,181439,22,6,False,Left,Front,Left,Centre,74
<_io.BytesIO object at 0x000001C2735DB130>,0.785762369632721,0.07421018183231354,0.2750866711139679,181439,22,6,False,Left,Front,Left,Centre,74
<_io.BytesIO object at 0x000001C2735DBE50>,0.765935480594635,0.1544191688299179,0.2987293004989624,181439,22,6,False,Left,Front,Left,Centre,74
<_io.BytesIO object at 0x000001C2734C3400>,0.7862915396690369,0.11443533003330231,0.22862261533737183,181440,22,6,False,Left,Front,Left,Centre,74
<_io.BytesIO object at 0x000001C2735BB2C0>,0.7663565874099731,0.15160878002643585,0.22449591755867004,181440,22,6,False,Left,Front,Left,Centre,74
<_io.BytesIO object at 0x000001C2735BB360>,0.7656152844429016,0.08340645581483841,0.23010337352752686,181440,22,6,False,Left,Front,Left,Centre,74
<_io.BytesIO object at 0x000001C2735BBAE0>,0.7870492339134216,0.07342386245727539,0.2775726914405823,181440,22,6,False,Left,Front,Left,Centre,74
<_io.BytesIO object at 0x000001C2735BB5E0>,0.7669249176979065,0.153526172041893,0.3014442026615143,181440,22,6,False,Left,Front,Left,Centre,74
<_io.BytesIO object at 0x000001C27349FF90>,0.7870402932167053,0.11395897716283798,0.23093798756599426,181441,22,6,False,Left,Front,Left,Centre,74
<_io.BytesIO object at 0x000001C27349FD60>,0.7666870355606079,0.150920569896698,0.2273225486278534,181441,22,6,False,Left,Front,Left,Centre,74
<_io.BytesIO object at 0x000001C2734834F0>,0.7664117813110352,0.08288142830133438,0.23246091604232788,181441,22,6,False,Left,Front,Left,Centre,74
<_io.BytesIO object at 0x000001C273483F40>,0.7882696390151978,0.07287771254777908,0.2798021137714386,181441,22,6,False,Left,Front,Left,Centre,74
<_io.BytesIO object at 0x000001C273483720>,0.7677382826805115,0.15291832387447357,0.3039177358150482,181441,22,6,False,Left,Front,Left,Centre,74
<_io.BytesIO object at 0x000001C2736ADD60>,0.7876057028770447,0.11380700767040253,0.23316405713558197,181442,22,6,False,Left,Front,Left,Centre,74
<_io.BytesIO object at 0x000001C2736AD090>,0.7668163180351257,0.15025164186954498,0.22967340052127838,181442,22,6,False,Left,Front,Left,Centre,74
<_io.BytesIO object at 0x000001C26B2150E0>,0.7670558094978333,0.08255589753389359,0.23462365567684174,181442,22,6,False,Left,Front,Left,Centre,74
<_io.BytesIO object at 0x000001C26B2151D0>,0.7892702221870422,0.07268017530441284,0.2819245159626007,181442,22,6,False,Left,Front,Left,Centre,74
<_io.BytesIO object at 0x000001C273480BD0>,0.7682467699050903,0.15259909629821777,0.3060806691646576,181442,22,6,False,Left,Front,Left,Centre,74
<_io.BytesIO object at 0x000001C27348D680>,0.7881107926368713,0.11375335603952408,0.23522549867630005,181443,22,6,False,Left,Front,Left,Centre,74
<_io.BytesIO object at 0x000001C2735C34F0>,0.7668862342834473,0.14986678957939148,0.23203310370445251,181443,22,6,False,Left,Front,Left,Centre,74
<_io.BytesIO object at 0x000001C2735C3DB0>,0.767657995223999,0.08237321674823761,0.2367127686738968,181443,22,6,False,Left,Front,Left,Centre,74
<_io.BytesIO object at 0x000001C2735C3EA0>,0.7900878190994263,0.0726519376039505,0.28401368856430054,181443,22,6,False,Left,Front,Left,Centre,74
<_io.BytesIO object at 0x000001C2735C3220>,0.7683718204498291,0.152622789144516,0.3079831600189209,181443,22,6,False,Left,Front,Left,Centre,74
<_io.BytesIO object at 0x000001C27349D5E0>,0.7884825468063354,0.11389917135238647,0.23723569512367249,181444,22,6,False,Left,Front,Left,Centre,74
<_io.BytesIO object at 0x000001C27349D1D0>,0.7668262720108032,0.1495543271303177,0.23396266996860504,181444,22,6,False,Left,Front,Left,Centre,74
<_io.BytesIO object at 0x000001C2735C3540>,0.7681650519371033,0.08237674087285995,0.23873883485794067,181444,22,6,False,Left,Front,Left,Centre,74
<_io.BytesIO object at 0x000001C2735C3630>,0.7906880974769592,0.07290708273649216,0.2861085832118988,181444,22,6,False,Left,Front,Left,Centre,74
<_io.BytesIO object at 0x000001C2735C3E50>,0.7682009339332581,0.15280041098594666,0.3096601963043213,181444,22,6,False,Left,Front,Left,Centre,74
<_io.BytesIO object at 0x000001C2736ADAE0>,0.7887388467788696,0.11410128325223923,0.23906902968883514,181445,22,6,False,Left,Front,Left,Centre,74
<_io.BytesIO object at 0x000001C2736AD9A0>,0.7667090892791748,0.14938336610794067,0.2356492578983307,181445,22,6,False,Left,Front,Left,Centre,74
<_io.BytesIO object at 0x000001C2736AD3B0>,0.7686751484870911,0.08238174021244049,0.24061161279678345,181445,22,6,False,Left,Front,Left,Centre,74
<_io.BytesIO object at 0x000001C2736AD1D0>,0.7910955548286438,0.07331733405590057,0.28815656900405884,181445,22,6,False,Left,Front,Left,Centre,74
<_io.BytesIO object at 0x000001C2734752C0>,0.7676336765289307,0.15328393876552582,0.31120583415031433,181445,22,6,False,Left,Front,Left,Centre,74
<_io.BytesIO object at 0x000001C273483B30>,0.7888665795326233,0.11445365846157074,0.24086390435695648,181446,22,6,False,Left,Front,Left,Centre,74
<_io.BytesIO object at 0x000001C27349FB80>,0.7664792537689209,0.14947791397571564,0.23720143735408783,181446,22,6,False,Left,Front,Left,Centre,74
<_io.BytesIO object at 0x000001C27349F3B0>,0.7691758871078491,0.08254245668649673,0.2425539493560791,181446,22,6,False,Left,Front,Left,Centre,74
<_io.BytesIO object at 0x000001C27349FE00>,0.7914202213287354,0.07400713860988617,0.2902616262435913,181446,22,6,False,Left,Front,Left,Centre,74
<_io.BytesIO object at 0x000001C27349F270>,0.7668691277503967,0.15382032096385956,0.3126204013824463,181446,22,6,False,Left,Front,Left,Centre,74
<_io.BytesIO object at 0x000001C2735BBCC0>,0.788970947265625,0.11481843143701553,0.24256928265094757,181447,22,6,False,Left,Front,Left,Centre,74
<_io.BytesIO object at 0x000001C270704360>,0.7661508917808533,0.1496581733226776,0.23845577239990234,181447,22,6,False,Left,Front,Left,Centre,74
<_io.BytesIO object at 0x000001C2734804A0>,0.7696964144706726,0.08267687261104584,0.24435612559318542,181447,22,6,False,Left,Front,Left,Centre,74
<_io.BytesIO object at 0x000001C2734809F0>,0.7916881442070007,0.07480488717556,0.2922682762145996,181447,22,6,False,Left,Front,Left,Centre,74
<_io.BytesIO object at 0x000001C273480590>,0.7659674286842346,0.15444189310073853,0.3139801025390625,181447,22,6,False,Left,Front,Left,Centre,74
<_io.BytesIO object at 0x000001C2734AA310>,0.7890669107437134,0.1151856929063797,0.2441745102405548,181448,22,6,False,Left,Front,Left,Centre,74
<_io.BytesIO object at 0x000001C2734AA1D0>,0.7660064697265625,0.14978566765785217,0.23970915377140045,181448,22,6,False,Left,Front,Left,Centre,74
<_io.BytesIO object at 0x000001C2735DB540>,0.7701691389083862,0.0829022154211998,0.24609047174453735,181448,22,6,False,Left,Front,Left,Centre,74
<_io.BytesIO object at 0x000001C2735DB3B0>,0.7917426824569702,0.07555876672267914,0.2942430078983307,181448,22,6,False,Left,Front,Left,Centre,74
<_io.BytesIO object at 0x000001C2735DB130>,0.7649278044700623,0.15503939986228943,0.3151094317436218,181448,22,6,False,Left,Front,Left,Centre,74
<_io.BytesIO object at 0x000001C2735DB6D0>,0.7891238927841187,0.11562716960906982,0.24575096368789673,181449,22,6,False,Left,Front,Left,Centre,74
<_io.BytesIO object at 0x000001C2734AA4F0>,0.765691876411438,0.15006640553474426,0.2407417595386505,181449,22,6,False,Left,Front,Left,Centre,74
<_io.BytesIO object at 0x000001C2734AACC0>,0.7706677317619324,0.08310910314321518,0.2477293759584427,181449,22,6,False,Left,Front,Left,Centre,74
<_io.BytesIO object at 0x000001C2734AA6D0>,0.7918465733528137,0.07643447816371918,0.2961186170578003,181449,22,6,False,Left,Front,Left,Centre,74
<_io.BytesIO object at 0x000001C2734AA770>,0.7638957500457764,0.15560270845890045,0.3161967694759369,181449,22,6,False,Left,Front,Left,Centre,74
<_io.BytesIO object at 0x000001C273480590>,0.7892011404037476,0.11600763350725174,0.24716728925704956,181450,22,6,False,Left,Front,Left,Centre,74
<_io.BytesIO object at 0x000001C273480360>,0.7655927538871765,0.15022289752960205,0.24181051552295685,181450,22,6,False,Left,Front,Left,Centre,74
<_io.BytesIO object at 0x000001C270704B80>,0.7712029218673706,0.08328308165073395,0.2492603361606598,181450,22,6,False,Left,Front,Left,Centre,74
<_io.BytesIO object at 0x000001C2735BBCC0>,0.7919454574584961,0.07715054601430893,0.2978686988353729,181450,22,6,False,Left,Front,Left,Centre,74
<_io.BytesIO object at 0x000001C2735BBE00>,0.7629156112670898,0.15612661838531494,0.3172496557235718,181450,22,6,False,Left,Front,Left,Centre,74
<_io.BytesIO object at 0x000001C27349F040>,0.7892796993255615,0.11633522808551788,0.2484106868505478,181451,22,6,False,Left,Front,Left,Centre,74
<_io.BytesIO object at 0x000001C27349FF40>,0.7653412222862244,0.15050101280212402,0.24275089800357819,181451,22,6,False,Left,Front,Left,Centre,74
<_io.BytesIO object at 0x000001C27349FBD0>,0.7716484069824219,0.08359454572200775,0.25076040625572205,181451,22,6,False,Left,Front,Left,Centre,74
<_io.BytesIO object at 0x000001C27349F810>,0.7921664714813232,0.07789294421672821,0.2994142770767212,181451,22,6,False,Left,Front,Left,Centre,74
<_io.BytesIO object at 0x000001C273483B30>,0.7621387243270874,0.15649011731147766,0.3183143138885498,181451,22,6,False,Left,Front,Left,Centre,74
<_io.BytesIO object at 0x000001C2734755E0>,0.7893468737602234,0.11671406030654907,0.24959532916545868,181452,22,6,False,Left,Front,Left,Centre,74
<_io.BytesIO object at 0x000001C2736ADB30>,0.7652941346168518,0.1505987048149109,0.24372243881225586,181452,22,6,False,Left,Front,Left,Centre,74
<_io.BytesIO object at 0x000001C2736ADCC0>,0.7721520066261292,0.0837889015674591,0.25208765268325806,181452,22,6,False,Left,Front,Left,Centre,74
<_io.BytesIO object at 0x000001C2736AD8B0>,0.792445182800293,0.07846526801586151,0.30082082748413086,181452,22,6,False,Left,Front,Left,Centre,74
<_io.BytesIO object at 0x000001C2736AD270>,0.7615519165992737,0.1567511260509491,0.31932494044303894,181452,22,6,False,Left,Front,Left,Centre,74
<_io.BytesIO object at 0x000001C2735C3310>,0.7895703315734863,0.11701670289039612,0.25078898668289185,181453,22,6,False,Left,Front,Left,Centre,74
<_io.BytesIO object at 0x000001C2735C3270>,0.7651616930961609,0.15066812932491302,0.2445264309644699,181453,22,6,False,Left,Front,Left,Centre,74
<_io.BytesIO object at 0x000001C27349DEA0>,0.772584080696106,0.0840800330042839,0.2533719539642334,181453,22,6,False,Left,Front,Left,Centre,74
<_io.BytesIO object at 0x000001C27349DD10>,0.7926475405693054,0.07909920811653137,0.3022063672542572,181453,22,6,False,Left,Front,Left,Centre,74
<_io.BytesIO object at 0x000001C27349D590>,0.7609062790870667,0.15715031325817108,0.3202771246433258,181453,22,6,False,Left,Front,Left,Centre,74
<_io.BytesIO object at 0x000001C27348D630>,0.7897294759750366,0.11736521124839783,0.2518802285194397,181454,22,6,False,Left,Front,Left,Centre,74
<_io.BytesIO object at 0x000001C26B215270>,0.7650675773620605,0.15084901452064514,0.24551016092300415,181454,22,6,False,Left,Front,Left,Centre,74
<_io.BytesIO object at 0x000001C2736ADD60>,0.7730496525764465,0.08431426435709,0.2545667290687561,181454,22,6,False,Left,Front,Left,Centre,74
<_io.BytesIO object at 0x000001C2736AD0E0>,0.7929041385650635,0.07967698574066162,0.3034965991973877,181454,22,6,False,Left,Front,Left,Centre,74
<_io.BytesIO object at 0x000001C2736ADB30>,0.7603247165679932,0.15747769176959991,0.3210563063621521,181454,22,6,False,Left,Front,Left,Centre,74
<_io.BytesIO object at 0x000001C273483220>,0.7899013161659241,0.11767759174108505,0.25286751985549927,181455,22,6,False,Left,Front,Left,Centre,74
<_io.BytesIO object at 0x000001C273483450>,0.764966607093811,0.15089325606822968,0.24627430737018585,181455,22,6,False,Left,Front,Left,Centre,74
<_io.BytesIO object at 0x000001C27349F810>,0.7735425233840942,0.08453105390071869,0.25571370124816895,181455,22,6,False,Left,Front,Left,Centre,74
<_io.BytesIO object at 0x000001C27349FEA0>,0.7932499051094055,0.08027734607458115,0.3047027587890625,181455,22,6,False,Left,Front,Left,Centre,74
<_io.BytesIO object at 0x000001C27349FC20>,0.7598130106925964,0.157810240983963,0.32183194160461426,181455,22,6,False,Left,Front,Left,Centre,74
<_io.BytesIO object at 0x000001C2735BB450>,0.7901011109352112,0.11807519942522049,0.2539481222629547,181456,22,6,False,Left,Front,Left,Centre,74
<_io.BytesIO object at 0x000001C2735BB040>,0.7649170756340027,0.15097327530384064,0.24714192748069763,181456,22,6,False,Left,Front,Left,Centre,74
<_io.BytesIO object at 0x000001C270704A40>,0.7739970684051514,0.08475986868143082,0.25677692890167236,181456,22,6,False,Left,Front,Left,Centre,74
<_io.BytesIO object at 0x000001C270704360>,0.7934859395027161,0.08085158467292786,0.3059200048446655,181456,22,6,False,Left,Front,Left,Centre,74
<_io.BytesIO object at 0x000001C273480220>,0.7592726349830627,0.15830457210540771,0.322635680437088,181456,22,6,False,Left,Front,Left,Centre,74
<_io.BytesIO object at 0x000001C2734C3180>,0.7902390956878662,0.11849991232156754,0.2549489438533783,181457,22,6,False,Left,Front,Left,Centre,74
<_io.BytesIO object at 0x000001C2734AA1D0>,0.7646902799606323,0.1512046605348587,0.24790595471858978,181457,22,6,False,Left,Front,Left,Centre,74
<_io.BytesIO object at 0x000001C2734AA7C0>,0.7744709849357605,0.08506058156490326,0.25792455673217773,181457,22,6,False,Left,Front,Left,Centre,74
<_io.BytesIO object at 0x000001C2734AA130>,0.7937812209129333,0.08163192868232727,0.3071562945842743,181457,22,6,False,Left,Front,Left,Centre,74
<_io.BytesIO object at 0x000001C2734AA9A0>,0.7586458325386047,0.15878096222877502,0.3232670724391937,181457,22,6,False,Left,Front,Left,Centre,74
<_io.BytesIO object at 0x000001C27349DBD0>,0.7903003692626953,0.1190120205283165,0.25592559576034546,181458,22,6,False,Left,Front,Left,Centre,74
<_io.BytesIO object at 0x000001C2734AD4F0>,0.7644794583320618,0.15133784711360931,0.2485380619764328,181458,22,6,False,Left,Front,Left,Centre,74
<_io.BytesIO object at 0x000001C2734ADEA0>,0.7749654054641724,0.08529264479875565,0.2589547634124756,181458,22,6,False,Left,Front,Left,Centre,74
<_io.BytesIO object at 0x000001C2734AD4A0>,0.7940213680267334,0.08242784440517426,0.3083456754684448,181458,22,6,False,Left,Front,Left,Centre,74
<_io.BytesIO object at 0x000001C27349DA90>,0.7579454183578491,0.15928231179714203,0.32378292083740234,181458,22,6,False,Left,Front,Left,Centre,74
<_io.BytesIO object at 0x000001C2734AADB0>,0.7903798222541809,0.11952236294746399,0.2568904757499695,181459,22,6,False,Left,Front,Left,Centre,74
<_io.BytesIO object at 0x000001C2734AAB30>,0.7641181349754333,0.15167388319969177,0.2492176741361618,181459,22,6,False,Left,Front,Left,Centre,74
<_io.BytesIO object at 0x000001C2734AAF40>,0.7753365635871887,0.0857030525803566,0.2600114643573761,181459,22,6,False,Left,Front,Left,Centre,74
<_io.BytesIO object at 0x000001C2734C31D0>,0.7941025495529175,0.08334846794605255,0.30955398082733154,181459,22,6,False,Left,Front,Left,Centre,74
<_io.BytesIO object at 0x000001C2734C30E0>,0.7570323348045349,0.1599845588207245,0.3242688775062561,181459,22,6,False,Left,Front,Left,Centre,74
<_io.BytesIO object at 0x000001C273480A40>,0.7902740836143494,0.12022318691015244,0.25783804059028625,181460,22,6,False,Left,Front,Left,Centre,74
<_io.BytesIO object at 0x000001C2735BB220>,0.7638882398605347,0.15189775824546814,0.24990332126617432,181460,22,6,False,Left,Front,Left,Centre,74
<_io.BytesIO object at 0x000001C2735BBBD0>,0.7756773233413696,0.08611997216939926,0.26098695397377014,181460,22,6,False,Left,Front,Left,Centre,74
<_io.BytesIO object at 0x000001C2735BBC70>,0.7941181063652039,0.08424887806177139,0.310707688331604,181460,22,6,False,Left,Front,Left,Centre,74
<_io.BytesIO object at 0x000001C2735BB950>,0.7561375498771667,0.1606835573911667,0.32480737566947937,181460,22,6,False,Left,Front,Left,Centre,74
<_io.BytesIO object at 0x000001C27349F860>,0.7901264429092407,0.12097976356744766,0.25878220796585083,181461,22,6,False,Left,Front,Left,Centre,74
<_io.BytesIO object at 0x000001C27349F4A0>,0.7633713483810425,0.15236937999725342,0.25047609210014343,181461,22,6,False,Left,Front,Left,Centre,74
<_io.BytesIO object at 0x000001C273475450>,0.7759224772453308,0.08664913475513458,0.2619451880455017,181461,22,6,False,Left,Front,Left,Centre,74
<_io.BytesIO object at 0x000001C273475590>,0.7940084934234619,0.08532679826021194,0.31184643507003784,181461,22,6,False,Left,Front,Left,Centre,74
<_io.BytesIO object at 0x000001C273475220>,0.7550239562988281,0.16148687899112701,0.3252636790275574,181461,22,6,False,Left,Front,Left,Centre,74
<_io.BytesIO object at 0x000001C2734832C0>,0.7898331880569458,0.12188269942998886,0.2597033977508545,181462,22,6,False,Left,Front,Left,Centre,74
<_io.BytesIO object at 0x000001C2734836D0>,0.7627977132797241,0.15284676849842072,0.25095391273498535,181462,22,6,False,Left,Front,Left,Centre,74
<_io.BytesIO object at 0x000001C273483360>,0.7761021256446838,0.0873236283659935,0.26297101378440857,181462,22,6,False,Left,Front,Left,Centre,74
<_io.BytesIO object at 0x000001C273483F40>,0.7937175631523132,0.08662614226341248,0.3130621314048767,181462,22,6,False,Left,Front,Left,Centre,74
<_io.BytesIO object at 0x000001C27348D590>,0.7536036968231201,0.16241472959518433,0.3255736827850342,181462,22,6,False,Left,Front,Left,Centre,74
<_io.BytesIO object at 0x000001C2735C34A0>,0.7893500328063965,0.12290052324533463,0.2605058550834656,181463,22,6,False,Left,Front,Left,Centre,74
<_io.BytesIO object at 0x000001C2735C35E0>,0.7620570659637451,0.15348777174949646,0.2513958215713501,181463,22,6,False,Left,Front,Left,Centre,74
<_io.BytesIO object at 0x000001C2735C37C0>,0.7761629819869995,0.08809366077184677,0.26391535997390747,181463,22,6,False,Left,Front,Left,Centre,74
<_io.BytesIO object at 0x000001C2735C3090>,0.7933177947998047,0.08801139891147614,0.3141588866710663,181463,22,6,False,Left,Front,Left,Centre,74
<_io.BytesIO object at 0x000001C2735C3F90>,0.7520363926887512,0.16337795555591583,0.32583311200141907,181463,22,6,False,Left,Front,Left,Centre,74
<_io.BytesIO object at 0x000001C273483EA0>,0.7887583374977112,0.12401361018419266,0.26126527786254883,181464,22,6,False,Left,Front,Left,Centre,74
<_io.BytesIO object at 0x000001C26B215270>,0.7611120343208313,0.15420643985271454,0.2516588270664215,181464,22,6,False,Left,Front,Left,Centre,74
<_io.BytesIO object at 0x000001C2736AD180>,0.776189386844635,0.08890321105718613,0.2648071050643921,181464,22,6,False,Left,Front,Left,Centre,74
<_io.BytesIO object at 0x000001C2736ADEA0>,0.7928344011306763,0.08953970670700073,0.315209299325943,181464,22,6,False,Left,Front,Left,Centre,74
<_io.BytesIO object at 0x000001C2736ADA90>,0.7502685189247131,0.16436609625816345,0.32596272230148315,181464,22,6,False,Left,Front,Left,Centre,74
<_io.BytesIO object at 0x000001C27349F9A0>,0.7881432771682739,0.12524297833442688,0.2621254622936249,181465,22,6,False,Left,Front,Left,Centre,74
<_io.BytesIO object at 0x000001C27349F4F0>,0.7601330280303955,0.15499429404735565,0.25201746821403503,181465,22,6,False,Left,Front,Left,Centre,74
<_io.BytesIO object at 0x000001C2735D4810>,0.776134192943573,0.08981601148843765,0.26565584540367126,181465,22,6,False,Left,Front,Left,Centre,74
<_io.BytesIO object at 0x000001C2735D4A40>,0.7921717166900635,0.09107742458581924,0.316267192363739,181465,22,6,False,Left,Front,Left,Centre,74
<_io.BytesIO object at 0x000001C2735D4590>,0.7483737468719482,0.16534924507141113,0.32603374123573303,181465,22,6,False,Left,Front,Left,Centre,74
<_io.BytesIO object at 0x000001C273480770>,0.7873722910881042,0.12651649117469788,0.26280921697616577,181466,22,6,False,Left,Front,Left,Centre,74
<_io.BytesIO object at 0x000001C273480F90>,0.7590727806091309,0.15578655898571014,0.25230327248573303,181466,22,6,False,Left,Front,Left,Centre,74
<_io.BytesIO object at 0x000001C273480BD0>,0.7759464979171753,0.09089753776788712,0.2664768397808075,181466,22,6,False,Left,Front,Left,Centre,74
<_io.BytesIO object at 0x000001C273480F40>,0.7914550304412842,0.09271831810474396,0.3172108232975006,181466,22,6,False,Left,Front,Left,Centre,74
<_io.BytesIO object at 0x000001C2734806D0>,0.7463356852531433,0.16644929349422455,0.32625120878219604,181466,22,6,False,Left,Front,Left,Centre,74
<_io.BytesIO object at 0x000001C2734AA220>,0.7864353060722351,0.1278749406337738,0.2633558213710785,181467,22,6,False,Left,Front,Left,Centre,74
<_io.BytesIO object at 0x000001C2735DB900>,0.7578263878822327,0.15661649405956268,0.2524143159389496,181467,22,6,False,Left,Front,Left,Centre,74
<_io.BytesIO object at 0x000001C2735DBD60>,0.7757083773612976,0.09204494953155518,0.2672480642795563,181467,22,6,False,Left,Front,Left,Centre,74
<_io.BytesIO object at 0x000001C2735DB720>,0.7909114956855774,0.09444914013147354,0.31798458099365234,181467,22,6,False,Left,Front,Left,Centre,74
<_io.BytesIO object at 0x000001C2735DBDB0>,0.7444391846656799,0.16748490929603577,0.32669225335121155,181467,22,6,False,Left,Front,Left,Centre,74
<_io.BytesIO object at 0x000001C27349DC70>,0.7854458093643188,0.12933680415153503,0.26392871141433716,181468,22,6,False,Left,Front,Left,Centre,74
<_io.BytesIO object at 0x000001C27349D180>,0.7565646171569824,0.15744033455848694,0.25261980295181274,181468,22,6,False,Left,Front,Left,Centre,74
<_io.BytesIO object at 0x000001C27349D090>,0.7754066586494446,0.09324061125516891,0.26791685819625854,181468,22,6,False,Left,Front,Left,Centre,74
<_io.BytesIO object at 0x000001C2735DBD10>,0.7900434732437134,0.09620453417301178,0.3187689185142517,181468,22,6,False,Left,Front,Left,Centre,74
<_io.BytesIO object at 0x000001C2735DB090>,0.7422261834144592,0.16840748488903046,0.3265949785709381,181468,22,6,False,Left,Front,Left,Centre,74
<_io.BytesIO object at 0x000001C2734C3D10>,0.7844511866569519,0.1308012157678604,0.264465868473053,181469,22,6,False,Left,Front,Left,Centre,74
<_io.BytesIO object at 0x000001C2734C3CC0>,0.7551360130310059,0.15824976563453674,0.25263088941574097,181469,22,6,False,Left,Front,Left,Centre,74
<_io.BytesIO object at 0x000001C2734C3630>,0.7750427722930908,0.09449978172779083,0.268501341342926,181469,22,6,False,Left,Front,Left,Centre,74
<_io.BytesIO object at 0x000001C2734C33B0>,0.789291501045227,0.09802346676588058,0.3194596767425537,181469,22,6,False,Left,Front,Left,Centre,74
<_io.BytesIO object at 0x000001C2734C3EA0>,0.7399858236312866,0.16969579458236694,0.32702505588531494,181469,22,6,False,Left,Front,Left,Centre,74
<_io.BytesIO object at 0x000001C2735D4A90>,0.7833814024925232,0.13229714334011078,0.2648889422416687,181470,22,6,False,Left,Front,Left,Centre,74
<_io.BytesIO object at 0x000001C2735D4D60>,0.7536582946777344,0.15900470316410065,0.2525624930858612,181470,22,6,False,Left,Front,Left,Centre,74
<_io.BytesIO object at 0x000001C27349F6D0>,0.774651050567627,0.09582783281803131,0.26905766129493713,181470,22,6,False,Left,Front,Left,Centre,74
<_io.BytesIO object at 0x000001C27349FCC0>,0.7881609201431274,0.10042370855808258,0.3204614818096161,181470,22,6,False,Left,Front,Left,Centre,74
<_io.BytesIO object at 0x000001C27349F040>,0.7362208962440491,0.1733504831790924,0.3286813497543335,181470,22,6,False,Left,Front,Left,Centre,74
<_io.BytesIO object at 0x000001C2736AD0E0>,0.7820258140563965,0.13403473794460297,0.2652256488800049,181471,22,6,False,Left,Front,Left,Centre,74
<_io.BytesIO object at 0x000001C2736ADE50>,0.7521427273750305,0.15984416007995605,0.25254547595977783,181471,22,6,False,Left,Front,Left,Centre,74
<_io.BytesIO object at 0x000001C26B215180>,0.7742031812667847,0.09718087315559387,0.2695809304714203,181471,22,6,False,Left,Front,Left,Centre,74
<_io.BytesIO object at 0x000001C26B2154F0>,0.7826681137084961,0.1081118956208229,0.3188956081867218,181471,22,6,False,Left,Front,Left,Centre,74
<_io.BytesIO object at 0x000001C2735BB8B0>,0.7307567000389099,0.17554140090942383,0.3261280655860901,181471,22,6,False,Left,Front,Left,Centre,74
<_io.BytesIO object at 0x000001C27348D7C0>,0.7807865142822266,0.1357075423002243,0.26556912064552307,181472,22,6,False,Left,Front,Left,Centre,74
<_io.BytesIO object at 0x000001C27348D720>,0.7505481243133545,0.1608741581439972,0.25214943289756775,181472,22,6,False,Left,Front,Left,Centre,74
<_io.BytesIO object at 0x000001C27348DA90>,0.7737308144569397,0.09858039766550064,0.27010002732276917,181472,22,6,False,Left,Front,Left,Centre,74
<_io.BytesIO object at 0x000001C27348D360>,0.7820374965667725,0.10944811999797821,0.3194490075111389,181472,22,6,False,Left,Front,Left,Centre,74
<_io.BytesIO object at 0x000001C2735C33B0>,0.7282653450965881,0.17654955387115479,0.3256526589393616,181472,22,6,False,Left,Front,Left,Centre,74
<_io.BytesIO object at 0x000001C2735C3090>,0.7792096734046936,0.1376597136259079,0.26576104760169983,181473,22,6,False,Left,Front,Left,Centre,74
<_io.BytesIO object at 0x000001C2735C3630>,0.7489134669303894,0.1619316041469574,0.25162678956985474,181473,22,6,False,Left,Front,Left,Centre,74
<_io.BytesIO object at 0x000001C27348D6D0>,0.7732402682304382,0.10004118829965591,0.2705957293510437,181473,22,6,False,Left,Front,Left,Centre,74
<_io.BytesIO object at 0x000001C27348DEF0>,0.7814423441886902,0.11076050996780396,0.31998100876808167,181473,22,6,False,Left,Front,Left,Centre,74
<_io.BytesIO object at 0x000001C27348D4F0>,0.7256560325622559,0.17759230732917786,0.3251718282699585,181473,22,6,False,Left,Front,Left,Centre,74
<_io.BytesIO object at 0x000001C2735BB270>,0.7776238322257996,0.13970841467380524,0.2659747004508972,181474,22,6,False,Left,Front,Left,Centre,74
<_io.BytesIO object at 0x000001C2735BBA90>,0.7471072673797607,0.16295066475868225,0.25082889199256897,181474,22,6,False,Left,Front,Left,Centre,74
<_io.BytesIO object at 0x000001C26B215180>,0.7726346850395203,0.10169480741024017,0.27105072140693665,181474,22,6,False,Left,Front,Left,Centre,74
<_io.BytesIO object at 0x000001C26B215400>,0.7807790040969849,0.1121494472026825,0.32055073976516724,181474,22,6,False,Left,Front,Left,Centre,74
<_io.BytesIO object at 0x000001C2736AD810>,0.7226033210754395,0.17853215336799622,0.3243635296821594,181474,22,6,False,Left,Front,Left,Centre,74
<_io.BytesIO object at 0x000001C273475D10>,0.7759069800376892,0.14179517328739166,0.26593679189682007,181475,22,6,False,Left,Front,Left,Centre,74
<_io.BytesIO object at 0x000001C27349F180>,0.7453108429908752,0.16394419968128204,0.25009673833847046,181475,22,6,False,Left,Front,Left,Centre,74
<_io.BytesIO object at 0x000001C27349F6D0>,0.7720702290534973,0.10340378433465958,0.2713927924633026,181475,22,6,False,Left,Front,Left,Centre,74
<_io.BytesIO object at 0x000001C27349F900>,0.779985785484314,0.11369166523218155,0.3211345672607422,181475,22,6,False,Left,Front,Left,Centre,74
<_io.BytesIO object at 0x000001C27349F8B0>,0.7197227478027344,0.1793348640203476,0.32358500361442566,181475,22,6,False,Left,Front,Left,Centre,74
<_io.BytesIO object at 0x000001C273480630>,0.7742292881011963,0.1438121199607849,0.26573118567466736,181476,22,6,False,Left,Front,Left,Centre,74
<_io.BytesIO object at 0x000001C2734C3810>,0.7434659600257874,0.16486096382141113,0.24932202696800232,181476,22,6,False,Left,Front,Left,Centre,74
<_io.BytesIO object at 0x000001C2734C39A0>,0.7715116143226624,0.10518544912338257,0.2715730667114258,181476,22,6,False,Left,Front,Left,Centre,74
<_io.BytesIO object at 0x000001C2734C3CC0>,0.7792239189147949,0.11524161696434021,0.32169973850250244,181476,22,6,False,Left,Front,Left,Centre,74
<_io.BytesIO object at 0x000001C2734C3180>,0.716989278793335,0.1799446940422058,0.3228226602077484,181476,22,6,False,Left,Front,Left,Centre,74
<_io.BytesIO object at 0x000001C2735DBE50>,0.772441029548645,0.1459822952747345,0.2654474973678589,181477,22,6,False,Left,Front,Left,Centre,74
<_io.BytesIO object at 0x000001C2735DBAE0>,0.7414993643760681,0.16567915678024292,0.2483857125043869,181477,22,6,False,Left,Front,Left,Centre,74
<_io.BytesIO object at 0x000001C27349DF90>,0.77092444896698,0.10704300552606583,0.27154120802879333,181477,22,6,False,Left,Front,Left,Centre,74
<_io.BytesIO object at 0x000001C27349D6D0>,0.7782657146453857,0.1168520599603653,0.32240501046180725,181477,22,6,False,Left,Front,Left,Centre,74
<_io.BytesIO object at 0x000001C27349DA40>,0.7137373089790344,0.17994177341461182,0.3220149278640747,181477,22,6,False,Left,Front,Left,Centre,74
<_io.BytesIO object at 0x000001C2734ADDB0>,0.7706599831581116,0.14808876812458038,0.26508480310440063,181478,22,6,False,Left,Front,Left,Centre,74
<_io.BytesIO object at 0x000001C27349D040>,0.7395495176315308,0.16636496782302856,0.24761229753494263,181478,22,6,False,Left,Front,Left,Centre,74
<_io.BytesIO object at 0x000001C27349DCC0>,0.7702871561050415,0.10892889648675919,0.2712293863296509,181478,22,6,False,Left,Front,Left,Centre,74
<_io.BytesIO object at 0x000001C27349DE50>,0.7773181796073914,0.11836148053407669,0.3230231702327728,181478,22,6,False,Left,Front,Left,Centre,74
<_io.BytesIO object at 0x000001C27349D090>,0.7106702327728271,0.17981848120689392,0.3213452696800232,181478,22,6,False,Left,Front,Left,Centre,74
<_io.BytesIO object at 0x000001C2734AA400>,0.7688745260238647,0.14998456835746765,0.26460444927215576,181479,22,6,False,Left,Front,Left,Centre,74
<_io.BytesIO object at 0x000001C2734C34A0>,0.7375754714012146,0.16680285334587097,0.24683980643749237,181479,22,6,False,Left,Front,Left,Centre,74
<_io.BytesIO object at 0x000001C2734C38B0>,0.7697097063064575,0.11080411821603775,0.27096426486968994,181479,22,6,False,Left,Front,Left,Centre,74
<_io.BytesIO object at 0x000001C2734C3900>,0.7762633562088013,0.11986053735017776,0.3235461115837097,181479,22,6,False,Left,Front,Left,Centre,74
<_io.BytesIO object at 0x000001C2734C3540>,0.7074682712554932,0.1794985830783844,0.320503294467926,181479,22,6,False,Left,Front,Left,Centre,74
<_io.BytesIO object at 0x000001C2735D48B0>,0.7668514251708984,0.15190744400024414,0.264077752828598,181480,22,6,False,Left,Front,Left,Centre,74
<_io.BytesIO object at 0x000001C2735D4EA0>,0.7354336380958557,0.16711552441120148,0.24598997831344604,181480,22,6,False,Left,Front,Left,Centre,74
<_io.BytesIO object at 0x000001C2735D4540>,0.768967866897583,0.11270696669816971,0.2705937922000885,181480,22,6,False,Left,Front,Left,Centre,74
<_io.BytesIO object at 0x000001C27349FEF0>,0.7751380801200867,0.12122130393981934,0.3240460455417633,181480,22,6,False,Left,Front,Left,Centre,74
<_io.BytesIO object at 0x000001C27349F4F0>,0.7038924694061279,0.17898376286029816,0.3194149434566498,181480,22,6,False,Left,Front,Left,Centre,74
<_io.BytesIO object at 0x000001C2736ADD60>,0.7649324536323547,0.15361154079437256,0.2636565864086151,181481,22,6,False,Left,Front,Left,Centre,74
<_io.BytesIO object at 0x000001C273475DB0>,0.7333783507347107,0.16724127531051636,0.24528884887695312,181481,22,6,False,Left,Front,Left,Centre,74
<_io.BytesIO object at 0x000001C273475180>,0.768234372138977,0.11444724351167679,0.2700943350791931,181481,22,6,False,Left,Front,Left,Centre,74
<_io.BytesIO object at 0x000001C273475E50>,0.7739633917808533,0.12240758538246155,0.32443246245384216,181481,22,6,False,Left,Front,Left,Centre,74
<_io.BytesIO object at 0x000001C273475310>,0.7002121210098267,0.17837589979171753,0.3178027868270874,181481,22,6,False,Left,Front,Left,Centre,74
<_io.BytesIO object at 0x000001C273483CC0>,0.7629234194755554,0.15515752136707306,0.26306623220443726,181482,22,6,False,Left,Front,Left,Centre,74
<_io.BytesIO object at 0x000001C27348D950>,0.7314623594284058,0.16712124645709991,0.24444380402565002,181482,22,6,False,Left,Front,Left,Centre,74
<_io.BytesIO object at 0x000001C27348D7C0>,0.7676628232002258,0.11606158316135406,0.2697315812110901,181482,22,6,False,Left,Front,Left,Centre,74
<_io.BytesIO object at 0x000001C27348D3B0>,0.7726953029632568,0.12345947325229645,0.32457709312438965,181482,22,6,False,Left,Front,Left,Centre,74
<_io.BytesIO object at 0x000001C27348D400>,0.6966370344161987,0.17730778455734253,0.3161945044994354,181482,22,6,False,Left,Front,Left,Centre,74
<_io.BytesIO object at 0x000001C2735BBA90>,0.7607926726341248,0.1565731167793274,0.2622796595096588,181483,22,6,False,Left,Front,Left,Centre,74
<_io.BytesIO object at 0x000001C273475860>,0.7295539975166321,0.16684125363826752,0.2433219999074936,181483,22,6,False,Left,Front,Left,Centre,74
<_io.BytesIO object at 0x000001C2734759A0>,0.766945481300354,0.11757159233093262,0.2691113352775574,181483,22,6,False,Left,Front,Left,Centre,74
<_io.BytesIO object at 0x000001C273475770>,0.7713581323623657,0.12428215891122818,0.3246324062347412,181483,22,6,False,Left,Front,Left,Centre,74
<_io.BytesIO object at 0x000001C273475950>,0.6928820610046387,0.1757921278476715,0.3143279254436493,181483,22,6,False,Left,Front,Left,Centre,74
<_io.BytesIO object at 0x000001C27349FF40>,0.7588398456573486,0.157782644033432,0.26160871982574463,181484,22,6,False,Left,Front,Left,Centre,74
<_io.BytesIO object at 0x000001C27349FD10>,0.7279149293899536,0.16629911959171295,0.24218323826789856,181484,22,6,False,Left,Front,Left,Centre,74
<_io.BytesIO object at 0x000001C2735D4810>,0.7664209008216858,0.11889702081680298,0.26855921745300293,181484,22,6,False,Left,Front,Left,Centre,74
<_io.BytesIO object at 0x000001C2735D4DB0>,0.769990086555481,0.12485454976558685,0.32455992698669434,181484,22,6,False,Left,Front,Left,Centre,74
<_io.BytesIO object at 0x000001C2735D4A40>,0.6892292499542236,0.1735474020242691,0.31251659989356995,181484,22,6,False,Left,Front,Left,Centre,74
<_io.BytesIO object at 0x000001C2734807C0>,0.7569004893302917,0.15870694816112518,0.26074767112731934,181485,22,6,False,Left,Front,Left,Centre,74
<_io.BytesIO object at 0x000001C2734C3CC0>,0.7264078855514526,0.16545884311199188,0.24084264039993286,181485,22,6,False,Left,Front,Left,Centre,74
<_io.BytesIO object at 0x000001C2734C3D10>,0.7658634781837463,0.12020094692707062,0.2679426074028015,181485,22,6,False,Left,Front,Left,Centre,74
<_io.BytesIO object at 0x000001C2734C33B0>,0.7630299925804138,0.12008975446224213,0.32031190395355225,181485,22,6,False,Left,Front,Left,Centre,74
<_io.BytesIO object at 0x000001C2734C3A90>,0.6808492541313171,0.1611710786819458,0.3076521158218384,181485,22,6,False,Left,Front,Left,Centre,74
<_io.BytesIO object at 0x000001C2735DB770>,0.7546861171722412,0.15875913202762604,0.2601481080055237,181486,22,6,False,Left,Front,Left,Centre,74
<_io.BytesIO object at 0x000001C2735DBA90>,0.7250339984893799,0.16430141031742096,0.2396630197763443,181486,22,6,False,Left,Front,Left,Centre,74
<_io.BytesIO object at 0x000001C27349D4A0>,0.7656227946281433,0.12127333134412766,0.26691585779190063,181486,22,6,False,Left,Front,Left,Centre,74
<_io.BytesIO object at 0x000001C27349D6D0>,0.7614299654960632,0.11961497366428375,0.31991416215896606,181486,22,6,False,Left,Front,Left,Centre,74
<_io.BytesIO object at 0x000001C27349D770>,0.6773660182952881,0.1558792144060135,0.30583104491233826,181486,22,6,False,Left,Front,Left,Centre,74
<_io.BytesIO object at 0x000001C27348D720>,0.7523905038833618,0.15813547372817993,0.25991886854171753,181487,22,6,False,Left,Front,Left,Centre,74
<_io.BytesIO object at 0x000001C27348DB30>,0.723748505115509,0.16269975900650024,0.23867301642894745,181487,22,6,False,Left,Front,Left,Centre,74
<_io.BytesIO object at 0x000001C2735C3C20>,0.7656643986701965,0.12227130681276321,0.26600009202957153,181487,22,6,False,Left,Front,Left,Centre,74
<_io.BytesIO object at 0x000001C2735C3A40>,0.7599790096282959,0.118468277156353,0.3193800449371338,181487,22,6,False,Left,Front,Left,Centre,74
<_io.BytesIO object at 0x000001C2735C39A0>,0.6741521954536438,0.1501040905714035,0.3030155599117279,181487,22,6,False,Left,Front,Left,Centre,74
<_io.BytesIO object at 0x000001C2735C33B0>,0.7503423094749451,0.1570969521999359,0.25969868898391724,181488,22,6,False,Left,Front,Left,Centre,74
<_io.BytesIO object at 0x000001C27348D540>,0.7224247455596924,0.16076470911502838,0.23786048591136932,181488,22,6,False,Left,Front,Left,Centre,74
<_io.BytesIO object at 0x000001C27348D7C0>,0.7658417224884033,0.12290120869874954,0.264711856842041,181488,22,6,False,Left,Front,Left,Centre,74
<_io.BytesIO object at 0x000001C27348D4F0>,0.7585576176643372,0.11704804748296738,0.3187219500541687,181488,22,6,False,Left,Front,Left,Centre,74
<_io.BytesIO object at 0x000001C27348DC20>,0.6710221767425537,0.14400935173034668,0.29877686500549316,181488,22,6,False,Left,Front,Left,Centre,74
<_io.BytesIO object at 0x000001C27349D4A0>,0.7498056292533875,0.1557723879814148,0.2615932524204254,181489,22,6,False,Left,Front,Left,Centre,74
<_io.BytesIO object at 0x000001C2735DBA90>,0.7179156541824341,0.1599319726228714,0.23649848997592926,181489,22,6,False,Left,Front,Left,Centre,74
<_io.BytesIO object at 0x000001C2735DB1D0>,0.7672541737556458,0.12252037972211838,0.26306113600730896,181489,22,6,False,Left,Front,Left,Centre,74
<_io.BytesIO object at 0x000001C2735DBD60>,0.75444096326828,0.12002687156200409,0.3149476945400238,181489,22,6,False,Left,Front,Left,Centre,74
<_io.BytesIO object at 0x000001C2735DB6D0>,0.6688075661659241,0.13917474448680878,0.29535388946533203,181489,22,6,False,Left,Front,Left,Centre,74
<_io.BytesIO object at 0x000001C2734C3630>,0.7498056292533875,0.1557723879814148,0.2615932524204254,181490,22,6,False,Left,Front,Left,Centre,74
<_io.BytesIO object at 0x000001C273480C70>,0.7179156541824341,0.1599319726228714,0.23649848997592926,181490,22,6,False,Left,Front,Left,Centre,74
<_io.BytesIO object at 0x000001C273480770>,0.7672541737556458,0.12252037972211838,0.26306113600730896,181490,22,6,False,Left,Front,Left,Centre,74
<_io.BytesIO object at 0x000001C273480310>,0.75444096326828,0.12002687156200409,0.3149476945400238,181490,22,6,False,Left,Front,Left,Centre,74
<_io.BytesIO object at 0x000001C273480F40>,0.6688075661659241,0.13917474448680878,0.29535388946533203,181490,22,6,False,Left,Front,Left,Centre,74
<_io.BytesIO object at 0x000001C27349F4A0>,0.7498056292533875,0.1557723879814148,0.2615932524204254,181491,22,6,False,Left,Front,Left,Centre,74
<_io.BytesIO object at 0x000001C2736AD540>,0.7179156541824341,0.1599319726228714,0.23649848997592926,181491,22,6,False,Left,Front,Left,Centre,74
<_io.BytesIO object at 0x000001C2736ADA40>,0.7672541737556458,0.12252037972211838,0.26306113600730896,181491,22,6,False,Left,Front,Left,Centre,74
<_io.BytesIO object at 0x000001C2736AD220>,0.75444096326828,0.12002687156200409,0.3149476945400238,181491,22,6,False,Left,Front,Left,Centre,74
<_io.BytesIO object at 0x000001C2736AD770>,0.6688075661659241,0.13917474448680878,0.29535388946533203,181491,22,6,False,Left,Front,Left,Centre,74
<_io.BytesIO object at 0x000001C2735BBEA0>,0.7498056292533875,0.1557723879814148,0.2615932524204254,181492,22,6,False,Left,Front,Left,Centre,74
<_io.BytesIO object at 0x000001C2735BB130>,0.7179156541824341,0.1599319726228714,0.23649848997592926,181492,22,6,False,Left,Front,Left,Centre,74
<_io.BytesIO object at 0x000001C2734837C0>,0.7672541737556458,0.12252037972211838,0.26306113600730896,181492,22,6,False,Left,Front,Left,Centre,74
<_io.BytesIO object at 0x000001C2735BB7C0>,0.75444096326828,0.12002687156200409,0.3149476945400238,181492,22,6,False,Left,Front,Left,Centre,74
<_io.BytesIO object at 0x000001C2735BB360>,0.6688075661659241,0.13917474448680878,0.29535388946533203,181492,22,6,False,Left,Front,Left,Centre,74
<_io.BytesIO object at 0x000001C2736ADE00>,0.7498056292533875,0.1557723879814148,0.2615932524204254,181493,22,6,False,Left,Front,Left,Centre,74
<_io.BytesIO object at 0x000001C2736ADA40>,0.7179156541824341,0.1599319726228714,0.23649848997592926,181493,22,6,False,Left,Front,Left,Centre,74
<_io.BytesIO object at 0x000001C2736ADCC0>,0.7672541737556458,0.12252037972211838,0.26306113600730896,181493,22,6,False,Left,Front,Left,Centre,74
<_io.BytesIO object at 0x000001C27349F130>,0.75444096326828,0.12002687156200409,0.3149476945400238,181493,22,6,False,Left,Front,Left,Centre,74
<_io.BytesIO object at 0x000001C27349F720>,0.6688075661659241,0.13917474448680878,0.29535388946533203,181493,22,6,False,Left,Front,Left,Centre,74
<_io.BytesIO object at 0x000001C273480130>,0.7498056292533875,0.1557723879814148,0.2615932524204254,181494,22,6,False,Left,Front,Left,Centre,74
<_io.BytesIO object at 0x000001C273480C70>,0.7179156541824341,0.1599319726228714,0.23649848997592926,181494,22,6,False,Left,Front,Left,Centre,74
<_io.BytesIO object at 0x000001C2734801D0>,0.7672541737556458,0.12252037972211838,0.26306113600730896,181494,22,6,False,Left,Front,Left,Centre,74
<_io.BytesIO object at 0x000001C2734C36D0>,0.75444096326828,0.12002687156200409,0.3149476945400238,181494,22,6,False,Left,Front,Left,Centre,74
<_io.BytesIO object at 0x000001C2734C3C20>,0.6688075661659241,0.13917474448680878,0.29535388946533203,181494,22,6,False,Left,Front,Left,Centre,74
<_io.BytesIO object at 0x000001C2735DBDB0>,0.7498056292533875,0.1557723879814148,0.2615932524204254,181495,22,6,False,Left,Front,Left,Centre,74
<_io.BytesIO object at 0x000001C2735DB2C0>,0.7179156541824341,0.1599319726228714,0.23649848997592926,181495,22,6,False,Left,Front,Left,Centre,74
<_io.BytesIO object at 0x000001C2735DBEF0>,0.7672541737556458,0.12252037972211838,0.26306113600730896,181495,22,6,False,Left,Front,Left,Centre,74
<_io.BytesIO object at 0x000001C27349DC20>,0.75444096326828,0.12002687156200409,0.3149476945400238,181495,22,6,False,Left,Front,Left,Centre,74
<_io.BytesIO object at 0x000001C27349D450>,0.6688075661659241,0.13917474448680878,0.29535388946533203,181495,22,6,False,Left,Front,Left,Centre,74
<_io.BytesIO object at 0x000001C27348D540>,0.7498056292533875,0.1557723879814148,0.2615932524204254,181496,22,6,False,Left,Front,Left,Centre,74
<_io.BytesIO object at 0x000001C27348D0E0>,0.7179156541824341,0.1599319726228714,0.23649848997592926,181496,22,6,False,Left,Front,Left,Centre,74
<_io.BytesIO object at 0x000001C2735C3950>,0.7672541737556458,0.12252037972211838,0.26306113600730896,181496,22,6,False,Left,Front,Left,Centre,74
<_io.BytesIO object at 0x000001C2735C3590>,0.75444096326828,0.12002687156200409,0.3149476945400238,181496,22,6,False,Left,Front,Left,Centre,74
<_io.BytesIO object at 0x000001C2735C3EF0>,0.6688075661659241,0.13917474448680878,0.29535388946533203,181496,22,6,False,Left,Front,Left,Centre,74
<_io.BytesIO object at 0x000001C2734AA4A0>,0.7498056292533875,0.1557723879814148,0.2615932524204254,181497,22,6,False,Left,Front,Left,Centre,74
<_io.BytesIO object at 0x000001C2734AA5E0>,0.7179156541824341,0.1599319726228714,0.23649848997592926,181497,22,6,False,Left,Front,Left,Centre,74
<_io.BytesIO object at 0x000001C2734AAF40>,0.7672541737556458,0.12252037972211838,0.26306113600730896,181497,22,6,False,Left,Front,Left,Centre,74
<_io.BytesIO object at 0x000001C2734AABD0>,0.75444096326828,0.12002687156200409,0.3149476945400238,181497,22,6,False,Left,Front,Left,Centre,74
<_io.BytesIO object at 0x000001C2734AACC0>,0.6688075661659241,0.13917474448680878,0.29535388946533203,181497,22,6,False,Left,Front,Left,Centre,74
<_io.BytesIO object at 0x000001C273480D10>,0.7498056292533875,0.1557723879814148,0.2615932524204254,181498,22,6,False,Left,Front,Left,Centre,74
<_io.BytesIO object at 0x000001C27349F8B0>,0.7179156541824341,0.1599319726228714,0.23649848997592926,181498,22,6,False,Left,Front,Left,Centre,74
<_io.BytesIO object at 0x000001C27349F860>,0.7672541737556458,0.12252037972211838,0.26306113600730896,181498,22,6,False,Left,Front,Left,Centre,74
<_io.BytesIO object at 0x000001C27349FBD0>,0.75444096326828,0.12002687156200409,0.3149476945400238,181498,22,6,False,Left,Front,Left,Centre,74
<_io.BytesIO object at 0x000001C27349F590>,0.6688075661659241,0.13917474448680878,0.29535388946533203,181498,22,6,False,Left,Front,Left,Centre,74
<_io.BytesIO object at 0x000001C273475E50>,0.7498056292533875,0.1557723879814148,0.2615932524204254,181499,22,6,False,Left,Front,Left,Centre,74
<_io.BytesIO object at 0x000001C273475EF0>,0.7179156541824341,0.1599319726228714,0.23649848997592926,181499,22,6,False,Left,Front,Left,Centre,74
<_io.BytesIO object at 0x000001C2735BBB30>,0.7672541737556458,0.12252037972211838,0.26306113600730896,181499,22,6,False,Left,Front,Left,Centre,74
<_io.BytesIO object at 0x000001C2735BB630>,0.75444096326828,0.12002687156200409,0.3149476945400238,181499,22,6,False,Left,Front,Left,Centre,74
<_io.BytesIO object at 0x000001C2735BB900>,0.6688075661659241,0.13917474448680878,0.29535388946533203,181499,22,6,False,Left,Front,Left,Centre,74
<_io.BytesIO object at 0x000001C2735DB130>,0.7498056292533875,0.1557723879814148,0.2615932524204254,181500,22,6,False,Left,Front,Left,Centre,74
<_io.BytesIO object at 0x000001C2735DB6D0>,0.7179156541824341,0.1599319726228714,0.23649848997592926,181500,22,6,False,Left,Front,Left,Centre,74
<_io.BytesIO object at 0x000001C2735DB4F0>,0.7672541737556458,0.12252037972211838,0.26306113600730896,181500,22,6,False,Left,Front,Left,Centre,74
<_io.BytesIO object at 0x000001C273483B80>,0.75444096326828,0.12002687156200409,0.3149476945400238,181500,22,6,False,Left,Front,Left,Centre,74
<_io.BytesIO object at 0x000001C273483B30>,0.6688075661659241,0.13917474448680878,0.29535388946533203,181500,22,6,False,Left,Front,Left,Centre,74
<_io.BytesIO object at 0x000001C27349DE00>,0.7498056292533875,0.1557723879814148,0.2615932524204254,181501,22,6,False,Left,Front,Left,Centre,74
<_io.BytesIO object at 0x000001C27349D630>,0.7179156541824341,0.1599319726228714,0.23649848997592926,181501,22,6,False,Left,Front,Left,Centre,74
<_io.BytesIO object at 0x000001C27349DC20>,0.7672541737556458,0.12252037972211838,0.26306113600730896,181501,22,6,False,Left,Front,Left,Centre,74
<_io.BytesIO object at 0x000001C27349DE50>,0.75444096326828,0.12002687156200409,0.3149476945400238,181501,22,6,False,Left,Front,Left,Centre,74
<_io.BytesIO object at 0x000001C27349D900>,0.6688075661659241,0.13917474448680878,0.29535388946533203,181501,22,6,False,Left,Front,Left,Centre,74
<_io.BytesIO object at 0x000001C2735DBA90>,0.7498056292533875,0.1557723879814148,0.2615932524204254,181502,22,6,False,Left,Front,Left,Centre,74
<_io.BytesIO object at 0x000001C2735B5CC0>,0.7179156541824341,0.1599319726228714,0.23649848997592926,181502,22,6,False,Left,Front,Left,Centre,74
<_io.BytesIO object at 0x000001C27348D770>,0.7672541737556458,0.12252037972211838,0.26306113600730896,181502,22,6,False,Left,Front,Left,Centre,74
<_io.BytesIO object at 0x000001C27348D630>,0.75444096326828,0.12002687156200409,0.3149476945400238,181502,22,6,False,Left,Front,Left,Centre,74
<_io.BytesIO object at 0x000001C27348DA90>,0.6688075661659241,0.13917474448680878,0.29535388946533203,181502,22,6,False,Left,Front,Left,Centre,74
<_io.BytesIO object at 0x000001C273475040>,0.7498056292533875,0.1557723879814148,0.2615932524204254,181503,22,6,False,Left,Front,Left,Centre,74
<_io.BytesIO object at 0x000001C273475360>,0.7179156541824341,0.1599319726228714,0.23649848997592926,181503,22,6,False,Left,Front,Left,Centre,74
<_io.BytesIO object at 0x000001C26B2151D0>,0.7672541737556458,0.12252037972211838,0.26306113600730896,181503,22,6,False,Left,Front,Left,Centre,74
<_io.BytesIO object at 0x000001C26B2155E0>,0.75444096326828,0.12002687156200409,0.3149476945400238,181503,22,6,False,Left,Front,Left,Centre,74
<_io.BytesIO object at 0x000001C2736AD6D0>,0.6688075661659241,0.13917474448680878,0.29535388946533203,181503,22,6,False,Left,Front,Left,Centre,74
<_io.BytesIO object at 0x000001C2734C30E0>,0.7498056292533875,0.1557723879814148,0.2615932524204254,181504,22,6,False,Left,Front,Left,Centre,74
<_io.BytesIO object at 0x000001C2734C3F40>,0.7179156541824341,0.1599319726228714,0.23649848997592926,181504,22,6,False,Left,Front,Left,Centre,74
<_io.BytesIO object at 0x000001C2734C3A90>,0.7672541737556458,0.12252037972211838,0.26306113600730896,181504,22,6,False,Left,Front,Left,Centre,74
<_io.BytesIO object at 0x000001C2734C3C70>,0.75444096326828,0.12002687156200409,0.3149476945400238,181504,22,6,False,Left,Front,Left,Centre,74
<_io.BytesIO object at 0x000001C2734C3BD0>,0.6688075661659241,0.13917474448680878,0.29535388946533203,181504,22,6,False,Left,Front,Left,Centre,74
<_io.BytesIO object at 0x000001C2735C30E0>,0.7498056292533875,0.1557723879814148,0.2615932524204254,181505,22,6,False,Left,Front,Left,Centre,74
<_io.BytesIO object at 0x000001C2735C34A0>,0.7179156541824341,0.1599319726228714,0.23649848997592926,181505,22,6,False,Left,Front,Left,Centre,74
<_io.BytesIO object at 0x000001C2735C3220>,0.7672541737556458,0.12252037972211838,0.26306113600730896,181505,22,6,False,Left,Front,Left,Centre,74
<_io.BytesIO object at 0x000001C2735C36D0>,0.75444096326828,0.12002687156200409,0.3149476945400238,181505,22,6,False,Left,Front,Left,Centre,74
<_io.BytesIO object at 0x000001C2735D40E0>,0.6688075661659241,0.13917474448680878,0.29535388946533203,181505,22,6,False,Left,Front,Left,Centre,74
<_io.BytesIO object at 0x000001C2735C38B0>,0.7498056292533875,0.1557723879814148,0.2615932524204254,181506,22,6,False,Left,Front,Left,Centre,74
<_io.BytesIO object at 0x000001C2735C3450>,0.7179156541824341,0.1599319726228714,0.23649848997592926,181506,22,6,False,Left,Front,Left,Centre,74
<_io.BytesIO object at 0x000001C2735C3810>,0.7672541737556458,0.12252037972211838,0.26306113600730896,181506,22,6,False,Left,Front,Left,Centre,74
<_io.BytesIO object at 0x000001C27349F900>,0.75444096326828,0.12002687156200409,0.3149476945400238,181506,22,6,False,Left,Front,Left,Centre,74
<_io.BytesIO object at 0x000001C27349F090>,0.6688075661659241,0.13917474448680878,0.29535388946533203,181506,22,6,False,Left,Front,Left,Centre,74
<_io.BytesIO object at 0x000001C2734C3F90>,0.7498056292533875,0.1557723879814148,0.2615932524204254,181507,22,6,False,Left,Front,Left,Centre,74
<_io.BytesIO object at 0x000001C2734C3220>,0.7179156541824341,0.1599319726228714,0.23649848997592926,181507,22,6,False,Left,Front,Left,Centre,74
<_io.BytesIO object at 0x000001C2734C36D0>,0.7672541737556458,0.12252037972211838,0.26306113600730896,181507,22,6,False,Left,Front,Left,Centre,74
<_io.BytesIO object at 0x000001C273480270>,0.75444096326828,0.12002687156200409,0.3149476945400238,181507,22,6,False,Left,Front,Left,Centre,74
<_io.BytesIO object at 0x000001C273480E00>,0.6688075661659241,0.13917474448680878,0.29535388946533203,181507,22,6,False,Left,Front,Left,Centre,74
<_io.BytesIO object at 0x000001C2736AD9A0>,0.7498056292533875,0.1557723879814148,0.2615932524204254,181508,22,6,False,Left,Front,Left,Centre,74
<_io.BytesIO object at 0x000001C273475BD0>,0.7179156541824341,0.1599319726228714,0.23649848997592926,181508,22,6,False,Left,Front,Left,Centre,74
<_io.BytesIO object at 0x000001C273475D60>,0.7672541737556458,0.12252037972211838,0.26306113600730896,181508,22,6,False,Left,Front,Left,Centre,74
<_io.BytesIO object at 0x000001C273475C20>,0.75444096326828,0.12002687156200409,0.3149476945400238,181508,22,6,False,Left,Front,Left,Centre,74
<_io.BytesIO object at 0x000001C273475310>,0.6688075661659241,0.13917474448680878,0.29535388946533203,181508,22,6,False,Left,Front,Left,Centre,74
<_io.BytesIO object at 0x000001C27348D6D0>,0.7498056292533875,0.1557723879814148,0.2615932524204254,181509,22,6,False,Left,Front,Left,Centre,74
<_io.BytesIO object at 0x000001C27348DE50>,0.7179156541824341,0.1599319726228714,0.23649848997592926,181509,22,6,False,Left,Front,Left,Centre,74
<_io.BytesIO object at 0x000001C2735DBA40>,0.7672541737556458,0.12252037972211838,0.26306113600730896,181509,22,6,False,Left,Front,Left,Centre,74
<_io.BytesIO object at 0x000001C2735DB810>,0.75444096326828,0.12002687156200409,0.3149476945400238,181509,22,6,False,Left,Front,Left,Centre,74
<_io.BytesIO object at 0x000001C2735DB040>,0.6688075661659241,0.13917474448680878,0.29535388946533203,181509,22,6,False,Left,Front,Left,Centre,74
<_io.BytesIO object at 0x000001C273483630>,0.7498056292533875,0.1557723879814148,0.2615932524204254,181510,22,6,False,Left,Front,Left,Centre,74
<_io.BytesIO object at 0x000001C273483540>,0.7179156541824341,0.1599319726228714,0.23649848997592926,181510,22,6,False,Left,Front,Left,Centre,74
<_io.BytesIO object at 0x000001C2734839F0>,0.7672541737556458,0.12252037972211838,0.26306113600730896,181510,22,6,False,Left,Front,Left,Centre,74
<_io.BytesIO object at 0x000001C273483810>,0.75444096326828,0.12002687156200409,0.3149476945400238,181510,22,6,False,Left,Front,Left,Centre,74
<_io.BytesIO object at 0x000001C273483680>,0.6688075661659241,0.13917474448680878,0.29535388946533203,181510,22,6,False,Left,Front,Left,Centre,74
<_io.BytesIO object at 0x000001C2735B5B80>,0.7498056292533875,0.1557723879814148,0.2615932524204254,181511,22,6,False,Left,Front,Left,Centre,74
<_io.BytesIO object at 0x000001C2735B5810>,0.7179156541824341,0.1599319726228714,0.23649848997592926,181511,22,6,False,Left,Front,Left,Centre,74
<_io.BytesIO object at 0x000001C2735BBC70>,0.7672541737556458,0.12252037972211838,0.26306113600730896,181511,22,6,False,Left,Front,Left,Centre,74
<_io.BytesIO object at 0x000001C2735BB450>,0.75444096326828,0.12002687156200409,0.3149476945400238,181511,22,6,False,Left,Front,Left,Centre,74
<_io.BytesIO object at 0x000001C2735BBE00>,0.6688075661659241,0.13917474448680878,0.29535388946533203,181511,22,6,False,Left,Front,Left,Centre,74
<_io.BytesIO object at 0x000001C2736AD1D0>,0.7498056292533875,0.1557723879814148,0.2615932524204254,181512,22,6,False,Left,Front,Left,Centre,74
<_io.BytesIO object at 0x000001C2736ADE00>,0.7179156541824341,0.1599319726228714,0.23649848997592926,181512,22,6,False,Left,Front,Left,Centre,74
<_io.BytesIO object at 0x000001C2736AD590>,0.7672541737556458,0.12252037972211838,0.26306113600730896,181512,22,6,False,Left,Front,Left,Centre,74
<_io.BytesIO object at 0x000001C270704310>,0.75444096326828,0.12002687156200409,0.3149476945400238,181512,22,6,False,Left,Front,Left,Centre,74
<_io.BytesIO object at 0x000001C273480EF0>,0.6688075661659241,0.13917474448680878,0.29535388946533203,181512,22,6,False,Left,Front,Left,Centre,74
<_io.BytesIO object at 0x000001C27349F810>,0.7498056292533875,0.1557723879814148,0.2615932524204254,181513,22,6,False,Left,Front,Left,Centre,74
<_io.BytesIO object at 0x000001C27349FEA0>,0.7179156541824341,0.1599319726228714,0.23649848997592926,181513,22,6,False,Left,Front,Left,Centre,74
<_io.BytesIO object at 0x000001C27349F4F0>,0.7672541737556458,0.12252037972211838,0.26306113600730896,181513,22,6,False,Left,Front,Left,Centre,74
<_io.BytesIO object at 0x000001C27349FEF0>,0.75444096326828,0.12002687156200409,0.3149476945400238,181513,22,6,False,Left,Front,Left,Centre,74
<_io.BytesIO object at 0x000001C2735C3B80>,0.6688075661659241,0.13917474448680878,0.29535388946533203,181513,22,6,False,Left,Front,Left,Centre,74
<_io.BytesIO object at 0x000001C2735D4810>,0.7498056292533875,0.1557723879814148,0.2615932524204254,181514,22,6,False,Left,Front,Left,Centre,74
<_io.BytesIO object at 0x000001C2735D4AE0>,0.7179156541824341,0.1599319726228714,0.23649848997592926,181514,22,6,False,Left,Front,Left,Centre,74
<_io.BytesIO object at 0x000001C2735D47C0>,0.7672541737556458,0.12252037972211838,0.26306113600730896,181514,22,6,False,Left,Front,Left,Centre,74
<_io.BytesIO object at 0x000001C27349D810>,0.75444096326828,0.12002687156200409,0.3149476945400238,181514,22,6,False,Left,Front,Left,Centre,74
<_io.BytesIO object at 0x000001C27349DD10>,0.6688075661659241,0.13917474448680878,0.29535388946533203,181514,22,6,False,Left,Front,Left,Centre,74
<_io.BytesIO object at 0x000001C2735D44F0>,0.7498056292533875,0.1557723879814148,0.2615932524204254,181515,22,6,False,Left,Front,Left,Centre,74
<_io.BytesIO object at 0x000001C2735D49F0>,0.7179156541824341,0.1599319726228714,0.23649848997592926,181515,22,6,False,Left,Front,Left,Centre,74
<_io.BytesIO object at 0x000001C2735D40E0>,0.7672541737556458,0.12252037972211838,0.26306113600730896,181515,22,6,False,Left,Front,Left,Centre,74
<_io.BytesIO object at 0x000001C2735D4900>,0.75444096326828,0.12002687156200409,0.3149476945400238,181515,22,6,False,Left,Front,Left,Centre,74
<_io.BytesIO object at 0x000001C2735D4CC0>,0.6688075661659241,0.13917474448680878,0.29535388946533203,181515,22,6,False,Left,Front,Left,Centre,74
<_io.BytesIO object at 0x000001C27349FEF0>,0.7498056292533875,0.1557723879814148,0.2615932524204254,181516,22,6,False,Left,Front,Left,Centre,74
<_io.BytesIO object at 0x000001C27349F270>,0.7179156541824341,0.1599319726228714,0.23649848997592926,181516,22,6,False,Left,Front,Left,Centre,74
<_io.BytesIO object at 0x000001C27349FD60>,0.7672541737556458,0.12252037972211838,0.26306113600730896,181516,22,6,False,Left,Front,Left,Centre,74
<_io.BytesIO object at 0x000001C2734C3CC0>,0.75444096326828,0.12002687156200409,0.3149476945400238,181516,22,6,False,Left,Front,Left,Centre,74
<_io.BytesIO object at 0x000001C2734C37C0>,0.6688075661659241,0.13917474448680878,0.29535388946533203,181516,22,6,False,Left,Front,Left,Centre,74
<_io.BytesIO object at 0x000001C2736AD720>,0.7498056292533875,0.1557723879814148,0.2615932524204254,181517,22,6,False,Left,Front,Left,Centre,74
<_io.BytesIO object at 0x000001C2736AD770>,0.7179156541824341,0.1599319726228714,0.23649848997592926,181517,22,6,False,Left,Front,Left,Centre,74
<_io.BytesIO object at 0x000001C2736AD6D0>,0.7672541737556458,0.12252037972211838,0.26306113600730896,181517,22,6,False,Left,Front,Left,Centre,74
<_io.BytesIO object at 0x000001C26B215630>,0.75444096326828,0.12002687156200409,0.3149476945400238,181517,22,6,False,Left,Front,Left,Centre,74
<_io.BytesIO object at 0x000001C26B2151D0>,0.6688075661659241,0.13917474448680878,0.29535388946533203,181517,22,6,False,Left,Front,Left,Centre,74
<_io.BytesIO object at 0x000001C2735BB2C0>,0.7498056292533875,0.1557723879814148,0.2615932524204254,181518,22,6,False,Left,Front,Left,Centre,74
<_io.BytesIO object at 0x000001C2735BB040>,0.7179156541824341,0.1599319726228714,0.23649848997592926,181518,22,6,False,Left,Front,Left,Centre,74
<_io.BytesIO object at 0x000001C2707043B0>,0.7672541737556458,0.12252037972211838,0.26306113600730896,181518,22,6,False,Left,Front,Left,Centre,74
<_io.BytesIO object at 0x000001C27348D4A0>,0.75444096326828,0.12002687156200409,0.3149476945400238,181518,22,6,False,Left,Front,Left,Centre,74
<_io.BytesIO object at 0x000001C27348DEA0>,0.6688075661659241,0.13917474448680878,0.29535388946533203,181518,22,6,False,Left,Front,Left,Centre,74
<_io.BytesIO object at 0x000001C27348DE50>,0.7498056292533875,0.1557723879814148,0.2615932524204254,181519,22,6,False,Left,Front,Left,Centre,74
<_io.BytesIO object at 0x000001C27348DBD0>,0.7179156541824341,0.1599319726228714,0.23649848997592926,181519,22,6,False,Left,Front,Left,Centre,74
<_io.BytesIO object at 0x000001C27348DF40>,0.7672541737556458,0.12252037972211838,0.26306113600730896,181519,22,6,False,Left,Front,Left,Centre,74
<_io.BytesIO object at 0x000001C27348DB80>,0.75444096326828,0.12002687156200409,0.3149476945400238,181519,22,6,False,Left,Front,Left,Centre,74
<_io.BytesIO object at 0x000001C27348D9A0>,0.6688075661659241,0.13917474448680878,0.29535388946533203,181519,22,6,False,Left,Front,Left,Centre,74
<_io.BytesIO object at 0x000001C2734754A0>,0.7498056292533875,0.1557723879814148,0.2615932524204254,181520,22,6,False,Left,Front,Left,Centre,74
<_io.BytesIO object at 0x000001C2734750E0>,0.7179156541824341,0.1599319726228714,0.23649848997592926,181520,22,6,False,Left,Front,Left,Centre,74
<_io.BytesIO object at 0x000001C273475EF0>,0.7672541737556458,0.12252037972211838,0.26306113600730896,181520,22,6,False,Left,Front,Left,Centre,74
<_io.BytesIO object at 0x000001C26B2154F0>,0.75444096326828,0.12002687156200409,0.3149476945400238,181520,22,6,False,Left,Front,Left,Centre,74
<_io.BytesIO object at 0x000001C26B215540>,0.6688075661659241,0.13917474448680878,0.29535388946533203,181520,22,6,False,Left,Front,Left,Centre,74
<_io.BytesIO object at 0x000001C2734C3A40>,0.7498056292533875,0.1557723879814148,0.2615932524204254,181521,22,6,False,Left,Front,Left,Centre,74
<_io.BytesIO object at 0x000001C2734C39F0>,0.7179156541824341,0.1599319726228714,0.23649848997592926,181521,22,6,False,Left,Front,Left,Centre,74
<_io.BytesIO object at 0x000001C2734C3DB0>,0.7672541737556458,0.12252037972211838,0.26306113600730896,181521,22,6,False,Left,Front,Left,Centre,74
<_io.BytesIO object at 0x000001C2734C3180>,0.75444096326828,0.12002687156200409,0.3149476945400238,181521,22,6,False,Left,Front,Left,Centre,74
<_io.BytesIO object at 0x000001C2734C3450>,0.6688075661659241,0.13917474448680878,0.29535388946533203,181521,22,6,False,Left,Front,Left,Centre,74
<_io.BytesIO object at 0x000001C2734AABD0>,0.7498056292533875,0.1557723879814148,0.2615932524204254,181522,22,6,False,Left,Front,Left,Centre,74
<_io.BytesIO object at 0x000001C2734AA590>,0.7179156541824341,0.1599319726228714,0.23649848997592926,181522,22,6,False,Left,Front,Left,Centre,74
<_io.BytesIO object at 0x000001C2734AAE50>,0.7672541737556458,0.12252037972211838,0.26306113600730896,181522,22,6,False,Left,Front,Left,Centre,74
<_io.BytesIO object at 0x000001C2734AA0E0>,0.75444096326828,0.12002687156200409,0.3149476945400238,181522,22,6,False,Left,Front,Left,Centre,74
<_io.BytesIO object at 0x000001C2735D4CC0>,0.6688075661659241,0.13917474448680878,0.29535388946533203,181522,22,6,False,Left,Front,Left,Centre,74
<_io.BytesIO object at 0x000001C27349D1D0>,0.7498056292533875,0.1557723879814148,0.2615932524204254,181523,22,6,False,Left,Front,Left,Centre,74
<_io.BytesIO object at 0x000001C27349D2C0>,0.7179156541824341,0.1599319726228714,0.23649848997592926,181523,22,6,False,Left,Front,Left,Centre,74
<_io.BytesIO object at 0x000001C27349D6D0>,0.7672541737556458,0.12252037972211838,0.26306113600730896,181523,22,6,False,Left,Front,Left,Centre,74
<_io.BytesIO object at 0x000001C27349D090>,0.75444096326828,0.12002687156200409,0.3149476945400238,181523,22,6,False,Left,Front,Left,Centre,74
<_io.BytesIO object at 0x000001C2734832C0>,0.6688075661659241,0.13917474448680878,0.29535388946533203,181523,22,6,False,Left,Front,Left,Centre,74
<_io.BytesIO object at 0x000001C27349D090>,0.7498056292533875,0.1557723879814148,0.2615932524204254,181524,22,6,False,Left,Front,Left,Centre,74
<_io.BytesIO object at 0x000001C27349DD60>,0.7179156541824341,0.1599319726228714,0.23649848997592926,181524,22,6,False,Left,Front,Left,Centre,74
<_io.BytesIO object at 0x000001C27349D630>,0.7672541737556458,0.12252037972211838,0.26306113600730896,181524,22,6,False,Left,Front,Left,Centre,74
<_io.BytesIO object at 0x000001C27349DCC0>,0.75444096326828,0.12002687156200409,0.3149476945400238,181524,22,6,False,Left,Front,Left,Centre,74
<_io.BytesIO object at 0x000001C2735DBCC0>,0.6688075661659241,0.13917474448680878,0.29535388946533203,181524,22,6,False,Left,Front,Left,Centre,74
<_io.BytesIO object at 0x000001C2735C3310>,0.7498056292533875,0.1557723879814148,0.2615932524204254,181525,22,6,False,Left,Front,Left,Centre,74
<_io.BytesIO object at 0x000001C2735C3AE0>,0.7179156541824341,0.1599319726228714,0.23649848997592926,181525,22,6,False,Left,Front,Left,Centre,74
<_io.BytesIO object at 0x000001C2735C3130>,0.7672541737556458,0.12252037972211838,0.26306113600730896,181525,22,6,False,Left,Front,Left,Centre,74
<_io.BytesIO object at 0x000001C27349FB30>,0.75444096326828,0.12002687156200409,0.3149476945400238,181525,22,6,False,Left,Front,Left,Centre,74
<_io.BytesIO object at 0x000001C27349F590>,0.6688075661659241,0.13917474448680878,0.29535388946533203,181525,22,6,False,Left,Front,Left,Centre,74
<_io.BytesIO object at 0x000001C273480630>,0.7498056292533875,0.1557723879814148,0.2615932524204254,181526,22,6,False,Left,Front,Left,Centre,74
<_io.BytesIO object at 0x000001C273480EA0>,0.7179156541824341,0.1599319726228714,0.23649848997592926,181526,22,6,False,Left,Front,Left,Centre,74
<_io.BytesIO object at 0x000001C273480810>,0.7672541737556458,0.12252037972211838,0.26306113600730896,181526,22,6,False,Left,Front,Left,Centre,74
<_io.BytesIO object at 0x000001C273480AE0>,0.75444096326828,0.12002687156200409,0.3149476945400238,181526,22,6,False,Left,Front,Left,Centre,74
<_io.BytesIO object at 0x000001C2736ADEA0>,0.6688075661659241,0.13917474448680878,0.29535388946533203,181526,22,6,False,Left,Front,Left,Centre,74
<_io.BytesIO object at 0x000001C2735B5E50>,0.7498056292533875,0.1557723879814148,0.2615932524204254,181527,22,6,False,Left,Front,Left,Centre,74
<_io.BytesIO object at 0x000001C2735B5950>,0.7179156541824341,0.1599319726228714,0.23649848997592926,181527,22,6,False,Left,Front,Left,Centre,74
<_io.BytesIO object at 0x000001C2734AAE50>,0.7672541737556458,0.12252037972211838,0.26306113600730896,181527,22,6,False,Left,Front,Left,Centre,74
<_io.BytesIO object at 0x000001C2734AA950>,0.75444096326828,0.12002687156200409,0.3149476945400238,181527,22,6,False,Left,Front,Left,Centre,74
<_io.BytesIO object at 0x000001C2734AAEF0>,0.6688075661659241,0.13917474448680878,0.29535388946533203,181527,22,6,False,Left,Front,Left,Centre,74
<_io.BytesIO object at 0x000001C270704AE0>,0.7498056292533875,0.1557723879814148,0.2615932524204254,181528,22,6,False,Left,Front,Left,Centre,74
<_io.BytesIO object at 0x000001C2734AA810>,0.7179156541824341,0.1599319726228714,0.23649848997592926,181528,22,6,False,Left,Front,Left,Centre,74
<_io.BytesIO object at 0x000001C2734AA1D0>,0.7672541737556458,0.12252037972211838,0.26306113600730896,181528,22,6,False,Left,Front,Left,Centre,74
<_io.BytesIO object at 0x000001C2734AA130>,0.75444096326828,0.12002687156200409,0.3149476945400238,181528,22,6,False,Left,Front,Left,Centre,74
<_io.BytesIO object at 0x000001C2734AA9F0>,0.6688075661659241,0.13917474448680878,0.29535388946533203,181528,22,6,False,Left,Front,Left,Centre,74
<_io.BytesIO object at 0x000001C273475DB0>,0.7498056292533875,0.1557723879814148,0.2615932524204254,181529,22,6,False,Left,Front,Left,Centre,74
<_io.BytesIO object at 0x000001C2736AD090>,0.7179156541824341,0.1599319726228714,0.23649848997592926,181529,22,6,False,Left,Front,Left,Centre,74
<_io.BytesIO object at 0x000001C2736AD2C0>,0.7672541737556458,0.12252037972211838,0.26306113600730896,181529,22,6,False,Left,Front,Left,Centre,74
<_io.BytesIO object at 0x000001C2736ADB30>,0.75444096326828,0.12002687156200409,0.3149476945400238,181529,22,6,False,Left,Front,Left,Centre,74
<_io.BytesIO object at 0x000001C2736AD810>,0.6688075661659241,0.13917474448680878,0.29535388946533203,181529,22,6,False,Left,Front,Left,Centre,74
<_io.BytesIO object at 0x000001C2734C30E0>,0.7498056292533875,0.1557723879814148,0.2615932524204254,181530,22,6,False,Left,Front,Left,Centre,74
<_io.BytesIO object at 0x000001C27349FDB0>,0.7179156541824341,0.1599319726228714,0.23649848997592926,181530,22,6,False,Left,Front,Left,Centre,74
<_io.BytesIO object at 0x000001C27349F9F0>,0.7672541737556458,0.12252037972211838,0.26306113600730896,181530,22,6,False,Left,Front,Left,Centre,74
<_io.BytesIO object at 0x000001C27349F040>,0.75444096326828,0.12002687156200409,0.3149476945400238,181530,22,6,False,Left,Front,Left,Centre,74
<_io.BytesIO object at 0x000001C27349F180>,0.6688075661659241,0.13917474448680878,0.29535388946533203,181530,22,6,False,Left,Front,Left,Centre,74
<_io.BytesIO object at 0x000001C2735DB3B0>,0.7498056292533875,0.1557723879814148,0.2615932524204254,181531,22,6,False,Left,Front,Left,Centre,74
<_io.BytesIO object at 0x000001C2735DB860>,0.7179156541824341,0.1599319726228714,0.23649848997592926,181531,22,6,False,Left,Front,Left,Centre,74
<_io.BytesIO object at 0x000001C2735DB6D0>,0.7672541737556458,0.12252037972211838,0.26306113600730896,181531,22,6,False,Left,Front,Left,Centre,74
<_io.BytesIO object at 0x000001C2735DBA40>,0.75444096326828,0.12002687156200409,0.3149476945400238,181531,22,6,False,Left,Front,Left,Centre,74
<_io.BytesIO object at 0x000001C27349D310>,0.6688075661659241,0.13917474448680878,0.29535388946533203,181531,22,6,False,Left,Front,Left,Centre,74
<_io.BytesIO object at 0x000001C2734839F0>,0.7498056292533875,0.1557723879814148,0.2615932524204254,181532,22,6,False,Left,Front,Left,Centre,74
<_io.BytesIO object at 0x000001C273483810>,0.7179156541824341,0.1599319726228714,0.23649848997592926,181532,22,6,False,Left,Front,Left,Centre,74
<_io.BytesIO object at 0x000001C273483400>,0.7672541737556458,0.12252037972211838,0.26306113600730896,181532,22,6,False,Left,Front,Left,Centre,74
<_io.BytesIO object at 0x000001C273483590>,0.75444096326828,0.12002687156200409,0.3149476945400238,181532,22,6,False,Left,Front,Left,Centre,74
<_io.BytesIO object at 0x000001C27348DC20>,0.6688075661659241,0.13917474448680878,0.29535388946533203,181532,22,6,False,Left,Front,Left,Centre,74
<_io.BytesIO object at 0x000001C273483590>,0.7498056292533875,0.1557723879814148,0.2615932524204254,181533,22,6,False,Left,Front,Left,Centre,74
<_io.BytesIO object at 0x000001C273483A90>,0.7179156541824341,0.1599319726228714,0.23649848997592926,181533,22,6,False,Left,Front,Left,Centre,74
<_io.BytesIO object at 0x000001C273483E00>,0.7672541737556458,0.12252037972211838,0.26306113600730896,181533,22,6,False,Left,Front,Left,Centre,74
<_io.BytesIO object at 0x000001C273483860>,0.75444096326828,0.12002687156200409,0.3149476945400238,181533,22,6,False,Left,Front,Left,Centre,74
<_io.BytesIO object at 0x000001C2735BB220>,0.6688075661659241,0.13917474448680878,0.29535388946533203,181533,22,6,False,Left,Front,Left,Centre,74
<_io.BytesIO object at 0x000001C2735DBA40>,0.7498056292533875,0.1557723879814148,0.2615932524204254,181534,22,6,False,Left,Front,Left,Centre,74
<_io.BytesIO object at 0x000001C2735DBF40>,0.7179156541824341,0.1599319726228714,0.23649848997592926,181534,22,6,False,Left,Front,Left,Centre,74
<_io.BytesIO object at 0x000001C2735DBE00>,0.7672541737556458,0.12252037972211838,0.26306113600730896,181534,22,6,False,Left,Front,Left,Centre,74
<_io.BytesIO object at 0x000001C2735DB0E0>,0.75444096326828,0.12002687156200409,0.3149476945400238,181534,22,6,False,Left,Front,Left,Centre,74
<_io.BytesIO object at 0x000001C2735D4AE0>,0.6688075661659241,0.13917474448680878,0.29535388946533203,181534,22,6,False,Left,Front,Left,Centre,74
<_io.BytesIO object at 0x000001C27349F040>,0.7498056292533875,0.1557723879814148,0.2615932524204254,181535,22,6,False,Left,Front,Left,Centre,74
<_io.BytesIO object at 0x000001C27349FEF0>,0.7179156541824341,0.1599319726228714,0.23649848997592926,181535,22,6,False,Left,Front,Left,Centre,74
<_io.BytesIO object at 0x000001C27349F720>,0.7672541737556458,0.12252037972211838,0.26306113600730896,181535,22,6,False,Left,Front,Left,Centre,74
<_io.BytesIO object at 0x000001C2734C3A90>,0.75444096326828,0.12002687156200409,0.3149476945400238,181535,22,6,False,Left,Front,Left,Centre,74
<_io.BytesIO object at 0x000001C2734C3AE0>,0.6688075661659241,0.13917474448680878,0.29535388946533203,181535,22,6,False,Left,Front,Left,Centre,74
<_io.BytesIO object at 0x000001C2736ADE50>,0.7498056292533875,0.1557723879814148,0.2615932524204254,181536,22,6,False,Left,Front,Left,Centre,74
<_io.BytesIO object at 0x000001C2736ADC20>,0.7179156541824341,0.1599319726228714,0.23649848997592926,181536,22,6,False,Left,Front,Left,Centre,74
<_io.BytesIO object at 0x000001C2736AD450>,0.7672541737556458,0.12252037972211838,0.26306113600730896,181536,22,6,False,Left,Front,Left,Centre,74
<_io.BytesIO object at 0x000001C26B215540>,0.75444096326828,0.12002687156200409,0.3149476945400238,181536,22,6,False,Left,Front,Left,Centre,74
<_io.BytesIO object at 0x000001C26B215400>,0.6688075661659241,0.13917474448680878,0.29535388946533203,181536,22,6,False,Left,Front,Left,Centre,74
<_io.BytesIO object at 0x000001C2734AAEF0>,0.7498056292533875,0.1557723879814148,0.2615932524204254,181537,22,6,False,Left,Front,Left,Centre,74
<_io.BytesIO object at 0x000001C2734AADB0>,0.7179156541824341,0.1599319726228714,0.23649848997592926,181537,22,6,False,Left,Front,Left,Centre,74
<_io.BytesIO object at 0x000001C2734AA360>,0.7672541737556458,0.12252037972211838,0.26306113600730896,181537,22,6,False,Left,Front,Left,Centre,74
<_io.BytesIO object at 0x000001C2734AAA40>,0.75444096326828,0.12002687156200409,0.3149476945400238,181537,22,6,False,Left,Front,Left,Centre,74
<_io.BytesIO object at 0x000001C2734AA8B0>,0.6688075661659241,0.13917474448680878,0.29535388946533203,181537,22,6,False,Left,Front,Left,Centre,74
<_io.BytesIO object at 0x000001C2736ADD60>,0.7498056292533875,0.1557723879814148,0.2615932524204254,181538,22,6,False,Left,Front,Left,Centre,74
<_io.BytesIO object at 0x000001C2736AD220>,0.7179156541824341,0.1599319726228714,0.23649848997592926,181538,22,6,False,Left,Front,Left,Centre,74
<_io.BytesIO object at 0x000001C2736ADAE0>,0.7672541737556458,0.12252037972211838,0.26306113600730896,181538,22,6,False,Left,Front,Left,Centre,74
<_io.BytesIO object at 0x000001C2734C3A40>,0.75444096326828,0.12002687156200409,0.3149476945400238,181538,22,6,False,Left,Front,Left,Centre,74
<_io.BytesIO object at 0x000001C2734C3360>,0.6688075661659241,0.13917474448680878,0.29535388946533203,181538,22,6,False,Left,Front,Left,Centre,74
<_io.BytesIO object at 0x000001C2735C3630>,0.7498056292533875,0.1557723879814148,0.2615932524204254,181539,22,6,False,Left,Front,Left,Centre,74
<_io.BytesIO object at 0x000001C2735C3E00>,0.7179156541824341,0.1599319726228714,0.23649848997592926,181539,22,6,False,Left,Front,Left,Centre,74
<_io.BytesIO object at 0x000001C2735D4180>,0.7672541737556458,0.12252037972211838,0.26306113600730896,181539,22,6,False,Left,Front,Left,Centre,74
<_io.BytesIO object at 0x000001C2735D4EF0>,0.75444096326828,0.12002687156200409,0.3149476945400238,181539,22,6,False,Left,Front,Left,Centre,74
<_io.BytesIO object at 0x000001C2735D4900>,0.6688075661659241,0.13917474448680878,0.29535388946533203,181539,22,6,False,Left,Front,Left,Centre,74
<_io.BytesIO object at 0x000001C27349DBD0>,0.7498056292533875,0.1557723879814148,0.2615932524204254,181540,22,6,False,Left,Front,Left,Centre,74
<_io.BytesIO object at 0x000001C27349D2C0>,0.7179156541824341,0.1599319726228714,0.23649848997592926,181540,22,6,False,Left,Front,Left,Centre,74
<_io.BytesIO object at 0x000001C27349D950>,0.7672541737556458,0.12252037972211838,0.26306113600730896,181540,22,6,False,Left,Front,Left,Centre,74
<_io.BytesIO object at 0x000001C2735BB310>,0.75444096326828,0.12002687156200409,0.3149476945400238,181540,22,6,False,Left,Front,Left,Centre,74
<_io.BytesIO object at 0x000001C2735BB810>,0.6688075661659241,0.13917474448680878,0.29535388946533203,181540,22,6,False,Left,Front,Left,Centre,74
<_io.BytesIO object at 0x000001C273480D60>,0.7498056292533875,0.1557723879814148,0.2615932524204254,181541,22,6,False,Left,Front,Left,Centre,74
<_io.BytesIO object at 0x000001C273480B30>,0.7179156541824341,0.1599319726228714,0.23649848997592926,181541,22,6,False,Left,Front,Left,Centre,74
<_io.BytesIO object at 0x000001C273480680>,0.7672541737556458,0.12252037972211838,0.26306113600730896,181541,22,6,False,Left,Front,Left,Centre,74
<_io.BytesIO object at 0x000001C27348DAE0>,0.75444096326828,0.12002687156200409,0.3149476945400238,181541,22,6,False,Left,Front,Left,Centre,74
<_io.BytesIO object at 0x000001C27348D540>,0.6688075661659241,0.13917474448680878,0.29535388946533203,181541,22,6,False,Left,Front,Left,Centre,74
<_io.BytesIO object at 0x000001C27348DE00>,0.7498056292533875,0.1557723879814148,0.2615932524204254,181542,22,6,False,Left,Front,Left,Centre,74
<_io.BytesIO object at 0x000001C273480E50>,0.7179156541824341,0.1599319726228714,0.23649848997592926,181542,22,6,False,Left,Front,Left,Centre,74
<_io.BytesIO object at 0x000001C273480EA0>,0.7672541737556458,0.12252037972211838,0.26306113600730896,181542,22,6,False,Left,Front,Left,Centre,74
<_io.BytesIO object at 0x000001C273480EF0>,0.75444096326828,0.12002687156200409,0.3149476945400238,181542,22,6,False,Left,Front,Left,Centre,74
<_io.BytesIO object at 0x000001C2734800E0>,0.6688075661659241,0.13917474448680878,0.29535388946533203,181542,22,6,False,Left,Front,Left,Centre,74
<_io.BytesIO object at 0x000001C2735BB860>,0.7498056292533875,0.1557723879814148,0.2615932524204254,181543,22,6,False,Left,Front,Left,Centre,74
<_io.BytesIO object at 0x000001C27349D400>,0.7179156541824341,0.1599319726228714,0.23649848997592926,181543,22,6,False,Left,Front,Left,Centre,74
<_io.BytesIO object at 0x000001C27349D630>,0.7672541737556458,0.12252037972211838,0.26306113600730896,181543,22,6,False,Left,Front,Left,Centre,74
<_io.BytesIO object at 0x000001C27349D680>,0.75444096326828,0.12002687156200409,0.3149476945400238,181543,22,6,False,Left,Front,Left,Centre,74
<_io.BytesIO object at 0x000001C27349DF90>,0.6688075661659241,0.13917474448680878,0.29535388946533203,181543,22,6,False,Left,Front,Left,Centre,74
<_io.BytesIO object at 0x000001C2735D4270>,0.7498056292533875,0.1557723879814148,0.2615932524204254,181544,22,6,False,Left,Front,Left,Centre,74
<_io.BytesIO object at 0x000001C2735C3270>,0.7179156541824341,0.1599319726228714,0.23649848997592926,181544,22,6,False,Left,Front,Left,Centre,74
<_io.BytesIO object at 0x000001C2735C39F0>,0.7672541737556458,0.12252037972211838,0.26306113600730896,181544,22,6,False,Left,Front,Left,Centre,74
<_io.BytesIO object at 0x000001C2735C34F0>,0.75444096326828,0.12002687156200409,0.3149476945400238,181544,22,6,False,Left,Front,Left,Centre,74
<_io.BytesIO object at 0x000001C2735C3450>,0.6688075661659241,0.13917474448680878,0.29535388946533203,181544,22,6,False,Left,Front,Left,Centre,74
<_io.BytesIO object at 0x000001C2736ADBD0>,0.7498056292533875,0.1557723879814148,0.2615932524204254,181545,22,6,False,Left,Front,Left,Centre,74
<_io.BytesIO object at 0x000001C2736ADC70>,0.7179156541824341,0.1599319726228714,0.23649848997592926,181545,22,6,False,Left,Front,Left,Centre,74
<_io.BytesIO object at 0x000001C2736ADA90>,0.7672541737556458,0.12252037972211838,0.26306113600730896,181545,22,6,False,Left,Front,Left,Centre,74
<_io.BytesIO object at 0x000001C2736AD450>,0.75444096326828,0.12002687156200409,0.3149476945400238,181545,22,6,False,Left,Front,Left,Centre,74
<_io.BytesIO object at 0x000001C26B215630>,0.6688075661659241,0.13917474448680878,0.29535388946533203,181545,22,6,False,Left,Front,Left,Centre,74
<_io.BytesIO object at 0x000001C2735B5EA0>,0.7498056292533875,0.1557723879814148,0.2615932524204254,181546,22,6,False,Left,Front,Left,Centre,74
<_io.BytesIO object at 0x000001C2735B5EF0>,0.7179156541824341,0.1599319726228714,0.23649848997592926,181546,22,6,False,Left,Front,Left,Centre,74
<_io.BytesIO object at 0x000001C2735B59F0>,0.7672541737556458,0.12252037972211838,0.26306113600730896,181546,22,6,False,Left,Front,Left,Centre,74
<_io.BytesIO object at 0x000001C273475720>,0.75444096326828,0.12002687156200409,0.3149476945400238,181546,22,6,False,Left,Front,Left,Centre,74
<_io.BytesIO object at 0x000001C273475E00>,0.6688075661659241,0.13917474448680878,0.29535388946533203,181546,22,6,False,Left,Front,Left,Centre,74
<_io.BytesIO object at 0x000001C27349FAE0>,0.7498056292533875,0.1557723879814148,0.2615932524204254,181547,22,6,False,Left,Front,Left,Centre,74
<_io.BytesIO object at 0x000001C27349F950>,0.7179156541824341,0.1599319726228714,0.23649848997592926,181547,22,6,False,Left,Front,Left,Centre,74
<_io.BytesIO object at 0x000001C27349F9A0>,0.7672541737556458,0.12252037972211838,0.26306113600730896,181547,22,6,False,Left,Front,Left,Centre,74
<_io.BytesIO object at 0x000001C2735C3B80>,0.75444096326828,0.12002687156200409,0.3149476945400238,181547,22,6,False,Left,Front,Left,Centre,74
<_io.BytesIO object at 0x000001C2735C33B0>,0.6688075661659241,0.13917474448680878,0.29535388946533203,181547,22,6,False,Left,Front,Left,Centre,74
<_io.BytesIO object at 0x000001C2735DBAE0>,0.7498056292533875,0.1557723879814148,0.2615932524204254,181548,22,6,False,Left,Front,Left,Centre,74
<_io.BytesIO object at 0x000001C2735DB9F0>,0.7179156541824341,0.1599319726228714,0.23649848997592926,181548,22,6,False,Left,Front,Left,Centre,74
<_io.BytesIO object at 0x000001C27349D180>,0.7672541737556458,0.12252037972211838,0.26306113600730896,181548,22,6,False,Left,Front,Left,Centre,74
<_io.BytesIO object at 0x000001C27349DC70>,0.75444096326828,0.12002687156200409,0.3149476945400238,181548,22,6,False,Left,Front,Left,Centre,74
<_io.BytesIO object at 0x000001C27349D770>,0.6688075661659241,0.13917474448680878,0.29535388946533203,181548,22,6,False,Left,Front,Left,Centre,74
<_io.BytesIO object at 0x000001C273483E00>,0.7498056292533875,0.1557723879814148,0.2615932524204254,181549,22,6,False,Left,Front,Left,Centre,74
<_io.BytesIO object at 0x000001C273483400>,0.7179156541824341,0.1599319726228714,0.23649848997592926,181549,22,6,False,Left,Front,Left,Centre,74
<_io.BytesIO object at 0x000001C273480C70>,0.7672541737556458,0.12252037972211838,0.26306113600730896,181549,22,6,False,Left,Front,Left,Centre,74
<_io.BytesIO object at 0x000001C273480B80>,0.75444096326828,0.12002687156200409,0.3149476945400238,181549,22,6,False,Left,Front,Left,Centre,74
<_io.BytesIO object at 0x000001C2734804F0>,0.6688075661659241,0.13917474448680878,0.29535388946533203,181549,22,6,False,Left,Front,Left,Centre,74
<_io.BytesIO object at 0x000001C27348DAE0>,0.7498056292533875,0.1557723879814148,0.2615932524204254,181550,22,6,False,Left,Front,Left,Centre,74
<_io.BytesIO object at 0x000001C27348D400>,0.7179156541824341,0.1599319726228714,0.23649848997592926,181550,22,6,False,Left,Front,Left,Centre,74
<_io.BytesIO object at 0x000001C270704A40>,0.7672541737556458,0.12252037972211838,0.26306113600730896,181550,22,6,False,Left,Front,Left,Centre,74
<_io.BytesIO object at 0x000001C2707049F0>,0.75444096326828,0.12002687156200409,0.3149476945400238,181550,22,6,False,Left,Front,Left,Centre,74
<_io.BytesIO object at 0x000001C2734AA540>,0.6688075661659241,0.13917474448680878,0.29535388946533203,181550,22,6,False,Left,Front,Left,Centre,74
<_io.BytesIO object at 0x000001C2734AAD10>,0.7498056292533875,0.1557723879814148,0.2615932524204254,181551,22,6,False,Left,Front,Left,Centre,74
<_io.BytesIO object at 0x000001C27348DB80>,0.7179156541824341,0.1599319726228714,0.23649848997592926,181551,22,6,False,Left,Front,Left,Centre,74
<_io.BytesIO object at 0x000001C27348DB30>,0.7672541737556458,0.12252037972211838,0.26306113600730896,181551,22,6,False,Left,Front,Left,Centre,74
<_io.BytesIO object at 0x000001C27348D9A0>,0.75444096326828,0.12002687156200409,0.3149476945400238,181551,22,6,False,Left,Front,Left,Centre,74
<_io.BytesIO object at 0x000001C27348DC20>,0.6688075661659241,0.13917474448680878,0.29535388946533203,181551,22,6,False,Left,Front,Left,Centre,74
<_io.BytesIO object at 0x000001C273480F90>,0.7498056292533875,0.1557723879814148,0.2615932524204254,181552,22,6,False,Left,Front,Left,Centre,74
<_io.BytesIO object at 0x000001C273483C70>,0.7179156541824341,0.1599319726228714,0.23649848997592926,181552,22,6,False,Left,Front,Left,Centre,74
<_io.BytesIO object at 0x000001C273483900>,0.7672541737556458,0.12252037972211838,0.26306113600730896,181552,22,6,False,Left,Front,Left,Centre,74
<_io.BytesIO object at 0x000001C273483B80>,0.75444096326828,0.12002687156200409,0.3149476945400238,181552,22,6,False,Left,Front,Left,Centre,74
<_io.BytesIO object at 0x000001C273483D10>,0.6688075661659241,0.13917474448680878,0.29535388946533203,181552,22,6,False,Left,Front,Left,Centre,74
<_io.BytesIO object at 0x000001C27349DF40>,0.7498056292533875,0.1557723879814148,0.2615932524204254,181553,22,6,False,Left,Front,Left,Centre,74
<_io.BytesIO object at 0x000001C2735DB1D0>,0.7179156541824341,0.1599319726228714,0.23649848997592926,181553,22,6,False,Left,Front,Left,Centre,74
<_io.BytesIO object at 0x000001C2735DB220>,0.7672541737556458,0.12252037972211838,0.26306113600730896,181553,22,6,False,Left,Front,Left,Centre,74
<_io.BytesIO object at 0x000001C2735DBE00>,0.75444096326828,0.12002687156200409,0.3149476945400238,181553,22,6,False,Left,Front,Left,Centre,74
<_io.BytesIO object at 0x000001C2735DBC20>,0.6688075661659241,0.13917474448680878,0.29535388946533203,181553,22,6,False,Left,Front,Left,Centre,74
<_io.BytesIO object at 0x000001C27349FA40>,0.7498056292533875,0.1557723879814148,0.2615932524204254,181554,22,6,False,Left,Front,Left,Centre,74
<_io.BytesIO object at 0x000001C27349FF90>,0.7179156541824341,0.1599319726228714,0.23649848997592926,181554,22,6,False,Left,Front,Left,Centre,74
<_io.BytesIO object at 0x000001C27349F360>,0.7672541737556458,0.12252037972211838,0.26306113600730896,181554,22,6,False,Left,Front,Left,Centre,74
<_io.BytesIO object at 0x000001C27349F6D0>,0.75444096326828,0.12002687156200409,0.3149476945400238,181554,22,6,False,Left,Front,Left,Centre,74
<_io.BytesIO object at 0x000001C2736AD400>,0.6688075661659241,0.13917474448680878,0.29535388946533203,181554,22,6,False,Left,Front,Left,Centre,74
