_io,pos_x,pos_y,pos_z,frame,trial_num,block_num,practicing,left_right_hand,palm_back_hand,target_loc,distractor_loc,participant_id
<_io.BytesIO object at 0x000001DA0BC9AEA0>,0.5900342464447021,0.19169941544532776,0.33395349979400635,263145,28,8,False,Left,Front,Right,Centre,60
_io,pos_x,pos_y,pos_z,frame,trial_num,block_num,practicing,left_right_hand,palm_back_hand,target_loc,distractor_loc,participant_id
<_io.BytesIO object at 0x000001DA0BC9A180>,0.52967369556427,0.15397347509860992,0.27435576915740967,263145,28,8,False,Left,Front,Right,Centre,60
_io,pos_x,pos_y,pos_z,frame,trial_num,block_num,practicing,left_right_hand,palm_back_hand,target_loc,distractor_loc,participant_id
<_io.BytesIO object at 0x000001DA0EA17E50>,0.5324497818946838,0.11807747185230255,0.3009498417377472,263145,28,8,False,Left,Front,Right,Centre,60
_io,pos_x,pos_y,pos_z,frame,trial_num,block_num,practicing,left_right_hand,palm_back_hand,target_loc,distractor_loc,participant_id
<_io.BytesIO object at 0x000001DA0EA17F40>,0.6187220215797424,0.1094253733754158,0.3101198077201843,263145,28,8,False,Left,Front,Right,Centre,60
_io,pos_x,pos_y,pos_z,frame,trial_num,block_num,practicing,left_right_hand,palm_back_hand,target_loc,distractor_loc,participant_id
<_io.BytesIO object at 0x000001DA0EA17A40>,0.561654806137085,0.0953177735209465,0.2794966399669647,263145,28,8,False,Left,Front,Right,Centre,60
<_io.BytesIO object at 0x000001DA0EA17810>,0.5900342464447021,0.19169941544532776,0.33395349979400635,263146,28,8,False,Left,Front,Right,Centre,60
<_io.BytesIO object at 0x000001DA0EA176D0>,0.52967369556427,0.15397347509860992,0.27435576915740967,263146,28,8,False,Left,Front,Right,Centre,60
<_io.BytesIO object at 0x000001DA0EA17EA0>,0.5324497818946838,0.11807747185230255,0.3009498417377472,263146,28,8,False,Left,Front,Right,Centre,60
<_io.BytesIO object at 0x000001DA0BC9AA40>,0.6187220215797424,0.1094253733754158,0.3101198077201843,263146,28,8,False,Left,Front,Right,Centre,60
<_io.BytesIO object at 0x000001DA0BC9AF90>,0.561654806137085,0.0953177735209465,0.2794966399669647,263146,28,8,False,Left,Front,Right,Centre,60
<_io.BytesIO object at 0x000001DA0EA1B7C0>,0.5900342464447021,0.19169941544532776,0.33395349979400635,263147,28,8,False,Left,Front,Right,Centre,60
<_io.BytesIO object at 0x000001DA0EA1B770>,0.52967369556427,0.15397347509860992,0.27435576915740967,263147,28,8,False,Left,Front,Right,Centre,60
<_io.BytesIO object at 0x000001DA0EA1B9A0>,0.5324497818946838,0.11807747185230255,0.3009498417377472,263147,28,8,False,Left,Front,Right,Centre,60
<_io.BytesIO object at 0x000001DA0BC9A4A0>,0.6187220215797424,0.1094253733754158,0.3101198077201843,263147,28,8,False,Left,Front,Right,Centre,60
<_io.BytesIO object at 0x000001DA0BC9AEA0>,0.561654806137085,0.0953177735209465,0.2794966399669647,263147,28,8,False,Left,Front,Right,Centre,60
<_io.BytesIO object at 0x000001DA0BC9A130>,0.5900342464447021,0.19169941544532776,0.33395349979400635,263148,28,8,False,Left,Front,Right,Centre,60
<_io.BytesIO object at 0x000001DA0BC9A4A0>,0.52967369556427,0.15397347509860992,0.27435576915740967,263148,28,8,False,Left,Front,Right,Centre,60
<_io.BytesIO object at 0x000001DA0EA1BB30>,0.5324497818946838,0.11807747185230255,0.3009498417377472,263148,28,8,False,Left,Front,Right,Centre,60
<_io.BytesIO object at 0x000001DA0EA1B220>,0.6187220215797424,0.1094253733754158,0.3101198077201843,263148,28,8,False,Left,Front,Right,Centre,60
<_io.BytesIO object at 0x000001DA0EA1B180>,0.561654806137085,0.0953177735209465,0.2794966399669647,263148,28,8,False,Left,Front,Right,Centre,60
<_io.BytesIO object at 0x000001DA0EA1B590>,0.5900342464447021,0.19169941544532776,0.33395349979400635,263149,28,8,False,Left,Front,Right,Centre,60
<_io.BytesIO object at 0x000001DA0EA1B4F0>,0.52967369556427,0.15397347509860992,0.27435576915740967,263149,28,8,False,Left,Front,Right,Centre,60
<_io.BytesIO object at 0x000001DA0EA1BB30>,0.5324497818946838,0.11807747185230255,0.3009498417377472,263149,28,8,False,Left,Front,Right,Centre,60
<_io.BytesIO object at 0x000001DA0BC9AB30>,0.6187220215797424,0.1094253733754158,0.3101198077201843,263149,28,8,False,Left,Front,Right,Centre,60
<_io.BytesIO object at 0x000001DA0BC9A540>,0.561654806137085,0.0953177735209465,0.2794966399669647,263149,28,8,False,Left,Front,Right,Centre,60
<_io.BytesIO object at 0x000001DA0EA17310>,0.5900342464447021,0.19169941544532776,0.33395349979400635,263150,28,8,False,Left,Front,Right,Centre,60
<_io.BytesIO object at 0x000001DA0EA177C0>,0.52967369556427,0.15397347509860992,0.27435576915740967,263150,28,8,False,Left,Front,Right,Centre,60
<_io.BytesIO object at 0x000001DA0EA17A90>,0.5324497818946838,0.11807747185230255,0.3009498417377472,263150,28,8,False,Left,Front,Right,Centre,60
<_io.BytesIO object at 0x000001DA0BC9A180>,0.6187220215797424,0.1094253733754158,0.3101198077201843,263150,28,8,False,Left,Front,Right,Centre,60
<_io.BytesIO object at 0x000001DA0BC9A4A0>,0.561654806137085,0.0953177735209465,0.2794966399669647,263150,28,8,False,Left,Front,Right,Centre,60
<_io.BytesIO object at 0x000001DA0EA17EA0>,0.5900342464447021,0.19169941544532776,0.33395349979400635,263151,28,8,False,Left,Front,Right,Centre,60
<_io.BytesIO object at 0x000001DA0EA171D0>,0.52967369556427,0.15397347509860992,0.27435576915740967,263151,28,8,False,Left,Front,Right,Centre,60
<_io.BytesIO object at 0x000001DA0EA17E00>,0.5324497818946838,0.11807747185230255,0.3009498417377472,263151,28,8,False,Left,Front,Right,Centre,60
<_io.BytesIO object at 0x000001DA0BC9A590>,0.6187220215797424,0.1094253733754158,0.3101198077201843,263151,28,8,False,Left,Front,Right,Centre,60
<_io.BytesIO object at 0x000001DA0BC9A0E0>,0.561654806137085,0.0953177735209465,0.2794966399669647,263151,28,8,False,Left,Front,Right,Centre,60
<_io.BytesIO object at 0x000001DA0EA1BF40>,0.5900342464447021,0.19169941544532776,0.33395349979400635,263152,28,8,False,Left,Front,Right,Centre,60
<_io.BytesIO object at 0x000001DA0EA1B680>,0.52967369556427,0.15397347509860992,0.27435576915740967,263152,28,8,False,Left,Front,Right,Centre,60
<_io.BytesIO object at 0x000001DA0EA1BAE0>,0.5324497818946838,0.11807747185230255,0.3009498417377472,263152,28,8,False,Left,Front,Right,Centre,60
<_io.BytesIO object at 0x000001DA0BC9AEA0>,0.6187220215797424,0.1094253733754158,0.3101198077201843,263152,28,8,False,Left,Front,Right,Centre,60
<_io.BytesIO object at 0x000001DA0BC9AD10>,0.561654806137085,0.0953177735209465,0.2794966399669647,263152,28,8,False,Left,Front,Right,Centre,60
<_io.BytesIO object at 0x000001DA0EA17310>,0.5900342464447021,0.19169941544532776,0.33395349979400635,263153,28,8,False,Left,Front,Right,Centre,60
<_io.BytesIO object at 0x000001DA0EA17770>,0.52967369556427,0.15397347509860992,0.27435576915740967,263153,28,8,False,Left,Front,Right,Centre,60
<_io.BytesIO object at 0x000001DA0EA17270>,0.5324497818946838,0.11807747185230255,0.3009498417377472,263153,28,8,False,Left,Front,Right,Centre,60
<_io.BytesIO object at 0x000001DA0BC9A860>,0.6187220215797424,0.1094253733754158,0.3101198077201843,263153,28,8,False,Left,Front,Right,Centre,60
<_io.BytesIO object at 0x000001DA0BC9AB80>,0.561654806137085,0.0953177735209465,0.2794966399669647,263153,28,8,False,Left,Front,Right,Centre,60
<_io.BytesIO object at 0x000001DA0EA17950>,0.5900342464447021,0.19169941544532776,0.33395349979400635,263154,28,8,False,Left,Front,Right,Centre,60
<_io.BytesIO object at 0x000001DA0EA17310>,0.52967369556427,0.15397347509860992,0.27435576915740967,263154,28,8,False,Left,Front,Right,Centre,60
<_io.BytesIO object at 0x000001DA0EA17360>,0.5324497818946838,0.11807747185230255,0.3009498417377472,263154,28,8,False,Left,Front,Right,Centre,60
<_io.BytesIO object at 0x000001DA0BC9AF90>,0.6187220215797424,0.1094253733754158,0.3101198077201843,263154,28,8,False,Left,Front,Right,Centre,60
<_io.BytesIO object at 0x000001DA0BC9A040>,0.561654806137085,0.0953177735209465,0.2794966399669647,263154,28,8,False,Left,Front,Right,Centre,60
<_io.BytesIO object at 0x000001DA0BC9AE50>,0.5900342464447021,0.19169941544532776,0.33395349979400635,263155,28,8,False,Left,Front,Right,Centre,60
<_io.BytesIO object at 0x000001DA0BC9AC20>,0.52967369556427,0.15397347509860992,0.27435576915740967,263155,28,8,False,Left,Front,Right,Centre,60
<_io.BytesIO object at 0x000001DA0EA17D60>,0.5324497818946838,0.11807747185230255,0.3009498417377472,263155,28,8,False,Left,Front,Right,Centre,60
<_io.BytesIO object at 0x000001DA0EA17720>,0.6187220215797424,0.1094253733754158,0.3101198077201843,263155,28,8,False,Left,Front,Right,Centre,60
<_io.BytesIO object at 0x000001DA0EA17E50>,0.561654806137085,0.0953177735209465,0.2794966399669647,263155,28,8,False,Left,Front,Right,Centre,60
<_io.BytesIO object at 0x000001DA0BC9A180>,0.5900342464447021,0.19169941544532776,0.33395349979400635,263156,28,8,False,Left,Front,Right,Centre,60
<_io.BytesIO object at 0x000001DA0BC9AC20>,0.52967369556427,0.15397347509860992,0.27435576915740967,263156,28,8,False,Left,Front,Right,Centre,60
<_io.BytesIO object at 0x000001DA0EA17900>,0.5324497818946838,0.11807747185230255,0.3009498417377472,263156,28,8,False,Left,Front,Right,Centre,60
<_io.BytesIO object at 0x000001DA0EA17EF0>,0.6187220215797424,0.1094253733754158,0.3101198077201843,263156,28,8,False,Left,Front,Right,Centre,60
<_io.BytesIO object at 0x000001DA0EA17AE0>,0.561654806137085,0.0953177735209465,0.2794966399669647,263156,28,8,False,Left,Front,Right,Centre,60
<_io.BytesIO object at 0x000001DA0EA1B540>,0.5900342464447021,0.19169941544532776,0.33395349979400635,263157,28,8,False,Left,Front,Right,Centre,60
<_io.BytesIO object at 0x000001DA0EA1BD10>,0.52967369556427,0.15397347509860992,0.27435576915740967,263157,28,8,False,Left,Front,Right,Centre,60
<_io.BytesIO object at 0x000001DA0EA1B270>,0.5324497818946838,0.11807747185230255,0.3009498417377472,263157,28,8,False,Left,Front,Right,Centre,60
<_io.BytesIO object at 0x000001DA0EA17680>,0.6187220215797424,0.1094253733754158,0.3101198077201843,263157,28,8,False,Left,Front,Right,Centre,60
<_io.BytesIO object at 0x000001DA0EA17040>,0.561654806137085,0.0953177735209465,0.2794966399669647,263157,28,8,False,Left,Front,Right,Centre,60
<_io.BytesIO object at 0x000001DA0EA1BEF0>,0.5900342464447021,0.19169941544532776,0.33395349979400635,263158,28,8,False,Left,Front,Right,Centre,60
<_io.BytesIO object at 0x000001DA0EA1B540>,0.52967369556427,0.15397347509860992,0.27435576915740967,263158,28,8,False,Left,Front,Right,Centre,60
<_io.BytesIO object at 0x000001DA0EA1B270>,0.5324497818946838,0.11807747185230255,0.3009498417377472,263158,28,8,False,Left,Front,Right,Centre,60
<_io.BytesIO object at 0x000001DA0EA17860>,0.6187220215797424,0.1094253733754158,0.3101198077201843,263158,28,8,False,Left,Front,Right,Centre,60
<_io.BytesIO object at 0x000001DA0EA17B80>,0.561654806137085,0.0953177735209465,0.2794966399669647,263158,28,8,False,Left,Front,Right,Centre,60
<_io.BytesIO object at 0x000001DA0BC9A720>,0.5900342464447021,0.19169941544532776,0.33395349979400635,263159,28,8,False,Left,Front,Right,Centre,60
<_io.BytesIO object at 0x000001DA0BC9ACC0>,0.52967369556427,0.15397347509860992,0.27435576915740967,263159,28,8,False,Left,Front,Right,Centre,60
<_io.BytesIO object at 0x000001DA0EA17860>,0.5324497818946838,0.11807747185230255,0.3009498417377472,263159,28,8,False,Left,Front,Right,Centre,60
<_io.BytesIO object at 0x000001DA0EA17450>,0.6187220215797424,0.1094253733754158,0.3101198077201843,263159,28,8,False,Left,Front,Right,Centre,60
<_io.BytesIO object at 0x000001DA0EA17C20>,0.561654806137085,0.0953177735209465,0.2794966399669647,263159,28,8,False,Left,Front,Right,Centre,60
<_io.BytesIO object at 0x000001DA0EA17270>,0.5900342464447021,0.19169941544532776,0.33395349979400635,263160,28,8,False,Left,Front,Right,Centre,60
<_io.BytesIO object at 0x000001DA0EA179F0>,0.52967369556427,0.15397347509860992,0.27435576915740967,263160,28,8,False,Left,Front,Right,Centre,60
<_io.BytesIO object at 0x000001DA0EA17EF0>,0.5324497818946838,0.11807747185230255,0.3009498417377472,263160,28,8,False,Left,Front,Right,Centre,60
<_io.BytesIO object at 0x000001DA0BC9A090>,0.6187220215797424,0.1094253733754158,0.3101198077201843,263160,28,8,False,Left,Front,Right,Centre,60
<_io.BytesIO object at 0x000001DA0BC9A860>,0.561654806137085,0.0953177735209465,0.2794966399669647,263160,28,8,False,Left,Front,Right,Centre,60
<_io.BytesIO object at 0x000001DA0EA1B6D0>,0.5900342464447021,0.19169941544532776,0.33395349979400635,263161,28,8,False,Left,Front,Right,Centre,60
<_io.BytesIO object at 0x000001DA0EA1BC70>,0.52967369556427,0.15397347509860992,0.27435576915740967,263161,28,8,False,Left,Front,Right,Centre,60
<_io.BytesIO object at 0x000001DA0EA1BC20>,0.5324497818946838,0.11807747185230255,0.3009498417377472,263161,28,8,False,Left,Front,Right,Centre,60
<_io.BytesIO object at 0x000001DA0BC9AA40>,0.6187220215797424,0.1094253733754158,0.3101198077201843,263161,28,8,False,Left,Front,Right,Centre,60
<_io.BytesIO object at 0x000001DA0BC9A220>,0.561654806137085,0.0953177735209465,0.2794966399669647,263161,28,8,False,Left,Front,Right,Centre,60
<_io.BytesIO object at 0x000001DA0EA1BB30>,0.5900342464447021,0.19169941544532776,0.33395349979400635,263162,28,8,False,Left,Front,Right,Centre,60
<_io.BytesIO object at 0x000001DA0EA1BF90>,0.52967369556427,0.15397347509860992,0.27435576915740967,263162,28,8,False,Left,Front,Right,Centre,60
<_io.BytesIO object at 0x000001DA0EA1BC20>,0.5324497818946838,0.11807747185230255,0.3009498417377472,263162,28,8,False,Left,Front,Right,Centre,60
<_io.BytesIO object at 0x000001DA0BC9AE50>,0.6187220215797424,0.1094253733754158,0.3101198077201843,263162,28,8,False,Left,Front,Right,Centre,60
<_io.BytesIO object at 0x000001DA0EA1BC70>,0.561654806137085,0.0953177735209465,0.2794966399669647,263162,28,8,False,Left,Front,Right,Centre,60
<_io.BytesIO object at 0x000001DA0EA173B0>,0.5900342464447021,0.19169941544532776,0.33395349979400635,263163,28,8,False,Left,Front,Right,Centre,60
<_io.BytesIO object at 0x000001DA0EA17DB0>,0.52967369556427,0.15397347509860992,0.27435576915740967,263163,28,8,False,Left,Front,Right,Centre,60
<_io.BytesIO object at 0x000001DA0EA177C0>,0.5324497818946838,0.11807747185230255,0.3009498417377472,263163,28,8,False,Left,Front,Right,Centre,60
<_io.BytesIO object at 0x000001DA0EA1BE50>,0.6187220215797424,0.1094253733754158,0.3101198077201843,263163,28,8,False,Left,Front,Right,Centre,60
<_io.BytesIO object at 0x000001DA0EA1B7C0>,0.561654806137085,0.0953177735209465,0.2794966399669647,263163,28,8,False,Left,Front,Right,Centre,60
<_io.BytesIO object at 0x000001DA0BC9AA90>,0.5900342464447021,0.19169941544532776,0.33395349979400635,263164,28,8,False,Left,Front,Right,Centre,60
<_io.BytesIO object at 0x000001DA0BC9A180>,0.52967369556427,0.15397347509860992,0.27435576915740967,263164,28,8,False,Left,Front,Right,Centre,60
<_io.BytesIO object at 0x000001DA0EA1B270>,0.5324497818946838,0.11807747185230255,0.3009498417377472,263164,28,8,False,Left,Front,Right,Centre,60
<_io.BytesIO object at 0x000001DA0EA1B900>,0.6187220215797424,0.1094253733754158,0.3101198077201843,263164,28,8,False,Left,Front,Right,Centre,60
<_io.BytesIO object at 0x000001DA0EA1BB30>,0.561654806137085,0.0953177735209465,0.2794966399669647,263164,28,8,False,Left,Front,Right,Centre,60
<_io.BytesIO object at 0x000001DA0EA1BEF0>,0.5900342464447021,0.19169941544532776,0.33395349979400635,263165,28,8,False,Left,Front,Right,Centre,60
<_io.BytesIO object at 0x000001DA0EA1B400>,0.52967369556427,0.15397347509860992,0.27435576915740967,263165,28,8,False,Left,Front,Right,Centre,60
<_io.BytesIO object at 0x000001DA0EA1B270>,0.5324497818946838,0.11807747185230255,0.3009498417377472,263165,28,8,False,Left,Front,Right,Centre,60
<_io.BytesIO object at 0x000001DA0BC9AEA0>,0.6187220215797424,0.1094253733754158,0.3101198077201843,263165,28,8,False,Left,Front,Right,Centre,60
<_io.BytesIO object at 0x000001DA0BC9A0E0>,0.561654806137085,0.0953177735209465,0.2794966399669647,263165,28,8,False,Left,Front,Right,Centre,60
<_io.BytesIO object at 0x000001DA0EA17310>,0.5900342464447021,0.19169941544532776,0.33395349979400635,263166,28,8,False,Left,Front,Right,Centre,60
<_io.BytesIO object at 0x000001DA0EA17900>,0.52967369556427,0.15397347509860992,0.27435576915740967,263166,28,8,False,Left,Front,Right,Centre,60
<_io.BytesIO object at 0x000001DA0EA179F0>,0.5324497818946838,0.11807747185230255,0.3009498417377472,263166,28,8,False,Left,Front,Right,Centre,60
<_io.BytesIO object at 0x000001DA0BC9A9F0>,0.6187220215797424,0.1094253733754158,0.3101198077201843,263166,28,8,False,Left,Front,Right,Centre,60
<_io.BytesIO object at 0x000001DA0BC9A180>,0.561654806137085,0.0953177735209465,0.2794966399669647,263166,28,8,False,Left,Front,Right,Centre,60
<_io.BytesIO object at 0x000001DA0BC9A220>,0.5900342464447021,0.19169941544532776,0.33395349979400635,263167,28,8,False,Left,Front,Right,Centre,60
<_io.BytesIO object at 0x000001DA0BC9AAE0>,0.52967369556427,0.15397347509860992,0.27435576915740967,263167,28,8,False,Left,Front,Right,Centre,60
<_io.BytesIO object at 0x000001DA0EA17270>,0.5324497818946838,0.11807747185230255,0.3009498417377472,263167,28,8,False,Left,Front,Right,Centre,60
<_io.BytesIO object at 0x000001DA0EA17810>,0.6187220215797424,0.1094253733754158,0.3101198077201843,263167,28,8,False,Left,Front,Right,Centre,60
<_io.BytesIO object at 0x000001DA0EA17EA0>,0.561654806137085,0.0953177735209465,0.2794966399669647,263167,28,8,False,Left,Front,Right,Centre,60
<_io.BytesIO object at 0x000001DA0EA1B3B0>,0.5900342464447021,0.19169941544532776,0.33395349979400635,263168,28,8,False,Left,Front,Right,Centre,60
<_io.BytesIO object at 0x000001DA0EA1BB30>,0.52967369556427,0.15397347509860992,0.27435576915740967,263168,28,8,False,Left,Front,Right,Centre,60
<_io.BytesIO object at 0x000001DA0EA1BC70>,0.5324497818946838,0.11807747185230255,0.3009498417377472,263168,28,8,False,Left,Front,Right,Centre,60
<_io.BytesIO object at 0x000001DA0EA172C0>,0.6187220215797424,0.1094253733754158,0.3101198077201843,263168,28,8,False,Left,Front,Right,Centre,60
<_io.BytesIO object at 0x000001DA0EA17C20>,0.561654806137085,0.0953177735209465,0.2794966399669647,263168,28,8,False,Left,Front,Right,Centre,60
<_io.BytesIO object at 0x000001DA0EA1B540>,0.5900342464447021,0.19169941544532776,0.33395349979400635,263169,28,8,False,Left,Front,Right,Centre,60
<_io.BytesIO object at 0x000001DA0EA1B630>,0.52967369556427,0.15397347509860992,0.27435576915740967,263169,28,8,False,Left,Front,Right,Centre,60
<_io.BytesIO object at 0x000001DA0EA1BC70>,0.5324497818946838,0.11807747185230255,0.3009498417377472,263169,28,8,False,Left,Front,Right,Centre,60
<_io.BytesIO object at 0x000001DA0EA17EA0>,0.6187220215797424,0.1094253733754158,0.3101198077201843,263169,28,8,False,Left,Front,Right,Centre,60
<_io.BytesIO object at 0x000001DA0EA174A0>,0.561654806137085,0.0953177735209465,0.2794966399669647,263169,28,8,False,Left,Front,Right,Centre,60
<_io.BytesIO object at 0x000001DA0BC9AA90>,0.5900342464447021,0.19169941544532776,0.33395349979400635,263170,28,8,False,Left,Front,Right,Centre,60
<_io.BytesIO object at 0x000001DA0BC9A4A0>,0.52967369556427,0.15397347509860992,0.27435576915740967,263170,28,8,False,Left,Front,Right,Centre,60
<_io.BytesIO object at 0x000001DA0EA179F0>,0.5324497818946838,0.11807747185230255,0.3009498417377472,263170,28,8,False,Left,Front,Right,Centre,60
<_io.BytesIO object at 0x000001DA0EA17F40>,0.6187220215797424,0.1094253733754158,0.3101198077201843,263170,28,8,False,Left,Front,Right,Centre,60
<_io.BytesIO object at 0x000001DA0EA17270>,0.561654806137085,0.0953177735209465,0.2794966399669647,263170,28,8,False,Left,Front,Right,Centre,60
<_io.BytesIO object at 0x000001DA0BC9A860>,0.5900342464447021,0.19169941544532776,0.33395349979400635,263171,28,8,False,Left,Front,Right,Centre,60
<_io.BytesIO object at 0x000001DA0BC9AF40>,0.52967369556427,0.15397347509860992,0.27435576915740967,263171,28,8,False,Left,Front,Right,Centre,60
<_io.BytesIO object at 0x000001DA0EA17860>,0.5324497818946838,0.11807747185230255,0.3009498417377472,263171,28,8,False,Left,Front,Right,Centre,60
<_io.BytesIO object at 0x000001DA0EA17EA0>,0.6187220215797424,0.1094253733754158,0.3101198077201843,263171,28,8,False,Left,Front,Right,Centre,60
<_io.BytesIO object at 0x000001DA0EA175E0>,0.561654806137085,0.0953177735209465,0.2794966399669647,263171,28,8,False,Left,Front,Right,Centre,60
<_io.BytesIO object at 0x000001DA0EA1BC70>,0.5900342464447021,0.19169941544532776,0.33395349979400635,263172,28,8,False,Left,Front,Right,Centre,60
<_io.BytesIO object at 0x000001DA0EA1B680>,0.52967369556427,0.15397347509860992,0.27435576915740967,263172,28,8,False,Left,Front,Right,Centre,60
<_io.BytesIO object at 0x000001DA0EA1BF90>,0.5324497818946838,0.11807747185230255,0.3009498417377472,263172,28,8,False,Left,Front,Right,Centre,60
<_io.BytesIO object at 0x000001DA0EA172C0>,0.6187220215797424,0.1094253733754158,0.3101198077201843,263172,28,8,False,Left,Front,Right,Centre,60
<_io.BytesIO object at 0x000001DA0EA173B0>,0.561654806137085,0.0953177735209465,0.2794966399669647,263172,28,8,False,Left,Front,Right,Centre,60
<_io.BytesIO object at 0x000001DA0EA1BEF0>,0.5900342464447021,0.19169941544532776,0.33395349979400635,263173,28,8,False,Left,Front,Right,Centre,60
<_io.BytesIO object at 0x000001DA0EA1B7C0>,0.52967369556427,0.15397347509860992,0.27435576915740967,263173,28,8,False,Left,Front,Right,Centre,60
<_io.BytesIO object at 0x000001DA0EA1BF90>,0.5324497818946838,0.11807747185230255,0.3009498417377472,263173,28,8,False,Left,Front,Right,Centre,60
<_io.BytesIO object at 0x000001DA0EA17360>,0.6187220215797424,0.1094253733754158,0.3101198077201843,263173,28,8,False,Left,Front,Right,Centre,60
<_io.BytesIO object at 0x000001DA0EA179F0>,0.561654806137085,0.0953177735209465,0.2794966399669647,263173,28,8,False,Left,Front,Right,Centre,60
<_io.BytesIO object at 0x000001DA0EA1BBD0>,0.5900342464447021,0.19169941544532776,0.33395349979400635,263174,28,8,False,Left,Front,Right,Centre,60
<_io.BytesIO object at 0x000001DA0EA1B180>,0.52967369556427,0.15397347509860992,0.27435576915740967,263174,28,8,False,Left,Front,Right,Centre,60
<_io.BytesIO object at 0x000001DA0EA1BF90>,0.5324497818946838,0.11807747185230255,0.3009498417377472,263174,28,8,False,Left,Front,Right,Centre,60
<_io.BytesIO object at 0x000001DA0EA17EA0>,0.6187220215797424,0.1094253733754158,0.3101198077201843,263174,28,8,False,Left,Front,Right,Centre,60
<_io.BytesIO object at 0x000001DA0EA175E0>,0.561654806137085,0.0953177735209465,0.2794966399669647,263174,28,8,False,Left,Front,Right,Centre,60
<_io.BytesIO object at 0x000001DA0BC9AAE0>,0.5900342464447021,0.19169941544532776,0.33395349979400635,263175,28,8,False,Left,Front,Right,Centre,60
<_io.BytesIO object at 0x000001DA0BC9AB80>,0.52967369556427,0.15397347509860992,0.27435576915740967,263175,28,8,False,Left,Front,Right,Centre,60
<_io.BytesIO object at 0x000001DA0EA17720>,0.5324497818946838,0.11807747185230255,0.3009498417377472,263175,28,8,False,Left,Front,Right,Centre,60
<_io.BytesIO object at 0x000001DA0EA178B0>,0.6187220215797424,0.1094253733754158,0.3101198077201843,263175,28,8,False,Left,Front,Right,Centre,60
<_io.BytesIO object at 0x000001DA0EA17950>,0.561654806137085,0.0953177735209465,0.2794966399669647,263175,28,8,False,Left,Front,Right,Centre,60
<_io.BytesIO object at 0x000001DA0BC9A360>,0.5900342464447021,0.19169941544532776,0.33395349979400635,263176,28,8,False,Left,Front,Right,Centre,60
<_io.BytesIO object at 0x000001DA0BC9AF90>,0.52967369556427,0.15397347509860992,0.27435576915740967,263176,28,8,False,Left,Front,Right,Centre,60
<_io.BytesIO object at 0x000001DA0EA176D0>,0.5324497818946838,0.11807747185230255,0.3009498417377472,263176,28,8,False,Left,Front,Right,Centre,60
<_io.BytesIO object at 0x000001DA0EA17E00>,0.6187220215797424,0.1094253733754158,0.3101198077201843,263176,28,8,False,Left,Front,Right,Centre,60
<_io.BytesIO object at 0x000001DA0EA17DB0>,0.561654806137085,0.0953177735209465,0.2794966399669647,263176,28,8,False,Left,Front,Right,Centre,60
<_io.BytesIO object at 0x000001DA0EA1B4A0>,0.5900342464447021,0.19169941544532776,0.33395349979400635,263177,28,8,False,Left,Front,Right,Centre,60
<_io.BytesIO object at 0x000001DA0EA1B590>,0.52967369556427,0.15397347509860992,0.27435576915740967,263177,28,8,False,Left,Front,Right,Centre,60
<_io.BytesIO object at 0x000001DA0EA1BB30>,0.5324497818946838,0.11807747185230255,0.3009498417377472,263177,28,8,False,Left,Front,Right,Centre,60
<_io.BytesIO object at 0x000001DA0EA179A0>,0.6187220215797424,0.1094253733754158,0.3101198077201843,263177,28,8,False,Left,Front,Right,Centre,60
<_io.BytesIO object at 0x000001DA0EA172C0>,0.561654806137085,0.0953177735209465,0.2794966399669647,263177,28,8,False,Left,Front,Right,Centre,60
<_io.BytesIO object at 0x000001DA0BC9ACC0>,0.5900342464447021,0.19169941544532776,0.33395349979400635,263178,28,8,False,Left,Front,Right,Centre,60
<_io.BytesIO object at 0x000001DA0BC9AEA0>,0.52967369556427,0.15397347509860992,0.27435576915740967,263178,28,8,False,Left,Front,Right,Centre,60
<_io.BytesIO object at 0x000001DA0EA179A0>,0.5324497818946838,0.11807747185230255,0.3009498417377472,263178,28,8,False,Left,Front,Right,Centre,60
<_io.BytesIO object at 0x000001DA0EA17400>,0.6187220215797424,0.1094253733754158,0.3101198077201843,263178,28,8,False,Left,Front,Right,Centre,60
<_io.BytesIO object at 0x000001DA0EA17E00>,0.561654806137085,0.0953177735209465,0.2794966399669647,263178,28,8,False,Left,Front,Right,Centre,60
<_io.BytesIO object at 0x000001DA0BC9AA90>,0.5900342464447021,0.19169941544532776,0.33395349979400635,263179,28,8,False,Left,Front,Right,Centre,60
<_io.BytesIO object at 0x000001DA0BC9A130>,0.52967369556427,0.15397347509860992,0.27435576915740967,263179,28,8,False,Left,Front,Right,Centre,60
<_io.BytesIO object at 0x000001DA0EA17810>,0.5324497818946838,0.11807747185230255,0.3009498417377472,263179,28,8,False,Left,Front,Right,Centre,60
<_io.BytesIO object at 0x000001DA0EA171D0>,0.6187220215797424,0.1094253733754158,0.3101198077201843,263179,28,8,False,Left,Front,Right,Centre,60
<_io.BytesIO object at 0x000001DA0EA17AE0>,0.561654806137085,0.0953177735209465,0.2794966399669647,263179,28,8,False,Left,Front,Right,Centre,60
<_io.BytesIO object at 0x000001DA0EA1B360>,0.5900342464447021,0.19169941544532776,0.33395349979400635,263180,28,8,False,Left,Front,Right,Centre,60
<_io.BytesIO object at 0x000001DA0EA1BE50>,0.52967369556427,0.15397347509860992,0.27435576915740967,263180,28,8,False,Left,Front,Right,Centre,60
<_io.BytesIO object at 0x000001DA0EA1BA40>,0.5324497818946838,0.11807747185230255,0.3009498417377472,263180,28,8,False,Left,Front,Right,Centre,60
<_io.BytesIO object at 0x000001DA0EA17400>,0.6187220215797424,0.1094253733754158,0.3101198077201843,263180,28,8,False,Left,Front,Right,Centre,60
<_io.BytesIO object at 0x000001DA0EA17040>,0.561654806137085,0.0953177735209465,0.2794966399669647,263180,28,8,False,Left,Front,Right,Centre,60
<_io.BytesIO object at 0x000001DA0EA1BEF0>,0.5900342464447021,0.19169941544532776,0.33395349979400635,263181,28,8,False,Left,Front,Right,Centre,60
<_io.BytesIO object at 0x000001DA0EA1B540>,0.52967369556427,0.15397347509860992,0.27435576915740967,263181,28,8,False,Left,Front,Right,Centre,60
<_io.BytesIO object at 0x000001DA0EA1BA40>,0.5324497818946838,0.11807747185230255,0.3009498417377472,263181,28,8,False,Left,Front,Right,Centre,60
<_io.BytesIO object at 0x000001DA0EA17AE0>,0.6187220215797424,0.1094253733754158,0.3101198077201843,263181,28,8,False,Left,Front,Right,Centre,60
<_io.BytesIO object at 0x000001DA0EA178B0>,0.561654806137085,0.0953177735209465,0.2794966399669647,263181,28,8,False,Left,Front,Right,Centre,60
<_io.BytesIO object at 0x000001DA0BC9A220>,0.5900342464447021,0.19169941544532776,0.33395349979400635,263182,28,8,False,Left,Front,Right,Centre,60
<_io.BytesIO object at 0x000001DA0BCBF180>,0.52967369556427,0.15397347509860992,0.27435576915740967,263182,28,8,False,Left,Front,Right,Centre,60
<_io.BytesIO object at 0x000001DA0BCBFA90>,0.5324497818946838,0.11807747185230255,0.3009498417377472,263182,28,8,False,Left,Front,Right,Centre,60
<_io.BytesIO object at 0x000001DA0BCBF900>,0.6187220215797424,0.1094253733754158,0.3101198077201843,263182,28,8,False,Left,Front,Right,Centre,60
<_io.BytesIO object at 0x000001DA0BCBFEF0>,0.561654806137085,0.0953177735209465,0.2794966399669647,263182,28,8,False,Left,Front,Right,Centre,60
<_io.BytesIO object at 0x000001DA0BCAC4F0>,0.5900342464447021,0.19169941544532776,0.33395349979400635,263183,28,8,False,Left,Front,Right,Centre,60
<_io.BytesIO object at 0x000001DA0BCE79F0>,0.52967369556427,0.15397347509860992,0.27435576915740967,263183,28,8,False,Left,Front,Right,Centre,60
<_io.BytesIO object at 0x000001DA0BCE7090>,0.5324497818946838,0.11807747185230255,0.3009498417377472,263183,28,8,False,Left,Front,Right,Centre,60
<_io.BytesIO object at 0x000001DA0BCE7810>,0.6187220215797424,0.1094253733754158,0.3101198077201843,263183,28,8,False,Left,Front,Right,Centre,60
<_io.BytesIO object at 0x000001DA0BCE73B0>,0.561654806137085,0.0953177735209465,0.2794966399669647,263183,28,8,False,Left,Front,Right,Centre,60
<_io.BytesIO object at 0x000001DA0BC95E00>,0.5900342464447021,0.19169941544532776,0.33395349979400635,263184,28,8,False,Left,Front,Right,Centre,60
<_io.BytesIO object at 0x000001DA0BC95DB0>,0.52967369556427,0.15397347509860992,0.27435576915740967,263184,28,8,False,Left,Front,Right,Centre,60
<_io.BytesIO object at 0x000001DA0EA1C310>,0.5324497818946838,0.11807747185230255,0.3009498417377472,263184,28,8,False,Left,Front,Right,Centre,60
<_io.BytesIO object at 0x000001DA0EA1C040>,0.6187220215797424,0.1094253733754158,0.3101198077201843,263184,28,8,False,Left,Front,Right,Centre,60
<_io.BytesIO object at 0x000001DA0EA1CA40>,0.561654806137085,0.0953177735209465,0.2794966399669647,263184,28,8,False,Left,Front,Right,Centre,60
<_io.BytesIO object at 0x000001DA0EA3F770>,0.5900342464447021,0.19169941544532776,0.33395349979400635,263185,28,8,False,Left,Front,Right,Centre,60
<_io.BytesIO object at 0x000001DA0EA3F220>,0.52967369556427,0.15397347509860992,0.27435576915740967,263185,28,8,False,Left,Front,Right,Centre,60
<_io.BytesIO object at 0x000001DA0BC80EF0>,0.5324497818946838,0.11807747185230255,0.3009498417377472,263185,28,8,False,Left,Front,Right,Centre,60
<_io.BytesIO object at 0x000001DA0BC806D0>,0.6187220215797424,0.1094253733754158,0.3101198077201843,263185,28,8,False,Left,Front,Right,Centre,60
<_io.BytesIO object at 0x000001DA0BC80810>,0.561654806137085,0.0953177735209465,0.2794966399669647,263185,28,8,False,Left,Front,Right,Centre,60
<_io.BytesIO object at 0x000001DA0BC81CC0>,0.5900342464447021,0.19169941544532776,0.33395349979400635,263186,28,8,False,Left,Front,Right,Centre,60
<_io.BytesIO object at 0x000001DA0BC85900>,0.52967369556427,0.15397347509860992,0.27435576915740967,263186,28,8,False,Left,Front,Right,Centre,60
<_io.BytesIO object at 0x000001DA0BC85F90>,0.5324497818946838,0.11807747185230255,0.3009498417377472,263186,28,8,False,Left,Front,Right,Centre,60
<_io.BytesIO object at 0x000001DA0BC85400>,0.6187220215797424,0.1094253733754158,0.3101198077201843,263186,28,8,False,Left,Front,Right,Centre,60
<_io.BytesIO object at 0x000001DA0BC85180>,0.561654806137085,0.0953177735209465,0.2794966399669647,263186,28,8,False,Left,Front,Right,Centre,60
<_io.BytesIO object at 0x000001DA0BCB2540>,0.5900342464447021,0.19169941544532776,0.33395349979400635,263187,28,8,False,Left,Front,Right,Centre,60
<_io.BytesIO object at 0x000001DA0BCB2EF0>,0.52967369556427,0.15397347509860992,0.27435576915740967,263187,28,8,False,Left,Front,Right,Centre,60
<_io.BytesIO object at 0x000001DA0BCB2860>,0.5324497818946838,0.11807747185230255,0.3009498417377472,263187,28,8,False,Left,Front,Right,Centre,60
<_io.BytesIO object at 0x000001DA0BCB2A40>,0.6187220215797424,0.1094253733754158,0.3101198077201843,263187,28,8,False,Left,Front,Right,Centre,60
<_io.BytesIO object at 0x000001DA0BCB20E0>,0.561654806137085,0.0953177735209465,0.2794966399669647,263187,28,8,False,Left,Front,Right,Centre,60
<_io.BytesIO object at 0x000001DA7EFF5400>,0.5900342464447021,0.19169941544532776,0.33395349979400635,263188,28,8,False,Left,Front,Right,Centre,60
<_io.BytesIO object at 0x000001DA7EFF56D0>,0.52967369556427,0.15397347509860992,0.27435576915740967,263188,28,8,False,Left,Front,Right,Centre,60
<_io.BytesIO object at 0x000001DA0BCF2220>,0.5324497818946838,0.11807747185230255,0.3009498417377472,263188,28,8,False,Left,Front,Right,Centre,60
<_io.BytesIO object at 0x000001DA0BCF25E0>,0.6187220215797424,0.1094253733754158,0.3101198077201843,263188,28,8,False,Left,Front,Right,Centre,60
<_io.BytesIO object at 0x000001DA0BCF2270>,0.561654806137085,0.0953177735209465,0.2794966399669647,263188,28,8,False,Left,Front,Right,Centre,60
<_io.BytesIO object at 0x000001DA0BC9CAE0>,0.5900342464447021,0.19169941544532776,0.33395349979400635,263189,28,8,False,Left,Front,Right,Centre,60
<_io.BytesIO object at 0x000001DA0BC9CEF0>,0.52967369556427,0.15397347509860992,0.27435576915740967,263189,28,8,False,Left,Front,Right,Centre,60
<_io.BytesIO object at 0x000001DA0BC9C9A0>,0.5324497818946838,0.11807747185230255,0.3009498417377472,263189,28,8,False,Left,Front,Right,Centre,60
<_io.BytesIO object at 0x000001DA0BC9CC20>,0.6187220215797424,0.1094253733754158,0.3101198077201843,263189,28,8,False,Left,Front,Right,Centre,60
<_io.BytesIO object at 0x000001DA0BC9C5E0>,0.561654806137085,0.0953177735209465,0.2794966399669647,263189,28,8,False,Left,Front,Right,Centre,60
<_io.BytesIO object at 0x000001DA0EA1B3B0>,0.5900342464447021,0.19169941544532776,0.33395349979400635,263190,28,8,False,Left,Front,Right,Centre,60
<_io.BytesIO object at 0x000001DA0EA1B770>,0.52967369556427,0.15397347509860992,0.27435576915740967,263190,28,8,False,Left,Front,Right,Centre,60
<_io.BytesIO object at 0x000001DA0EA1B6D0>,0.5324497818946838,0.11807747185230255,0.3009498417377472,263190,28,8,False,Left,Front,Right,Centre,60
<_io.BytesIO object at 0x000001DA0EA1BE50>,0.6187220215797424,0.1094253733754158,0.3101198077201843,263190,28,8,False,Left,Front,Right,Centre,60
<_io.BytesIO object at 0x000001DA0EA1B680>,0.561654806137085,0.0953177735209465,0.2794966399669647,263190,28,8,False,Left,Front,Right,Centre,60
<_io.BytesIO object at 0x000001DA0BC81C70>,0.5900342464447021,0.19169941544532776,0.33395349979400635,263191,28,8,False,Left,Front,Right,Centre,60
<_io.BytesIO object at 0x000001DA0EA17F40>,0.52967369556427,0.15397347509860992,0.27435576915740967,263191,28,8,False,Left,Front,Right,Centre,60
<_io.BytesIO object at 0x000001DA0EA17AE0>,0.5324497818946838,0.11807747185230255,0.3009498417377472,263191,28,8,False,Left,Front,Right,Centre,60
<_io.BytesIO object at 0x000001DA0EA17680>,0.6187220215797424,0.1094253733754158,0.3101198077201843,263191,28,8,False,Left,Front,Right,Centre,60
<_io.BytesIO object at 0x000001DA0EA17040>,0.561654806137085,0.0953177735209465,0.2794966399669647,263191,28,8,False,Left,Front,Right,Centre,60
<_io.BytesIO object at 0x000001DA0BCBF2C0>,0.5900342464447021,0.19169941544532776,0.33395349979400635,263192,28,8,False,Left,Front,Right,Centre,60
<_io.BytesIO object at 0x000001DA0BCBF090>,0.52967369556427,0.15397347509860992,0.27435576915740967,263192,28,8,False,Left,Front,Right,Centre,60
<_io.BytesIO object at 0x000001DA0BCBF130>,0.5324497818946838,0.11807747185230255,0.3009498417377472,263192,28,8,False,Left,Front,Right,Centre,60
<_io.BytesIO object at 0x000001DA0BCBF040>,0.6187220215797424,0.1094253733754158,0.3101198077201843,263192,28,8,False,Left,Front,Right,Centre,60
<_io.BytesIO object at 0x000001DA0BC9CA90>,0.561654806137085,0.0953177735209465,0.2794966399669647,263192,28,8,False,Left,Front,Right,Centre,60
<_io.BytesIO object at 0x000001DA0BCE74F0>,0.5900342464447021,0.19169941544532776,0.33395349979400635,263193,28,8,False,Left,Front,Right,Centre,60
<_io.BytesIO object at 0x000001DA0BCE7900>,0.52967369556427,0.15397347509860992,0.27435576915740967,263193,28,8,False,Left,Front,Right,Centre,60
<_io.BytesIO object at 0x000001DA0BCE71D0>,0.5324497818946838,0.11807747185230255,0.3009498417377472,263193,28,8,False,Left,Front,Right,Centre,60
<_io.BytesIO object at 0x000001DA0BCE7860>,0.6187220215797424,0.1094253733754158,0.3101198077201843,263193,28,8,False,Left,Front,Right,Centre,60
<_io.BytesIO object at 0x000001DA0BCE7680>,0.561654806137085,0.0953177735209465,0.2794966399669647,263193,28,8,False,Left,Front,Right,Centre,60
<_io.BytesIO object at 0x000001DA0BCB2450>,0.5900342464447021,0.19169941544532776,0.33395349979400635,263194,28,8,False,Left,Front,Right,Centre,60
<_io.BytesIO object at 0x000001DA0BCB29A0>,0.52967369556427,0.15397347509860992,0.27435576915740967,263194,28,8,False,Left,Front,Right,Centre,60
<_io.BytesIO object at 0x000001DA0BCB20E0>,0.5324497818946838,0.11807747185230255,0.3009498417377472,263194,28,8,False,Left,Front,Right,Centre,60
<_io.BytesIO object at 0x000001DA0BCB2270>,0.6187220215797424,0.1094253733754158,0.3101198077201843,263194,28,8,False,Left,Front,Right,Centre,60
<_io.BytesIO object at 0x000001DA0BCB28B0>,0.561654806137085,0.0953177735209465,0.2794966399669647,263194,28,8,False,Left,Front,Right,Centre,60
<_io.BytesIO object at 0x000001DA0BC80B80>,0.5900342464447021,0.19169941544532776,0.33395349979400635,263195,28,8,False,Left,Front,Right,Centre,60
<_io.BytesIO object at 0x000001DA0BC809A0>,0.52967369556427,0.15397347509860992,0.27435576915740967,263195,28,8,False,Left,Front,Right,Centre,60
<_io.BytesIO object at 0x000001DA0BC809F0>,0.5324497818946838,0.11807747185230255,0.3009498417377472,263195,28,8,False,Left,Front,Right,Centre,60
<_io.BytesIO object at 0x000001DA0BC80860>,0.6187220215797424,0.1094253733754158,0.3101198077201843,263195,28,8,False,Left,Front,Right,Centre,60
<_io.BytesIO object at 0x000001DA0BC80E00>,0.561654806137085,0.0953177735209465,0.2794966399669647,263195,28,8,False,Left,Front,Right,Centre,60
<_io.BytesIO object at 0x000001DA0BCF2180>,0.5900342464447021,0.19169941544532776,0.33395349979400635,263196,28,8,False,Left,Front,Right,Centre,60
<_io.BytesIO object at 0x000001DA0BCF2DB0>,0.52967369556427,0.15397347509860992,0.27435576915740967,263196,28,8,False,Left,Front,Right,Centre,60
<_io.BytesIO object at 0x000001DA0BCF2860>,0.5324497818946838,0.11807747185230255,0.3009498417377472,263196,28,8,False,Left,Front,Right,Centre,60
<_io.BytesIO object at 0x000001DA0BCF2AE0>,0.6187220215797424,0.1094253733754158,0.3101198077201843,263196,28,8,False,Left,Front,Right,Centre,60
<_io.BytesIO object at 0x000001DA0BCF2E50>,0.561654806137085,0.0953177735209465,0.2794966399669647,263196,28,8,False,Left,Front,Right,Centre,60
<_io.BytesIO object at 0x000001DA0BC954F0>,0.5900342464447021,0.19169941544532776,0.33395349979400635,263197,28,8,False,Left,Front,Right,Centre,60
<_io.BytesIO object at 0x000001DA0BC95EA0>,0.52967369556427,0.15397347509860992,0.27435576915740967,263197,28,8,False,Left,Front,Right,Centre,60
<_io.BytesIO object at 0x000001DA0BC95040>,0.5324497818946838,0.11807747185230255,0.3009498417377472,263197,28,8,False,Left,Front,Right,Centre,60
<_io.BytesIO object at 0x000001DA0BC95F90>,0.6187220215797424,0.1094253733754158,0.3101198077201843,263197,28,8,False,Left,Front,Right,Centre,60
<_io.BytesIO object at 0x000001DA0BC957C0>,0.561654806137085,0.0953177735209465,0.2794966399669647,263197,28,8,False,Left,Front,Right,Centre,60
<_io.BytesIO object at 0x000001DA0BC9CB30>,0.5900342464447021,0.19169941544532776,0.33395349979400635,263198,28,8,False,Left,Front,Right,Centre,60
<_io.BytesIO object at 0x000001DA0BC9C310>,0.52967369556427,0.15397347509860992,0.27435576915740967,263198,28,8,False,Left,Front,Right,Centre,60
<_io.BytesIO object at 0x000001DA0BC9CD60>,0.5324497818946838,0.11807747185230255,0.3009498417377472,263198,28,8,False,Left,Front,Right,Centre,60
<_io.BytesIO object at 0x000001DA0BC9C630>,0.6187220215797424,0.1094253733754158,0.3101198077201843,263198,28,8,False,Left,Front,Right,Centre,60
<_io.BytesIO object at 0x000001DA0BC9C090>,0.561654806137085,0.0953177735209465,0.2794966399669647,263198,28,8,False,Left,Front,Right,Centre,60
<_io.BytesIO object at 0x000001DA0EA174A0>,0.5900342464447021,0.19169941544532776,0.33395349979400635,263199,28,8,False,Left,Front,Right,Centre,60
<_io.BytesIO object at 0x000001DA0EA17D60>,0.52967369556427,0.15397347509860992,0.27435576915740967,263199,28,8,False,Left,Front,Right,Centre,60
<_io.BytesIO object at 0x000001DA0EA175E0>,0.5324497818946838,0.11807747185230255,0.3009498417377472,263199,28,8,False,Left,Front,Right,Centre,60
<_io.BytesIO object at 0x000001DA0EA17B80>,0.6187220215797424,0.1094253733754158,0.3101198077201843,263199,28,8,False,Left,Front,Right,Centre,60
<_io.BytesIO object at 0x000001DA0EA17F40>,0.561654806137085,0.0953177735209465,0.2794966399669647,263199,28,8,False,Left,Front,Right,Centre,60
<_io.BytesIO object at 0x000001DA0BC85F40>,0.5900342464447021,0.19169941544532776,0.33395349979400635,263200,28,8,False,Left,Front,Right,Centre,60
<_io.BytesIO object at 0x000001DA0BC85D60>,0.52967369556427,0.15397347509860992,0.27435576915740967,263200,28,8,False,Left,Front,Right,Centre,60
<_io.BytesIO object at 0x000001DA0BC81A90>,0.5324497818946838,0.11807747185230255,0.3009498417377472,263200,28,8,False,Left,Front,Right,Centre,60
<_io.BytesIO object at 0x000001DA0BC81B30>,0.6187220215797424,0.1094253733754158,0.3101198077201843,263200,28,8,False,Left,Front,Right,Centre,60
<_io.BytesIO object at 0x000001DA0BC81950>,0.561654806137085,0.0953177735209465,0.2794966399669647,263200,28,8,False,Left,Front,Right,Centre,60
<_io.BytesIO object at 0x000001DA0EA1B220>,0.5900342464447021,0.19169941544532776,0.33395349979400635,263201,28,8,False,Left,Front,Right,Centre,60
<_io.BytesIO object at 0x000001DA0EA1BB30>,0.52967369556427,0.15397347509860992,0.27435576915740967,263201,28,8,False,Left,Front,Right,Centre,60
<_io.BytesIO object at 0x000001DA0EA1B360>,0.5324497818946838,0.11807747185230255,0.3009498417377472,263201,28,8,False,Left,Front,Right,Centre,60
<_io.BytesIO object at 0x000001DA0BCBF040>,0.6187220215797424,0.1094253733754158,0.3101198077201843,263201,28,8,False,Left,Front,Right,Centre,60
<_io.BytesIO object at 0x000001DA0BCBFE00>,0.561654806137085,0.0953177735209465,0.2794966399669647,263201,28,8,False,Left,Front,Right,Centre,60
<_io.BytesIO object at 0x000001DA0BCAC770>,0.5900342464447021,0.19169941544532776,0.33395349979400635,263202,28,8,False,Left,Front,Right,Centre,60
<_io.BytesIO object at 0x000001DA0BCAC090>,0.52967369556427,0.15397347509860992,0.27435576915740967,263202,28,8,False,Left,Front,Right,Centre,60
<_io.BytesIO object at 0x000001DA0BCAC680>,0.5324497818946838,0.11807747185230255,0.3009498417377472,263202,28,8,False,Left,Front,Right,Centre,60
<_io.BytesIO object at 0x000001DA0BCE7220>,0.6187220215797424,0.1094253733754158,0.3101198077201843,263202,28,8,False,Left,Front,Right,Centre,60
<_io.BytesIO object at 0x000001DA0BCE73B0>,0.561654806137085,0.0953177735209465,0.2794966399669647,263202,28,8,False,Left,Front,Right,Centre,60
<_io.BytesIO object at 0x000001DA0EA1C6D0>,0.5900342464447021,0.19169941544532776,0.33395349979400635,263203,28,8,False,Left,Front,Right,Centre,60
<_io.BytesIO object at 0x000001DA0EA1C360>,0.52967369556427,0.15397347509860992,0.27435576915740967,263203,28,8,False,Left,Front,Right,Centre,60
<_io.BytesIO object at 0x000001DA0EA1C900>,0.5324497818946838,0.11807747185230255,0.3009498417377472,263203,28,8,False,Left,Front,Right,Centre,60
<_io.BytesIO object at 0x000001DA0EA1C400>,0.6187220215797424,0.1094253733754158,0.3101198077201843,263203,28,8,False,Left,Front,Right,Centre,60
<_io.BytesIO object at 0x000001DA0EA1C3B0>,0.561654806137085,0.0953177735209465,0.2794966399669647,263203,28,8,False,Left,Front,Right,Centre,60
<_io.BytesIO object at 0x000001DA0EA3F180>,0.5900342464447021,0.19169941544532776,0.33395349979400635,263204,28,8,False,Left,Front,Right,Centre,60
<_io.BytesIO object at 0x000001DA0EA3F4F0>,0.52967369556427,0.15397347509860992,0.27435576915740967,263204,28,8,False,Left,Front,Right,Centre,60
<_io.BytesIO object at 0x000001DA0EA3FD60>,0.5324497818946838,0.11807747185230255,0.3009498417377472,263204,28,8,False,Left,Front,Right,Centre,60
<_io.BytesIO object at 0x000001DA0EA3F860>,0.6187220215797424,0.1094253733754158,0.3101198077201843,263204,28,8,False,Left,Front,Right,Centre,60
<_io.BytesIO object at 0x000001DA0BC80F90>,0.561654806137085,0.0953177735209465,0.2794966399669647,263204,28,8,False,Left,Front,Right,Centre,60
<_io.BytesIO object at 0x000001DA0BC85860>,0.5900342464447021,0.19169941544532776,0.33395349979400635,263205,28,8,False,Left,Front,Right,Centre,60
<_io.BytesIO object at 0x000001DA0BC804F0>,0.52967369556427,0.15397347509860992,0.27435576915740967,263205,28,8,False,Left,Front,Right,Centre,60
<_io.BytesIO object at 0x000001DA0BC80770>,0.5324497818946838,0.11807747185230255,0.3009498417377472,263205,28,8,False,Left,Front,Right,Centre,60
<_io.BytesIO object at 0x000001DA0BC80950>,0.6187220215797424,0.1094253733754158,0.3101198077201843,263205,28,8,False,Left,Front,Right,Centre,60
<_io.BytesIO object at 0x000001DA0BC80E00>,0.561654806137085,0.0953177735209465,0.2794966399669647,263205,28,8,False,Left,Front,Right,Centre,60
<_io.BytesIO object at 0x000001DA0BCB2220>,0.5900342464447021,0.19169941544532776,0.33395349979400635,263206,28,8,False,Left,Front,Right,Centre,60
<_io.BytesIO object at 0x000001DA0BCB2B80>,0.52967369556427,0.15397347509860992,0.27435576915740967,263206,28,8,False,Left,Front,Right,Centre,60
<_io.BytesIO object at 0x000001DA0BCB2630>,0.5324497818946838,0.11807747185230255,0.3009498417377472,263206,28,8,False,Left,Front,Right,Centre,60
<_io.BytesIO object at 0x000001DA0BCB20E0>,0.6187220215797424,0.1094253733754158,0.3101198077201843,263206,28,8,False,Left,Front,Right,Centre,60
<_io.BytesIO object at 0x000001DA0BCB2D10>,0.561654806137085,0.0953177735209465,0.2794966399669647,263206,28,8,False,Left,Front,Right,Centre,60
<_io.BytesIO object at 0x000001DA7EFF52C0>,0.5900342464447021,0.19169941544532776,0.33395349979400635,263207,28,8,False,Left,Front,Right,Centre,60
<_io.BytesIO object at 0x000001DA0BCE7F90>,0.52967369556427,0.15397347509860992,0.27435576915740967,263207,28,8,False,Left,Front,Right,Centre,60
<_io.BytesIO object at 0x000001DA0BCE74A0>,0.5324497818946838,0.11807747185230255,0.3009498417377472,263207,28,8,False,Left,Front,Right,Centre,60
<_io.BytesIO object at 0x000001DA0BCE7450>,0.6187220215797424,0.1094253733754158,0.3101198077201843,263207,28,8,False,Left,Front,Right,Centre,60
<_io.BytesIO object at 0x000001DA0BCE7270>,0.561654806137085,0.0953177735209465,0.2794966399669647,263207,28,8,False,Left,Front,Right,Centre,60
<_io.BytesIO object at 0x000001DA0BC9C1D0>,0.5900342464447021,0.19169941544532776,0.33395349979400635,263208,28,8,False,Left,Front,Right,Centre,60
<_io.BytesIO object at 0x000001DA0BC9C040>,0.52967369556427,0.15397347509860992,0.27435576915740967,263208,28,8,False,Left,Front,Right,Centre,60
<_io.BytesIO object at 0x000001DA0BCBF3B0>,0.5324497818946838,0.11807747185230255,0.3009498417377472,263208,28,8,False,Left,Front,Right,Centre,60
<_io.BytesIO object at 0x000001DA0BCBF450>,0.6187220215797424,0.1094253733754158,0.3101198077201843,263208,28,8,False,Left,Front,Right,Centre,60
<_io.BytesIO object at 0x000001DA0BCBFD60>,0.561654806137085,0.0953177735209465,0.2794966399669647,263208,28,8,False,Left,Front,Right,Centre,60
<_io.BytesIO object at 0x000001DA0BC9AAE0>,0.5900342464447021,0.19169941544532776,0.33395349979400635,263209,28,8,False,Left,Front,Right,Centre,60
<_io.BytesIO object at 0x000001DA0BC9A220>,0.52967369556427,0.15397347509860992,0.27435576915740967,263209,28,8,False,Left,Front,Right,Centre,60
<_io.BytesIO object at 0x000001DA0BC9AE50>,0.5324497818946838,0.11807747185230255,0.3009498417377472,263209,28,8,False,Left,Front,Right,Centre,60
<_io.BytesIO object at 0x000001DA0BC9A040>,0.6187220215797424,0.1094253733754158,0.3101198077201843,263209,28,8,False,Left,Front,Right,Centre,60
<_io.BytesIO object at 0x000001DA0BC9A8B0>,0.561654806137085,0.0953177735209465,0.2794966399669647,263209,28,8,False,Left,Front,Right,Centre,60
<_io.BytesIO object at 0x000001DA0EA1B630>,0.5900342464447021,0.19169941544532776,0.33395349979400635,263210,28,8,False,Left,Front,Right,Centre,60
<_io.BytesIO object at 0x000001DA0EA1B130>,0.52967369556427,0.15397347509860992,0.27435576915740967,263210,28,8,False,Left,Front,Right,Centre,60
<_io.BytesIO object at 0x000001DA0BCBF7C0>,0.5324497818946838,0.11807747185230255,0.3009498417377472,263210,28,8,False,Left,Front,Right,Centre,60
<_io.BytesIO object at 0x000001DA0BCBF680>,0.6187220215797424,0.1094253733754158,0.3101198077201843,263210,28,8,False,Left,Front,Right,Centre,60
<_io.BytesIO object at 0x000001DA0BCBF6D0>,0.561654806137085,0.0953177735209465,0.2794966399669647,263210,28,8,False,Left,Front,Right,Centre,60
<_io.BytesIO object at 0x000001DA0BCAC590>,0.5900342464447021,0.19169941544532776,0.33395349979400635,263211,28,8,False,Left,Front,Right,Centre,60
<_io.BytesIO object at 0x000001DA0BCAC7C0>,0.52967369556427,0.15397347509860992,0.27435576915740967,263211,28,8,False,Left,Front,Right,Centre,60
<_io.BytesIO object at 0x000001DA0BCAC810>,0.5324497818946838,0.11807747185230255,0.3009498417377472,263211,28,8,False,Left,Front,Right,Centre,60
<_io.BytesIO object at 0x000001DA0BCE7860>,0.6187220215797424,0.1094253733754158,0.3101198077201843,263211,28,8,False,Left,Front,Right,Centre,60
<_io.BytesIO object at 0x000001DA0BCE7400>,0.561654806137085,0.0953177735209465,0.2794966399669647,263211,28,8,False,Left,Front,Right,Centre,60
<_io.BytesIO object at 0x000001DA0EA1C6D0>,0.5900342464447021,0.19169941544532776,0.33395349979400635,263212,28,8,False,Left,Front,Right,Centre,60
<_io.BytesIO object at 0x000001DA0EA1C540>,0.52967369556427,0.15397347509860992,0.27435576915740967,263212,28,8,False,Left,Front,Right,Centre,60
<_io.BytesIO object at 0x000001DA0EA1C400>,0.5324497818946838,0.11807747185230255,0.3009498417377472,263212,28,8,False,Left,Front,Right,Centre,60
<_io.BytesIO object at 0x000001DA0EA1C3B0>,0.6187220215797424,0.1094253733754158,0.3101198077201843,263212,28,8,False,Left,Front,Right,Centre,60
<_io.BytesIO object at 0x000001DA0EA1C680>,0.561654806137085,0.0953177735209465,0.2794966399669647,263212,28,8,False,Left,Front,Right,Centre,60
<_io.BytesIO object at 0x000001DA0BC805E0>,0.5900342464447021,0.19169941544532776,0.33395349979400635,263213,28,8,False,Left,Front,Right,Centre,60
<_io.BytesIO object at 0x000001DA0BC80630>,0.52967369556427,0.15397347509860992,0.27435576915740967,263213,28,8,False,Left,Front,Right,Centre,60
<_io.BytesIO object at 0x000001DA0BC80950>,0.5324497818946838,0.11807747185230255,0.3009498417377472,263213,28,8,False,Left,Front,Right,Centre,60
<_io.BytesIO object at 0x000001DA0BC80D60>,0.6187220215797424,0.1094253733754158,0.3101198077201843,263213,28,8,False,Left,Front,Right,Centre,60
<_io.BytesIO object at 0x000001DA0BC80DB0>,0.561654806137085,0.0953177735209465,0.2794966399669647,263213,28,8,False,Left,Front,Right,Centre,60
<_io.BytesIO object at 0x000001DA0BC81C20>,0.5900342464447021,0.19169941544532776,0.33395349979400635,263214,28,8,False,Left,Front,Right,Centre,60
<_io.BytesIO object at 0x000001DA0E9DF2C0>,0.52967369556427,0.15397347509860992,0.27435576915740967,263214,28,8,False,Left,Front,Right,Centre,60
<_io.BytesIO object at 0x000001DA0BC859A0>,0.5324497818946838,0.11807747185230255,0.3009498417377472,263214,28,8,False,Left,Front,Right,Centre,60
<_io.BytesIO object at 0x000001DA0BC85AE0>,0.6187220215797424,0.1094253733754158,0.3101198077201843,263214,28,8,False,Left,Front,Right,Centre,60
<_io.BytesIO object at 0x000001DA0BC85C20>,0.561654806137085,0.0953177735209465,0.2794966399669647,263214,28,8,False,Left,Front,Right,Centre,60
<_io.BytesIO object at 0x000001DA0BCB2540>,0.5900342464447021,0.19169941544532776,0.33395349979400635,263215,28,8,False,Left,Front,Right,Centre,60
<_io.BytesIO object at 0x000001DA0BCB2A40>,0.52967369556427,0.15397347509860992,0.27435576915740967,263215,28,8,False,Left,Front,Right,Centre,60
<_io.BytesIO object at 0x000001DA0BCB28B0>,0.5324497818946838,0.11807747185230255,0.3009498417377472,263215,28,8,False,Left,Front,Right,Centre,60
<_io.BytesIO object at 0x000001DA0BCB2770>,0.6187220215797424,0.1094253733754158,0.3101198077201843,263215,28,8,False,Left,Front,Right,Centre,60
<_io.BytesIO object at 0x000001DA0BCB24F0>,0.561654806137085,0.0953177735209465,0.2794966399669647,263215,28,8,False,Left,Front,Right,Centre,60
<_io.BytesIO object at 0x000001DA0BCE7900>,0.5900342464447021,0.19169941544532776,0.33395349979400635,263216,28,8,False,Left,Front,Right,Centre,60
<_io.BytesIO object at 0x000001DA0BCE74A0>,0.52967369556427,0.15397347509860992,0.27435576915740967,263216,28,8,False,Left,Front,Right,Centre,60
<_io.BytesIO object at 0x000001DA0BCE71D0>,0.5324497818946838,0.11807747185230255,0.3009498417377472,263216,28,8,False,Left,Front,Right,Centre,60
<_io.BytesIO object at 0x000001DA0BCE7360>,0.6187220215797424,0.1094253733754158,0.3101198077201843,263216,28,8,False,Left,Front,Right,Centre,60
<_io.BytesIO object at 0x000001DA0BCE7D60>,0.561654806137085,0.0953177735209465,0.2794966399669647,263216,28,8,False,Left,Front,Right,Centre,60
<_io.BytesIO object at 0x000001DA0BCBF860>,0.5900342464447021,0.19169941544532776,0.33395349979400635,263217,28,8,False,Left,Front,Right,Centre,60
<_io.BytesIO object at 0x000001DA0BCBF3B0>,0.52967369556427,0.15397347509860992,0.27435576915740967,263217,28,8,False,Left,Front,Right,Centre,60
<_io.BytesIO object at 0x000001DA0BCBF130>,0.5324497818946838,0.11807747185230255,0.3009498417377472,263217,28,8,False,Left,Front,Right,Centre,60
<_io.BytesIO object at 0x000001DA0BCBF4F0>,0.6187220215797424,0.1094253733754158,0.3101198077201843,263217,28,8,False,Left,Front,Right,Centre,60
<_io.BytesIO object at 0x000001DA0BCBFA90>,0.561654806137085,0.0953177735209465,0.2794966399669647,263217,28,8,False,Left,Front,Right,Centre,60
<_io.BytesIO object at 0x000001DA0EA17680>,0.5900342464447021,0.19169941544532776,0.33395349979400635,263218,28,8,False,Left,Front,Right,Centre,60
<_io.BytesIO object at 0x000001DA0EA17A90>,0.52967369556427,0.15397347509860992,0.27435576915740967,263218,28,8,False,Left,Front,Right,Centre,60
<_io.BytesIO object at 0x000001DA0EA17770>,0.5324497818946838,0.11807747185230255,0.3009498417377472,263218,28,8,False,Left,Front,Right,Centre,60
<_io.BytesIO object at 0x000001DA0EA17450>,0.6187220215797424,0.1094253733754158,0.3101198077201843,263218,28,8,False,Left,Front,Right,Centre,60
<_io.BytesIO object at 0x000001DA0EA17860>,0.561654806137085,0.0953177735209465,0.2794966399669647,263218,28,8,False,Left,Front,Right,Centre,60
<_io.BytesIO object at 0x000001DA0BC81EF0>,0.5900342464447021,0.19169941544532776,0.33395349979400635,263219,28,8,False,Left,Front,Right,Centre,60
<_io.BytesIO object at 0x000001DA0BC9AE00>,0.52967369556427,0.15397347509860992,0.27435576915740967,263219,28,8,False,Left,Front,Right,Centre,60
<_io.BytesIO object at 0x000001DA0BC9AD10>,0.5324497818946838,0.11807747185230255,0.3009498417377472,263219,28,8,False,Left,Front,Right,Centre,60
<_io.BytesIO object at 0x000001DA0BC9A950>,0.6187220215797424,0.1094253733754158,0.3101198077201843,263219,28,8,False,Left,Front,Right,Centre,60
<_io.BytesIO object at 0x000001DA0BC9A220>,0.561654806137085,0.0953177735209465,0.2794966399669647,263219,28,8,False,Left,Front,Right,Centre,60
<_io.BytesIO object at 0x000001DA0EA3F040>,0.5900342464447021,0.19169941544532776,0.33395349979400635,263220,28,8,False,Left,Front,Right,Centre,60
<_io.BytesIO object at 0x000001DA0EA3F180>,0.52967369556427,0.15397347509860992,0.27435576915740967,263220,28,8,False,Left,Front,Right,Centre,60
<_io.BytesIO object at 0x000001DA0EA3FAE0>,0.5324497818946838,0.11807747185230255,0.3009498417377472,263220,28,8,False,Left,Front,Right,Centre,60
<_io.BytesIO object at 0x000001DA0EA3F2C0>,0.6187220215797424,0.1094253733754158,0.3101198077201843,263220,28,8,False,Left,Front,Right,Centre,60
<_io.BytesIO object at 0x000001DA0EA3F270>,0.561654806137085,0.0953177735209465,0.2794966399669647,263220,28,8,False,Left,Front,Right,Centre,60
<_io.BytesIO object at 0x000001DA0BCAC450>,0.5900342464447021,0.19169941544532776,0.33395349979400635,263221,28,8,False,Left,Front,Right,Centre,60
<_io.BytesIO object at 0x000001DA0BCAC9F0>,0.52967369556427,0.15397347509860992,0.27435576915740967,263221,28,8,False,Left,Front,Right,Centre,60
<_io.BytesIO object at 0x000001DA0BCACD60>,0.5324497818946838,0.11807747185230255,0.3009498417377472,263221,28,8,False,Left,Front,Right,Centre,60
<_io.BytesIO object at 0x000001DA0BCACC20>,0.6187220215797424,0.1094253733754158,0.3101198077201843,263221,28,8,False,Left,Front,Right,Centre,60
<_io.BytesIO object at 0x000001DA0BCAC810>,0.561654806137085,0.0953177735209465,0.2794966399669647,263221,28,8,False,Left,Front,Right,Centre,60
<_io.BytesIO object at 0x000001DA0EA1C950>,0.5900342464447021,0.19169941544532776,0.33395349979400635,263222,28,8,False,Left,Front,Right,Centre,60
<_io.BytesIO object at 0x000001DA0EA1C860>,0.52967369556427,0.15397347509860992,0.27435576915740967,263222,28,8,False,Left,Front,Right,Centre,60
<_io.BytesIO object at 0x000001DA0EA1C720>,0.5324497818946838,0.11807747185230255,0.3009498417377472,263222,28,8,False,Left,Front,Right,Centre,60
<_io.BytesIO object at 0x000001DA0EA1CC20>,0.6187220215797424,0.1094253733754158,0.3101198077201843,263222,28,8,False,Left,Front,Right,Centre,60
<_io.BytesIO object at 0x000001DA0EA1CD60>,0.561654806137085,0.0953177735209465,0.2794966399669647,263222,28,8,False,Left,Front,Right,Centre,60
<_io.BytesIO object at 0x000001DA0BCF22C0>,0.5900342464447021,0.19169941544532776,0.33395349979400635,263223,28,8,False,Left,Front,Right,Centre,60
<_io.BytesIO object at 0x000001DA0BCF25E0>,0.52967369556427,0.15397347509860992,0.27435576915740967,263223,28,8,False,Left,Front,Right,Centre,60
<_io.BytesIO object at 0x000001DA0BCF26D0>,0.5324497818946838,0.11807747185230255,0.3009498417377472,263223,28,8,False,Left,Front,Right,Centre,60
<_io.BytesIO object at 0x000001DA0BCF2360>,0.6187220215797424,0.1094253733754158,0.3101198077201843,263223,28,8,False,Left,Front,Right,Centre,60
<_io.BytesIO object at 0x000001DA0BCF2900>,0.561654806137085,0.0953177735209465,0.2794966399669647,263223,28,8,False,Left,Front,Right,Centre,60
<_io.BytesIO object at 0x000001DA0BCB2F40>,0.5900342464447021,0.19169941544532776,0.33395349979400635,263224,28,8,False,Left,Front,Right,Centre,60
<_io.BytesIO object at 0x000001DA0BCB2C20>,0.52967369556427,0.15397347509860992,0.27435576915740967,263224,28,8,False,Left,Front,Right,Centre,60
<_io.BytesIO object at 0x000001DA0BCB28B0>,0.5324497818946838,0.11807747185230255,0.3009498417377472,263224,28,8,False,Left,Front,Right,Centre,60
<_io.BytesIO object at 0x000001DA0BCB22C0>,0.6187220215797424,0.1094253733754158,0.3101198077201843,263224,28,8,False,Left,Front,Right,Centre,60
<_io.BytesIO object at 0x000001DA0BCB2D60>,0.561654806137085,0.0953177735209465,0.2794966399669647,263224,28,8,False,Left,Front,Right,Centre,60
<_io.BytesIO object at 0x000001DA0BCE7310>,0.5900342464447021,0.19169941544532776,0.33395349979400635,263225,28,8,False,Left,Front,Right,Centre,60
<_io.BytesIO object at 0x000001DA0BCE7A40>,0.52967369556427,0.15397347509860992,0.27435576915740967,263225,28,8,False,Left,Front,Right,Centre,60
<_io.BytesIO object at 0x000001DA0BCE7AE0>,0.5324497818946838,0.11807747185230255,0.3009498417377472,263225,28,8,False,Left,Front,Right,Centre,60
<_io.BytesIO object at 0x000001DA0BCE7D10>,0.6187220215797424,0.1094253733754158,0.3101198077201843,263225,28,8,False,Left,Front,Right,Centre,60
<_io.BytesIO object at 0x000001DA0BCE7CC0>,0.561654806137085,0.0953177735209465,0.2794966399669647,263225,28,8,False,Left,Front,Right,Centre,60
<_io.BytesIO object at 0x000001DA0BCBF540>,0.5900342464447021,0.19169941544532776,0.33395349979400635,263226,28,8,False,Left,Front,Right,Centre,60
<_io.BytesIO object at 0x000001DA0BCBF7C0>,0.52967369556427,0.15397347509860992,0.27435576915740967,263226,28,8,False,Left,Front,Right,Centre,60
<_io.BytesIO object at 0x000001DA0BCBFC20>,0.5324497818946838,0.11807747185230255,0.3009498417377472,263226,28,8,False,Left,Front,Right,Centre,60
<_io.BytesIO object at 0x000001DA0BCBF9F0>,0.6187220215797424,0.1094253733754158,0.3101198077201843,263226,28,8,False,Left,Front,Right,Centre,60
<_io.BytesIO object at 0x000001DA0BCBF220>,0.561654806137085,0.0953177735209465,0.2794966399669647,263226,28,8,False,Left,Front,Right,Centre,60
<_io.BytesIO object at 0x000001DA0BC9AA90>,0.5900342464447021,0.19169941544532776,0.33395349979400635,263227,28,8,False,Left,Front,Right,Centre,60
<_io.BytesIO object at 0x000001DA0BC9A4A0>,0.52967369556427,0.15397347509860992,0.27435576915740967,263227,28,8,False,Left,Front,Right,Centre,60
<_io.BytesIO object at 0x000001DA0BC9ADB0>,0.5324497818946838,0.11807747185230255,0.3009498417377472,263227,28,8,False,Left,Front,Right,Centre,60
<_io.BytesIO object at 0x000001DA0BC9A360>,0.6187220215797424,0.1094253733754158,0.3101198077201843,263227,28,8,False,Left,Front,Right,Centre,60
<_io.BytesIO object at 0x000001DA0EA1BB30>,0.561654806137085,0.0953177735209465,0.2794966399669647,263227,28,8,False,Left,Front,Right,Centre,60
<_io.BytesIO object at 0x000001DA0BC85770>,0.5900342464447021,0.19169941544532776,0.33395349979400635,263228,28,8,False,Left,Front,Right,Centre,60
<_io.BytesIO object at 0x000001DA0E9DF4A0>,0.52967369556427,0.15397347509860992,0.27435576915740967,263228,28,8,False,Left,Front,Right,Centre,60
<_io.BytesIO object at 0x000001DA0BC81EA0>,0.5324497818946838,0.11807747185230255,0.3009498417377472,263228,28,8,False,Left,Front,Right,Centre,60
<_io.BytesIO object at 0x000001DA0BC813B0>,0.6187220215797424,0.1094253733754158,0.3101198077201843,263228,28,8,False,Left,Front,Right,Centre,60
<_io.BytesIO object at 0x000001DA0BC814F0>,0.561654806137085,0.0953177735209465,0.2794966399669647,263228,28,8,False,Left,Front,Right,Centre,60
<_io.BytesIO object at 0x000001DA0EA174A0>,0.5900342464447021,0.19169941544532776,0.33395349979400635,263229,28,8,False,Left,Front,Right,Centre,60
<_io.BytesIO object at 0x000001DA0EA17950>,0.52967369556427,0.15397347509860992,0.27435576915740967,263229,28,8,False,Left,Front,Right,Centre,60
<_io.BytesIO object at 0x000001DA0EA175E0>,0.5324497818946838,0.11807747185230255,0.3009498417377472,263229,28,8,False,Left,Front,Right,Centre,60
<_io.BytesIO object at 0x000001DA0EA3F130>,0.6187220215797424,0.1094253733754158,0.3101198077201843,263229,28,8,False,Left,Front,Right,Centre,60
<_io.BytesIO object at 0x000001DA0EA3FC70>,0.561654806137085,0.0953177735209465,0.2794966399669647,263229,28,8,False,Left,Front,Right,Centre,60
<_io.BytesIO object at 0x000001DA0BCE7DB0>,0.5900342464447021,0.19169941544532776,0.33395349979400635,263230,28,8,False,Left,Front,Right,Centre,60
<_io.BytesIO object at 0x000001DA0BCE7310>,0.52967369556427,0.15397347509860992,0.27435576915740967,263230,28,8,False,Left,Front,Right,Centre,60
<_io.BytesIO object at 0x000001DA0BCE72C0>,0.5324497818946838,0.11807747185230255,0.3009498417377472,263230,28,8,False,Left,Front,Right,Centre,60
<_io.BytesIO object at 0x000001DA7EFF5720>,0.6187220215797424,0.1094253733754158,0.3101198077201843,263230,28,8,False,Left,Front,Right,Centre,60
<_io.BytesIO object at 0x000001DA7EFF5400>,0.561654806137085,0.0953177735209465,0.2794966399669647,263230,28,8,False,Left,Front,Right,Centre,60
<_io.BytesIO object at 0x000001DA0BC9C720>,0.5900342464447021,0.19169941544532776,0.33395349979400635,263231,28,8,False,Left,Front,Right,Centre,60
<_io.BytesIO object at 0x000001DA0BC9CD60>,0.52967369556427,0.15397347509860992,0.27435576915740967,263231,28,8,False,Left,Front,Right,Centre,60
<_io.BytesIO object at 0x000001DA0BC9C590>,0.5324497818946838,0.11807747185230255,0.3009498417377472,263231,28,8,False,Left,Front,Right,Centre,60
<_io.BytesIO object at 0x000001DA0BC9C450>,0.6187220215797424,0.1094253733754158,0.3101198077201843,263231,28,8,False,Left,Front,Right,Centre,60
<_io.BytesIO object at 0x000001DA0BC9CEF0>,0.561654806137085,0.0953177735209465,0.2794966399669647,263231,28,8,False,Left,Front,Right,Centre,60
<_io.BytesIO object at 0x000001DA0BC80CC0>,0.5900342464447021,0.19169941544532776,0.33395349979400635,263232,28,8,False,Left,Front,Right,Centre,60
<_io.BytesIO object at 0x000001DA0BC80E00>,0.52967369556427,0.15397347509860992,0.27435576915740967,263232,28,8,False,Left,Front,Right,Centre,60
<_io.BytesIO object at 0x000001DA0BC80270>,0.5324497818946838,0.11807747185230255,0.3009498417377472,263232,28,8,False,Left,Front,Right,Centre,60
<_io.BytesIO object at 0x000001DA0BC80950>,0.6187220215797424,0.1094253733754158,0.3101198077201843,263232,28,8,False,Left,Front,Right,Centre,60
<_io.BytesIO object at 0x000001DA0BC80720>,0.561654806137085,0.0953177735209465,0.2794966399669647,263232,28,8,False,Left,Front,Right,Centre,60
<_io.BytesIO object at 0x000001DA0BC85A40>,0.5900342464447021,0.19169941544532776,0.33395349979400635,263234,28,8,False,Left,Front,Right,Centre,60
<_io.BytesIO object at 0x000001DA0BCF2360>,0.52967369556427,0.15397347509860992,0.27435576915740967,263234,28,8,False,Left,Front,Right,Centre,60
<_io.BytesIO object at 0x000001DA0BCF2810>,0.5324497818946838,0.11807747185230255,0.3009498417377472,263234,28,8,False,Left,Front,Right,Centre,60
<_io.BytesIO object at 0x000001DA0BCF26D0>,0.6187220215797424,0.1094253733754158,0.3101198077201843,263234,28,8,False,Left,Front,Right,Centre,60
<_io.BytesIO object at 0x000001DA0BCF2DB0>,0.561654806137085,0.0953177735209465,0.2794966399669647,263234,28,8,False,Left,Front,Right,Centre,60
<_io.BytesIO object at 0x000001DA0BCB2220>,0.5900342464447021,0.19169941544532776,0.33395349979400635,263235,28,8,False,Left,Front,Right,Centre,60
<_io.BytesIO object at 0x000001DA0BCB2EA0>,0.52967369556427,0.15397347509860992,0.27435576915740967,263235,28,8,False,Left,Front,Right,Centre,60
<_io.BytesIO object at 0x000001DA0BCB2CC0>,0.5324497818946838,0.11807747185230255,0.3009498417377472,263235,28,8,False,Left,Front,Right,Centre,60
<_io.BytesIO object at 0x000001DA0BCB2900>,0.6187220215797424,0.1094253733754158,0.3101198077201843,263235,28,8,False,Left,Front,Right,Centre,60
<_io.BytesIO object at 0x000001DA0BCB2860>,0.561654806137085,0.0953177735209465,0.2794966399669647,263235,28,8,False,Left,Front,Right,Centre,60
<_io.BytesIO object at 0x000001DA0BC95090>,0.5900342464447021,0.19169941544532776,0.33395349979400635,263236,28,8,False,Left,Front,Right,Centre,60
<_io.BytesIO object at 0x000001DA0BC95B80>,0.52967369556427,0.15397347509860992,0.27435576915740967,263236,28,8,False,Left,Front,Right,Centre,60
<_io.BytesIO object at 0x000001DA0BC95EA0>,0.5324497818946838,0.11807747185230255,0.3009498417377472,263236,28,8,False,Left,Front,Right,Centre,60
<_io.BytesIO object at 0x000001DA0BC95D10>,0.6187220215797424,0.1094253733754158,0.3101198077201843,263236,28,8,False,Left,Front,Right,Centre,60
<_io.BytesIO object at 0x000001DA0BC950E0>,0.561654806137085,0.0953177735209465,0.2794966399669647,263236,28,8,False,Left,Front,Right,Centre,60
<_io.BytesIO object at 0x000001DA0BCACF40>,0.5900342464447021,0.19169941544532776,0.33395349979400635,263237,28,8,False,Left,Front,Right,Centre,60
<_io.BytesIO object at 0x000001DA0EA3FC20>,0.52967369556427,0.15397347509860992,0.27435576915740967,263237,28,8,False,Left,Front,Right,Centre,60
<_io.BytesIO object at 0x000001DA0EA3F270>,0.5324497818946838,0.11807747185230255,0.3009498417377472,263237,28,8,False,Left,Front,Right,Centre,60
<_io.BytesIO object at 0x000001DA0EA3F4A0>,0.6187220215797424,0.1094253733754158,0.3101198077201843,263237,28,8,False,Left,Front,Right,Centre,60
<_io.BytesIO object at 0x000001DA0EA3F860>,0.561654806137085,0.0953177735209465,0.2794966399669647,263237,28,8,False,Left,Front,Right,Centre,60
<_io.BytesIO object at 0x000001DA0EA1BC20>,0.5900342464447021,0.19169941544532776,0.33395349979400635,263238,28,8,False,Left,Front,Right,Centre,60
<_io.BytesIO object at 0x000001DA0EA1B8B0>,0.52967369556427,0.15397347509860992,0.27435576915740967,263238,28,8,False,Left,Front,Right,Centre,60
<_io.BytesIO object at 0x000001DA0EA1BE50>,0.5324497818946838,0.11807747185230255,0.3009498417377472,263238,28,8,False,Left,Front,Right,Centre,60
<_io.BytesIO object at 0x000001DA0EA1B540>,0.6187220215797424,0.1094253733754158,0.3101198077201843,263238,28,8,False,Left,Front,Right,Centre,60
<_io.BytesIO object at 0x000001DA0EA1BBD0>,0.561654806137085,0.0953177735209465,0.2794966399669647,263238,28,8,False,Left,Front,Right,Centre,60
<_io.BytesIO object at 0x000001DA0EA177C0>,0.5900342464447021,0.19169941544532776,0.33395349979400635,263239,28,8,False,Left,Front,Right,Centre,60
<_io.BytesIO object at 0x000001DA0EA17F40>,0.52967369556427,0.15397347509860992,0.27435576915740967,263239,28,8,False,Left,Front,Right,Centre,60
<_io.BytesIO object at 0x000001DA0EA3F3B0>,0.5324497818946838,0.11807747185230255,0.3009498417377472,263239,28,8,False,Left,Front,Right,Centre,60
<_io.BytesIO object at 0x000001DA0EA3FA90>,0.6187220215797424,0.1094253733754158,0.3101198077201843,263239,28,8,False,Left,Front,Right,Centre,60
<_io.BytesIO object at 0x000001DA0EA3F720>,0.561654806137085,0.0953177735209465,0.2794966399669647,263239,28,8,False,Left,Front,Right,Centre,60
<_io.BytesIO object at 0x000001DA0BCE76D0>,0.5900342464447021,0.19169941544532776,0.33395349979400635,263240,28,8,False,Left,Front,Right,Centre,60
<_io.BytesIO object at 0x000001DA0BCE7900>,0.52967369556427,0.15397347509860992,0.27435576915740967,263240,28,8,False,Left,Front,Right,Centre,60
<_io.BytesIO object at 0x000001DA0BCE7BD0>,0.5324497818946838,0.11807747185230255,0.3009498417377472,263240,28,8,False,Left,Front,Right,Centre,60
<_io.BytesIO object at 0x000001DA7EFF58B0>,0.6187220215797424,0.1094253733754158,0.3101198077201843,263240,28,8,False,Left,Front,Right,Centre,60
<_io.BytesIO object at 0x000001DA7EFF56D0>,0.561654806137085,0.0953177735209465,0.2794966399669647,263240,28,8,False,Left,Front,Right,Centre,60
<_io.BytesIO object at 0x000001DA0BC9C680>,0.5900342464447021,0.19169941544532776,0.33395349979400635,263241,28,8,False,Left,Front,Right,Centre,60
<_io.BytesIO object at 0x000001DA0BC9C220>,0.52967369556427,0.15397347509860992,0.27435576915740967,263241,28,8,False,Left,Front,Right,Centre,60
<_io.BytesIO object at 0x000001DA0BC9CAE0>,0.5324497818946838,0.11807747185230255,0.3009498417377472,263241,28,8,False,Left,Front,Right,Centre,60
<_io.BytesIO object at 0x000001DA0BC9C450>,0.6187220215797424,0.1094253733754158,0.3101198077201843,263241,28,8,False,Left,Front,Right,Centre,60
<_io.BytesIO object at 0x000001DA0BC9C900>,0.561654806137085,0.0953177735209465,0.2794966399669647,263241,28,8,False,Left,Front,Right,Centre,60
<_io.BytesIO object at 0x000001DA0BCF2AE0>,0.5900342464447021,0.19169941544532776,0.33395349979400635,263242,28,8,False,Left,Front,Right,Centre,60
<_io.BytesIO object at 0x000001DA0BCF2810>,0.52967369556427,0.15397347509860992,0.27435576915740967,263242,28,8,False,Left,Front,Right,Centre,60
<_io.BytesIO object at 0x000001DA0BCF22C0>,0.5324497818946838,0.11807747185230255,0.3009498417377472,263242,28,8,False,Left,Front,Right,Centre,60
<_io.BytesIO object at 0x000001DA0BCBFD60>,0.6187220215797424,0.1094253733754158,0.3101198077201843,263242,28,8,False,Left,Front,Right,Centre,60
<_io.BytesIO object at 0x000001DA0BCBFC70>,0.561654806137085,0.0953177735209465,0.2794966399669647,263242,28,8,False,Left,Front,Right,Centre,60
<_io.BytesIO object at 0x000001DA0BC81540>,0.5900342464447021,0.19169941544532776,0.33395349979400635,263243,28,8,False,Left,Front,Right,Centre,60
<_io.BytesIO object at 0x000001DA0E9DF040>,0.52967369556427,0.15397347509860992,0.27435576915740967,263243,28,8,False,Left,Front,Right,Centre,60
<_io.BytesIO object at 0x000001DA0BCF2630>,0.5324497818946838,0.11807747185230255,0.3009498417377472,263243,28,8,False,Left,Front,Right,Centre,60
<_io.BytesIO object at 0x000001DA0BCF2360>,0.6187220215797424,0.1094253733754158,0.3101198077201843,263243,28,8,False,Left,Front,Right,Centre,60
<_io.BytesIO object at 0x000001DA0BCF2D60>,0.561654806137085,0.0953177735209465,0.2794966399669647,263243,28,8,False,Left,Front,Right,Centre,60
<_io.BytesIO object at 0x000001DA0BC9CEF0>,0.5900342464447021,0.19169941544532776,0.33395349979400635,263244,28,8,False,Left,Front,Right,Centre,60
<_io.BytesIO object at 0x000001DA0BC9CAE0>,0.52967369556427,0.15397347509860992,0.27435576915740967,263244,28,8,False,Left,Front,Right,Centre,60
<_io.BytesIO object at 0x000001DA0BC9CF40>,0.5324497818946838,0.11807747185230255,0.3009498417377472,263244,28,8,False,Left,Front,Right,Centre,60
<_io.BytesIO object at 0x000001DA0BC9CC70>,0.6187220215797424,0.1094253733754158,0.3101198077201843,263244,28,8,False,Left,Front,Right,Centre,60
<_io.BytesIO object at 0x000001DA0BC9C1D0>,0.561654806137085,0.0953177735209465,0.2794966399669647,263244,28,8,False,Left,Front,Right,Centre,60
<_io.BytesIO object at 0x000001DA7EFF5360>,0.5900342464447021,0.19169941544532776,0.33395349979400635,263245,28,8,False,Left,Front,Right,Centre,60
<_io.BytesIO object at 0x000001DA0BCE7450>,0.52967369556427,0.15397347509860992,0.27435576915740967,263245,28,8,False,Left,Front,Right,Centre,60
<_io.BytesIO object at 0x000001DA0BCE7270>,0.5324497818946838,0.11807747185230255,0.3009498417377472,263245,28,8,False,Left,Front,Right,Centre,60
<_io.BytesIO object at 0x000001DA0BCE7C20>,0.6187220215797424,0.1094253733754158,0.3101198077201843,263245,28,8,False,Left,Front,Right,Centre,60
<_io.BytesIO object at 0x000001DA0BCE7AE0>,0.561654806137085,0.0953177735209465,0.2794966399669647,263245,28,8,False,Left,Front,Right,Centre,60
<_io.BytesIO object at 0x000001DA0EA3F2C0>,0.5900342464447021,0.19169941544532776,0.33395349979400635,263246,28,8,False,Left,Front,Right,Centre,60
<_io.BytesIO object at 0x000001DA0EA17900>,0.52967369556427,0.15397347509860992,0.27435576915740967,263246,28,8,False,Left,Front,Right,Centre,60
<_io.BytesIO object at 0x000001DA0EA17180>,0.5324497818946838,0.11807747185230255,0.3009498417377472,263246,28,8,False,Left,Front,Right,Centre,60
<_io.BytesIO object at 0x000001DA0EA17400>,0.6187220215797424,0.1094253733754158,0.3101198077201843,263246,28,8,False,Left,Front,Right,Centre,60
<_io.BytesIO object at 0x000001DA0EA17E00>,0.561654806137085,0.0953177735209465,0.2794966399669647,263246,28,8,False,Left,Front,Right,Centre,60
<_io.BytesIO object at 0x000001DA0BC81040>,0.5900342464447021,0.19169941544532776,0.33395349979400635,263247,28,8,False,Left,Front,Right,Centre,60
<_io.BytesIO object at 0x000001DA0BC81AE0>,0.52967369556427,0.15397347509860992,0.27435576915740967,263247,28,8,False,Left,Front,Right,Centre,60
<_io.BytesIO object at 0x000001DA0BC81950>,0.5324497818946838,0.11807747185230255,0.3009498417377472,263247,28,8,False,Left,Front,Right,Centre,60
<_io.BytesIO object at 0x000001DA0BC814A0>,0.6187220215797424,0.1094253733754158,0.3101198077201843,263247,28,8,False,Left,Front,Right,Centre,60
<_io.BytesIO object at 0x000001DA0BC81630>,0.561654806137085,0.0953177735209465,0.2794966399669647,263247,28,8,False,Left,Front,Right,Centre,60
<_io.BytesIO object at 0x000001DA0BC85F40>,0.5900342464447021,0.19169941544532776,0.33395349979400635,263248,28,8,False,Left,Front,Right,Centre,60
<_io.BytesIO object at 0x000001DA0BC858B0>,0.52967369556427,0.15397347509860992,0.27435576915740967,263248,28,8,False,Left,Front,Right,Centre,60
<_io.BytesIO object at 0x000001DA0BC853B0>,0.5324497818946838,0.11807747185230255,0.3009498417377472,263248,28,8,False,Left,Front,Right,Centre,60
<_io.BytesIO object at 0x000001DA0BC85770>,0.6187220215797424,0.1094253733754158,0.3101198077201843,263248,28,8,False,Left,Front,Right,Centre,60
<_io.BytesIO object at 0x000001DA0BC85C70>,0.561654806137085,0.0953177735209465,0.2794966399669647,263248,28,8,False,Left,Front,Right,Centre,60
<_io.BytesIO object at 0x000001DA0EA1B900>,0.5900342464447021,0.19169941544532776,0.33395349979400635,263249,28,8,False,Left,Front,Right,Centre,60
<_io.BytesIO object at 0x000001DA0EA1B4F0>,0.52967369556427,0.15397347509860992,0.27435576915740967,263249,28,8,False,Left,Front,Right,Centre,60
<_io.BytesIO object at 0x000001DA0EA1B590>,0.5324497818946838,0.11807747185230255,0.3009498417377472,263249,28,8,False,Left,Front,Right,Centre,60
<_io.BytesIO object at 0x000001DA0EA1B6D0>,0.6187220215797424,0.1094253733754158,0.3101198077201843,263249,28,8,False,Left,Front,Right,Centre,60
<_io.BytesIO object at 0x000001DA0EA1B9A0>,0.561654806137085,0.0953177735209465,0.2794966399669647,263249,28,8,False,Left,Front,Right,Centre,60
<_io.BytesIO object at 0x000001DA0BCAC4F0>,0.5900342464447021,0.19169941544532776,0.33395349979400635,263250,28,8,False,Left,Front,Right,Centre,60
<_io.BytesIO object at 0x000001DA0BCAC590>,0.52967369556427,0.15397347509860992,0.27435576915740967,263250,28,8,False,Left,Front,Right,Centre,60
<_io.BytesIO object at 0x000001DA0BCAC1D0>,0.5324497818946838,0.11807747185230255,0.3009498417377472,263250,28,8,False,Left,Front,Right,Centre,60
<_io.BytesIO object at 0x000001DA0BCACC70>,0.6187220215797424,0.1094253733754158,0.3101198077201843,263250,28,8,False,Left,Front,Right,Centre,60
<_io.BytesIO object at 0x000001DA0BCACD60>,0.561654806137085,0.0953177735209465,0.2794966399669647,263250,28,8,False,Left,Front,Right,Centre,60
<_io.BytesIO object at 0x000001DA0EA1C810>,0.5900342464447021,0.19169941544532776,0.33395349979400635,263251,28,8,False,Left,Front,Right,Centre,60
<_io.BytesIO object at 0x000001DA0EA1C400>,0.52967369556427,0.15397347509860992,0.27435576915740967,263251,28,8,False,Left,Front,Right,Centre,60
<_io.BytesIO object at 0x000001DA0EA1C270>,0.5324497818946838,0.11807747185230255,0.3009498417377472,263251,28,8,False,Left,Front,Right,Centre,60
<_io.BytesIO object at 0x000001DA0EA1C220>,0.6187220215797424,0.1094253733754158,0.3101198077201843,263251,28,8,False,Left,Front,Right,Centre,60
<_io.BytesIO object at 0x000001DA0EA1C590>,0.561654806137085,0.0953177735209465,0.2794966399669647,263251,28,8,False,Left,Front,Right,Centre,60
<_io.BytesIO object at 0x000001DA0BC80590>,0.5900342464447021,0.19169941544532776,0.33395349979400635,263252,28,8,False,Left,Front,Right,Centre,60
<_io.BytesIO object at 0x000001DA0BC80DB0>,0.52967369556427,0.15397347509860992,0.27435576915740967,263252,28,8,False,Left,Front,Right,Centre,60
<_io.BytesIO object at 0x000001DA0BC803B0>,0.5324497818946838,0.11807747185230255,0.3009498417377472,263252,28,8,False,Left,Front,Right,Centre,60
<_io.BytesIO object at 0x000001DA0BC808B0>,0.6187220215797424,0.1094253733754158,0.3101198077201843,263252,28,8,False,Left,Front,Right,Centre,60
<_io.BytesIO object at 0x000001DA0BC80E00>,0.561654806137085,0.0953177735209465,0.2794966399669647,263252,28,8,False,Left,Front,Right,Centre,60
<_io.BytesIO object at 0x000001DA0BC9C810>,0.5900342464447021,0.19169941544532776,0.33395349979400635,263253,28,8,False,Left,Front,Right,Centre,60
<_io.BytesIO object at 0x000001DA0BC9C450>,0.52967369556427,0.15397347509860992,0.27435576915740967,263253,28,8,False,Left,Front,Right,Centre,60
<_io.BytesIO object at 0x000001DA0BC9CD10>,0.5324497818946838,0.11807747185230255,0.3009498417377472,263253,28,8,False,Left,Front,Right,Centre,60
<_io.BytesIO object at 0x000001DA0BC9CF90>,0.6187220215797424,0.1094253733754158,0.3101198077201843,263253,28,8,False,Left,Front,Right,Centre,60
<_io.BytesIO object at 0x000001DA0BC9C7C0>,0.561654806137085,0.0953177735209465,0.2794966399669647,263253,28,8,False,Left,Front,Right,Centre,60
<_io.BytesIO object at 0x000001DA0BCE77C0>,0.5900342464447021,0.19169941544532776,0.33395349979400635,263254,28,8,False,Left,Front,Right,Centre,60
<_io.BytesIO object at 0x000001DA0BCACCC0>,0.52967369556427,0.15397347509860992,0.27435576915740967,263254,28,8,False,Left,Front,Right,Centre,60
<_io.BytesIO object at 0x000001DA0BCACB30>,0.5324497818946838,0.11807747185230255,0.3009498417377472,263254,28,8,False,Left,Front,Right,Centre,60
<_io.BytesIO object at 0x000001DA0BCAC860>,0.6187220215797424,0.1094253733754158,0.3101198077201843,263254,28,8,False,Left,Front,Right,Centre,60
<_io.BytesIO object at 0x000001DA0BCAC6D0>,0.561654806137085,0.0953177735209465,0.2794966399669647,263254,28,8,False,Left,Front,Right,Centre,60
<_io.BytesIO object at 0x000001DA0EA1BE00>,0.5900342464447021,0.19169941544532776,0.33395349979400635,263255,28,8,False,Left,Front,Right,Centre,60
<_io.BytesIO object at 0x000001DA0EA1B130>,0.52967369556427,0.15397347509860992,0.27435576915740967,263255,28,8,False,Left,Front,Right,Centre,60
<_io.BytesIO object at 0x000001DA0EA1B6D0>,0.5324497818946838,0.11807747185230255,0.3009498417377472,263255,28,8,False,Left,Front,Right,Centre,60
<_io.BytesIO object at 0x000001DA0EA1BF40>,0.6187220215797424,0.1094253733754158,0.3101198077201843,263255,28,8,False,Left,Front,Right,Centre,60
<_io.BytesIO object at 0x000001DA0EA1B770>,0.561654806137085,0.0953177735209465,0.2794966399669647,263255,28,8,False,Left,Front,Right,Centre,60
<_io.BytesIO object at 0x000001DA0BC85D10>,0.5900342464447021,0.19169941544532776,0.33395349979400635,263256,28,8,False,Left,Front,Right,Centre,60
<_io.BytesIO object at 0x000001DA0BC85220>,0.52967369556427,0.15397347509860992,0.27435576915740967,263256,28,8,False,Left,Front,Right,Centre,60
<_io.BytesIO object at 0x000001DA0BC85770>,0.5324497818946838,0.11807747185230255,0.3009498417377472,263256,28,8,False,Left,Front,Right,Centre,60
<_io.BytesIO object at 0x000001DA0BC85EA0>,0.6187220215797424,0.1094253733754158,0.3101198077201843,263256,28,8,False,Left,Front,Right,Centre,60
<_io.BytesIO object at 0x000001DA0BC85EF0>,0.561654806137085,0.0953177735209465,0.2794966399669647,263256,28,8,False,Left,Front,Right,Centre,60
<_io.BytesIO object at 0x000001DA0BCF28B0>,0.5900342464447021,0.19169941544532776,0.33395349979400635,263257,28,8,False,Left,Front,Right,Centre,60
<_io.BytesIO object at 0x000001DA0BCF2A40>,0.52967369556427,0.15397347509860992,0.27435576915740967,263257,28,8,False,Left,Front,Right,Centre,60
<_io.BytesIO object at 0x000001DA0BC9AB30>,0.5324497818946838,0.11807747185230255,0.3009498417377472,263257,28,8,False,Left,Front,Right,Centre,60
<_io.BytesIO object at 0x000001DA0BC9AEA0>,0.6187220215797424,0.1094253733754158,0.3101198077201843,263257,28,8,False,Left,Front,Right,Centre,60
<_io.BytesIO object at 0x000001DA0BC9ADB0>,0.561654806137085,0.0953177735209465,0.2794966399669647,263257,28,8,False,Left,Front,Right,Centre,60
<_io.BytesIO object at 0x000001DA0BC81C20>,0.5900342464447021,0.19169941544532776,0.33395349979400635,263258,28,8,False,Left,Front,Right,Centre,60
<_io.BytesIO object at 0x000001DA0BC81720>,0.52967369556427,0.15397347509860992,0.27435576915740967,263258,28,8,False,Left,Front,Right,Centre,60
<_io.BytesIO object at 0x000001DA0BC81950>,0.5324497818946838,0.11807747185230255,0.3009498417377472,263258,28,8,False,Left,Front,Right,Centre,60
<_io.BytesIO object at 0x000001DA0BC81D60>,0.6187220215797424,0.1094253733754158,0.3101198077201843,263258,28,8,False,Left,Front,Right,Centre,60
<_io.BytesIO object at 0x000001DA0BC81EA0>,0.561654806137085,0.0953177735209465,0.2794966399669647,263258,28,8,False,Left,Front,Right,Centre,60
<_io.BytesIO object at 0x000001DA0BCACEA0>,0.5900342464447021,0.19169941544532776,0.33395349979400635,263259,28,8,False,Left,Front,Right,Centre,60
<_io.BytesIO object at 0x000001DA0BCAC590>,0.52967369556427,0.15397347509860992,0.27435576915740967,263259,28,8,False,Left,Front,Right,Centre,60
<_io.BytesIO object at 0x000001DA0BCAC130>,0.5324497818946838,0.11807747185230255,0.3009498417377472,263259,28,8,False,Left,Front,Right,Centre,60
<_io.BytesIO object at 0x000001DA0BCACD60>,0.6187220215797424,0.1094253733754158,0.3101198077201843,263259,28,8,False,Left,Front,Right,Centre,60
<_io.BytesIO object at 0x000001DA0BCAC810>,0.561654806137085,0.0953177735209465,0.2794966399669647,263259,28,8,False,Left,Front,Right,Centre,60
<_io.BytesIO object at 0x000001DA0BC9C1D0>,0.5900342464447021,0.19169941544532776,0.33395349979400635,263260,28,8,False,Left,Front,Right,Centre,60
<_io.BytesIO object at 0x000001DA0BC9C630>,0.52967369556427,0.15397347509860992,0.27435576915740967,263260,28,8,False,Left,Front,Right,Centre,60
<_io.BytesIO object at 0x000001DA0BC9CAE0>,0.5324497818946838,0.11807747185230255,0.3009498417377472,263260,28,8,False,Left,Front,Right,Centre,60
<_io.BytesIO object at 0x000001DA0BC9C090>,0.6187220215797424,0.1094253733754158,0.3101198077201843,263260,28,8,False,Left,Front,Right,Centre,60
<_io.BytesIO object at 0x000001DA0BC9C270>,0.561654806137085,0.0953177735209465,0.2794966399669647,263260,28,8,False,Left,Front,Right,Centre,60
<_io.BytesIO object at 0x000001DA0BCB2900>,0.5900342464447021,0.19169941544532776,0.33395349979400635,263261,28,8,False,Left,Front,Right,Centre,60
<_io.BytesIO object at 0x000001DA0BCB2F40>,0.52967369556427,0.15397347509860992,0.27435576915740967,263261,28,8,False,Left,Front,Right,Centre,60
<_io.BytesIO object at 0x000001DA0BCB24F0>,0.5324497818946838,0.11807747185230255,0.3009498417377472,263261,28,8,False,Left,Front,Right,Centre,60
<_io.BytesIO object at 0x000001DA0BCB2BD0>,0.6187220215797424,0.1094253733754158,0.3101198077201843,263261,28,8,False,Left,Front,Right,Centre,60
<_io.BytesIO object at 0x000001DA0BCB29A0>,0.561654806137085,0.0953177735209465,0.2794966399669647,263261,28,8,False,Left,Front,Right,Centre,60
<_io.BytesIO object at 0x000001DA0BC80810>,0.5900342464447021,0.19169941544532776,0.33395349979400635,263262,28,8,False,Left,Front,Right,Centre,60
<_io.BytesIO object at 0x000001DA0BC80F90>,0.52967369556427,0.15397347509860992,0.27435576915740967,263262,28,8,False,Left,Front,Right,Centre,60
<_io.BytesIO object at 0x000001DA0BC80900>,0.5324497818946838,0.11807747185230255,0.3009498417377472,263262,28,8,False,Left,Front,Right,Centre,60
<_io.BytesIO object at 0x000001DA0BC80CC0>,0.6187220215797424,0.1094253733754158,0.3101198077201843,263262,28,8,False,Left,Front,Right,Centre,60
<_io.BytesIO object at 0x000001DA0BC80A90>,0.561654806137085,0.0953177735209465,0.2794966399669647,263262,28,8,False,Left,Front,Right,Centre,60
<_io.BytesIO object at 0x000001DA0EA3F310>,0.5900342464447021,0.19169941544532776,0.33395349979400635,263263,28,8,False,Left,Front,Right,Centre,60
<_io.BytesIO object at 0x000001DA0EA3F810>,0.52967369556427,0.15397347509860992,0.27435576915740967,263263,28,8,False,Left,Front,Right,Centre,60
<_io.BytesIO object at 0x000001DA0EA3FF90>,0.5324497818946838,0.11807747185230255,0.3009498417377472,263263,28,8,False,Left,Front,Right,Centre,60
<_io.BytesIO object at 0x000001DA0EA3F090>,0.6187220215797424,0.1094253733754158,0.3101198077201843,263263,28,8,False,Left,Front,Right,Centre,60
<_io.BytesIO object at 0x000001DA0EA3FA90>,0.561654806137085,0.0953177735209465,0.2794966399669647,263263,28,8,False,Left,Front,Right,Centre,60
<_io.BytesIO object at 0x000001DA0BCE7450>,0.5900342464447021,0.19169941544532776,0.33395349979400635,263264,28,8,False,Left,Front,Right,Centre,60
<_io.BytesIO object at 0x000001DA0BCE7A90>,0.52967369556427,0.15397347509860992,0.27435576915740967,263264,28,8,False,Left,Front,Right,Centre,60
<_io.BytesIO object at 0x000001DA0BCE7AE0>,0.5324497818946838,0.11807747185230255,0.3009498417377472,263264,28,8,False,Left,Front,Right,Centre,60
<_io.BytesIO object at 0x000001DA0BCE74F0>,0.6187220215797424,0.1094253733754158,0.3101198077201843,263264,28,8,False,Left,Front,Right,Centre,60
<_io.BytesIO object at 0x000001DA0BCE7180>,0.561654806137085,0.0953177735209465,0.2794966399669647,263264,28,8,False,Left,Front,Right,Centre,60
<_io.BytesIO object at 0x000001DA0BCBF5E0>,0.5900342464447021,0.19169941544532776,0.33395349979400635,263265,28,8,False,Left,Front,Right,Centre,60
<_io.BytesIO object at 0x000001DA0BCBF4F0>,0.52967369556427,0.15397347509860992,0.27435576915740967,263265,28,8,False,Left,Front,Right,Centre,60
<_io.BytesIO object at 0x000001DA0BCBFA40>,0.5324497818946838,0.11807747185230255,0.3009498417377472,263265,28,8,False,Left,Front,Right,Centre,60
<_io.BytesIO object at 0x000001DA0BCBF770>,0.6187220215797424,0.1094253733754158,0.3101198077201843,263265,28,8,False,Left,Front,Right,Centre,60
<_io.BytesIO object at 0x000001DA0BCBF270>,0.561654806137085,0.0953177735209465,0.2794966399669647,263265,28,8,False,Left,Front,Right,Centre,60
<_io.BytesIO object at 0x000001DA0BC951D0>,0.5900342464447021,0.19169941544532776,0.33395349979400635,263266,28,8,False,Left,Front,Right,Centre,60
<_io.BytesIO object at 0x000001DA0BC95EA0>,0.52967369556427,0.15397347509860992,0.27435576915740967,263266,28,8,False,Left,Front,Right,Centre,60
<_io.BytesIO object at 0x000001DA0BC95AE0>,0.5324497818946838,0.11807747185230255,0.3009498417377472,263266,28,8,False,Left,Front,Right,Centre,60
<_io.BytesIO object at 0x000001DA0BC95720>,0.6187220215797424,0.1094253733754158,0.3101198077201843,263266,28,8,False,Left,Front,Right,Centre,60
<_io.BytesIO object at 0x000001DA0BC9A2C0>,0.561654806137085,0.0953177735209465,0.2794966399669647,263266,28,8,False,Left,Front,Right,Centre,60
<_io.BytesIO object at 0x000001DA0BC811D0>,0.5900342464447021,0.19169941544532776,0.33395349979400635,263267,28,8,False,Left,Front,Right,Centre,60
<_io.BytesIO object at 0x000001DA0BCBFBD0>,0.52967369556427,0.15397347509860992,0.27435576915740967,263267,28,8,False,Left,Front,Right,Centre,60
<_io.BytesIO object at 0x000001DA0BCBF1D0>,0.5324497818946838,0.11807747185230255,0.3009498417377472,263267,28,8,False,Left,Front,Right,Centre,60
<_io.BytesIO object at 0x000001DA0BCBF180>,0.6187220215797424,0.1094253733754158,0.3101198077201843,263267,28,8,False,Left,Front,Right,Centre,60
<_io.BytesIO object at 0x000001DA0BCBF770>,0.561654806137085,0.0953177735209465,0.2794966399669647,263267,28,8,False,Left,Front,Right,Centre,60
<_io.BytesIO object at 0x000001DA0BCE7A40>,0.5900342464447021,0.19169941544532776,0.33395349979400635,263268,28,8,False,Left,Front,Right,Centre,60
<_io.BytesIO object at 0x000001DA0BCE7040>,0.52967369556427,0.15397347509860992,0.27435576915740967,263268,28,8,False,Left,Front,Right,Centre,60
<_io.BytesIO object at 0x000001DA0BCE7D60>,0.5324497818946838,0.11807747185230255,0.3009498417377472,263268,28,8,False,Left,Front,Right,Centre,60
<_io.BytesIO object at 0x000001DA0BCE7400>,0.6187220215797424,0.1094253733754158,0.3101198077201843,263268,28,8,False,Left,Front,Right,Centre,60
<_io.BytesIO object at 0x000001DA0BCE7A90>,0.561654806137085,0.0953177735209465,0.2794966399669647,263268,28,8,False,Left,Front,Right,Centre,60
<_io.BytesIO object at 0x000001DA0EA3FBD0>,0.5900342464447021,0.19169941544532776,0.33395349979400635,263269,28,8,False,Left,Front,Right,Centre,60
<_io.BytesIO object at 0x000001DA0EA3F270>,0.52967369556427,0.15397347509860992,0.27435576915740967,263269,28,8,False,Left,Front,Right,Centre,60
<_io.BytesIO object at 0x000001DA0EA3F2C0>,0.5324497818946838,0.11807747185230255,0.3009498417377472,263269,28,8,False,Left,Front,Right,Centre,60
<_io.BytesIO object at 0x000001DA0EA3FEF0>,0.6187220215797424,0.1094253733754158,0.3101198077201843,263269,28,8,False,Left,Front,Right,Centre,60
<_io.BytesIO object at 0x000001DA0EA3F8B0>,0.561654806137085,0.0953177735209465,0.2794966399669647,263269,28,8,False,Left,Front,Right,Centre,60
<_io.BytesIO object at 0x000001DA0BC80DB0>,0.5900342464447021,0.19169941544532776,0.33395349979400635,263270,28,8,False,Left,Front,Right,Centre,60
<_io.BytesIO object at 0x000001DA0EA178B0>,0.52967369556427,0.15397347509860992,0.27435576915740967,263270,28,8,False,Left,Front,Right,Centre,60
<_io.BytesIO object at 0x000001DA0EA17950>,0.5324497818946838,0.11807747185230255,0.3009498417377472,263270,28,8,False,Left,Front,Right,Centre,60
<_io.BytesIO object at 0x000001DA0EA179A0>,0.6187220215797424,0.1094253733754158,0.3101198077201843,263270,28,8,False,Left,Front,Right,Centre,60
<_io.BytesIO object at 0x000001DA0EA17400>,0.561654806137085,0.0953177735209465,0.2794966399669647,263270,28,8,False,Left,Front,Right,Centre,60
<_io.BytesIO object at 0x000001DA0BCF2180>,0.5900342464447021,0.19169941544532776,0.33395349979400635,263271,28,8,False,Left,Front,Right,Centre,60
<_io.BytesIO object at 0x000001DA0BCF2D60>,0.52967369556427,0.15397347509860992,0.27435576915740967,263271,28,8,False,Left,Front,Right,Centre,60
<_io.BytesIO object at 0x000001DA0BCF2540>,0.5324497818946838,0.11807747185230255,0.3009498417377472,263271,28,8,False,Left,Front,Right,Centre,60
<_io.BytesIO object at 0x000001DA0BCF2450>,0.6187220215797424,0.1094253733754158,0.3101198077201843,263271,28,8,False,Left,Front,Right,Centre,60
<_io.BytesIO object at 0x000001DA0BCF23B0>,0.561654806137085,0.0953177735209465,0.2794966399669647,263271,28,8,False,Left,Front,Right,Centre,60
<_io.BytesIO object at 0x000001DA0BCB2F40>,0.5900342464447021,0.19169941544532776,0.33395349979400635,263272,28,8,False,Left,Front,Right,Centre,60
<_io.BytesIO object at 0x000001DA0BCB27C0>,0.52967369556427,0.15397347509860992,0.27435576915740967,263272,28,8,False,Left,Front,Right,Centre,60
<_io.BytesIO object at 0x000001DA0BCB2EA0>,0.5324497818946838,0.11807747185230255,0.3009498417377472,263272,28,8,False,Left,Front,Right,Centre,60
<_io.BytesIO object at 0x000001DA0BCB2900>,0.6187220215797424,0.1094253733754158,0.3101198077201843,263272,28,8,False,Left,Front,Right,Centre,60
<_io.BytesIO object at 0x000001DA0EA3F180>,0.561654806137085,0.0953177735209465,0.2794966399669647,263272,28,8,False,Left,Front,Right,Centre,60
<_io.BytesIO object at 0x000001DA0EA1C590>,0.5900342464447021,0.19169941544532776,0.33395349979400635,263273,28,8,False,Left,Front,Right,Centre,60
<_io.BytesIO object at 0x000001DA0EA1C7C0>,0.52967369556427,0.15397347509860992,0.27435576915740967,263273,28,8,False,Left,Front,Right,Centre,60
<_io.BytesIO object at 0x000001DA0EA1CCC0>,0.5324497818946838,0.11807747185230255,0.3009498417377472,263273,28,8,False,Left,Front,Right,Centre,60
<_io.BytesIO object at 0x000001DA0EA1CC20>,0.6187220215797424,0.1094253733754158,0.3101198077201843,263273,28,8,False,Left,Front,Right,Centre,60
<_io.BytesIO object at 0x000001DA7EFF58B0>,0.561654806137085,0.0953177735209465,0.2794966399669647,263273,28,8,False,Left,Front,Right,Centre,60
<_io.BytesIO object at 0x000001DA0EA1BE00>,0.5900342464447021,0.19169941544532776,0.33395349979400635,263274,28,8,False,Left,Front,Right,Centre,60
<_io.BytesIO object at 0x000001DA0EA1B950>,0.52967369556427,0.15397347509860992,0.27435576915740967,263274,28,8,False,Left,Front,Right,Centre,60
<_io.BytesIO object at 0x000001DA0EA1B900>,0.5324497818946838,0.11807747185230255,0.3009498417377472,263274,28,8,False,Left,Front,Right,Centre,60
<_io.BytesIO object at 0x000001DA0EA1B270>,0.6187220215797424,0.1094253733754158,0.3101198077201843,263274,28,8,False,Left,Front,Right,Centre,60
<_io.BytesIO object at 0x000001DA0EA1B680>,0.561654806137085,0.0953177735209465,0.2794966399669647,263274,28,8,False,Left,Front,Right,Centre,60
<_io.BytesIO object at 0x000001DA0BC85040>,0.5900342464447021,0.19169941544532776,0.33395349979400635,263275,28,8,False,Left,Front,Right,Centre,60
<_io.BytesIO object at 0x000001DA0BC85A90>,0.52967369556427,0.15397347509860992,0.27435576915740967,263275,28,8,False,Left,Front,Right,Centre,60
<_io.BytesIO object at 0x000001DA0BC85EF0>,0.5324497818946838,0.11807747185230255,0.3009498417377472,263275,28,8,False,Left,Front,Right,Centre,60
<_io.BytesIO object at 0x000001DA0BC85900>,0.6187220215797424,0.1094253733754158,0.3101198077201843,263275,28,8,False,Left,Front,Right,Centre,60
<_io.BytesIO object at 0x000001DA0BC95F90>,0.561654806137085,0.0953177735209465,0.2794966399669647,263275,28,8,False,Left,Front,Right,Centre,60
<_io.BytesIO object at 0x000001DA0BCBF4F0>,0.5900342464447021,0.19169941544532776,0.33395349979400635,263276,28,8,False,Left,Front,Right,Centre,60
<_io.BytesIO object at 0x000001DA0BCBFF90>,0.52967369556427,0.15397347509860992,0.27435576915740967,263276,28,8,False,Left,Front,Right,Centre,60
<_io.BytesIO object at 0x000001DA0BCBF7C0>,0.5324497818946838,0.11807747185230255,0.3009498417377472,263276,28,8,False,Left,Front,Right,Centre,60
<_io.BytesIO object at 0x000001DA0BCBFC20>,0.6187220215797424,0.1094253733754158,0.3101198077201843,263276,28,8,False,Left,Front,Right,Centre,60
<_io.BytesIO object at 0x000001DA0BCBF450>,0.561654806137085,0.0953177735209465,0.2794966399669647,263276,28,8,False,Left,Front,Right,Centre,60
<_io.BytesIO object at 0x000001DA7EFF5180>,0.5900342464447021,0.19169941544532776,0.33395349979400635,263277,28,8,False,Left,Front,Right,Centre,60
<_io.BytesIO object at 0x000001DA0EA1C630>,0.52967369556427,0.15397347509860992,0.27435576915740967,263277,28,8,False,Left,Front,Right,Centre,60
<_io.BytesIO object at 0x000001DA0EA1C860>,0.5324497818946838,0.11807747185230255,0.3009498417377472,263277,28,8,False,Left,Front,Right,Centre,60
<_io.BytesIO object at 0x000001DA0EA1C590>,0.6187220215797424,0.1094253733754158,0.3101198077201843,263277,28,8,False,Left,Front,Right,Centre,60
<_io.BytesIO object at 0x000001DA0EA1C3B0>,0.561654806137085,0.0953177735209465,0.2794966399669647,263277,28,8,False,Left,Front,Right,Centre,60
<_io.BytesIO object at 0x000001DA0BCB2630>,0.5900342464447021,0.19169941544532776,0.33395349979400635,263278,28,8,False,Left,Front,Right,Centre,60
<_io.BytesIO object at 0x000001DA0BCB2040>,0.52967369556427,0.15397347509860992,0.27435576915740967,263278,28,8,False,Left,Front,Right,Centre,60
<_io.BytesIO object at 0x000001DA0BCB2810>,0.5324497818946838,0.11807747185230255,0.3009498417377472,263278,28,8,False,Left,Front,Right,Centre,60
<_io.BytesIO object at 0x000001DA0BCB2F40>,0.6187220215797424,0.1094253733754158,0.3101198077201843,263278,28,8,False,Left,Front,Right,Centre,60
<_io.BytesIO object at 0x000001DA0BCB2E00>,0.561654806137085,0.0953177735209465,0.2794966399669647,263278,28,8,False,Left,Front,Right,Centre,60
<_io.BytesIO object at 0x000001DA0BCF2E50>,0.5900342464447021,0.19169941544532776,0.33395349979400635,263279,28,8,False,Left,Front,Right,Centre,60
<_io.BytesIO object at 0x000001DA0BCF28B0>,0.52967369556427,0.15397347509860992,0.27435576915740967,263279,28,8,False,Left,Front,Right,Centre,60
<_io.BytesIO object at 0x000001DA0BCF2D60>,0.5324497818946838,0.11807747185230255,0.3009498417377472,263279,28,8,False,Left,Front,Right,Centre,60
<_io.BytesIO object at 0x000001DA0BCF29A0>,0.6187220215797424,0.1094253733754158,0.3101198077201843,263279,28,8,False,Left,Front,Right,Centre,60
<_io.BytesIO object at 0x000001DA0EA1BAE0>,0.561654806137085,0.0953177735209465,0.2794966399669647,263279,28,8,False,Left,Front,Right,Centre,60
<_io.BytesIO object at 0x000001DA0BC95AE0>,0.5900342464447021,0.19169941544532776,0.33395349979400635,263280,28,8,False,Left,Front,Right,Centre,60
<_io.BytesIO object at 0x000001DA0E9DF360>,0.52967369556427,0.15397347509860992,0.27435576915740967,263280,28,8,False,Left,Front,Right,Centre,60
<_io.BytesIO object at 0x000001DA0BC9AF40>,0.5324497818946838,0.11807747185230255,0.3009498417377472,263280,28,8,False,Left,Front,Right,Centre,60
<_io.BytesIO object at 0x000001DA0BC9A040>,0.6187220215797424,0.1094253733754158,0.3101198077201843,263280,28,8,False,Left,Front,Right,Centre,60
<_io.BytesIO object at 0x000001DA0BC9A720>,0.561654806137085,0.0953177735209465,0.2794966399669647,263280,28,8,False,Left,Front,Right,Centre,60
<_io.BytesIO object at 0x000001DA0EA17AE0>,0.5900342464447021,0.19169941544532776,0.33395349979400635,263281,28,8,False,Left,Front,Right,Centre,60
<_io.BytesIO object at 0x000001DA0BC809F0>,0.52967369556427,0.15397347509860992,0.27435576915740967,263281,28,8,False,Left,Front,Right,Centre,60
<_io.BytesIO object at 0x000001DA0BC80DB0>,0.5324497818946838,0.11807747185230255,0.3009498417377472,263281,28,8,False,Left,Front,Right,Centre,60
<_io.BytesIO object at 0x000001DA0BC80810>,0.6187220215797424,0.1094253733754158,0.3101198077201843,263281,28,8,False,Left,Front,Right,Centre,60
<_io.BytesIO object at 0x000001DA0BC80F90>,0.561654806137085,0.0953177735209465,0.2794966399669647,263281,28,8,False,Left,Front,Right,Centre,60
<_io.BytesIO object at 0x000001DA0EA3F270>,0.5900342464447021,0.19169941544532776,0.33395349979400635,263282,28,8,False,Left,Front,Right,Centre,60
<_io.BytesIO object at 0x000001DA0BC9CEF0>,0.52967369556427,0.15397347509860992,0.27435576915740967,263282,28,8,False,Left,Front,Right,Centre,60
<_io.BytesIO object at 0x000001DA0BC9C400>,0.5324497818946838,0.11807747185230255,0.3009498417377472,263282,28,8,False,Left,Front,Right,Centre,60
<_io.BytesIO object at 0x000001DA0BC9CC70>,0.6187220215797424,0.1094253733754158,0.3101198077201843,263282,28,8,False,Left,Front,Right,Centre,60
<_io.BytesIO object at 0x000001DA0BC9C220>,0.561654806137085,0.0953177735209465,0.2794966399669647,263282,28,8,False,Left,Front,Right,Centre,60
<_io.BytesIO object at 0x000001DA0BCE72C0>,0.5900342464447021,0.19169941544532776,0.33395349979400635,263283,28,8,False,Left,Front,Right,Centre,60
<_io.BytesIO object at 0x000001DA0BCACB80>,0.52967369556427,0.15397347509860992,0.27435576915740967,263283,28,8,False,Left,Front,Right,Centre,60
<_io.BytesIO object at 0x000001DA0BCAC6D0>,0.5324497818946838,0.11807747185230255,0.3009498417377472,263283,28,8,False,Left,Front,Right,Centre,60
<_io.BytesIO object at 0x000001DA0BCAC590>,0.6187220215797424,0.1094253733754158,0.3101198077201843,263283,28,8,False,Left,Front,Right,Centre,60
<_io.BytesIO object at 0x000001DA0BCAC3B0>,0.561654806137085,0.0953177735209465,0.2794966399669647,263283,28,8,False,Left,Front,Right,Centre,60
<_io.BytesIO object at 0x000001DA0BC85EA0>,0.5900342464447021,0.19169941544532776,0.33395349979400635,263284,28,8,False,Left,Front,Right,Centre,60
<_io.BytesIO object at 0x000001DA0BC858B0>,0.52967369556427,0.15397347509860992,0.27435576915740967,263284,28,8,False,Left,Front,Right,Centre,60
<_io.BytesIO object at 0x000001DA0BC85CC0>,0.5324497818946838,0.11807747185230255,0.3009498417377472,263284,28,8,False,Left,Front,Right,Centre,60
<_io.BytesIO object at 0x000001DA0BC857C0>,0.6187220215797424,0.1094253733754158,0.3101198077201843,263284,28,8,False,Left,Front,Right,Centre,60
<_io.BytesIO object at 0x000001DA0BC85310>,0.561654806137085,0.0953177735209465,0.2794966399669647,263284,28,8,False,Left,Front,Right,Centre,60
<_io.BytesIO object at 0x000001DA0BC85AE0>,0.5900342464447021,0.19169941544532776,0.33395349979400635,263285,28,8,False,Left,Front,Right,Centre,60
<_io.BytesIO object at 0x000001DA0BC85180>,0.52967369556427,0.15397347509860992,0.27435576915740967,263285,28,8,False,Left,Front,Right,Centre,60
<_io.BytesIO object at 0x000001DA0BC85810>,0.5324497818946838,0.11807747185230255,0.3009498417377472,263285,28,8,False,Left,Front,Right,Centre,60
<_io.BytesIO object at 0x000001DA0BC85090>,0.6187220215797424,0.1094253733754158,0.3101198077201843,263285,28,8,False,Left,Front,Right,Centre,60
<_io.BytesIO object at 0x000001DA0BC85400>,0.561654806137085,0.0953177735209465,0.2794966399669647,263285,28,8,False,Left,Front,Right,Centre,60
<_io.BytesIO object at 0x000001DA0BCE7310>,0.5900342464447021,0.19169941544532776,0.33395349979400635,263286,28,8,False,Left,Front,Right,Centre,60
<_io.BytesIO object at 0x000001DA0BCE7040>,0.52967369556427,0.15397347509860992,0.27435576915740967,263286,28,8,False,Left,Front,Right,Centre,60
<_io.BytesIO object at 0x000001DA0BCE74A0>,0.5324497818946838,0.11807747185230255,0.3009498417377472,263286,28,8,False,Left,Front,Right,Centre,60
<_io.BytesIO object at 0x000001DA0BCE7270>,0.6187220215797424,0.1094253733754158,0.3101198077201843,263286,28,8,False,Left,Front,Right,Centre,60
<_io.BytesIO object at 0x000001DA0BCE75E0>,0.561654806137085,0.0953177735209465,0.2794966399669647,263286,28,8,False,Left,Front,Right,Centre,60
<_io.BytesIO object at 0x000001DA0EA3F950>,0.5900342464447021,0.19169941544532776,0.33395349979400635,263287,28,8,False,Left,Front,Right,Centre,60
<_io.BytesIO object at 0x000001DA0EA3F860>,0.52967369556427,0.15397347509860992,0.27435576915740967,263287,28,8,False,Left,Front,Right,Centre,60
<_io.BytesIO object at 0x000001DA0EA3F540>,0.5324497818946838,0.11807747185230255,0.3009498417377472,263287,28,8,False,Left,Front,Right,Centre,60
<_io.BytesIO object at 0x000001DA0EA3F3B0>,0.6187220215797424,0.1094253733754158,0.3101198077201843,263287,28,8,False,Left,Front,Right,Centre,60
<_io.BytesIO object at 0x000001DA0EA3FC70>,0.561654806137085,0.0953177735209465,0.2794966399669647,263287,28,8,False,Left,Front,Right,Centre,60
<_io.BytesIO object at 0x000001DA0BCAC680>,0.5900342464447021,0.19169941544532776,0.33395349979400635,263288,28,8,False,Left,Front,Right,Centre,60
<_io.BytesIO object at 0x000001DA0BCAC8B0>,0.52967369556427,0.15397347509860992,0.27435576915740967,263288,28,8,False,Left,Front,Right,Centre,60
<_io.BytesIO object at 0x000001DA0BCACD10>,0.5324497818946838,0.11807747185230255,0.3009498417377472,263288,28,8,False,Left,Front,Right,Centre,60
<_io.BytesIO object at 0x000001DA0BCAC900>,0.6187220215797424,0.1094253733754158,0.3101198077201843,263288,28,8,False,Left,Front,Right,Centre,60
<_io.BytesIO object at 0x000001DA0BCAC040>,0.561654806137085,0.0953177735209465,0.2794966399669647,263288,28,8,False,Left,Front,Right,Centre,60
<_io.BytesIO object at 0x000001DA0EA1BBD0>,0.5900342464447021,0.19169941544532776,0.33395349979400635,263289,28,8,False,Left,Front,Right,Centre,60
<_io.BytesIO object at 0x000001DA0BC9A540>,0.52967369556427,0.15397347509860992,0.27435576915740967,263289,28,8,False,Left,Front,Right,Centre,60
<_io.BytesIO object at 0x000001DA0BC9A4A0>,0.5324497818946838,0.11807747185230255,0.3009498417377472,263289,28,8,False,Left,Front,Right,Centre,60
<_io.BytesIO object at 0x000001DA0BC9AEA0>,0.6187220215797424,0.1094253733754158,0.3101198077201843,263289,28,8,False,Left,Front,Right,Centre,60
<_io.BytesIO object at 0x000001DA0BC9A720>,0.561654806137085,0.0953177735209465,0.2794966399669647,263289,28,8,False,Left,Front,Right,Centre,60
<_io.BytesIO object at 0x000001DA0BCACA90>,0.5900342464447021,0.19169941544532776,0.33395349979400635,263290,28,8,False,Left,Front,Right,Centre,60
<_io.BytesIO object at 0x000001DA0BCAC770>,0.52967369556427,0.15397347509860992,0.27435576915740967,263290,28,8,False,Left,Front,Right,Centre,60
<_io.BytesIO object at 0x000001DA0BCAC5E0>,0.5324497818946838,0.11807747185230255,0.3009498417377472,263290,28,8,False,Left,Front,Right,Centre,60
<_io.BytesIO object at 0x000001DA0BCAC270>,0.6187220215797424,0.1094253733754158,0.3101198077201843,263290,28,8,False,Left,Front,Right,Centre,60
<_io.BytesIO object at 0x000001DA0BCACDB0>,0.561654806137085,0.0953177735209465,0.2794966399669647,263290,28,8,False,Left,Front,Right,Centre,60
<_io.BytesIO object at 0x000001DA0BC9C450>,0.5900342464447021,0.19169941544532776,0.33395349979400635,263291,28,8,False,Left,Front,Right,Centre,60
<_io.BytesIO object at 0x000001DA0BC9C540>,0.52967369556427,0.15397347509860992,0.27435576915740967,263291,28,8,False,Left,Front,Right,Centre,60
<_io.BytesIO object at 0x000001DA0BC9CAE0>,0.5324497818946838,0.11807747185230255,0.3009498417377472,263291,28,8,False,Left,Front,Right,Centre,60
<_io.BytesIO object at 0x000001DA0BC9CCC0>,0.6187220215797424,0.1094253733754158,0.3101198077201843,263291,28,8,False,Left,Front,Right,Centre,60
<_io.BytesIO object at 0x000001DA0BC9C2C0>,0.561654806137085,0.0953177735209465,0.2794966399669647,263291,28,8,False,Left,Front,Right,Centre,60
<_io.BytesIO object at 0x000001DA0BCE7E50>,0.5900342464447021,0.19169941544532776,0.33395349979400635,263292,28,8,False,Left,Front,Right,Centre,60
<_io.BytesIO object at 0x000001DA0BC81090>,0.52967369556427,0.15397347509860992,0.27435576915740967,263292,28,8,False,Left,Front,Right,Centre,60
<_io.BytesIO object at 0x000001DA0BC81720>,0.5324497818946838,0.11807747185230255,0.3009498417377472,263292,28,8,False,Left,Front,Right,Centre,60
<_io.BytesIO object at 0x000001DA0BC81D60>,0.6187220215797424,0.1094253733754158,0.3101198077201843,263292,28,8,False,Left,Front,Right,Centre,60
<_io.BytesIO object at 0x000001DA0BC81630>,0.561654806137085,0.0953177735209465,0.2794966399669647,263292,28,8,False,Left,Front,Right,Centre,60
<_io.BytesIO object at 0x000001DA0BCBF6D0>,0.5900342464447021,0.19169941544532776,0.33395349979400635,263293,28,8,False,Left,Front,Right,Centre,60
<_io.BytesIO object at 0x000001DA0BCBF5E0>,0.52967369556427,0.15397347509860992,0.27435576915740967,263293,28,8,False,Left,Front,Right,Centre,60
<_io.BytesIO object at 0x000001DA0BCBFD10>,0.5324497818946838,0.11807747185230255,0.3009498417377472,263293,28,8,False,Left,Front,Right,Centre,60
<_io.BytesIO object at 0x000001DA0BCBF0E0>,0.6187220215797424,0.1094253733754158,0.3101198077201843,263293,28,8,False,Left,Front,Right,Centre,60
<_io.BytesIO object at 0x000001DA0BCBF4F0>,0.561654806137085,0.0953177735209465,0.2794966399669647,263293,28,8,False,Left,Front,Right,Centre,60
<_io.BytesIO object at 0x000001DA0BC9A2C0>,0.5900342464447021,0.19169941544532776,0.33395349979400635,263294,28,8,False,Left,Front,Right,Centre,60
<_io.BytesIO object at 0x000001DA0BC9A180>,0.52967369556427,0.15397347509860992,0.27435576915740967,263294,28,8,False,Left,Front,Right,Centre,60
<_io.BytesIO object at 0x000001DA0BC95130>,0.5324497818946838,0.11807747185230255,0.3009498417377472,263294,28,8,False,Left,Front,Right,Centre,60
<_io.BytesIO object at 0x000001DA0BC95B30>,0.6187220215797424,0.1094253733754158,0.3101198077201843,263294,28,8,False,Left,Front,Right,Centre,60
<_io.BytesIO object at 0x000001DA0BC955E0>,0.561654806137085,0.0953177735209465,0.2794966399669647,263294,28,8,False,Left,Front,Right,Centre,60
<_io.BytesIO object at 0x000001DA0BCB2EF0>,0.5900342464447021,0.19169941544532776,0.33395349979400635,263295,28,8,False,Left,Front,Right,Centre,60
<_io.BytesIO object at 0x000001DA0BCB2D60>,0.52967369556427,0.15397347509860992,0.27435576915740967,263295,28,8,False,Left,Front,Right,Centre,60
<_io.BytesIO object at 0x000001DA0BC85DB0>,0.5324497818946838,0.11807747185230255,0.3009498417377472,263295,28,8,False,Left,Front,Right,Centre,60
<_io.BytesIO object at 0x000001DA0BC85F40>,0.6187220215797424,0.1094253733754158,0.3101198077201843,263295,28,8,False,Left,Front,Right,Centre,60
<_io.BytesIO object at 0x000001DA0BC85180>,0.561654806137085,0.0953177735209465,0.2794966399669647,263295,28,8,False,Left,Front,Right,Centre,60
<_io.BytesIO object at 0x000001DA7EFF5180>,0.5900342464447021,0.19169941544532776,0.33395349979400635,263296,28,8,False,Left,Front,Right,Centre,60
<_io.BytesIO object at 0x000001DA7EFF5810>,0.52967369556427,0.15397347509860992,0.27435576915740967,263296,28,8,False,Left,Front,Right,Centre,60
<_io.BytesIO object at 0x000001DA0EA1C400>,0.5324497818946838,0.11807747185230255,0.3009498417377472,263296,28,8,False,Left,Front,Right,Centre,60
<_io.BytesIO object at 0x000001DA0EA1C720>,0.6187220215797424,0.1094253733754158,0.3101198077201843,263296,28,8,False,Left,Front,Right,Centre,60
<_io.BytesIO object at 0x000001DA0EA1C040>,0.561654806137085,0.0953177735209465,0.2794966399669647,263296,28,8,False,Left,Front,Right,Centre,60
<_io.BytesIO object at 0x000001DA0BC806D0>,0.5900342464447021,0.19169941544532776,0.33395349979400635,263297,28,8,False,Left,Front,Right,Centre,60
<_io.BytesIO object at 0x000001DA0BC80C70>,0.52967369556427,0.15397347509860992,0.27435576915740967,263297,28,8,False,Left,Front,Right,Centre,60
<_io.BytesIO object at 0x000001DA0BC804A0>,0.5324497818946838,0.11807747185230255,0.3009498417377472,263297,28,8,False,Left,Front,Right,Centre,60
<_io.BytesIO object at 0x000001DA0BC80590>,0.6187220215797424,0.1094253733754158,0.3101198077201843,263297,28,8,False,Left,Front,Right,Centre,60
<_io.BytesIO object at 0x000001DA0BC801D0>,0.561654806137085,0.0953177735209465,0.2794966399669647,263297,28,8,False,Left,Front,Right,Centre,60
<_io.BytesIO object at 0x000001DA0BCF2270>,0.5900342464447021,0.19169941544532776,0.33395349979400635,263298,28,8,False,Left,Front,Right,Centre,60
<_io.BytesIO object at 0x000001DA0BCF21D0>,0.52967369556427,0.15397347509860992,0.27435576915740967,263298,28,8,False,Left,Front,Right,Centre,60
<_io.BytesIO object at 0x000001DA0BCF2900>,0.5324497818946838,0.11807747185230255,0.3009498417377472,263298,28,8,False,Left,Front,Right,Centre,60
<_io.BytesIO object at 0x000001DA0EA1BA90>,0.6187220215797424,0.1094253733754158,0.3101198077201843,263298,28,8,False,Left,Front,Right,Centre,60
<_io.BytesIO object at 0x000001DA0BCACB30>,0.561654806137085,0.0953177735209465,0.2794966399669647,263298,28,8,False,Left,Front,Right,Centre,60
<_io.BytesIO object at 0x000001DA0EA3FA90>,0.5900342464447021,0.19169941544532776,0.33395349979400635,263299,28,8,False,Left,Front,Right,Centre,60
<_io.BytesIO object at 0x000001DA0BC9CE00>,0.52967369556427,0.15397347509860992,0.27435576915740967,263299,28,8,False,Left,Front,Right,Centre,60
<_io.BytesIO object at 0x000001DA0BC9C090>,0.5324497818946838,0.11807747185230255,0.3009498417377472,263299,28,8,False,Left,Front,Right,Centre,60
<_io.BytesIO object at 0x000001DA0BC9C450>,0.6187220215797424,0.1094253733754158,0.3101198077201843,263299,28,8,False,Left,Front,Right,Centre,60
<_io.BytesIO object at 0x000001DA0BC9C8B0>,0.561654806137085,0.0953177735209465,0.2794966399669647,263299,28,8,False,Left,Front,Right,Centre,60
<_io.BytesIO object at 0x000001DA0BCE72C0>,0.5900342464447021,0.19169941544532776,0.33395349979400635,263300,28,8,False,Left,Front,Right,Centre,60
<_io.BytesIO object at 0x000001DA0BC811D0>,0.52967369556427,0.15397347509860992,0.27435576915740967,263300,28,8,False,Left,Front,Right,Centre,60
<_io.BytesIO object at 0x000001DA0BC81400>,0.5324497818946838,0.11807747185230255,0.3009498417377472,263300,28,8,False,Left,Front,Right,Centre,60
<_io.BytesIO object at 0x000001DA0BC81720>,0.6187220215797424,0.1094253733754158,0.3101198077201843,263300,28,8,False,Left,Front,Right,Centre,60
<_io.BytesIO object at 0x000001DA0BC81AE0>,0.561654806137085,0.0953177735209465,0.2794966399669647,263300,28,8,False,Left,Front,Right,Centre,60
<_io.BytesIO object at 0x000001DA0BCBFB80>,0.5900342464447021,0.19169941544532776,0.33395349979400635,263301,28,8,False,Left,Front,Right,Centre,60
<_io.BytesIO object at 0x000001DA0BCBFEF0>,0.52967369556427,0.15397347509860992,0.27435576915740967,263301,28,8,False,Left,Front,Right,Centre,60
<_io.BytesIO object at 0x000001DA0BCBF540>,0.5324497818946838,0.11807747185230255,0.3009498417377472,263301,28,8,False,Left,Front,Right,Centre,60
<_io.BytesIO object at 0x000001DA0BCBFA90>,0.6187220215797424,0.1094253733754158,0.3101198077201843,263301,28,8,False,Left,Front,Right,Centre,60
<_io.BytesIO object at 0x000001DA0BCBFDB0>,0.561654806137085,0.0953177735209465,0.2794966399669647,263301,28,8,False,Left,Front,Right,Centre,60
<_io.BytesIO object at 0x000001DA0BC9A0E0>,0.5900342464447021,0.19169941544532776,0.33395349979400635,263302,28,8,False,Left,Front,Right,Centre,60
<_io.BytesIO object at 0x000001DA0BC9AD10>,0.52967369556427,0.15397347509860992,0.27435576915740967,263302,28,8,False,Left,Front,Right,Centre,60
<_io.BytesIO object at 0x000001DA0BCF21D0>,0.5324497818946838,0.11807747185230255,0.3009498417377472,263302,28,8,False,Left,Front,Right,Centre,60
<_io.BytesIO object at 0x000001DA0BCF2AE0>,0.6187220215797424,0.1094253733754158,0.3101198077201843,263302,28,8,False,Left,Front,Right,Centre,60
<_io.BytesIO object at 0x000001DA0BCF2090>,0.561654806137085,0.0953177735209465,0.2794966399669647,263302,28,8,False,Left,Front,Right,Centre,60
<_io.BytesIO object at 0x000001DA0BCF2DB0>,0.5900342464447021,0.19169941544532776,0.33395349979400635,263303,28,8,False,Left,Front,Right,Centre,60
<_io.BytesIO object at 0x000001DA0EA17D60>,0.52967369556427,0.15397347509860992,0.27435576915740967,263303,28,8,False,Left,Front,Right,Centre,60
<_io.BytesIO object at 0x000001DA0EA17860>,0.5324497818946838,0.11807747185230255,0.3009498417377472,263303,28,8,False,Left,Front,Right,Centre,60
<_io.BytesIO object at 0x000001DA0EA17040>,0.6187220215797424,0.1094253733754158,0.3101198077201843,263303,28,8,False,Left,Front,Right,Centre,60
<_io.BytesIO object at 0x000001DA0EA17EF0>,0.561654806137085,0.0953177735209465,0.2794966399669647,263303,28,8,False,Left,Front,Right,Centre,60
<_io.BytesIO object at 0x000001DA0BCB2D10>,0.5900342464447021,0.19169941544532776,0.33395349979400635,263304,28,8,False,Left,Front,Right,Centre,60
<_io.BytesIO object at 0x000001DA0BCB2630>,0.52967369556427,0.15397347509860992,0.27435576915740967,263304,28,8,False,Left,Front,Right,Centre,60
<_io.BytesIO object at 0x000001DA0BCB2A90>,0.5324497818946838,0.11807747185230255,0.3009498417377472,263304,28,8,False,Left,Front,Right,Centre,60
<_io.BytesIO object at 0x000001DA0BCB2B30>,0.6187220215797424,0.1094253733754158,0.3101198077201843,263304,28,8,False,Left,Front,Right,Centre,60
<_io.BytesIO object at 0x000001DA0BCB25E0>,0.561654806137085,0.0953177735209465,0.2794966399669647,263304,28,8,False,Left,Front,Right,Centre,60
<_io.BytesIO object at 0x000001DA0BCE7130>,0.5900342464447021,0.19169941544532776,0.33395349979400635,263305,28,8,False,Left,Front,Right,Centre,60
<_io.BytesIO object at 0x000001DA0BCE7310>,0.52967369556427,0.15397347509860992,0.27435576915740967,263305,28,8,False,Left,Front,Right,Centre,60
<_io.BytesIO object at 0x000001DA0BCE7810>,0.5324497818946838,0.11807747185230255,0.3009498417377472,263305,28,8,False,Left,Front,Right,Centre,60
<_io.BytesIO object at 0x000001DA0BCE7A90>,0.6187220215797424,0.1094253733754158,0.3101198077201843,263305,28,8,False,Left,Front,Right,Centre,60
<_io.BytesIO object at 0x000001DA7EFF51D0>,0.561654806137085,0.0953177735209465,0.2794966399669647,263305,28,8,False,Left,Front,Right,Centre,60
<_io.BytesIO object at 0x000001DA0BC9AE50>,0.5900342464447021,0.19169941544532776,0.33395349979400635,263306,28,8,False,Left,Front,Right,Centre,60
<_io.BytesIO object at 0x000001DA0BC9A680>,0.52967369556427,0.15397347509860992,0.27435576915740967,263306,28,8,False,Left,Front,Right,Centre,60
<_io.BytesIO object at 0x000001DA0EA3FA90>,0.5324497818946838,0.11807747185230255,0.3009498417377472,263306,28,8,False,Left,Front,Right,Centre,60
<_io.BytesIO object at 0x000001DA0EA3FE00>,0.6187220215797424,0.1094253733754158,0.3101198077201843,263306,28,8,False,Left,Front,Right,Centre,60
<_io.BytesIO object at 0x000001DA0EA3F270>,0.561654806137085,0.0953177735209465,0.2794966399669647,263306,28,8,False,Left,Front,Right,Centre,60
<_io.BytesIO object at 0x000001DA0BCACB30>,0.5900342464447021,0.19169941544532776,0.33395349979400635,263307,28,8,False,Left,Front,Right,Centre,60
<_io.BytesIO object at 0x000001DA0E9DF3B0>,0.52967369556427,0.15397347509860992,0.27435576915740967,263307,28,8,False,Left,Front,Right,Centre,60
<_io.BytesIO object at 0x000001DA0BCAC630>,0.5324497818946838,0.11807747185230255,0.3009498417377472,263307,28,8,False,Left,Front,Right,Centre,60
<_io.BytesIO object at 0x000001DA0BCAC450>,0.6187220215797424,0.1094253733754158,0.3101198077201843,263307,28,8,False,Left,Front,Right,Centre,60
<_io.BytesIO object at 0x000001DA0BCACE00>,0.561654806137085,0.0953177735209465,0.2794966399669647,263307,28,8,False,Left,Front,Right,Centre,60
<_io.BytesIO object at 0x000001DA0BC9A040>,0.5900342464447021,0.19169941544532776,0.33395349979400635,263308,28,8,False,Left,Front,Right,Centre,60
<_io.BytesIO object at 0x000001DA0BC9A7C0>,0.52967369556427,0.15397347509860992,0.27435576915740967,263308,28,8,False,Left,Front,Right,Centre,60
<_io.BytesIO object at 0x000001DA0BC9A4A0>,0.5324497818946838,0.11807747185230255,0.3009498417377472,263308,28,8,False,Left,Front,Right,Centre,60
<_io.BytesIO object at 0x000001DA0BC9AB30>,0.6187220215797424,0.1094253733754158,0.3101198077201843,263308,28,8,False,Left,Front,Right,Centre,60
<_io.BytesIO object at 0x000001DA0BC9AE00>,0.561654806137085,0.0953177735209465,0.2794966399669647,263308,28,8,False,Left,Front,Right,Centre,60
<_io.BytesIO object at 0x000001DA0BCE7680>,0.5900342464447021,0.19169941544532776,0.33395349979400635,263309,28,8,False,Left,Front,Right,Centre,60
<_io.BytesIO object at 0x000001DA0BCE76D0>,0.52967369556427,0.15397347509860992,0.27435576915740967,263309,28,8,False,Left,Front,Right,Centre,60
<_io.BytesIO object at 0x000001DA0BCE79A0>,0.5324497818946838,0.11807747185230255,0.3009498417377472,263309,28,8,False,Left,Front,Right,Centre,60
<_io.BytesIO object at 0x000001DA0BCE7450>,0.6187220215797424,0.1094253733754158,0.3101198077201843,263309,28,8,False,Left,Front,Right,Centre,60
<_io.BytesIO object at 0x000001DA0BCE7B30>,0.561654806137085,0.0953177735209465,0.2794966399669647,263309,28,8,False,Left,Front,Right,Centre,60
<_io.BytesIO object at 0x000001DA0BCB2D10>,0.5900342464447021,0.19169941544532776,0.33395349979400635,263310,28,8,False,Left,Front,Right,Centre,60
<_io.BytesIO object at 0x000001DA0BCB2770>,0.52967369556427,0.15397347509860992,0.27435576915740967,263310,28,8,False,Left,Front,Right,Centre,60
<_io.BytesIO object at 0x000001DA0BCBF6D0>,0.5324497818946838,0.11807747185230255,0.3009498417377472,263310,28,8,False,Left,Front,Right,Centre,60
<_io.BytesIO object at 0x000001DA0BCBFF90>,0.6187220215797424,0.1094253733754158,0.3101198077201843,263310,28,8,False,Left,Front,Right,Centre,60
<_io.BytesIO object at 0x000001DA0BCBF090>,0.561654806137085,0.0953177735209465,0.2794966399669647,263310,28,8,False,Left,Front,Right,Centre,60
<_io.BytesIO object at 0x000001DA0BCF2180>,0.5900342464447021,0.19169941544532776,0.33395349979400635,263311,28,8,False,Left,Front,Right,Centre,60
<_io.BytesIO object at 0x000001DA0BCF21D0>,0.52967369556427,0.15397347509860992,0.27435576915740967,263311,28,8,False,Left,Front,Right,Centre,60
<_io.BytesIO object at 0x000001DA0BCF2B80>,0.5324497818946838,0.11807747185230255,0.3009498417377472,263311,28,8,False,Left,Front,Right,Centre,60
<_io.BytesIO object at 0x000001DA0BCF2C20>,0.6187220215797424,0.1094253733754158,0.3101198077201843,263311,28,8,False,Left,Front,Right,Centre,60
<_io.BytesIO object at 0x000001DA0BCF2220>,0.561654806137085,0.0953177735209465,0.2794966399669647,263311,28,8,False,Left,Front,Right,Centre,60
<_io.BytesIO object at 0x000001DA0EA17DB0>,0.5900342464447021,0.19169941544532776,0.33395349979400635,263312,28,8,False,Left,Front,Right,Centre,60
<_io.BytesIO object at 0x000001DA0EA17EA0>,0.52967369556427,0.15397347509860992,0.27435576915740967,263312,28,8,False,Left,Front,Right,Centre,60
<_io.BytesIO object at 0x000001DA0EA17310>,0.5324497818946838,0.11807747185230255,0.3009498417377472,263312,28,8,False,Left,Front,Right,Centre,60
<_io.BytesIO object at 0x000001DA0EA17180>,0.6187220215797424,0.1094253733754158,0.3101198077201843,263312,28,8,False,Left,Front,Right,Centre,60
<_io.BytesIO object at 0x000001DA0EA17720>,0.561654806137085,0.0953177735209465,0.2794966399669647,263312,28,8,False,Left,Front,Right,Centre,60
<_io.BytesIO object at 0x000001DA0BCB2360>,0.5900342464447021,0.19169941544532776,0.33395349979400635,263313,28,8,False,Left,Front,Right,Centre,60
<_io.BytesIO object at 0x000001DA0BCB2A90>,0.52967369556427,0.15397347509860992,0.27435576915740967,263313,28,8,False,Left,Front,Right,Centre,60
<_io.BytesIO object at 0x000001DA0BCB2680>,0.5324497818946838,0.11807747185230255,0.3009498417377472,263313,28,8,False,Left,Front,Right,Centre,60
<_io.BytesIO object at 0x000001DA0BCB2310>,0.6187220215797424,0.1094253733754158,0.3101198077201843,263313,28,8,False,Left,Front,Right,Centre,60
<_io.BytesIO object at 0x000001DA0BCB26D0>,0.561654806137085,0.0953177735209465,0.2794966399669647,263313,28,8,False,Left,Front,Right,Centre,60
<_io.BytesIO object at 0x000001DA0BCE7F90>,0.5900342464447021,0.19169941544532776,0.33395349979400635,263314,28,8,False,Left,Front,Right,Centre,60
<_io.BytesIO object at 0x000001DA0BCE78B0>,0.52967369556427,0.15397347509860992,0.27435576915740967,263314,28,8,False,Left,Front,Right,Centre,60
<_io.BytesIO object at 0x000001DA0BCE7A90>,0.5324497818946838,0.11807747185230255,0.3009498417377472,263314,28,8,False,Left,Front,Right,Centre,60
<_io.BytesIO object at 0x000001DA7EFF5810>,0.6187220215797424,0.1094253733754158,0.3101198077201843,263314,28,8,False,Left,Front,Right,Centre,60
<_io.BytesIO object at 0x000001DA7EFF51D0>,0.561654806137085,0.0953177735209465,0.2794966399669647,263314,28,8,False,Left,Front,Right,Centre,60
<_io.BytesIO object at 0x000001DA0BC9AB80>,0.5900342464447021,0.19169941544532776,0.33395349979400635,263315,28,8,False,Left,Front,Right,Centre,60
<_io.BytesIO object at 0x000001DA0BC9AF40>,0.52967369556427,0.15397347509860992,0.27435576915740967,263315,28,8,False,Left,Front,Right,Centre,60
<_io.BytesIO object at 0x000001DA0EA3FA90>,0.5324497818946838,0.11807747185230255,0.3009498417377472,263315,28,8,False,Left,Front,Right,Centre,60
<_io.BytesIO object at 0x000001DA0EA3F130>,0.6187220215797424,0.1094253733754158,0.3101198077201843,263315,28,8,False,Left,Front,Right,Centre,60
<_io.BytesIO object at 0x000001DA0EA3F090>,0.561654806137085,0.0953177735209465,0.2794966399669647,263315,28,8,False,Left,Front,Right,Centre,60
<_io.BytesIO object at 0x000001DA0BCACE00>,0.5900342464447021,0.19169941544532776,0.33395349979400635,263316,28,8,False,Left,Front,Right,Centre,60
<_io.BytesIO object at 0x000001DA0BCAC950>,0.52967369556427,0.15397347509860992,0.27435576915740967,263316,28,8,False,Left,Front,Right,Centre,60
<_io.BytesIO object at 0x000001DA0BCACF90>,0.5324497818946838,0.11807747185230255,0.3009498417377472,263316,28,8,False,Left,Front,Right,Centre,60
<_io.BytesIO object at 0x000001DA0BCAC630>,0.6187220215797424,0.1094253733754158,0.3101198077201843,263316,28,8,False,Left,Front,Right,Centre,60
<_io.BytesIO object at 0x000001DA0BCACE50>,0.561654806137085,0.0953177735209465,0.2794966399669647,263316,28,8,False,Left,Front,Right,Centre,60
<_io.BytesIO object at 0x000001DA0EA3F2C0>,0.5900342464447021,0.19169941544532776,0.33395349979400635,263317,28,8,False,Left,Front,Right,Centre,60
<_io.BytesIO object at 0x000001DA0BC9A680>,0.52967369556427,0.15397347509860992,0.27435576915740967,263317,28,8,False,Left,Front,Right,Centre,60
<_io.BytesIO object at 0x000001DA0BC9AE50>,0.5324497818946838,0.11807747185230255,0.3009498417377472,263317,28,8,False,Left,Front,Right,Centre,60
<_io.BytesIO object at 0x000001DA0BC9A040>,0.6187220215797424,0.1094253733754158,0.3101198077201843,263317,28,8,False,Left,Front,Right,Centre,60
<_io.BytesIO object at 0x000001DA0BC9A590>,0.561654806137085,0.0953177735209465,0.2794966399669647,263317,28,8,False,Left,Front,Right,Centre,60
<_io.BytesIO object at 0x000001DA7EFF5400>,0.5900342464447021,0.19169941544532776,0.33395349979400635,263318,28,8,False,Left,Front,Right,Centre,60
<_io.BytesIO object at 0x000001DA0BCE7B80>,0.52967369556427,0.15397347509860992,0.27435576915740967,263318,28,8,False,Left,Front,Right,Centre,60
<_io.BytesIO object at 0x000001DA0BCE7400>,0.5324497818946838,0.11807747185230255,0.3009498417377472,263318,28,8,False,Left,Front,Right,Centre,60
<_io.BytesIO object at 0x000001DA0BCE7310>,0.6187220215797424,0.1094253733754158,0.3101198077201843,263318,28,8,False,Left,Front,Right,Centre,60
<_io.BytesIO object at 0x000001DA0BCE7EF0>,0.561654806137085,0.0953177735209465,0.2794966399669647,263318,28,8,False,Left,Front,Right,Centre,60
<_io.BytesIO object at 0x000001DA0BCB2770>,0.5900342464447021,0.19169941544532776,0.33395349979400635,263319,28,8,False,Left,Front,Right,Centre,60
<_io.BytesIO object at 0x000001DA0BCB24F0>,0.52967369556427,0.15397347509860992,0.27435576915740967,263319,28,8,False,Left,Front,Right,Centre,60
<_io.BytesIO object at 0x000001DA0BCB2130>,0.5324497818946838,0.11807747185230255,0.3009498417377472,263319,28,8,False,Left,Front,Right,Centre,60
<_io.BytesIO object at 0x000001DA0BCB2E00>,0.6187220215797424,0.1094253733754158,0.3101198077201843,263319,28,8,False,Left,Front,Right,Centre,60
<_io.BytesIO object at 0x000001DA0BCB2360>,0.561654806137085,0.0953177735209465,0.2794966399669647,263319,28,8,False,Left,Front,Right,Centre,60
<_io.BytesIO object at 0x000001DA0BC95EF0>,0.5900342464447021,0.19169941544532776,0.33395349979400635,263320,28,8,False,Left,Front,Right,Centre,60
<_io.BytesIO object at 0x000001DA0BC95EA0>,0.52967369556427,0.15397347509860992,0.27435576915740967,263320,28,8,False,Left,Front,Right,Centre,60
<_io.BytesIO object at 0x000001DA0BC958B0>,0.5324497818946838,0.11807747185230255,0.3009498417377472,263320,28,8,False,Left,Front,Right,Centre,60
<_io.BytesIO object at 0x000001DA0BC95A90>,0.6187220215797424,0.1094253733754158,0.3101198077201843,263320,28,8,False,Left,Front,Right,Centre,60
<_io.BytesIO object at 0x000001DA0BC95A40>,0.561654806137085,0.0953177735209465,0.2794966399669647,263320,28,8,False,Left,Front,Right,Centre,60
<_io.BytesIO object at 0x000001DA0EA1B360>,0.5900342464447021,0.19169941544532776,0.33395349979400635,263321,28,8,False,Left,Front,Right,Centre,60
<_io.BytesIO object at 0x000001DA0BCF25E0>,0.52967369556427,0.15397347509860992,0.27435576915740967,263321,28,8,False,Left,Front,Right,Centre,60
<_io.BytesIO object at 0x000001DA0BCF2770>,0.5324497818946838,0.11807747185230255,0.3009498417377472,263321,28,8,False,Left,Front,Right,Centre,60
<_io.BytesIO object at 0x000001DA0BCF2EF0>,0.6187220215797424,0.1094253733754158,0.3101198077201843,263321,28,8,False,Left,Front,Right,Centre,60
<_io.BytesIO object at 0x000001DA0BCF2090>,0.561654806137085,0.0953177735209465,0.2794966399669647,263321,28,8,False,Left,Front,Right,Centre,60
<_io.BytesIO object at 0x000001DA0BCBF860>,0.5900342464447021,0.19169941544532776,0.33395349979400635,263322,28,8,False,Left,Front,Right,Centre,60
<_io.BytesIO object at 0x000001DA0BCBFEF0>,0.52967369556427,0.15397347509860992,0.27435576915740967,263322,28,8,False,Left,Front,Right,Centre,60
<_io.BytesIO object at 0x000001DA0BCBFB30>,0.5324497818946838,0.11807747185230255,0.3009498417377472,263322,28,8,False,Left,Front,Right,Centre,60
<_io.BytesIO object at 0x000001DA0BCBF950>,0.6187220215797424,0.1094253733754158,0.3101198077201843,263322,28,8,False,Left,Front,Right,Centre,60
<_io.BytesIO object at 0x000001DA0BCBFAE0>,0.561654806137085,0.0953177735209465,0.2794966399669647,263322,28,8,False,Left,Front,Right,Centre,60
<_io.BytesIO object at 0x000001DA0BC81360>,0.5900342464447021,0.19169941544532776,0.33395349979400635,263323,28,8,False,Left,Front,Right,Centre,60
<_io.BytesIO object at 0x000001DA0BC81590>,0.52967369556427,0.15397347509860992,0.27435576915740967,263323,28,8,False,Left,Front,Right,Centre,60
<_io.BytesIO object at 0x000001DA0BC81680>,0.5324497818946838,0.11807747185230255,0.3009498417377472,263323,28,8,False,Left,Front,Right,Centre,60
<_io.BytesIO object at 0x000001DA0BCE79F0>,0.6187220215797424,0.1094253733754158,0.3101198077201843,263323,28,8,False,Left,Front,Right,Centre,60
<_io.BytesIO object at 0x000001DA0BCE7270>,0.561654806137085,0.0953177735209465,0.2794966399669647,263323,28,8,False,Left,Front,Right,Centre,60
<_io.BytesIO object at 0x000001DA0BC9C8B0>,0.5900342464447021,0.19169941544532776,0.33395349979400635,263324,28,8,False,Left,Front,Right,Centre,60
<_io.BytesIO object at 0x000001DA0BC9CEA0>,0.52967369556427,0.15397347509860992,0.27435576915740967,263324,28,8,False,Left,Front,Right,Centre,60
<_io.BytesIO object at 0x000001DA0BC9CAE0>,0.5324497818946838,0.11807747185230255,0.3009498417377472,263324,28,8,False,Left,Front,Right,Centre,60
<_io.BytesIO object at 0x000001DA0BC9C310>,0.6187220215797424,0.1094253733754158,0.3101198077201843,263324,28,8,False,Left,Front,Right,Centre,60
<_io.BytesIO object at 0x000001DA0BC9A8B0>,0.561654806137085,0.0953177735209465,0.2794966399669647,263324,28,8,False,Left,Front,Right,Centre,60
<_io.BytesIO object at 0x000001DA0BC80310>,0.5900342464447021,0.19169941544532776,0.33395349979400635,263325,28,8,False,Left,Front,Right,Centre,60
<_io.BytesIO object at 0x000001DA0BCAC0E0>,0.52967369556427,0.15397347509860992,0.27435576915740967,263325,28,8,False,Left,Front,Right,Centre,60
<_io.BytesIO object at 0x000001DA0BCACEA0>,0.5324497818946838,0.11807747185230255,0.3009498417377472,263325,28,8,False,Left,Front,Right,Centre,60
<_io.BytesIO object at 0x000001DA0BCAC860>,0.6187220215797424,0.1094253733754158,0.3101198077201843,263325,28,8,False,Left,Front,Right,Centre,60
<_io.BytesIO object at 0x000001DA0BCAC220>,0.561654806137085,0.0953177735209465,0.2794966399669647,263325,28,8,False,Left,Front,Right,Centre,60
<_io.BytesIO object at 0x000001DA0BC9CAE0>,0.5900342464447021,0.19169941544532776,0.33395349979400635,263326,28,8,False,Left,Front,Right,Centre,60
<_io.BytesIO object at 0x000001DA0BC9C090>,0.52967369556427,0.15397347509860992,0.27435576915740967,263326,28,8,False,Left,Front,Right,Centre,60
<_io.BytesIO object at 0x000001DA0BC9C7C0>,0.5324497818946838,0.11807747185230255,0.3009498417377472,263326,28,8,False,Left,Front,Right,Centre,60
<_io.BytesIO object at 0x000001DA0BC9CD60>,0.6187220215797424,0.1094253733754158,0.3101198077201843,263326,28,8,False,Left,Front,Right,Centre,60
<_io.BytesIO object at 0x000001DA0BC9C860>,0.561654806137085,0.0953177735209465,0.2794966399669647,263326,28,8,False,Left,Front,Right,Centre,60
<_io.BytesIO object at 0x000001DA0BC85770>,0.5900342464447021,0.19169941544532776,0.33395349979400635,263327,28,8,False,Left,Front,Right,Centre,60
<_io.BytesIO object at 0x000001DA0BC85270>,0.52967369556427,0.15397347509860992,0.27435576915740967,263327,28,8,False,Left,Front,Right,Centre,60
<_io.BytesIO object at 0x000001DA0BC85F40>,0.5324497818946838,0.11807747185230255,0.3009498417377472,263327,28,8,False,Left,Front,Right,Centre,60
<_io.BytesIO object at 0x000001DA0BC85040>,0.6187220215797424,0.1094253733754158,0.3101198077201843,263327,28,8,False,Left,Front,Right,Centre,60
<_io.BytesIO object at 0x000001DA0BC85400>,0.561654806137085,0.0953177735209465,0.2794966399669647,263327,28,8,False,Left,Front,Right,Centre,60
<_io.BytesIO object at 0x000001DA0EA17A90>,0.5900342464447021,0.19169941544532776,0.33395349979400635,263328,28,8,False,Left,Front,Right,Centre,60
<_io.BytesIO object at 0x000001DA0BC95630>,0.52967369556427,0.15397347509860992,0.27435576915740967,263328,28,8,False,Left,Front,Right,Centre,60
<_io.BytesIO object at 0x000001DA0BC95900>,0.5324497818946838,0.11807747185230255,0.3009498417377472,263328,28,8,False,Left,Front,Right,Centre,60
<_io.BytesIO object at 0x000001DA0BC957C0>,0.6187220215797424,0.1094253733754158,0.3101198077201843,263328,28,8,False,Left,Front,Right,Centre,60
<_io.BytesIO object at 0x000001DA0BC95DB0>,0.561654806137085,0.0953177735209465,0.2794966399669647,263328,28,8,False,Left,Front,Right,Centre,60
<_io.BytesIO object at 0x000001DA0EA1B5E0>,0.5900342464447021,0.19169941544532776,0.33395349979400635,263329,28,8,False,Left,Front,Right,Centre,60
<_io.BytesIO object at 0x000001DA0EA1BEA0>,0.52967369556427,0.15397347509860992,0.27435576915740967,263329,28,8,False,Left,Front,Right,Centre,60
<_io.BytesIO object at 0x000001DA0EA1B400>,0.5324497818946838,0.11807747185230255,0.3009498417377472,263329,28,8,False,Left,Front,Right,Centre,60
<_io.BytesIO object at 0x000001DA0BCAC0E0>,0.6187220215797424,0.1094253733754158,0.3101198077201843,263329,28,8,False,Left,Front,Right,Centre,60
<_io.BytesIO object at 0x000001DA0BCAC9F0>,0.561654806137085,0.0953177735209465,0.2794966399669647,263329,28,8,False,Left,Front,Right,Centre,60
<_io.BytesIO object at 0x000001DA0EA1C180>,0.5900342464447021,0.19169941544532776,0.33395349979400635,263330,28,8,False,Left,Front,Right,Centre,60
<_io.BytesIO object at 0x000001DA0EA1C900>,0.52967369556427,0.15397347509860992,0.27435576915740967,263330,28,8,False,Left,Front,Right,Centre,60
<_io.BytesIO object at 0x000001DA0EA1C400>,0.5324497818946838,0.11807747185230255,0.3009498417377472,263330,28,8,False,Left,Front,Right,Centre,60
<_io.BytesIO object at 0x000001DA0EA1C950>,0.6187220215797424,0.1094253733754158,0.3101198077201843,263330,28,8,False,Left,Front,Right,Centre,60
<_io.BytesIO object at 0x000001DA0EA1C7C0>,0.561654806137085,0.0953177735209465,0.2794966399669647,263330,28,8,False,Left,Front,Right,Centre,60
<_io.BytesIO object at 0x000001DA0EA17EF0>,0.5900342464447021,0.19169941544532776,0.33395349979400635,263331,28,8,False,Left,Front,Right,Centre,60
<_io.BytesIO object at 0x000001DA0BCBFB30>,0.52967369556427,0.15397347509860992,0.27435576915740967,263331,28,8,False,Left,Front,Right,Centre,60
<_io.BytesIO object at 0x000001DA0BCBFD10>,0.5324497818946838,0.11807747185230255,0.3009498417377472,263331,28,8,False,Left,Front,Right,Centre,60
<_io.BytesIO object at 0x000001DA0BCBF3B0>,0.6187220215797424,0.1094253733754158,0.3101198077201843,263331,28,8,False,Left,Front,Right,Centre,60
<_io.BytesIO object at 0x000001DA0BCBF130>,0.561654806137085,0.0953177735209465,0.2794966399669647,263331,28,8,False,Left,Front,Right,Centre,60
<_io.BytesIO object at 0x000001DA0BC81EF0>,0.5900342464447021,0.19169941544532776,0.33395349979400635,263332,28,8,False,Left,Front,Right,Centre,60
<_io.BytesIO object at 0x000001DA0BC81C20>,0.52967369556427,0.15397347509860992,0.27435576915740967,263332,28,8,False,Left,Front,Right,Centre,60
<_io.BytesIO object at 0x000001DA0BC81860>,0.5324497818946838,0.11807747185230255,0.3009498417377472,263332,28,8,False,Left,Front,Right,Centre,60
<_io.BytesIO object at 0x000001DA0BC81040>,0.6187220215797424,0.1094253733754158,0.3101198077201843,263332,28,8,False,Left,Front,Right,Centre,60
<_io.BytesIO object at 0x000001DA0BC81680>,0.561654806137085,0.0953177735209465,0.2794966399669647,263332,28,8,False,Left,Front,Right,Centre,60
<_io.BytesIO object at 0x000001DA0BC9AB80>,0.5900342464447021,0.19169941544532776,0.33395349979400635,263333,28,8,False,Left,Front,Right,Centre,60
<_io.BytesIO object at 0x000001DA0BC9A7C0>,0.52967369556427,0.15397347509860992,0.27435576915740967,263333,28,8,False,Left,Front,Right,Centre,60
<_io.BytesIO object at 0x000001DA0BC9A680>,0.5324497818946838,0.11807747185230255,0.3009498417377472,263333,28,8,False,Left,Front,Right,Centre,60
<_io.BytesIO object at 0x000001DA0EA3F090>,0.6187220215797424,0.1094253733754158,0.3101198077201843,263333,28,8,False,Left,Front,Right,Centre,60
<_io.BytesIO object at 0x000001DA0EA3FE00>,0.561654806137085,0.0953177735209465,0.2794966399669647,263333,28,8,False,Left,Front,Right,Centre,60
<_io.BytesIO object at 0x000001DA0EA3F310>,0.5900342464447021,0.19169941544532776,0.33395349979400635,263334,28,8,False,Left,Front,Right,Centre,60
<_io.BytesIO object at 0x000001DA0EA3F2C0>,0.52967369556427,0.15397347509860992,0.27435576915740967,263334,28,8,False,Left,Front,Right,Centre,60
<_io.BytesIO object at 0x000001DA0EA3FC70>,0.5324497818946838,0.11807747185230255,0.3009498417377472,263334,28,8,False,Left,Front,Right,Centre,60
<_io.BytesIO object at 0x000001DA0EA3FD10>,0.6187220215797424,0.1094253733754158,0.3101198077201843,263334,28,8,False,Left,Front,Right,Centre,60
<_io.BytesIO object at 0x000001DA0EA3F9F0>,0.561654806137085,0.0953177735209465,0.2794966399669647,263334,28,8,False,Left,Front,Right,Centre,60
<_io.BytesIO object at 0x000001DA0BCE7D10>,0.5900342464447021,0.19169941544532776,0.33395349979400635,263335,28,8,False,Left,Front,Right,Centre,60
<_io.BytesIO object at 0x000001DA0BCE78B0>,0.52967369556427,0.15397347509860992,0.27435576915740967,263335,28,8,False,Left,Front,Right,Centre,60
<_io.BytesIO object at 0x000001DA0BCE7270>,0.5324497818946838,0.11807747185230255,0.3009498417377472,263335,28,8,False,Left,Front,Right,Centre,60
<_io.BytesIO object at 0x000001DA0BCE7950>,0.6187220215797424,0.1094253733754158,0.3101198077201843,263335,28,8,False,Left,Front,Right,Centre,60
<_io.BytesIO object at 0x000001DA0BC81270>,0.561654806137085,0.0953177735209465,0.2794966399669647,263335,28,8,False,Left,Front,Right,Centre,60
<_io.BytesIO object at 0x000001DA0BCB2BD0>,0.5900342464447021,0.19169941544532776,0.33395349979400635,263336,28,8,False,Left,Front,Right,Centre,60
<_io.BytesIO object at 0x000001DA0BCBFA90>,0.52967369556427,0.15397347509860992,0.27435576915740967,263336,28,8,False,Left,Front,Right,Centre,60
<_io.BytesIO object at 0x000001DA0BCBFF90>,0.5324497818946838,0.11807747185230255,0.3009498417377472,263336,28,8,False,Left,Front,Right,Centre,60
<_io.BytesIO object at 0x000001DA0BCBFC70>,0.6187220215797424,0.1094253733754158,0.3101198077201843,263336,28,8,False,Left,Front,Right,Centre,60
<_io.BytesIO object at 0x000001DA0BCBF5E0>,0.561654806137085,0.0953177735209465,0.2794966399669647,263336,28,8,False,Left,Front,Right,Centre,60
<_io.BytesIO object at 0x000001DA0BCF2E00>,0.5900342464447021,0.19169941544532776,0.33395349979400635,263337,28,8,False,Left,Front,Right,Centre,60
<_io.BytesIO object at 0x000001DA0BCF2C20>,0.52967369556427,0.15397347509860992,0.27435576915740967,263337,28,8,False,Left,Front,Right,Centre,60
<_io.BytesIO object at 0x000001DA0BCF2BD0>,0.5324497818946838,0.11807747185230255,0.3009498417377472,263337,28,8,False,Left,Front,Right,Centre,60
<_io.BytesIO object at 0x000001DA0EA1CA90>,0.6187220215797424,0.1094253733754158,0.3101198077201843,263337,28,8,False,Left,Front,Right,Centre,60
<_io.BytesIO object at 0x000001DA0EA1C3B0>,0.561654806137085,0.0953177735209465,0.2794966399669647,263337,28,8,False,Left,Front,Right,Centre,60
<_io.BytesIO object at 0x000001DA0BCACD60>,0.5900342464447021,0.19169941544532776,0.33395349979400635,263338,28,8,False,Left,Front,Right,Centre,60
<_io.BytesIO object at 0x000001DA0BCACB80>,0.52967369556427,0.15397347509860992,0.27435576915740967,263338,28,8,False,Left,Front,Right,Centre,60
<_io.BytesIO object at 0x000001DA0BCAC0E0>,0.5324497818946838,0.11807747185230255,0.3009498417377472,263338,28,8,False,Left,Front,Right,Centre,60
<_io.BytesIO object at 0x000001DA0BCAC360>,0.6187220215797424,0.1094253733754158,0.3101198077201843,263338,28,8,False,Left,Front,Right,Centre,60
<_io.BytesIO object at 0x000001DA0EA1BEF0>,0.561654806137085,0.0953177735209465,0.2794966399669647,263338,28,8,False,Left,Front,Right,Centre,60
<_io.BytesIO object at 0x000001DA0EA171D0>,0.5900342464447021,0.19169941544532776,0.33395349979400635,263339,28,8,False,Left,Front,Right,Centre,60
<_io.BytesIO object at 0x000001DA0EA17680>,0.52967369556427,0.15397347509860992,0.27435576915740967,263339,28,8,False,Left,Front,Right,Centre,60
<_io.BytesIO object at 0x000001DA0EA17180>,0.5324497818946838,0.11807747185230255,0.3009498417377472,263339,28,8,False,Left,Front,Right,Centre,60
<_io.BytesIO object at 0x000001DA0EA175E0>,0.6187220215797424,0.1094253733754158,0.3101198077201843,263339,28,8,False,Left,Front,Right,Centre,60
<_io.BytesIO object at 0x000001DA0BCBFB80>,0.561654806137085,0.0953177735209465,0.2794966399669647,263339,28,8,False,Left,Front,Right,Centre,60
<_io.BytesIO object at 0x000001DA0BC81E00>,0.5900342464447021,0.19169941544532776,0.33395349979400635,263340,28,8,False,Left,Front,Right,Centre,60
<_io.BytesIO object at 0x000001DA0BC814A0>,0.52967369556427,0.15397347509860992,0.27435576915740967,263340,28,8,False,Left,Front,Right,Centre,60
<_io.BytesIO object at 0x000001DA0BC81090>,0.5324497818946838,0.11807747185230255,0.3009498417377472,263340,28,8,False,Left,Front,Right,Centre,60
<_io.BytesIO object at 0x000001DA0BC819F0>,0.6187220215797424,0.1094253733754158,0.3101198077201843,263340,28,8,False,Left,Front,Right,Centre,60
<_io.BytesIO object at 0x000001DA0BC819A0>,0.561654806137085,0.0953177735209465,0.2794966399669647,263340,28,8,False,Left,Front,Right,Centre,60
<_io.BytesIO object at 0x000001DA0BC9A040>,0.5900342464447021,0.19169941544532776,0.33395349979400635,263341,28,8,False,Left,Front,Right,Centre,60
<_io.BytesIO object at 0x000001DA0BC9AB80>,0.52967369556427,0.15397347509860992,0.27435576915740967,263341,28,8,False,Left,Front,Right,Centre,60
<_io.BytesIO object at 0x000001DA0BC9A090>,0.5324497818946838,0.11807747185230255,0.3009498417377472,263341,28,8,False,Left,Front,Right,Centre,60
<_io.BytesIO object at 0x000001DA0BC9A0E0>,0.6187220215797424,0.1094253733754158,0.3101198077201843,263341,28,8,False,Left,Front,Right,Centre,60
<_io.BytesIO object at 0x000001DA0EA3F5E0>,0.561654806137085,0.0953177735209465,0.2794966399669647,263341,28,8,False,Left,Front,Right,Centre,60
<_io.BytesIO object at 0x000001DA0BC95180>,0.5900342464447021,0.19169941544532776,0.33395349979400635,263342,28,8,False,Left,Front,Right,Centre,60
<_io.BytesIO object at 0x000001DA0BC95770>,0.52967369556427,0.15397347509860992,0.27435576915740967,263342,28,8,False,Left,Front,Right,Centre,60
<_io.BytesIO object at 0x000001DA0BC95EA0>,0.5324497818946838,0.11807747185230255,0.3009498417377472,263342,28,8,False,Left,Front,Right,Centre,60
<_io.BytesIO object at 0x000001DA0EA3F770>,0.6187220215797424,0.1094253733754158,0.3101198077201843,263342,28,8,False,Left,Front,Right,Centre,60
<_io.BytesIO object at 0x000001DA0EA3F310>,0.561654806137085,0.0953177735209465,0.2794966399669647,263342,28,8,False,Left,Front,Right,Centre,60
<_io.BytesIO object at 0x000001DA0BCE7A90>,0.5900342464447021,0.19169941544532776,0.33395349979400635,263343,28,8,False,Left,Front,Right,Centre,60
<_io.BytesIO object at 0x000001DA0BCE7130>,0.52967369556427,0.15397347509860992,0.27435576915740967,263343,28,8,False,Left,Front,Right,Centre,60
<_io.BytesIO object at 0x000001DA0BCE7540>,0.5324497818946838,0.11807747185230255,0.3009498417377472,263343,28,8,False,Left,Front,Right,Centre,60
<_io.BytesIO object at 0x000001DA0BCE76D0>,0.6187220215797424,0.1094253733754158,0.3101198077201843,263343,28,8,False,Left,Front,Right,Centre,60
<_io.BytesIO object at 0x000001DA0BCE72C0>,0.561654806137085,0.0953177735209465,0.2794966399669647,263343,28,8,False,Left,Front,Right,Centre,60
<_io.BytesIO object at 0x000001DA0BCB2CC0>,0.5900342464447021,0.19169941544532776,0.33395349979400635,263344,28,8,False,Left,Front,Right,Centre,60
<_io.BytesIO object at 0x000001DA0BCB2B80>,0.52967369556427,0.15397347509860992,0.27435576915740967,263344,28,8,False,Left,Front,Right,Centre,60
<_io.BytesIO object at 0x000001DA0BCB2F90>,0.5324497818946838,0.11807747185230255,0.3009498417377472,263344,28,8,False,Left,Front,Right,Centre,60
<_io.BytesIO object at 0x000001DA0BCB20E0>,0.6187220215797424,0.1094253733754158,0.3101198077201843,263344,28,8,False,Left,Front,Right,Centre,60
<_io.BytesIO object at 0x000001DA0BCBFA90>,0.561654806137085,0.0953177735209465,0.2794966399669647,263344,28,8,False,Left,Front,Right,Centre,60
<_io.BytesIO object at 0x000001DA0EA1C810>,0.5900342464447021,0.19169941544532776,0.33395349979400635,263345,28,8,False,Left,Front,Right,Centre,60
<_io.BytesIO object at 0x000001DA0EA1C6D0>,0.52967369556427,0.15397347509860992,0.27435576915740967,263345,28,8,False,Left,Front,Right,Centre,60
<_io.BytesIO object at 0x000001DA0EA1C180>,0.5324497818946838,0.11807747185230255,0.3009498417377472,263345,28,8,False,Left,Front,Right,Centre,60
<_io.BytesIO object at 0x000001DA0EA1C090>,0.6187220215797424,0.1094253733754158,0.3101198077201843,263345,28,8,False,Left,Front,Right,Centre,60
<_io.BytesIO object at 0x000001DA0EA1B360>,0.561654806137085,0.0953177735209465,0.2794966399669647,263345,28,8,False,Left,Front,Right,Centre,60
<_io.BytesIO object at 0x000001DA0BCAC040>,0.5900342464447021,0.19169941544532776,0.33395349979400635,263346,28,8,False,Left,Front,Right,Centre,60
<_io.BytesIO object at 0x000001DA0BCACC20>,0.52967369556427,0.15397347509860992,0.27435576915740967,263346,28,8,False,Left,Front,Right,Centre,60
<_io.BytesIO object at 0x000001DA0EA1BE00>,0.5324497818946838,0.11807747185230255,0.3009498417377472,263346,28,8,False,Left,Front,Right,Centre,60
<_io.BytesIO object at 0x000001DA0EA1B130>,0.6187220215797424,0.1094253733754158,0.3101198077201843,263346,28,8,False,Left,Front,Right,Centre,60
<_io.BytesIO object at 0x000001DA0EA1B9A0>,0.561654806137085,0.0953177735209465,0.2794966399669647,263346,28,8,False,Left,Front,Right,Centre,60
<_io.BytesIO object at 0x000001DA0BCBF540>,0.5900342464447021,0.19169941544532776,0.33395349979400635,263347,28,8,False,Left,Front,Right,Centre,60
<_io.BytesIO object at 0x000001DA0BCB2900>,0.52967369556427,0.15397347509860992,0.27435576915740967,263347,28,8,False,Left,Front,Right,Centre,60
<_io.BytesIO object at 0x000001DA0BCB2810>,0.5324497818946838,0.11807747185230255,0.3009498417377472,263347,28,8,False,Left,Front,Right,Centre,60
<_io.BytesIO object at 0x000001DA0BCB2400>,0.6187220215797424,0.1094253733754158,0.3101198077201843,263347,28,8,False,Left,Front,Right,Centre,60
<_io.BytesIO object at 0x000001DA0BCB2950>,0.561654806137085,0.0953177735209465,0.2794966399669647,263347,28,8,False,Left,Front,Right,Centre,60
<_io.BytesIO object at 0x000001DA0BCE79F0>,0.5900342464447021,0.19169941544532776,0.33395349979400635,263348,28,8,False,Left,Front,Right,Centre,60
<_io.BytesIO object at 0x000001DA0BCE7CC0>,0.52967369556427,0.15397347509860992,0.27435576915740967,263348,28,8,False,Left,Front,Right,Centre,60
<_io.BytesIO object at 0x000001DA0BCE7400>,0.5324497818946838,0.11807747185230255,0.3009498417377472,263348,28,8,False,Left,Front,Right,Centre,60
<_io.BytesIO object at 0x000001DA0BCE70E0>,0.6187220215797424,0.1094253733754158,0.3101198077201843,263348,28,8,False,Left,Front,Right,Centre,60
<_io.BytesIO object at 0x000001DA0BCE7180>,0.561654806137085,0.0953177735209465,0.2794966399669647,263348,28,8,False,Left,Front,Right,Centre,60
<_io.BytesIO object at 0x000001DA0EA3FE50>,0.5900342464447021,0.19169941544532776,0.33395349979400635,263349,28,8,False,Left,Front,Right,Centre,60
<_io.BytesIO object at 0x000001DA0EA3F590>,0.52967369556427,0.15397347509860992,0.27435576915740967,263349,28,8,False,Left,Front,Right,Centre,60
<_io.BytesIO object at 0x000001DA0EA1C360>,0.5324497818946838,0.11807747185230255,0.3009498417377472,263349,28,8,False,Left,Front,Right,Centre,60
<_io.BytesIO object at 0x000001DA0EA1C180>,0.6187220215797424,0.1094253733754158,0.3101198077201843,263349,28,8,False,Left,Front,Right,Centre,60
<_io.BytesIO object at 0x000001DA0EA1C900>,0.561654806137085,0.0953177735209465,0.2794966399669647,263349,28,8,False,Left,Front,Right,Centre,60
<_io.BytesIO object at 0x000001DA0EA3F770>,0.5900342464447021,0.19169941544532776,0.33395349979400635,263350,28,8,False,Left,Front,Right,Centre,60
<_io.BytesIO object at 0x000001DA0EA3F400>,0.52967369556427,0.15397347509860992,0.27435576915740967,263350,28,8,False,Left,Front,Right,Centre,60
<_io.BytesIO object at 0x000001DA0EA3F270>,0.5324497818946838,0.11807747185230255,0.3009498417377472,263350,28,8,False,Left,Front,Right,Centre,60
<_io.BytesIO object at 0x000001DA0EA3FCC0>,0.6187220215797424,0.1094253733754158,0.3101198077201843,263350,28,8,False,Left,Front,Right,Centre,60
<_io.BytesIO object at 0x000001DA0EA3FB80>,0.561654806137085,0.0953177735209465,0.2794966399669647,263350,28,8,False,Left,Front,Right,Centre,60
<_io.BytesIO object at 0x000001DA0BCE7360>,0.5900342464447021,0.19169941544532776,0.33395349979400635,263351,28,8,False,Left,Front,Right,Centre,60
<_io.BytesIO object at 0x000001DA0BCE7CC0>,0.52967369556427,0.15397347509860992,0.27435576915740967,263351,28,8,False,Left,Front,Right,Centre,60
<_io.BytesIO object at 0x000001DA0BCE78B0>,0.5324497818946838,0.11807747185230255,0.3009498417377472,263351,28,8,False,Left,Front,Right,Centre,60
<_io.BytesIO object at 0x000001DA0BCE7DB0>,0.6187220215797424,0.1094253733754158,0.3101198077201843,263351,28,8,False,Left,Front,Right,Centre,60
<_io.BytesIO object at 0x000001DA0BCE7C20>,0.561654806137085,0.0953177735209465,0.2794966399669647,263351,28,8,False,Left,Front,Right,Centre,60
<_io.BytesIO object at 0x000001DA0BCB2310>,0.5900342464447021,0.19169941544532776,0.33395349979400635,263352,28,8,False,Left,Front,Right,Centre,60
<_io.BytesIO object at 0x000001DA0BCB2450>,0.52967369556427,0.15397347509860992,0.27435576915740967,263352,28,8,False,Left,Front,Right,Centre,60
<_io.BytesIO object at 0x000001DA0BCB2CC0>,0.5324497818946838,0.11807747185230255,0.3009498417377472,263352,28,8,False,Left,Front,Right,Centre,60
<_io.BytesIO object at 0x000001DA0BCB2810>,0.6187220215797424,0.1094253733754158,0.3101198077201843,263352,28,8,False,Left,Front,Right,Centre,60
<_io.BytesIO object at 0x000001DA0BCB20E0>,0.561654806137085,0.0953177735209465,0.2794966399669647,263352,28,8,False,Left,Front,Right,Centre,60
<_io.BytesIO object at 0x000001DA0EA1BEA0>,0.5900342464447021,0.19169941544532776,0.33395349979400635,263353,28,8,False,Left,Front,Right,Centre,60
<_io.BytesIO object at 0x000001DA0EA1C450>,0.52967369556427,0.15397347509860992,0.27435576915740967,263353,28,8,False,Left,Front,Right,Centre,60
<_io.BytesIO object at 0x000001DA0EA1CB30>,0.5324497818946838,0.11807747185230255,0.3009498417377472,263353,28,8,False,Left,Front,Right,Centre,60
<_io.BytesIO object at 0x000001DA0EA1CA40>,0.6187220215797424,0.1094253733754158,0.3101198077201843,263353,28,8,False,Left,Front,Right,Centre,60
<_io.BytesIO object at 0x000001DA0EA1CD10>,0.561654806137085,0.0953177735209465,0.2794966399669647,263353,28,8,False,Left,Front,Right,Centre,60
<_io.BytesIO object at 0x000001DA0BC95D10>,0.5900342464447021,0.19169941544532776,0.33395349979400635,263354,28,8,False,Left,Front,Right,Centre,60
<_io.BytesIO object at 0x000001DA0EA179F0>,0.52967369556427,0.15397347509860992,0.27435576915740967,263354,28,8,False,Left,Front,Right,Centre,60
<_io.BytesIO object at 0x000001DA0EA17D60>,0.5324497818946838,0.11807747185230255,0.3009498417377472,263354,28,8,False,Left,Front,Right,Centre,60
<_io.BytesIO object at 0x000001DA0EA17C20>,0.6187220215797424,0.1094253733754158,0.3101198077201843,263354,28,8,False,Left,Front,Right,Centre,60
<_io.BytesIO object at 0x000001DA0EA17630>,0.561654806137085,0.0953177735209465,0.2794966399669647,263354,28,8,False,Left,Front,Right,Centre,60
<_io.BytesIO object at 0x000001DA0EA17D10>,0.5900342464447021,0.19169941544532776,0.33395349979400635,263355,28,8,False,Left,Front,Right,Centre,60
<_io.BytesIO object at 0x000001DA0EA178B0>,0.52967369556427,0.15397347509860992,0.27435576915740967,263355,28,8,False,Left,Front,Right,Centre,60
<_io.BytesIO object at 0x000001DA0EA17EA0>,0.5324497818946838,0.11807747185230255,0.3009498417377472,263355,28,8,False,Left,Front,Right,Centre,60
<_io.BytesIO object at 0x000001DA0EA17720>,0.6187220215797424,0.1094253733754158,0.3101198077201843,263355,28,8,False,Left,Front,Right,Centre,60
<_io.BytesIO object at 0x000001DA0EA17D60>,0.561654806137085,0.0953177735209465,0.2794966399669647,263355,28,8,False,Left,Front,Right,Centre,60
<_io.BytesIO object at 0x000001DA0EA1B680>,0.5900342464447021,0.19169941544532776,0.33395349979400635,263356,28,8,False,Left,Front,Right,Centre,60
<_io.BytesIO object at 0x000001DA0EA1B860>,0.52967369556427,0.15397347509860992,0.27435576915740967,263356,28,8,False,Left,Front,Right,Centre,60
<_io.BytesIO object at 0x000001DA0EA1B9F0>,0.5324497818946838,0.11807747185230255,0.3009498417377472,263356,28,8,False,Left,Front,Right,Centre,60
<_io.BytesIO object at 0x000001DA0EA1B630>,0.6187220215797424,0.1094253733754158,0.3101198077201843,263356,28,8,False,Left,Front,Right,Centre,60
<_io.BytesIO object at 0x000001DA0BCF22C0>,0.561654806137085,0.0953177735209465,0.2794966399669647,263356,28,8,False,Left,Front,Right,Centre,60
<_io.BytesIO object at 0x000001DA0BCB2720>,0.5900342464447021,0.19169941544532776,0.33395349979400635,263357,28,8,False,Left,Front,Right,Centre,60
<_io.BytesIO object at 0x000001DA0BCB2D60>,0.52967369556427,0.15397347509860992,0.27435576915740967,263357,28,8,False,Left,Front,Right,Centre,60
<_io.BytesIO object at 0x000001DA0BC85F40>,0.5324497818946838,0.11807747185230255,0.3009498417377472,263357,28,8,False,Left,Front,Right,Centre,60
<_io.BytesIO object at 0x000001DA0BC85AE0>,0.6187220215797424,0.1094253733754158,0.3101198077201843,263357,28,8,False,Left,Front,Right,Centre,60
<_io.BytesIO object at 0x000001DA0BC85950>,0.561654806137085,0.0953177735209465,0.2794966399669647,263357,28,8,False,Left,Front,Right,Centre,60
<_io.BytesIO object at 0x000001DA0BCE74F0>,0.5900342464447021,0.19169941544532776,0.33395349979400635,263358,28,8,False,Left,Front,Right,Centre,60
<_io.BytesIO object at 0x000001DA0BC955E0>,0.52967369556427,0.15397347509860992,0.27435576915740967,263358,28,8,False,Left,Front,Right,Centre,60
<_io.BytesIO object at 0x000001DA0BC95950>,0.5324497818946838,0.11807747185230255,0.3009498417377472,263358,28,8,False,Left,Front,Right,Centre,60
<_io.BytesIO object at 0x000001DA0BC95EF0>,0.6187220215797424,0.1094253733754158,0.3101198077201843,263358,28,8,False,Left,Front,Right,Centre,60
<_io.BytesIO object at 0x000001DA0BC95220>,0.561654806137085,0.0953177735209465,0.2794966399669647,263358,28,8,False,Left,Front,Right,Centre,60
<_io.BytesIO object at 0x000001DA0BC9AC20>,0.5900342464447021,0.19169941544532776,0.33395349979400635,263359,28,8,False,Left,Front,Right,Centre,60
<_io.BytesIO object at 0x000001DA0EA3FEA0>,0.52967369556427,0.15397347509860992,0.27435576915740967,263359,28,8,False,Left,Front,Right,Centre,60
<_io.BytesIO object at 0x000001DA0EA3F4F0>,0.5324497818946838,0.11807747185230255,0.3009498417377472,263359,28,8,False,Left,Front,Right,Centre,60
<_io.BytesIO object at 0x000001DA0EA3FD10>,0.6187220215797424,0.1094253733754158,0.3101198077201843,263359,28,8,False,Left,Front,Right,Centre,60
<_io.BytesIO object at 0x000001DA0EA3F3B0>,0.561654806137085,0.0953177735209465,0.2794966399669647,263359,28,8,False,Left,Front,Right,Centre,60
<_io.BytesIO object at 0x000001DA0BC955E0>,0.5900342464447021,0.19169941544532776,0.33395349979400635,263360,28,8,False,Left,Front,Right,Centre,60
<_io.BytesIO object at 0x000001DA0BCE74F0>,0.52967369556427,0.15397347509860992,0.27435576915740967,263360,28,8,False,Left,Front,Right,Centre,60
<_io.BytesIO object at 0x000001DA0BCE7B80>,0.5324497818946838,0.11807747185230255,0.3009498417377472,263360,28,8,False,Left,Front,Right,Centre,60
<_io.BytesIO object at 0x000001DA0BCE7E00>,0.6187220215797424,0.1094253733754158,0.3101198077201843,263360,28,8,False,Left,Front,Right,Centre,60
<_io.BytesIO object at 0x000001DA0BCE7810>,0.561654806137085,0.0953177735209465,0.2794966399669647,263360,28,8,False,Left,Front,Right,Centre,60
<_io.BytesIO object at 0x000001DA0BC85A40>,0.5900342464447021,0.19169941544532776,0.33395349979400635,263361,28,8,False,Left,Front,Right,Centre,60
<_io.BytesIO object at 0x000001DA0BCB2720>,0.52967369556427,0.15397347509860992,0.27435576915740967,263361,28,8,False,Left,Front,Right,Centre,60
<_io.BytesIO object at 0x000001DA0BCB2EA0>,0.5324497818946838,0.11807747185230255,0.3009498417377472,263361,28,8,False,Left,Front,Right,Centre,60
<_io.BytesIO object at 0x000001DA0BCB22C0>,0.6187220215797424,0.1094253733754158,0.3101198077201843,263361,28,8,False,Left,Front,Right,Centre,60
<_io.BytesIO object at 0x000001DA0BCB21D0>,0.561654806137085,0.0953177735209465,0.2794966399669647,263361,28,8,False,Left,Front,Right,Centre,60
<_io.BytesIO object at 0x000001DA0EA1B900>,0.5900342464447021,0.19169941544532776,0.33395349979400635,263362,28,8,False,Left,Front,Right,Centre,60
<_io.BytesIO object at 0x000001DA0EA1B680>,0.52967369556427,0.15397347509860992,0.27435576915740967,263362,28,8,False,Left,Front,Right,Centre,60
<_io.BytesIO object at 0x000001DA0EA1B2C0>,0.5324497818946838,0.11807747185230255,0.3009498417377472,263362,28,8,False,Left,Front,Right,Centre,60
<_io.BytesIO object at 0x000001DA0EA1BEF0>,0.6187220215797424,0.1094253733754158,0.3101198077201843,263362,28,8,False,Left,Front,Right,Centre,60
<_io.BytesIO object at 0x000001DA0EA1C130>,0.561654806137085,0.0953177735209465,0.2794966399669647,263362,28,8,False,Left,Front,Right,Centre,60
<_io.BytesIO object at 0x000001DA0BC9AE00>,0.5900342464447021,0.19169941544532776,0.33395349979400635,263363,28,8,False,Left,Front,Right,Centre,60
<_io.BytesIO object at 0x000001DA0BC9AA40>,0.52967369556427,0.15397347509860992,0.27435576915740967,263363,28,8,False,Left,Front,Right,Centre,60
<_io.BytesIO object at 0x000001DA0EA17630>,0.5324497818946838,0.11807747185230255,0.3009498417377472,263363,28,8,False,Left,Front,Right,Centre,60
<_io.BytesIO object at 0x000001DA0EA17310>,0.6187220215797424,0.1094253733754158,0.3101198077201843,263363,28,8,False,Left,Front,Right,Centre,60
<_io.BytesIO object at 0x000001DA0EA17720>,0.561654806137085,0.0953177735209465,0.2794966399669647,263363,28,8,False,Left,Front,Right,Centre,60
<_io.BytesIO object at 0x000001DA0EA3F7C0>,0.5900342464447021,0.19169941544532776,0.33395349979400635,263364,28,8,False,Left,Front,Right,Centre,60
<_io.BytesIO object at 0x000001DA0E9DF400>,0.52967369556427,0.15397347509860992,0.27435576915740967,263364,28,8,False,Left,Front,Right,Centre,60
<_io.BytesIO object at 0x000001DA0BC80090>,0.5324497818946838,0.11807747185230255,0.3009498417377472,263364,28,8,False,Left,Front,Right,Centre,60
<_io.BytesIO object at 0x000001DA0BC80720>,0.6187220215797424,0.1094253733754158,0.3101198077201843,263364,28,8,False,Left,Front,Right,Centre,60
<_io.BytesIO object at 0x000001DA0BC80590>,0.561654806137085,0.0953177735209465,0.2794966399669647,263364,28,8,False,Left,Front,Right,Centre,60
<_io.BytesIO object at 0x000001DA0BCACF40>,0.5900342464447021,0.19169941544532776,0.33395349979400635,263365,28,8,False,Left,Front,Right,Centre,60
<_io.BytesIO object at 0x000001DA0BCACDB0>,0.52967369556427,0.15397347509860992,0.27435576915740967,263365,28,8,False,Left,Front,Right,Centre,60
<_io.BytesIO object at 0x000001DA0BCACB30>,0.5324497818946838,0.11807747185230255,0.3009498417377472,263365,28,8,False,Left,Front,Right,Centre,60
<_io.BytesIO object at 0x000001DA0BCAC0E0>,0.6187220215797424,0.1094253733754158,0.3101198077201843,263365,28,8,False,Left,Front,Right,Centre,60
<_io.BytesIO object at 0x000001DA0BCAC680>,0.561654806137085,0.0953177735209465,0.2794966399669647,263365,28,8,False,Left,Front,Right,Centre,60
<_io.BytesIO object at 0x000001DA0BCF29A0>,0.5900342464447021,0.19169941544532776,0.33395349979400635,263366,28,8,False,Left,Front,Right,Centre,60
<_io.BytesIO object at 0x000001DA0BCBFB80>,0.52967369556427,0.15397347509860992,0.27435576915740967,263366,28,8,False,Left,Front,Right,Centre,60
<_io.BytesIO object at 0x000001DA0BCBF2C0>,0.5324497818946838,0.11807747185230255,0.3009498417377472,263366,28,8,False,Left,Front,Right,Centre,60
<_io.BytesIO object at 0x000001DA0BCBFDB0>,0.6187220215797424,0.1094253733754158,0.3101198077201843,263366,28,8,False,Left,Front,Right,Centre,60
<_io.BytesIO object at 0x000001DA0BCBFC20>,0.561654806137085,0.0953177735209465,0.2794966399669647,263366,28,8,False,Left,Front,Right,Centre,60
<_io.BytesIO object at 0x000001DA0BC81590>,0.5900342464447021,0.19169941544532776,0.33395349979400635,263367,28,8,False,Left,Front,Right,Centre,60
<_io.BytesIO object at 0x000001DA0BC81C70>,0.52967369556427,0.15397347509860992,0.27435576915740967,263367,28,8,False,Left,Front,Right,Centre,60
<_io.BytesIO object at 0x000001DA0BC81D60>,0.5324497818946838,0.11807747185230255,0.3009498417377472,263367,28,8,False,Left,Front,Right,Centre,60
<_io.BytesIO object at 0x000001DA0BC81EA0>,0.6187220215797424,0.1094253733754158,0.3101198077201843,263367,28,8,False,Left,Front,Right,Centre,60
<_io.BytesIO object at 0x000001DA0BC819A0>,0.561654806137085,0.0953177735209465,0.2794966399669647,263367,28,8,False,Left,Front,Right,Centre,60
<_io.BytesIO object at 0x000001DA0BC95CC0>,0.5900342464447021,0.19169941544532776,0.33395349979400635,263368,28,8,False,Left,Front,Right,Centre,60
<_io.BytesIO object at 0x000001DA7EFF5630>,0.52967369556427,0.15397347509860992,0.27435576915740967,263368,28,8,False,Left,Front,Right,Centre,60
<_io.BytesIO object at 0x000001DA0BC9C1D0>,0.5324497818946838,0.11807747185230255,0.3009498417377472,263368,28,8,False,Left,Front,Right,Centre,60
<_io.BytesIO object at 0x000001DA0BC9CAE0>,0.6187220215797424,0.1094253733754158,0.3101198077201843,263368,28,8,False,Left,Front,Right,Centre,60
<_io.BytesIO object at 0x000001DA0BC9C9F0>,0.561654806137085,0.0953177735209465,0.2794966399669647,263368,28,8,False,Left,Front,Right,Centre,60
<_io.BytesIO object at 0x000001DA0EA3F810>,0.5900342464447021,0.19169941544532776,0.33395349979400635,263369,28,8,False,Left,Front,Right,Centre,60
<_io.BytesIO object at 0x000001DA0EA3FEA0>,0.52967369556427,0.15397347509860992,0.27435576915740967,263369,28,8,False,Left,Front,Right,Centre,60
<_io.BytesIO object at 0x000001DA0BC9CB30>,0.5324497818946838,0.11807747185230255,0.3009498417377472,263369,28,8,False,Left,Front,Right,Centre,60
<_io.BytesIO object at 0x000001DA0BC9C0E0>,0.6187220215797424,0.1094253733754158,0.3101198077201843,263369,28,8,False,Left,Front,Right,Centre,60
<_io.BytesIO object at 0x000001DA0BC9CCC0>,0.561654806137085,0.0953177735209465,0.2794966399669647,263369,28,8,False,Left,Front,Right,Centre,60
<_io.BytesIO object at 0x000001DA0BCE7EF0>,0.5900342464447021,0.19169941544532776,0.33395349979400635,263370,28,8,False,Left,Front,Right,Centre,60
<_io.BytesIO object at 0x000001DA0BCE7D60>,0.52967369556427,0.15397347509860992,0.27435576915740967,263370,28,8,False,Left,Front,Right,Centre,60
<_io.BytesIO object at 0x000001DA0BCE7C20>,0.5324497818946838,0.11807747185230255,0.3009498417377472,263370,28,8,False,Left,Front,Right,Centre,60
<_io.BytesIO object at 0x000001DA0BCE73B0>,0.6187220215797424,0.1094253733754158,0.3101198077201843,263370,28,8,False,Left,Front,Right,Centre,60
<_io.BytesIO object at 0x000001DA0BC81C20>,0.561654806137085,0.0953177735209465,0.2794966399669647,263370,28,8,False,Left,Front,Right,Centre,60
<_io.BytesIO object at 0x000001DA0BCB21D0>,0.5900342464447021,0.19169941544532776,0.33395349979400635,263371,28,8,False,Left,Front,Right,Centre,60
<_io.BytesIO object at 0x000001DA0BCB2810>,0.52967369556427,0.15397347509860992,0.27435576915740967,263371,28,8,False,Left,Front,Right,Centre,60
<_io.BytesIO object at 0x000001DA0BCB2950>,0.5324497818946838,0.11807747185230255,0.3009498417377472,263371,28,8,False,Left,Front,Right,Centre,60
<_io.BytesIO object at 0x000001DA0BCB2CC0>,0.6187220215797424,0.1094253733754158,0.3101198077201843,263371,28,8,False,Left,Front,Right,Centre,60
<_io.BytesIO object at 0x000001DA0BCBF680>,0.561654806137085,0.0953177735209465,0.2794966399669647,263371,28,8,False,Left,Front,Right,Centre,60
<_io.BytesIO object at 0x000001DA0EA1C270>,0.5900342464447021,0.19169941544532776,0.33395349979400635,263372,28,8,False,Left,Front,Right,Centre,60
<_io.BytesIO object at 0x000001DA0EA1C810>,0.52967369556427,0.15397347509860992,0.27435576915740967,263372,28,8,False,Left,Front,Right,Centre,60
<_io.BytesIO object at 0x000001DA0EA1C540>,0.5324497818946838,0.11807747185230255,0.3009498417377472,263372,28,8,False,Left,Front,Right,Centre,60
<_io.BytesIO object at 0x000001DA0EA1C590>,0.6187220215797424,0.1094253733754158,0.3101198077201843,263372,28,8,False,Left,Front,Right,Centre,60
<_io.BytesIO object at 0x000001DA0EA1C860>,0.561654806137085,0.0953177735209465,0.2794966399669647,263372,28,8,False,Left,Front,Right,Centre,60
<_io.BytesIO object at 0x000001DA0EA176D0>,0.5900342464447021,0.19169941544532776,0.33395349979400635,263373,28,8,False,Left,Front,Right,Centre,60
<_io.BytesIO object at 0x000001DA0EA17B80>,0.52967369556427,0.15397347509860992,0.27435576915740967,263373,28,8,False,Left,Front,Right,Centre,60
<_io.BytesIO object at 0x000001DA0EA17D10>,0.5324497818946838,0.11807747185230255,0.3009498417377472,263373,28,8,False,Left,Front,Right,Centre,60
<_io.BytesIO object at 0x000001DA0EA17A90>,0.6187220215797424,0.1094253733754158,0.3101198077201843,263373,28,8,False,Left,Front,Right,Centre,60
<_io.BytesIO object at 0x000001DA0BC80400>,0.561654806137085,0.0953177735209465,0.2794966399669647,263373,28,8,False,Left,Front,Right,Centre,60
<_io.BytesIO object at 0x000001DA0BCAC630>,0.5900342464447021,0.19169941544532776,0.33395349979400635,263374,28,8,False,Left,Front,Right,Centre,60
<_io.BytesIO object at 0x000001DA0BCACB30>,0.52967369556427,0.15397347509860992,0.27435576915740967,263374,28,8,False,Left,Front,Right,Centre,60
<_io.BytesIO object at 0x000001DA0BCAC450>,0.5324497818946838,0.11807747185230255,0.3009498417377472,263374,28,8,False,Left,Front,Right,Centre,60
<_io.BytesIO object at 0x000001DA0BCAC9F0>,0.6187220215797424,0.1094253733754158,0.3101198077201843,263374,28,8,False,Left,Front,Right,Centre,60
<_io.BytesIO object at 0x000001DA0EA1C770>,0.561654806137085,0.0953177735209465,0.2794966399669647,263374,28,8,False,Left,Front,Right,Centre,60
<_io.BytesIO object at 0x000001DA0BCBF5E0>,0.5900342464447021,0.19169941544532776,0.33395349979400635,263375,28,8,False,Left,Front,Right,Centre,60
<_io.BytesIO object at 0x000001DA0BCB25E0>,0.52967369556427,0.15397347509860992,0.27435576915740967,263375,28,8,False,Left,Front,Right,Centre,60
<_io.BytesIO object at 0x000001DA0BCB2950>,0.5324497818946838,0.11807747185230255,0.3009498417377472,263375,28,8,False,Left,Front,Right,Centre,60
<_io.BytesIO object at 0x000001DA0BCB2D10>,0.6187220215797424,0.1094253733754158,0.3101198077201843,263375,28,8,False,Left,Front,Right,Centre,60
<_io.BytesIO object at 0x000001DA0BCB2A40>,0.561654806137085,0.0953177735209465,0.2794966399669647,263375,28,8,False,Left,Front,Right,Centre,60
<_io.BytesIO object at 0x000001DA0BC814F0>,0.5900342464447021,0.19169941544532776,0.33395349979400635,263376,28,8,False,Left,Front,Right,Centre,60
<_io.BytesIO object at 0x000001DA0BCE7590>,0.52967369556427,0.15397347509860992,0.27435576915740967,263376,28,8,False,Left,Front,Right,Centre,60
<_io.BytesIO object at 0x000001DA0BCE7C20>,0.5324497818946838,0.11807747185230255,0.3009498417377472,263376,28,8,False,Left,Front,Right,Centre,60
<_io.BytesIO object at 0x000001DA0BCE78B0>,0.6187220215797424,0.1094253733754158,0.3101198077201843,263376,28,8,False,Left,Front,Right,Centre,60
<_io.BytesIO object at 0x000001DA0BCE7810>,0.561654806137085,0.0953177735209465,0.2794966399669647,263376,28,8,False,Left,Front,Right,Centre,60
<_io.BytesIO object at 0x000001DA0BC9CCC0>,0.5900342464447021,0.19169941544532776,0.33395349979400635,263377,28,8,False,Left,Front,Right,Centre,60
<_io.BytesIO object at 0x000001DA0BC9CC20>,0.52967369556427,0.15397347509860992,0.27435576915740967,263377,28,8,False,Left,Front,Right,Centre,60
<_io.BytesIO object at 0x000001DA0BC9C8B0>,0.5324497818946838,0.11807747185230255,0.3009498417377472,263377,28,8,False,Left,Front,Right,Centre,60
<_io.BytesIO object at 0x000001DA0EA1BD10>,0.6187220215797424,0.1094253733754158,0.3101198077201843,263377,28,8,False,Left,Front,Right,Centre,60
<_io.BytesIO object at 0x000001DA0EA1BEF0>,0.561654806137085,0.0953177735209465,0.2794966399669647,263377,28,8,False,Left,Front,Right,Centre,60
<_io.BytesIO object at 0x000001DA0BC80B80>,0.5900342464447021,0.19169941544532776,0.33395349979400635,263378,28,8,False,Left,Front,Right,Centre,60
<_io.BytesIO object at 0x000001DA0E9DF4F0>,0.52967369556427,0.15397347509860992,0.27435576915740967,263378,28,8,False,Left,Front,Right,Centre,60
<_io.BytesIO object at 0x000001DA0EA3FB30>,0.5324497818946838,0.11807747185230255,0.3009498417377472,263378,28,8,False,Left,Front,Right,Centre,60
<_io.BytesIO object at 0x000001DA0EA3FF90>,0.6187220215797424,0.1094253733754158,0.3101198077201843,263378,28,8,False,Left,Front,Right,Centre,60
<_io.BytesIO object at 0x000001DA0EA3FE00>,0.561654806137085,0.0953177735209465,0.2794966399669647,263378,28,8,False,Left,Front,Right,Centre,60
<_io.BytesIO object at 0x000001DA7EFF5720>,0.5900342464447021,0.19169941544532776,0.33395349979400635,263379,28,8,False,Left,Front,Right,Centre,60
<_io.BytesIO object at 0x000001DA0BC95C70>,0.52967369556427,0.15397347509860992,0.27435576915740967,263379,28,8,False,Left,Front,Right,Centre,60
<_io.BytesIO object at 0x000001DA0BC954F0>,0.5324497818946838,0.11807747185230255,0.3009498417377472,263379,28,8,False,Left,Front,Right,Centre,60
<_io.BytesIO object at 0x000001DA0BC952C0>,0.6187220215797424,0.1094253733754158,0.3101198077201843,263379,28,8,False,Left,Front,Right,Centre,60
<_io.BytesIO object at 0x000001DA0BC95E00>,0.561654806137085,0.0953177735209465,0.2794966399669647,263379,28,8,False,Left,Front,Right,Centre,60
<_io.BytesIO object at 0x000001DA0BC81810>,0.5900342464447021,0.19169941544532776,0.33395349979400635,263380,28,8,False,Left,Front,Right,Centre,60
<_io.BytesIO object at 0x000001DA0BC85360>,0.52967369556427,0.15397347509860992,0.27435576915740967,263380,28,8,False,Left,Front,Right,Centre,60
<_io.BytesIO object at 0x000001DA0BC85D60>,0.5324497818946838,0.11807747185230255,0.3009498417377472,263380,28,8,False,Left,Front,Right,Centre,60
<_io.BytesIO object at 0x000001DA0BC85EA0>,0.6187220215797424,0.1094253733754158,0.3101198077201843,263380,28,8,False,Left,Front,Right,Centre,60
<_io.BytesIO object at 0x000001DA0BC85950>,0.561654806137085,0.0953177735209465,0.2794966399669647,263380,28,8,False,Left,Front,Right,Centre,60
<_io.BytesIO object at 0x000001DA0BCF2360>,0.5900342464447021,0.19169941544532776,0.33395349979400635,263381,28,8,False,Left,Front,Right,Centre,60
<_io.BytesIO object at 0x000001DA0BCF2C20>,0.52967369556427,0.15397347509860992,0.27435576915740967,263381,28,8,False,Left,Front,Right,Centre,60
<_io.BytesIO object at 0x000001DA0BCF23B0>,0.5324497818946838,0.11807747185230255,0.3009498417377472,263381,28,8,False,Left,Front,Right,Centre,60
<_io.BytesIO object at 0x000001DA0BCF2090>,0.6187220215797424,0.1094253733754158,0.3101198077201843,263381,28,8,False,Left,Front,Right,Centre,60
<_io.BytesIO object at 0x000001DA0BCF2450>,0.561654806137085,0.0953177735209465,0.2794966399669647,263381,28,8,False,Left,Front,Right,Centre,60
<_io.BytesIO object at 0x000001DA0BC9A220>,0.5900342464447021,0.19169941544532776,0.33395349979400635,263382,28,8,False,Left,Front,Right,Centre,60
<_io.BytesIO object at 0x000001DA0BC9A540>,0.52967369556427,0.15397347509860992,0.27435576915740967,263382,28,8,False,Left,Front,Right,Centre,60
<_io.BytesIO object at 0x000001DA0BC9A950>,0.5324497818946838,0.11807747185230255,0.3009498417377472,263382,28,8,False,Left,Front,Right,Centre,60
<_io.BytesIO object at 0x000001DA0EA17EA0>,0.6187220215797424,0.1094253733754158,0.3101198077201843,263382,28,8,False,Left,Front,Right,Centre,60
<_io.BytesIO object at 0x000001DA0EA174A0>,0.561654806137085,0.0953177735209465,0.2794966399669647,263382,28,8,False,Left,Front,Right,Centre,60
<_io.BytesIO object at 0x000001DA0BC80D60>,0.5900342464447021,0.19169941544532776,0.33395349979400635,263383,28,8,False,Left,Front,Right,Centre,60
<_io.BytesIO object at 0x000001DA0EA17BD0>,0.52967369556427,0.15397347509860992,0.27435576915740967,263383,28,8,False,Left,Front,Right,Centre,60
<_io.BytesIO object at 0x000001DA0EA17040>,0.5324497818946838,0.11807747185230255,0.3009498417377472,263383,28,8,False,Left,Front,Right,Centre,60
<_io.BytesIO object at 0x000001DA0EA177C0>,0.6187220215797424,0.1094253733754158,0.3101198077201843,263383,28,8,False,Left,Front,Right,Centre,60
<_io.BytesIO object at 0x000001DA0EA17AE0>,0.561654806137085,0.0953177735209465,0.2794966399669647,263383,28,8,False,Left,Front,Right,Centre,60
<_io.BytesIO object at 0x000001DA0EA1C7C0>,0.5900342464447021,0.19169941544532776,0.33395349979400635,263384,28,8,False,Left,Front,Right,Centre,60
<_io.BytesIO object at 0x000001DA0EA1C130>,0.52967369556427,0.15397347509860992,0.27435576915740967,263384,28,8,False,Left,Front,Right,Centre,60
<_io.BytesIO object at 0x000001DA0EA1CAE0>,0.5324497818946838,0.11807747185230255,0.3009498417377472,263384,28,8,False,Left,Front,Right,Centre,60
<_io.BytesIO object at 0x000001DA0EA1C220>,0.6187220215797424,0.1094253733754158,0.3101198077201843,263384,28,8,False,Left,Front,Right,Centre,60
<_io.BytesIO object at 0x000001DA0EA1CC20>,0.561654806137085,0.0953177735209465,0.2794966399669647,263384,28,8,False,Left,Front,Right,Centre,60
