_io,asset_ID,pos_x,pos_y,pos_z,rot_w,rot_x,rot_y,rot_z,error,tracking_valid,frame,trial_num,block_num,practicing,left_right_hand,palm_back_hand,target_loc,distractor_loc,participant_id
<_io.BytesIO object at 0x00000254334CF1D0>,1060319291,0.12728001177310944,0.24271349608898163,2.802596928649634e-45,1.064986832886861e-43,1.401298464324817e-45,0.6780809760093689,0.0941922515630722,0.2878936231136322,30770,187769,45,4,False,Right,Front,Left,Centre,78
<_io.BytesIO object at 0x00000254334CF400>,1060781609,0.06918869912624359,0.34685420989990234,2.802596928649634e-45,1.064986832886861e-43,1.401298464324817e-45,0.7550097703933716,0.08049207180738449,0.2949203848838806,7872,187798,45,4,False,Right,Front,Left,Centre,78
<_io.BytesIO object at 0x00000254334C89A0>,1060794677,0.06936779618263245,0.3469151258468628,2.802596928649634e-45,1.064986832886861e-43,1.401298464324817e-45,0.7556132674217224,0.08044468611478806,0.29494085907936096,-21003,187799,45,4,False,Right,Front,Left,Centre,78
<_io.BytesIO object at 0x00000254334B1E00>,1060803823,0.06968741118907928,0.3470276892185211,2.802596928649634e-45,1.064986832886861e-43,1.401298464324817e-45,0.7562319040298462,0.08043347299098969,0.295030415058136,26732,187800,45,4,False,Right,Front,Left,Centre,78
<_io.BytesIO object at 0x00000254334B7F40>,1060810098,0.0694873258471489,0.3465421199798584,2.802596928649634e-45,1.064986832886861e-43,1.401298464324817e-45,0.7566965818405151,0.08034490793943405,0.294975221157074,22661,187801,45,4,False,Right,Front,Left,Centre,78
<_io.BytesIO object at 0x00000254334BC9F0>,1060817609,0.07040572911500931,0.34660497307777405,2.802596928649634e-45,1.064986832886861e-43,1.401298464324817e-45,0.7568112015724182,0.08048862218856812,0.2948310077190399,23226,187802,45,4,False,Right,Front,Left,Centre,78
<_io.BytesIO object at 0x00000254334CFE50>,1060824341,0.07097294181585312,0.3465813994407654,2.802596928649634e-45,1.064986832886861e-43,1.401298464324817e-45,0.7566822171211243,0.0807788297533989,0.2946181297302246,4219,187803,45,4,False,Right,Front,Left,Centre,78
<_io.BytesIO object at 0x0000025433451E50>,1060826501,0.07199408113956451,0.34609323740005493,2.802596928649634e-45,1.064986832886861e-43,1.401298464324817e-45,0.7562163472175598,0.0813194066286087,0.2943940758705139,-23880,187804,45,4,False,Right,Front,Left,Centre,78
<_io.BytesIO object at 0x00000254306BDC70>,1060826631,0.07321707904338837,0.3457830548286438,2.802596928649634e-45,1.064986832886861e-43,1.401298464324817e-45,0.7557282447814941,0.08180589973926544,0.2939474582672119,5555,187805,45,4,False,Right,Front,Left,Centre,78
<_io.BytesIO object at 0x0000025433443EA0>,1060817790,0.07603300362825394,0.3439711034297943,2.802596928649634e-45,1.064986832886861e-43,1.401298464324817e-45,0.7546819448471069,0.08350794017314911,0.2924099862575531,5922,187807,45,4,False,Right,Front,Left,Centre,78
<_io.BytesIO object at 0x0000025433446CC0>,1060815844,0.07766501605510712,0.34290120005607605,2.802596928649634e-45,1.064986832886861e-43,1.401298464324817e-45,0.7543465495109558,0.08544361591339111,0.2913174033164978,-3159,187808,45,4,False,Right,Front,Left,Centre,78
<_io.BytesIO object at 0x00000254334C8810>,1060815295,0.08046916872262955,0.3415849208831787,2.802596928649634e-45,1.064986832886861e-43,1.401298464324817e-45,0.7529752850532532,0.08675879240036011,0.29037293791770935,6051,187809,45,4,False,Right,Front,Left,Centre,78
<_io.BytesIO object at 0x00000254334B1D10>,1060798131,0.08221589773893356,0.3395880162715912,2.802596928649634e-45,1.064986832886861e-43,1.401298464324817e-45,0.7524824738502502,0.08917085826396942,0.2883490324020386,-6954,187810,45,4,False,Right,Front,Left,Centre,78
<_io.BytesIO object at 0x000002543068B860>,1060802644,0.08440490812063217,0.33808454871177673,2.802596928649634e-45,1.064986832886861e-43,1.401298464324817e-45,0.7515674829483032,0.09143941849470139,0.28651416301727295,32182,187811,45,4,False,Right,Front,Left,Centre,78
<_io.BytesIO object at 0x000002542B1855E0>,1060786671,0.08653511106967926,0.3355565071105957,2.802596928649634e-45,1.064986832886861e-43,1.401298464324817e-45,0.7504007816314697,0.09413913637399673,0.2841998338699341,8724,187812,45,4,False,Right,Front,Left,Centre,78
<_io.BytesIO object at 0x000002542B185310>,1060770128,0.08936788141727448,0.3326752483844757,2.802596928649634e-45,1.064986832886861e-43,1.401298464324817e-45,0.7490075826644897,0.09702393412590027,0.2815573215484619,8969,187813,45,4,False,Right,Front,Left,Centre,78
<_io.BytesIO object at 0x000002543068BEA0>,1060756844,0.09212768822908401,0.3296365737915039,2.802596928649634e-45,1.064986832886861e-43,1.401298464324817e-45,0.7472034692764282,0.10044654458761215,0.27863413095474243,16585,187814,45,4,False,Right,Front,Left,Centre,78
<_io.BytesIO object at 0x00000254334B15E0>,1060737854,0.09498840570449829,0.3261261582374573,0.7170371413230896,0.09836947172880173,0.25299859046936035,2.802596928649634e-45,1.064986832886861e-43,1.401298464324817e-45,-26059,187815,45,4,False,Right,Front,Left,Centre,78
<_io.BytesIO object at 0x00000254334B1D10>,3965402942,-7.558948244290372e-32,-1.212923947067453e-26,-1.430939081956992e-27,1.1577841178223025e-05,-3.0169780709380305e-25,2.8196562789365056e-33,1.1284236143668454e-40,2.802596928649634e-45,-8985,187815,45,4,False,Right,Front,Left,Centre,78
<_io.BytesIO object at 0x0000025433443860>,1060722877,0.09811219573020935,0.32251566648483276,0.7164952754974365,0.09849850088357925,0.25231271982192993,2.802596928649634e-45,1.064986832886861e-43,1.401298464324817e-45,-6688,187816,45,4,False,Right,Front,Left,Centre,78
<_io.BytesIO object at 0x0000025433443270>,3813031742,2.409672250137413e-19,-1.3457620744536064e+16,-5.731595417189669e+23,-3.0108847158242016e+25,-0.00259009120054543,-1479596965888.0,1.1287459130136402e-40,2.802596928649634e-45,-9234,187816,45,4,False,Right,Front,Left,Centre,78
<_io.BytesIO object at 0x00000254334DE090>,1060684740,0.10068259388208389,0.31764525175094604,0.7987135648727417,0.11397569626569748,0.30362963676452637,0.7457156777381897,0.13267721235752106,0.23295709490776062,26953,187817,45,4,False,Right,Front,Left,Centre,78
<_io.BytesIO object at 0x0000025433446680>,1979531078,1257.9349365234375,2.942314681229727e-37,3.545419174970702e+22,4.393800254187674e-11,2.0608756384978652e-40,6.979497708007332e-39,9.183549615799121e-41,-3.920475055707584e-16,16190,187817,45,4,False,Right,Front,Left,Centre,78
<_io.BytesIO object at 0x00000254334DEEA0>,1039856332,0.26650184392929077,-0.16726189851760864,0.22003763914108276,-0.28140828013420105,0.9189212322235107,0.0,1.8367099231598242e-40,-1.05553116266496e+16,16207,187817,45,4,False,Right,Front,Left,Centre,78
<_io.BytesIO object at 0x00000254334DE0E0>,1019665434,-0.024089718237519264,0.007724051363766193,0.010811843909323215,0.005460735410451889,0.9998968839645386,0.0020100099500268698,1.401298464324817e-45,0.0,0,187817,45,4,False,Right,Front,Left,Centre,78
<_io.BytesIO object at 0x00000254334DEB30>,0,0.0,1.401298464324817e-44,3.643376007244524e-43,1.8367239361444675e-40,0.7780308127403259,0.04139513894915581,-0.058025188744068146,0.009390844963490963,586,187817,45,4,False,Right,Front,Left,Centre,78
<_io.BytesIO object at 0x00000254334ED950>,1060669568,0.10396607220172882,0.31387850642204285,0.7419040203094482,0.13441644608974457,0.22871221601963043,0.7874727845191956,0.13231290876865387,0.19840483367443085,15498,187818,45,4,False,Right,Front,Left,Centre,78
<_io.BytesIO object at 0x00000254334EDAE0>,3037609784,1.6585120438260161e-28,2.0608335995439355e-40,6.979497708007332e-39,9.183549615799121e-41,-3.920475055707584e-16,-8.091058830964743e+30,9.437741747724459e+30,23199.265625,-16853,187818,45,4,False,Right,Front,Left,Centre,78
<_io.BytesIO object at 0x00000254334EDC20>,1046565261,-0.28140830993652344,0.9189212918281555,0.0,1.8367099231598242e-40,-1.0273836649938944e+16,-2906607360.0,3.073074746396718e+19,4.0063951368662807e-23,15358,187818,45,4,False,Right,Front,Left,Centre,78
<_io.BytesIO object at 0x00000254334ED270>,1010042150,0.005411757621914148,0.9998949766159058,0.0020221476443111897,1.401298464324817e-45,0.0,0.0,0.0,8.265194654219209e-40,0,187818,45,4,False,Right,Front,Left,Centre,78
<_io.BytesIO object at 0x0000025433434CC0>,1060644598,0.10671551525592804,0.3097893297672272,0.7380340695381165,0.13527639210224152,0.22411999106407166,0.7978321313858032,0.14823277294635773,0.1839788556098938,2,187819,45,4,False,Right,Front,Left,Centre,78
<_io.BytesIO object at 0x0000025433434900>,4980736,9.183549615799121e-41,-3.920475055707584e-16,-8.091058830964743e+30,9.437741747724459e+30,23199.265625,76097609728.0,1.9411649746937122e-26,0.23217225074768066,16235,187819,45,4,False,Right,Front,Left,Centre,78
<_io.BytesIO object at 0x0000025433434A40>,0,1.8367099231598242e-40,-9359042975629312.0,-14237519.0,-4.809788822979216e-40,2.0331986150975996e+37,4.0816813736122874e-17,-3.969674866599604e-10,-4.940247809952183e+34,16255,187819,45,4,False,Right,Front,Left,Centre,78
<_io.BytesIO object at 0x00000254334B7400>,1060869499,0.13746291399002075,0.21919718384742737,2.802596928649634e-45,1.064986832886861e-43,1.401298464324817e-45,0.7447186708450317,0.1225334107875824,0.26650184392929077,18101,187820,45,4,False,Right,Front,Left,Centre,78
<_io.BytesIO object at 0x00000254334BC770>,1060788580,0.1390269547700882,0.21411116421222687,2.802596928649634e-45,1.064986832886861e-43,1.401298464324817e-45,0.7447186708450317,0.1225334107875824,0.26650184392929077,18101,187821,45,4,False,Right,Front,Left,Centre,78
<_io.BytesIO object at 0x00000254334CFAE0>,1061307435,0.13233697414398193,0.18393075466156006,2.802596928649634e-45,1.064986832886861e-43,1.401298464324817e-45,0.7447186708450317,0.1225334107875824,0.26650184392929077,18101,187822,45,4,False,Right,Front,Left,Centre,78
<_io.BytesIO object at 0x00000254334BCF40>,1061236278,0.1361144334077835,0.1770021617412567,0.6987659335136414,0.11386839300394058,0.21251045167446136,2.802596928649634e-45,1.064986832886861e-43,1.401298464324817e-45,-23070,187823,45,4,False,Right,Front,Left,Centre,78
<_io.BytesIO object at 0x00000254334BC220>,4073471806,9.437741747724459e+30,23199.265625,76097609728.0,1.9411649746937122e-26,0.23217225074768066,2.2750080568313405e-41,0.0,2.802596928649634e-45,-10091,187823,45,4,False,Right,Front,Left,Centre,78
<_io.BytesIO object at 0x00000254334B7D10>,1061158321,0.13945581018924713,0.17016901075839996,0.6939435005187988,0.11597706377506256,0.2053185999393463,0.7163609266281128,0.1480255424976349,0.1934158354997635,2,187824,45,4,False,Right,Front,Left,Centre,78
<_io.BytesIO object at 0x00000254334B71D0>,4980736,9.183549615799121e-41,-3.920475055707584e-16,-8.091058830964743e+30,9.437741747724459e+30,23199.265625,76097609728.0,1.9411649746937122e-26,0.23217225074768066,16235,187824,45,4,False,Right,Front,Left,Centre,78
<_io.BytesIO object at 0x00000254334B7A40>,0,1.8367099231598242e-40,-5066549580791808.0,1.6272582038781952e+16,-2.243610483110817e+29,0.0067363702692091465,9.03583430300614e-09,21506394112.0,-5.19985968182283e+34,16255,187824,45,4,False,Right,Front,Left,Centre,78
<_io.BytesIO object at 0x00000254334C8EA0>,1061072697,0.14314480125904083,0.1627410352230072,0.6901583671569824,0.11817309260368347,0.1980089545249939,0.7111462950706482,0.15019641816616058,0.18651516735553741,2,187825,45,4,False,Right,Front,Left,Centre,78
<_io.BytesIO object at 0x00000254334C8D10>,4980736,9.183549615799121e-41,-3.920475055707584e-16,-8.091058830964743e+30,9.437741747724459e+30,23199.265625,76097609728.0,1.9411649746937122e-26,0.23217225074768066,16235,187825,45,4,False,Right,Front,Left,Centre,78
<_io.BytesIO object at 0x00000254334C8E00>,0,1.8367099231598242e-40,-305664232521728.0,-1.1343318818661168e-17,-1.9559202276255835e+27,nan,1.8887602487769467e-30,-2.6945227523181878e+23,-7.92582296019385e+34,16255,187825,45,4,False,Right,Front,Left,Centre,78
<_io.BytesIO object at 0x00000254334ED360>,1060983835,0.1466207057237625,0.15504780411720276,0.6865560412406921,0.11942078918218613,0.19070883095264435,0.7061124444007874,0.15205663442611694,0.17908503115177155,2,187826,45,4,False,Right,Front,Left,Centre,78
<_io.BytesIO object at 0x00000254334ED9F0>,4980736,9.183549615799121e-41,-3.920475055707584e-16,-8.091058830964743e+30,9.437741747724459e+30,23199.265625,76097609728.0,1.9411649746937122e-26,0.23217225074768066,16235,187826,45,4,False,Right,Front,Left,Centre,78
<_io.BytesIO object at 0x00000254334EDE00>,0,1.8367099231598242e-40,-75866302316544.0,-464537723600896.0,-0.24925528466701508,1.653787914319986e+31,-1.3449737409001146e-30,-1.0194836734534703e-28,-7.731114303878873e+34,16255,187826,45,4,False,Right,Front,Left,Centre,78
<_io.BytesIO object at 0x000002543345B8B0>,1060895344,0.14976619184017181,0.14696991443634033,0.7008559107780457,0.15370489656925201,0.17150992155075073,0.7692123055458069,0.17402324080467224,0.2362639307975769,2,187827,45,4,False,Right,Front,Left,Centre,78
<_io.BytesIO object at 0x000002543345B900>,4980736,9.183549615799121e-41,-3.920475055707584e-16,-8.091058830964743e+30,9.437741747724459e+30,23199.265625,76097609728.0,1.9411649746937122e-26,0.23217225074768066,16235,187827,45,4,False,Right,Front,Left,Centre,78
<_io.BytesIO object at 0x000002543345B720>,0,1.8367099231598242e-40,-25701084299264.0,9.102865703939595e-34,-7.1187181677884056e-37,1.068156323384634e-36,1.5480173503153886e-28,-9.162829251142841e-24,-6.952272746154743e+34,16255,187827,45,4,False,Right,Front,Left,Centre,78
<_io.BytesIO object at 0x00000254306BDE00>,1060799066,0.15273809432983398,0.13890132308006287,0.6954516768455505,0.1552661657333374,0.16383221745491028,0.7637205719947815,0.17788541316986084,0.22801421582698822,2,187828,45,4,False,Right,Front,Left,Centre,78
<_io.BytesIO object at 0x00000254334B19F0>,4980736,9.183549615799121e-41,-3.920475055707584e-16,-8.091058830964743e+30,9.437741747724459e+30,23199.265625,76097609728.0,1.9411649746937122e-26,0.23217225074768066,16235,187828,45,4,False,Right,Front,Left,Centre,78
<_io.BytesIO object at 0x00000254306BD8B0>,0,1.8367099231598242e-40,-315680096256.0,9.522805099312552e-23,0.06652218103408813,6.929476897308511e+23,3786445584072704.0,-9.421212077426153e-38,-5.978721046587588e+34,16255,187828,45,4,False,Right,Front,Left,Centre,78
<_io.BytesIO object at 0x0000025433451630>,1060702330,0.15557356178760529,0.13049569725990295,0.6899594068527222,0.15672197937965393,0.15599095821380615,0.7579783797264099,0.18158334493637085,0.21935665607452393,2,187829,45,4,False,Right,Front,Left,Centre,78
<_io.BytesIO object at 0x000002543068B680>,4980736,9.183549615799121e-41,-3.920475055707584e-16,-8.091058830964743e+30,9.437741747724459e+30,23199.265625,76097609728.0,1.9411649746937122e-26,0.23217225074768066,16235,187829,45,4,False,Right,Front,Left,Centre,78
<_io.BytesIO object at 0x0000025433451040>,0,1.8367099231598242e-40,-21474836480.0,1.875724918105047e+18,7256334361690112.0,1.034567720381574e-08,3.1178156271834075e-20,1.299148991958614e+18,-8.12055439460555e+34,16255,187829,45,4,False,Right,Front,Left,Centre,78
<_io.BytesIO object at 0x00000254334B8E00>,1060603168,0.1581113636493683,0.12203370779752731,0.6842218637466431,0.1577865183353424,0.14783287048339844,0.7520846724510193,0.1849130243062973,0.2104596495628357,2,187830,45,4,False,Right,Front,Left,Centre,78
<_io.BytesIO object at 0x00000254334B8A90>,4980736,9.183549615799121e-41,-3.920475055707584e-16,-8.091058830964743e+30,9.437741747724459e+30,23199.265625,76097609728.0,1.9411649746937122e-26,0.23217225074768066,16235,187830,45,4,False,Right,Front,Left,Centre,78
<_io.BytesIO object at 0x00000254334B85E0>,0,1.8367099231598242e-40,-1176821039104.0,-8.07718905624227e-17,-1.2096096693725578e-12,141548230541312.0,-3.2229040366116204e-15,-7.29708294667665e+22,-5.005161919380198e+34,16255,187830,45,4,False,Right,Front,Left,Centre,78
<_io.BytesIO object at 0x00000254334DE7C0>,1060500266,0.16037195920944214,0.113368920981884,0.6785051226615906,0.15859901905059814,0.13972897827625275,0.7460083365440369,0.1879630982875824,0.20154856145381927,2,187831,45,4,False,Right,Front,Left,Centre,78
<_io.BytesIO object at 0x00000254334DEEA0>,4980736,9.183549615799121e-41,-3.920475055707584e-16,-8.091058830964743e+30,9.437741747724459e+30,23199.265625,76097609728.0,1.9411649746937122e-26,0.23217225074768066,16235,187831,45,4,False,Right,Front,Left,Centre,78
<_io.BytesIO object at 0x00000254334DEF90>,0,1.8367099231598242e-40,-26977763328.0,-5.5546198045046966e+23,-0.03912046551704407,2.5359088212775152e-30,-5.304730131980339e+32,-9.314346738911367e+36,-4.875359449676985e+34,16255,187831,45,4,False,Right,Front,Left,Centre,78
<_io.BytesIO object at 0x0000025430684C70>,1060394947,0.16252738237380981,0.10465744137763977,0.6725156307220459,0.15939714014530182,0.13141648471355438,0.7398356199264526,0.190646231174469,0.19252033531665802,2,187832,45,4,False,Right,Front,Left,Centre,78
<_io.BytesIO object at 0x00000254334B83B0>,4980736,9.183549615799121e-41,-3.920475055707584e-16,-8.091058830964743e+30,9.437741747724459e+30,23199.265625,76097609728.0,1.9411649746937122e-26,0.23217225074768066,16235,187832,45,4,False,Right,Front,Left,Centre,78
<_io.BytesIO object at 0x0000025430684400>,0,1.8367099231598242e-40,-4764729344.0,24.780912399291992,-1.2669723160419009e-14,1.8210036259209733e-30,0.20140112936496735,3.0448095381936947e-27,-4.291232985556036e+34,16255,187832,45,4,False,Right,Front,Left,Centre,78
<_io.BytesIO object at 0x00000254334B7C20>,1060287014,0.1644417643547058,0.09587293118238449,0.6664058566093445,0.1600426882505417,0.12343508005142212,0.7335527539253235,0.19303345680236816,0.18330177664756775,2,187833,45,4,False,Right,Front,Left,Centre,78
<_io.BytesIO object at 0x000002543068BA40>,4980736,9.183549615799121e-41,-3.920475055707584e-16,-8.091058830964743e+30,9.437741747724459e+30,23199.265625,76097609728.0,1.9411649746937122e-26,0.23217225074768066,16235,187833,45,4,False,Right,Front,Left,Centre,78
<_io.BytesIO object at 0x00000254334B73B0>,0,1.8367099231598242e-40,-1006632960.0,-6.833401063476966e-29,-3.8376101738571936e-28,-1.6873612143902424e-38,13450267.0,1.3258420297967514e-34,-3.8006626019640417e+34,16255,187833,45,4,False,Right,Front,Left,Centre,78
<_io.BytesIO object at 0x0000025433434DB0>,1060178310,0.16614443063735962,0.08714792132377625,0.6602858901023865,0.1602059155702591,0.1151265874505043,0.7270665168762207,0.19506309926509857,0.17436154186725616,2,187834,45,4,False,Right,Front,Left,Centre,78
<_io.BytesIO object at 0x00000254334B1770>,4980736,9.183549615799121e-41,-3.920475055707584e-16,-8.091058830964743e+30,9.437741747724459e+30,23199.265625,76097609728.0,1.9411649746937122e-26,0.23217225074768066,16235,187834,45,4,False,Right,Front,Left,Centre,78
<_io.BytesIO object at 0x00000254334349F0>,0,1.8367099231598242e-40,-191889408.0,-5.131895522936247e-05,-2.1010748871338466e-16,2.4059263956463574e+24,-76920.2578125,-4.6123494028700565e-35,-2.827109664456848e+34,16255,187834,45,4,False,Right,Front,Left,Centre,78
<_io.BytesIO object at 0x0000025433443950>,1060067452,0.16749630868434906,0.07850328832864761,0.6542888283729553,0.1600247025489807,0.10651066154241562,0.7204728126525879,0.19686582684516907,0.16540923714637756,2,187835,45,4,False,Right,Front,Left,Centre,78
<_io.BytesIO object at 0x0000025433443D10>,4980736,9.183549615799121e-41,-3.920475055707584e-16,-8.091058830964743e+30,9.437741747724459e+30,23199.265625,76097609728.0,1.9411649746937122e-26,0.23217225074768066,16235,187835,45,4,False,Right,Front,Left,Centre,78
<_io.BytesIO object at 0x0000025433443EF0>,0,1.8367099231598242e-40,-8290304.0,3.8850973470134636e-28,-3.559304442163087e-15,-0.0005406851414591074,2.151388672550539e+30,4.5078236761665044e+18,-3.8980251005257897e+34,16255,187835,45,4,False,Right,Front,Left,Centre,78
<_io.BytesIO object at 0x00000254334C8D60>,1059957115,0.16868279874324799,0.06989558786153793,0.6484312415122986,0.15978257358074188,0.09816411882638931,0.7136980295181274,0.19831320643424988,0.15661892294883728,2,187836,45,4,False,Right,Front,Left,Centre,78
<_io.BytesIO object at 0x000002542B1850E0>,4980736,9.183549615799121e-41,-3.920475055707584e-16,-8.091058830964743e+30,9.437741747724459e+30,23199.265625,76097609728.0,1.9411649746937122e-26,0.23217225074768066,16235,187836,45,4,False,Right,Front,Left,Centre,78
<_io.BytesIO object at 0x00000254334C8770>,0,1.8367099231598242e-40,-1966080.0,-5.3252529339284206e+26,-5.108521458061227e+19,-2.4043745341921945e+31,6.65833715454365e+35,-8.185476922025833e+34,-2.1780762709601123e+34,16255,187836,45,4,False,Right,Front,Left,Centre,78
<_io.BytesIO object at 0x00000254306BD310>,1059847738,0.16950452327728271,0.061307091265916824,0.6425529718399048,0.1592613011598587,0.08980827033519745,0.7070984840393066,0.19940458238124847,0.14796680212020874,2,187837,45,4,False,Right,Front,Left,Centre,78
<_io.BytesIO object at 0x00000254306BD2C0>,4980736,9.183549615799121e-41,-3.920475055707584e-16,-8.091058830964743e+30,9.437741747724459e+30,23199.265625,76097609728.0,1.9411649746937122e-26,0.23217225074768066,16235,187837,45,4,False,Right,Front,Left,Centre,78
<_io.BytesIO object at 0x00000254306BD590>,0,1.8367099231598242e-40,-622592.0,6.0151859247549425e-21,7.394172665490343e-19,-680542198562816.0,5.531728150865927e-37,-2.550949923121813e+32,-1.9003348910081348e+34,16255,187837,45,4,False,Right,Front,Left,Centre,78
<_io.BytesIO object at 0x00000254334BCEF0>,1059741750,0.17018502950668335,0.05287470668554306,0.6367555856704712,0.1584232598543167,0.08134598284959793,0.7000762224197388,0.20004785060882568,0.13940735161304474,-8679,187838,45,4,False,Right,Front,Left,Centre,78
<_io.BytesIO object at 0x00000254334BC9F0>,709312290,30440426.0,6.766177930679288e-37,1.3429305507712486e-25,1.43803081032232e-15,2.059628482864616e-40,6.979497708007332e-39,9.183549615799121e-41,-3.920475055707584e-16,16190,187838,45,4,False,Right,Front,Left,Centre,78
<_io.BytesIO object at 0x00000254334BCEA0>,1039856332,0.26650184392929077,-0.16726191341876984,0.22003765404224396,-0.28140830993652344,0.9189212918281555,0.0,1.8367099231598242e-40,-188416.0,16207,187838,45,4,False,Right,Front,Left,Centre,78
<_io.BytesIO object at 0x00000254334BC180>,1019890290,-0.02408573403954506,0.01029448863118887,0.008162947371602058,0.007728645112365484,0.9998838901519775,0.0018930580699816346,1.401298464324817e-45,0.0,0,187838,45,4,False,Right,Front,Left,Centre,78
<_io.BytesIO object at 0x00000254334BC400>,0,0.0,1.401298464324817e-44,3.643376007244524e-43,1.8367239361444675e-40,0.7778947353363037,0.0418156273663044,-0.05819567292928696,0.009376006200909615,586,187838,45,4,False,Right,Front,Left,Centre,78
<_io.BytesIO object at 0x000002543068BF90>,1059638759,0.17052023112773895,0.04446142166852951,0.6311774253845215,0.1575419157743454,0.0729626715183258,0.6933499574661255,0.200368732213974,0.13116143643856049,-18446,187839,45,4,False,Right,Front,Left,Centre,78
<_io.BytesIO object at 0x000002543068BB80>,1579958049,4.9609980536905814e-30,9.113830813303569e-39,1.2783069421560269e-25,4.963653168488236e-07,2.059502366002827e-40,6.979497708007332e-39,9.183549615799121e-41,-3.920475055707584e-16,16190,187839,45,4,False,Right,Front,Left,Centre,78
<_io.BytesIO object at 0x0000025433446E50>,1039856332,0.26650184392929077,-0.16726191341876984,0.22003765404224396,-0.28140830993652344,0.9189212918281555,0.0,1.8367099231598242e-40,-3616.0,16207,187839,45,4,False,Right,Front,Left,Centre,78
<_io.BytesIO object at 0x00000254334462C0>,1019882760,-0.024102456867694855,0.010218221694231033,0.008395289070904255,0.007340878713876009,0.9998856782913208,0.0018973806872963905,1.401298464324817e-45,0.0,0,187839,45,4,False,Right,Front,Left,Centre,78
<_io.BytesIO object at 0x0000025433446EF0>,0,0.0,1.401298464324817e-44,3.643376007244524e-43,1.8367239361444675e-40,0.7778711318969727,0.0418231338262558,-0.0582316592335701,0.009375592693686485,586,187839,45,4,False,Right,Front,Left,Centre,78
<_io.BytesIO object at 0x00000254334ED0E0>,1059536397,0.17081141471862793,0.03618808090686798,0.625595211982727,0.15643703937530518,0.06456568837165833,0.686852753162384,0.20030920207500458,0.12294869124889374,-27634,187840,45,4,False,Right,Front,Left,Centre,78
<_io.BytesIO object at 0x00000254334ED8B0>,420953888,-5.559688666981553e-27,2.3250388602895816e-35,2.8505605969404337e+20,1.100509592012067e-36,2.0593762491410377e-40,6.979497708007332e-39,9.183549615799121e-41,-3.920475055707584e-16,16190,187840,45,4,False,Right,Front,Left,Centre,78
<_io.BytesIO object at 0x00000254334EDC20>,1039856332,0.26650184392929077,-0.16726191341876984,0.22003765404224396,-0.28140830993652344,0.9189212918281555,0.0,1.8367099231598242e-40,-221.0,16207,187840,45,4,False,Right,Front,Left,Centre,78
<_io.BytesIO object at 0x00000254334ED810>,1019869981,-0.024136768653988838,0.00999035406857729,0.009689673781394958,0.005878878757357597,0.9998858571052551,0.0019642955157905817,1.401298464324817e-45,0.0,0,187840,45,4,False,Right,Front,Left,Centre,78
<_io.BytesIO object at 0x00000254334ED950>,0,0.0,1.401298464324817e-44,3.643376007244524e-43,1.8367239361444675e-40,0.777834951877594,0.04183228313922882,-0.058266524225473404,0.00937541015446186,586,187840,45,4,False,Right,Front,Left,Centre,78
<_io.BytesIO object at 0x00000254334B7EA0>,1059439275,0.17080122232437134,0.0280795618891716,0.6203303933143616,0.1551550328731537,0.05624933913350105,0.6803669929504395,0.20019398629665375,0.1149597093462944,-32214,187841,45,4,False,Right,Front,Left,Centre,78
<_io.BytesIO object at 0x00000254334B78B0>,878526239,1.2841310055838127e-22,1.5361714661560823e-33,-1.4593718746154725e-27,-195979106058240.0,2.059236119294605e-40,6.979497708007332e-39,9.183549615799121e-41,-3.920475055707584e-16,16190,187841,45,4,False,Right,Front,Left,Centre,78
<_io.BytesIO object at 0x00000254306BD450>,1039856332,0.26650184392929077,-0.16726191341876984,0.22003765404224396,-0.28140830993652344,0.9189212918281555,0.0,1.8367099231598242e-40,-102.5,16207,187841,45,4,False,Right,Front,Left,Centre,78
<_io.BytesIO object at 0x00000254334B7900>,1019893727,-0.024167370051145554,0.009508756920695305,0.011125622317194939,0.005260601174086332,0.9998791217803955,0.0019560803193598986,1.401298464324817e-45,0.0,0,187841,45,4,False,Right,Front,Left,Centre,78
<_io.BytesIO object at 0x00000254306BD5E0>,0,0.0,1.401298464324817e-44,3.643376007244524e-43,1.8367239361444675e-40,0.7776800394058228,0.041776809841394424,-0.05842651426792145,0.009374884888529778,586,187841,45,4,False,Right,Front,Left,Centre,78
<_io.BytesIO object at 0x00000254334C8950>,1059341818,0.17061613500118256,0.019958240911364555,0.6151092648506165,0.15378707647323608,0.04809333011507988,0.6738826632499695,0.19977331161499023,0.10716146975755692,29371,187842,45,4,False,Right,Front,Left,Centre,78
<_io.BytesIO object at 0x00000254334C86D0>,1820409630,0.0004010045377071947,3.626142670521678e-20,-87.62334442138672,-1.476665955144092e-26,2.059110002432816e-40,6.979497708007332e-39,9.183549615799121e-41,-3.920475055707584e-16,16190,187842,45,4,False,Right,Front,Left,Centre,78
<_io.BytesIO object at 0x00000254334C8130>,1039856332,0.26650184392929077,-0.16726191341876984,0.22003765404224396,-0.28140830993652344,0.9189212918281555,0.0,1.8367099231598242e-40,-0.004150390625,16207,187842,45,4,False,Right,Front,Left,Centre,78
<_io.BytesIO object at 0x00000254334C8BD0>,1019894156,-0.024241581559181213,0.010486224666237831,0.00899078045040369,0.007186373230069876,0.9998787641525269,0.0019503689836710691,1.401298464324817e-45,0.0,0,187842,45,4,False,Right,Front,Left,Centre,78
<_io.BytesIO object at 0x00000254334C8720>,0,0.0,1.401298464324817e-44,3.643376007244524e-43,1.8367239361444675e-40,0.7776587605476379,0.04180871695280075,-0.05845920741558075,0.009374450892210007,586,187842,45,4,False,Right,Front,Left,Centre,78
<_io.BytesIO object at 0x00000254334BCEF0>,1059247976,0.17032842338085175,0.012015394866466522,0.6099527478218079,0.15223918855190277,0.04008881747722626,0.6673496961593628,0.19884660840034485,0.09953055530786514,24679,187843,45,4,False,Right,Front,Left,Centre,78
<_io.BytesIO object at 0x00000254334BC090>,3092266781,-15482344.0,2.3771002588546253e-07,2.9195050794849056e+31,1.419487719371372e+20,2.0588577687092375e-40,6.979497708007332e-39,9.183549615799121e-41,-3.920475055707584e-16,16190,187843,45,4,False,Right,Front,Left,Centre,78
<_io.BytesIO object at 0x00000254334BC1D0>,1039856332,0.26650184392929077,-0.16726191341876984,0.22003765404224396,-0.28140830993652344,0.9189212918281555,0.0,1.8367099231598242e-40,-0.000339508056640625,16207,187843,45,4,False,Right,Front,Left,Centre,78
<_io.BytesIO object at 0x00000254334BC310>,1019896908,-0.024259567260742188,0.01067014504224062,0.008961811661720276,0.0072699254378676414,0.9998764991760254,0.0019443174824118614,1.401298464324817e-45,0.0,0,187843,45,4,False,Right,Front,Left,Centre,78
<_io.BytesIO object at 0x00000254334BC3B0>,0,0.0,1.401298464324817e-44,3.643376007244524e-43,1.8367239361444675e-40,0.7776380777359009,0.04181914031505585,-0.05848667398095131,0.00937381386756897,586,187843,45,4,False,Right,Front,Left,Centre,78
<_io.BytesIO object at 0x00000254334CFE50>,1059157178,0.1697586327791214,0.004328018054366112,0.6050081253051758,0.15068510174751282,0.03215240687131882,0.6611284017562866,0.19783107936382294,0.09205075353384018,28258,187844,45,4,False,Right,Front,Left,Centre,78
<_io.BytesIO object at 0x00000254334CFD10>,1464811292,1.6240180161255834e+17,6.931001755933082e+16,-106969735168.0,1.4159516096115112,2.058605534985659e-40,6.979497708007332e-39,9.183549615799121e-41,-3.920475055707584e-16,16190,187844,45,4,False,Right,Front,Left,Centre,78
<_io.BytesIO object at 0x000002543345B6D0>,1039856332,0.26650184392929077,-0.16726191341876984,0.22003765404224396,-0.28140830993652344,0.9189212918281555,0.0,1.8367099231598242e-40,-7.063150405883789e-06,16207,187844,45,4,False,Right,Front,Left,Centre,78
<_io.BytesIO object at 0x000002543345BDB0>,1019915152,-0.024227837100625038,0.010719776153564453,0.008966773748397827,0.00768866203725338,0.9998728036880493,0.001963177230209112,1.401298464324817e-45,0.0,0,187844,45,4,False,Right,Front,Left,Centre,78
<_io.BytesIO object at 0x000002543345BAE0>,0,0.0,1.401298464324817e-44,3.643376007244524e-43,1.8367239361444675e-40,0.7776007056236267,0.04182462766766548,-0.058506496250629425,0.009373295120894909,586,187844,45,4,False,Right,Front,Left,Centre,78
<_io.BytesIO object at 0x00000254334BC590>,1059069713,0.1692459136247635,-0.003111636731773615,0.6002240180969238,0.14889882504940033,0.024267811328172684,0.6549967527389526,0.19664013385772705,0.08469663560390472,29618,187845,45,4,False,Right,Front,Left,Centre,78
<_io.BytesIO object at 0x00000254334BCAE0>,3611377435,7.471433004615016e-14,-2.7332128510087977e-28,1.1765639318369537e-20,nan,2.0583533012620805e-40,6.979497708007332e-39,9.183549615799121e-41,-3.920475055707584e-16,16190,187845,45,4,False,Right,Front,Left,Centre,78
<_io.BytesIO object at 0x00000254334BC770>,1039856332,0.26650184392929077,-0.16726191341876984,0.22003765404224396,-0.28140830993652344,0.9189212918281555,0.0,1.8367099231598242e-40,-7.82310962677002e-08,16207,187845,45,4,False,Right,Front,Left,Centre,78
<_io.BytesIO object at 0x00000254334BC220>,1019891592,-0.024269651621580124,0.010390067473053932,0.00911363959312439,0.007905349135398865,0.9998732805252075,0.0019472887506708503,1.401298464324817e-45,0.0,0,187845,45,4,False,Right,Front,Left,Centre,78
<_io.BytesIO object at 0x00000254334BCC20>,0,0.0,1.401298464324817e-44,3.643376007244524e-43,1.8367239361444675e-40,0.777563214302063,0.041828930377960205,-0.05852942541241646,0.009372780099511147,586,187845,45,4,False,Right,Front,Left,Centre,78
<_io.BytesIO object at 0x00000254334C8BD0>,1058983124,0.16825231909751892,-0.010567325167357922,0.5956902503967285,0.14699605107307434,0.01663821004331112,0.6492297649383545,0.1951700747013092,0.07749423384666443,-32325,187846,45,4,False,Right,Front,Left,Centre,78
<_io.BytesIO object at 0x00000254334C8CC0>,983121690,-1.124219718973871e-39,-246002.5625,1.3756123171644401e-15,-4.0640437507562934e-26,2.0581150805231453e-40,6.979497708007332e-39,9.183549615799121e-41,-3.920475055707584e-16,16190,187846,45,4,False,Right,Front,Left,Centre,78
<_io.BytesIO object at 0x00000254334C8DB0>,1039856332,0.26650184392929077,-0.16726191341876984,0.22003765404224396,-0.28140830993652344,0.9189212918281555,0.0,1.8367099231598242e-40,-2.8230715543031693e-09,16207,187846,45,4,False,Right,Front,Left,Centre,78
<_io.BytesIO object at 0x00000254334C8D60>,1019896547,-0.02427862212061882,0.010484613478183746,0.009164256975054741,0.00799582153558731,0.9998711347579956,0.00193121621850878,1.401298464324817e-45,0.0,0,187846,45,4,False,Right,Front,Left,Centre,78
<_io.BytesIO object at 0x00000254334C86D0>,0,0.0,1.401298464324817e-44,3.643376007244524e-43,1.8367239361444675e-40,0.7775417566299438,0.04183407127857208,-0.05854172259569168,0.009372266009449959,586,187846,45,4,False,Right,Front,Left,Centre,78
<_io.BytesIO object at 0x00000254306BDA90>,1058901286,0.16734027862548828,-0.017853468656539917,0.5913822054862976,0.14493654668331146,0.009046005085110664,0.6434804797172546,0.1934078186750412,0.07045053690671921,-25377,187847,45,4,False,Right,Front,Left,Centre,78
<_io.BytesIO object at 0x00000254306BD450>,1572749081,-5.799331847811118e-05,1.8584094313265686e-31,1.7746899945571186e-38,8.857711104395953e+36,2.05787685978421e-40,6.979497708007332e-39,9.183549615799121e-41,-3.920475055707584e-16,16190,187847,45,4,False,Right,Front,Left,Centre,78
<_io.BytesIO object at 0x00000254334B7C20>,1039856332,0.26650184392929077,-0.16726191341876984,0.22003765404224396,-0.28140830993652344,0.9189212918281555,0.0,1.8367099231598242e-40,-8.905772119760513e-09,16207,187847,45,4,False,Right,Front,Left,Centre,78
<_io.BytesIO object at 0x00000254306BDF90>,1019916932,-0.024249810725450516,0.011182591319084167,0.009267286397516727,0.007161452900618315,0.9998688697814941,0.001968849916011095,1.401298464324817e-45,0.0,0,187847,45,4,False,Right,Front,Left,Centre,78
<_io.BytesIO object at 0x00000254334B7E50>,0,0.0,1.401298464324817e-44,3.643376007244524e-43,1.8367239361444675e-40,0.7776585817337036,0.042056433856487274,-0.0583837553858757,0.009370939806103706,586,187847,45,4,False,Right,Front,Left,Centre,78
<_io.BytesIO object at 0x00000254334ED220>,1058826827,0.1662580966949463,-0.024976534768939018,0.5871145725250244,0.1428920328617096,0.0016001849435269833,0.6381140351295471,0.19167229533195496,0.06360972672700882,-17005,187848,45,4,False,Right,Front,Left,Centre,78
<_io.BytesIO object at 0x000002543068B9F0>,2576105240,4.4489621124086685e-27,57470348.0,-2.944884269698253e+16,-24634772684800.0,2.057638639045275e-40,6.979497708007332e-39,9.183549615799121e-41,-3.920475055707584e-16,16190,187848,45,4,False,Right,Front,Left,Centre,78
<_io.BytesIO object at 0x00000254334EDB30>,1039856332,0.26650184392929077,-0.16726191341876984,0.22003765404224396,-0.28140830993652344,0.9189212918281555,0.0,1.8367099231598242e-40,-4.8603396862745285e-09,16207,187848,45,4,False,Right,Front,Left,Centre,78
<_io.BytesIO object at 0x00000254334EDB80>,1019928531,-0.024234382435679436,0.011356093920767307,0.009239953942596912,0.007161493878811598,0.9998672008514404,0.00197325786575675,1.401298464324817e-45,0.0,0,187848,45,4,False,Right,Front,Left,Centre,78
<_io.BytesIO object at 0x00000254334EDA40>,0,0.0,1.401298464324817e-44,3.643376007244524e-43,1.8367239361444675e-40,0.7776599526405334,0.04207277297973633,-0.05835183709859848,0.00936815608292818,586,187848,45,4,False,Right,Front,Left,Centre,78
<_io.BytesIO object at 0x00000254334B7C20>,1058761368,0.1651288866996765,-0.032081253826618195,0.5830335021018982,0.14090795814990997,-0.005634599830955267,0.6330847144126892,0.18969185650348663,0.056841906160116196,-5652,187849,45,4,False,Right,Front,Left,Centre,78
<_io.BytesIO object at 0x00000254334B79A0>,2131115799,-2.773627646498933e+28,-2.211602622285899e-33,0.0007066596881486475,116518552.0,2.057414431290983e-40,6.979497708007332e-39,9.183549615799121e-41,-3.920475055707584e-16,16190,187849,45,4,False,Right,Front,Left,Centre,78
<_io.BytesIO object at 0x00000254334B7A40>,1039856332,0.26650184392929077,-0.16726191341876984,0.22003765404224396,-0.28140830993652344,0.9189212918281555,0.0,1.8367099231598242e-40,-4.1654857341200113e-10,16207,187849,45,4,False,Right,Front,Left,Centre,78
<_io.BytesIO object at 0x00000254334B7BD0>,1019937634,-0.02425028383731842,0.011288614012300968,0.009291309863328934,0.007456729654222727,0.9998652935028076,0.0019608759321272373,1.401298464324817e-45,0.0,0,187849,45,4,False,Right,Front,Left,Centre,78
<_io.BytesIO object at 0x00000254306BD680>,0,0.0,1.401298464324817e-44,3.643376007244524e-43,1.8367239361444675e-40,0.7775802612304688,0.04205286502838135,-0.05839240178465843,0.009365776553750038,586,187849,45,4,False,Right,Front,Left,Centre,78
<_io.BytesIO object at 0x0000025433443C20>,1058695375,0.1637951135635376,-0.038965679705142975,0.5799289345741272,0.13833627104759216,-0.013233835808932781,0.6281011700630188,0.1874396651983261,0.050149932503700256,7770,187850,45,4,False,Right,Front,Left,Centre,78
<_io.BytesIO object at 0x0000025433443F90>,2512207639,1.418594357982218e+30,-24.841943740844727,-4.937979053115039e-31,-4.330414231465545e+19,2.0570500936902585e-40,6.979497708007332e-39,9.183549615799121e-41,-3.920475055707584e-16,16190,187850,45,4,False,Right,Front,Left,Centre,78
<_io.BytesIO object at 0x0000025433443C70>,1039856332,0.26650184392929077,-0.16726191341876984,0.22003765404224396,-0.28140830993652344,0.9189212918281555,0.0,1.8367099231598242e-40,-9.731593308970332e-11,16207,187850,45,4,False,Right,Front,Left,Centre,78
<_io.BytesIO object at 0x0000025433443D60>,1019948156,-0.024244023486971855,0.011431708931922913,0.009374338202178478,0.007522528991103172,0.9998624324798584,0.0019701351411640644,1.401298464324817e-45,0.0,0,187850,45,4,False,Right,Front,Left,Centre,78
<_io.BytesIO object at 0x0000025433443720>,0,0.0,1.401298464324817e-44,3.643376007244524e-43,1.8367239361444675e-40,0.7775381803512573,0.04207915440201759,-0.05836171656847,0.009363125078380108,586,187850,45,4,False,Right,Front,Left,Centre,78
<_io.BytesIO object at 0x00000254334DE0E0>,1058637663,0.16224519908428192,-0.04571123793721199,0.576461136341095,0.1362263709306717,-0.020554231479763985,0.6234825849533081,0.18513357639312744,0.04371490329504013,22051,187851,45,4,False,Right,Front,Left,Centre,78
<_io.BytesIO object at 0x00000254334DE9A0>,2490908438,2924548995416064.0,-3.841276196008893e+34,-1.6618553780582092e-18,-5.7099700967455647e-08,2.0566156911663178e-40,6.979497708007332e-39,9.183549615799121e-41,-3.920475055707584e-16,16190,187851,45,4,False,Right,Front,Left,Centre,78
<_io.BytesIO object at 0x00000254334DEBD0>,1039856332,0.26650184392929077,-0.16726191341876984,0.22003765404224396,-0.28140830993652344,0.9189212918281555,0.0,1.8367099231598242e-40,-1.5006662579253316e-11,16207,187851,45,4,False,Right,Front,Left,Centre,78
<_io.BytesIO object at 0x00000254334DEF40>,1019965940,-0.024234222248196602,0.011585977859795094,0.009408471174538136,0.007706099655479193,0.9998589754104614,0.001955545973032713,1.401298464324817e-45,0.0,0,187851,45,4,False,Right,Front,Left,Centre,78
<_io.BytesIO object at 0x00000254334DEE50>,0,0.0,1.401298464324817e-44,3.643376007244524e-43,1.8367239361444675e-40,0.7775248885154724,0.04209408909082413,-0.05837918072938919,0.009360570460557938,586,187851,45,4,False,Right,Front,Left,Centre,78
<_io.BytesIO object at 0x00000254334B14F0>,1058582938,0.16058224439620972,-0.05244901031255722,0.5732614994049072,0.13409340381622314,-0.027719253674149513,0.6191731095314026,0.18259894847869873,0.037334542721509933,-24897,187852,45,4,False,Right,Front,Left,Centre,78
<_io.BytesIO object at 0x00000254334B16D0>,1096236821,-178386198593536.0,2.952331008314259e-15,-4.35512585500503e-36,-2.808642966267665e-18,2.0561953016270203e-40,6.979497708007332e-39,9.183549615799121e-41,-3.920475055707584e-16,16190,187852,45,4,False,Right,Front,Left,Centre,78
<_io.BytesIO object at 0x00000254334ED8B0>,1039856332,0.26650184392929077,-0.16726191341876984,0.22003765404224396,-0.28140830993652344,0.9189212918281555,0.0,1.8367099231598242e-40,-3.375077994860476e-13,16207,187852,45,4,False,Right,Front,Left,Centre,78
<_io.BytesIO object at 0x00000254334ED0E0>,1019977197,-0.024205772206187248,0.011693021282553673,0.009561401791870594,0.007994605228304863,0.9998539686203003,0.0019544579554349184,1.401298464324817e-45,0.0,0,187852,45,4,False,Right,Front,Left,Centre,78
<_io.BytesIO object at 0x00000254334ED9A0>,0,0.0,1.401298464324817e-44,3.643376007244524e-43,1.8367239361444675e-40,0.7775050401687622,0.04211392253637314,-0.05837108567357063,0.009358120150864124,586,187852,45,4,False,Right,Front,Left,Centre,78
<_io.BytesIO object at 0x00000254334CF040>,1058533269,0.1587923914194107,-0.059058502316474915,0.5703191161155701,0.1317940652370453,-0.034813158214092255,0.615155816078186,0.18001064658164978,0.03105899505317211,-6125,187853,45,4,False,Right,Front,Left,Centre,78
<_io.BytesIO object at 0x00000254334CFB30>,3946397460,-2.9358672818580363e-16,9847456768.0,651151232.0,-6.160345376073573e+27,2.055774912087723e-40,6.979497708007332e-39,9.183549615799121e-41,-3.920475055707584e-16,16190,187853,45,4,False,Right,Front,Left,Centre,78
<_io.BytesIO object at 0x00000254334CF4A0>,1039856332,0.26650184392929077,-0.16726191341876984,0.22003765404224396,-0.28140830993652344,0.9189212918281555,0.0,1.8367099231598242e-40,-1.0080825063596421e-13,16207,187853,45,4,False,Right,Front,Left,Centre,78
<_io.BytesIO object at 0x00000254334CFCC0>,1019990082,-0.024253692477941513,0.011779028922319412,0.009566417895257473,0.00825967825949192,0.9998507499694824,0.001966106006875634,1.401298464324817e-45,0.0,0,187853,45,4,False,Right,Front,Left,Centre,78
<_io.BytesIO object at 0x00000254334CF900>,0,0.0,1.401298464324817e-44,3.643376007244524e-43,1.8367239361444675e-40,0.7774665951728821,0.042125824838876724,-0.058366432785987854,0.009355596266686916,586,187853,45,4,False,Right,Front,Left,Centre,78
<_io.BytesIO object at 0x00000254334BCE00>,1058487192,0.15695224702358246,-0.06546007841825485,0.5675482749938965,0.12958897650241852,-0.04167363420128822,0.6114089488983154,0.17729666829109192,0.024864334613084793,16790,187854,45,4,False,Right,Front,Left,Centre,78
<_io.BytesIO object at 0x00000254334BC4F0>,2201304852,-1.1306323877136037e-08,5.574083809829645e+37,-6.863718340355263e-07,-14159.4306640625,2.0552284056866362e-40,6.979497708007332e-39,9.183549615799121e-41,-3.920475055707584e-16,16190,187854,45,4,False,Right,Front,Left,Centre,78
<_io.BytesIO object at 0x0000025433446BD0>,1039856332,0.26650184392929077,-0.16726191341876984,0.22003765404224396,-0.28140830993652344,0.9189212918281555,0.0,1.8367099231598242e-40,-1.8318679906315083e-14,16207,187854,45,4,False,Right,Front,Left,Centre,78
<_io.BytesIO object at 0x00000254334BC130>,1020004348,-0.024241840466856956,0.011892859824001789,0.009629867039620876,0.008373849093914032,0.9998478889465332,0.0019699251279234886,1.401298464324817e-45,0.0,0,187854,45,4,False,Right,Front,Left,Centre,78
<_io.BytesIO object at 0x0000025433446130>,0,0.0,1.401298464324817e-44,3.643376007244524e-43,1.8367239361444675e-40,0.7774442434310913,0.04215162247419357,-0.05833238363265991,0.009353376924991608,586,187854,45,4,False,Right,Front,Left,Centre,78
