_io,pos_x,pos_y,pos_z,frame,trial_num,block_num,practicing,left_right_hand,palm_back_hand,target_loc,distractor_loc,participant_id
<_io.BytesIO object at 0x00000201C65B9180>,0.6454680562019348,0.024831591174006462,-0.07894156873226166,194187,38,4,False,Right,Front,Right,Left,55
_io,pos_x,pos_y,pos_z,frame,trial_num,block_num,practicing,left_right_hand,palm_back_hand,target_loc,distractor_loc,participant_id
<_io.BytesIO object at 0x00000201C65B9EF0>,0.6607646942138672,0.07510247081518173,-0.14160215854644775,194187,38,4,False,Right,Front,Right,Left,55
_io,pos_x,pos_y,pos_z,frame,trial_num,block_num,practicing,left_right_hand,palm_back_hand,target_loc,distractor_loc,participant_id
<_io.BytesIO object at 0x00000201C668E900>,0.5928055047988892,0.10324619710445404,-0.09264491498470306,194187,38,4,False,Right,Front,Right,Left,55
_io,pos_x,pos_y,pos_z,frame,trial_num,block_num,practicing,left_right_hand,palm_back_hand,target_loc,distractor_loc,participant_id
<_io.BytesIO object at 0x00000201C668E400>,0.6248008012771606,0.08337874710559845,-0.17051981389522552,194187,38,4,False,Right,Front,Right,Left,55
_io,pos_x,pos_y,pos_z,frame,trial_num,block_num,practicing,left_right_hand,palm_back_hand,target_loc,distractor_loc,participant_id
<_io.BytesIO object at 0x00000201C668E4A0>,0.6602956652641296,0.02783205173909664,-0.14166571199893951,194187,38,4,False,Right,Front,Right,Left,55
<_io.BytesIO object at 0x00000201C668E900>,0.6453067660331726,0.024357372894883156,-0.07908572256565094,194188,38,4,False,Right,Front,Right,Left,55
<_io.BytesIO object at 0x00000201C65B9C70>,0.66084223985672,0.07480780780315399,-0.14147333800792694,194188,38,4,False,Right,Front,Right,Left,55
<_io.BytesIO object at 0x00000201C65B9BD0>,0.5927698612213135,0.10287941992282867,-0.09256430715322495,194188,38,4,False,Right,Front,Right,Left,55
<_io.BytesIO object at 0x00000201C65B9900>,0.6248703002929688,0.08309990912675858,-0.17044895887374878,194188,38,4,False,Right,Front,Right,Left,55
<_io.BytesIO object at 0x00000201C65B9AE0>,0.6604203581809998,0.027613267302513123,-0.14152169227600098,194188,38,4,False,Right,Front,Right,Left,55
<_io.BytesIO object at 0x00000201C6688400>,0.6451208591461182,0.023895857855677605,-0.07919817417860031,194189,38,4,False,Right,Front,Right,Left,55
<_io.BytesIO object at 0x00000201C6688E50>,0.6609695553779602,0.07459200918674469,-0.14133106172084808,194189,38,4,False,Right,Front,Right,Left,55
<_io.BytesIO object at 0x00000201C66887C0>,0.5927302241325378,0.1024990826845169,-0.09243665635585785,194189,38,4,False,Right,Front,Right,Left,55
<_io.BytesIO object at 0x00000201C6688720>,0.6249884366989136,0.08298156410455704,-0.17037126421928406,194189,38,4,False,Right,Front,Right,Left,55
<_io.BytesIO object at 0x00000201C6688090>,0.6606255769729614,0.027508676052093506,-0.14136722683906555,194189,38,4,False,Right,Front,Right,Left,55
<_io.BytesIO object at 0x00000201C65B9360>,0.6449460387229919,0.023538880050182343,-0.07924972474575043,194190,38,4,False,Right,Front,Right,Left,55
<_io.BytesIO object at 0x00000201C65B9220>,0.6611273884773254,0.07444769889116287,-0.1411796361207962,194190,38,4,False,Right,Front,Right,Left,55
<_io.BytesIO object at 0x00000201C65B9EA0>,0.5927320122718811,0.10204575210809708,-0.09233228117227554,194190,38,4,False,Right,Front,Right,Left,55
<_io.BytesIO object at 0x00000201C65B9040>,0.625153660774231,0.08287354558706284,-0.1703364998102188,194190,38,4,False,Right,Front,Right,Left,55
<_io.BytesIO object at 0x00000201C65B9A90>,0.6607439517974854,0.027329422533512115,-0.14120757579803467,194190,38,4,False,Right,Front,Right,Left,55
<_io.BytesIO object at 0x00000201C6688C70>,0.6446510553359985,0.023069215938448906,-0.07930824160575867,194191,38,4,False,Right,Front,Right,Left,55
<_io.BytesIO object at 0x00000201C65B98B0>,0.66124427318573,0.07434757798910141,-0.14102378487586975,194191,38,4,False,Right,Front,Right,Left,55
<_io.BytesIO object at 0x00000201C65B9900>,0.5926814675331116,0.10160405933856964,-0.09222026914358139,194191,38,4,False,Right,Front,Right,Left,55
<_io.BytesIO object at 0x00000201C65B9220>,0.6252954602241516,0.08273306488990784,-0.17028598487377167,194191,38,4,False,Right,Front,Right,Left,55
<_io.BytesIO object at 0x00000201C65B9630>,0.6608664393424988,0.027147183194756508,-0.14103306829929352,194191,38,4,False,Right,Front,Right,Left,55
<_io.BytesIO object at 0x00000201C668EB80>,0.644487202167511,0.022806672379374504,-0.07926370203495026,194192,38,4,False,Right,Front,Right,Left,55
<_io.BytesIO object at 0x00000201C668E360>,0.6614052057266235,0.07425917685031891,-0.14089667797088623,194192,38,4,False,Right,Front,Right,Left,55
<_io.BytesIO object at 0x00000201C668E6D0>,0.5925864577293396,0.10122137516736984,-0.09216265380382538,194192,38,4,False,Right,Front,Right,Left,55
<_io.BytesIO object at 0x00000201C668E040>,0.6254416108131409,0.08262554556131363,-0.17026056349277496,194192,38,4,False,Right,Front,Right,Left,55
<_io.BytesIO object at 0x00000201C668E720>,0.6610408425331116,0.026978343725204468,-0.14085528254508972,194192,38,4,False,Right,Front,Right,Left,55
<_io.BytesIO object at 0x00000201C65B95E0>,0.6443350911140442,0.022622428834438324,-0.07921378314495087,194193,38,4,False,Right,Front,Right,Left,55
<_io.BytesIO object at 0x00000201C65B9950>,0.6615800261497498,0.07414627820253372,-0.14076535403728485,194193,38,4,False,Right,Front,Right,Left,55
<_io.BytesIO object at 0x00000201C668E720>,0.592488169670105,0.10091979056596756,-0.09214431047439575,194193,38,4,False,Right,Front,Right,Left,55
<_io.BytesIO object at 0x00000201C668E1D0>,0.6256717443466187,0.08248743414878845,-0.17027436196804047,194193,38,4,False,Right,Front,Right,Left,55
<_io.BytesIO object at 0x00000201C668E770>,0.661322295665741,0.02692880854010582,-0.14062125980854034,194193,38,4,False,Right,Front,Right,Left,55
<_io.BytesIO object at 0x00000201C668E720>,0.6441522836685181,0.022524289786815643,-0.07916545867919922,194194,38,4,False,Right,Front,Right,Left,55
<_io.BytesIO object at 0x00000201C65B94F0>,0.6617538928985596,0.07410192489624023,-0.14057427644729614,194194,38,4,False,Right,Front,Right,Left,55
<_io.BytesIO object at 0x00000201C65B9450>,0.592400074005127,0.10070949792861938,-0.09221084415912628,194194,38,4,False,Right,Front,Right,Left,55
<_io.BytesIO object at 0x00000201C65B9040>,0.6258088946342468,0.0823872834444046,-0.17020301520824432,194194,38,4,False,Right,Front,Right,Left,55
<_io.BytesIO object at 0x00000201C65B94A0>,0.6615999937057495,0.026950033381581306,-0.14033988118171692,194194,38,4,False,Right,Front,Right,Left,55
<_io.BytesIO object at 0x00000201C6688E50>,0.6439963579177856,0.02252180501818657,-0.07908355444669724,194195,38,4,False,Right,Front,Right,Left,55
<_io.BytesIO object at 0x00000201C65B9310>,0.6619826555252075,0.07418527454137802,-0.14033427834510803,194195,38,4,False,Right,Front,Right,Left,55
<_io.BytesIO object at 0x00000201C65B94A0>,0.5923198461532593,0.10057897865772247,-0.09231700003147125,194195,38,4,False,Right,Front,Right,Left,55
<_io.BytesIO object at 0x00000201C65B9B80>,0.6260389685630798,0.08234140276908875,-0.17014595866203308,194195,38,4,False,Right,Front,Right,Left,55
<_io.BytesIO object at 0x00000201C65B99A0>,0.66184401512146,0.02699691615998745,-0.14005230367183685,194195,38,4,False,Right,Front,Right,Left,55
<_io.BytesIO object at 0x00000201C668E5E0>,0.6438671946525574,0.022587502375245094,-0.07898802310228348,194196,38,4,False,Right,Front,Right,Left,55
<_io.BytesIO object at 0x00000201C65B98B0>,0.662127673625946,0.07430727779865265,-0.1401660144329071,194196,38,4,False,Right,Front,Right,Left,55
<_io.BytesIO object at 0x00000201C65B99A0>,0.5921996831893921,0.10048388689756393,-0.09244464337825775,194196,38,4,False,Right,Front,Right,Left,55
<_io.BytesIO object at 0x00000201C65B93B0>,0.626201331615448,0.08228474855422974,-0.17013493180274963,194196,38,4,False,Right,Front,Right,Left,55
<_io.BytesIO object at 0x00000201C65B9EA0>,0.6621499061584473,0.02708893083035946,-0.1397288739681244,194196,38,4,False,Right,Front,Right,Left,55
<_io.BytesIO object at 0x00000201C6688A40>,0.6438054442405701,0.02278238907456398,-0.07885058969259262,194197,38,4,False,Right,Front,Right,Left,55
<_io.BytesIO object at 0x00000201C65B9AE0>,0.6622723340988159,0.07446470856666565,-0.13999442756175995,194197,38,4,False,Right,Front,Right,Left,55
<_io.BytesIO object at 0x00000201C65B9EA0>,0.5920501351356506,0.10042676329612732,-0.09262140840291977,194197,38,4,False,Right,Front,Right,Left,55
<_io.BytesIO object at 0x00000201C65B9040>,0.626357913017273,0.08209769427776337,-0.17042820155620575,194197,38,4,False,Right,Front,Right,Left,55
<_io.BytesIO object at 0x00000201C65B94F0>,0.6625949144363403,0.027319984510540962,-0.13934403657913208,194197,38,4,False,Right,Front,Right,Left,55
<_io.BytesIO object at 0x00000201C668EC20>,0.6437784433364868,0.02298562228679657,-0.07870896905660629,194198,38,4,False,Right,Front,Right,Left,55
<_io.BytesIO object at 0x00000201C668E6D0>,0.6624124050140381,0.07474175095558167,-0.13984249532222748,194198,38,4,False,Right,Front,Right,Left,55
<_io.BytesIO object at 0x00000201C668EBD0>,0.591878354549408,0.10040232539176941,-0.09280052036046982,194198,38,4,False,Right,Front,Right,Left,55
<_io.BytesIO object at 0x00000201C65B9BD0>,0.6265824437141418,0.08198418468236923,-0.17053581774234772,194198,38,4,False,Right,Front,Right,Left,55
<_io.BytesIO object at 0x00000201C65B9A90>,0.6629244089126587,0.027523748576641083,-0.13901881873607635,194198,38,4,False,Right,Front,Right,Left,55
<_io.BytesIO object at 0x00000201C65B98B0>,0.6438232660293579,0.023251626640558243,-0.07859939336776733,194199,38,4,False,Right,Front,Right,Left,55
<_io.BytesIO object at 0x00000201C65B9BD0>,0.6625343561172485,0.07505066692829132,-0.13972492516040802,194199,38,4,False,Right,Front,Right,Left,55
<_io.BytesIO object at 0x00000201C65B9950>,0.5916368365287781,0.10033130645751953,-0.09295742213726044,194199,38,4,False,Right,Front,Right,Left,55
<_io.BytesIO object at 0x00000201C65B99A0>,0.6266976594924927,0.08196984231472015,-0.17054621875286102,194199,38,4,False,Right,Front,Right,Left,55
<_io.BytesIO object at 0x00000201C65B9400>,0.6632192730903625,0.027732549235224724,-0.13876694440841675,194199,38,4,False,Right,Front,Right,Left,55
<_io.BytesIO object at 0x00000201C668EE50>,0.6438596248626709,0.023429209366440773,-0.07848978042602539,194200,38,4,False,Right,Front,Right,Left,55
<_io.BytesIO object at 0x00000201C65B9180>,0.6626600027084351,0.07531920820474625,-0.13958461582660675,194200,38,4,False,Right,Front,Right,Left,55
<_io.BytesIO object at 0x00000201C65B9630>,0.5914004445075989,0.1002419963479042,-0.09311648458242416,194200,38,4,False,Right,Front,Right,Left,55
<_io.BytesIO object at 0x00000201C65B9A90>,0.6267974972724915,0.08196655660867691,-0.17049957811832428,194200,38,4,False,Right,Front,Right,Left,55
<_io.BytesIO object at 0x00000201C65B9310>,0.6635164618492126,0.02799416519701481,-0.13843494653701782,194200,38,4,False,Right,Front,Right,Left,55
<_io.BytesIO object at 0x00000201C6688DB0>,0.6438860297203064,0.0235943254083395,-0.07840623706579208,194201,38,4,False,Right,Front,Right,Left,55
<_io.BytesIO object at 0x00000201C3854310>,0.6627174615859985,0.07558077573776245,-0.1394442617893219,194201,38,4,False,Right,Front,Right,Left,55
<_io.BytesIO object at 0x00000201C6688680>,0.5911164283752441,0.10018650442361832,-0.09314693510532379,194201,38,4,False,Right,Front,Right,Left,55
<_io.BytesIO object at 0x00000201C6688BD0>,0.6269823908805847,0.08210722357034683,-0.1705295592546463,194201,38,4,False,Right,Front,Right,Left,55
<_io.BytesIO object at 0x00000201C6688540>,0.6637246608734131,0.028218887746334076,-0.13819392025470734,194201,38,4,False,Right,Front,Right,Left,55
<_io.BytesIO object at 0x00000201C65B9F90>,0.6439146399497986,0.023798467591404915,-0.07832550257444382,194202,38,4,False,Right,Front,Right,Left,55
<_io.BytesIO object at 0x00000201C66884F0>,0.662789523601532,0.07586175203323364,-0.13925592601299286,194202,38,4,False,Right,Front,Right,Left,55
<_io.BytesIO object at 0x00000201C6688540>,0.5909857153892517,0.10018125921487808,-0.09314915537834167,194202,38,4,False,Right,Front,Right,Left,55
<_io.BytesIO object at 0x00000201C6688AE0>,0.6271195411682129,0.08230578154325485,-0.17048527300357819,194202,38,4,False,Right,Front,Right,Left,55
<_io.BytesIO object at 0x00000201C6688590>,0.6638701558113098,0.02847696654498577,-0.13795484602451324,194202,38,4,False,Right,Front,Right,Left,55
<_io.BytesIO object at 0x00000201C668E900>,0.6438832879066467,0.02393270842730999,-0.07827825844287872,194203,38,4,False,Right,Front,Right,Left,55
<_io.BytesIO object at 0x00000201C6688CC0>,0.6629084348678589,0.07610419392585754,-0.13907359540462494,194203,38,4,False,Right,Front,Right,Left,55
<_io.BytesIO object at 0x00000201C6688AE0>,0.5908908247947693,0.10021525621414185,-0.093105748295784,194203,38,4,False,Right,Front,Right,Left,55
<_io.BytesIO object at 0x00000201C66889F0>,0.6272757649421692,0.08248153328895569,-0.1703619509935379,194203,38,4,False,Right,Front,Right,Left,55
<_io.BytesIO object at 0x00000201C6688720>,0.6640076041221619,0.028726913034915924,-0.13776016235351562,194203,38,4,False,Right,Front,Right,Left,55
<_io.BytesIO object at 0x00000201C668E720>,0.6438217759132385,0.024094441905617714,-0.0783417820930481,194204,38,4,False,Right,Front,Right,Left,55
<_io.BytesIO object at 0x00000201C668E860>,0.6630280613899231,0.0763646587729454,-0.13887931406497955,194204,38,4,False,Right,Front,Right,Left,55
<_io.BytesIO object at 0x00000201C668EBD0>,0.5908275246620178,0.10031149536371231,-0.09303954243659973,194204,38,4,False,Right,Front,Right,Left,55
<_io.BytesIO object at 0x00000201C668E810>,0.6274318695068359,0.08280536532402039,-0.17029447853565216,194204,38,4,False,Right,Front,Right,Left,55
<_io.BytesIO object at 0x00000201C668EB30>,0.664233922958374,0.0290447436273098,-0.1375877410173416,194204,38,4,False,Right,Front,Right,Left,55
<_io.BytesIO object at 0x00000201C6688770>,0.6437820196151733,0.024285554885864258,-0.07832123339176178,194205,38,4,False,Right,Front,Right,Left,55
<_io.BytesIO object at 0x00000201C6688220>,0.6631814241409302,0.07668790221214294,-0.13873301446437836,194205,38,4,False,Right,Front,Right,Left,55
<_io.BytesIO object at 0x00000201C6688680>,0.5907977223396301,0.10046707838773727,-0.09296496212482452,194205,38,4,False,Right,Front,Right,Left,55
<_io.BytesIO object at 0x00000201C6688F90>,0.6277150511741638,0.08316472917795181,-0.17014260590076447,194205,38,4,False,Right,Front,Right,Left,55
<_io.BytesIO object at 0x00000201C6688BD0>,0.6643267869949341,0.02942419797182083,-0.13751578330993652,194205,38,4,False,Right,Front,Right,Left,55
<_io.BytesIO object at 0x00000201C668E540>,0.643765389919281,0.02451600693166256,-0.07834457606077194,194206,38,4,False,Right,Front,Right,Left,55
<_io.BytesIO object at 0x00000201C668E130>,0.6633955836296082,0.07706458121538162,-0.13853681087493896,194206,38,4,False,Right,Front,Right,Left,55
<_io.BytesIO object at 0x00000201C668E1D0>,0.5907784104347229,0.10085134953260422,-0.09280387312173843,194206,38,4,False,Right,Front,Right,Left,55
<_io.BytesIO object at 0x00000201C668E720>,0.6279520988464355,0.08361276239156723,-0.1700565069913864,194206,38,4,False,Right,Front,Right,Left,55
<_io.BytesIO object at 0x00000201C668E770>,0.6644247770309448,0.02983141876757145,-0.13742902874946594,194206,38,4,False,Right,Front,Right,Left,55
<_io.BytesIO object at 0x00000201C6688D10>,0.6437532305717468,0.024752872064709663,-0.07837100327014923,194207,38,4,False,Right,Front,Right,Left,55
<_io.BytesIO object at 0x00000201C668E040>,0.6636138558387756,0.0776074156165123,-0.13836774230003357,194207,38,4,False,Right,Front,Right,Left,55
<_io.BytesIO object at 0x00000201C668E220>,0.5907898545265198,0.10119220614433289,-0.09269660711288452,194207,38,4,False,Right,Front,Right,Left,55
<_io.BytesIO object at 0x00000201C668EF40>,0.6281150579452515,0.08408402651548386,-0.16992928087711334,194207,38,4,False,Right,Front,Right,Left,55
<_io.BytesIO object at 0x00000201C668E400>,0.6644876003265381,0.030273333191871643,-0.13728056848049164,194207,38,4,False,Right,Front,Right,Left,55
<_io.BytesIO object at 0x00000201C66889A0>,0.643735945224762,0.025063565000891685,-0.07839085906744003,194208,38,4,False,Right,Front,Right,Left,55
<_io.BytesIO object at 0x00000201C668E5E0>,0.6637293100357056,0.07807241380214691,-0.13820640742778778,194208,38,4,False,Right,Front,Right,Left,55
<_io.BytesIO object at 0x00000201C668EDB0>,0.5907860398292542,0.10166017711162567,-0.09263387322425842,194208,38,4,False,Right,Front,Right,Left,55
<_io.BytesIO object at 0x00000201C668E130>,0.628133237361908,0.08471072465181351,-0.16971562802791595,194208,38,4,False,Right,Front,Right,Left,55
<_io.BytesIO object at 0x00000201C668E1D0>,0.6645488739013672,0.030717460438609123,-0.13719111680984497,194208,38,4,False,Right,Front,Right,Left,55
<_io.BytesIO object at 0x00000201C6688950>,0.6437259316444397,0.025418806821107864,-0.078428253531456,194209,38,4,False,Right,Front,Right,Left,55
<_io.BytesIO object at 0x00000201C668EAE0>,0.6638727188110352,0.07859241217374802,-0.13803799450397491,194209,38,4,False,Right,Front,Right,Left,55
<_io.BytesIO object at 0x00000201C668EBD0>,0.5909382700920105,0.10223561525344849,-0.09240835160017014,194209,38,4,False,Right,Front,Right,Left,55
<_io.BytesIO object at 0x00000201C66886D0>,0.6284742951393127,0.08533430099487305,-0.1697063148021698,194209,38,4,False,Right,Front,Right,Left,55
<_io.BytesIO object at 0x00000201C6688F90>,0.664625883102417,0.031233670189976692,-0.13712774217128754,194209,38,4,False,Right,Front,Right,Left,55
<_io.BytesIO object at 0x00000201C668EA90>,0.6437039971351624,0.0259897131472826,-0.07853535562753677,194210,38,4,False,Right,Front,Right,Left,55
<_io.BytesIO object at 0x00000201C6688770>,0.664012610912323,0.07922111451625824,-0.13790245354175568,194210,38,4,False,Right,Front,Right,Left,55
<_io.BytesIO object at 0x00000201C6688EA0>,0.5910462141036987,0.10285600274801254,-0.09216117113828659,194210,38,4,False,Right,Front,Right,Left,55
<_io.BytesIO object at 0x00000201C6688DB0>,0.628768265247345,0.08621583133935928,-0.1694461852312088,194210,38,4,False,Right,Front,Right,Left,55
<_io.BytesIO object at 0x00000201C6688B30>,0.6647058725357056,0.03202060982584953,-0.13701680302619934,194210,38,4,False,Right,Front,Right,Left,55
<_io.BytesIO object at 0x00000201C668E310>,0.6436915993690491,0.026533251628279686,-0.07853764295578003,194211,38,4,False,Right,Front,Right,Left,55
<_io.BytesIO object at 0x00000201C6688D10>,0.6641965508460999,0.07999995350837708,-0.13775897026062012,194211,38,4,False,Right,Front,Right,Left,55
<_io.BytesIO object at 0x00000201C6688C70>,0.5912533402442932,0.10370778292417526,-0.0918562263250351,194211,38,4,False,Right,Front,Right,Left,55
<_io.BytesIO object at 0x00000201C6688400>,0.6289921402931213,0.08712126314640045,-0.16924099624156952,194211,38,4,False,Right,Front,Right,Left,55
<_io.BytesIO object at 0x00000201C66889A0>,0.6646721363067627,0.03265209496021271,-0.13692043721675873,194211,38,4,False,Right,Front,Right,Left,55
<_io.BytesIO object at 0x00000201C668E220>,0.6436856389045715,0.027071794494986534,-0.07859892398118973,194212,38,4,False,Right,Front,Right,Left,55
<_io.BytesIO object at 0x00000201C6688DB0>,0.6645054221153259,0.08066660165786743,-0.1374669224023819,194212,38,4,False,Right,Front,Right,Left,55
<_io.BytesIO object at 0x00000201C6688130>,0.5914326310157776,0.10463040322065353,-0.09161993861198425,194212,38,4,False,Right,Front,Right,Left,55
<_io.BytesIO object at 0x00000201C6688C20>,0.629285991191864,0.0880500078201294,-0.16898345947265625,194212,38,4,False,Right,Front,Right,Left,55
<_io.BytesIO object at 0x00000201C6688F90>,0.6646785736083984,0.03331950679421425,-0.13684192299842834,194212,38,4,False,Right,Front,Right,Left,55
<_io.BytesIO object at 0x00000201C65B9040>,0.643663227558136,0.027777651324868202,-0.0787033885717392,194213,38,4,False,Right,Front,Right,Left,55
<_io.BytesIO object at 0x00000201C6688450>,0.6647199392318726,0.08148539811372757,-0.13724786043167114,194213,38,4,False,Right,Front,Right,Left,55
<_io.BytesIO object at 0x00000201C6688D60>,0.5917215347290039,0.10549861192703247,-0.09132149070501328,194213,38,4,False,Right,Front,Right,Left,55
<_io.BytesIO object at 0x00000201C6688A40>,0.6294428706169128,0.08912146091461182,-0.16880692541599274,194213,38,4,False,Right,Front,Right,Left,55
<_io.BytesIO object at 0x00000201C66882C0>,0.6646897792816162,0.034236449748277664,-0.1367051750421524,194213,38,4,False,Right,Front,Right,Left,55
<_io.BytesIO object at 0x00000201C65B9090>,0.6436876654624939,0.028588376939296722,-0.07862306386232376,194214,38,4,False,Right,Front,Right,Left,55
<_io.BytesIO object at 0x00000201C6688950>,0.6649980545043945,0.08248865604400635,-0.13713091611862183,194214,38,4,False,Right,Front,Right,Left,55
<_io.BytesIO object at 0x00000201C6688DB0>,0.5920323133468628,0.10663633793592453,-0.09088163077831268,194214,38,4,False,Right,Front,Right,Left,55
<_io.BytesIO object at 0x00000201C6688D60>,0.629868745803833,0.09033037722110748,-0.16846980154514313,194214,38,4,False,Right,Front,Right,Left,55
<_io.BytesIO object at 0x00000201C6688C70>,0.6646918654441833,0.03507624939084053,-0.13664589822292328,194214,38,4,False,Right,Front,Right,Left,55
<_io.BytesIO object at 0x00000201C668E1D0>,0.6436668038368225,0.02928362414240837,-0.0785897970199585,194215,38,4,False,Right,Front,Right,Left,55
<_io.BytesIO object at 0x00000201C6688EA0>,0.6652085185050964,0.08329248428344727,-0.13685555756092072,194215,38,4,False,Right,Front,Right,Left,55
<_io.BytesIO object at 0x00000201C66882C0>,0.5922426581382751,0.10783835500478745,-0.09044327586889267,194215,38,4,False,Right,Front,Right,Left,55
<_io.BytesIO object at 0x00000201C6688A40>,0.6301409006118774,0.09145025908946991,-0.16819772124290466,194215,38,4,False,Right,Front,Right,Left,55
<_io.BytesIO object at 0x00000201C6688950>,0.6646949052810669,0.036055274307727814,-0.13644066452980042,194215,38,4,False,Right,Front,Right,Left,55
<_io.BytesIO object at 0x00000201C668EE50>,0.6436443328857422,0.030187563970685005,-0.07852748036384583,194216,38,4,False,Right,Front,Right,Left,55
<_io.BytesIO object at 0x00000201C6688EF0>,0.6655349731445312,0.08431301265954971,-0.1365041434764862,194216,38,4,False,Right,Front,Right,Left,55
<_io.BytesIO object at 0x00000201C6688900>,0.5926518440246582,0.10897095501422882,-0.08998499810695648,194216,38,4,False,Right,Front,Right,Left,55
<_io.BytesIO object at 0x00000201C66882C0>,0.6304508447647095,0.09262430667877197,-0.16787472367286682,194216,38,4,False,Right,Front,Right,Left,55
<_io.BytesIO object at 0x00000201C6688450>,0.6646731495857239,0.03698612377047539,-0.1362793892621994,194216,38,4,False,Right,Front,Right,Left,55
<_io.BytesIO object at 0x00000201C668ECC0>,0.6436654925346375,0.031068066135048866,-0.07835949957370758,194217,38,4,False,Right,Front,Right,Left,55
<_io.BytesIO object at 0x00000201C66885E0>,0.6656891703605652,0.085322305560112,-0.1361563503742218,194217,38,4,False,Right,Front,Right,Left,55
<_io.BytesIO object at 0x00000201C66887C0>,0.5929743647575378,0.11033914238214493,-0.08952021598815918,194217,38,4,False,Right,Front,Right,Left,55
<_io.BytesIO object at 0x00000201C6688900>,0.6308370232582092,0.09370754659175873,-0.16724655032157898,194217,38,4,False,Right,Front,Right,Left,55
<_io.BytesIO object at 0x00000201C66883B0>,0.6646932363510132,0.0379297100007534,-0.1359626054763794,194217,38,4,False,Right,Front,Right,Left,55
<_io.BytesIO object at 0x00000201C668E720>,0.6437510251998901,0.03199044615030289,-0.07804123312234879,194218,38,4,False,Right,Front,Right,Left,55
<_io.BytesIO object at 0x00000201C6688CC0>,0.665934145450592,0.08621818572282791,-0.13573883473873138,194218,38,4,False,Right,Front,Right,Left,55
<_io.BytesIO object at 0x00000201C6688F90>,0.5932510495185852,0.11163093149662018,-0.08910705894231796,194218,38,4,False,Right,Front,Right,Left,55
<_io.BytesIO object at 0x00000201C66887C0>,0.6310268640518188,0.09480100870132446,-0.16688893735408783,194218,38,4,False,Right,Front,Right,Left,55
<_io.BytesIO object at 0x00000201C668E090>,0.6647354364395142,0.03898470848798752,-0.1355104297399521,194218,38,4,False,Right,Front,Right,Left,55
<_io.BytesIO object at 0x00000201C6688AE0>,0.6438659429550171,0.033034518361091614,-0.07776569575071335,194219,38,4,False,Right,Front,Right,Left,55
<_io.BytesIO object at 0x00000201C6688F90>,0.6661802530288696,0.08730080723762512,-0.13530313968658447,194219,38,4,False,Right,Front,Right,Left,55
<_io.BytesIO object at 0x00000201C6688DB0>,0.59368497133255,0.11306870728731155,-0.08853669464588165,194219,38,4,False,Right,Front,Right,Left,55
<_io.BytesIO object at 0x00000201C6688770>,0.6312472820281982,0.09583745896816254,-0.16649948060512543,194219,38,4,False,Right,Front,Right,Left,55
<_io.BytesIO object at 0x00000201C6688F40>,0.6648734211921692,0.03994954749941826,-0.13513053953647614,194219,38,4,False,Right,Front,Right,Left,55
<_io.BytesIO object at 0x00000201C668EE50>,0.6441213488578796,0.03412920981645584,-0.07729075849056244,194220,38,4,False,Right,Front,Right,Left,55
<_io.BytesIO object at 0x00000201C668E310>,0.6663321256637573,0.08831948041915894,-0.13484950363636017,194220,38,4,False,Right,Front,Right,Left,55
<_io.BytesIO object at 0x00000201C668E770>,0.5941473245620728,0.11437659710645676,-0.08806994557380676,194220,38,4,False,Right,Front,Right,Left,55
<_io.BytesIO object at 0x00000201C668EC20>,0.6316047310829163,0.09691960364580154,-0.16587617993354797,194220,38,4,False,Right,Front,Right,Left,55
<_io.BytesIO object at 0x00000201C668E4A0>,0.6650235652923584,0.04103051871061325,-0.13459353148937225,194220,38,4,False,Right,Front,Right,Left,55
<_io.BytesIO object at 0x00000201C66883B0>,0.6443232893943787,0.035181574523448944,-0.07669569551944733,194221,38,4,False,Right,Front,Right,Left,55
<_io.BytesIO object at 0x00000201C6688EA0>,0.6666520237922668,0.08931661397218704,-0.13435150682926178,194221,38,4,False,Right,Front,Right,Left,55
<_io.BytesIO object at 0x00000201C6688E50>,0.5944967865943909,0.11579772084951401,-0.08756013214588165,194221,38,4,False,Right,Front,Right,Left,55
<_io.BytesIO object at 0x00000201C6688EF0>,0.6318445801734924,0.09799519926309586,-0.165226548910141,194221,38,4,False,Right,Front,Right,Left,55
<_io.BytesIO object at 0x00000201C668E270>,0.6651251316070557,0.04202399402856827,-0.13399025797843933,194221,38,4,False,Right,Front,Right,Left,55
<_io.BytesIO object at 0x00000201C668E590>,0.644651472568512,0.03641915321350098,-0.07606077939271927,194222,38,4,False,Right,Front,Right,Left,55
<_io.BytesIO object at 0x00000201C668EF90>,0.6670197248458862,0.09041572362184525,-0.13371269404888153,194222,38,4,False,Right,Front,Right,Left,55
<_io.BytesIO object at 0x00000201C668E0E0>,0.5949802994728088,0.11719698458909988,-0.08684662729501724,194222,38,4,False,Right,Front,Right,Left,55
<_io.BytesIO object at 0x00000201C668E450>,0.6321243643760681,0.09888865798711777,-0.16456440091133118,194222,38,4,False,Right,Front,Right,Left,55
<_io.BytesIO object at 0x00000201C668E400>,0.6653543710708618,0.04308108985424042,-0.13340982794761658,194222,38,4,False,Right,Front,Right,Left,55
<_io.BytesIO object at 0x00000201C6688090>,0.6450160145759583,0.037696149200201035,-0.07521387189626694,194223,38,4,False,Right,Front,Right,Left,55
<_io.BytesIO object at 0x00000201C668E2C0>,0.6672614812850952,0.09152806550264359,-0.13312332332134247,194223,38,4,False,Right,Front,Right,Left,55
<_io.BytesIO object at 0x00000201C6688130>,0.5954850912094116,0.11865966767072678,-0.0860595852136612,194223,38,4,False,Right,Front,Right,Left,55
<_io.BytesIO object at 0x00000201C6688590>,0.6324172616004944,0.10033224523067474,-0.16396644711494446,194223,38,4,False,Right,Front,Right,Left,55
<_io.BytesIO object at 0x00000201C6688E00>,0.6654898524284363,0.04421622306108475,-0.1326999068260193,194223,38,4,False,Right,Front,Right,Left,55
<_io.BytesIO object at 0x00000201C668E400>,0.6453503370285034,0.03889115899801254,-0.07452674210071564,194224,38,4,False,Right,Front,Right,Left,55
<_io.BytesIO object at 0x00000201C6688F90>,0.6675401926040649,0.09256675094366074,-0.13251140713691711,194224,38,4,False,Right,Front,Right,Left,55
<_io.BytesIO object at 0x00000201C6688E50>,0.5959498882293701,0.12008526921272278,-0.08527416735887527,194224,38,4,False,Right,Front,Right,Left,55
<_io.BytesIO object at 0x00000201C66884F0>,0.6328158974647522,0.10143619030714035,-0.16305144131183624,194224,38,4,False,Right,Front,Right,Left,55
<_io.BytesIO object at 0x00000201C66889A0>,0.665611207485199,0.04525115713477135,-0.13191619515419006,194224,38,4,False,Right,Front,Right,Left,55
<_io.BytesIO object at 0x00000201C3858180>,0.6457923650741577,0.04006322845816612,-0.0737859383225441,194225,38,4,False,Right,Front,Right,Left,55
<_io.BytesIO object at 0x00000201C66A7400>,0.6679801344871521,0.09362082928419113,-0.13173535466194153,194225,38,4,False,Right,Front,Right,Left,55
<_io.BytesIO object at 0x00000201C66A7950>,0.5966011881828308,0.12154654413461685,-0.0843411237001419,194225,38,4,False,Right,Front,Right,Left,55
<_io.BytesIO object at 0x00000201C66A7D10>,0.6332043409347534,0.10262276232242584,-0.16222500801086426,194225,38,4,False,Right,Front,Right,Left,55
<_io.BytesIO object at 0x00000201C66A7450>,0.6658297181129456,0.046470824629068375,-0.1312745362520218,194225,38,4,False,Right,Front,Right,Left,55
<_io.BytesIO object at 0x00000201C6614180>,0.6461736559867859,0.041099999099969864,-0.07283507287502289,194226,38,4,False,Right,Front,Right,Left,55
<_io.BytesIO object at 0x00000201C6614C20>,0.6683690547943115,0.09470564126968384,-0.13092242181301117,194226,38,4,False,Right,Front,Right,Left,55
<_io.BytesIO object at 0x00000201C65D29A0>,0.5973490476608276,0.12301521003246307,-0.08320354670286179,194226,38,4,False,Right,Front,Right,Left,55
<_io.BytesIO object at 0x00000201C65D24F0>,0.6335771083831787,0.10376552492380142,-0.16111156344413757,194226,38,4,False,Right,Front,Right,Left,55
<_io.BytesIO object at 0x00000201C65D28B0>,0.6660564541816711,0.04745315760374069,-0.13049094378948212,194226,38,4,False,Right,Front,Right,Left,55
<_io.BytesIO object at 0x00000201C66A7C70>,0.6463539600372314,0.042076583951711655,-0.07181352376937866,194227,38,4,False,Right,Front,Right,Left,55
<_io.BytesIO object at 0x00000201C66A7220>,0.6688543558120728,0.0955413356423378,-0.13005280494689941,194227,38,4,False,Right,Front,Right,Left,55
<_io.BytesIO object at 0x00000201C66A77C0>,0.5980953574180603,0.12443476915359497,-0.08211540430784225,194227,38,4,False,Right,Front,Right,Left,55
<_io.BytesIO object at 0x00000201C66A7270>,0.6339845657348633,0.10506390780210495,-0.16011831164360046,194227,38,4,False,Right,Front,Right,Left,55
<_io.BytesIO object at 0x00000201C3858B30>,0.6660876870155334,0.04833586513996124,-0.1297425478696823,194227,38,4,False,Right,Front,Right,Left,55
<_io.BytesIO object at 0x00000201C6688720>,0.6465103626251221,0.042978376150131226,-0.07067611813545227,194228,38,4,False,Right,Front,Right,Left,55
<_io.BytesIO object at 0x00000201C6688BD0>,0.6692025661468506,0.09635823220014572,-0.1290566325187683,194228,38,4,False,Right,Front,Right,Left,55
<_io.BytesIO object at 0x00000201C6688AE0>,0.5989328622817993,0.1257041096687317,-0.08083955943584442,194228,38,4,False,Right,Front,Right,Left,55
<_io.BytesIO object at 0x00000201C66883B0>,0.6345077753067017,0.10627569258213043,-0.1589583158493042,194228,38,4,False,Right,Front,Right,Left,55
<_io.BytesIO object at 0x00000201C6688680>,0.6661763191223145,0.049272987991571426,-0.1289391964673996,194228,38,4,False,Right,Front,Right,Left,55
<_io.BytesIO object at 0x00000201C65D2360>,0.6467291116714478,0.04386679083108902,-0.06950926035642624,194229,38,4,False,Right,Front,Right,Left,55
<_io.BytesIO object at 0x00000201C6612B80>,0.6696871519088745,0.09711085259914398,-0.12785717844963074,194229,38,4,False,Right,Front,Right,Left,55
<_io.BytesIO object at 0x00000201C6683540>,0.599775493144989,0.12690600752830505,-0.079402394592762,194229,38,4,False,Right,Front,Right,Left,55
<_io.BytesIO object at 0x00000201C6683AE0>,0.6350480914115906,0.10748749226331711,-0.15771202743053436,194229,38,4,False,Right,Front,Right,Left,55
<_io.BytesIO object at 0x00000201C66833B0>,0.6662635803222656,0.05009205639362335,-0.12807968258857727,194229,38,4,False,Right,Front,Right,Left,55
<_io.BytesIO object at 0x00000201C6697680>,0.6470315456390381,0.04477779194712639,-0.06814935058355331,194230,38,4,False,Right,Front,Right,Left,55
<_io.BytesIO object at 0x00000201C6697130>,0.6702878475189209,0.0977872908115387,-0.1267494559288025,194230,38,4,False,Right,Front,Right,Left,55
<_io.BytesIO object at 0x00000201C6697270>,0.6007660627365112,0.1281486302614212,-0.07791739702224731,194230,38,4,False,Right,Front,Right,Left,55
<_io.BytesIO object at 0x00000201C66B3E00>,0.6355836987495422,0.10872818529605865,-0.15637800097465515,194230,38,4,False,Right,Front,Right,Left,55
<_io.BytesIO object at 0x00000201C66B3DB0>,0.6664203405380249,0.05090127885341644,-0.1271914839744568,194230,38,4,False,Right,Front,Right,Left,55
<_io.BytesIO object at 0x00000201C65D69A0>,0.6474056839942932,0.045713506639003754,-0.06690482050180435,194231,38,4,False,Right,Front,Right,Left,55
<_io.BytesIO object at 0x00000201C65D6C70>,0.670810878276825,0.09853636473417282,-0.12559090554714203,194231,38,4,False,Right,Front,Right,Left,55
<_io.BytesIO object at 0x00000201C65D6900>,0.6016045808792114,0.1293811947107315,-0.07629749923944473,194231,38,4,False,Right,Front,Right,Left,55
<_io.BytesIO object at 0x00000201C65D63B0>,0.6360732316970825,0.10993557423353195,-0.15489427745342255,194231,38,4,False,Right,Front,Right,Left,55
<_io.BytesIO object at 0x00000201C65D66D0>,0.6666507720947266,0.05171135440468788,-0.12616422772407532,194231,38,4,False,Right,Front,Right,Left,55
<_io.BytesIO object at 0x00000201C6686590>,0.6478095650672913,0.04657825455069542,-0.06553269177675247,194232,38,4,False,Right,Front,Right,Left,55
<_io.BytesIO object at 0x00000201C6686EF0>,0.6713804602622986,0.09930569678544998,-0.12424839287996292,194232,38,4,False,Right,Front,Right,Left,55
<_io.BytesIO object at 0x00000201C65D65E0>,0.6025217771530151,0.13055545091629028,-0.07460460066795349,194232,38,4,False,Right,Front,Right,Left,55
<_io.BytesIO object at 0x00000201C65D61D0>,0.6367001533508301,0.11112835258245468,-0.15343645215034485,194232,38,4,False,Right,Front,Right,Left,55
<_io.BytesIO object at 0x00000201C65D6810>,0.6668508052825928,0.052506670355796814,-0.12497511506080627,194232,38,4,False,Right,Front,Right,Left,55
<_io.BytesIO object at 0x00000201C66B3130>,0.648433268070221,0.04750501364469528,-0.0640203133225441,194233,38,4,False,Right,Front,Right,Left,55
<_io.BytesIO object at 0x00000201C66B34A0>,0.6718762516975403,0.10006590932607651,-0.12285096198320389,194233,38,4,False,Right,Front,Right,Left,55
<_io.BytesIO object at 0x00000201C66B39A0>,0.603512704372406,0.13166584074497223,-0.07291122525930405,194233,38,4,False,Right,Front,Right,Left,55
<_io.BytesIO object at 0x00000201C66972C0>,0.6371992826461792,0.11229406297206879,-0.1517040878534317,194233,38,4,False,Right,Front,Right,Left,55
<_io.BytesIO object at 0x00000201C6697220>,0.6670430302619934,0.053292740136384964,-0.12372714281082153,194233,38,4,False,Right,Front,Right,Left,55
<_io.BytesIO object at 0x00000201BEC556D0>,0.6489008069038391,0.04832613468170166,-0.06256335973739624,194234,38,4,False,Right,Front,Right,Left,55
<_io.BytesIO object at 0x00000201C6683EA0>,0.6725687980651855,0.10082788020372391,-0.12142404913902283,194234,38,4,False,Right,Front,Right,Left,55
<_io.BytesIO object at 0x00000201C6683720>,0.6045094728469849,0.13276652991771698,-0.07114750146865845,194234,38,4,False,Right,Front,Right,Left,55
<_io.BytesIO object at 0x00000201C6683AE0>,0.637793242931366,0.11342740058898926,-0.15006278455257416,194234,38,4,False,Right,Front,Right,Left,55
<_io.BytesIO object at 0x00000201C6683360>,0.6672346591949463,0.05403966084122658,-0.12248998135328293,194234,38,4,False,Right,Front,Right,Left,55
<_io.BytesIO object at 0x00000201C668EE00>,0.6493375301361084,0.0490373931825161,-0.061104726046323776,194235,38,4,False,Right,Front,Right,Left,55
<_io.BytesIO object at 0x00000201C668E310>,0.6731767058372498,0.10160665959119797,-0.1199464276432991,194235,38,4,False,Right,Front,Right,Left,55
<_io.BytesIO object at 0x00000201C66881D0>,0.6055343747138977,0.13392643630504608,-0.06929324567317963,194235,38,4,False,Right,Front,Right,Left,55
<_io.BytesIO object at 0x00000201C66883B0>,0.6385787725448608,0.11444669961929321,-0.14858973026275635,194235,38,4,False,Right,Front,Right,Left,55
<_io.BytesIO object at 0x00000201C6688900>,0.6674782633781433,0.05481297895312309,-0.12090941518545151,194235,38,4,False,Right,Front,Right,Left,55
<_io.BytesIO object at 0x00000201C3858680>,0.649905800819397,0.04986463114619255,-0.05932077765464783,194236,38,4,False,Right,Front,Right,Left,55
<_io.BytesIO object at 0x00000201C3858E00>,0.6737909317016602,0.10226856917142868,-0.11829228699207306,194236,38,4,False,Right,Front,Right,Left,55
<_io.BytesIO object at 0x00000201C66A79F0>,0.606621265411377,0.1351470947265625,-0.06744002550840378,194236,38,4,False,Right,Front,Right,Left,55
<_io.BytesIO object at 0x00000201C66A7270>,0.6391682028770447,0.11539056897163391,-0.1468552052974701,194236,38,4,False,Right,Front,Right,Left,55
<_io.BytesIO object at 0x00000201C66A7310>,0.6678358316421509,0.05556931719183922,-0.11943073570728302,194236,38,4,False,Right,Front,Right,Left,55
<_io.BytesIO object at 0x00000201C6614270>,0.651216447353363,0.0516793467104435,-0.0554516576230526,194238,38,4,False,Right,Front,Right,Left,55
<_io.BytesIO object at 0x00000201C6614770>,0.6752432584762573,0.10359218716621399,-0.1148441731929779,194238,38,4,False,Right,Front,Right,Left,55
<_io.BytesIO object at 0x00000201C6614630>,0.6091203093528748,0.13747121393680573,-0.06335042417049408,194238,38,4,False,Right,Front,Right,Left,55
<_io.BytesIO object at 0x00000201C6614CC0>,0.6404584050178528,0.1171574518084526,-0.14309170842170715,194238,38,4,False,Right,Front,Right,Left,55
<_io.BytesIO object at 0x00000201BEC4F6D0>,0.6688554883003235,0.05713927745819092,-0.1158183291554451,194238,38,4,False,Right,Front,Right,Left,55
<_io.BytesIO object at 0x00000201C6699A90>,0.6519153714179993,0.05255511775612831,-0.05330187827348709,194239,38,4,False,Right,Front,Right,Left,55
<_io.BytesIO object at 0x00000201C6699950>,0.6760297417640686,0.10418014228343964,-0.11294221878051758,194239,38,4,False,Right,Front,Right,Left,55
<_io.BytesIO object at 0x00000201C66A7810>,0.6103571057319641,0.13869304955005646,-0.061247535049915314,194239,38,4,False,Right,Front,Right,Left,55
<_io.BytesIO object at 0x00000201C66A7F90>,0.6412110924720764,0.11798236519098282,-0.1410452276468277,194239,38,4,False,Right,Front,Right,Left,55
<_io.BytesIO object at 0x00000201C66A7D10>,0.6691461205482483,0.05764579772949219,-0.11389041692018509,194239,38,4,False,Right,Front,Right,Left,55
<_io.BytesIO object at 0x00000201C65B96D0>,0.6527232527732849,0.05347912013530731,-0.05092509835958481,194240,38,4,False,Right,Front,Right,Left,55
<_io.BytesIO object at 0x00000201C65B9E00>,0.676815927028656,0.1048029363155365,-0.11094846576452255,194240,38,4,False,Right,Front,Right,Left,55
<_io.BytesIO object at 0x00000201C66887C0>,0.6118103265762329,0.13985759019851685,-0.05887665972113609,194240,38,4,False,Right,Front,Right,Left,55
<_io.BytesIO object at 0x00000201C6688D10>,0.6417912244796753,0.11884921789169312,-0.1387968361377716,194240,38,4,False,Right,Front,Right,Left,55
<_io.BytesIO object at 0x00000201C6688A40>,0.6696231365203857,0.058283768594264984,-0.11175384372472763,194240,38,4,False,Right,Front,Right,Left,55
<_io.BytesIO object at 0x00000201C65D2860>,0.653484046459198,0.05428829789161682,-0.04840695858001709,194241,38,4,False,Right,Front,Right,Left,55
<_io.BytesIO object at 0x00000201C65D2CC0>,0.6777599453926086,0.10541914403438568,-0.1085902750492096,194241,38,4,False,Right,Front,Right,Left,55
<_io.BytesIO object at 0x00000201C65D2360>,0.6133557558059692,0.14104722440242767,-0.0563785620033741,194241,38,4,False,Right,Front,Right,Left,55
<_io.BytesIO object at 0x00000201C6612EF0>,0.64246666431427,0.11958538740873337,-0.13641880452632904,194241,38,4,False,Right,Front,Right,Left,55
<_io.BytesIO object at 0x00000201C6612B80>,0.6702315807342529,0.0589798204600811,-0.10958841443061829,194241,38,4,False,Right,Front,Right,Left,55
<_io.BytesIO object at 0x00000201C65DB540>,0.6543172597885132,0.05511881411075592,-0.04570898041129112,194242,38,4,False,Right,Front,Right,Left,55
<_io.BytesIO object at 0x00000201C65DB9A0>,0.6786646246910095,0.10582385957241058,-0.1061973124742508,194242,38,4,False,Right,Front,Right,Left,55
<_io.BytesIO object at 0x00000201C6697770>,0.6148662567138672,0.14211328327655792,-0.0537998303771019,194242,38,4,False,Right,Front,Right,Left,55
<_io.BytesIO object at 0x00000201C6697360>,0.6433792114257812,0.1202012300491333,-0.1338665634393692,194242,38,4,False,Right,Front,Right,Left,55
<_io.BytesIO object at 0x00000201C6697450>,0.6707833409309387,0.05943895876407623,-0.1070844978094101,194242,38,4,False,Right,Front,Right,Left,55
<_io.BytesIO object at 0x00000201C65E82C0>,0.6553627848625183,0.055972516536712646,-0.042802195996046066,194243,38,4,False,Right,Front,Right,Left,55
<_io.BytesIO object at 0x00000201C65E8950>,0.679567813873291,0.10637997090816498,-0.10375238209962845,194243,38,4,False,Right,Front,Right,Left,55
<_io.BytesIO object at 0x00000201C65D6B80>,0.6165084838867188,0.143157958984375,-0.05088663846254349,194243,38,4,False,Right,Front,Right,Left,55
<_io.BytesIO object at 0x00000201C65D6F40>,0.6441554427146912,0.12096426635980606,-0.13113032281398773,194243,38,4,False,Right,Front,Right,Left,55
<_io.BytesIO object at 0x00000201C65D6090>,0.6713851094245911,0.06001218035817146,-0.10441277176141739,194243,38,4,False,Right,Front,Right,Left,55
<_io.BytesIO object at 0x00000201C6686590>,0.6563634872436523,0.05676081031560898,-0.03979143127799034,194244,38,4,False,Right,Front,Right,Left,55
<_io.BytesIO object at 0x00000201C6686AE0>,0.680570662021637,0.10679544508457184,-0.10095734894275665,194244,38,4,False,Right,Front,Right,Left,55
<_io.BytesIO object at 0x00000201C6686360>,0.618203341960907,0.14428454637527466,-0.04783155769109726,194244,38,4,False,Right,Front,Right,Left,55
<_io.BytesIO object at 0x00000201C65D65E0>,0.6450603008270264,0.12160705029964447,-0.1281723529100418,194244,38,4,False,Right,Front,Right,Left,55
<_io.BytesIO object at 0x00000201C65D6310>,0.6718780398368835,0.060451775789260864,-0.10162541270256042,194244,38,4,False,Right,Front,Right,Left,55
<_io.BytesIO object at 0x00000201C66B3630>,0.6573686599731445,0.05748938024044037,-0.03657945245504379,194245,38,4,False,Right,Front,Right,Left,55
<_io.BytesIO object at 0x00000201C66B3A90>,0.6815068125724792,0.10731882601976395,-0.09806513786315918,194245,38,4,False,Right,Front,Right,Left,55
<_io.BytesIO object at 0x00000201C66B3E50>,0.6198822855949402,0.14526231586933136,-0.044568661600351334,194245,38,4,False,Right,Front,Right,Left,55
<_io.BytesIO object at 0x00000201C66B3770>,0.6459864974021912,0.12231600284576416,-0.1250162422657013,194245,38,4,False,Right,Front,Right,Left,55
<_io.BytesIO object at 0x00000201C6697040>,0.6727524995803833,0.06111937761306763,-0.0986708253622055,194245,38,4,False,Right,Front,Right,Left,55
<_io.BytesIO object at 0x00000201BEC55400>,0.6585204601287842,0.05821073427796364,-0.033167313784360886,194246,38,4,False,Right,Front,Right,Left,55
<_io.BytesIO object at 0x00000201C6683CC0>,0.6825621128082275,0.1078091710805893,-0.09480267018079758,194246,38,4,False,Right,Front,Right,Left,55
<_io.BytesIO object at 0x00000201C6683180>,0.6216594576835632,0.14627204835414886,-0.041088543832302094,194246,38,4,False,Right,Front,Right,Left,55
<_io.BytesIO object at 0x00000201C6683F90>,0.6468961834907532,0.12294382601976395,-0.12152250856161118,194246,38,4,False,Right,Front,Right,Left,55
<_io.BytesIO object at 0x00000201C6683680>,0.6733965873718262,0.061546873301267624,-0.09551681578159332,194246,38,4,False,Right,Front,Right,Left,55
<_io.BytesIO object at 0x00000201C668E770>,0.6596465110778809,0.058935705572366714,-0.029592448845505714,194247,38,4,False,Right,Front,Right,Left,55
<_io.BytesIO object at 0x00000201C668EC20>,0.6836135387420654,0.10829297453165054,-0.09140606969594955,194247,38,4,False,Right,Front,Right,Left,55
<_io.BytesIO object at 0x00000201C6688E00>,0.6234560012817383,0.14731058478355408,-0.037211570888757706,194247,38,4,False,Right,Front,Right,Left,55
<_io.BytesIO object at 0x00000201C6688450>,0.6476420760154724,0.12368246167898178,-0.11790323257446289,194247,38,4,False,Right,Front,Right,Left,55
<_io.BytesIO object at 0x00000201C6688770>,0.6740358471870422,0.06209255009889603,-0.09203167259693146,194247,38,4,False,Right,Front,Right,Left,55
<_io.BytesIO object at 0x00000201C3858D10>,0.6610251665115356,0.05970035493373871,-0.02562093548476696,194248,38,4,False,Right,Front,Right,Left,55
<_io.BytesIO object at 0x00000201C3858400>,0.6847988367080688,0.10892808437347412,-0.0878160297870636,194248,38,4,False,Right,Front,Right,Left,55
<_io.BytesIO object at 0x00000201C3858630>,0.6253247857093811,0.14819473028182983,-0.03318902850151062,194248,38,4,False,Right,Front,Right,Left,55
<_io.BytesIO object at 0x00000201C66A79F0>,0.6486840844154358,0.12442021816968918,-0.11399689316749573,194248,38,4,False,Right,Front,Right,Left,55
<_io.BytesIO object at 0x00000201C66A7270>,0.6749430894851685,0.06268506497144699,-0.08833982050418854,194248,38,4,False,Right,Front,Right,Left,55
<_io.BytesIO object at 0x00000201C66143B0>,0.662101149559021,0.06040256470441818,-0.02146472968161106,194249,38,4,False,Right,Front,Right,Left,55
<_io.BytesIO object at 0x00000201C6614810>,0.6858141422271729,0.10940732806921005,-0.08404345065355301,194249,38,4,False,Right,Front,Right,Left,55
<_io.BytesIO object at 0x00000201C6614EF0>,0.627257764339447,0.14926645159721375,-0.028708016499876976,194249,38,4,False,Right,Front,Right,Left,55
<_io.BytesIO object at 0x00000201C6614180>,0.6496339440345764,0.12517936527729034,-0.10985618829727173,194249,38,4,False,Right,Front,Right,Left,55
<_io.BytesIO object at 0x00000201BEC4FB30>,0.6757206916809082,0.06339824199676514,-0.08432306349277496,194249,38,4,False,Right,Front,Right,Left,55
<_io.BytesIO object at 0x00000201C6614130>,0.6632757782936096,0.061082761734724045,-0.017196020111441612,194250,38,4,False,Right,Front,Right,Left,55
<_io.BytesIO object at 0x00000201C66990E0>,0.686984121799469,0.10997622460126877,-0.07991033047437668,194250,38,4,False,Right,Front,Right,Left,55
<_io.BytesIO object at 0x00000201C6699270>,0.6292847990989685,0.15028467774391174,-0.024181906133890152,194250,38,4,False,Right,Front,Right,Left,55
<_io.BytesIO object at 0x00000201C6699130>,0.6507028341293335,0.12615901231765747,-0.10548670589923859,194250,38,4,False,Right,Front,Right,Left,55
<_io.BytesIO object at 0x00000201C6699B30>,0.6766674518585205,0.06420476734638214,-0.08008921146392822,194250,38,4,False,Right,Front,Right,Left,55
<_io.BytesIO object at 0x00000201C38582C0>,0.6645663976669312,0.06189947575330734,-0.012526314705610275,194251,38,4,False,Right,Front,Right,Left,55
<_io.BytesIO object at 0x00000201C3858C20>,0.6880267858505249,0.1105637475848198,-0.07545643299818039,194251,38,4,False,Right,Front,Right,Left,55
<_io.BytesIO object at 0x00000201C65B9450>,0.6311205625534058,0.15125328302383423,-0.019010137766599655,194251,38,4,False,Right,Front,Right,Left,55
<_io.BytesIO object at 0x00000201C65B93B0>,0.6517248153686523,0.12710940837860107,-0.10077469795942307,194251,38,4,False,Right,Front,Right,Left,55
<_io.BytesIO object at 0x00000201C65B99F0>,0.6773255467414856,0.06476609408855438,-0.07559441775083542,194251,38,4,False,Right,Front,Right,Left,55
<_io.BytesIO object at 0x00000201C668EB80>,0.6655761003494263,0.06260909140110016,-0.0075973025523126125,194252,38,4,False,Right,Front,Right,Left,55
<_io.BytesIO object at 0x00000201C668EF90>,0.6892358064651489,0.11102103441953659,-0.07077836245298386,194252,38,4,False,Right,Front,Right,Left,55
<_io.BytesIO object at 0x00000201C65D2400>,0.6331043243408203,0.15226328372955322,-0.013959954492747784,194252,38,4,False,Right,Front,Right,Left,55
<_io.BytesIO object at 0x00000201C65D2F40>,0.6527871489524841,0.12806975841522217,-0.0957973301410675,194252,38,4,False,Right,Front,Right,Left,55
<_io.BytesIO object at 0x00000201C65D2090>,0.6778659820556641,0.06546737998723984,-0.07072865217924118,194252,38,4,False,Right,Front,Right,Left,55
<_io.BytesIO object at 0x00000201BEC556D0>,0.6664459705352783,0.06335272639989853,-0.0024393678177148104,194253,38,4,False,Right,Front,Right,Left,55
<_io.BytesIO object at 0x00000201C65DB0E0>,0.6902852058410645,0.11153614521026611,-0.06562816351652145,194253,38,4,False,Right,Front,Right,Left,55
<_io.BytesIO object at 0x00000201C65DB310>,0.6349533796310425,0.15341539680957794,-0.008595354855060577,194253,38,4,False,Right,Front,Right,Left,55
<_io.BytesIO object at 0x00000201C65DB680>,0.6538993716239929,0.12890370190143585,-0.09043898433446884,194253,38,4,False,Right,Front,Right,Left,55
<_io.BytesIO object at 0x00000201C65DB400>,0.6786414980888367,0.06610115617513657,-0.06568694859743118,194253,38,4,False,Right,Front,Right,Left,55
<_io.BytesIO object at 0x00000201C66B3900>,0.6674171090126038,0.0641683042049408,0.0031120514031499624,194254,38,4,False,Right,Front,Right,Left,55
<_io.BytesIO object at 0x00000201C66B3A40>,0.691275417804718,0.11197680979967117,-0.060411859303712845,194254,38,4,False,Right,Front,Right,Left,55
<_io.BytesIO object at 0x00000201C65E8720>,0.6370733976364136,0.1545732617378235,-0.0030133130494505167,194254,38,4,False,Right,Front,Right,Left,55
<_io.BytesIO object at 0x00000201C65E88B0>,0.65489661693573,0.12983547151088715,-0.08474615961313248,194254,38,4,False,Right,Front,Right,Left,55
<_io.BytesIO object at 0x00000201C65E8D60>,0.679455041885376,0.06666252017021179,-0.06037024036049843,194254,38,4,False,Right,Front,Right,Left,55
<_io.BytesIO object at 0x00000201C65D62C0>,0.6680852770805359,0.06481538712978363,0.008954701945185661,194255,38,4,False,Right,Front,Right,Left,55
<_io.BytesIO object at 0x00000201C65D69F0>,0.692028820514679,0.1123000979423523,-0.05488830432295799,194255,38,4,False,Right,Front,Right,Left,55
<_io.BytesIO object at 0x00000201C65D6C70>,0.6392697095870972,0.1557343602180481,0.003017834387719631,194255,38,4,False,Right,Front,Right,Left,55
<_io.BytesIO object at 0x00000201C65E8F90>,0.6556491255760193,0.13078679144382477,-0.07879883795976639,194255,38,4,False,Right,Front,Right,Left,55
<_io.BytesIO object at 0x00000201C65E84F0>,0.6798460483551025,0.0672086849808693,-0.05466684326529503,194255,38,4,False,Right,Front,Right,Left,55
<_io.BytesIO object at 0x00000201C66974A0>,0.6687358021736145,0.06563175469636917,0.015076415613293648,194256,38,4,False,Right,Front,Right,Left,55
<_io.BytesIO object at 0x00000201C6697900>,0.6927781105041504,0.11283178627490997,-0.048979271203279495,194256,38,4,False,Right,Front,Right,Left,55
<_io.BytesIO object at 0x00000201C6697540>,0.6410952210426331,0.157073974609375,0.009427730925381184,194256,38,4,False,Right,Front,Right,Left,55
<_io.BytesIO object at 0x00000201C6697810>,0.6563653945922852,0.131623312830925,-0.07268974930047989,194256,38,4,False,Right,Front,Right,Left,55
<_io.BytesIO object at 0x00000201C65DB540>,0.6802588701248169,0.06777872890233994,-0.04877127334475517,194256,38,4,False,Right,Front,Right,Left,55
<_io.BytesIO object at 0x00000201C66834F0>,0.6695985794067383,0.06660227477550507,0.021618172526359558,194257,38,4,False,Right,Front,Right,Left,55
<_io.BytesIO object at 0x00000201C6612CC0>,0.693457841873169,0.11345396935939789,-0.042845405638217926,194257,38,4,False,Right,Front,Right,Left,55
<_io.BytesIO object at 0x00000201C65D29F0>,0.6430119276046753,0.1580708920955658,0.015895120799541473,194257,38,4,False,Right,Front,Right,Left,55
<_io.BytesIO object at 0x00000201C65D2180>,0.6570545434951782,0.13233648240566254,-0.0664290189743042,194257,38,4,False,Right,Front,Right,Left,55
<_io.BytesIO object at 0x00000201C65D2D60>,0.680396556854248,0.06846266984939575,-0.04244306683540344,194257,38,4,False,Right,Front,Right,Left,55
<_io.BytesIO object at 0x00000201C6688770>,0.6703461408615112,0.06750651448965073,0.02834741398692131,194258,38,4,False,Right,Front,Right,Left,55
<_io.BytesIO object at 0x00000201C66885E0>,0.6939883828163147,0.11407202482223511,-0.03642117232084274,194258,38,4,False,Right,Front,Right,Left,55
<_io.BytesIO object at 0x00000201C3854360>,0.6445610523223877,0.15921451151371002,0.022719165310263634,194258,38,4,False,Right,Front,Right,Left,55
<_io.BytesIO object at 0x00000201C65B96D0>,0.6574671268463135,0.13326697051525116,-0.0596909299492836,194258,38,4,False,Right,Front,Right,Left,55
<_io.BytesIO object at 0x00000201C65B9A90>,0.6807571053504944,0.06926694512367249,-0.03592200577259064,194258,38,4,False,Right,Front,Right,Left,55
<_io.BytesIO object at 0x00000201C66A7270>,0.6709951162338257,0.06847348809242249,0.035345304757356644,194259,38,4,False,Right,Front,Right,Left,55
<_io.BytesIO object at 0x00000201C66A76D0>,0.6945306062698364,0.11490928381681442,-0.02970382571220398,194259,38,4,False,Right,Front,Right,Left,55
<_io.BytesIO object at 0x00000201C66A7D60>,0.6458536982536316,0.16029591858386993,0.029708366841077805,194259,38,4,False,Right,Front,Right,Left,55
<_io.BytesIO object at 0x00000201C6699590>,0.6577355861663818,0.13403606414794922,-0.05270940065383911,194259,38,4,False,Right,Front,Right,Left,55
<_io.BytesIO object at 0x00000201C66994A0>,0.6810461282730103,0.07010821998119354,-0.028961557894945145,194259,38,4,False,Right,Front,Right,Left,55
<_io.BytesIO object at 0x00000201BEC4FCC0>,0.6716432571411133,0.06951070576906204,0.04257248714566231,194260,38,4,False,Right,Front,Right,Left,55
<_io.BytesIO object at 0x00000201BEC4F590>,0.6948130130767822,0.11578306555747986,-0.02261991798877716,194260,38,4,False,Right,Front,Right,Left,55
<_io.BytesIO object at 0x00000201BEC4F360>,0.6468895673751831,0.16146714985370636,0.03698007017374039,194260,38,4,False,Right,Front,Right,Left,55
<_io.BytesIO object at 0x00000201C6686900>,0.6579963564872742,0.13498947024345398,-0.045644570142030716,194260,38,4,False,Right,Front,Right,Left,55
<_io.BytesIO object at 0x00000201C66866D0>,0.6806438565254211,0.0707278773188591,-0.02199368178844452,194260,38,4,False,Right,Front,Right,Left,55
<_io.BytesIO object at 0x00000201BEC4FA90>,0.6721816062927246,0.07058726251125336,0.05002418905496597,194261,38,4,False,Right,Front,Right,Left,55
<_io.BytesIO object at 0x00000201C6614F90>,0.6949923634529114,0.1165463924407959,-0.015546202659606934,194261,38,4,False,Right,Front,Right,Left,55
<_io.BytesIO object at 0x00000201C6614B30>,0.6476466059684753,0.16254036128520966,0.04432939365506172,194261,38,4,False,Right,Front,Right,Left,55
<_io.BytesIO object at 0x00000201C6614900>,0.6580206751823425,0.13598649203777313,-0.0383748784661293,194261,38,4,False,Right,Front,Right,Left,55
<_io.BytesIO object at 0x00000201C6614400>,0.6806045770645142,0.07160040736198425,-0.014753400348126888,194261,38,4,False,Right,Front,Right,Left,55
<_io.BytesIO object at 0x00000201C66A70E0>,0.6724356412887573,0.07157153636217117,0.05768756568431854,194262,38,4,False,Right,Front,Right,Left,55
<_io.BytesIO object at 0x00000201C66A7180>,0.6946895718574524,0.11715856939554214,-0.008410458452999592,194262,38,4,False,Right,Front,Right,Left,55
<_io.BytesIO object at 0x00000201C3858810>,0.6482090950012207,0.16358159482479095,0.051909349858760834,194262,38,4,False,Right,Front,Right,Left,55
<_io.BytesIO object at 0x00000201C3858EA0>,0.657831072807312,0.1370564103126526,-0.030767759308218956,194262,38,4,False,Right,Front,Right,Left,55
<_io.BytesIO object at 0x00000201C38580E0>,0.6805150508880615,0.07262604683637619,-0.007208805065602064,194262,38,4,False,Right,Front,Right,Left,55
<_io.BytesIO object at 0x00000201C6688F40>,0.6724018454551697,0.07252023369073868,0.06557310372591019,194263,38,4,False,Right,Front,Right,Left,55
<_io.BytesIO object at 0x00000201C6688540>,0.6944561004638672,0.117923803627491,-0.0007846153457649052,194263,38,4,False,Right,Front,Right,Left,55
<_io.BytesIO object at 0x00000201C668E090>,0.6485633254051208,0.16470658779144287,0.059795159846544266,194263,38,4,False,Right,Front,Right,Left,55
<_io.BytesIO object at 0x00000201C668E0E0>,0.657554030418396,0.1382627636194229,-0.022995013743638992,194263,38,4,False,Right,Front,Right,Left,55
<_io.BytesIO object at 0x00000201C668E5E0>,0.6799386143684387,0.07347676157951355,0.0004996276693418622,194263,38,4,False,Right,Front,Right,Left,55
<_io.BytesIO object at 0x00000201C6683D10>,0.6720285415649414,0.07354933768510818,0.07343856990337372,194264,38,4,False,Right,Front,Right,Left,55
<_io.BytesIO object at 0x00000201C6683CC0>,0.6940841674804688,0.1188608705997467,0.006994073744863272,194264,38,4,False,Right,Front,Right,Left,55
<_io.BytesIO object at 0x00000201C6683DB0>,0.648777186870575,0.16570982336997986,0.06791789084672928,194264,38,4,False,Right,Front,Right,Left,55
<_io.BytesIO object at 0x00000201C6683AE0>,0.6571753025054932,0.13945581018924713,-0.015080008655786514,194264,38,4,False,Right,Front,Right,Left,55
<_io.BytesIO object at 0x00000201BEC55090>,0.6794286966323853,0.07460770010948181,0.008392862044274807,194264,38,4,False,Right,Front,Right,Left,55
<_io.BytesIO object at 0x00000201C66971D0>,0.6713699102401733,0.0743633434176445,0.08158184587955475,194265,38,4,False,Right,Front,Right,Left,55
<_io.BytesIO object at 0x00000201C66B3E00>,0.6933692693710327,0.11973533034324646,0.014957387000322342,194265,38,4,False,Right,Front,Right,Left,55
<_io.BytesIO object at 0x00000201C66B3950>,0.6488176584243774,0.16664022207260132,0.07612953335046768,194265,38,4,False,Right,Front,Right,Left,55
<_io.BytesIO object at 0x00000201C66B3270>,0.6566680073738098,0.14077867567539215,-0.00681908568367362,194265,38,4,False,Right,Front,Right,Left,55
<_io.BytesIO object at 0x00000201C66B3C70>,0.67840975522995,0.07551754266023636,0.016143469139933586,194265,38,4,False,Right,Front,Right,Left,55
<_io.BytesIO object at 0x00000201C65E8A40>,0.6700575351715088,0.07493045926094055,0.08953279256820679,194266,38,4,False,Right,Front,Right,Left,55
<_io.BytesIO object at 0x00000201C65E8AE0>,0.6926511526107788,0.12054549902677536,0.02301294170320034,194266,38,4,False,Right,Front,Right,Left,55
<_io.BytesIO object at 0x00000201C65E8EA0>,0.6484924554824829,0.16751053929328918,0.08475904166698456,194266,38,4,False,Right,Front,Right,Left,55
<_io.BytesIO object at 0x00000201C66B3CC0>,0.6559897065162659,0.14214175939559937,0.0014044189592823386,194266,38,4,False,Right,Front,Right,Left,55
<_io.BytesIO object at 0x00000201C66B3810>,0.6773484945297241,0.07666758447885513,0.024314776062965393,194266,38,4,False,Right,Front,Right,Left,55
<_io.BytesIO object at 0x00000201C65DB860>,0.6678574681282043,0.0747373029589653,0.09738378971815109,194267,38,4,False,Right,Front,Right,Left,55
<_io.BytesIO object at 0x00000201C65DB9F0>,0.6915392279624939,0.12141329795122147,0.03130900487303734,194267,38,4,False,Right,Front,Right,Left,55
<_io.BytesIO object at 0x00000201C65DBC70>,0.6481235027313232,0.16841109097003937,0.09338417649269104,194267,38,4,False,Right,Front,Right,Left,55
<_io.BytesIO object at 0x00000201C65DB7C0>,0.6550722718238831,0.14337380230426788,0.009856187738478184,194267,38,4,False,Right,Front,Right,Left,55
<_io.BytesIO object at 0x00000201C65DBCC0>,0.6757948994636536,0.07757778465747833,0.0321379192173481,194267,38,4,False,Right,Front,Right,Left,55
<_io.BytesIO object at 0x00000201C3858AE0>,0.6660228967666626,0.07506801187992096,0.10523585975170135,194268,38,4,False,Right,Front,Right,Left,55
<_io.BytesIO object at 0x00000201C3858F90>,0.6902381181716919,0.12226153910160065,0.03943484276533127,194268,38,4,False,Right,Front,Right,Left,55
<_io.BytesIO object at 0x00000201C66A7E00>,0.647345781326294,0.1690942347049713,0.10208430141210556,194268,38,4,False,Right,Front,Right,Left,55
<_io.BytesIO object at 0x00000201C66A7EF0>,0.6537815928459167,0.14460144937038422,0.01831057295203209,194268,38,4,False,Right,Front,Right,Left,55
<_io.BytesIO object at 0x00000201C66A7220>,0.6741735339164734,0.07854127883911133,0.040169186890125275,194268,38,4,False,Right,Front,Right,Left,55
<_io.BytesIO object at 0x00000201C6683810>,0.6643387675285339,0.07572586834430695,0.11331866681575775,194269,38,4,False,Right,Front,Right,Left,55
<_io.BytesIO object at 0x00000201C6683D60>,0.6886395215988159,0.12331444025039673,0.047818057239055634,194269,38,4,False,Right,Front,Right,Left,55
<_io.BytesIO object at 0x00000201C66834F0>,0.646250307559967,0.16996490955352783,0.1110888123512268,194269,38,4,False,Right,Front,Right,Left,55
<_io.BytesIO object at 0x00000201C6686C70>,0.6522961854934692,0.1458658128976822,0.02671903930604458,194269,38,4,False,Right,Front,Right,Left,55
<_io.BytesIO object at 0x00000201C6686680>,0.6724858283996582,0.07957952469587326,0.04806298762559891,194269,38,4,False,Right,Front,Right,Left,55
<_io.BytesIO object at 0x00000201C6699590>,0.6626366972923279,0.07636379450559616,0.12142759561538696,194270,38,4,False,Right,Front,Right,Left,55
<_io.BytesIO object at 0x00000201C6699F90>,0.6868087649345398,0.12426900863647461,0.05606166645884514,194270,38,4,False,Right,Front,Right,Left,55
<_io.BytesIO object at 0x00000201C66999F0>,0.6446589827537537,0.170517697930336,0.11987091600894928,194270,38,4,False,Right,Front,Right,Left,55
<_io.BytesIO object at 0x00000201C66999A0>,0.6503399610519409,0.1469261646270752,0.0351598896086216,194270,38,4,False,Right,Front,Right,Left,55
<_io.BytesIO object at 0x00000201C65D23B0>,0.6707656979560852,0.08039108663797379,0.05628274381160736,194270,38,4,False,Right,Front,Right,Left,55
<_io.BytesIO object at 0x00000201C6688180>,0.6608415246009827,0.0770292803645134,0.12955063581466675,194271,38,4,False,Right,Front,Right,Left,55
<_io.BytesIO object at 0x00000201C668E450>,0.6847959756851196,0.12543807923793793,0.06428303569555283,194271,38,4,False,Right,Front,Right,Left,55
<_io.BytesIO object at 0x00000201C668E5E0>,0.6425711512565613,0.17112290859222412,0.12858639657497406,194271,38,4,False,Right,Front,Right,Left,55
<_io.BytesIO object at 0x00000201C668EE00>,0.6482589840888977,0.14793576300144196,0.04359230026602745,194271,38,4,False,Right,Front,Right,Left,55
<_io.BytesIO object at 0x00000201C668E360>,0.6687178611755371,0.08135832101106644,0.06450929492712021,194271,38,4,False,Right,Front,Right,Left,55
<_io.BytesIO object at 0x00000201C6688F40>,0.6589139699935913,0.07738224416971207,0.13814818859100342,194272,38,4,False,Right,Front,Right,Left,55
<_io.BytesIO object at 0x00000201C6688590>,0.6826932430267334,0.12667657434940338,0.07270540297031403,194272,38,4,False,Right,Front,Right,Left,55
<_io.BytesIO object at 0x00000201C65D2C70>,0.6401161551475525,0.1716558039188385,0.13726085424423218,194272,38,4,False,Right,Front,Right,Left,55
<_io.BytesIO object at 0x00000201C65D25E0>,0.6457305550575256,0.148869127035141,0.05196291208267212,194272,38,4,False,Right,Front,Right,Left,55
<_io.BytesIO object at 0x00000201C65D2A40>,0.6670548915863037,0.0827365443110466,0.07306988537311554,194272,38,4,False,Right,Front,Right,Left,55
<_io.BytesIO object at 0x00000201BEC4FCC0>,0.6572579145431519,0.07809323072433472,0.1462731957435608,194273,38,4,False,Right,Front,Right,Left,55
<_io.BytesIO object at 0x00000201BEC4FDB0>,0.6802719235420227,0.1277630776166916,0.08102212101221085,194273,38,4,False,Right,Front,Right,Left,55
<_io.BytesIO object at 0x00000201BEC4F860>,0.6374009251594543,0.17218013107776642,0.1459251195192337,194273,38,4,False,Right,Front,Right,Left,55
<_io.BytesIO object at 0x00000201BEC4FA90>,0.643216073513031,0.1498657464981079,0.060310572385787964,194273,38,4,False,Right,Front,Right,Left,55
<_io.BytesIO object at 0x00000201C6686E50>,0.6645090579986572,0.08324074000120163,0.08115585893392563,194273,38,4,False,Right,Front,Right,Left,55
<_io.BytesIO object at 0x00000201C66140E0>,0.654862642288208,0.07949391007423401,0.1542816162109375,194274,38,4,False,Right,Front,Right,Left,55
<_io.BytesIO object at 0x00000201C6614450>,0.6775234341621399,0.1286875158548355,0.08914098143577576,194274,38,4,False,Right,Front,Right,Left,55
<_io.BytesIO object at 0x00000201C6614900>,0.6342916488647461,0.17250940203666687,0.15447357296943665,194274,38,4,False,Right,Front,Right,Left,55
<_io.BytesIO object at 0x00000201C6614C70>,0.6403291821479797,0.15062080323696136,0.0686277374625206,194274,38,4,False,Right,Front,Right,Left,55
<_io.BytesIO object at 0x00000201C6614130>,0.6621489524841309,0.08441419899463654,0.08934548497200012,194274,38,4,False,Right,Front,Right,Left,55
<_io.BytesIO object at 0x00000201C3858720>,0.6520880460739136,0.08054973185062408,0.1621156632900238,194275,38,4,False,Right,Front,Right,Left,55
<_io.BytesIO object at 0x00000201C65B9040>,0.6744657754898071,0.12914426624774933,0.09737886488437653,194275,38,4,False,Right,Front,Right,Left,55
<_io.BytesIO object at 0x00000201C65B9CC0>,0.631121814250946,0.1728392094373703,0.1629199981689453,194275,38,4,False,Right,Front,Right,Left,55
<_io.BytesIO object at 0x00000201C65B9A90>,0.6373867392539978,0.15161310136318207,0.0769585594534874,194275,38,4,False,Right,Front,Right,Left,55
<_io.BytesIO object at 0x00000201C65B9A40>,0.659325897693634,0.08501861989498138,0.09742886573076248,194275,38,4,False,Right,Front,Right,Left,55
<_io.BytesIO object at 0x00000201C6697D10>,0.6479454636573792,0.07936794310808182,0.17107369005680084,194276,38,4,False,Right,Front,Right,Left,55
<_io.BytesIO object at 0x00000201C6697400>,0.6714262962341309,0.12982912361621857,0.1055455282330513,194276,38,4,False,Right,Front,Right,Left,55
<_io.BytesIO object at 0x00000201C6697BD0>,0.6279172897338867,0.17302365601062775,0.17139406502246857,194276,38,4,False,Right,Front,Right,Left,55
<_io.BytesIO object at 0x00000201C66B3270>,0.6344049572944641,0.15246807038784027,0.08520413190126419,194276,38,4,False,Right,Front,Right,Left,55
<_io.BytesIO object at 0x00000201C66B39A0>,0.6561273336410522,0.08563132584095001,0.10532032698392868,194276,38,4,False,Right,Front,Right,Left,55
<_io.BytesIO object at 0x00000201C65E8F40>,0.6443510055541992,0.07926541566848755,0.17872585356235504,194277,38,4,False,Right,Front,Right,Left,55
<_io.BytesIO object at 0x00000201C65E8B80>,0.6682097911834717,0.1302323043346405,0.11369496583938599,194277,38,4,False,Right,Front,Right,Left,55
<_io.BytesIO object at 0x00000201C65E8180>,0.6248626708984375,0.17326469719409943,0.179925337433815,194277,38,4,False,Right,Front,Right,Left,55
<_io.BytesIO object at 0x00000201C65E84F0>,0.6313242316246033,0.15323467552661896,0.09369894117116928,194277,38,4,False,Right,Front,Right,Left,55
<_io.BytesIO object at 0x00000201C66B35E0>,0.6526672840118408,0.08597534894943237,0.11309674382209778,194277,38,4,False,Right,Front,Right,Left,55
<_io.BytesIO object at 0x00000201C65DBEF0>,0.6402853727340698,0.07924037426710129,0.18660998344421387,194278,38,4,False,Right,Front,Right,Left,55
<_io.BytesIO object at 0x00000201C65DB680>,0.6647548675537109,0.13056762516498566,0.12201973795890808,194278,38,4,False,Right,Front,Right,Left,55
<_io.BytesIO object at 0x00000201C65DB2C0>,0.6214884519577026,0.17307049036026,0.18842639029026031,194278,38,4,False,Right,Front,Right,Left,55
<_io.BytesIO object at 0x00000201C65DBEA0>,0.6280600428581238,0.15416176617145538,0.10224738717079163,194278,38,4,False,Right,Front,Right,Left,55
<_io.BytesIO object at 0x00000201BEC55090>,0.6491023302078247,0.08655137568712234,0.12083835899829865,194278,38,4,False,Right,Front,Right,Left,55
<_io.BytesIO object at 0x00000201C3858040>,0.6362708210945129,0.0789412409067154,0.19430269300937653,194279,38,4,False,Right,Front,Right,Left,55
<_io.BytesIO object at 0x00000201C3858630>,0.6611611843109131,0.13074372708797455,0.13016612827777863,194279,38,4,False,Right,Front,Right,Left,55
<_io.BytesIO object at 0x00000201C66A77C0>,0.6181266903877258,0.17299339175224304,0.19695597887039185,194279,38,4,False,Right,Front,Right,Left,55
<_io.BytesIO object at 0x00000201C66A78B0>,0.624703049659729,0.15481004118919373,0.11057444661855698,194279,38,4,False,Right,Front,Right,Left,55
<_io.BytesIO object at 0x00000201C66A7D10>,0.6453178524971008,0.08702278882265091,0.1284380704164505,194279,38,4,False,Right,Front,Right,Left,55
<_io.BytesIO object at 0x00000201C66835E0>,0.6323052644729614,0.07853563874959946,0.2016746550798416,194280,38,4,False,Right,Front,Right,Left,55
<_io.BytesIO object at 0x00000201C6683810>,0.6573208570480347,0.13110345602035522,0.13816463947296143,194280,38,4,False,Right,Front,Right,Left,55
<_io.BytesIO object at 0x00000201C66866D0>,0.6146759986877441,0.17242202162742615,0.205677792429924,194280,38,4,False,Right,Front,Right,Left,55
<_io.BytesIO object at 0x00000201C6686BD0>,0.6209790706634521,0.15541903674602509,0.11877480149269104,194280,38,4,False,Right,Front,Right,Left,55
<_io.BytesIO object at 0x00000201C6686770>,0.6415669322013855,0.08757947385311127,0.13606080412864685,194280,38,4,False,Right,Front,Right,Left,55
<_io.BytesIO object at 0x00000201C6699400>,0.6283913254737854,0.0780956819653511,0.20892007648944855,194281,38,4,False,Right,Front,Right,Left,55
<_io.BytesIO object at 0x00000201C6699180>,0.6534942984580994,0.13154876232147217,0.14604131877422333,194281,38,4,False,Right,Front,Right,Left,55
<_io.BytesIO object at 0x00000201C6699E00>,0.6109022498130798,0.1718766689300537,0.21419383585453033,194281,38,4,False,Right,Front,Right,Left,55
<_io.BytesIO object at 0x00000201C65D2D10>,0.6172114610671997,0.15605100989341736,0.12697581946849823,194281,38,4,False,Right,Front,Right,Left,55
<_io.BytesIO object at 0x00000201C65D23B0>,0.6377424001693726,0.08792141079902649,0.1433933675289154,194281,38,4,False,Right,Front,Right,Left,55
<_io.BytesIO object at 0x00000201C668EE00>,0.6245629787445068,0.07754959166049957,0.21612019836902618,194282,38,4,False,Right,Front,Right,Left,55
<_io.BytesIO object at 0x00000201C668EB30>,0.6494837403297424,0.1318022757768631,0.15385349094867706,194282,38,4,False,Right,Front,Right,Left,55
<_io.BytesIO object at 0x00000201C668EF40>,0.6070334911346436,0.1714000552892685,0.22235023975372314,194282,38,4,False,Right,Front,Right,Left,55
<_io.BytesIO object at 0x00000201C668E130>,0.6131564378738403,0.15651708841323853,0.13493700325489044,194282,38,4,False,Right,Front,Right,Left,55
<_io.BytesIO object at 0x00000201C668E2C0>,0.6343767046928406,0.08880347013473511,0.15064391493797302,194282,38,4,False,Right,Front,Right,Left,55
<_io.BytesIO object at 0x00000201C6688DB0>,0.6205012798309326,0.07701501995325089,0.22322145104408264,194283,38,4,False,Right,Front,Right,Left,55
<_io.BytesIO object at 0x00000201C6688400>,0.645458996295929,0.13200408220291138,0.16140663623809814,194283,38,4,False,Right,Front,Right,Left,55
<_io.BytesIO object at 0x00000201C65D26D0>,0.6039042472839355,0.17125031352043152,0.2298499345779419,194283,38,4,False,Right,Front,Right,Left,55
<_io.BytesIO object at 0x00000201C65D2450>,0.6090842485427856,0.1568773239850998,0.14288142323493958,194283,38,4,False,Right,Front,Right,Left,55
<_io.BytesIO object at 0x00000201C65D2BD0>,0.6313108801841736,0.08890290558338165,0.1571817547082901,194283,38,4,False,Right,Front,Right,Left,55
<_io.BytesIO object at 0x00000201BEC4F950>,0.6161983609199524,0.0764036700129509,0.23022650182247162,194284,38,4,False,Right,Front,Right,Left,55
<_io.BytesIO object at 0x00000201BEC4FAE0>,0.6412757635116577,0.13207709789276123,0.16881424188613892,194284,38,4,False,Right,Front,Right,Left,55
<_io.BytesIO object at 0x00000201BEC4F860>,0.60090571641922,0.17142684757709503,0.23738639056682587,194284,38,4,False,Right,Front,Right,Left,55
<_io.BytesIO object at 0x00000201BEC4F540>,0.6052490472793579,0.15737880766391754,0.15070055425167084,194284,38,4,False,Right,Front,Right,Left,55
<_io.BytesIO object at 0x00000201C6686E00>,0.6275551319122314,0.08975724130868912,0.16385573148727417,194284,38,4,False,Right,Front,Right,Left,55
<_io.BytesIO object at 0x00000201C6614CC0>,0.6117239594459534,0.07573626935482025,0.23711375892162323,194285,38,4,False,Right,Front,Right,Left,55
<_io.BytesIO object at 0x00000201C6614680>,0.6368884444236755,0.13171231746673584,0.17641448974609375,194285,38,4,False,Right,Front,Right,Left,55
<_io.BytesIO object at 0x00000201C6614A90>,0.5980250835418701,0.1714833825826645,0.24465146660804749,194285,38,4,False,Right,Front,Right,Left,55
<_io.BytesIO object at 0x00000201C66144A0>,0.6010456681251526,0.15767359733581543,0.1583605706691742,194285,38,4,False,Right,Front,Right,Left,55
<_io.BytesIO object at 0x00000201C6614770>,0.6240125894546509,0.09016858041286469,0.17056430876255035,194285,38,4,False,Right,Front,Right,Left,55
<_io.BytesIO object at 0x00000201C38584A0>,0.6069759726524353,0.07491930574178696,0.24378889799118042,194286,38,4,False,Right,Front,Right,Left,55
<_io.BytesIO object at 0x00000201C65B9400>,0.6330385804176331,0.1314656287431717,0.1836363524198532,194286,38,4,False,Right,Front,Right,Left,55
<_io.BytesIO object at 0x00000201C65B9180>,0.5909178853034973,0.1684839278459549,0.25434914231300354,194286,38,4,False,Right,Front,Right,Left,55
<_io.BytesIO object at 0x00000201C65B9C70>,0.5971190929412842,0.1581166386604309,0.16591888666152954,194286,38,4,False,Right,Front,Right,Left,55
<_io.BytesIO object at 0x00000201C65B9090>,0.6158682107925415,0.08660925179719925,0.1789303570985794,194286,38,4,False,Right,Front,Right,Left,55
<_io.BytesIO object at 0x00000201C6697A40>,0.6021235585212708,0.0738869160413742,0.2500101625919342,194287,38,4,False,Right,Front,Right,Left,55
<_io.BytesIO object at 0x00000201C6697B30>,0.6292067766189575,0.1312505602836609,0.19074057042598724,194287,38,4,False,Right,Front,Right,Left,55
<_io.BytesIO object at 0x00000201C66972C0>,0.5852706432342529,0.16560280323028564,0.26319724321365356,194287,38,4,False,Right,Front,Right,Left,55
<_io.BytesIO object at 0x00000201C66B3D60>,0.5932449102401733,0.15852338075637817,0.17337998747825623,194287,38,4,False,Right,Front,Right,Left,55
<_io.BytesIO object at 0x00000201C66B3B30>,0.611464262008667,0.08653166145086288,0.1851925253868103,194287,38,4,False,Right,Front,Right,Left,55
<_io.BytesIO object at 0x00000201C65E87C0>,0.5970920920372009,0.07294974476099014,0.25605690479278564,194288,38,4,False,Right,Front,Right,Left,55
<_io.BytesIO object at 0x00000201C65E8F90>,0.6251164674758911,0.1309869885444641,0.1974429488182068,194288,38,4,False,Right,Front,Right,Left,55
<_io.BytesIO object at 0x00000201C65E8180>,0.5801298022270203,0.16366933286190033,0.2713639438152313,194288,38,4,False,Right,Front,Right,Left,55
<_io.BytesIO object at 0x00000201C65E8720>,0.5892427563667297,0.15882988274097443,0.18056707084178925,194288,38,4,False,Right,Front,Right,Left,55
<_io.BytesIO object at 0x00000201C66B3680>,0.6067463755607605,0.0866333469748497,0.19091305136680603,194288,38,4,False,Right,Front,Right,Left,55
<_io.BytesIO object at 0x00000201C65DB400>,0.5922210812568665,0.07202009111642838,0.26179468631744385,194289,38,4,False,Right,Front,Right,Left,55
<_io.BytesIO object at 0x00000201C65DB860>,0.6208708882331848,0.13073396682739258,0.20402009785175323,194289,38,4,False,Right,Front,Right,Left,55
<_io.BytesIO object at 0x00000201C65DB2C0>,0.5757849216461182,0.162079319357872,0.2790639102458954,194289,38,4,False,Right,Front,Right,Left,55
<_io.BytesIO object at 0x00000201C65DB7C0>,0.5852966904640198,0.15899746119976044,0.18761861324310303,194289,38,4,False,Right,Front,Right,Left,55
<_io.BytesIO object at 0x00000201BEC55130>,0.6024377942085266,0.08669117838144302,0.1969623863697052,194289,38,4,False,Right,Front,Right,Left,55
<_io.BytesIO object at 0x00000201C3858180>,0.5877605676651001,0.07111029326915741,0.26735493540763855,194290,38,4,False,Right,Front,Right,Left,55
<_io.BytesIO object at 0x00000201C38587C0>,0.616482675075531,0.1305679976940155,0.2104642689228058,194290,38,4,False,Right,Front,Right,Left,55
<_io.BytesIO object at 0x00000201C66A70E0>,0.5716490745544434,0.16108883917331696,0.28600555658340454,194290,38,4,False,Right,Front,Right,Left,55
<_io.BytesIO object at 0x00000201C66A7B80>,0.5811371207237244,0.1591518074274063,0.1944066286087036,194290,38,4,False,Right,Front,Right,Left,55
<_io.BytesIO object at 0x00000201C66A7D10>,0.5979743003845215,0.08683173358440399,0.2027130424976349,194290,38,4,False,Right,Front,Right,Left,55
<_io.BytesIO object at 0x00000201C66834A0>,0.5836624503135681,0.07034307718276978,0.2727108895778656,194291,38,4,False,Right,Front,Right,Left,55
<_io.BytesIO object at 0x00000201C6683D60>,0.6120067238807678,0.13046836853027344,0.21670562028884888,194291,38,4,False,Right,Front,Right,Left,55
<_io.BytesIO object at 0x00000201C6686360>,0.5677961707115173,0.16037428379058838,0.2923073172569275,194291,38,4,False,Right,Front,Right,Left,55
<_io.BytesIO object at 0x00000201C66866D0>,0.5766924619674683,0.1592998206615448,0.20073159039020538,194291,38,4,False,Right,Front,Right,Left,55
<_io.BytesIO object at 0x00000201C66869A0>,0.5938401818275452,0.08694784343242645,0.20840436220169067,194291,38,4,False,Right,Front,Right,Left,55
<_io.BytesIO object at 0x00000201C66999F0>,0.5796504616737366,0.06973548233509064,0.27802181243896484,194292,38,4,False,Right,Front,Right,Left,55
<_io.BytesIO object at 0x00000201C66997C0>,0.6073932647705078,0.13041996955871582,0.22251754999160767,194292,38,4,False,Right,Front,Right,Left,55
<_io.BytesIO object at 0x00000201C6699540>,0.5639247298240662,0.15998806059360504,0.29807692766189575,194292,38,4,False,Right,Front,Right,Left,55
<_io.BytesIO object at 0x00000201C65D2DB0>,0.5721726417541504,0.15933841466903687,0.20672853291034698,194292,38,4,False,Right,Front,Right,Left,55
<_io.BytesIO object at 0x00000201C65D29F0>,0.5898185968399048,0.08702268451452255,0.21383939683437347,194292,38,4,False,Right,Front,Right,Left,55
<_io.BytesIO object at 0x00000201C668EB30>,0.5758240222930908,0.06929665058851242,0.28330111503601074,194293,38,4,False,Right,Front,Right,Left,55
<_io.BytesIO object at 0x00000201C668EAE0>,0.6029598712921143,0.13046817481517792,0.22832520306110382,194293,38,4,False,Right,Front,Right,Left,55
<_io.BytesIO object at 0x00000201C668E4A0>,0.5601175427436829,0.15962837636470795,0.3033667206764221,194293,38,4,False,Right,Front,Right,Left,55
<_io.BytesIO object at 0x00000201C668E130>,0.5677520632743835,0.15936145186424255,0.2121874988079071,194293,38,4,False,Right,Front,Right,Left,55
<_io.BytesIO object at 0x00000201C668E220>,0.585745096206665,0.08721271902322769,0.21914751827716827,194293,38,4,False,Right,Front,Right,Left,55
<_io.BytesIO object at 0x00000201C6688F40>,0.5722298622131348,0.06908800452947617,0.28809860348701477,194294,38,4,False,Right,Front,Right,Left,55
<_io.BytesIO object at 0x00000201C6688950>,0.5987458229064941,0.13081620633602142,0.2334488183259964,194294,38,4,False,Right,Front,Right,Left,55
<_io.BytesIO object at 0x00000201C65D2BD0>,0.55973219871521,0.16072823107242584,0.30595576763153076,194294,38,4,False,Right,Front,Right,Left,55
<_io.BytesIO object at 0x00000201C65D2040>,0.5630416870117188,0.159444659948349,0.21740344166755676,194294,38,4,False,Right,Front,Right,Left,55
<_io.BytesIO object at 0x00000201C65D2F90>,0.5817797780036926,0.08733182400465012,0.22411324083805084,194294,38,4,False,Right,Front,Right,Left,55
<_io.BytesIO object at 0x00000201BEC4F450>,0.5686475038528442,0.0688953846693039,0.29318827390670776,194295,38,4,False,Right,Front,Right,Left,55
<_io.BytesIO object at 0x00000201BEC4F360>,0.5949524641036987,0.13127076625823975,0.23806102573871613,194295,38,4,False,Right,Front,Right,Left,55
<_io.BytesIO object at 0x00000201BEC4FA90>,0.5585075616836548,0.1616702526807785,0.3089461028575897,194295,38,4,False,Right,Front,Right,Left,55
<_io.BytesIO object at 0x00000201C66865E0>,0.5585826635360718,0.15894025564193726,0.2224474996328354,194295,38,4,False,Right,Front,Right,Left,55
<_io.BytesIO object at 0x00000201C6686A90>,0.577677309513092,0.08748959004878998,0.2289249747991562,194295,38,4,False,Right,Front,Right,Left,55
<_io.BytesIO object at 0x00000201C6614A90>,0.5651217103004456,0.06901347637176514,0.29780688881874084,194296,38,4,False,Right,Front,Right,Left,55
<_io.BytesIO object at 0x00000201C66142C0>,0.591419517993927,0.13222461938858032,0.242411270737648,194296,38,4,False,Right,Front,Right,Left,55
<_io.BytesIO object at 0x00000201C6614900>,0.5426708459854126,0.16350045800209045,0.31220507621765137,194296,38,4,False,Right,Front,Right,Left,55
<_io.BytesIO object at 0x00000201C6614B30>,0.5547081828117371,0.15800756216049194,0.22779008746147156,194296,38,4,False,Right,Front,Right,Left,55
<_io.BytesIO object at 0x00000201C6614130>,0.5738263130187988,0.08755550533533096,0.23345622420310974,194296,38,4,False,Right,Front,Right,Left,55
<_io.BytesIO object at 0x00000201C3858720>,0.5621646046638489,0.07041116058826447,0.3025045096874237,194297,38,4,False,Right,Front,Right,Left,55
<_io.BytesIO object at 0x00000201C65B95E0>,0.5879378914833069,0.13323581218719482,0.24649326503276825,194297,38,4,False,Right,Front,Right,Left,55
<_io.BytesIO object at 0x00000201C65B99F0>,0.5395169854164124,0.16378042101860046,0.316912442445755,194297,38,4,False,Right,Front,Right,Left,55
<_io.BytesIO object at 0x00000201C65B9C70>,0.5514628887176514,0.15723207592964172,0.2330896407365799,194297,38,4,False,Right,Front,Right,Left,55
<_io.BytesIO object at 0x00000201C65B93B0>,0.5699813365936279,0.08780193328857422,0.23780646920204163,194297,38,4,False,Right,Front,Right,Left,55
<_io.BytesIO object at 0x00000201C6697180>,0.5595499277114868,0.07157716900110245,0.3060997426509857,194298,38,4,False,Right,Front,Right,Left,55
<_io.BytesIO object at 0x00000201C6697630>,0.5842747092247009,0.13402631878852844,0.25011444091796875,194298,38,4,False,Right,Front,Right,Left,55
<_io.BytesIO object at 0x00000201C6697E00>,0.5370098352432251,0.16411089897155762,0.32120242714881897,194298,38,4,False,Right,Front,Right,Left,55
<_io.BytesIO object at 0x00000201C66B3180>,0.5477508902549744,0.15648701786994934,0.23709475994110107,194298,38,4,False,Right,Front,Right,Left,55
<_io.BytesIO object at 0x00000201C66B3130>,0.5660845637321472,0.08816975355148315,0.24191570281982422,194298,38,4,False,Right,Front,Right,Left,55
<_io.BytesIO object at 0x00000201C65E8F90>,0.557054877281189,0.07294625043869019,0.3092922568321228,194299,38,4,False,Right,Front,Right,Left,55
<_io.BytesIO object at 0x00000201C65E8A40>,0.5805619359016418,0.13503068685531616,0.25401538610458374,194299,38,4,False,Right,Front,Right,Left,55
<_io.BytesIO object at 0x00000201C65E8BD0>,0.5350019335746765,0.1646212339401245,0.32561004161834717,194299,38,4,False,Right,Front,Right,Left,55
<_io.BytesIO object at 0x00000201C65E8900>,0.5441380143165588,0.15657462179660797,0.24172405898571014,194299,38,4,False,Right,Front,Right,Left,55
<_io.BytesIO object at 0x00000201C66B3C70>,0.5622308254241943,0.08859883248806,0.2456611841917038,194299,38,4,False,Right,Front,Right,Left,55
<_io.BytesIO object at 0x00000201C65DB680>,0.5543853640556335,0.07445089519023895,0.31216123700141907,194300,38,4,False,Right,Front,Right,Left,55
<_io.BytesIO object at 0x00000201C65DBC20>,0.5766611695289612,0.1357947736978531,0.25738632678985596,194300,38,4,False,Right,Front,Right,Left,55
<_io.BytesIO object at 0x00000201C65DBF40>,0.5322637557983398,0.1655670404434204,0.3293045163154602,194300,38,4,False,Right,Front,Right,Left,55
<_io.BytesIO object at 0x00000201C65DBA40>,0.5405089259147644,0.15652108192443848,0.24577264487743378,194300,38,4,False,Right,Front,Right,Left,55
<_io.BytesIO object at 0x00000201BEC55090>,0.5583926439285278,0.08912616223096848,0.24912409484386444,194300,38,4,False,Right,Front,Right,Left,55
<_io.BytesIO object at 0x00000201C3858360>,0.5516455769538879,0.07580281049013138,0.31478676199913025,194301,38,4,False,Right,Front,Right,Left,55
<_io.BytesIO object at 0x00000201C3858400>,0.5726419687271118,0.13677485287189484,0.2607165575027466,194301,38,4,False,Right,Front,Right,Left,55
<_io.BytesIO object at 0x00000201C66A7720>,0.527416467666626,0.16620680689811707,0.33284443616867065,194301,38,4,False,Right,Front,Right,Left,55
<_io.BytesIO object at 0x00000201C66A77C0>,0.5367290377616882,0.15669864416122437,0.24948284029960632,194301,38,4,False,Right,Front,Right,Left,55
<_io.BytesIO object at 0x00000201C66A7F90>,0.5545180439949036,0.08978191763162613,0.2524206340312958,194301,38,4,False,Right,Front,Right,Left,55
<_io.BytesIO object at 0x00000201C6683590>,0.548895001411438,0.07715711742639542,0.31717801094055176,194302,38,4,False,Right,Front,Right,Left,55
<_io.BytesIO object at 0x00000201C6683900>,0.5688222646713257,0.13778004050254822,0.26363545656204224,194302,38,4,False,Right,Front,Right,Left,55
<_io.BytesIO object at 0x00000201C6686720>,0.5234264135360718,0.1668514907360077,0.33602362871170044,194302,38,4,False,Right,Front,Right,Left,55
<_io.BytesIO object at 0x00000201C6686360>,0.5325408577919006,0.1572655439376831,0.2527179718017578,194302,38,4,False,Right,Front,Right,Left,55
<_io.BytesIO object at 0x00000201C66869F0>,0.5507144927978516,0.09072767198085785,0.25559985637664795,194302,38,4,False,Right,Front,Right,Left,55
<_io.BytesIO object at 0x00000201C6699310>,0.5460284352302551,0.07849626988172531,0.31938281655311584,194303,38,4,False,Right,Front,Right,Left,55
<_io.BytesIO object at 0x00000201C6699DB0>,0.5650519728660583,0.13910749554634094,0.2663804292678833,194303,38,4,False,Right,Front,Right,Left,55
<_io.BytesIO object at 0x00000201C6699F90>,0.5197820663452148,0.16762183606624603,0.33905723690986633,194303,38,4,False,Right,Front,Right,Left,55
<_io.BytesIO object at 0x00000201C65D2EF0>,0.5280245542526245,0.15813584625720978,0.2555096447467804,194303,38,4,False,Right,Front,Right,Left,55
<_io.BytesIO object at 0x00000201C65D23B0>,0.5468180179595947,0.09190972149372101,0.25869762897491455,194303,38,4,False,Right,Front,Right,Left,55
<_io.BytesIO object at 0x00000201C668E7C0>,0.5429710745811462,0.07978491485118866,0.32146525382995605,194304,38,4,False,Right,Front,Right,Left,55
<_io.BytesIO object at 0x00000201C668E270>,0.5613407492637634,0.14038626849651337,0.2687684893608093,194304,38,4,False,Right,Front,Right,Left,55
<_io.BytesIO object at 0x00000201C668E630>,0.5161461234092712,0.16850486397743225,0.3416019678115845,194304,38,4,False,Right,Front,Right,Left,55
<_io.BytesIO object at 0x00000201C668E2C0>,0.5230072140693665,0.15898440778255463,0.2578206956386566,194304,38,4,False,Right,Front,Right,Left,55
<_io.BytesIO object at 0x00000201C668EB80>,0.5429527759552002,0.09304839372634888,0.26153942942619324,194304,38,4,False,Right,Front,Right,Left,55
<_io.BytesIO object at 0x00000201C668E5E0>,0.5397363901138306,0.08097617328166962,0.3235059082508087,194305,38,4,False,Right,Front,Right,Left,55
<_io.BytesIO object at 0x00000201C6688180>,0.5575228333473206,0.14186236262321472,0.271146297454834,194305,38,4,False,Right,Front,Right,Left,55
<_io.BytesIO object at 0x00000201C6688D60>,0.5116443634033203,0.17000043392181396,0.34317857027053833,194305,38,4,False,Right,Front,Right,Left,55
<_io.BytesIO object at 0x00000201C6688900>,0.5164815783500671,0.16206836700439453,0.25855281949043274,194305,38,4,False,Right,Front,Right,Left,55
<_io.BytesIO object at 0x00000201C6688DB0>,0.5389920473098755,0.09398145228624344,0.26378318667411804,194305,38,4,False,Right,Front,Right,Left,55
<_io.BytesIO object at 0x00000201C6699EA0>,0.5362505316734314,0.08205033838748932,0.3253677785396576,194306,38,4,False,Right,Front,Right,Left,55
<_io.BytesIO object at 0x00000201C6699900>,0.55344557762146,0.1430690735578537,0.27306893467903137,194306,38,4,False,Right,Front,Right,Left,55
<_io.BytesIO object at 0x00000201BEC4F2C0>,0.5079959034919739,0.1706518828868866,0.34548622369766235,194306,38,4,False,Right,Front,Right,Left,55
<_io.BytesIO object at 0x00000201BEC4F630>,0.5126547813415527,0.16230842471122742,0.26110169291496277,194306,38,4,False,Right,Front,Right,Left,55
<_io.BytesIO object at 0x00000201BEC4F6D0>,0.5350590348243713,0.09492558985948563,0.26585152745246887,194306,38,4,False,Right,Front,Right,Left,55
<_io.BytesIO object at 0x00000201C6683A90>,0.5325398445129395,0.08309578895568848,0.32720646262168884,194307,38,4,False,Right,Front,Right,Left,55
<_io.BytesIO object at 0x00000201C66833B0>,0.5493385195732117,0.14421196281909943,0.2751370966434479,194307,38,4,False,Right,Front,Right,Left,55
<_io.BytesIO object at 0x00000201C6614B30>,0.5024034380912781,0.17082324624061584,0.34765565395355225,194307,38,4,False,Right,Front,Right,Left,55
<_io.BytesIO object at 0x00000201C6614DB0>,0.5091034770011902,0.16261368989944458,0.26340070366859436,194307,38,4,False,Right,Front,Right,Left,55
<_io.BytesIO object at 0x00000201C66140E0>,0.5316743850708008,0.09677566587924957,0.2681518495082855,194307,38,4,False,Right,Front,Right,Left,55
<_io.BytesIO object at 0x00000201C3858DB0>,0.5287644863128662,0.08407361805438995,0.3290483355522156,194308,38,4,False,Right,Front,Right,Left,55
<_io.BytesIO object at 0x00000201C3858CC0>,0.5451124310493469,0.14543478190898895,0.2767900228500366,194308,38,4,False,Right,Front,Right,Left,55
<_io.BytesIO object at 0x00000201C3858720>,0.498211532831192,0.17164435982704163,0.34940671920776367,194308,38,4,False,Right,Front,Right,Left,55
<_io.BytesIO object at 0x00000201C65B9360>,0.5060142278671265,0.16349941492080688,0.26534780859947205,194308,38,4,False,Right,Front,Right,Left,55
<_io.BytesIO object at 0x00000201C65B92C0>,0.5289224982261658,0.09871348738670349,0.269319087266922,194308,38,4,False,Right,Front,Right,Left,55
<_io.BytesIO object at 0x00000201C65DBD10>,0.5249328017234802,0.08515424281358719,0.3309105634689331,194309,38,4,False,Right,Front,Right,Left,55
<_io.BytesIO object at 0x00000201C6697900>,0.5412055850028992,0.14615632593631744,0.27785569429397583,194309,38,4,False,Right,Front,Right,Left,55
<_io.BytesIO object at 0x00000201C66971D0>,0.4913158118724823,0.17213396728038788,0.34973666071891785,194309,38,4,False,Right,Front,Right,Left,55
<_io.BytesIO object at 0x00000201C6697540>,0.4989706575870514,0.16496899724006653,0.26536503434181213,194309,38,4,False,Right,Front,Right,Left,55
<_io.BytesIO object at 0x00000201C66975E0>,0.5266141891479492,0.1008303314447403,0.2701587378978729,194309,38,4,False,Right,Front,Right,Left,55
<_io.BytesIO object at 0x00000201C66B3E50>,0.5210698246955872,0.0863468125462532,0.33259716629981995,194310,38,4,False,Right,Front,Right,Left,55
<_io.BytesIO object at 0x00000201C66B3770>,0.5394461750984192,0.1455133557319641,0.2805315852165222,194310,38,4,False,Right,Front,Right,Left,55
<_io.BytesIO object at 0x00000201C66B30E0>,0.4850773215293884,0.17263223230838776,0.3500508666038513,194310,38,4,False,Right,Front,Right,Left,55
<_io.BytesIO object at 0x00000201C6697DB0>,0.4933973550796509,0.16607101261615753,0.2655717134475708,194310,38,4,False,Right,Front,Right,Left,55
<_io.BytesIO object at 0x00000201C6697270>,0.5243775248527527,0.10296186059713364,0.27090683579444885,194310,38,4,False,Right,Front,Right,Left,55
<_io.BytesIO object at 0x00000201BEC556D0>,0.5175427794456482,0.08752963691949844,0.33439016342163086,194311,38,4,False,Right,Front,Right,Left,55
<_io.BytesIO object at 0x00000201C6612A90>,0.5328888893127441,0.143976628780365,0.2866790294647217,194311,38,4,False,Right,Front,Right,Left,55
<_io.BytesIO object at 0x00000201C65B9AE0>,0.4771566689014435,0.1718875765800476,0.35062912106513977,194311,38,4,False,Right,Front,Right,Left,55
<_io.BytesIO object at 0x00000201C65B9F90>,0.4905111789703369,0.16564208269119263,0.26690682768821716,194311,38,4,False,Right,Front,Right,Left,55
<_io.BytesIO object at 0x00000201C65B9C20>,0.5221186876296997,0.10483480244874954,0.27134788036346436,194311,38,4,False,Right,Front,Right,Left,55
<_io.BytesIO object at 0x00000201C66A7BD0>,0.5140278935432434,0.08879513293504715,0.3359447717666626,194312,38,4,False,Right,Front,Right,Left,55
<_io.BytesIO object at 0x00000201C66A7360>,0.5290144681930542,0.144633486866951,0.2876609265804291,194312,38,4,False,Right,Front,Right,Left,55
<_io.BytesIO object at 0x00000201C6614130>,0.4712592661380768,0.17196959257125854,0.35059458017349243,194312,38,4,False,Right,Front,Right,Left,55
<_io.BytesIO object at 0x00000201C6614900>,0.48709481954574585,0.16598902642726898,0.2675597667694092,194312,38,4,False,Right,Front,Right,Left,55
<_io.BytesIO object at 0x00000201C6614A90>,0.5198755860328674,0.10656966269016266,0.2719387412071228,194312,38,4,False,Right,Front,Right,Left,55
<_io.BytesIO object at 0x00000201C6686C70>,0.5107319951057434,0.09007471054792404,0.33756959438323975,194313,38,4,False,Right,Front,Right,Left,55
<_io.BytesIO object at 0x00000201C66860E0>,0.5245990753173828,0.14571183919906616,0.28791865706443787,194313,38,4,False,Right,Front,Right,Left,55
<_io.BytesIO object at 0x00000201C6686E50>,0.4649979770183563,0.1713171750307083,0.35050714015960693,194313,38,4,False,Right,Front,Right,Left,55
<_io.BytesIO object at 0x00000201BEC4FDB0>,0.48293083906173706,0.16568970680236816,0.26786601543426514,194313,38,4,False,Right,Front,Right,Left,55
<_io.BytesIO object at 0x00000201BEC4F720>,0.5173681378364563,0.10817617177963257,0.272568941116333,194313,38,4,False,Right,Front,Right,Left,55
<_io.BytesIO object at 0x00000201C65D24F0>,0.5072720050811768,0.09123946726322174,0.338855504989624,194314,38,4,False,Right,Front,Right,Left,55
<_io.BytesIO object at 0x00000201C65D2E00>,0.5198268890380859,0.14701330661773682,0.2879642844200134,194314,38,4,False,Right,Front,Right,Left,55
<_io.BytesIO object at 0x00000201C65D26D0>,0.45712414383888245,0.171129509806633,0.34910690784454346,194314,38,4,False,Right,Front,Right,Left,55
<_io.BytesIO object at 0x00000201C65D2400>,0.47657352685928345,0.16538503766059875,0.26685455441474915,194314,38,4,False,Right,Front,Right,Left,55
<_io.BytesIO object at 0x00000201C6688BD0>,0.5145211219787598,0.1093316450715065,0.27322039008140564,194314,38,4,False,Right,Front,Right,Left,55
<_io.BytesIO object at 0x00000201C65D6630>,0.5039162039756775,0.09260784089565277,0.3398728370666504,194315,38,4,False,Right,Front,Right,Left,55
<_io.BytesIO object at 0x00000201C65D6680>,0.5143394470214844,0.14843705296516418,0.2872718870639801,194315,38,4,False,Right,Front,Right,Left,55
<_io.BytesIO object at 0x00000201C65E8860>,0.4507720470428467,0.1710595041513443,0.3481871783733368,194315,38,4,False,Right,Front,Right,Left,55
<_io.BytesIO object at 0x00000201C65E8770>,0.4711724817752838,0.1650179773569107,0.26614469289779663,194315,38,4,False,Right,Front,Right,Left,55
<_io.BytesIO object at 0x00000201C65E8BD0>,0.5114269256591797,0.1102045327425003,0.2739028334617615,194315,38,4,False,Right,Front,Right,Left,55
<_io.BytesIO object at 0x00000201C668EB30>,0.5006887316703796,0.09400483220815659,0.34055134654045105,194316,38,4,False,Right,Front,Right,Left,55
<_io.BytesIO object at 0x00000201C668E630>,0.508497953414917,0.15019746124744415,0.28637632727622986,194316,38,4,False,Right,Front,Right,Left,55
<_io.BytesIO object at 0x00000201C668E7C0>,0.44414013624191284,0.1706383228302002,0.3470081388950348,194316,38,4,False,Right,Front,Right,Left,55
<_io.BytesIO object at 0x00000201C668EF40>,0.46530699729919434,0.16504237055778503,0.2648436427116394,194316,38,4,False,Right,Front,Right,Left,55
<_io.BytesIO object at 0x00000201C668E720>,0.5081935524940491,0.1106807067990303,0.27450647950172424,194316,38,4,False,Right,Front,Right,Left,55
<_io.BytesIO object at 0x00000201C65D29A0>,0.4976910352706909,0.09522391110658646,0.340819388628006,194317,38,4,False,Right,Front,Right,Left,55
<_io.BytesIO object at 0x00000201C6699270>,0.5025568604469299,0.15196764469146729,0.28503066301345825,194317,38,4,False,Right,Front,Right,Left,55
<_io.BytesIO object at 0x00000201C6699D10>,0.438687801361084,0.17027699947357178,0.34605661034584045,194317,38,4,False,Right,Front,Right,Left,55
<_io.BytesIO object at 0x00000201C6699D60>,0.46067148447036743,0.16436836123466492,0.26392462849617004,194317,38,4,False,Right,Front,Right,Left,55
<_io.BytesIO object at 0x00000201C6699630>,0.5048335790634155,0.1111200749874115,0.2750604748725891,194317,38,4,False,Right,Front,Right,Left,55
<_io.BytesIO object at 0x00000201C6686180>,0.4948168098926544,0.09640704840421677,0.3409194052219391,194318,38,4,False,Right,Front,Right,Left,55
<_io.BytesIO object at 0x00000201C6683C20>,0.4967133104801178,0.15348592400550842,0.283618301153183,194318,38,4,False,Right,Front,Right,Left,55
<_io.BytesIO object at 0x00000201C6683630>,0.4343324303627014,0.1700679212808609,0.3453519344329834,194318,38,4,False,Right,Front,Right,Left,55
<_io.BytesIO object at 0x00000201C6683A40>,0.4586747884750366,0.16254496574401855,0.2642773687839508,194318,38,4,False,Right,Front,Right,Left,55
<_io.BytesIO object at 0x00000201C66838B0>,0.5014821290969849,0.11142806708812714,0.275508850812912,194318,38,4,False,Right,Front,Right,Left,55
<_io.BytesIO object at 0x00000201C66A7220>,0.48892754316329956,0.09538905322551727,0.3425900936126709,194319,38,4,False,Right,Front,Right,Left,55
<_io.BytesIO object at 0x00000201C66A72C0>,0.49140581488609314,0.15459246933460236,0.2823924422264099,194319,38,4,False,Right,Front,Right,Left,55
<_io.BytesIO object at 0x00000201C3858130>,0.42559635639190674,0.16718074679374695,0.34329602122306824,194319,38,4,False,Right,Front,Right,Left,55
<_io.BytesIO object at 0x00000201C38587C0>,0.45524805784225464,0.16023637354373932,0.26416200399398804,194319,38,4,False,Right,Front,Right,Left,55
<_io.BytesIO object at 0x00000201C38580E0>,0.4981739819049835,0.1115618422627449,0.2757183313369751,194319,38,4,False,Right,Front,Right,Left,55
<_io.BytesIO object at 0x00000201BEC552C0>,0.4860369861125946,0.09590210020542145,0.34229540824890137,194320,38,4,False,Right,Front,Right,Left,55
<_io.BytesIO object at 0x00000201C65DB7C0>,0.48669353127479553,0.15506231784820557,0.28159099817276,194320,38,4,False,Right,Front,Right,Left,55
<_io.BytesIO object at 0x00000201C65DBE50>,0.419973224401474,0.16534832119941711,0.3420417606830597,194320,38,4,False,Right,Front,Right,Left,55
<_io.BytesIO object at 0x00000201C65DBE00>,0.4514775276184082,0.15850603580474854,0.2633654475212097,194320,38,4,False,Right,Front,Right,Left,55
<_io.BytesIO object at 0x00000201C65DB9F0>,0.4946579039096832,0.11121176928281784,0.2759031653404236,194320,38,4,False,Right,Front,Right,Left,55
<_io.BytesIO object at 0x00000201C6697130>,0.48305845260620117,0.09624599665403366,0.34190303087234497,194321,38,4,False,Right,Front,Right,Left,55
<_io.BytesIO object at 0x00000201C6697680>,0.4824998378753662,0.155075341463089,0.28090521693229675,194321,38,4,False,Right,Front,Right,Left,55
<_io.BytesIO object at 0x00000201C66975E0>,0.4159523844718933,0.16598783433437347,0.3404349088668823,194321,38,4,False,Right,Front,Right,Left,55
<_io.BytesIO object at 0x00000201C65DB0E0>,0.44346746802330017,0.16050319373607635,0.2596246600151062,194321,38,4,False,Right,Front,Right,Left,55
<_io.BytesIO object at 0x00000201C65DB9F0>,0.4915418028831482,0.11059007793664932,0.27660617232322693,194321,38,4,False,Right,Front,Right,Left,55
<_io.BytesIO object at 0x00000201C65B9450>,0.4803825616836548,0.09636613726615906,0.341343492269516,194322,38,4,False,Right,Front,Right,Left,55
<_io.BytesIO object at 0x00000201C3858450>,0.47863996028900146,0.15475918352603912,0.28030744194984436,194322,38,4,False,Right,Front,Right,Left,55
<_io.BytesIO object at 0x00000201C3858C20>,0.4113670289516449,0.16454043984413147,0.33961233496665955,194322,38,4,False,Right,Front,Right,Left,55
<_io.BytesIO object at 0x00000201C3858EA0>,0.43807485699653625,0.15884672105312347,0.2580147981643677,194322,38,4,False,Right,Front,Right,Left,55
<_io.BytesIO object at 0x00000201C3858BD0>,0.4880516827106476,0.10966610908508301,0.2767491638660431,194322,38,4,False,Right,Front,Right,Left,55
<_io.BytesIO object at 0x00000201C6614770>,0.47775545716285706,0.09648209065198898,0.34053054451942444,194323,38,4,False,Right,Front,Right,Left,55
<_io.BytesIO object at 0x00000201C6614630>,0.4749513268470764,0.15422552824020386,0.27969124913215637,194323,38,4,False,Right,Front,Right,Left,55
<_io.BytesIO object at 0x00000201C6683F40>,0.40706774592399597,0.16210857033729553,0.3393310606479645,194323,38,4,False,Right,Front,Right,Left,55
<_io.BytesIO object at 0x00000201C6683860>,0.43273431062698364,0.15806971490383148,0.2558683156967163,194323,38,4,False,Right,Front,Right,Left,55
<_io.BytesIO object at 0x00000201C6683CC0>,0.48496291041374207,0.10906834155321121,0.2763819992542267,194323,38,4,False,Right,Front,Right,Left,55
<_io.BytesIO object at 0x00000201BEC4F860>,0.4751932919025421,0.0956396535038948,0.3394562005996704,194324,38,4,False,Right,Front,Right,Left,55
<_io.BytesIO object at 0x00000201BEC4F2C0>,0.47138455510139465,0.15344679355621338,0.27902019023895264,194324,38,4,False,Right,Front,Right,Left,55
<_io.BytesIO object at 0x00000201C6699900>,0.402235209941864,0.15992964804172516,0.3406427502632141,194324,38,4,False,Right,Front,Right,Left,55
<_io.BytesIO object at 0x00000201C6699BD0>,0.4272443950176239,0.15751831233501434,0.25401216745376587,194324,38,4,False,Right,Front,Right,Left,55
<_io.BytesIO object at 0x00000201C6699EF0>,0.4815819263458252,0.1085137352347374,0.27568069100379944,194324,38,4,False,Right,Front,Right,Left,55
<_io.BytesIO object at 0x00000201C66883B0>,0.47310590744018555,0.09517645835876465,0.33871373534202576,194325,38,4,False,Right,Front,Right,Left,55
<_io.BytesIO object at 0x00000201C66889F0>,0.46779686212539673,0.15241561830043793,0.2783167362213135,194325,38,4,False,Right,Front,Right,Left,55
<_io.BytesIO object at 0x00000201C66885E0>,0.3979063630104065,0.1560085266828537,0.34001922607421875,194325,38,4,False,Right,Front,Right,Left,55
<_io.BytesIO object at 0x00000201C6688130>,0.4219122529029846,0.1547018438577652,0.2539762854576111,194325,38,4,False,Right,Front,Right,Left,55
<_io.BytesIO object at 0x00000201C668E5E0>,0.47920429706573486,0.10812030732631683,0.27504321932792664,194325,38,4,False,Right,Front,Right,Left,55
<_io.BytesIO object at 0x00000201C65E8BD0>,0.4706195294857025,0.09537685662508011,0.3379408121109009,194326,38,4,False,Right,Front,Right,Left,55
<_io.BytesIO object at 0x00000201C65E86D0>,0.46413615345954895,0.15121163427829742,0.2774680554866791,194326,38,4,False,Right,Front,Right,Left,55
<_io.BytesIO object at 0x00000201C66B3720>,0.3937638998031616,0.15168015658855438,0.33904507756233215,194326,38,4,False,Right,Front,Right,Left,55
<_io.BytesIO object at 0x00000201C66B37C0>,0.416633665561676,0.1535571813583374,0.25210583209991455,194326,38,4,False,Right,Front,Right,Left,55
<_io.BytesIO object at 0x00000201C66B31D0>,0.47669368982315063,0.10826724767684937,0.274282842874527,194326,38,4,False,Right,Front,Right,Left,55
<_io.BytesIO object at 0x00000201C65E8810>,0.4688265919685364,0.09470240026712418,0.337316632270813,194327,38,4,False,Right,Front,Right,Left,55
<_io.BytesIO object at 0x00000201C65E8360>,0.460335373878479,0.14998595416545868,0.2762777507305145,194327,38,4,False,Right,Front,Right,Left,55
<_io.BytesIO object at 0x00000201C65D6AE0>,0.38971444964408875,0.14723677933216095,0.3377789258956909,194327,38,4,False,Right,Front,Right,Left,55
<_io.BytesIO object at 0x00000201C65D6900>,0.4156376123428345,0.1539604663848877,0.2524559199810028,194327,38,4,False,Right,Front,Right,Left,55
<_io.BytesIO object at 0x00000201C65D69F0>,0.4751574695110321,0.10828317701816559,0.27360543608665466,194327,38,4,False,Right,Front,Right,Left,55
<_io.BytesIO object at 0x00000201C6688630>,0.46704763174057007,0.09376643598079681,0.33701762557029724,194328,38,4,False,Right,Front,Right,Left,55
<_io.BytesIO object at 0x00000201C65D2450>,0.45643532276153564,0.1487717628479004,0.2750147581100464,194328,38,4,False,Right,Front,Right,Left,55
<_io.BytesIO object at 0x00000201C65D2310>,0.385743111371994,0.14285722374916077,0.33631083369255066,194328,38,4,False,Right,Front,Right,Left,55
<_io.BytesIO object at 0x00000201C65D2860>,0.41414016485214233,0.1412806510925293,0.255237877368927,194328,38,4,False,Right,Front,Right,Left,55
<_io.BytesIO object at 0x00000201C65D2630>,0.4735811948776245,0.10609680414199829,0.2735852003097534,194328,38,4,False,Right,Front,Right,Left,55
<_io.BytesIO object at 0x00000201BEC4F450>,0.4656672477722168,0.09280794858932495,0.3364917039871216,194329,38,4,False,Right,Front,Right,Left,55
<_io.BytesIO object at 0x00000201C6686E50>,0.45266997814178467,0.14735546708106995,0.27364030480384827,194329,38,4,False,Right,Front,Right,Left,55
<_io.BytesIO object at 0x00000201C6686220>,0.38187268376350403,0.13849037885665894,0.33467987179756165,194329,38,4,False,Right,Front,Right,Left,55
<_io.BytesIO object at 0x00000201C6686F90>,0.41084375977516174,0.13717153668403625,0.2538817822933197,194329,38,4,False,Right,Front,Right,Left,55
<_io.BytesIO object at 0x00000201C6686540>,0.471823126077652,0.10512816905975342,0.27292129397392273,194329,38,4,False,Right,Front,Right,Left,55
<_io.BytesIO object at 0x00000201C6614B80>,0.4646352231502533,0.09171847254037857,0.33607161045074463,194330,38,4,False,Right,Front,Right,Left,55
<_io.BytesIO object at 0x00000201C66A7400>,0.4491264522075653,0.14574621617794037,0.272253155708313,194330,38,4,False,Right,Front,Right,Left,55
<_io.BytesIO object at 0x00000201C66A7450>,0.3781917095184326,0.13403071463108063,0.33285290002822876,194330,38,4,False,Right,Front,Right,Left,55
<_io.BytesIO object at 0x00000201C66A76D0>,0.41119831800460815,0.14103515446186066,0.24869871139526367,194330,38,4,False,Right,Front,Right,Left,55
<_io.BytesIO object at 0x00000201C66A7040>,0.471481055021286,0.10645416378974915,0.27199405431747437,194330,38,4,False,Right,Front,Right,Left,55
<_io.BytesIO object at 0x00000201C65B9720>,0.46378928422927856,0.09039349853992462,0.3355799913406372,194331,38,4,False,Right,Front,Right,Left,55
<_io.BytesIO object at 0x00000201C6612F90>,0.4458736479282379,0.14391371607780457,0.27097341418266296,194331,38,4,False,Right,Front,Right,Left,55
<_io.BytesIO object at 0x00000201BEC55090>,0.37467828392982483,0.1297433227300644,0.33098992705345154,194331,38,4,False,Right,Front,Right,Left,55
<_io.BytesIO object at 0x00000201C65DBA40>,0.4094298183917999,0.1394420713186264,0.24992729723453522,194331,38,4,False,Right,Front,Right,Left,55
<_io.BytesIO object at 0x00000201C65DB6D0>,0.4700988829135895,0.10591808706521988,0.27143245935440063,194331,38,4,False,Right,Front,Right,Left,55
<_io.BytesIO object at 0x00000201BEC55090>,0.4630976617336273,0.08876828849315643,0.33495256304740906,194332,38,4,False,Right,Front,Right,Left,55
<_io.BytesIO object at 0x00000201C6612D10>,0.44292354583740234,0.1419059932231903,0.2697375416755676,194332,38,4,False,Right,Front,Right,Left,55
<_io.BytesIO object at 0x00000201C65B9040>,0.37135833501815796,0.1252717524766922,0.32897359132766724,194332,38,4,False,Right,Front,Right,Left,55
<_io.BytesIO object at 0x00000201C65B9900>,0.4074729382991791,0.13686010241508484,0.2508784830570221,194332,38,4,False,Right,Front,Right,Left,55
<_io.BytesIO object at 0x00000201C65B96D0>,0.4692695736885071,0.10690224170684814,0.2712993919849396,194332,38,4,False,Right,Front,Right,Left,55
<_io.BytesIO object at 0x00000201C66A7450>,0.45732828974723816,0.08210515975952148,0.33119291067123413,194333,38,4,False,Right,Front,Right,Left,55
<_io.BytesIO object at 0x00000201C66A7130>,0.4402841329574585,0.13970418274402618,0.26855039596557617,194333,38,4,False,Right,Front,Right,Left,55
<_io.BytesIO object at 0x00000201C6614D10>,0.36823582649230957,0.12073417752981186,0.32704466581344604,194333,38,4,False,Right,Front,Right,Left,55
<_io.BytesIO object at 0x00000201C6614E50>,0.40112608671188354,0.12633338570594788,0.24805551767349243,194333,38,4,False,Right,Front,Right,Left,55
<_io.BytesIO object at 0x00000201C6614540>,0.46424317359924316,0.0995970219373703,0.26828333735466003,194333,38,4,False,Right,Front,Right,Left,55
<_io.BytesIO object at 0x00000201C6686D60>,0.45668771862983704,0.08113326132297516,0.3308783769607544,194334,38,4,False,Right,Front,Right,Left,55
<_io.BytesIO object at 0x00000201C66860E0>,0.43791207671165466,0.1373247653245926,0.2674102187156677,194334,38,4,False,Right,Front,Right,Left,55
<_io.BytesIO object at 0x00000201C66863B0>,0.36552879214286804,0.11647512018680573,0.3251441419124603,194334,38,4,False,Right,Front,Right,Left,55
<_io.BytesIO object at 0x00000201BEC4FF40>,0.39919957518577576,0.12143060564994812,0.2461550235748291,194334,38,4,False,Right,Front,Right,Left,55
<_io.BytesIO object at 0x00000201BEC4F310>,0.4630175232887268,0.09728822112083435,0.2674195170402527,194334,38,4,False,Right,Front,Right,Left,55
<_io.BytesIO object at 0x00000201C6688270>,0.4560816287994385,0.08006248623132706,0.3302391767501831,194335,38,4,False,Right,Front,Right,Left,55
<_io.BytesIO object at 0x00000201C6688A40>,0.4357880651950836,0.13477741181850433,0.26626402139663696,194335,38,4,False,Right,Front,Right,Left,55
<_io.BytesIO object at 0x00000201C66888B0>,0.36288154125213623,0.11186771094799042,0.3231467604637146,194335,38,4,False,Right,Front,Right,Left,55
<_io.BytesIO object at 0x00000201C6688D10>,0.4027319550514221,0.12113821506500244,0.24171295762062073,194335,38,4,False,Right,Front,Right,Left,55
<_io.BytesIO object at 0x00000201C6688720>,0.4643954932689667,0.09727200120687485,0.2668706774711609,194335,38,4,False,Right,Front,Right,Left,55
<_io.BytesIO object at 0x00000201C66B39A0>,0.45561712980270386,0.07921336591243744,0.3299407660961151,194336,38,4,False,Right,Front,Right,Left,55
<_io.BytesIO object at 0x00000201C65E8A90>,0.4340914487838745,0.13192108273506165,0.2650804817676544,194336,38,4,False,Right,Front,Right,Left,55
<_io.BytesIO object at 0x00000201C65E87C0>,0.3604632318019867,0.10761740803718567,0.32097867131233215,194336,38,4,False,Right,Front,Right,Left,55
<_io.BytesIO object at 0x00000201C65E8B30>,0.39805126190185547,0.11353939771652222,0.24236151576042175,194336,38,4,False,Right,Front,Right,Left,55
<_io.BytesIO object at 0x00000201C65E8F40>,0.46267515420913696,0.09459739923477173,0.2662930190563202,194336,38,4,False,Right,Front,Right,Left,55
<_io.BytesIO object at 0x00000201C65D2310>,0.4548836350440979,0.07873743772506714,0.3292761445045471,194337,38,4,False,Right,Front,Right,Left,55
<_io.BytesIO object at 0x00000201C65D2B30>,0.43256720900535583,0.12907129526138306,0.2639656662940979,194337,38,4,False,Right,Front,Right,Left,55
<_io.BytesIO object at 0x00000201C65D2900>,0.3583109378814697,0.10312128067016602,0.3186926245689392,194337,38,4,False,Right,Front,Right,Left,55
<_io.BytesIO object at 0x00000201C65D29A0>,0.39735502004623413,0.10876431316137314,0.24065203964710236,194337,38,4,False,Right,Front,Right,Left,55
<_io.BytesIO object at 0x00000201C65E8C20>,0.46235838532447815,0.09288869798183441,0.26575759053230286,194337,38,4,False,Right,Front,Right,Left,55
<_io.BytesIO object at 0x00000201C668E5E0>,0.4545312821865082,0.07912463694810867,0.32869449257850647,194338,38,4,False,Right,Front,Right,Left,55
<_io.BytesIO object at 0x00000201C668E2C0>,0.4311812222003937,0.1261814832687378,0.26262226700782776,194338,38,4,False,Right,Front,Right,Left,55
<_io.BytesIO object at 0x00000201C668ED60>,0.3568970263004303,0.09911111742258072,0.31689608097076416,194338,38,4,False,Right,Front,Right,Left,55
<_io.BytesIO object at 0x00000201C668E860>,0.3968374729156494,0.1037149578332901,0.23900878429412842,194338,38,4,False,Right,Front,Right,Left,55
<_io.BytesIO object at 0x00000201C668EBD0>,0.4636107087135315,0.08760449290275574,0.26206299662590027,194338,38,4,False,Right,Front,Right,Left,55
<_io.BytesIO object at 0x00000201C6699B30>,0.45458099246025085,0.07947058975696564,0.3279383182525635,194339,38,4,False,Right,Front,Right,Left,55
<_io.BytesIO object at 0x00000201BEC4FC70>,0.42994824051856995,0.12339706718921661,0.2612646520137787,194339,38,4,False,Right,Front,Right,Left,55
<_io.BytesIO object at 0x00000201BEC4F3B0>,0.356208473443985,0.09550270438194275,0.3154239058494568,194339,38,4,False,Right,Front,Right,Left,55
<_io.BytesIO object at 0x00000201BEC4F860>,0.39630207419395447,0.09943593293428421,0.23781812191009521,194339,38,4,False,Right,Front,Right,Left,55
<_io.BytesIO object at 0x00000201BEC4F950>,0.4629628658294678,0.08691183477640152,0.26150384545326233,194339,38,4,False,Right,Front,Right,Left,55
<_io.BytesIO object at 0x00000201C6683590>,0.45383352041244507,0.07928124815225601,0.3272556662559509,194340,38,4,False,Right,Front,Right,Left,55
<_io.BytesIO object at 0x00000201C6683450>,0.4287974536418915,0.1209685355424881,0.2599814832210541,194340,38,4,False,Right,Front,Right,Left,55
<_io.BytesIO object at 0x00000201C6614400>,0.35608237981796265,0.09226107597351074,0.31440499424934387,194340,38,4,False,Right,Front,Right,Left,55
<_io.BytesIO object at 0x00000201C6614310>,0.39750510454177856,0.09707432985305786,0.23593857884407043,194340,38,4,False,Right,Front,Right,Left,55
<_io.BytesIO object at 0x00000201C6614900>,0.46227598190307617,0.0866725817322731,0.2614593505859375,194340,38,4,False,Right,Front,Right,Left,55
<_io.BytesIO object at 0x00000201C65B9090>,0.45311281085014343,0.07784592360258102,0.3264155387878418,194341,38,4,False,Right,Front,Right,Left,55
<_io.BytesIO object at 0x00000201C65B9040>,0.42855414748191833,0.11937830597162247,0.25790899991989136,194341,38,4,False,Right,Front,Right,Left,55
<_io.BytesIO object at 0x00000201C6612F40>,0.35970208048820496,0.0913752093911171,0.3108349144458771,194341,38,4,False,Right,Front,Right,Left,55
<_io.BytesIO object at 0x00000201C3854360>,0.3968346118927002,0.09424559026956558,0.23462039232254028,194341,38,4,False,Right,Front,Right,Left,55
<_io.BytesIO object at 0x00000201BEC550E0>,0.46219342947006226,0.08716951310634613,0.262654572725296,194341,38,4,False,Right,Front,Right,Left,55
<_io.BytesIO object at 0x00000201C65D6220>,0.45311281085014343,0.07784592360258102,0.3264155387878418,194342,38,4,False,Right,Front,Right,Left,55
<_io.BytesIO object at 0x00000201C65D65E0>,0.42855414748191833,0.11937830597162247,0.25790899991989136,194342,38,4,False,Right,Front,Right,Left,55
<_io.BytesIO object at 0x00000201C6697680>,0.35970208048820496,0.0913752093911171,0.3108349144458771,194342,38,4,False,Right,Front,Right,Left,55
<_io.BytesIO object at 0x00000201C6697810>,0.3968346118927002,0.09424559026956558,0.23462039232254028,194342,38,4,False,Right,Front,Right,Left,55
<_io.BytesIO object at 0x00000201C6697F90>,0.46219342947006226,0.08716951310634613,0.262654572725296,194342,38,4,False,Right,Front,Right,Left,55
<_io.BytesIO object at 0x00000201C3858360>,0.45311281085014343,0.07784592360258102,0.3264155387878418,194343,38,4,False,Right,Front,Right,Left,55
<_io.BytesIO object at 0x00000201C3858400>,0.42855414748191833,0.11937830597162247,0.25790899991989136,194343,38,4,False,Right,Front,Right,Left,55
<_io.BytesIO object at 0x00000201BEC556D0>,0.35970208048820496,0.0913752093911171,0.3108349144458771,194343,38,4,False,Right,Front,Right,Left,55
<_io.BytesIO object at 0x00000201C6612EA0>,0.3968346118927002,0.09424559026956558,0.23462039232254028,194343,38,4,False,Right,Front,Right,Left,55
<_io.BytesIO object at 0x00000201C6612E50>,0.46219342947006226,0.08716951310634613,0.262654572725296,194343,38,4,False,Right,Front,Right,Left,55
<_io.BytesIO object at 0x00000201C6614810>,0.45311281085014343,0.07784592360258102,0.3264155387878418,194344,38,4,False,Right,Front,Right,Left,55
<_io.BytesIO object at 0x00000201C6614BD0>,0.42855414748191833,0.11937830597162247,0.25790899991989136,194344,38,4,False,Right,Front,Right,Left,55
<_io.BytesIO object at 0x00000201C6614F90>,0.35970208048820496,0.0913752093911171,0.3108349144458771,194344,38,4,False,Right,Front,Right,Left,55
<_io.BytesIO object at 0x00000201C6614400>,0.3968346118927002,0.09424559026956558,0.23462039232254028,194344,38,4,False,Right,Front,Right,Left,55
<_io.BytesIO object at 0x00000201C6614770>,0.46219342947006226,0.08716951310634613,0.262654572725296,194344,38,4,False,Right,Front,Right,Left,55
<_io.BytesIO object at 0x00000201C6686EA0>,0.45311281085014343,0.07784592360258102,0.3264155387878418,194345,38,4,False,Right,Front,Right,Left,55
<_io.BytesIO object at 0x00000201BEC4FF40>,0.42855414748191833,0.11937830597162247,0.25790899991989136,194345,38,4,False,Right,Front,Right,Left,55
<_io.BytesIO object at 0x00000201BEC4F3B0>,0.35970208048820496,0.0913752093911171,0.3108349144458771,194345,38,4,False,Right,Front,Right,Left,55
<_io.BytesIO object at 0x00000201BEC4FB30>,0.3968346118927002,0.09424559026956558,0.23462039232254028,194345,38,4,False,Right,Front,Right,Left,55
<_io.BytesIO object at 0x00000201BEC4FE00>,0.46219342947006226,0.08716951310634613,0.262654572725296,194345,38,4,False,Right,Front,Right,Left,55
<_io.BytesIO object at 0x00000201C66886D0>,0.45311281085014343,0.07784592360258102,0.3264155387878418,194346,38,4,False,Right,Front,Right,Left,55
<_io.BytesIO object at 0x00000201C668E0E0>,0.42855414748191833,0.11937830597162247,0.25790899991989136,194346,38,4,False,Right,Front,Right,Left,55
<_io.BytesIO object at 0x00000201C668EB30>,0.35970208048820496,0.0913752093911171,0.3108349144458771,194346,38,4,False,Right,Front,Right,Left,55
<_io.BytesIO object at 0x00000201C668E770>,0.3968346118927002,0.09424559026956558,0.23462039232254028,194346,38,4,False,Right,Front,Right,Left,55
<_io.BytesIO object at 0x00000201C668E040>,0.46219342947006226,0.08716951310634613,0.262654572725296,194346,38,4,False,Right,Front,Right,Left,55
<_io.BytesIO object at 0x00000201C65E8F40>,0.45311281085014343,0.07784592360258102,0.3264155387878418,194347,38,4,False,Right,Front,Right,Left,55
<_io.BytesIO object at 0x00000201C65E8C20>,0.42855414748191833,0.11937830597162247,0.25790899991989136,194347,38,4,False,Right,Front,Right,Left,55
<_io.BytesIO object at 0x00000201C65E89F0>,0.35970208048820496,0.0913752093911171,0.3108349144458771,194347,38,4,False,Right,Front,Right,Left,55
<_io.BytesIO object at 0x00000201C65E8770>,0.3968346118927002,0.09424559026956558,0.23462039232254028,194347,38,4,False,Right,Front,Right,Left,55
<_io.BytesIO object at 0x00000201C65E8DB0>,0.46219342947006226,0.08716951310634613,0.262654572725296,194347,38,4,False,Right,Front,Right,Left,55
<_io.BytesIO object at 0x00000201C668EBD0>,0.45311281085014343,0.07784592360258102,0.3264155387878418,194348,38,4,False,Right,Front,Right,Left,55
<_io.BytesIO object at 0x00000201C6699220>,0.42855414748191833,0.11937830597162247,0.25790899991989136,194348,38,4,False,Right,Front,Right,Left,55
<_io.BytesIO object at 0x00000201C6699400>,0.35970208048820496,0.0913752093911171,0.3108349144458771,194348,38,4,False,Right,Front,Right,Left,55
<_io.BytesIO object at 0x00000201C6699A90>,0.3968346118927002,0.09424559026956558,0.23462039232254028,194348,38,4,False,Right,Front,Right,Left,55
<_io.BytesIO object at 0x00000201C6699630>,0.46219342947006226,0.08716951310634613,0.262654572725296,194348,38,4,False,Right,Front,Right,Left,55
<_io.BytesIO object at 0x00000201C6686860>,0.45311281085014343,0.07784592360258102,0.3264155387878418,194349,38,4,False,Right,Front,Right,Left,55
<_io.BytesIO object at 0x00000201C6683D60>,0.42855414748191833,0.11937830597162247,0.25790899991989136,194349,38,4,False,Right,Front,Right,Left,55
<_io.BytesIO object at 0x00000201C6683180>,0.35970208048820496,0.0913752093911171,0.3108349144458771,194349,38,4,False,Right,Front,Right,Left,55
<_io.BytesIO object at 0x00000201C66839A0>,0.3968346118927002,0.09424559026956558,0.23462039232254028,194349,38,4,False,Right,Front,Right,Left,55
<_io.BytesIO object at 0x00000201C6683B30>,0.46219342947006226,0.08716951310634613,0.262654572725296,194349,38,4,False,Right,Front,Right,Left,55
<_io.BytesIO object at 0x00000201C66A72C0>,0.45311281085014343,0.07784592360258102,0.3264155387878418,194350,38,4,False,Right,Front,Right,Left,55
<_io.BytesIO object at 0x00000201C65B99A0>,0.42855414748191833,0.11937830597162247,0.25790899991989136,194350,38,4,False,Right,Front,Right,Left,55
<_io.BytesIO object at 0x00000201C65B93B0>,0.35970208048820496,0.0913752093911171,0.3108349144458771,194350,38,4,False,Right,Front,Right,Left,55
<_io.BytesIO object at 0x00000201C65B9EF0>,0.3968346118927002,0.09424559026956558,0.23462039232254028,194350,38,4,False,Right,Front,Right,Left,55
<_io.BytesIO object at 0x00000201C65B9130>,0.46219342947006226,0.08716951310634613,0.262654572725296,194350,38,4,False,Right,Front,Right,Left,55
<_io.BytesIO object at 0x00000201C6688810>,0.45311281085014343,0.07784592360258102,0.3264155387878418,194351,38,4,False,Right,Front,Right,Left,55
<_io.BytesIO object at 0x00000201C6688D60>,0.42855414748191833,0.11937830597162247,0.25790899991989136,194351,38,4,False,Right,Front,Right,Left,55
<_io.BytesIO object at 0x00000201C6688130>,0.35970208048820496,0.0913752093911171,0.3108349144458771,194351,38,4,False,Right,Front,Right,Left,55
<_io.BytesIO object at 0x00000201C65DB310>,0.3968346118927002,0.09424559026956558,0.23462039232254028,194351,38,4,False,Right,Front,Right,Left,55
<_io.BytesIO object at 0x00000201C65DB360>,0.46219342947006226,0.08716951310634613,0.262654572725296,194351,38,4,False,Right,Front,Right,Left,55
<_io.BytesIO object at 0x00000201C65D6E50>,0.45311281085014343,0.07784592360258102,0.3264155387878418,194352,38,4,False,Right,Front,Right,Left,55
<_io.BytesIO object at 0x00000201C65D6860>,0.42855414748191833,0.11937830597162247,0.25790899991989136,194352,38,4,False,Right,Front,Right,Left,55
<_io.BytesIO object at 0x00000201C65D6D60>,0.35970208048820496,0.0913752093911171,0.3108349144458771,194352,38,4,False,Right,Front,Right,Left,55
<_io.BytesIO object at 0x00000201C65DB9A0>,0.3968346118927002,0.09424559026956558,0.23462039232254028,194352,38,4,False,Right,Front,Right,Left,55
<_io.BytesIO object at 0x00000201C65DBB80>,0.46219342947006226,0.08716951310634613,0.262654572725296,194352,38,4,False,Right,Front,Right,Left,55
<_io.BytesIO object at 0x00000201C38583B0>,0.45311281085014343,0.07784592360258102,0.3264155387878418,194353,38,4,False,Right,Front,Right,Left,55
<_io.BytesIO object at 0x00000201C38584F0>,0.42855414748191833,0.11937830597162247,0.25790899991989136,194353,38,4,False,Right,Front,Right,Left,55
<_io.BytesIO object at 0x00000201BEC55090>,0.35970208048820496,0.0913752093911171,0.3108349144458771,194353,38,4,False,Right,Front,Right,Left,55
<_io.BytesIO object at 0x00000201BEC55400>,0.3968346118927002,0.09424559026956558,0.23462039232254028,194353,38,4,False,Right,Front,Right,Left,55
<_io.BytesIO object at 0x00000201C6612E00>,0.46219342947006226,0.08716951310634613,0.262654572725296,194353,38,4,False,Right,Front,Right,Left,55
<_io.BytesIO object at 0x00000201C66A7DB0>,0.45311281085014343,0.07784592360258102,0.3264155387878418,194354,38,4,False,Right,Front,Right,Left,55
<_io.BytesIO object at 0x00000201C6614DB0>,0.42855414748191833,0.11937830597162247,0.25790899991989136,194354,38,4,False,Right,Front,Right,Left,55
<_io.BytesIO object at 0x00000201C6614BD0>,0.35970208048820496,0.0913752093911171,0.3108349144458771,194354,38,4,False,Right,Front,Right,Left,55
<_io.BytesIO object at 0x00000201C66145E0>,0.3968346118927002,0.09424559026956558,0.23462039232254028,194354,38,4,False,Right,Front,Right,Left,55
<_io.BytesIO object at 0x00000201C6614770>,0.46219342947006226,0.08716951310634613,0.262654572725296,194354,38,4,False,Right,Front,Right,Left,55
<_io.BytesIO object at 0x00000201C6686220>,0.45311281085014343,0.07784592360258102,0.3264155387878418,194355,38,4,False,Right,Front,Right,Left,55
<_io.BytesIO object at 0x00000201BEC4F040>,0.42855414748191833,0.11937830597162247,0.25790899991989136,194355,38,4,False,Right,Front,Right,Left,55
<_io.BytesIO object at 0x00000201BEC4FF40>,0.35970208048820496,0.0913752093911171,0.3108349144458771,194355,38,4,False,Right,Front,Right,Left,55
<_io.BytesIO object at 0x00000201BEC4FC70>,0.3968346118927002,0.09424559026956558,0.23462039232254028,194355,38,4,False,Right,Front,Right,Left,55
<_io.BytesIO object at 0x00000201BEC4FE00>,0.46219342947006226,0.08716951310634613,0.262654572725296,194355,38,4,False,Right,Front,Right,Left,55
<_io.BytesIO object at 0x00000201C668EDB0>,0.45311281085014343,0.07784592360258102,0.3264155387878418,194356,38,4,False,Right,Front,Right,Left,55
<_io.BytesIO object at 0x00000201C66B3E00>,0.42855414748191833,0.11937830597162247,0.25790899991989136,194356,38,4,False,Right,Front,Right,Left,55
<_io.BytesIO object at 0x00000201C66B3E50>,0.35970208048820496,0.0913752093911171,0.3108349144458771,194356,38,4,False,Right,Front,Right,Left,55
<_io.BytesIO object at 0x00000201C66B3B30>,0.3968346118927002,0.09424559026956558,0.23462039232254028,194356,38,4,False,Right,Front,Right,Left,55
<_io.BytesIO object at 0x00000201C66B31D0>,0.46219342947006226,0.08716951310634613,0.262654572725296,194356,38,4,False,Right,Front,Right,Left,55
<_io.BytesIO object at 0x00000201C65E8040>,0.45311281085014343,0.07784592360258102,0.3264155387878418,194357,38,4,False,Right,Front,Right,Left,55
<_io.BytesIO object at 0x00000201C65E8AE0>,0.42855414748191833,0.11937830597162247,0.25790899991989136,194357,38,4,False,Right,Front,Right,Left,55
<_io.BytesIO object at 0x00000201C66B3180>,0.35970208048820496,0.0913752093911171,0.3108349144458771,194357,38,4,False,Right,Front,Right,Left,55
<_io.BytesIO object at 0x00000201C66B30E0>,0.3968346118927002,0.09424559026956558,0.23462039232254028,194357,38,4,False,Right,Front,Right,Left,55
<_io.BytesIO object at 0x00000201C66B3720>,0.46219342947006226,0.08716951310634613,0.262654572725296,194357,38,4,False,Right,Front,Right,Left,55
<_io.BytesIO object at 0x00000201C66991D0>,0.45311281085014343,0.07784592360258102,0.3264155387878418,194358,38,4,False,Right,Front,Right,Left,55
<_io.BytesIO object at 0x00000201C6699720>,0.42855414748191833,0.11937830597162247,0.25790899991989136,194358,38,4,False,Right,Front,Right,Left,55
<_io.BytesIO object at 0x00000201BEC4F8B0>,0.35970208048820496,0.0913752093911171,0.3108349144458771,194358,38,4,False,Right,Front,Right,Left,55
<_io.BytesIO object at 0x00000201BEC4F5E0>,0.3968346118927002,0.09424559026956558,0.23462039232254028,194358,38,4,False,Right,Front,Right,Left,55
<_io.BytesIO object at 0x00000201BEC4F180>,0.46219342947006226,0.08716951310634613,0.262654572725296,194358,38,4,False,Right,Front,Right,Left,55
<_io.BytesIO object at 0x00000201C66834A0>,0.45311281085014343,0.07784592360258102,0.3264155387878418,194359,38,4,False,Right,Front,Right,Left,55
<_io.BytesIO object at 0x00000201C66833B0>,0.42855414748191833,0.11937830597162247,0.25790899991989136,194359,38,4,False,Right,Front,Right,Left,55
<_io.BytesIO object at 0x00000201C66A79F0>,0.35970208048820496,0.0913752093911171,0.3108349144458771,194359,38,4,False,Right,Front,Right,Left,55
<_io.BytesIO object at 0x00000201C66A77C0>,0.3968346118927002,0.09424559026956558,0.23462039232254028,194359,38,4,False,Right,Front,Right,Left,55
<_io.BytesIO object at 0x00000201C66A7180>,0.46219342947006226,0.08716951310634613,0.262654572725296,194359,38,4,False,Right,Front,Right,Left,55
<_io.BytesIO object at 0x00000201C3858BD0>,0.45311281085014343,0.07784592360258102,0.3264155387878418,194360,38,4,False,Right,Front,Right,Left,55
<_io.BytesIO object at 0x00000201C3858B30>,0.42855414748191833,0.11937830597162247,0.25790899991989136,194360,38,4,False,Right,Front,Right,Left,55
<_io.BytesIO object at 0x00000201C3858EF0>,0.35970208048820496,0.0913752093911171,0.3108349144458771,194360,38,4,False,Right,Front,Right,Left,55
<_io.BytesIO object at 0x00000201C3858630>,0.3968346118927002,0.09424559026956558,0.23462039232254028,194360,38,4,False,Right,Front,Right,Left,55
<_io.BytesIO object at 0x00000201C3858E00>,0.46219342947006226,0.08716951310634613,0.262654572725296,194360,38,4,False,Right,Front,Right,Left,55
<_io.BytesIO object at 0x00000201C65DB2C0>,0.45311281085014343,0.07784592360258102,0.3264155387878418,194361,38,4,False,Right,Front,Right,Left,55
<_io.BytesIO object at 0x00000201C65DB4A0>,0.42855414748191833,0.11937830597162247,0.25790899991989136,194361,38,4,False,Right,Front,Right,Left,55
<_io.BytesIO object at 0x00000201C65DBE50>,0.35970208048820496,0.0913752093911171,0.3108349144458771,194361,38,4,False,Right,Front,Right,Left,55
<_io.BytesIO object at 0x00000201C65DB860>,0.3968346118927002,0.09424559026956558,0.23462039232254028,194361,38,4,False,Right,Front,Right,Left,55
<_io.BytesIO object at 0x00000201C65DB540>,0.46219342947006226,0.08716951310634613,0.262654572725296,194361,38,4,False,Right,Front,Right,Left,55
<_io.BytesIO object at 0x00000201C65DBF90>,0.45311281085014343,0.07784592360258102,0.3264155387878418,194362,38,4,False,Right,Front,Right,Left,55
<_io.BytesIO object at 0x00000201C65DBB80>,0.42855414748191833,0.11937830597162247,0.25790899991989136,194362,38,4,False,Right,Front,Right,Left,55
<_io.BytesIO object at 0x00000201C65DB6D0>,0.35970208048820496,0.0913752093911171,0.3108349144458771,194362,38,4,False,Right,Front,Right,Left,55
<_io.BytesIO object at 0x00000201C65DBF40>,0.3968346118927002,0.09424559026956558,0.23462039232254028,194362,38,4,False,Right,Front,Right,Left,55
<_io.BytesIO object at 0x00000201C65DB8B0>,0.46219342947006226,0.08716951310634613,0.262654572725296,194362,38,4,False,Right,Front,Right,Left,55
<_io.BytesIO object at 0x00000201C66143B0>,0.45311281085014343,0.07784592360258102,0.3264155387878418,194363,38,4,False,Right,Front,Right,Left,55
<_io.BytesIO object at 0x00000201C38588B0>,0.42855414748191833,0.11937830597162247,0.25790899991989136,194363,38,4,False,Right,Front,Right,Left,55
<_io.BytesIO object at 0x00000201C38587C0>,0.35970208048820496,0.0913752093911171,0.3108349144458771,194363,38,4,False,Right,Front,Right,Left,55
<_io.BytesIO object at 0x00000201C3858180>,0.3968346118927002,0.09424559026956558,0.23462039232254028,194363,38,4,False,Right,Front,Right,Left,55
<_io.BytesIO object at 0x00000201C38582C0>,0.46219342947006226,0.08716951310634613,0.262654572725296,194363,38,4,False,Right,Front,Right,Left,55
<_io.BytesIO object at 0x00000201C66A7450>,0.45311281085014343,0.07784592360258102,0.3264155387878418,194364,38,4,False,Right,Front,Right,Left,55
<_io.BytesIO object at 0x00000201C66A7CC0>,0.42855414748191833,0.11937830597162247,0.25790899991989136,194364,38,4,False,Right,Front,Right,Left,55
<_io.BytesIO object at 0x00000201C6683BD0>,0.35970208048820496,0.0913752093911171,0.3108349144458771,194364,38,4,False,Right,Front,Right,Left,55
<_io.BytesIO object at 0x00000201C66838B0>,0.3968346118927002,0.09424559026956558,0.23462039232254028,194364,38,4,False,Right,Front,Right,Left,55
<_io.BytesIO object at 0x00000201C6683400>,0.46219342947006226,0.08716951310634613,0.262654572725296,194364,38,4,False,Right,Front,Right,Left,55
<_io.BytesIO object at 0x00000201BEC4FCC0>,0.45311281085014343,0.07784592360258102,0.3264155387878418,194365,38,4,False,Right,Front,Right,Left,55
<_io.BytesIO object at 0x00000201BEC4F5E0>,0.42855414748191833,0.11937830597162247,0.25790899991989136,194365,38,4,False,Right,Front,Right,Left,55
<_io.BytesIO object at 0x00000201C6699E00>,0.35970208048820496,0.0913752093911171,0.3108349144458771,194365,38,4,False,Right,Front,Right,Left,55
<_io.BytesIO object at 0x00000201C6699040>,0.3968346118927002,0.09424559026956558,0.23462039232254028,194365,38,4,False,Right,Front,Right,Left,55
<_io.BytesIO object at 0x00000201C6699630>,0.46219342947006226,0.08716951310634613,0.262654572725296,194365,38,4,False,Right,Front,Right,Left,55
<_io.BytesIO object at 0x00000201C66B3590>,0.45311281085014343,0.07784592360258102,0.3264155387878418,194366,38,4,False,Right,Front,Right,Left,55
<_io.BytesIO object at 0x00000201C66B3B30>,0.42855414748191833,0.11937830597162247,0.25790899991989136,194366,38,4,False,Right,Front,Right,Left,55
<_io.BytesIO object at 0x00000201C66B3CC0>,0.35970208048820496,0.0913752093911171,0.3108349144458771,194366,38,4,False,Right,Front,Right,Left,55
<_io.BytesIO object at 0x00000201C65E8B80>,0.3968346118927002,0.09424559026956558,0.23462039232254028,194366,38,4,False,Right,Front,Right,Left,55
<_io.BytesIO object at 0x00000201C65E8040>,0.46219342947006226,0.08716951310634613,0.262654572725296,194366,38,4,False,Right,Front,Right,Left,55
<_io.BytesIO object at 0x00000201C668E040>,0.45311281085014343,0.07784592360258102,0.3264155387878418,194367,38,4,False,Right,Front,Right,Left,55
<_io.BytesIO object at 0x00000201C6699950>,0.42855414748191833,0.11937830597162247,0.25790899991989136,194367,38,4,False,Right,Front,Right,Left,55
<_io.BytesIO object at 0x00000201C6699270>,0.35970208048820496,0.0913752093911171,0.3108349144458771,194367,38,4,False,Right,Front,Right,Left,55
<_io.BytesIO object at 0x00000201C6699130>,0.3968346118927002,0.09424559026956558,0.23462039232254028,194367,38,4,False,Right,Front,Right,Left,55
<_io.BytesIO object at 0x00000201C66999A0>,0.46219342947006226,0.08716951310634613,0.262654572725296,194367,38,4,False,Right,Front,Right,Left,55
<_io.BytesIO object at 0x00000201C6686EA0>,0.45311281085014343,0.07784592360258102,0.3264155387878418,194368,38,4,False,Right,Front,Right,Left,55
<_io.BytesIO object at 0x00000201C6683AE0>,0.42855414748191833,0.11937830597162247,0.25790899991989136,194368,38,4,False,Right,Front,Right,Left,55
<_io.BytesIO object at 0x00000201C6683220>,0.35970208048820496,0.0913752093911171,0.3108349144458771,194368,38,4,False,Right,Front,Right,Left,55
<_io.BytesIO object at 0x00000201C6683F90>,0.3968346118927002,0.09424559026956558,0.23462039232254028,194368,38,4,False,Right,Front,Right,Left,55
<_io.BytesIO object at 0x00000201C66834F0>,0.46219342947006226,0.08716951310634613,0.262654572725296,194368,38,4,False,Right,Front,Right,Left,55
<_io.BytesIO object at 0x00000201C65B9E00>,0.45311281085014343,0.07784592360258102,0.3264155387878418,194369,38,4,False,Right,Front,Right,Left,55
<_io.BytesIO object at 0x00000201C6612F90>,0.42855414748191833,0.11937830597162247,0.25790899991989136,194369,38,4,False,Right,Front,Right,Left,55
<_io.BytesIO object at 0x00000201BEC55130>,0.35970208048820496,0.0913752093911171,0.3108349144458771,194369,38,4,False,Right,Front,Right,Left,55
<_io.BytesIO object at 0x00000201C3858220>,0.3968346118927002,0.09424559026956558,0.23462039232254028,194369,38,4,False,Right,Front,Right,Left,55
<_io.BytesIO object at 0x00000201C38583B0>,0.46219342947006226,0.08716951310634613,0.262654572725296,194369,38,4,False,Right,Front,Right,Left,55
<_io.BytesIO object at 0x00000201C66883B0>,0.45311281085014343,0.07784592360258102,0.3264155387878418,194370,38,4,False,Right,Front,Right,Left,55
<_io.BytesIO object at 0x00000201C6688270>,0.42855414748191833,0.11937830597162247,0.25790899991989136,194370,38,4,False,Right,Front,Right,Left,55
<_io.BytesIO object at 0x00000201C65DB4F0>,0.35970208048820496,0.0913752093911171,0.3108349144458771,194370,38,4,False,Right,Front,Right,Left,55
<_io.BytesIO object at 0x00000201C65DBEA0>,0.3968346118927002,0.09424559026956558,0.23462039232254028,194370,38,4,False,Right,Front,Right,Left,55
<_io.BytesIO object at 0x00000201C65DB900>,0.46219342947006226,0.08716951310634613,0.262654572725296,194370,38,4,False,Right,Front,Right,Left,55
<_io.BytesIO object at 0x00000201C65E8F90>,0.45311281085014343,0.07784592360258102,0.3264155387878418,194371,38,4,False,Right,Front,Right,Left,55
<_io.BytesIO object at 0x00000201C65E8F40>,0.42855414748191833,0.11937830597162247,0.25790899991989136,194371,38,4,False,Right,Front,Right,Left,55
<_io.BytesIO object at 0x00000201C65D25E0>,0.35970208048820496,0.0913752093911171,0.3108349144458771,194371,38,4,False,Right,Front,Right,Left,55
<_io.BytesIO object at 0x00000201C65D2590>,0.3968346118927002,0.09424559026956558,0.23462039232254028,194371,38,4,False,Right,Front,Right,Left,55
<_io.BytesIO object at 0x00000201C65E8AE0>,0.46219342947006226,0.08716951310634613,0.262654572725296,194371,38,4,False,Right,Front,Right,Left,55
<_io.BytesIO object at 0x00000201C65DB360>,0.45311281085014343,0.07784592360258102,0.3264155387878418,194372,38,4,False,Right,Front,Right,Left,55
<_io.BytesIO object at 0x00000201C65DBE50>,0.42855414748191833,0.11937830597162247,0.25790899991989136,194372,38,4,False,Right,Front,Right,Left,55
<_io.BytesIO object at 0x00000201C66883B0>,0.35970208048820496,0.0913752093911171,0.3108349144458771,194372,38,4,False,Right,Front,Right,Left,55
<_io.BytesIO object at 0x00000201C6688E00>,0.3968346118927002,0.09424559026956558,0.23462039232254028,194372,38,4,False,Right,Front,Right,Left,55
<_io.BytesIO object at 0x00000201C66884A0>,0.46219342947006226,0.08716951310634613,0.262654572725296,194372,38,4,False,Right,Front,Right,Left,55
<_io.BytesIO object at 0x00000201C3858810>,0.45311281085014343,0.07784592360258102,0.3264155387878418,194373,38,4,False,Right,Front,Right,Left,55
<_io.BytesIO object at 0x00000201C3858040>,0.42855414748191833,0.11937830597162247,0.25790899991989136,194373,38,4,False,Right,Front,Right,Left,55
<_io.BytesIO object at 0x00000201C6612F40>,0.35970208048820496,0.0913752093911171,0.3108349144458771,194373,38,4,False,Right,Front,Right,Left,55
<_io.BytesIO object at 0x00000201C6612E50>,0.3968346118927002,0.09424559026956558,0.23462039232254028,194373,38,4,False,Right,Front,Right,Left,55
<_io.BytesIO object at 0x00000201C66A75E0>,0.46219342947006226,0.08716951310634613,0.262654572725296,194373,38,4,False,Right,Front,Right,Left,55
<_io.BytesIO object at 0x00000201C66869A0>,0.45311281085014343,0.07784592360258102,0.3264155387878418,194374,38,4,False,Right,Front,Right,Left,55
<_io.BytesIO object at 0x00000201C6686400>,0.42855414748191833,0.11937830597162247,0.25790899991989136,194374,38,4,False,Right,Front,Right,Left,55
<_io.BytesIO object at 0x00000201C66865E0>,0.35970208048820496,0.0913752093911171,0.3108349144458771,194374,38,4,False,Right,Front,Right,Left,55
<_io.BytesIO object at 0x00000201C6686810>,0.3968346118927002,0.09424559026956558,0.23462039232254028,194374,38,4,False,Right,Front,Right,Left,55
<_io.BytesIO object at 0x00000201BEC4F3B0>,0.46219342947006226,0.08716951310634613,0.262654572725296,194374,38,4,False,Right,Front,Right,Left,55
<_io.BytesIO object at 0x00000201C65B9900>,0.45311281085014343,0.07784592360258102,0.3264155387878418,194375,38,4,False,Right,Front,Right,Left,55
<_io.BytesIO object at 0x00000201C65B97C0>,0.42855414748191833,0.11937830597162247,0.25790899991989136,194375,38,4,False,Right,Front,Right,Left,55
<_io.BytesIO object at 0x00000201C65B9040>,0.35970208048820496,0.0913752093911171,0.3108349144458771,194375,38,4,False,Right,Front,Right,Left,55
<_io.BytesIO object at 0x00000201C65B9220>,0.3968346118927002,0.09424559026956558,0.23462039232254028,194375,38,4,False,Right,Front,Right,Left,55
<_io.BytesIO object at 0x00000201C668ED60>,0.46219342947006226,0.08716951310634613,0.262654572725296,194375,38,4,False,Right,Front,Right,Left,55
<_io.BytesIO object at 0x00000201C66B3180>,0.45311281085014343,0.07784592360258102,0.3264155387878418,194376,38,4,False,Right,Front,Right,Left,55
<_io.BytesIO object at 0x00000201C66B31D0>,0.42855414748191833,0.11937830597162247,0.25790899991989136,194376,38,4,False,Right,Front,Right,Left,55
<_io.BytesIO object at 0x00000201C66B3F90>,0.35970208048820496,0.0913752093911171,0.3108349144458771,194376,38,4,False,Right,Front,Right,Left,55
<_io.BytesIO object at 0x00000201C66B3450>,0.3968346118927002,0.09424559026956558,0.23462039232254028,194376,38,4,False,Right,Front,Right,Left,55
<_io.BytesIO object at 0x00000201C66B3720>,0.46219342947006226,0.08716951310634613,0.262654572725296,194376,38,4,False,Right,Front,Right,Left,55
<_io.BytesIO object at 0x00000201C65B9AE0>,0.45311281085014343,0.07784592360258102,0.3264155387878418,194377,38,4,False,Right,Front,Right,Left,55
<_io.BytesIO object at 0x00000201C6699F90>,0.42855414748191833,0.11937830597162247,0.25790899991989136,194377,38,4,False,Right,Front,Right,Left,55
<_io.BytesIO object at 0x00000201C6699DB0>,0.35970208048820496,0.0913752093911171,0.3108349144458771,194377,38,4,False,Right,Front,Right,Left,55
<_io.BytesIO object at 0x00000201C6699630>,0.3968346118927002,0.09424559026956558,0.23462039232254028,194377,38,4,False,Right,Front,Right,Left,55
<_io.BytesIO object at 0x00000201C6699770>,0.46219342947006226,0.08716951310634613,0.262654572725296,194377,38,4,False,Right,Front,Right,Left,55
<_io.BytesIO object at 0x00000201C6686040>,0.45311281085014343,0.07784592360258102,0.3264155387878418,194378,38,4,False,Right,Front,Right,Left,55
<_io.BytesIO object at 0x00000201C6683D60>,0.42855414748191833,0.11937830597162247,0.25790899991989136,194378,38,4,False,Right,Front,Right,Left,55
<_io.BytesIO object at 0x00000201C6683720>,0.35970208048820496,0.0913752093911171,0.3108349144458771,194378,38,4,False,Right,Front,Right,Left,55
<_io.BytesIO object at 0x00000201C66830E0>,0.3968346118927002,0.09424559026956558,0.23462039232254028,194378,38,4,False,Right,Front,Right,Left,55
<_io.BytesIO object at 0x00000201C6683270>,0.46219342947006226,0.08716951310634613,0.262654572725296,194378,38,4,False,Right,Front,Right,Left,55
<_io.BytesIO object at 0x00000201C6614D10>,0.45311281085014343,0.07784592360258102,0.3264155387878418,194379,38,4,False,Right,Front,Right,Left,55
<_io.BytesIO object at 0x00000201C6614B80>,0.42855414748191833,0.11937830597162247,0.25790899991989136,194379,38,4,False,Right,Front,Right,Left,55
<_io.BytesIO object at 0x00000201C6688220>,0.35970208048820496,0.0913752093911171,0.3108349144458771,194379,38,4,False,Right,Front,Right,Left,55
<_io.BytesIO object at 0x00000201C6688770>,0.3968346118927002,0.09424559026956558,0.23462039232254028,194379,38,4,False,Right,Front,Right,Left,55
<_io.BytesIO object at 0x00000201C66887C0>,0.46219342947006226,0.08716951310634613,0.262654572725296,194379,38,4,False,Right,Front,Right,Left,55
<_io.BytesIO object at 0x00000201C65DBE00>,0.45311281085014343,0.07784592360258102,0.3264155387878418,194380,38,4,False,Right,Front,Right,Left,55
<_io.BytesIO object at 0x00000201C65DB860>,0.42855414748191833,0.11937830597162247,0.25790899991989136,194380,38,4,False,Right,Front,Right,Left,55
<_io.BytesIO object at 0x00000201C65DB770>,0.35970208048820496,0.0913752093911171,0.3108349144458771,194380,38,4,False,Right,Front,Right,Left,55
<_io.BytesIO object at 0x00000201C65D6810>,0.3968346118927002,0.09424559026956558,0.23462039232254028,194380,38,4,False,Right,Front,Right,Left,55
<_io.BytesIO object at 0x00000201C65D65E0>,0.46219342947006226,0.08716951310634613,0.262654572725296,194380,38,4,False,Right,Front,Right,Left,55
<_io.BytesIO object at 0x00000201C65E8F40>,0.45311281085014343,0.07784592360258102,0.3264155387878418,194381,38,4,False,Right,Front,Right,Left,55
<_io.BytesIO object at 0x00000201C65E8720>,0.42855414748191833,0.11937830597162247,0.25790899991989136,194381,38,4,False,Right,Front,Right,Left,55
<_io.BytesIO object at 0x00000201C65E8BD0>,0.35970208048820496,0.0913752093911171,0.3108349144458771,194381,38,4,False,Right,Front,Right,Left,55
<_io.BytesIO object at 0x00000201C65E8EA0>,0.3968346118927002,0.09424559026956558,0.23462039232254028,194381,38,4,False,Right,Front,Right,Left,55
<_io.BytesIO object at 0x00000201C65E8E50>,0.46219342947006226,0.08716951310634613,0.262654572725296,194381,38,4,False,Right,Front,Right,Left,55
<_io.BytesIO object at 0x00000201C66A7310>,0.45311281085014343,0.07784592360258102,0.3264155387878418,194382,38,4,False,Right,Front,Right,Left,55
<_io.BytesIO object at 0x00000201C66A7810>,0.42855414748191833,0.11937830597162247,0.25790899991989136,194382,38,4,False,Right,Front,Right,Left,55
<_io.BytesIO object at 0x00000201C66A7A40>,0.35970208048820496,0.0913752093911171,0.3108349144458771,194382,38,4,False,Right,Front,Right,Left,55
<_io.BytesIO object at 0x00000201C66A74A0>,0.3968346118927002,0.09424559026956558,0.23462039232254028,194382,38,4,False,Right,Front,Right,Left,55
<_io.BytesIO object at 0x00000201C66A7720>,0.46219342947006226,0.08716951310634613,0.262654572725296,194382,38,4,False,Right,Front,Right,Left,55
<_io.BytesIO object at 0x00000201C3858EF0>,0.45311281085014343,0.07784592360258102,0.3264155387878418,194383,38,4,False,Right,Front,Right,Left,55
<_io.BytesIO object at 0x00000201BEC55090>,0.42855414748191833,0.11937830597162247,0.25790899991989136,194383,38,4,False,Right,Front,Right,Left,55
<_io.BytesIO object at 0x00000201C6612B80>,0.35970208048820496,0.0913752093911171,0.3108349144458771,194383,38,4,False,Right,Front,Right,Left,55
<_io.BytesIO object at 0x00000201C6683590>,0.3968346118927002,0.09424559026956558,0.23462039232254028,194383,38,4,False,Right,Front,Right,Left,55
<_io.BytesIO object at 0x00000201C66839A0>,0.46219342947006226,0.08716951310634613,0.262654572725296,194383,38,4,False,Right,Front,Right,Left,55
<_io.BytesIO object at 0x00000201BEC4F3B0>,0.45311281085014343,0.07784592360258102,0.3264155387878418,194384,38,4,False,Right,Front,Right,Left,55
<_io.BytesIO object at 0x00000201BEC4F720>,0.42855414748191833,0.11937830597162247,0.25790899991989136,194384,38,4,False,Right,Front,Right,Left,55
<_io.BytesIO object at 0x00000201BEC4F810>,0.35970208048820496,0.0913752093911171,0.3108349144458771,194384,38,4,False,Right,Front,Right,Left,55
<_io.BytesIO object at 0x00000201BEC4F540>,0.3968346118927002,0.09424559026956558,0.23462039232254028,194384,38,4,False,Right,Front,Right,Left,55
<_io.BytesIO object at 0x00000201C6699450>,0.46219342947006226,0.08716951310634613,0.262654572725296,194384,38,4,False,Right,Front,Right,Left,55
<_io.BytesIO object at 0x00000201C65B9A40>,0.45311281085014343,0.07784592360258102,0.3264155387878418,194385,38,4,False,Right,Front,Right,Left,55
<_io.BytesIO object at 0x00000201C65B9B80>,0.42855414748191833,0.11937830597162247,0.25790899991989136,194385,38,4,False,Right,Front,Right,Left,55
<_io.BytesIO object at 0x00000201C65B9040>,0.35970208048820496,0.0913752093911171,0.3108349144458771,194385,38,4,False,Right,Front,Right,Left,55
<_io.BytesIO object at 0x00000201C65B9810>,0.3968346118927002,0.09424559026956558,0.23462039232254028,194385,38,4,False,Right,Front,Right,Left,55
<_io.BytesIO object at 0x00000201C668E310>,0.46219342947006226,0.08716951310634613,0.262654572725296,194385,38,4,False,Right,Front,Right,Left,55
<_io.BytesIO object at 0x00000201C66B3630>,0.45311281085014343,0.07784592360258102,0.3264155387878418,194386,38,4,False,Right,Front,Right,Left,55
<_io.BytesIO object at 0x00000201C65D2E00>,0.42855414748191833,0.11937830597162247,0.25790899991989136,194386,38,4,False,Right,Front,Right,Left,55
<_io.BytesIO object at 0x00000201C65D24F0>,0.35970208048820496,0.0913752093911171,0.3108349144458771,194386,38,4,False,Right,Front,Right,Left,55
<_io.BytesIO object at 0x00000201C65D2630>,0.3968346118927002,0.09424559026956558,0.23462039232254028,194386,38,4,False,Right,Front,Right,Left,55
<_io.BytesIO object at 0x00000201C65D2C70>,0.46219342947006226,0.08716951310634613,0.262654572725296,194386,38,4,False,Right,Front,Right,Left,55
<_io.BytesIO object at 0x00000201C65D2D60>,0.45311281085014343,0.07784592360258102,0.3264155387878418,194387,38,4,False,Right,Front,Right,Left,55
<_io.BytesIO object at 0x00000201C65D2860>,0.42855414748191833,0.11937830597162247,0.25790899991989136,194387,38,4,False,Right,Front,Right,Left,55
<_io.BytesIO object at 0x00000201C66B31D0>,0.35970208048820496,0.0913752093911171,0.3108349144458771,194387,38,4,False,Right,Front,Right,Left,55
<_io.BytesIO object at 0x00000201C66B32C0>,0.3968346118927002,0.09424559026956558,0.23462039232254028,194387,38,4,False,Right,Front,Right,Left,55
<_io.BytesIO object at 0x00000201C66B3130>,0.46219342947006226,0.08716951310634613,0.262654572725296,194387,38,4,False,Right,Front,Right,Left,55
<_io.BytesIO object at 0x00000201C65B9B80>,0.45311281085014343,0.07784592360258102,0.3264155387878418,194388,38,4,False,Right,Front,Right,Left,55
<_io.BytesIO object at 0x00000201C65B9A90>,0.42855414748191833,0.11937830597162247,0.25790899991989136,194388,38,4,False,Right,Front,Right,Left,55
<_io.BytesIO object at 0x00000201C6614BD0>,0.35970208048820496,0.0913752093911171,0.3108349144458771,194388,38,4,False,Right,Front,Right,Left,55
<_io.BytesIO object at 0x00000201C66147C0>,0.3968346118927002,0.09424559026956558,0.23462039232254028,194388,38,4,False,Right,Front,Right,Left,55
<_io.BytesIO object at 0x00000201C66143B0>,0.46219342947006226,0.08716951310634613,0.262654572725296,194388,38,4,False,Right,Front,Right,Left,55
<_io.BytesIO object at 0x00000201BEC4F950>,0.45311281085014343,0.07784592360258102,0.3264155387878418,194389,38,4,False,Right,Front,Right,Left,55
<_io.BytesIO object at 0x00000201BEC4F8B0>,0.42855414748191833,0.11937830597162247,0.25790899991989136,194389,38,4,False,Right,Front,Right,Left,55
<_io.BytesIO object at 0x00000201C66867C0>,0.35970208048820496,0.0913752093911171,0.3108349144458771,194389,38,4,False,Right,Front,Right,Left,55
<_io.BytesIO object at 0x00000201C6686400>,0.3968346118927002,0.09424559026956558,0.23462039232254028,194389,38,4,False,Right,Front,Right,Left,55
<_io.BytesIO object at 0x00000201C66866D0>,0.46219342947006226,0.08716951310634613,0.262654572725296,194389,38,4,False,Right,Front,Right,Left,55
<_io.BytesIO object at 0x00000201C3858A40>,0.45311281085014343,0.07784592360258102,0.3264155387878418,194390,38,4,False,Right,Front,Right,Left,55
<_io.BytesIO object at 0x00000201C3858B30>,0.42855414748191833,0.11937830597162247,0.25790899991989136,194390,38,4,False,Right,Front,Right,Left,55
<_io.BytesIO object at 0x00000201C3858680>,0.35970208048820496,0.0913752093911171,0.3108349144458771,194390,38,4,False,Right,Front,Right,Left,55
<_io.BytesIO object at 0x00000201C3858220>,0.3968346118927002,0.09424559026956558,0.23462039232254028,194390,38,4,False,Right,Front,Right,Left,55
<_io.BytesIO object at 0x00000201C6688C70>,0.46219342947006226,0.08716951310634613,0.262654572725296,194390,38,4,False,Right,Front,Right,Left,55
<_io.BytesIO object at 0x00000201C65DB9F0>,0.45311281085014343,0.07784592360258102,0.3264155387878418,194391,38,4,False,Right,Front,Right,Left,55
<_io.BytesIO object at 0x00000201C65DBDB0>,0.42855414748191833,0.11937830597162247,0.25790899991989136,194391,38,4,False,Right,Front,Right,Left,55
<_io.BytesIO object at 0x00000201C65DB860>,0.35970208048820496,0.0913752093911171,0.3108349144458771,194391,38,4,False,Right,Front,Right,Left,55
<_io.BytesIO object at 0x00000201C65DB770>,0.3968346118927002,0.09424559026956558,0.23462039232254028,194391,38,4,False,Right,Front,Right,Left,55
<_io.BytesIO object at 0x00000201C65DBC70>,0.46219342947006226,0.08716951310634613,0.262654572725296,194391,38,4,False,Right,Front,Right,Left,55
<_io.BytesIO object at 0x00000201C6612E50>,0.45311281085014343,0.07784592360258102,0.3264155387878418,194392,38,4,False,Right,Front,Right,Left,55
<_io.BytesIO object at 0x00000201C6686540>,0.42855414748191833,0.11937830597162247,0.25790899991989136,194392,38,4,False,Right,Front,Right,Left,55
<_io.BytesIO object at 0x00000201C66860E0>,0.35970208048820496,0.0913752093911171,0.3108349144458771,194392,38,4,False,Right,Front,Right,Left,55
<_io.BytesIO object at 0x00000201C6686C70>,0.3968346118927002,0.09424559026956558,0.23462039232254028,194392,38,4,False,Right,Front,Right,Left,55
<_io.BytesIO object at 0x00000201C66867C0>,0.46219342947006226,0.08716951310634613,0.262654572725296,194392,38,4,False,Right,Front,Right,Left,55
<_io.BytesIO object at 0x00000201C66B3CC0>,0.45311281085014343,0.07784592360258102,0.3264155387878418,194393,38,4,False,Right,Front,Right,Left,55
<_io.BytesIO object at 0x00000201C66B3270>,0.42855414748191833,0.11937830597162247,0.25790899991989136,194393,38,4,False,Right,Front,Right,Left,55
<_io.BytesIO object at 0x00000201C66B3E50>,0.35970208048820496,0.0913752093911171,0.3108349144458771,194393,38,4,False,Right,Front,Right,Left,55
<_io.BytesIO object at 0x00000201C66B34F0>,0.3968346118927002,0.09424559026956558,0.23462039232254028,194393,38,4,False,Right,Front,Right,Left,55
<_io.BytesIO object at 0x00000201C66B35E0>,0.46219342947006226,0.08716951310634613,0.262654572725296,194393,38,4,False,Right,Front,Right,Left,55
<_io.BytesIO object at 0x00000201C6688CC0>,0.45311281085014343,0.07784592360258102,0.3264155387878418,194394,38,4,False,Right,Front,Right,Left,55
<_io.BytesIO object at 0x00000201C6688180>,0.42855414748191833,0.11937830597162247,0.25790899991989136,194394,38,4,False,Right,Front,Right,Left,55
<_io.BytesIO object at 0x00000201C6688680>,0.35970208048820496,0.0913752093911171,0.3108349144458771,194394,38,4,False,Right,Front,Right,Left,55
<_io.BytesIO object at 0x00000201C66883B0>,0.3968346118927002,0.09424559026956558,0.23462039232254028,194394,38,4,False,Right,Front,Right,Left,55
<_io.BytesIO object at 0x00000201C65B9E00>,0.46219342947006226,0.08716951310634613,0.262654572725296,194394,38,4,False,Right,Front,Right,Left,55
<_io.BytesIO object at 0x00000201C3858CC0>,0.45311281085014343,0.07784592360258102,0.3264155387878418,194395,38,4,False,Right,Front,Right,Left,55
<_io.BytesIO object at 0x00000201C3858400>,0.42855414748191833,0.11937830597162247,0.25790899991989136,194395,38,4,False,Right,Front,Right,Left,55
<_io.BytesIO object at 0x00000201C6697AE0>,0.35970208048820496,0.0913752093911171,0.3108349144458771,194395,38,4,False,Right,Front,Right,Left,55
<_io.BytesIO object at 0x00000201C66979F0>,0.3968346118927002,0.09424559026956558,0.23462039232254028,194395,38,4,False,Right,Front,Right,Left,55
<_io.BytesIO object at 0x00000201C6697DB0>,0.46219342947006226,0.08716951310634613,0.262654572725296,194395,38,4,False,Right,Front,Right,Left,55
<_io.BytesIO object at 0x00000201C65D2CC0>,0.45311281085014343,0.07784592360258102,0.3264155387878418,194396,38,4,False,Right,Front,Right,Left,55
<_io.BytesIO object at 0x00000201C65D26D0>,0.42855414748191833,0.11937830597162247,0.25790899991989136,194396,38,4,False,Right,Front,Right,Left,55
<_io.BytesIO object at 0x00000201C66972C0>,0.35970208048820496,0.0913752093911171,0.3108349144458771,194396,38,4,False,Right,Front,Right,Left,55
<_io.BytesIO object at 0x00000201C6697B80>,0.3968346118927002,0.09424559026956558,0.23462039232254028,194396,38,4,False,Right,Front,Right,Left,55
<_io.BytesIO object at 0x00000201C66971D0>,0.46219342947006226,0.08716951310634613,0.262654572725296,194396,38,4,False,Right,Front,Right,Left,55
<_io.BytesIO object at 0x00000201C65B94A0>,0.45311281085014343,0.07784592360258102,0.3264155387878418,194397,38,4,False,Right,Front,Right,Left,55
<_io.BytesIO object at 0x00000201C6688680>,0.42855414748191833,0.11937830597162247,0.25790899991989136,194397,38,4,False,Right,Front,Right,Left,55
<_io.BytesIO object at 0x00000201C6688D10>,0.35970208048820496,0.0913752093911171,0.3108349144458771,194397,38,4,False,Right,Front,Right,Left,55
<_io.BytesIO object at 0x00000201C6688F90>,0.3968346118927002,0.09424559026956558,0.23462039232254028,194397,38,4,False,Right,Front,Right,Left,55
<_io.BytesIO object at 0x00000201C6688E50>,0.46219342947006226,0.08716951310634613,0.262654572725296,194397,38,4,False,Right,Front,Right,Left,55
<_io.BytesIO object at 0x00000201C66B3630>,0.45311281085014343,0.07784592360258102,0.3264155387878418,194398,38,4,False,Right,Front,Right,Left,55
<_io.BytesIO object at 0x00000201C66B3E50>,0.42855414748191833,0.11937830597162247,0.25790899991989136,194398,38,4,False,Right,Front,Right,Left,55
<_io.BytesIO object at 0x00000201C66B3090>,0.35970208048820496,0.0913752093911171,0.3108349144458771,194398,38,4,False,Right,Front,Right,Left,55
<_io.BytesIO object at 0x00000201C66B3400>,0.3968346118927002,0.09424559026956558,0.23462039232254028,194398,38,4,False,Right,Front,Right,Left,55
<_io.BytesIO object at 0x00000201C66B3540>,0.46219342947006226,0.08716951310634613,0.262654572725296,194398,38,4,False,Right,Front,Right,Left,55
<_io.BytesIO object at 0x00000201C6686180>,0.45311281085014343,0.07784592360258102,0.3264155387878418,194399,38,4,False,Right,Front,Right,Left,55
<_io.BytesIO object at 0x00000201C66860E0>,0.42855414748191833,0.11937830597162247,0.25790899991989136,194399,38,4,False,Right,Front,Right,Left,55
<_io.BytesIO object at 0x00000201C6686F90>,0.35970208048820496,0.0913752093911171,0.3108349144458771,194399,38,4,False,Right,Front,Right,Left,55
<_io.BytesIO object at 0x00000201C6686AE0>,0.3968346118927002,0.09424559026956558,0.23462039232254028,194399,38,4,False,Right,Front,Right,Left,55
<_io.BytesIO object at 0x00000201C6612CC0>,0.46219342947006226,0.08716951310634613,0.262654572725296,194399,38,4,False,Right,Front,Right,Left,55
<_io.BytesIO object at 0x00000201C66A7220>,0.45311281085014343,0.07784592360258102,0.3264155387878418,194400,38,4,False,Right,Front,Right,Left,55
<_io.BytesIO object at 0x00000201C65DBF90>,0.42855414748191833,0.11937830597162247,0.25790899991989136,194400,38,4,False,Right,Front,Right,Left,55
<_io.BytesIO object at 0x00000201C65DB6D0>,0.35970208048820496,0.0913752093911171,0.3108349144458771,194400,38,4,False,Right,Front,Right,Left,55
<_io.BytesIO object at 0x00000201C65DB630>,0.3968346118927002,0.09424559026956558,0.23462039232254028,194400,38,4,False,Right,Front,Right,Left,55
<_io.BytesIO object at 0x00000201C65DBE00>,0.46219342947006226,0.08716951310634613,0.262654572725296,194400,38,4,False,Right,Front,Right,Left,55
<_io.BytesIO object at 0x00000201C66A72C0>,0.45311281085014343,0.07784592360258102,0.3264155387878418,194401,38,4,False,Right,Front,Right,Left,55
<_io.BytesIO object at 0x00000201C66831D0>,0.42855414748191833,0.11937830597162247,0.25790899991989136,194401,38,4,False,Right,Front,Right,Left,55
<_io.BytesIO object at 0x00000201C6683EF0>,0.35970208048820496,0.0913752093911171,0.3108349144458771,194401,38,4,False,Right,Front,Right,Left,55
<_io.BytesIO object at 0x00000201C6683720>,0.3968346118927002,0.09424559026956558,0.23462039232254028,194401,38,4,False,Right,Front,Right,Left,55
<_io.BytesIO object at 0x00000201C6683A40>,0.46219342947006226,0.08716951310634613,0.262654572725296,194401,38,4,False,Right,Front,Right,Left,55
<_io.BytesIO object at 0x00000201BEC4FE50>,0.45311281085014343,0.07784592360258102,0.3264155387878418,194402,38,4,False,Right,Front,Right,Left,55
<_io.BytesIO object at 0x00000201BEC4F360>,0.42855414748191833,0.11937830597162247,0.25790899991989136,194402,38,4,False,Right,Front,Right,Left,55
<_io.BytesIO object at 0x00000201C6699A90>,0.35970208048820496,0.0913752093911171,0.3108349144458771,194402,38,4,False,Right,Front,Right,Left,55
<_io.BytesIO object at 0x00000201C6699310>,0.3968346118927002,0.09424559026956558,0.23462039232254028,194402,38,4,False,Right,Front,Right,Left,55
<_io.BytesIO object at 0x00000201C66994A0>,0.46219342947006226,0.08716951310634613,0.262654572725296,194402,38,4,False,Right,Front,Right,Left,55
<_io.BytesIO object at 0x00000201C668E720>,0.45311281085014343,0.07784592360258102,0.3264155387878418,194403,38,4,False,Right,Front,Right,Left,55
<_io.BytesIO object at 0x00000201C668E400>,0.42855414748191833,0.11937830597162247,0.25790899991989136,194403,38,4,False,Right,Front,Right,Left,55
<_io.BytesIO object at 0x00000201C6614810>,0.35970208048820496,0.0913752093911171,0.3108349144458771,194403,38,4,False,Right,Front,Right,Left,55
<_io.BytesIO object at 0x00000201C6614EA0>,0.3968346118927002,0.09424559026956558,0.23462039232254028,194403,38,4,False,Right,Front,Right,Left,55
<_io.BytesIO object at 0x00000201C6614720>,0.46219342947006226,0.08716951310634613,0.262654572725296,194403,38,4,False,Right,Front,Right,Left,55
<_io.BytesIO object at 0x00000201C65B9130>,0.45311281085014343,0.07784592360258102,0.3264155387878418,194404,38,4,False,Right,Front,Right,Left,55
<_io.BytesIO object at 0x00000201C3858450>,0.42855414748191833,0.11937830597162247,0.25790899991989136,194404,38,4,False,Right,Front,Right,Left,55
<_io.BytesIO object at 0x00000201C3858B80>,0.35970208048820496,0.0913752093911171,0.3108349144458771,194404,38,4,False,Right,Front,Right,Left,55
<_io.BytesIO object at 0x00000201C38587C0>,0.3968346118927002,0.09424559026956558,0.23462039232254028,194404,38,4,False,Right,Front,Right,Left,55
<_io.BytesIO object at 0x00000201C3858360>,0.46219342947006226,0.08716951310634613,0.262654572725296,194404,38,4,False,Right,Front,Right,Left,55
<_io.BytesIO object at 0x00000201C65D2D10>,0.45311281085014343,0.07784592360258102,0.3264155387878418,194405,38,4,False,Right,Front,Right,Left,55
<_io.BytesIO object at 0x00000201C65D2B80>,0.42855414748191833,0.11937830597162247,0.25790899991989136,194405,38,4,False,Right,Front,Right,Left,55
<_io.BytesIO object at 0x00000201C65D2C20>,0.35970208048820496,0.0913752093911171,0.3108349144458771,194405,38,4,False,Right,Front,Right,Left,55
<_io.BytesIO object at 0x00000201C65D2BD0>,0.3968346118927002,0.09424559026956558,0.23462039232254028,194405,38,4,False,Right,Front,Right,Left,55
<_io.BytesIO object at 0x00000201C65D2E00>,0.46219342947006226,0.08716951310634613,0.262654572725296,194405,38,4,False,Right,Front,Right,Left,55
<_io.BytesIO object at 0x00000201C65B97C0>,0.5793529748916626,0.09475154429674149,0.1157594695687294,194406,38,4,False,Right,Front,Right,Left,55
<_io.BytesIO object at 0x00000201C65B9A40>,0.6057829260826111,0.13264979422092438,0.04610719159245491,194406,38,4,False,Right,Front,Right,Left,55
<_io.BytesIO object at 0x00000201C65B94A0>,0.5337007641792297,0.17227093875408173,0.08486685156822205,194406,38,4,False,Right,Front,Right,Left,55
<_io.BytesIO object at 0x00000201C6688400>,0.573127806186676,0.13574685156345367,0.012880390509963036,194406,38,4,False,Right,Front,Right,Left,55
<_io.BytesIO object at 0x00000201C6688A40>,0.6020497679710388,0.08686880767345428,0.055583737790584564,194406,38,4,False,Right,Front,Right,Left,55
<_io.BytesIO object at 0x00000201C668EA40>,0.5865587592124939,0.09328118711709976,0.10809023678302765,194407,38,4,False,Right,Front,Right,Left,55
<_io.BytesIO object at 0x00000201C668EBD0>,0.6112407445907593,0.13000398874282837,0.03784256428480148,194407,38,4,False,Right,Front,Right,Left,55
<_io.BytesIO object at 0x00000201C668E310>,0.539600133895874,0.1697971671819687,0.07710348069667816,194407,38,4,False,Right,Front,Right,Left,55
<_io.BytesIO object at 0x00000201C668E630>,0.578396737575531,0.1333559900522232,0.004849455319344997,194407,38,4,False,Right,Front,Right,Left,55
<_io.BytesIO object at 0x00000201C66B3810>,0.6075757741928101,0.0841711014509201,0.04710634797811508,194407,38,4,False,Right,Front,Right,Left,55
<_io.BytesIO object at 0x00000201C66998B0>,0.5923538208007812,0.09048684686422348,0.09979096055030823,194408,38,4,False,Right,Front,Right,Left,55
<_io.BytesIO object at 0x00000201BEC4F040>,0.6165145039558411,0.1272900551557541,0.029719216749072075,194408,38,4,False,Right,Front,Right,Left,55
<_io.BytesIO object at 0x00000201BEC4FB30>,0.5455079078674316,0.16728700697422028,0.06940562278032303,194408,38,4,False,Right,Front,Right,Left,55
<_io.BytesIO object at 0x00000201BEC4F5E0>,0.583534836769104,0.1308702826499939,-0.0031009064987301826,194408,38,4,False,Right,Front,Right,Left,55
<_io.BytesIO object at 0x00000201BEC4FD60>,0.6127673387527466,0.08129427582025528,0.038599755614995956,194408,38,4,False,Right,Front,Right,Left,55
<_io.BytesIO object at 0x00000201C6683C20>,0.5978674292564392,0.08754810690879822,0.09162577986717224,194409,38,4,False,Right,Front,Right,Left,55
<_io.BytesIO object at 0x00000201C66838B0>,0.621570348739624,0.12437593936920166,0.021753903478384018,194409,38,4,False,Right,Front,Right,Left,55
<_io.BytesIO object at 0x00000201C6683360>,0.5509722232818604,0.16444416344165802,0.061921894550323486,194409,38,4,False,Right,Front,Right,Left,55
<_io.BytesIO object at 0x00000201C66A7360>,0.588478147983551,0.1282445192337036,-0.010824048891663551,194409,38,4,False,Right,Front,Right,Left,55
<_io.BytesIO object at 0x00000201C66A74F0>,0.6178455948829651,0.07834139466285706,0.030232233926653862,194409,38,4,False,Right,Front,Right,Left,55
<_io.BytesIO object at 0x00000201C65D6BD0>,0.6029881834983826,0.08401505649089813,0.08360456675291061,194410,38,4,False,Right,Front,Right,Left,55
<_io.BytesIO object at 0x00000201C65D69F0>,0.6263750791549683,0.12149284780025482,0.013854540884494781,194410,38,4,False,Right,Front,Right,Left,55
<_io.BytesIO object at 0x00000201C65D6450>,0.5563130974769592,0.16149400174617767,0.05454140156507492,194410,38,4,False,Right,Front,Right,Left,55
<_io.BytesIO object at 0x00000201C65E80E0>,0.5929887890815735,0.12550002336502075,-0.018492814153432846,194410,38,4,False,Right,Front,Right,Left,55
<_io.BytesIO object at 0x00000201C65E8400>,0.6228600144386292,0.07532598078250885,0.022094182670116425,194410,38,4,False,Right,Front,Right,Left,55
<_io.BytesIO object at 0x00000201C66A7130>,0.6082877516746521,0.08071011304855347,0.07581569999456406,194411,38,4,False,Right,Front,Right,Left,55
<_io.BytesIO object at 0x00000201C66A7DB0>,0.6309681534767151,0.1186947301030159,0.006230607628822327,194411,38,4,False,Right,Front,Right,Left,55
<_io.BytesIO object at 0x00000201C66A7900>,0.5614951848983765,0.15854227542877197,0.04740805923938751,194411,38,4,False,Right,Front,Right,Left,55
<_io.BytesIO object at 0x00000201C6683900>,0.5975155234336853,0.1228446513414383,-0.025933142751455307,194411,38,4,False,Right,Front,Right,Left,55
<_io.BytesIO object at 0x00000201C6683180>,0.6276724338531494,0.07228395342826843,0.013936550356447697,194411,38,4,False,Right,Front,Right,Left,55
<_io.BytesIO object at 0x00000201C6686400>,0.6132945418357849,0.07718191295862198,0.06801488995552063,194412,38,4,False,Right,Front,Right,Left,55
<_io.BytesIO object at 0x00000201C66869A0>,0.6354454159736633,0.11580011248588562,-0.0013571928720921278,194412,38,4,False,Right,Front,Right,Left,55
<_io.BytesIO object at 0x00000201BEC4F900>,0.5663107633590698,0.15548262000083923,0.04045477882027626,194412,38,4,False,Right,Front,Right,Left,55
<_io.BytesIO object at 0x00000201BEC4FF90>,0.6018383502960205,0.12009353190660477,-0.03323519229888916,194412,38,4,False,Right,Front,Right,Left,55
<_io.BytesIO object at 0x00000201BEC4FBD0>,0.6323562860488892,0.06940937787294388,0.006041799206286669,194412,38,4,False,Right,Front,Right,Left,55
<_io.BytesIO object at 0x00000201C66B3360>,0.618054211139679,0.07380006462335587,0.06045033037662506,194413,38,4,False,Right,Front,Right,Left,55
<_io.BytesIO object at 0x00000201C66B30E0>,0.6396664381027222,0.11296247690916061,-0.008737092837691307,194413,38,4,False,Right,Front,Right,Left,55
<_io.BytesIO object at 0x00000201C66B3590>,0.5708025693893433,0.15218585729599,0.03368782252073288,194413,38,4,False,Right,Front,Right,Left,55
<_io.BytesIO object at 0x00000201C668E4A0>,0.6058449149131775,0.11728379130363464,-0.04027891531586647,194413,38,4,False,Right,Front,Right,Left,55
<_io.BytesIO object at 0x00000201C668E5E0>,0.6369119882583618,0.06645841151475906,-0.0016290423227474093,194413,38,4,False,Right,Front,Right,Left,55
<_io.BytesIO object at 0x00000201C6688950>,0.6227338910102844,0.0707007423043251,0.05299002677202225,194414,38,4,False,Right,Front,Right,Left,55
<_io.BytesIO object at 0x00000201C66881D0>,0.6436434388160706,0.11009559780359268,-0.01566350646317005,194414,38,4,False,Right,Front,Right,Left,55
<_io.BytesIO object at 0x00000201C6688C70>,0.5750364065170288,0.1489035189151764,0.027021262794733047,194414,38,4,False,Right,Front,Right,Left,55
<_io.BytesIO object at 0x00000201C66887C0>,0.6096890568733215,0.11453722417354584,-0.04705698788166046,194414,38,4,False,Right,Front,Right,Left,55
<_io.BytesIO object at 0x00000201C65B9630>,0.6412394642829895,0.06358049064874649,-0.008996774442493916,194414,38,4,False,Right,Front,Right,Left,55
<_io.BytesIO object at 0x00000201C6697D10>,0.6271976828575134,0.06736582517623901,0.04601491987705231,194415,38,4,False,Right,Front,Right,Left,55
<_io.BytesIO object at 0x00000201C66979A0>,0.6477022767066956,0.10749830305576324,-0.02249336428940296,194415,38,4,False,Right,Front,Right,Left,55
<_io.BytesIO object at 0x00000201C66976D0>,0.5790252685546875,0.1457158476114273,0.0205858051776886,194415,38,4,False,Right,Front,Right,Left,55
<_io.BytesIO object at 0x00000201C65D2F40>,0.6131458282470703,0.1116570383310318,-0.05361633002758026,194415,38,4,False,Right,Front,Right,Left,55
<_io.BytesIO object at 0x00000201C65D2310>,0.6454381346702576,0.06078195199370384,-0.01614299789071083,194415,38,4,False,Right,Front,Right,Left,55
<_io.BytesIO object at 0x00000201C65D2C20>,0.6314719319343567,0.06426059454679489,0.03931109234690666,194416,38,4,False,Right,Front,Right,Left,55
<_io.BytesIO object at 0x00000201C65D20E0>,0.6512193083763123,0.10494526475667953,-0.02914910949766636,194416,38,4,False,Right,Front,Right,Left,55
<_io.BytesIO object at 0x00000201C65D2EF0>,0.5828093886375427,0.14247111976146698,0.014378116466104984,194416,38,4,False,Right,Front,Right,Left,55
<_io.BytesIO object at 0x00000201C6697C70>,0.6168463230133057,0.10911568999290466,-0.05994206666946411,194416,38,4,False,Right,Front,Right,Left,55
<_io.BytesIO object at 0x00000201C6697B80>,0.6495768427848816,0.0581432580947876,-0.02293355017900467,194416,38,4,False,Right,Front,Right,Left,55
<_io.BytesIO object at 0x00000201C65B9EF0>,0.6355635523796082,0.061377592384815216,0.03294741362333298,194417,38,4,False,Right,Front,Right,Left,55
<_io.BytesIO object at 0x00000201C65B9900>,0.6547138690948486,0.102576345205307,-0.03554913029074669,194417,38,4,False,Right,Front,Right,Left,55
<_io.BytesIO object at 0x00000201C6688090>,0.586239218711853,0.13944903016090393,0.008433893322944641,194417,38,4,False,Right,Front,Right,Left,55
<_io.BytesIO object at 0x00000201C66889F0>,0.6199192404747009,0.10646538436412811,-0.06615731865167618,194417,38,4,False,Right,Front,Right,Left,55
<_io.BytesIO object at 0x00000201C66881D0>,0.6536766290664673,0.055826880037784576,-0.029603853821754456,194417,38,4,False,Right,Front,Right,Left,55
<_io.BytesIO object at 0x00000201C668EA90>,0.6395095586776733,0.05869382247328758,0.026739301159977913,194418,38,4,False,Right,Front,Right,Left,55
<_io.BytesIO object at 0x00000201C668E2C0>,0.6578177213668823,0.10025014728307724,-0.04166930913925171,194418,38,4,False,Right,Front,Right,Left,55
<_io.BytesIO object at 0x00000201C668E4A0>,0.5895578861236572,0.13652560114860535,0.002656647004187107,194418,38,4,False,Right,Front,Right,Left,55
<_io.BytesIO object at 0x00000201C66B3C20>,0.622922420501709,0.10417098551988602,-0.0721115693449974,194418,38,4,False,Right,Front,Right,Left,55
<_io.BytesIO object at 0x00000201C66B30E0>,0.6573256850242615,0.05343668535351753,-0.03600221499800682,194418,38,4,False,Right,Front,Right,Left,55
<_io.BytesIO object at 0x00000201C66998B0>,0.6433249115943909,0.05625881627202034,0.020758265629410744,194419,38,4,False,Right,Front,Right,Left,55
<_io.BytesIO object at 0x00000201BEC4F630>,0.6609377264976501,0.09820309281349182,-0.04763620346784592,194419,38,4,False,Right,Front,Right,Left,55
<_io.BytesIO object at 0x00000201BEC4FD10>,0.5926907062530518,0.13395501673221588,-0.002868823939934373,194419,38,4,False,Right,Front,Right,Left,55
<_io.BytesIO object at 0x00000201BEC4F860>,0.6259632110595703,0.10197252035140991,-0.07788917422294617,194419,38,4,False,Right,Front,Right,Left,55
<_io.BytesIO object at 0x00000201BEC4FDB0>,0.6609002351760864,0.05142229050397873,-0.04210425168275833,194419,38,4,False,Right,Front,Right,Left,55
<_io.BytesIO object at 0x00000201C6683B80>,0.6468172073364258,0.053917914628982544,0.01497714314609766,194420,38,4,False,Right,Front,Right,Left,55
<_io.BytesIO object at 0x00000201C6683F40>,0.663785994052887,0.09625976532697678,-0.053208980709314346,194420,38,4,False,Right,Front,Right,Left,55
<_io.BytesIO object at 0x00000201C66832C0>,0.5956613421440125,0.13125117123126984,-0.008201420307159424,194420,38,4,False,Right,Front,Right,Left,55
<_io.BytesIO object at 0x00000201C66A74F0>,0.628512442111969,0.0998120978474617,-0.08338702470064163,194420,38,4,False,Right,Front,Right,Left,55
<_io.BytesIO object at 0x00000201C66A7DB0>,0.6642221808433533,0.049375422298908234,-0.048028893768787384,194420,38,4,False,Right,Front,Right,Left,55
<_io.BytesIO object at 0x00000201C65D6810>,0.650030255317688,0.05181436240673065,0.009365337900817394,194421,38,4,False,Right,Front,Right,Left,55
<_io.BytesIO object at 0x00000201C65D6360>,0.6664121747016907,0.09451528638601303,-0.0586809366941452,194421,38,4,False,Right,Front,Right,Left,55
<_io.BytesIO object at 0x00000201C65D6540>,0.5983607172966003,0.12892287969589233,-0.01335238292813301,194421,38,4,False,Right,Front,Right,Left,55
<_io.BytesIO object at 0x00000201C65E8770>,0.6309729814529419,0.0978826954960823,-0.08864255249500275,194421,38,4,False,Right,Front,Right,Left,55
<_io.BytesIO object at 0x00000201C65E8A40>,0.6673225164413452,0.047571659088134766,-0.05368582531809807,194421,38,4,False,Right,Front,Right,Left,55
<_io.BytesIO object at 0x00000201C65DB270>,0.6528804898262024,0.0497976616024971,0.0040394957177340984,194422,38,4,False,Right,Front,Right,Left,55
<_io.BytesIO object at 0x00000201C66A7CC0>,0.6688273549079895,0.09285924583673477,-0.0639539510011673,194422,38,4,False,Right,Front,Right,Left,55
<_io.BytesIO object at 0x00000201C66A79A0>,0.6008185148239136,0.12677530944347382,-0.018298666924238205,194422,38,4,False,Right,Front,Right,Left,55
<_io.BytesIO object at 0x00000201C66A7270>,0.6333907842636108,0.09607989341020584,-0.09373897314071655,194422,38,4,False,Right,Front,Right,Left,55
<_io.BytesIO object at 0x00000201C66A7360>,0.6699207425117493,0.04589133337140083,-0.0591595321893692,194422,38,4,False,Right,Front,Right,Left,55
<_io.BytesIO object at 0x00000201C6686AE0>,0.655637264251709,0.04810181260108948,-0.0011291932314634323,194423,38,4,False,Right,Front,Right,Left,55
<_io.BytesIO object at 0x00000201C6686A90>,0.6710100769996643,0.0913357362151146,-0.0689854547381401,194423,38,4,False,Right,Front,Right,Left,55
<_io.BytesIO object at 0x00000201C6686130>,0.6031851172447205,0.12493264675140381,-0.023162687197327614,194423,38,4,False,Right,Front,Right,Left,55
<_io.BytesIO object at 0x00000201C6686E50>,0.6353341341018677,0.09435522556304932,-0.09859044849872589,194423,38,4,False,Right,Front,Right,Left,55
<_io.BytesIO object at 0x00000201BEC4F1D0>,0.6725524067878723,0.044366393238306046,-0.06442724913358688,194423,38,4,False,Right,Front,Right,Left,55
<_io.BytesIO object at 0x00000201C6699180>,0.65797358751297,0.04645301774144173,-0.006018252577632666,194424,38,4,False,Right,Front,Right,Left,55
<_io.BytesIO object at 0x00000201C66B3A40>,0.6730958819389343,0.0899147242307663,-0.07385411858558655,194424,38,4,False,Right,Front,Right,Left,55
<_io.BytesIO object at 0x00000201C66B3720>,0.6053138971328735,0.12313013523817062,-0.027905136346817017,194424,38,4,False,Right,Front,Right,Left,55
<_io.BytesIO object at 0x00000201C66B31D0>,0.6373414993286133,0.09285703301429749,-0.10332123190164566,194424,38,4,False,Right,Front,Right,Left,55
<_io.BytesIO object at 0x00000201C66B3590>,0.6749080419540405,0.04305872321128845,-0.06941106915473938,194424,38,4,False,Right,Front,Right,Left,55
<_io.BytesIO object at 0x00000201C6614BD0>,0.6602601408958435,0.04508243873715401,-0.010661800391972065,194425,38,4,False,Right,Front,Right,Left,55
<_io.BytesIO object at 0x00000201C6688BD0>,0.6749307513237,0.08876142650842667,-0.07861652225255966,194425,38,4,False,Right,Front,Right,Left,55
<_io.BytesIO object at 0x00000201C6688270>,0.6072109937667847,0.12155083566904068,-0.03239358589053154,194425,38,4,False,Right,Front,Right,Left,55
<_io.BytesIO object at 0x00000201C6688D10>,0.6391211748123169,0.09145171195268631,-0.10786812752485275,194425,38,4,False,Right,Front,Right,Left,55
<_io.BytesIO object at 0x00000201C66887C0>,0.6769953370094299,0.041763391345739365,-0.07419610023498535,194425,38,4,False,Right,Front,Right,Left,55
<_io.BytesIO object at 0x00000201C3858CC0>,0.6622393131256104,0.0439099483191967,-0.015000148676335812,194426,38,4,False,Right,Front,Right,Left,55
<_io.BytesIO object at 0x00000201C3858040>,0.676633894443512,0.08771900832653046,-0.08289708197116852,194426,38,4,False,Right,Front,Right,Left,55
<_io.BytesIO object at 0x00000201C6697860>,0.609035313129425,0.11997337639331818,-0.03673465549945831,194426,38,4,False,Right,Front,Right,Left,55
<_io.BytesIO object at 0x00000201C6697630>,0.6406137943267822,0.09003494679927826,-0.11216430366039276,194426,38,4,False,Right,Front,Right,Left,55
<_io.BytesIO object at 0x00000201C6697400>,0.6789405941963196,0.04054927080869675,-0.07871954143047333,194426,38,4,False,Right,Front,Right,Left,55
