_io,pos_x,pos_y,pos_z,frame,trial_num,block_num,practicing,left_right_hand,palm_back_hand,target_loc,distractor_loc,participant_id
<_io.BytesIO object at 0x00000245C1D99400>,0.5553444027900696,0.021071502938866615,-0.07215721905231476,211188,23,8,False,Right,Front,Centre,Left,77
_io,pos_x,pos_y,pos_z,frame,trial_num,block_num,practicing,left_right_hand,palm_back_hand,target_loc,distractor_loc,participant_id
<_io.BytesIO object at 0x00000245C1D99810>,0.5828549265861511,0.06269637495279312,-0.1824442744255066,211188,23,8,False,Right,Front,Centre,Left,77
_io,pos_x,pos_y,pos_z,frame,trial_num,block_num,practicing,left_right_hand,palm_back_hand,target_loc,distractor_loc,participant_id
<_io.BytesIO object at 0x00000245C1D66A90>,0.6197714805603027,0.09497500211000443,-0.10154405236244202,211188,23,8,False,Right,Front,Centre,Left,77
_io,pos_x,pos_y,pos_z,frame,trial_num,block_num,practicing,left_right_hand,palm_back_hand,target_loc,distractor_loc,participant_id
<_io.BytesIO object at 0x00000245C1D66F40>,0.5405601859092712,0.07300722599029541,-0.14612340927124023,211188,23,8,False,Right,Front,Centre,Left,77
_io,pos_x,pos_y,pos_z,frame,trial_num,block_num,practicing,left_right_hand,palm_back_hand,target_loc,distractor_loc,participant_id
<_io.BytesIO object at 0x00000245C1D66D10>,0.5223731398582458,0.039043787866830826,-0.14522162079811096,211188,23,8,False,Right,Front,Centre,Left,77
_io,pos_x,pos_y,pos_z,frame,trial_num,block_num,practicing,left_right_hand,palm_back_hand,target_loc,distractor_loc,participant_id
<_io.BytesIO object at 0x00000245C1D66B30>,0.8784958720207214,0.042404551059007645,-0.044932179152965546,211188,23,8,False,Right,Front,Centre,Left,77
_io,pos_x,pos_y,pos_z,frame,trial_num,block_num,practicing,left_right_hand,palm_back_hand,target_loc,distractor_loc,participant_id
<_io.BytesIO object at 0x00000245C1D66950>,0.837822675704956,0.04038069024682045,-0.04563090205192566,211188,23,8,False,Right,Front,Centre,Left,77
_io,pos_x,pos_y,pos_z,frame,trial_num,block_num,practicing,left_right_hand,palm_back_hand,target_loc,distractor_loc,participant_id
<_io.BytesIO object at 0x00000245C1D66130>,0.9013153910636902,0.006788609549403191,-0.05931786820292473,211188,23,8,False,Right,Front,Centre,Left,77
_io,pos_x,pos_y,pos_z,frame,trial_num,block_num,practicing,left_right_hand,palm_back_hand,target_loc,distractor_loc,participant_id
<_io.BytesIO object at 0x00000245C1D66EA0>,0.8426964282989502,0.04936359450221062,0.04137766361236572,211188,23,8,False,Right,Front,Centre,Left,77
_io,pos_x,pos_y,pos_z,frame,trial_num,block_num,practicing,left_right_hand,palm_back_hand,target_loc,distractor_loc,participant_id
<_io.BytesIO object at 0x00000245C1D762C0>,0.9290578961372375,0.006105448585003614,0.0056971111334860325,211188,23,8,False,Right,Front,Centre,Left,77
<_io.BytesIO object at 0x00000245C1D66810>,0.5554473996162415,0.020725632086396217,-0.07213369756937027,211189,23,8,False,Right,Front,Centre,Left,77
<_io.BytesIO object at 0x00000245C1D66130>,0.5828118324279785,0.0626194030046463,-0.18230268359184265,211189,23,8,False,Right,Front,Centre,Left,77
<_io.BytesIO object at 0x00000245C1D99E50>,0.6198798418045044,0.09467851370573044,-0.10139300674200058,211189,23,8,False,Right,Front,Centre,Left,77
<_io.BytesIO object at 0x00000245C1D99400>,0.5405733585357666,0.07292715460062027,-0.1459416300058365,211189,23,8,False,Right,Front,Centre,Left,77
<_io.BytesIO object at 0x00000245C1D99DB0>,0.5223637223243713,0.03891856223344803,-0.14501838386058807,211189,23,8,False,Right,Front,Centre,Left,77
<_io.BytesIO object at 0x00000245C1D99D10>,0.8785305619239807,0.04237494617700577,-0.04497421532869339,211189,23,8,False,Right,Front,Centre,Left,77
<_io.BytesIO object at 0x00000245C1D99C70>,0.8378567695617676,0.04036477208137512,-0.045684508979320526,211189,23,8,False,Right,Front,Centre,Left,77
<_io.BytesIO object at 0x00000245C1D99360>,0.9013434648513794,0.006746337283402681,-0.05935058742761612,211189,23,8,False,Right,Front,Centre,Left,77
<_io.BytesIO object at 0x00000245BEF44C20>,0.8427067995071411,0.049338530749082565,0.04135395586490631,211189,23,8,False,Right,Front,Centre,Left,77
<_io.BytesIO object at 0x00000245C1D762C0>,0.9290589690208435,0.0060876780189573765,0.005689577199518681,211189,23,8,False,Right,Front,Centre,Left,77
<_io.BytesIO object at 0x00000245C1D99680>,0.5556926727294922,0.020185910165309906,-0.07227662205696106,211190,23,8,False,Right,Front,Centre,Left,77
<_io.BytesIO object at 0x00000245C1D995E0>,0.5827468037605286,0.06259691715240479,-0.18221281468868256,211190,23,8,False,Right,Front,Centre,Left,77
<_io.BytesIO object at 0x00000245C1D99130>,0.6200278997421265,0.09420619159936905,-0.101158007979393,211190,23,8,False,Right,Front,Centre,Left,77
<_io.BytesIO object at 0x00000245C1D99BD0>,0.540537416934967,0.07283316552639008,-0.14572685956954956,211190,23,8,False,Right,Front,Centre,Left,77
<_io.BytesIO object at 0x00000245C1D99E00>,0.5222882628440857,0.03883335739374161,-0.14481525123119354,211190,23,8,False,Right,Front,Centre,Left,77
<_io.BytesIO object at 0x00000245C1D99400>,0.8785549998283386,0.04234767705202103,-0.04500944912433624,211190,23,8,False,Right,Front,Centre,Left,77
<_io.BytesIO object at 0x00000245C1D66A90>,0.8378901481628418,0.04034406319260597,-0.04575078561902046,211190,23,8,False,Right,Front,Centre,Left,77
<_io.BytesIO object at 0x00000245C1D66D60>,0.901364803314209,0.006708673667162657,-0.059360336512327194,211190,23,8,False,Right,Front,Centre,Left,77
<_io.BytesIO object at 0x00000245C1D66B80>,0.8427110910415649,0.04938272386789322,0.04130149260163307,211190,23,8,False,Right,Front,Centre,Left,77
<_io.BytesIO object at 0x00000245C1D660E0>,0.9290697574615479,0.00605945847928524,0.005700139328837395,211190,23,8,False,Right,Front,Centre,Left,77
<_io.BytesIO object at 0x00000245C1D99D10>,0.5558968186378479,0.01970859244465828,-0.07219687849283218,211191,23,8,False,Right,Front,Centre,Left,77
<_io.BytesIO object at 0x00000245C1D99270>,0.5826351046562195,0.0625385120511055,-0.1820777803659439,211191,23,8,False,Right,Front,Centre,Left,77
<_io.BytesIO object at 0x00000245C1D99400>,0.6201711297035217,0.09355572611093521,-0.10093694180250168,211191,23,8,False,Right,Front,Centre,Left,77
<_io.BytesIO object at 0x00000245C1D99310>,0.5405294299125671,0.07278484851121902,-0.14551711082458496,211191,23,8,False,Right,Front,Centre,Left,77
<_io.BytesIO object at 0x00000245C1D99450>,0.52217036485672,0.038810692727565765,-0.14453747868537903,211191,23,8,False,Right,Front,Centre,Left,77
<_io.BytesIO object at 0x00000245C1D66F40>,0.8785858750343323,0.042337607592344284,-0.04503525048494339,211191,23,8,False,Right,Front,Centre,Left,77
<_io.BytesIO object at 0x00000245C1D669A0>,0.8379493951797485,0.04035967215895653,-0.04578422009944916,211191,23,8,False,Right,Front,Centre,Left,77
<_io.BytesIO object at 0x00000245C1D66400>,0.901380181312561,0.0066582332365214825,-0.05939176678657532,211191,23,8,False,Right,Front,Centre,Left,77
<_io.BytesIO object at 0x00000245C1D66B80>,0.8427009582519531,0.049367912113666534,0.04124010354280472,211191,23,8,False,Right,Front,Centre,Left,77
<_io.BytesIO object at 0x00000245C1D66540>,0.9290860891342163,0.006052115466445684,0.0056882272474467754,211191,23,8,False,Right,Front,Centre,Left,77
<_io.BytesIO object at 0x00000245C1D99770>,0.5561264753341675,0.019287321716547012,-0.07216060906648636,211192,23,8,False,Right,Front,Centre,Left,77
<_io.BytesIO object at 0x00000245C1D99630>,0.5825337767601013,0.06247228384017944,-0.181968092918396,211192,23,8,False,Right,Front,Centre,Left,77
<_io.BytesIO object at 0x00000245BEF44C70>,0.6204739809036255,0.09278776496648788,-0.10066165030002594,211192,23,8,False,Right,Front,Centre,Left,77
<_io.BytesIO object at 0x00000245C1D764A0>,0.5405166149139404,0.07277216762304306,-0.14528009295463562,211192,23,8,False,Right,Front,Centre,Left,77
<_io.BytesIO object at 0x00000245C1D76040>,0.5220344066619873,0.03880811482667923,-0.14417727291584015,211192,23,8,False,Right,Front,Centre,Left,77
<_io.BytesIO object at 0x00000245C1D76630>,0.8785997033119202,0.042319487780332565,-0.04505883902311325,211192,23,8,False,Right,Front,Centre,Left,77
<_io.BytesIO object at 0x00000245C1D76A90>,0.8379701375961304,0.0403609499335289,-0.04581289365887642,211192,23,8,False,Right,Front,Centre,Left,77
<_io.BytesIO object at 0x00000245C1D768B0>,0.9014052748680115,0.006667081732302904,-0.05937069654464722,211192,23,8,False,Right,Front,Centre,Left,77
<_io.BytesIO object at 0x00000245C1D76D10>,0.842680037021637,0.04933275654911995,0.041082713752985,211192,23,8,False,Right,Front,Centre,Left,77
<_io.BytesIO object at 0x00000245C1D76EF0>,0.9290931820869446,0.006047045346349478,0.00569952791556716,211192,23,8,False,Right,Front,Centre,Left,77
<_io.BytesIO object at 0x00000245C1D76680>,0.5563142895698547,0.018819347023963928,-0.07210890203714371,211193,23,8,False,Right,Front,Centre,Left,77
<_io.BytesIO object at 0x00000245C1D76D10>,0.5823925137519836,0.0623958446085453,-0.1818303018808365,211193,23,8,False,Right,Front,Centre,Left,77
<_io.BytesIO object at 0x00000245C1D994A0>,0.6206092238426208,0.09187084436416626,-0.10030760616064072,211193,23,8,False,Right,Front,Centre,Left,77
<_io.BytesIO object at 0x00000245C1D99860>,0.5405211448669434,0.07275722920894623,-0.1450090855360031,211193,23,8,False,Right,Front,Centre,Left,77
<_io.BytesIO object at 0x00000245C1D999A0>,0.5218968391418457,0.03882845863699913,-0.14389407634735107,211193,23,8,False,Right,Front,Centre,Left,77
<_io.BytesIO object at 0x00000245C1D99BD0>,0.8786018490791321,0.042312733829021454,-0.045057784765958786,211193,23,8,False,Right,Front,Centre,Left,77
<_io.BytesIO object at 0x00000245C1D99270>,0.837977409362793,0.04036744683980942,-0.04582494497299194,211193,23,8,False,Right,Front,Centre,Left,77
<_io.BytesIO object at 0x00000245C1D99CC0>,0.9013994336128235,0.006650934927165508,-0.05938659980893135,211193,23,8,False,Right,Front,Centre,Left,77
<_io.BytesIO object at 0x00000245C1D99900>,0.8426755666732788,0.04938415810465813,0.04118388146162033,211193,23,8,False,Right,Front,Centre,Left,77
<_io.BytesIO object at 0x00000245C1D660E0>,0.9290950298309326,0.006052214186638594,0.005687703378498554,211193,23,8,False,Right,Front,Centre,Left,77
<_io.BytesIO object at 0x00000245C1D99B30>,0.556546688079834,0.018294772133231163,-0.07199649512767792,211194,23,8,False,Right,Front,Centre,Left,77
<_io.BytesIO object at 0x00000245C1D99360>,0.5822312235832214,0.062315933406353,-0.18165022134780884,211194,23,8,False,Right,Front,Centre,Left,77
<_io.BytesIO object at 0x00000245C1D764A0>,0.6208173632621765,0.09130862355232239,-0.099989153444767,211194,23,8,False,Right,Front,Centre,Left,77
<_io.BytesIO object at 0x00000245C1D76040>,0.5405038595199585,0.07277009636163712,-0.14473633468151093,211194,23,8,False,Right,Front,Centre,Left,77
<_io.BytesIO object at 0x00000245C1D765E0>,0.5217402577400208,0.03887540102005005,-0.14362235367298126,211194,23,8,False,Right,Front,Centre,Left,77
<_io.BytesIO object at 0x00000245C1D76B30>,0.8785936236381531,0.04231598600745201,-0.04506806284189224,211194,23,8,False,Right,Front,Centre,Left,77
<_io.BytesIO object at 0x00000245C1D76E00>,0.8379740715026855,0.0403662845492363,-0.04583350196480751,211194,23,8,False,Right,Front,Centre,Left,77
<_io.BytesIO object at 0x00000245BEF44450>,0.9013877511024475,0.006653267424553633,-0.059362735599279404,211194,23,8,False,Right,Front,Centre,Left,77
<_io.BytesIO object at 0x00000245BEF44360>,0.8426791429519653,0.04947298765182495,0.041328344494104385,211194,23,8,False,Right,Front,Centre,Left,77
<_io.BytesIO object at 0x00000245C1D660E0>,0.9290816783905029,0.006048441398888826,0.005668386351317167,211194,23,8,False,Right,Front,Centre,Left,77
<_io.BytesIO object at 0x00000245C1D76DB0>,0.5566520690917969,0.017884179949760437,-0.07190783321857452,211195,23,8,False,Right,Front,Centre,Left,77
<_io.BytesIO object at 0x00000245C1D767C0>,0.5819162130355835,0.062272198498249054,-0.18132512271404266,211195,23,8,False,Right,Front,Centre,Left,77
<_io.BytesIO object at 0x00000245C1D76D10>,0.6209806203842163,0.09057337790727615,-0.09955544024705887,211195,23,8,False,Right,Front,Centre,Left,77
<_io.BytesIO object at 0x00000245C1D76CC0>,0.5404110550880432,0.07275735586881638,-0.14440476894378662,211195,23,8,False,Right,Front,Centre,Left,77
<_io.BytesIO object at 0x00000245C1D76A40>,0.5215809345245361,0.038940031081438065,-0.14332182705402374,211195,23,8,False,Right,Front,Centre,Left,77
<_io.BytesIO object at 0x00000245C1D765E0>,0.8785826563835144,0.04231041669845581,-0.04506932571530342,211195,23,8,False,Right,Front,Centre,Left,77
<_io.BytesIO object at 0x00000245BEF44C20>,0.8379644751548767,0.04037441685795784,-0.04582856222987175,211195,23,8,False,Right,Front,Centre,Left,77
<_io.BytesIO object at 0x00000245C1D99DB0>,0.9013651609420776,0.006632698234170675,-0.05936451256275177,211195,23,8,False,Right,Front,Centre,Left,77
<_io.BytesIO object at 0x00000245C1D99F90>,0.8427049517631531,0.049389079213142395,0.041240908205509186,211195,23,8,False,Right,Front,Centre,Left,77
<_io.BytesIO object at 0x00000245C1D99450>,0.9290682077407837,0.006048294715583324,0.005650726146996021,211195,23,8,False,Right,Front,Centre,Left,77
<_io.BytesIO object at 0x00000245C1D99270>,0.5567141175270081,0.01762920245528221,-0.07182513177394867,211196,23,8,False,Right,Front,Centre,Left,77
<_io.BytesIO object at 0x00000245C1D99B30>,0.5817793011665344,0.06227082759141922,-0.18115004897117615,211196,23,8,False,Right,Front,Centre,Left,77
<_io.BytesIO object at 0x00000245C1D76DB0>,0.6209256052970886,0.0901520848274231,-0.09923030436038971,211196,23,8,False,Right,Front,Centre,Left,77
<_io.BytesIO object at 0x00000245C1D765E0>,0.5403655171394348,0.07279324531555176,-0.14412619173526764,211196,23,8,False,Right,Front,Centre,Left,77
<_io.BytesIO object at 0x00000245C1D76F40>,0.5214322805404663,0.03896172717213631,-0.14308294653892517,211196,23,8,False,Right,Front,Centre,Left,77
<_io.BytesIO object at 0x00000245C1D769F0>,0.8785788416862488,0.04229886457324028,-0.04506111517548561,211196,23,8,False,Right,Front,Centre,Left,77
<_io.BytesIO object at 0x00000245C1D76180>,0.8379759788513184,0.0403810478746891,-0.04583751782774925,211196,23,8,False,Right,Front,Centre,Left,77
<_io.BytesIO object at 0x00000245C1D76900>,0.9013580679893494,0.006576480809599161,-0.05934282764792442,211196,23,8,False,Right,Front,Centre,Left,77
<_io.BytesIO object at 0x00000245C1D76310>,0.842731773853302,0.049404483288526535,0.04128207266330719,211196,23,8,False,Right,Front,Centre,Left,77
<_io.BytesIO object at 0x00000245C1D66BD0>,0.9290632009506226,0.006056737154722214,0.005647189915180206,211196,23,8,False,Right,Front,Centre,Left,77
<_io.BytesIO object at 0x00000245C1D762C0>,0.5567259192466736,0.0175315048545599,-0.07168284058570862,211197,23,8,False,Right,Front,Centre,Left,77
<_io.BytesIO object at 0x00000245C1D76900>,0.5816633105278015,0.062295254319906235,-0.18096216022968292,211197,23,8,False,Right,Front,Centre,Left,77
<_io.BytesIO object at 0x00000245C1D99270>,0.6208359599113464,0.09004462510347366,-0.09900982677936554,211197,23,8,False,Right,Front,Centre,Left,77
<_io.BytesIO object at 0x00000245C1D99D60>,0.5402597784996033,0.07286728173494339,-0.14391590654850006,211197,23,8,False,Right,Front,Centre,Left,77
<_io.BytesIO object at 0x00000245C1D99180>,0.5212727189064026,0.03900109976530075,-0.1428726613521576,211197,23,8,False,Right,Front,Centre,Left,77
<_io.BytesIO object at 0x00000245C1D999F0>,0.8785839080810547,0.04229070991277695,-0.04505530744791031,211197,23,8,False,Right,Front,Centre,Left,77
<_io.BytesIO object at 0x00000245C1D99900>,0.8379592299461365,0.040387190878391266,-0.045832037925720215,211197,23,8,False,Right,Front,Centre,Left,77
<_io.BytesIO object at 0x00000245BEF44450>,0.9013394713401794,0.006519707385450602,-0.059360358864068985,211197,23,8,False,Right,Front,Centre,Left,77
<_io.BytesIO object at 0x00000245BEF44C20>,0.8427361845970154,0.04941512271761894,0.041299208998680115,211197,23,8,False,Right,Front,Centre,Left,77
<_io.BytesIO object at 0x00000245C1D661D0>,0.9290589094161987,0.006059116683900356,0.005657389760017395,211197,23,8,False,Right,Front,Centre,Left,77
<_io.BytesIO object at 0x00000245C1D999A0>,0.5566744208335876,0.01760147511959076,-0.07151566445827484,211198,23,8,False,Right,Front,Centre,Left,77
<_io.BytesIO object at 0x00000245C1D99180>,0.5815206170082092,0.06235422194004059,-0.18074075877666473,211198,23,8,False,Right,Front,Centre,Left,77
<_io.BytesIO object at 0x00000245C1D76130>,0.6206406950950623,0.09021259099245071,-0.09874271601438522,211198,23,8,False,Right,Front,Centre,Left,77
<_io.BytesIO object at 0x00000245C1D76AE0>,0.5400993227958679,0.07302786409854889,-0.1437073051929474,211198,23,8,False,Right,Front,Centre,Left,77
<_io.BytesIO object at 0x00000245C1D76720>,0.5210546851158142,0.03912298381328583,-0.1425739973783493,211198,23,8,False,Right,Front,Centre,Left,77
<_io.BytesIO object at 0x00000245C1D76540>,0.878572404384613,0.04228401184082031,-0.045045122504234314,211198,23,8,False,Right,Front,Centre,Left,77
<_io.BytesIO object at 0x00000245C1D76770>,0.8379561305046082,0.04037740081548691,-0.045823123306035995,211198,23,8,False,Right,Front,Centre,Left,77
<_io.BytesIO object at 0x00000245C1D76590>,0.9013182520866394,0.00650265347212553,-0.059353385120630264,211198,23,8,False,Right,Front,Centre,Left,77
<_io.BytesIO object at 0x00000245C1D76810>,0.8427366018295288,0.04942314699292183,0.04130956158041954,211198,23,8,False,Right,Front,Centre,Left,77
<_io.BytesIO object at 0x00000245C1D66A40>,0.9290613532066345,0.00605904683470726,0.005658623296767473,211198,23,8,False,Right,Front,Centre,Left,77
<_io.BytesIO object at 0x00000245BEF44C70>,0.5565041303634644,0.017980683594942093,-0.07118305563926697,211199,23,8,False,Right,Front,Centre,Left,77
<_io.BytesIO object at 0x00000245C1D76CC0>,0.5812758803367615,0.06252460926771164,-0.18048836290836334,211199,23,8,False,Right,Front,Centre,Left,77
<_io.BytesIO object at 0x00000245C1D765E0>,0.6205771565437317,0.0907580628991127,-0.0986626073718071,211199,23,8,False,Right,Front,Centre,Left,77
<_io.BytesIO object at 0x00000245C1D763B0>,0.5398304462432861,0.07330034673213959,-0.14346487820148468,211199,23,8,False,Right,Front,Centre,Left,77
<_io.BytesIO object at 0x00000245C1D76180>,0.5207706689834595,0.03931891918182373,-0.1423533707857132,211199,23,8,False,Right,Front,Centre,Left,77
<_io.BytesIO object at 0x00000245C1D76590>,0.8785665035247803,0.0422799177467823,-0.04502498358488083,211199,23,8,False,Right,Front,Centre,Left,77
<_io.BytesIO object at 0x00000245C1D76680>,0.8379507660865784,0.04038159176707268,-0.045799288898706436,211199,23,8,False,Right,Front,Centre,Left,77
<_io.BytesIO object at 0x00000245C1D99A40>,0.9013059139251709,0.006504659540951252,-0.0593181774020195,211199,23,8,False,Right,Front,Centre,Left,77
<_io.BytesIO object at 0x00000245C1D992C0>,0.8427276015281677,0.0494246780872345,0.04133443906903267,211199,23,8,False,Right,Front,Centre,Left,77
<_io.BytesIO object at 0x00000245C1D991D0>,0.9290551543235779,0.00606373930349946,0.005664937663823366,211199,23,8,False,Right,Front,Centre,Left,77
<_io.BytesIO object at 0x00000245BEF44360>,0.5563743710517883,0.0186223816126585,-0.07092595100402832,211200,23,8,False,Right,Front,Centre,Left,77
<_io.BytesIO object at 0x00000245C1D76810>,0.580980658531189,0.0627417117357254,-0.1802269071340561,211200,23,8,False,Right,Front,Centre,Left,77
<_io.BytesIO object at 0x00000245C1D76450>,0.6200858950614929,0.09190409630537033,-0.09871367365121841,211200,23,8,False,Right,Front,Centre,Left,77
<_io.BytesIO object at 0x00000245C1D76630>,0.5395950078964233,0.07380682975053787,-0.14337937533855438,211200,23,8,False,Right,Front,Centre,Left,77
<_io.BytesIO object at 0x00000245C1D76E50>,0.5205512642860413,0.039696209132671356,-0.14210745692253113,211200,23,8,False,Right,Front,Centre,Left,77
<_io.BytesIO object at 0x00000245C1D763B0>,0.878547728061676,0.04228102043271065,-0.04499966651201248,211200,23,8,False,Right,Front,Centre,Left,77
<_io.BytesIO object at 0x00000245C1D76DB0>,0.837948203086853,0.04037608206272125,-0.04579563066363335,211200,23,8,False,Right,Front,Centre,Left,77
<_io.BytesIO object at 0x00000245C1D99130>,0.9012921452522278,0.0064837452955543995,-0.05930185317993164,211200,23,8,False,Right,Front,Centre,Left,77
<_io.BytesIO object at 0x00000245C1D99F90>,0.8427267670631409,0.04944761097431183,0.0413450263440609,211200,23,8,False,Right,Front,Centre,Left,77
<_io.BytesIO object at 0x00000245C1D99D10>,0.9290507435798645,0.006075820419937372,0.0056753139942884445,211200,23,8,False,Right,Front,Centre,Left,77
<_io.BytesIO object at 0x00000245BEF44B30>,0.5561954975128174,0.0197798740118742,-0.07066577672958374,211201,23,8,False,Right,Front,Centre,Left,77
<_io.BytesIO object at 0x00000245C1D76900>,0.5805931687355042,0.06305613368749619,-0.17995300889015198,211201,23,8,False,Right,Front,Centre,Left,77
<_io.BytesIO object at 0x00000245C1D762C0>,0.6196699142456055,0.09333313256502151,-0.09894537925720215,211201,23,8,False,Right,Front,Centre,Left,77
<_io.BytesIO object at 0x00000245C1D76220>,0.5393049120903015,0.07453751564025879,-0.14322347939014435,211201,23,8,False,Right,Front,Centre,Left,77
<_io.BytesIO object at 0x00000245C1D76720>,0.5202969908714294,0.04032626748085022,-0.14183852076530457,211201,23,8,False,Right,Front,Centre,Left,77
<_io.BytesIO object at 0x00000245C1D764F0>,0.8785477876663208,0.04227318987250328,-0.04499407857656479,211201,23,8,False,Right,Front,Centre,Left,77
<_io.BytesIO object at 0x00000245C1D765E0>,0.8379493355751038,0.04037114605307579,-0.04578608646988869,211201,23,8,False,Right,Front,Centre,Left,77
<_io.BytesIO object at 0x00000245C1D99900>,0.9013046622276306,0.00646989094093442,-0.05927039682865143,211201,23,8,False,Right,Front,Centre,Left,77
<_io.BytesIO object at 0x00000245C1D99720>,0.8427318930625916,0.04945646598935127,0.04135943204164505,211201,23,8,False,Right,Front,Centre,Left,77
<_io.BytesIO object at 0x00000245C1D99450>,0.9290483593940735,0.00607205368578434,0.005683655384927988,211201,23,8,False,Right,Front,Centre,Left,77
<_io.BytesIO object at 0x00000245C1D99EF0>,0.5559503436088562,0.02115858718752861,-0.07032503187656403,211202,23,8,False,Right,Front,Centre,Left,77
<_io.BytesIO object at 0x00000245C1D767C0>,0.5803155303001404,0.06362798810005188,-0.1799810379743576,211202,23,8,False,Right,Front,Centre,Left,77
<_io.BytesIO object at 0x00000245C1D76630>,0.619170069694519,0.0953616127371788,-0.09913930296897888,211202,23,8,False,Right,Front,Centre,Left,77
<_io.BytesIO object at 0x00000245C1D76540>,0.5389880537986755,0.07544611394405365,-0.14301462471485138,211202,23,8,False,Right,Front,Centre,Left,77
<_io.BytesIO object at 0x00000245C1D768B0>,0.5200244784355164,0.04129759594798088,-0.14150969684123993,211202,23,8,False,Right,Front,Centre,Left,77
<_io.BytesIO object at 0x00000245C1D760E0>,0.8785651326179504,0.04225108399987221,-0.04499049857258797,211202,23,8,False,Right,Front,Centre,Left,77
<_io.BytesIO object at 0x00000245C1D76A90>,0.8379580974578857,0.04036831110715866,-0.045776255428791046,211202,23,8,False,Right,Front,Centre,Left,77
<_io.BytesIO object at 0x00000245BEF44360>,0.9013020396232605,0.00644617760553956,-0.059247300028800964,211202,23,8,False,Right,Front,Centre,Left,77
<_io.BytesIO object at 0x00000245BEF44C70>,0.8427421450614929,0.04945846274495125,0.041360415518283844,211202,23,8,False,Right,Front,Centre,Left,77
<_io.BytesIO object at 0x00000245C1D66C70>,0.9290523529052734,0.00606886763125658,0.005695060361176729,211202,23,8,False,Right,Front,Centre,Left,77
<_io.BytesIO object at 0x00000245C1D76860>,0.555756151676178,0.022906746715307236,-0.06986160576343536,211203,23,8,False,Right,Front,Centre,Left,77
<_io.BytesIO object at 0x00000245C1D76A40>,0.5798404812812805,0.064387246966362,-0.17992974817752838,211203,23,8,False,Right,Front,Centre,Left,77
<_io.BytesIO object at 0x00000245C1D760E0>,0.6185932159423828,0.09756246209144592,-0.09953060001134872,211203,23,8,False,Right,Front,Centre,Left,77
<_io.BytesIO object at 0x00000245C1D76360>,0.5386896729469299,0.07667484879493713,-0.14286939799785614,211203,23,8,False,Right,Front,Centre,Left,77
<_io.BytesIO object at 0x00000245C1D76220>,0.5198073983192444,0.042355239391326904,-0.1411939412355423,211203,23,8,False,Right,Front,Centre,Left,77
<_io.BytesIO object at 0x00000245C1D769A0>,0.8785811066627502,0.042242445051670074,-0.044987525790929794,211203,23,8,False,Right,Front,Centre,Left,77
<_io.BytesIO object at 0x00000245BEF44B30>,0.8379725217819214,0.04037105664610863,-0.04577280953526497,211203,23,8,False,Right,Front,Centre,Left,77
<_io.BytesIO object at 0x00000245C1D99130>,0.9013140797615051,0.006400316953659058,-0.05925493687391281,211203,23,8,False,Right,Front,Centre,Left,77
<_io.BytesIO object at 0x00000245C1D99220>,0.8427606225013733,0.04947303608059883,0.041376106441020966,211203,23,8,False,Right,Front,Centre,Left,77
<_io.BytesIO object at 0x00000245C1D99180>,0.9290586709976196,0.006066213361918926,0.005710774101316929,211203,23,8,False,Right,Front,Centre,Left,77
<_io.BytesIO object at 0x00000245C1D76630>,0.5555199384689331,0.024919705465435982,-0.06934548169374466,211204,23,8,False,Right,Front,Centre,Left,77
<_io.BytesIO object at 0x00000245C1D76B30>,0.5794566869735718,0.06531261652708054,-0.18000280857086182,211204,23,8,False,Right,Front,Centre,Left,77
<_io.BytesIO object at 0x00000245C1D76180>,0.6177985668182373,0.10004466027021408,-0.0998653694987297,211204,23,8,False,Right,Front,Centre,Left,77
<_io.BytesIO object at 0x00000245C1D66EA0>,0.5383602976799011,0.07814912497997284,-0.14273744821548462,211204,23,8,False,Right,Front,Centre,Left,77
<_io.BytesIO object at 0x00000245C1D66950>,0.5198042988777161,0.0434027835726738,-0.141079381108284,211204,23,8,False,Right,Front,Centre,Left,77
<_io.BytesIO object at 0x00000245C1D66540>,0.8785893321037292,0.04225214570760727,-0.04498017579317093,211204,23,8,False,Right,Front,Centre,Left,77
<_io.BytesIO object at 0x00000245C1D660E0>,0.8379891514778137,0.040380317717790604,-0.045770686119794846,211204,23,8,False,Right,Front,Centre,Left,77
<_io.BytesIO object at 0x00000245C1D66900>,0.901324987411499,0.006374827120453119,-0.05924275144934654,211204,23,8,False,Right,Front,Centre,Left,77
<_io.BytesIO object at 0x00000245C1D66E50>,0.8427711725234985,0.049487173557281494,0.041385047137737274,211204,23,8,False,Right,Front,Centre,Left,77
<_io.BytesIO object at 0x00000245C1D66F90>,0.9290609955787659,0.006072629243135452,0.005725654773414135,211204,23,8,False,Right,Front,Centre,Left,77
<_io.BytesIO object at 0x00000245C1D76590>,0.5553593635559082,0.027053654193878174,-0.06874209642410278,211205,23,8,False,Right,Front,Centre,Left,77
<_io.BytesIO object at 0x00000245C1D99310>,0.5790173411369324,0.0663292184472084,-0.17991355061531067,211205,23,8,False,Right,Front,Centre,Left,77
<_io.BytesIO object at 0x00000245C1D991D0>,0.617148220539093,0.10255278646945953,-0.10017867386341095,211205,23,8,False,Right,Front,Centre,Left,77
<_io.BytesIO object at 0x00000245C1D99860>,0.5381013751029968,0.07956618815660477,-0.1424867957830429,211205,23,8,False,Right,Front,Centre,Left,77
<_io.BytesIO object at 0x00000245C1D99C70>,0.5197225213050842,0.04484599456191063,-0.1406056433916092,211205,23,8,False,Right,Front,Centre,Left,77
<_io.BytesIO object at 0x00000245C1D66EF0>,0.8786183595657349,0.04228312894701958,-0.04487163946032524,211205,23,8,False,Right,Front,Centre,Left,77
<_io.BytesIO object at 0x00000245C1D66540>,0.8380060195922852,0.040395624935626984,-0.04576545208692551,211205,23,8,False,Right,Front,Centre,Left,77
<_io.BytesIO object at 0x00000245C1D66E50>,0.901313066482544,0.006340206600725651,-0.05928848311305046,211205,23,8,False,Right,Front,Centre,Left,77
<_io.BytesIO object at 0x00000245C1D66DB0>,0.8427771925926208,0.04950960725545883,0.04139336198568344,211205,23,8,False,Right,Front,Centre,Left,77
<_io.BytesIO object at 0x00000245C1D66B30>,0.9290692806243896,0.006074581295251846,0.00573100708425045,211205,23,8,False,Right,Front,Centre,Left,77
<_io.BytesIO object at 0x00000245C1D76450>,0.5554457306861877,0.029273906722664833,-0.06822711229324341,211206,23,8,False,Right,Front,Centre,Left,77
<_io.BytesIO object at 0x00000245C1D99680>,0.5786263942718506,0.06768321990966797,-0.17992375791072845,211206,23,8,False,Right,Front,Centre,Left,77
<_io.BytesIO object at 0x00000245C1D99720>,0.6165321469306946,0.10522934794425964,-0.1001177579164505,211206,23,8,False,Right,Front,Centre,Left,77
<_io.BytesIO object at 0x00000245C1D99540>,0.5379247665405273,0.08106552809476852,-0.14230571687221527,211206,23,8,False,Right,Front,Centre,Left,77
<_io.BytesIO object at 0x00000245C1D99AE0>,0.5197433233261108,0.04629376158118248,-0.1401289403438568,211206,23,8,False,Right,Front,Centre,Left,77
<_io.BytesIO object at 0x00000245C1D66EA0>,0.8786419630050659,0.04229148477315903,-0.04487905651330948,211206,23,8,False,Right,Front,Centre,Left,77
<_io.BytesIO object at 0x00000245C1D66B80>,0.8380167484283447,0.04040335863828659,-0.045774564146995544,211206,23,8,False,Right,Front,Centre,Left,77
<_io.BytesIO object at 0x00000245C1D669F0>,0.9013288617134094,0.00634719105437398,-0.05926458165049553,211206,23,8,False,Right,Front,Centre,Left,77
<_io.BytesIO object at 0x00000245C1D66720>,0.8428278565406799,0.04957546293735504,0.04142823815345764,211206,23,8,False,Right,Front,Centre,Left,77
<_io.BytesIO object at 0x00000245C1D66090>,0.9290881752967834,0.006057332269847393,0.005760703701525927,211206,23,8,False,Right,Front,Centre,Left,77
<_io.BytesIO object at 0x00000245C1D99C20>,0.5557093024253845,0.03166460990905762,-0.06759743392467499,211207,23,8,False,Right,Front,Centre,Left,77
<_io.BytesIO object at 0x00000245C1D99900>,0.5784010887145996,0.0691559687256813,-0.179801806807518,211207,23,8,False,Right,Front,Centre,Left,77
<_io.BytesIO object at 0x00000245C1D76E50>,0.61582350730896,0.10822652280330658,-0.10005007684230804,211207,23,8,False,Right,Front,Centre,Left,77
<_io.BytesIO object at 0x00000245C1D76450>,0.5378126502037048,0.08269985765218735,-0.1420651376247406,211207,23,8,False,Right,Front,Centre,Left,77
<_io.BytesIO object at 0x00000245C1D761D0>,0.5198427438735962,0.04779572784900665,-0.13977156579494476,211207,23,8,False,Right,Front,Centre,Left,77
<_io.BytesIO object at 0x00000245C1D76860>,0.8786607384681702,0.04227185994386673,-0.044882629066705704,211207,23,8,False,Right,Front,Centre,Left,77
<_io.BytesIO object at 0x00000245C1D765E0>,0.8380481600761414,0.04039905220270157,-0.045784611254930496,211207,23,8,False,Right,Front,Centre,Left,77
<_io.BytesIO object at 0x00000245BEF44B30>,0.9013505578041077,0.006323251873254776,-0.05927127227187157,211207,23,8,False,Right,Front,Centre,Left,77
<_io.BytesIO object at 0x00000245C1D66090>,0.8428502678871155,0.04957681894302368,0.04142620041966438,211207,23,8,False,Right,Front,Centre,Left,77
<_io.BytesIO object at 0x00000245C1D669F0>,0.9290985465049744,0.0060483491979539394,0.005770903080701828,211207,23,8,False,Right,Front,Centre,Left,77
<_io.BytesIO object at 0x00000245BEF44A90>,0.555756151676178,0.03397632762789726,-0.06702674925327301,211208,23,8,False,Right,Front,Centre,Left,77
<_io.BytesIO object at 0x00000245C1D76130>,0.5784376859664917,0.0705776959657669,-0.17943546175956726,211208,23,8,False,Right,Front,Centre,Left,77
<_io.BytesIO object at 0x00000245C1D76D10>,0.6153563857078552,0.1111820638179779,-0.09976109862327576,211208,23,8,False,Right,Front,Centre,Left,77
<_io.BytesIO object at 0x00000245C1D76F40>,0.5377876162528992,0.0844307467341423,-0.14179418981075287,211208,23,8,False,Right,Front,Centre,Left,77
<_io.BytesIO object at 0x00000245C1D76180>,0.5200653672218323,0.04923083633184433,-0.1393538862466812,211208,23,8,False,Right,Front,Centre,Left,77
<_io.BytesIO object at 0x00000245C1D76DB0>,0.8787107467651367,0.04227111116051674,-0.0448569729924202,211208,23,8,False,Right,Front,Centre,Left,77
<_io.BytesIO object at 0x00000245C1D999F0>,0.8380688428878784,0.0404047928750515,-0.045788150280714035,211208,23,8,False,Right,Front,Centre,Left,77
<_io.BytesIO object at 0x00000245C1D99720>,0.9013758301734924,0.006311908829957247,-0.05924734100699425,211208,23,8,False,Right,Front,Centre,Left,77
<_io.BytesIO object at 0x00000245C1D99540>,0.8428675532341003,0.049578119069337845,0.04141761735081673,211208,23,8,False,Right,Front,Centre,Left,77
<_io.BytesIO object at 0x00000245C1D99D10>,0.929106593132019,0.006040184758603573,0.005750829819589853,211208,23,8,False,Right,Front,Centre,Left,77
<_io.BytesIO object at 0x00000245BEF44AE0>,0.5558015704154968,0.03633677214384079,-0.06641217321157455,211209,23,8,False,Right,Front,Centre,Left,77
<_io.BytesIO object at 0x00000245C1D76BD0>,0.5785927176475525,0.07230958342552185,-0.1790100634098053,211209,23,8,False,Right,Front,Centre,Left,77
<_io.BytesIO object at 0x00000245C1D763B0>,0.6146448850631714,0.11392691731452942,-0.09929541498422623,211209,23,8,False,Right,Front,Centre,Left,77
<_io.BytesIO object at 0x00000245C1D76400>,0.537817656993866,0.0860772430896759,-0.14145421981811523,211209,23,8,False,Right,Front,Centre,Left,77
<_io.BytesIO object at 0x00000245C1D76CC0>,0.5203849077224731,0.0506950207054615,-0.13886891305446625,211209,23,8,False,Right,Front,Centre,Left,77
<_io.BytesIO object at 0x00000245C1D76A40>,0.8787336945533752,0.04226383566856384,-0.044850513339042664,211209,23,8,False,Right,Front,Centre,Left,77
<_io.BytesIO object at 0x00000245C1D769F0>,0.8380931615829468,0.04041430726647377,-0.04579444229602814,211209,23,8,False,Right,Front,Centre,Left,77
<_io.BytesIO object at 0x00000245C1D99860>,0.9013947248458862,0.006281303707510233,-0.05924539268016815,211209,23,8,False,Right,Front,Centre,Left,77
<_io.BytesIO object at 0x00000245C1D99400>,0.8428743481636047,0.049580492079257965,0.04141506552696228,211209,23,8,False,Right,Front,Centre,Left,77
<_io.BytesIO object at 0x00000245C1D99130>,0.929117739200592,0.006023968104273081,0.0057592615485191345,211209,23,8,False,Right,Front,Centre,Left,77
<_io.BytesIO object at 0x00000245C1D99270>,0.556056797504425,0.038542043417692184,-0.06545396894216537,211210,23,8,False,Right,Front,Centre,Left,77
<_io.BytesIO object at 0x00000245C1D99EA0>,0.5790172219276428,0.07389677315950394,-0.17827817797660828,211210,23,8,False,Right,Front,Centre,Left,77
<_io.BytesIO object at 0x00000245C1D99360>,0.6138970255851746,0.11645547300577164,-0.098625048995018,211210,23,8,False,Right,Front,Centre,Left,77
<_io.BytesIO object at 0x00000245C1D665E0>,0.537822425365448,0.08767828345298767,-0.14103461802005768,211210,23,8,False,Right,Front,Centre,Left,77
<_io.BytesIO object at 0x00000245C1D66C20>,0.5206905603408813,0.052012331783771515,-0.1385001838207245,211210,23,8,False,Right,Front,Centre,Left,77
<_io.BytesIO object at 0x00000245C1D66950>,0.878778338432312,0.042188338935375214,-0.0449393130838871,211210,23,8,False,Right,Front,Centre,Left,77
<_io.BytesIO object at 0x00000245C1D660E0>,0.8381156921386719,0.040397759526968,-0.04581082612276077,211210,23,8,False,Right,Front,Centre,Left,77
<_io.BytesIO object at 0x00000245C1D66310>,0.9014174342155457,0.006240740418434143,-0.059249624609947205,211210,23,8,False,Right,Front,Centre,Left,77
<_io.BytesIO object at 0x00000245C1D66F90>,0.842889130115509,0.049580253660678864,0.04141160845756531,211210,23,8,False,Right,Front,Centre,Left,77
<_io.BytesIO object at 0x00000245C1D66220>,0.929125189781189,0.006013256032019854,0.005762530490756035,211210,23,8,False,Right,Front,Centre,Left,77
<_io.BytesIO object at 0x00000245C1D76EA0>,0.5561593174934387,0.04075366258621216,-0.06447359174489975,211211,23,8,False,Right,Front,Centre,Left,77
<_io.BytesIO object at 0x00000245C1D765E0>,0.5794383883476257,0.07578451931476593,-0.177453875541687,211211,23,8,False,Right,Front,Centre,Left,77
<_io.BytesIO object at 0x00000245C1D769F0>,0.6134087443351746,0.11899310350418091,-0.09791954606771469,211211,23,8,False,Right,Front,Centre,Left,77
<_io.BytesIO object at 0x00000245C1D665E0>,0.537956714630127,0.08904364705085754,-0.14046165347099304,211211,23,8,False,Right,Front,Centre,Left,77
<_io.BytesIO object at 0x00000245C1D660E0>,0.5211725831031799,0.05337497219443321,-0.13761286437511444,211211,23,8,False,Right,Front,Centre,Left,77
<_io.BytesIO object at 0x00000245C1D66450>,0.8788092136383057,0.04215307533740997,-0.04496396332979202,211211,23,8,False,Right,Front,Centre,Left,77
<_io.BytesIO object at 0x00000245C1D66130>,0.8381762504577637,0.04040020704269409,-0.045858483761548996,211211,23,8,False,Right,Front,Centre,Left,77
<_io.BytesIO object at 0x00000245C1D66DB0>,0.9014362692832947,0.006190457846969366,-0.059229545295238495,211211,23,8,False,Right,Front,Centre,Left,77
<_io.BytesIO object at 0x00000245C1D66E00>,0.8428997993469238,0.0495794415473938,0.04139847308397293,211211,23,8,False,Right,Front,Centre,Left,77
<_io.BytesIO object at 0x00000245C1D66040>,0.9291426539421082,0.00599356833845377,0.005753570701926947,211211,23,8,False,Right,Front,Centre,Left,77
<_io.BytesIO object at 0x00000245C1D99C20>,0.5563546419143677,0.042859770357608795,-0.06339206546545029,211212,23,8,False,Right,Front,Centre,Left,77
<_io.BytesIO object at 0x00000245C1D99720>,0.5800549983978271,0.07741402834653854,-0.17637881636619568,211212,23,8,False,Right,Front,Centre,Left,77
<_io.BytesIO object at 0x00000245C1D99950>,0.6127619743347168,0.1214660182595253,-0.09696753323078156,211212,23,8,False,Right,Front,Centre,Left,77
<_io.BytesIO object at 0x00000245C1D665E0>,0.5379409193992615,0.09050518274307251,-0.13977403938770294,211212,23,8,False,Right,Front,Centre,Left,77
<_io.BytesIO object at 0x00000245C1D66130>,0.5215568542480469,0.05464649572968483,-0.13710962235927582,211212,23,8,False,Right,Front,Centre,Left,77
<_io.BytesIO object at 0x00000245C1D66EA0>,0.8788261413574219,0.04212116822600365,-0.04497080296278,211212,23,8,False,Right,Front,Centre,Left,77
<_io.BytesIO object at 0x00000245C1D668B0>,0.8381897211074829,0.04036789759993553,-0.04586635157465935,211212,23,8,False,Right,Front,Centre,Left,77
<_io.BytesIO object at 0x00000245C1D66540>,0.9014727473258972,0.006143886595964432,-0.05921487882733345,211212,23,8,False,Right,Front,Centre,Left,77
<_io.BytesIO object at 0x00000245C1D664F0>,0.8429506421089172,0.04956385865807533,0.041365496814250946,211212,23,8,False,Right,Front,Centre,Left,77
<_io.BytesIO object at 0x00000245C1D66950>,0.9291613101959229,0.005974215921014547,0.005756860598921776,211212,23,8,False,Right,Front,Centre,Left,77
<_io.BytesIO object at 0x00000245BEF44AE0>,0.556414008140564,0.04485233128070831,-0.06214698404073715,211213,23,8,False,Right,Front,Centre,Left,77
<_io.BytesIO object at 0x00000245C1D99B30>,0.5804566740989685,0.07924119383096695,-0.17510873079299927,211213,23,8,False,Right,Front,Centre,Left,77
<_io.BytesIO object at 0x00000245C1D99EA0>,0.6122841835021973,0.12375227361917496,-0.09597044438123703,211213,23,8,False,Right,Front,Centre,Left,77
<_io.BytesIO object at 0x00000245C1D999A0>,0.5381096601486206,0.09174281358718872,-0.13897395133972168,211213,23,8,False,Right,Front,Centre,Left,77
<_io.BytesIO object at 0x00000245C1D99130>,0.5220125317573547,0.05572063848376274,-0.13620911538600922,211213,23,8,False,Right,Front,Centre,Left,77
<_io.BytesIO object at 0x00000245C1D99E00>,0.8788831233978271,0.04203806445002556,-0.04501398652791977,211213,23,8,False,Right,Front,Centre,Left,77
<_io.BytesIO object at 0x00000245C1D764A0>,0.8382035493850708,0.04032876715064049,-0.045880187302827835,211213,23,8,False,Right,Front,Centre,Left,77
<_io.BytesIO object at 0x00000245C1D76590>,0.90150386095047,0.006080820225179195,-0.05921575054526329,211213,23,8,False,Right,Front,Centre,Left,77
<_io.BytesIO object at 0x00000245C1D76680>,0.8429693579673767,0.04956604167819023,0.04135792702436447,211213,23,8,False,Right,Front,Centre,Left,77
<_io.BytesIO object at 0x00000245C1D76F90>,0.9291829466819763,0.005961565300822258,0.0057561928406357765,211213,23,8,False,Right,Front,Centre,Left,77
<_io.BytesIO object at 0x00000245BEF44B30>,0.5565159916877747,0.0468277670443058,-0.060682930052280426,211214,23,8,False,Right,Front,Centre,Left,77
<_io.BytesIO object at 0x00000245C1D99900>,0.5811417698860168,0.08074573427438736,-0.1737840473651886,211214,23,8,False,Right,Front,Centre,Left,77
<_io.BytesIO object at 0x00000245C1D99360>,0.6119346022605896,0.1258050948381424,-0.09479272365570068,211214,23,8,False,Right,Front,Centre,Left,77
<_io.BytesIO object at 0x00000245C1D99860>,0.5382958650588989,0.09301694482564926,-0.1381048709154129,211214,23,8,False,Right,Front,Centre,Left,77
<_io.BytesIO object at 0x00000245C1D99C20>,0.5224918723106384,0.05680370330810547,-0.13532841205596924,211214,23,8,False,Right,Front,Centre,Left,77
<_io.BytesIO object at 0x00000245C1D99D10>,0.8788918256759644,0.04199819639325142,-0.04502394050359726,211214,23,8,False,Right,Front,Centre,Left,77
<_io.BytesIO object at 0x00000245C1D76EA0>,0.8382056951522827,0.04029028117656708,-0.04587509483098984,211214,23,8,False,Right,Front,Centre,Left,77
<_io.BytesIO object at 0x00000245C1D76E50>,0.9015039801597595,0.005960497073829174,-0.05919962003827095,211214,23,8,False,Right,Front,Centre,Left,77
<_io.BytesIO object at 0x00000245C1D76B30>,0.8429856896400452,0.049568526446819305,0.0413530133664608,211214,23,8,False,Right,Front,Centre,Left,77
<_io.BytesIO object at 0x00000245C1D769F0>,0.9291936755180359,0.005955944769084454,0.005754626356065273,211214,23,8,False,Right,Front,Centre,Left,77
<_io.BytesIO object at 0x00000245C1D767C0>,0.5564408302307129,0.04854787513613701,-0.05904687941074371,211215,23,8,False,Right,Front,Centre,Left,77
<_io.BytesIO object at 0x00000245C1D766D0>,0.5817010998725891,0.0824619010090828,-0.17250950634479523,211215,23,8,False,Right,Front,Centre,Left,77
<_io.BytesIO object at 0x00000245C1D99C20>,0.6117830872535706,0.1279749870300293,-0.09346090257167816,211215,23,8,False,Right,Front,Centre,Left,77
<_io.BytesIO object at 0x00000245C1D999A0>,0.5386038422584534,0.09415492415428162,-0.13706925511360168,211215,23,8,False,Right,Front,Centre,Left,77
<_io.BytesIO object at 0x00000245C1D99950>,0.5230369567871094,0.05794136971235275,-0.13417461514472961,211215,23,8,False,Right,Front,Centre,Left,77
<_io.BytesIO object at 0x00000245C1D99450>,0.8788944482803345,0.041979335248470306,-0.0450233556330204,211215,23,8,False,Right,Front,Centre,Left,77
<_io.BytesIO object at 0x00000245C1D99310>,0.838152289390564,0.04022414982318878,-0.04583439975976944,211215,23,8,False,Right,Front,Centre,Left,77
<_io.BytesIO object at 0x00000245BEF44A90>,0.901506245136261,0.005913831759244204,-0.05915345624089241,211215,23,8,False,Right,Front,Centre,Left,77
<_io.BytesIO object at 0x00000245BEF44450>,0.8429856896400452,0.04958067834377289,0.04136066883802414,211215,23,8,False,Right,Front,Centre,Left,77
<_io.BytesIO object at 0x00000245C1D665E0>,0.929193913936615,0.0059652673080563545,0.005758696235716343,211215,23,8,False,Right,Front,Centre,Left,77
<_io.BytesIO object at 0x00000245C1D991D0>,0.5565429925918579,0.050125475972890854,-0.057407405227422714,211216,23,8,False,Right,Front,Centre,Left,77
<_io.BytesIO object at 0x00000245C1D99EA0>,0.5838926434516907,0.08490423113107681,-0.1695394217967987,211216,23,8,False,Right,Front,Centre,Left,77
<_io.BytesIO object at 0x00000245C1D99540>,0.6116684079170227,0.12965187430381775,-0.09199792891740799,211216,23,8,False,Right,Front,Centre,Left,77
<_io.BytesIO object at 0x00000245C1D995E0>,0.5387112498283386,0.0951046496629715,-0.1357881873846054,211216,23,8,False,Right,Front,Centre,Left,77
<_io.BytesIO object at 0x00000245C1D99720>,0.5234121680259705,0.0588289350271225,-0.13322876393795013,211216,23,8,False,Right,Front,Centre,Left,77
<_io.BytesIO object at 0x00000245C1D99860>,0.8788809776306152,0.041959017515182495,-0.04501725733280182,211216,23,8,False,Right,Front,Centre,Left,77
<_io.BytesIO object at 0x00000245C1D76DB0>,0.8381366729736328,0.0402103066444397,-0.04581014811992645,211216,23,8,False,Right,Front,Centre,Left,77
<_io.BytesIO object at 0x00000245C1D76360>,0.9014964699745178,0.005880625918507576,-0.05913032591342926,211216,23,8,False,Right,Front,Centre,Left,77
<_io.BytesIO object at 0x00000245C1D76040>,0.8429799675941467,0.04958672821521759,0.041374322026968,211216,23,8,False,Right,Front,Centre,Left,77
<_io.BytesIO object at 0x00000245C1D769A0>,0.9291878342628479,0.005981084890663624,0.005752981640398502,211216,23,8,False,Right,Front,Centre,Left,77
<_io.BytesIO object at 0x00000245C1D99DB0>,0.5565235614776611,0.051535531878471375,-0.05585024505853653,211217,23,8,False,Right,Front,Centre,Left,77
<_io.BytesIO object at 0x00000245C1D99950>,0.5836560130119324,0.0854756236076355,-0.16847486793994904,211217,23,8,False,Right,Front,Centre,Left,77
<_io.BytesIO object at 0x00000245C1D76D10>,0.6112775802612305,0.13106000423431396,-0.0902952253818512,211217,23,8,False,Right,Front,Centre,Left,77
<_io.BytesIO object at 0x00000245C1D76A90>,0.5390556454658508,0.09597903490066528,-0.13445059955120087,211217,23,8,False,Right,Front,Centre,Left,77
<_io.BytesIO object at 0x00000245C1D76450>,0.5239771604537964,0.059684935957193375,-0.13176825642585754,211217,23,8,False,Right,Front,Centre,Left,77
<_io.BytesIO object at 0x00000245C1D76E50>,0.8788641095161438,0.04196535423398018,-0.04499845951795578,211217,23,8,False,Right,Front,Centre,Left,77
<_io.BytesIO object at 0x00000245C1D76EF0>,0.8381231427192688,0.04021524265408516,-0.04578042030334473,211217,23,8,False,Right,Front,Centre,Left,77
<_io.BytesIO object at 0x00000245C1D76860>,0.9014689922332764,0.005847973749041557,-0.05909716337919235,211217,23,8,False,Right,Front,Centre,Left,77
<_io.BytesIO object at 0x00000245C1D76130>,0.8429334759712219,0.04962126165628433,0.04141045734286308,211217,23,8,False,Right,Front,Centre,Left,77
<_io.BytesIO object at 0x00000245C1D66220>,0.9291821718215942,0.005990993697196245,0.0057559506967663765,211217,23,8,False,Right,Front,Centre,Left,77
<_io.BytesIO object at 0x00000245C1D76D10>,0.5567242503166199,0.05272706598043442,-0.054024167358875275,211218,23,8,False,Right,Front,Centre,Left,77
<_io.BytesIO object at 0x00000245C1D76770>,0.5838061571121216,0.08636939525604248,-0.16732652485370636,211218,23,8,False,Right,Front,Centre,Left,77
<_io.BytesIO object at 0x00000245C1D76040>,0.6111702919006348,0.13186535239219666,-0.08840669691562653,211218,23,8,False,Right,Front,Centre,Left,77
<_io.BytesIO object at 0x00000245C1D76EA0>,0.539309561252594,0.0968940481543541,-0.13292309641838074,211218,23,8,False,Right,Front,Centre,Left,77
<_io.BytesIO object at 0x00000245C1D999A0>,0.5244207382202148,0.06036730483174324,-0.1303516924381256,211218,23,8,False,Right,Front,Centre,Left,77
<_io.BytesIO object at 0x00000245C1D99E00>,0.8787909150123596,0.04199342429637909,-0.044946033507585526,211218,23,8,False,Right,Front,Centre,Left,77
<_io.BytesIO object at 0x00000245C1D99C20>,0.8380986452102661,0.040205568075180054,-0.04575696215033531,211218,23,8,False,Right,Front,Centre,Left,77
<_io.BytesIO object at 0x00000245C1D99720>,0.9014763832092285,0.005858124699443579,-0.059030767530202866,211218,23,8,False,Right,Front,Centre,Left,77
<_io.BytesIO object at 0x00000245C1D99B30>,0.8429242372512817,0.04963554069399834,0.041431255638599396,211218,23,8,False,Right,Front,Centre,Left,77
<_io.BytesIO object at 0x00000245C1D99D10>,0.9291722178459167,0.0059996903873980045,0.005765211768448353,211218,23,8,False,Right,Front,Centre,Left,77
<_io.BytesIO object at 0x00000245C1D99400>,0.557354211807251,0.052894286811351776,-0.05343731492757797,211219,23,8,False,Right,Front,Centre,Left,77
<_io.BytesIO object at 0x00000245C1D992C0>,0.5839122533798218,0.08723407983779907,-0.16568464040756226,211219,23,8,False,Right,Front,Centre,Left,77
<_io.BytesIO object at 0x00000245C1D76450>,0.6114137768745422,0.13312706351280212,-0.08634807914495468,211219,23,8,False,Right,Front,Centre,Left,77
<_io.BytesIO object at 0x00000245C1D76DB0>,0.5396389961242676,0.09757483750581741,-0.13133828341960907,211219,23,8,False,Right,Front,Centre,Left,77
<_io.BytesIO object at 0x00000245C1D76630>,0.524928867816925,0.06117638945579529,-0.12886196374893188,211219,23,8,False,Right,Front,Centre,Left,77
<_io.BytesIO object at 0x00000245C1D76E00>,0.8788379430770874,0.04194195196032524,-0.04495584964752197,211219,23,8,False,Right,Front,Centre,Left,77
<_io.BytesIO object at 0x00000245C1D76860>,0.8380947113037109,0.04019129276275635,-0.04573602229356766,211219,23,8,False,Right,Front,Centre,Left,77
<_io.BytesIO object at 0x00000245C1D769F0>,0.9014545679092407,0.005818357691168785,-0.05900771915912628,211219,23,8,False,Right,Front,Centre,Left,77
<_io.BytesIO object at 0x00000245C1D66130>,0.8429300785064697,0.04964614287018776,0.04144398868083954,211219,23,8,False,Right,Front,Centre,Left,77
<_io.BytesIO object at 0x00000245C1D66540>,0.9291673898696899,0.006001456640660763,0.005764273460954428,211219,23,8,False,Right,Front,Centre,Left,77
<_io.BytesIO object at 0x00000245C1D99DB0>,0.5576059818267822,0.05356597900390625,-0.05151897296309471,211220,23,8,False,Right,Front,Centre,Left,77
<_io.BytesIO object at 0x00000245C1D99EF0>,0.5843195915222168,0.08825331926345825,-0.1640293300151825,211220,23,8,False,Right,Front,Centre,Left,77
<_io.BytesIO object at 0x00000245C1D99950>,0.6116551160812378,0.1340218335390091,-0.08404500782489777,211220,23,8,False,Right,Front,Centre,Left,77
<_io.BytesIO object at 0x00000245C1D99040>,0.5398943424224854,0.098194919526577,-0.12951955199241638,211220,23,8,False,Right,Front,Centre,Left,77
<_io.BytesIO object at 0x00000245C1D99D60>,0.525404155254364,0.06173016503453255,-0.1272209733724594,211220,23,8,False,Right,Front,Centre,Left,77
<_io.BytesIO object at 0x00000245C1D999F0>,0.8787853121757507,0.04196768254041672,-0.044923409819602966,211220,23,8,False,Right,Front,Centre,Left,77
<_io.BytesIO object at 0x00000245C1D99400>,0.8380953669548035,0.040173012763261795,-0.04572431743144989,211220,23,8,False,Right,Front,Centre,Left,77
<_io.BytesIO object at 0x00000245C1D76D10>,0.9014785885810852,0.005795768927782774,-0.058963075280189514,211220,23,8,False,Right,Front,Centre,Left,77
<_io.BytesIO object at 0x00000245C1D765E0>,0.8429423570632935,0.04964933916926384,0.04143938049674034,211220,23,8,False,Right,Front,Centre,Left,77
<_io.BytesIO object at 0x00000245C1D76360>,0.9291697144508362,0.005993487313389778,0.005768974777311087,211220,23,8,False,Right,Front,Centre,Left,77
<_io.BytesIO object at 0x00000245C1D76540>,0.5577932000160217,0.053818777203559875,-0.04969002678990364,211221,23,8,False,Right,Front,Centre,Left,77
<_io.BytesIO object at 0x00000245C1D76400>,0.5847415328025818,0.08918915688991547,-0.16202989220619202,211221,23,8,False,Right,Front,Centre,Left,77
<_io.BytesIO object at 0x00000245C1D76680>,0.6115158796310425,0.13409830629825592,-0.08157070726156235,211221,23,8,False,Right,Front,Centre,Left,77
<_io.BytesIO object at 0x00000245C1D764F0>,0.5402857065200806,0.09872119128704071,-0.1276886761188507,211221,23,8,False,Right,Front,Centre,Left,77
<_io.BytesIO object at 0x00000245C1D764A0>,0.525830090045929,0.0622987374663353,-0.12546253204345703,211221,23,8,False,Right,Front,Centre,Left,77
<_io.BytesIO object at 0x00000245BEF44C70>,0.878852128982544,0.04191255196928978,-0.044942885637283325,211221,23,8,False,Right,Front,Centre,Left,77
<_io.BytesIO object at 0x00000245C1D99540>,0.8380997776985168,0.040157198905944824,-0.04571133852005005,211221,23,8,False,Right,Front,Centre,Left,77
<_io.BytesIO object at 0x00000245C1D99220>,0.9015024900436401,0.005800092127174139,-0.05886031687259674,211221,23,8,False,Right,Front,Centre,Left,77
<_io.BytesIO object at 0x00000245C1D99450>,0.8429561853408813,0.049648161977529526,0.04144727811217308,211221,23,8,False,Right,Front,Centre,Left,77
<_io.BytesIO object at 0x00000245C1D99630>,0.9291747212409973,0.005990891717374325,0.005783287342637777,211221,23,8,False,Right,Front,Centre,Left,77
<_io.BytesIO object at 0x00000245C1D99950>,0.5581483244895935,0.05397077277302742,-0.047745026648044586,211222,23,8,False,Right,Front,Centre,Left,77
<_io.BytesIO object at 0x00000245C1D99F40>,0.5853475332260132,0.09015346318483353,-0.1598420888185501,211222,23,8,False,Right,Front,Centre,Left,77
<_io.BytesIO object at 0x00000245C1D99180>,0.6114928126335144,0.13458512723445892,-0.07894250005483627,211222,23,8,False,Right,Front,Centre,Left,77
<_io.BytesIO object at 0x00000245C1D660E0>,0.5405600070953369,0.09907479584217072,-0.12567341327667236,211222,23,8,False,Right,Front,Centre,Left,77
<_io.BytesIO object at 0x00000245C1D666D0>,0.5264384150505066,0.06252491474151611,-0.1236395388841629,211222,23,8,False,Right,Front,Centre,Left,77
<_io.BytesIO object at 0x00000245C1D664F0>,0.8788560628890991,0.041898712515830994,-0.044927895069122314,211222,23,8,False,Right,Front,Centre,Left,77
<_io.BytesIO object at 0x00000245C1D665E0>,0.838096559047699,0.04015178605914116,-0.045694977045059204,211222,23,8,False,Right,Front,Centre,Left,77
<_io.BytesIO object at 0x00000245C1D66360>,0.9014818668365479,0.0057534268125891685,-0.0588555745780468,211222,23,8,False,Right,Front,Centre,Left,77
<_io.BytesIO object at 0x00000245C1D66090>,0.8429929614067078,0.049640391021966934,0.04145347326993942,211222,23,8,False,Right,Front,Centre,Left,77
<_io.BytesIO object at 0x00000245C1D66450>,0.9291830062866211,0.005996197462081909,0.005806760862469673,211222,23,8,False,Right,Front,Centre,Left,77
<_io.BytesIO object at 0x00000245C1D766D0>,0.5583497881889343,0.05378996953368187,-0.04584655910730362,211223,23,8,False,Right,Front,Centre,Left,77
<_io.BytesIO object at 0x00000245C1D76130>,0.5857515335083008,0.09078561514616013,-0.15768682956695557,211223,23,8,False,Right,Front,Centre,Left,77
<_io.BytesIO object at 0x00000245C1D76E50>,0.6115941405296326,0.13498841226100922,-0.07623018324375153,211223,23,8,False,Right,Front,Centre,Left,77
<_io.BytesIO object at 0x00000245C1D76220>,0.5409209728240967,0.0991741493344307,-0.12362298369407654,211223,23,8,False,Right,Front,Centre,Left,77
<_io.BytesIO object at 0x00000245C1D03BD0>,0.5270578861236572,0.06254535168409348,-0.12175846844911575,211223,23,8,False,Right,Front,Centre,Left,77
<_io.BytesIO object at 0x00000245C1D03E50>,0.8788439631462097,0.041813790798187256,-0.04487081989645958,211223,23,8,False,Right,Front,Centre,Left,77
<_io.BytesIO object at 0x00000245C1D03770>,0.8381004333496094,0.040139470249414444,-0.04567946866154671,211223,23,8,False,Right,Front,Centre,Left,77
<_io.BytesIO object at 0x00000245C1D039F0>,0.9014896154403687,0.005740437190979719,-0.05882272124290466,211223,23,8,False,Right,Front,Centre,Left,77
<_io.BytesIO object at 0x00000245C1D03900>,0.8429624438285828,0.04968101531267166,0.04144042730331421,211223,23,8,False,Right,Front,Centre,Left,77
<_io.BytesIO object at 0x00000245C1D03040>,0.9291821122169495,0.00599987106397748,0.005822577979415655,211223,23,8,False,Right,Front,Centre,Left,77
<_io.BytesIO object at 0x00000245C1D86B30>,0.5587052702903748,0.05369944870471954,-0.043800417333841324,211224,23,8,False,Right,Front,Centre,Left,77
<_io.BytesIO object at 0x00000245C1D86900>,0.5861985087394714,0.09148573130369186,-0.15542353689670563,211224,23,8,False,Right,Front,Centre,Left,77
<_io.BytesIO object at 0x00000245C1D86360>,0.6114934682846069,0.13530954718589783,-0.07346893846988678,211224,23,8,False,Right,Front,Centre,Left,77
<_io.BytesIO object at 0x00000245C1D863B0>,0.5412201285362244,0.099185049533844,-0.12148139625787735,211224,23,8,False,Right,Front,Centre,Left,77
<_io.BytesIO object at 0x00000245C1D86860>,0.5277099609375,0.06253374367952347,-0.11985486000776291,211224,23,8,False,Right,Front,Centre,Left,77
<_io.BytesIO object at 0x00000245C1D86680>,0.8788497447967529,0.04179765656590462,-0.044851627200841904,211224,23,8,False,Right,Front,Centre,Left,77
<_io.BytesIO object at 0x00000245C1D86C20>,0.8381086587905884,0.04013184458017349,-0.04566410928964615,211224,23,8,False,Right,Front,Centre,Left,77
<_io.BytesIO object at 0x00000245C1D030E0>,0.9014921188354492,0.00572409899905324,-0.05879480391740799,211224,23,8,False,Right,Front,Centre,Left,77
<_io.BytesIO object at 0x00000245C1D03590>,0.8429725766181946,0.049675844609737396,0.041492901742458344,211224,23,8,False,Right,Front,Centre,Left,77
<_io.BytesIO object at 0x00000245C1D03CC0>,0.9291775226593018,0.005998377688229084,0.005831337068229914,211224,23,8,False,Right,Front,Centre,Left,77
<_io.BytesIO object at 0x00000245C1D997C0>,0.5589834451675415,0.05339433625340462,-0.04177958145737648,211225,23,8,False,Right,Front,Centre,Left,77
<_io.BytesIO object at 0x00000245C1D99180>,0.586856484413147,0.0921928808093071,-0.15325036644935608,211225,23,8,False,Right,Front,Centre,Left,77
<_io.BytesIO object at 0x00000245C1D660E0>,0.6113184094429016,0.13566146790981293,-0.07082551717758179,211225,23,8,False,Right,Front,Centre,Left,77
<_io.BytesIO object at 0x00000245C1D66B80>,0.5415557622909546,0.09916634857654572,-0.11931401491165161,211225,23,8,False,Right,Front,Centre,Left,77
<_io.BytesIO object at 0x00000245C1D666D0>,0.5284106731414795,0.062351860105991364,-0.11784020811319351,211225,23,8,False,Right,Front,Centre,Left,77
<_io.BytesIO object at 0x00000245C1D66130>,0.8788629770278931,0.041795551776885986,-0.044846061617136,211225,23,8,False,Right,Front,Centre,Left,77
<_io.BytesIO object at 0x00000245C1D66D10>,0.8381145596504211,0.04012804105877876,-0.04565545171499252,211225,23,8,False,Right,Front,Centre,Left,77
<_io.BytesIO object at 0x00000245C1D66680>,0.9015069603919983,0.005706424359232187,-0.05876434966921806,211225,23,8,False,Right,Front,Centre,Left,77
<_io.BytesIO object at 0x00000245C1D66630>,0.8430015444755554,0.04967748746275902,0.041447725147008896,211225,23,8,False,Right,Front,Centre,Left,77
<_io.BytesIO object at 0x00000245C1D66A90>,0.9291905760765076,0.00600704038515687,0.005842464044690132,211225,23,8,False,Right,Front,Centre,Left,77
<_io.BytesIO object at 0x00000245C1D8D630>,0.5592584609985352,0.05314095318317413,-0.03962581977248192,211226,23,8,False,Right,Front,Centre,Left,77
<_io.BytesIO object at 0x00000245B9A354F0>,0.5873161554336548,0.09267796576023102,-0.15082351863384247,211226,23,8,False,Right,Front,Centre,Left,77
<_io.BytesIO object at 0x00000245C1D0C4F0>,0.611086368560791,0.1360444575548172,-0.06806832551956177,211226,23,8,False,Right,Front,Centre,Left,77
<_io.BytesIO object at 0x00000245C1D0CD10>,0.541767418384552,0.0988595187664032,-0.1169138178229332,211226,23,8,False,Right,Front,Centre,Left,77
<_io.BytesIO object at 0x00000245C1D0C400>,0.5290756225585938,0.06214068830013275,-0.11571832746267319,211226,23,8,False,Right,Front,Centre,Left,77
<_io.BytesIO object at 0x00000245C1D0CEA0>,0.8788378834724426,0.04176734760403633,-0.04479587823152542,211226,23,8,False,Right,Front,Centre,Left,77
<_io.BytesIO object at 0x00000245C1D0C770>,0.8381291627883911,0.04012678563594818,-0.04563973471522331,211226,23,8,False,Right,Front,Centre,Left,77
<_io.BytesIO object at 0x00000245C1D0C9F0>,0.9015225768089294,0.005692878272384405,-0.058735016733407974,211226,23,8,False,Right,Front,Centre,Left,77
<_io.BytesIO object at 0x00000245C1D0C5E0>,0.8430150151252747,0.04968990385532379,0.041460711508989334,211226,23,8,False,Right,Front,Centre,Left,77
<_io.BytesIO object at 0x00000245C1CCEB80>,0.9292101860046387,0.006004735827445984,0.005862176418304443,211226,23,8,False,Right,Front,Centre,Left,77
<_io.BytesIO object at 0x00000245C1CFE360>,0.5595812797546387,0.05310913920402527,-0.03734280914068222,211227,23,8,False,Right,Front,Centre,Left,77
<_io.BytesIO object at 0x00000245C1CFEF40>,0.5877726078033447,0.09283965826034546,-0.14836613833904266,211227,23,8,False,Right,Front,Centre,Left,77
<_io.BytesIO object at 0x00000245C1CFE900>,0.6109771728515625,0.13627442717552185,-0.06546720862388611,211227,23,8,False,Right,Front,Centre,Left,77
<_io.BytesIO object at 0x00000245C1CFE950>,0.5419937968254089,0.09867695719003677,-0.11463680118322372,211227,23,8,False,Right,Front,Centre,Left,77
<_io.BytesIO object at 0x00000245C1CFE720>,0.5294651985168457,0.062007006257772446,-0.11348838359117508,211227,23,8,False,Right,Front,Centre,Left,77
<_io.BytesIO object at 0x00000245C1CF80E0>,0.8788625597953796,0.04175883159041405,-0.044788483530282974,211227,23,8,False,Right,Front,Centre,Left,77
<_io.BytesIO object at 0x00000245C1CF8EA0>,0.838142991065979,0.04012390971183777,-0.045636288821697235,211227,23,8,False,Right,Front,Centre,Left,77
<_io.BytesIO object at 0x00000245C1CF8C70>,0.9015350937843323,0.005692901089787483,-0.05867369472980499,211227,23,8,False,Right,Front,Centre,Left,77
<_io.BytesIO object at 0x00000245C1CF8D60>,0.8430389165878296,0.0496952123939991,0.04146929085254669,211227,23,8,False,Right,Front,Centre,Left,77
<_io.BytesIO object at 0x00000245C1CF8360>,0.9292254447937012,0.006002023816108704,0.005876889452338219,211227,23,8,False,Right,Front,Centre,Left,77
<_io.BytesIO object at 0x00000245C1D87900>,0.5597832798957825,0.053168728947639465,-0.0348295196890831,211228,23,8,False,Right,Front,Centre,Left,77
<_io.BytesIO object at 0x00000245C1D87EF0>,0.5882227420806885,0.09311728179454803,-0.14595456421375275,211228,23,8,False,Right,Front,Centre,Left,77
<_io.BytesIO object at 0x00000245C1D87180>,0.6109125018119812,0.1366104930639267,-0.0629047304391861,211228,23,8,False,Right,Front,Centre,Left,77
<_io.BytesIO object at 0x00000245C1D874F0>,0.5425785779953003,0.09874603152275085,-0.11228678375482559,211228,23,8,False,Right,Front,Centre,Left,77
<_io.BytesIO object at 0x00000245C1D878B0>,0.5299702882766724,0.06195143982768059,-0.11122091859579086,211228,23,8,False,Right,Front,Centre,Left,77
<_io.BytesIO object at 0x00000245C1D87450>,0.8788658380508423,0.0417591854929924,-0.044776372611522675,211228,23,8,False,Right,Front,Centre,Left,77
<_io.BytesIO object at 0x00000245C1D87B30>,0.8381528854370117,0.0401303805410862,-0.0456276461482048,211228,23,8,False,Right,Front,Centre,Left,77
<_io.BytesIO object at 0x00000245C1D87130>,0.9015471935272217,0.005687398370355368,-0.058656107634305954,211228,23,8,False,Right,Front,Centre,Left,77
<_io.BytesIO object at 0x00000245C1D9ABD0>,0.8430514335632324,0.049703460186719894,0.04147747531533241,211228,23,8,False,Right,Front,Centre,Left,77
<_io.BytesIO object at 0x00000245C1D9A400>,0.9292309284210205,0.005999835208058357,0.005879121832549572,211228,23,8,False,Right,Front,Centre,Left,77
<_io.BytesIO object at 0x00000245C1CFEC70>,0.5601068139076233,0.053373172879219055,-0.03228497877717018,211229,23,8,False,Right,Front,Centre,Left,77
<_io.BytesIO object at 0x00000245C1CFED60>,0.5887508392333984,0.09340466558933258,-0.14339329302310944,211229,23,8,False,Right,Front,Centre,Left,77
<_io.BytesIO object at 0x00000245C1D68A90>,0.6109563112258911,0.1369851976633072,-0.06025952473282814,211229,23,8,False,Right,Front,Centre,Left,77
<_io.BytesIO object at 0x00000245C1D68BD0>,0.5428266525268555,0.09874706715345383,-0.10990659147500992,211229,23,8,False,Right,Front,Centre,Left,77
<_io.BytesIO object at 0x00000245C1D684F0>,0.5303656458854675,0.06213504076004028,-0.10841287672519684,211229,23,8,False,Right,Front,Centre,Left,77
<_io.BytesIO object at 0x00000245C1D68CC0>,0.8788706660270691,0.0417596735060215,-0.0447855219244957,211229,23,8,False,Right,Front,Centre,Left,77
<_io.BytesIO object at 0x00000245C1D68C20>,0.8381707668304443,0.040125612169504166,-0.045639075338840485,211229,23,8,False,Right,Front,Centre,Left,77
<_io.BytesIO object at 0x00000245C1D68950>,0.9015476703643799,0.0056783584877848625,-0.058659110218286514,211229,23,8,False,Right,Front,Centre,Left,77
<_io.BytesIO object at 0x00000245C1D68F40>,0.8430619835853577,0.04971242696046829,0.04148073121905327,211229,23,8,False,Right,Front,Centre,Left,77
<_io.BytesIO object at 0x00000245C1D68D60>,0.9292424321174622,0.005994882900267839,0.005871790461242199,211229,23,8,False,Right,Front,Centre,Left,77
<_io.BytesIO object at 0x00000245C1D0CF40>,0.560336709022522,0.0538577064871788,-0.02963835932314396,211230,23,8,False,Right,Front,Centre,Left,77
<_io.BytesIO object at 0x00000245B9A35400>,0.5892889499664307,0.0937374010682106,-0.14075395464897156,211230,23,8,False,Right,Front,Centre,Left,77
<_io.BytesIO object at 0x00000245C1D8D680>,0.6112886667251587,0.13744060695171356,-0.05760299786925316,211230,23,8,False,Right,Front,Centre,Left,77
<_io.BytesIO object at 0x00000245C1D8DEA0>,0.5432345271110535,0.09888289123773575,-0.10740784555673599,211230,23,8,False,Right,Front,Centre,Left,77
<_io.BytesIO object at 0x00000245C1D8DF40>,0.5308102369308472,0.06240282952785492,-0.1057821661233902,211230,23,8,False,Right,Front,Centre,Left,77
<_io.BytesIO object at 0x00000245C1D8D7C0>,0.8788720369338989,0.041767895221710205,-0.044786758720874786,211230,23,8,False,Right,Front,Centre,Left,77
<_io.BytesIO object at 0x00000245C1D8DBD0>,0.8381776809692383,0.040126558393239975,-0.04564746841788292,211230,23,8,False,Right,Front,Centre,Left,77
<_io.BytesIO object at 0x00000245C1D8DC20>,0.9015509486198425,0.00568035151809454,-0.05864742025732994,211230,23,8,False,Right,Front,Centre,Left,77
<_io.BytesIO object at 0x00000245C1D9D4F0>,0.8430660963058472,0.04970673844218254,0.04147012159228325,211230,23,8,False,Right,Front,Centre,Left,77
<_io.BytesIO object at 0x00000245C1D9D590>,0.9292421936988831,0.0059901075437664986,0.005877641960978508,211230,23,8,False,Right,Front,Centre,Left,77
<_io.BytesIO object at 0x00000245C1D99E50>,0.5605236291885376,0.05428750813007355,-0.026970529928803444,211231,23,8,False,Right,Front,Centre,Left,77
<_io.BytesIO object at 0x00000245C1D99C70>,0.58952796459198,0.09388115257024765,-0.13800327479839325,211231,23,8,False,Right,Front,Centre,Left,77
<_io.BytesIO object at 0x00000245C1D99630>,0.6114910840988159,0.13786618411540985,-0.055083420127630234,211231,23,8,False,Right,Front,Centre,Left,77
<_io.BytesIO object at 0x00000245C1D99400>,0.5435179471969604,0.09926018863916397,-0.10482356697320938,211231,23,8,False,Right,Front,Centre,Left,77
<_io.BytesIO object at 0x00000245BEF44450>,0.5312004089355469,0.062351252883672714,-0.10328109562397003,211231,23,8,False,Right,Front,Centre,Left,77
<_io.BytesIO object at 0x00000245C1D76900>,0.8788840770721436,0.04176120460033417,-0.044815536588430405,211231,23,8,False,Right,Front,Centre,Left,77
<_io.BytesIO object at 0x00000245C1D76EA0>,0.838240385055542,0.040150053799152374,-0.04572929069399834,211231,23,8,False,Right,Front,Centre,Left,77
<_io.BytesIO object at 0x00000245C1D761D0>,0.9015570878982544,0.005648151505738497,-0.05869374796748161,211231,23,8,False,Right,Front,Centre,Left,77
<_io.BytesIO object at 0x00000245C1D76630>,0.8430696725845337,0.04970399662852287,0.04145584627985954,211231,23,8,False,Right,Front,Centre,Left,77
<_io.BytesIO object at 0x00000245C1D765E0>,0.929243803024292,0.005986977834254503,0.0058733313344419,211231,23,8,False,Right,Front,Centre,Left,77
<_io.BytesIO object at 0x00000245C1D866D0>,0.560798168182373,0.0549122579395771,-0.024070560932159424,211232,23,8,False,Right,Front,Centre,Left,77
<_io.BytesIO object at 0x00000245C1D86130>,0.5898562073707581,0.09411796927452087,-0.13531075417995453,211232,23,8,False,Right,Front,Centre,Left,77
<_io.BytesIO object at 0x00000245C1D86450>,0.6117444634437561,0.13835494220256805,-0.05241113528609276,211232,23,8,False,Right,Front,Centre,Left,77
<_io.BytesIO object at 0x00000245C1D86360>,0.5438951849937439,0.09962965548038483,-0.10208781063556671,211232,23,8,False,Right,Front,Centre,Left,77
<_io.BytesIO object at 0x00000245C1D86E50>,0.5314077138900757,0.06302798539400101,-0.10043241083621979,211232,23,8,False,Right,Front,Centre,Left,77
<_io.BytesIO object at 0x00000245C1D86680>,0.878894567489624,0.04174252972006798,-0.04483382776379585,211232,23,8,False,Right,Front,Centre,Left,77
<_io.BytesIO object at 0x00000245C1D861D0>,0.8382480144500732,0.04014025256037712,-0.045757927000522614,211232,23,8,False,Right,Front,Centre,Left,77
<_io.BytesIO object at 0x00000245C1D86220>,0.9015792608261108,0.005636879708617926,-0.05869706720113754,211232,23,8,False,Right,Front,Centre,Left,77
<_io.BytesIO object at 0x00000245C1D030E0>,0.8430732488632202,0.049695421010255814,0.041428279131650925,211232,23,8,False,Right,Front,Centre,Left,77
<_io.BytesIO object at 0x00000245C1D03040>,0.9292482733726501,0.005972560029476881,0.005856475792825222,211232,23,8,False,Right,Front,Centre,Left,77
<_io.BytesIO object at 0x00000245C1D99AE0>,0.56120365858078,0.055486537516117096,-0.021195415407419205,211233,23,8,False,Right,Front,Centre,Left,77
<_io.BytesIO object at 0x00000245C1D99D60>,0.5899555087089539,0.09468839317560196,-0.13262100517749786,211233,23,8,False,Right,Front,Centre,Left,77
<_io.BytesIO object at 0x00000245C1D660E0>,0.6119065284729004,0.1388794332742691,-0.04968325048685074,211233,23,8,False,Right,Front,Centre,Left,77
<_io.BytesIO object at 0x00000245C1D66950>,0.5441584587097168,0.10008081048727036,-0.09930972754955292,211233,23,8,False,Right,Front,Centre,Left,77
<_io.BytesIO object at 0x00000245C1D665E0>,0.5318507552146912,0.06343428045511246,-0.09743455052375793,211233,23,8,False,Right,Front,Centre,Left,77
<_io.BytesIO object at 0x00000245C1D66860>,0.8789089322090149,0.041728902608156204,-0.044859569519758224,211233,23,8,False,Right,Front,Centre,Left,77
<_io.BytesIO object at 0x00000245C1D66D10>,0.8382682204246521,0.04009035974740982,-0.0458744615316391,211233,23,8,False,Right,Front,Centre,Left,77
<_io.BytesIO object at 0x00000245C1D66680>,0.9015807509422302,0.005599453579634428,-0.0587380975484848,211233,23,8,False,Right,Front,Centre,Left,77
<_io.BytesIO object at 0x00000245C1D66810>,0.8430807590484619,0.049698878079652786,0.041407208889722824,211233,23,8,False,Right,Front,Centre,Left,77
<_io.BytesIO object at 0x00000245C1D66770>,0.9292466044425964,0.005963820498436689,0.005838846787810326,211233,23,8,False,Right,Front,Centre,Left,77
<_io.BytesIO object at 0x00000245C1D8D2C0>,0.5616645216941833,0.056231819093227386,-0.018081635236740112,211234,23,8,False,Right,Front,Centre,Left,77
<_io.BytesIO object at 0x00000245B9A35180>,0.5897632241249084,0.09501509368419647,-0.13008181750774384,211234,23,8,False,Right,Front,Centre,Left,77
<_io.BytesIO object at 0x00000245C1D0C9A0>,0.6124234795570374,0.13975445926189423,-0.04684625193476677,211234,23,8,False,Right,Front,Centre,Left,77
<_io.BytesIO object at 0x00000245C1D0CCC0>,0.5444909930229187,0.10049119591712952,-0.09649942815303802,211234,23,8,False,Right,Front,Centre,Left,77
<_io.BytesIO object at 0x00000245C1D0CD10>,0.5322709083557129,0.06398884952068329,-0.09458068758249283,211234,23,8,False,Right,Front,Centre,Left,77
<_io.BytesIO object at 0x00000245C1D0CE50>,0.8789214491844177,0.04171760380268097,-0.044883035123348236,211234,23,8,False,Right,Front,Centre,Left,77
<_io.BytesIO object at 0x00000245C1D0C8B0>,0.8382810354232788,0.04008089751005173,-0.04591376334428787,211234,23,8,False,Right,Front,Centre,Left,77
<_io.BytesIO object at 0x00000245C1D0C180>,0.9015925526618958,0.005581693258136511,-0.058770474046468735,211234,23,8,False,Right,Front,Centre,Left,77
<_io.BytesIO object at 0x00000245C1D0CB80>,0.8430846929550171,0.04969615116715431,0.04138469696044922,211234,23,8,False,Right,Front,Centre,Left,77
<_io.BytesIO object at 0x00000245C1CCEBD0>,0.9292454719543457,0.005957236513495445,0.005830425303429365,211234,23,8,False,Right,Front,Centre,Left,77
<_io.BytesIO object at 0x00000245C1D68400>,0.5621926188468933,0.05696318671107292,-0.015173851512372494,211235,23,8,False,Right,Front,Centre,Left,77
<_io.BytesIO object at 0x00000245C1CFEF90>,0.5900560021400452,0.09500788152217865,-0.12755581736564636,211235,23,8,False,Right,Front,Centre,Left,77
<_io.BytesIO object at 0x00000245C1CFE270>,0.6125531792640686,0.14061659574508667,-0.04383952543139458,211235,23,8,False,Right,Front,Centre,Left,77
<_io.BytesIO object at 0x00000245C1CFE040>,0.5448915958404541,0.10108374804258347,-0.09352199733257294,211235,23,8,False,Right,Front,Centre,Left,77
<_io.BytesIO object at 0x00000245C1CFE4F0>,0.5328229069709778,0.06448010355234146,-0.09141000360250473,211235,23,8,False,Right,Front,Centre,Left,77
<_io.BytesIO object at 0x00000245C1CF8450>,0.878932535648346,0.041716042906045914,-0.04490233585238457,211235,23,8,False,Right,Front,Centre,Left,77
<_io.BytesIO object at 0x00000245C1CF80E0>,0.8382985591888428,0.04008445888757706,-0.04594559967517853,211235,23,8,False,Right,Front,Centre,Left,77
<_io.BytesIO object at 0x00000245C1CF8B80>,0.9016090035438538,0.005572427995502949,-0.05877614766359329,211235,23,8,False,Right,Front,Centre,Left,77
<_io.BytesIO object at 0x00000245C1CF83B0>,0.8430864214897156,0.04969468340277672,0.04136430099606514,211235,23,8,False,Right,Front,Centre,Left,77
<_io.BytesIO object at 0x00000245C1CF8A40>,0.9292556643486023,0.005950525868684053,0.005815510172396898,211235,23,8,False,Right,Front,Centre,Left,77
<_io.BytesIO object at 0x00000245C1D87E00>,0.5627241134643555,0.05762762203812599,-0.012003670446574688,211236,23,8,False,Right,Front,Centre,Left,77
<_io.BytesIO object at 0x00000245C1D87E50>,0.5924729108810425,0.09709654748439789,-0.12279215455055237,211236,23,8,False,Right,Front,Centre,Left,77
<_io.BytesIO object at 0x00000245C1D87400>,0.6127074360847473,0.14155074954032898,-0.040648143738508224,211236,23,8,False,Right,Front,Centre,Left,77
<_io.BytesIO object at 0x00000245C1D876D0>,0.545364499092102,0.10158482939004898,-0.09051879495382309,211236,23,8,False,Right,Front,Centre,Left,77
<_io.BytesIO object at 0x00000245C1D874A0>,0.5333089232444763,0.06511901319026947,-0.08837001025676727,211236,23,8,False,Right,Front,Centre,Left,77
<_io.BytesIO object at 0x00000245C1D87C70>,0.8789452910423279,0.041705742478370667,-0.04491604492068291,211236,23,8,False,Right,Front,Centre,Left,77
<_io.BytesIO object at 0x00000245C1D87130>,0.838313639163971,0.0400644950568676,-0.04598589986562729,211236,23,8,False,Right,Front,Centre,Left,77
<_io.BytesIO object at 0x00000245C1D871D0>,0.901637077331543,0.005557672586292028,-0.058787934482097626,211236,23,8,False,Right,Front,Centre,Left,77
<_io.BytesIO object at 0x00000245C1D9A9F0>,0.843087911605835,0.04968801140785217,0.041344448924064636,211236,23,8,False,Right,Front,Centre,Left,77
<_io.BytesIO object at 0x00000245C1D9AEA0>,0.9292513132095337,0.005931909196078777,0.005806054919958115,211236,23,8,False,Right,Front,Centre,Left,77
<_io.BytesIO object at 0x00000245C1CFE9A0>,0.5633150339126587,0.05829250440001488,-0.009043248370289803,211237,23,8,False,Right,Front,Centre,Left,77
<_io.BytesIO object at 0x00000245C1CFE180>,0.5927135348320007,0.0978255495429039,-0.11994557082653046,211237,23,8,False,Right,Front,Centre,Left,77
<_io.BytesIO object at 0x00000245C1D689F0>,0.6127437949180603,0.14259451627731323,-0.03735576197504997,211237,23,8,False,Right,Front,Centre,Left,77
<_io.BytesIO object at 0x00000245C1D68950>,0.545806884765625,0.10228492319583893,-0.08744638413190842,211237,23,8,False,Right,Front,Centre,Left,77
<_io.BytesIO object at 0x00000245C1D688B0>,0.5338936448097229,0.06571874767541885,-0.08496254682540894,211237,23,8,False,Right,Front,Centre,Left,77
<_io.BytesIO object at 0x00000245C1D68CC0>,0.8789597749710083,0.04167729616165161,-0.044944263994693756,211237,23,8,False,Right,Front,Centre,Left,77
<_io.BytesIO object at 0x00000245C1D68C20>,0.8383327126502991,0.04006015136837959,-0.04601117968559265,211237,23,8,False,Right,Front,Centre,Left,77
<_io.BytesIO object at 0x00000245C1D68590>,0.9016461372375488,0.005534028168767691,-0.05878867208957672,211237,23,8,False,Right,Front,Centre,Left,77
<_io.BytesIO object at 0x00000245C1D681D0>,0.8430860042572021,0.0496826097369194,0.041327103972435,211237,23,8,False,Right,Front,Centre,Left,77
<_io.BytesIO object at 0x00000245C1D689A0>,0.929253876209259,0.00592441949993372,0.005796799436211586,211237,23,8,False,Right,Front,Centre,Left,77
<_io.BytesIO object at 0x00000245C1D0CF90>,0.5639069676399231,0.05898630619049072,-0.005806199740618467,211238,23,8,False,Right,Front,Centre,Left,77
<_io.BytesIO object at 0x00000245B9A35810>,0.5929833650588989,0.09866202622652054,-0.11692969501018524,211238,23,8,False,Right,Front,Centre,Left,77
<_io.BytesIO object at 0x00000245C1D8D180>,0.61285001039505,0.14356160163879395,-0.03406897187232971,211238,23,8,False,Right,Front,Centre,Left,77
<_io.BytesIO object at 0x00000245C1D8D630>,0.5464999675750732,0.10284101217985153,-0.08451233804225922,211238,23,8,False,Right,Front,Centre,Left,77
<_io.BytesIO object at 0x00000245C1D8D360>,0.5345015525817871,0.06647896021604538,-0.08160681277513504,211238,23,8,False,Right,Front,Centre,Left,77
<_io.BytesIO object at 0x00000245C1D8D950>,0.8789722919464111,0.041667912155389786,-0.04496141895651817,211238,23,8,False,Right,Front,Centre,Left,77
<_io.BytesIO object at 0x00000245C1D8D130>,0.8383463621139526,0.04004913195967674,-0.04603996127843857,211238,23,8,False,Right,Front,Centre,Left,77
<_io.BytesIO object at 0x00000245C1D8D220>,0.9016590714454651,0.005527995526790619,-0.058800000697374344,211238,23,8,False,Right,Front,Centre,Left,77
<_io.BytesIO object at 0x00000245C1D9D900>,0.8430893421173096,0.049683764576911926,0.04130719602108002,211238,23,8,False,Right,Front,Centre,Left,77
<_io.BytesIO object at 0x00000245C1D9D8B0>,0.929254949092865,0.005914816167205572,0.005794837139546871,211238,23,8,False,Right,Front,Centre,Left,77
<_io.BytesIO object at 0x00000245C1D992C0>,0.5645840764045715,0.05973798409104347,-0.002510594669729471,211239,23,8,False,Right,Front,Centre,Left,77
<_io.BytesIO object at 0x00000245C1D99BD0>,0.593583881855011,0.09977765381336212,-0.11358720064163208,211239,23,8,False,Right,Front,Centre,Left,77
<_io.BytesIO object at 0x00000245C1D99DB0>,0.612902820110321,0.14474548399448395,-0.03041016310453415,211239,23,8,False,Right,Front,Centre,Left,77
<_io.BytesIO object at 0x00000245C1D99220>,0.547018826007843,0.10342643409967422,-0.08119525760412216,211239,23,8,False,Right,Front,Centre,Left,77
<_io.BytesIO object at 0x00000245BEF44B30>,0.5359166860580444,0.06640409678220749,-0.07939747720956802,211239,23,8,False,Right,Front,Centre,Left,77
<_io.BytesIO object at 0x00000245C1D769A0>,0.8789823055267334,0.04167195037007332,-0.04496467858552933,211239,23,8,False,Right,Front,Centre,Left,77
<_io.BytesIO object at 0x00000245C1D76900>,0.8383546471595764,0.04004491865634918,-0.0460527166724205,211239,23,8,False,Right,Front,Centre,Left,77
<_io.BytesIO object at 0x00000245C1D76BD0>,0.9016650319099426,0.005513483192771673,-0.05878360569477081,211239,23,8,False,Right,Front,Centre,Left,77
<_io.BytesIO object at 0x00000245C1D76860>,0.8430781960487366,0.04968447983264923,0.04130657762289047,211239,23,8,False,Right,Front,Centre,Left,77
<_io.BytesIO object at 0x00000245C1D76AE0>,0.929254949092865,0.005919317249208689,0.005788627080619335,211239,23,8,False,Right,Front,Centre,Left,77
<_io.BytesIO object at 0x00000245C1D86BD0>,0.5652586221694946,0.06045249477028847,0.0008013073820620775,211240,23,8,False,Right,Front,Centre,Left,77
<_io.BytesIO object at 0x00000245C1D86900>,0.5941773056983948,0.10081572830677032,-0.11020507663488388,211240,23,8,False,Right,Front,Centre,Left,77
<_io.BytesIO object at 0x00000245C1D86D10>,0.6128581762313843,0.14577928185462952,-0.026492709293961525,211240,23,8,False,Right,Front,Centre,Left,77
<_io.BytesIO object at 0x00000245C1D86810>,0.5475454330444336,0.10430783778429031,-0.07783423364162445,211240,23,8,False,Right,Front,Centre,Left,77
<_io.BytesIO object at 0x00000245C1D86040>,0.5365080237388611,0.0673045665025711,-0.07558127492666245,211240,23,8,False,Right,Front,Centre,Left,77
<_io.BytesIO object at 0x00000245C1D86C20>,0.8790013194084167,0.04167068377137184,-0.04495479166507721,211240,23,8,False,Right,Front,Centre,Left,77
<_io.BytesIO object at 0x00000245C1D86220>,0.8383663296699524,0.040040045976638794,-0.04605517163872719,211240,23,8,False,Right,Front,Centre,Left,77
<_io.BytesIO object at 0x00000245C1D862C0>,0.9016871452331543,0.005500253289937973,-0.058758798986673355,211240,23,8,False,Right,Front,Centre,Left,77
<_io.BytesIO object at 0x00000245C1D03C70>,0.8430781960487366,0.04969355836510658,0.04130847379565239,211240,23,8,False,Right,Front,Centre,Left,77
<_io.BytesIO object at 0x00000245C1D03900>,0.929254949092865,0.005919753573834896,0.00579423364251852,211240,23,8,False,Right,Front,Centre,Left,77
<_io.BytesIO object at 0x00000245C1D99040>,0.565907895565033,0.06118930131196976,0.004354385193437338,211241,23,8,False,Right,Front,Centre,Left,77
<_io.BytesIO object at 0x00000245C1D99130>,0.5949106812477112,0.10207071155309677,-0.10649531334638596,211241,23,8,False,Right,Front,Centre,Left,77
<_io.BytesIO object at 0x00000245C1D66450>,0.612786054611206,0.14701969921588898,-0.022731991484761238,211241,23,8,False,Right,Front,Centre,Left,77
<_io.BytesIO object at 0x00000245C1D66590>,0.5480692386627197,0.10493385046720505,-0.07425636798143387,211241,23,8,False,Right,Front,Centre,Left,77
<_io.BytesIO object at 0x00000245C1D66950>,0.5372301936149597,0.06811961531639099,-0.0718684270977974,211241,23,8,False,Right,Front,Centre,Left,77
<_io.BytesIO object at 0x00000245C1D66DB0>,0.8790161609649658,0.04166312888264656,-0.04494548588991165,211241,23,8,False,Right,Front,Centre,Left,77
<_io.BytesIO object at 0x00000245C1D66400>,0.8384518027305603,0.039994608610868454,-0.046068958938121796,211241,23,8,False,Right,Front,Centre,Left,77
<_io.BytesIO object at 0x00000245C1D66E50>,0.9017021059989929,0.005495977587997913,-0.058730848133563995,211241,23,8,False,Right,Front,Centre,Left,77
<_io.BytesIO object at 0x00000245C1D66770>,0.8430894613265991,0.04969676584005356,0.041315969079732895,211241,23,8,False,Right,Front,Centre,Left,77
<_io.BytesIO object at 0x00000245C1D669F0>,0.9292564988136292,0.00591157516464591,0.005797241814434528,211241,23,8,False,Right,Front,Centre,Left,77
<_io.BytesIO object at 0x00000245C1D8D040>,0.5666463375091553,0.06196650490164757,0.007865112274885178,211242,23,8,False,Right,Front,Centre,Left,77
<_io.BytesIO object at 0x00000245B9A35770>,0.5955244898796082,0.10320230573415756,-0.1028178259730339,211242,23,8,False,Right,Front,Centre,Left,77
<_io.BytesIO object at 0x00000245B9A35130>,0.6129107475280762,0.148236483335495,-0.01865222118794918,211242,23,8,False,Right,Front,Centre,Left,77
<_io.BytesIO object at 0x00000245C1D0C310>,0.548725962638855,0.10572865605354309,-0.07068200409412384,211242,23,8,False,Right,Front,Centre,Left,77
<_io.BytesIO object at 0x00000245C1D0C090>,0.5385980606079102,0.06840579956769943,-0.06883089244365692,211242,23,8,False,Right,Front,Centre,Left,77
<_io.BytesIO object at 0x00000245C1D0C2C0>,0.8790422081947327,0.0416414774954319,-0.04493449628353119,211242,23,8,False,Right,Front,Centre,Left,77
<_io.BytesIO object at 0x00000245C1D0CA90>,0.8384671211242676,0.03998221829533577,-0.04605072736740112,211242,23,8,False,Right,Front,Centre,Left,77
<_io.BytesIO object at 0x00000245C1D0C590>,0.9017136096954346,0.005466742441058159,-0.05871172994375229,211242,23,8,False,Right,Front,Centre,Left,77
<_io.BytesIO object at 0x00000245C1D0C860>,0.8431140184402466,0.04969695582985878,0.041328366845846176,211242,23,8,False,Right,Front,Centre,Left,77
<_io.BytesIO object at 0x00000245C1D0C270>,0.9292628169059753,0.005907563492655754,0.0058198836632072926,211242,23,8,False,Right,Front,Centre,Left,77
<_io.BytesIO object at 0x00000245C1D68720>,0.567412257194519,0.06265803426504135,0.011677708476781845,211243,23,8,False,Right,Front,Centre,Left,77
<_io.BytesIO object at 0x00000245C1CFEB30>,0.596350908279419,0.10452975332736969,-0.09886400401592255,211243,23,8,False,Right,Front,Centre,Left,77
<_io.BytesIO object at 0x00000245C1CFE2C0>,0.6129568815231323,0.14947527647018433,-0.01454880554229021,211243,23,8,False,Right,Front,Centre,Left,77
<_io.BytesIO object at 0x00000245C1CFE860>,0.5493097305297852,0.10638758540153503,-0.06682897359132767,211243,23,8,False,Right,Front,Centre,Left,77
<_io.BytesIO object at 0x00000245C1CFE400>,0.5392689108848572,0.06938010454177856,-0.06476514041423798,211243,23,8,False,Right,Front,Centre,Left,77
<_io.BytesIO object at 0x00000245C1CFE720>,0.8790491223335266,0.04162535071372986,-0.044906292110681534,211243,23,8,False,Right,Front,Centre,Left,77
<_io.BytesIO object at 0x00000245C1CFEF40>,0.8384729623794556,0.03997622802853584,-0.046026162803173065,211243,23,8,False,Right,Front,Centre,Left,77
<_io.BytesIO object at 0x00000245C1CF8630>,0.9017323851585388,0.00545102171599865,-0.05865323543548584,211243,23,8,False,Right,Front,Centre,Left,77
<_io.BytesIO object at 0x00000245C1CF8900>,0.8431158661842346,0.04969962313771248,0.041346970945596695,211243,23,8,False,Right,Front,Centre,Left,77
<_io.BytesIO object at 0x00000245C1CF8B80>,0.9292775392532349,0.005917174741625786,0.005835819989442825,211243,23,8,False,Right,Front,Centre,Left,77
<_io.BytesIO object at 0x00000245C1D87CC0>,0.568585216999054,0.06314584612846375,0.015403073281049728,211244,23,8,False,Right,Front,Centre,Left,77
<_io.BytesIO object at 0x00000245C1D87BD0>,0.5971447229385376,0.10581272095441818,-0.09478402137756348,211244,23,8,False,Right,Front,Centre,Left,77
<_io.BytesIO object at 0x00000245C1D87540>,0.6130675077438354,0.15068288147449493,-0.01018475741147995,211244,23,8,False,Right,Front,Centre,Left,77
<_io.BytesIO object at 0x00000245C1D87F90>,0.5499821305274963,0.10713132470846176,-0.0628235712647438,211244,23,8,False,Right,Front,Centre,Left,77
<_io.BytesIO object at 0x00000245C1D872C0>,0.5406736731529236,0.069643035531044,-0.06144602596759796,211244,23,8,False,Right,Front,Centre,Left,77
<_io.BytesIO object at 0x00000245C1D87E50>,0.8790437579154968,0.04161282628774643,-0.04487800598144531,211244,23,8,False,Right,Front,Centre,Left,77
<_io.BytesIO object at 0x00000245C1D871D0>,0.8383246064186096,0.039900489151477814,-0.04589540511369705,211244,23,8,False,Right,Front,Centre,Left,77
<_io.BytesIO object at 0x00000245C1D879A0>,0.9017248749732971,0.005468717310577631,-0.05854354426264763,211244,23,8,False,Right,Front,Centre,Left,77
<_io.BytesIO object at 0x00000245C1D87C70>,0.8431165814399719,0.04971421882510185,0.04137316718697548,211244,23,8,False,Right,Front,Centre,Left,77
<_io.BytesIO object at 0x00000245C1D87A90>,0.9292821884155273,0.005928946193307638,0.0058585274964571,211244,23,8,False,Right,Front,Centre,Left,77
<_io.BytesIO object at 0x00000245C1CF8D10>,0.5692014098167419,0.0640307366847992,0.019684355705976486,211245,23,8,False,Right,Front,Centre,Left,77
<_io.BytesIO object at 0x00000245C1CFEE00>,0.5978257656097412,0.10710541158914566,-0.09062056988477707,211245,23,8,False,Right,Front,Centre,Left,77
<_io.BytesIO object at 0x00000245C1CFECC0>,0.6131269335746765,0.1515875607728958,-0.005533148534595966,211245,23,8,False,Right,Front,Centre,Left,77
<_io.BytesIO object at 0x00000245C1CFE2C0>,0.5507702231407166,0.10794545710086823,-0.058737918734550476,211245,23,8,False,Right,Front,Centre,Left,77
<_io.BytesIO object at 0x00000245C1CFEDB0>,0.5421428084373474,0.06992041319608688,-0.05806542932987213,211245,23,8,False,Right,Front,Centre,Left,77
<_io.BytesIO object at 0x00000245C1CFE9A0>,0.8790282011032104,0.04161154851317406,-0.044851381331682205,211245,23,8,False,Right,Front,Centre,Left,77
<_io.BytesIO object at 0x00000245C1CFE950>,0.8383832573890686,0.04000885784626007,-0.0459381565451622,211245,23,8,False,Right,Front,Centre,Left,77
<_io.BytesIO object at 0x00000245C1D68400>,0.9017060995101929,0.005466838832944632,-0.0585014782845974,211245,23,8,False,Right,Front,Centre,Left,77
<_io.BytesIO object at 0x00000245C1D68EF0>,0.8431112170219421,0.0497349388897419,0.041408561170101166,211245,23,8,False,Right,Front,Centre,Left,77
<_io.BytesIO object at 0x00000245C1D68090>,0.929276168346405,0.005945025943219662,0.005872091744095087,211245,23,8,False,Right,Front,Centre,Left,77
<_io.BytesIO object at 0x00000245C1D0CAE0>,0.5702175498008728,0.06474153697490692,0.023862531408667564,211246,23,8,False,Right,Front,Centre,Left,77
<_io.BytesIO object at 0x00000245C1D0C7C0>,0.5987079739570618,0.10832327604293823,-0.08631967008113861,211246,23,8,False,Right,Front,Centre,Left,77
<_io.BytesIO object at 0x00000245C1D0CF90>,0.6135081052780151,0.15301159024238586,-0.0010212199995294213,211246,23,8,False,Right,Front,Centre,Left,77
<_io.BytesIO object at 0x00000245B9A35130>,0.5515750646591187,0.10865659266710281,-0.05463278293609619,211246,23,8,False,Right,Front,Centre,Left,77
<_io.BytesIO object at 0x00000245B9A358B0>,0.5428287386894226,0.0710429698228836,-0.0533667653799057,211246,23,8,False,Right,Front,Centre,Left,77
<_io.BytesIO object at 0x00000245B9A356D0>,0.8789945840835571,0.04162292554974556,-0.04481290653347969,211246,23,8,False,Right,Front,Centre,Left,77
<_io.BytesIO object at 0x00000245C1D8D040>,0.838274359703064,0.03991616517305374,-0.04582453519105911,211246,23,8,False,Right,Front,Centre,Left,77
<_io.BytesIO object at 0x00000245C1D8DEA0>,0.901695191860199,0.005489112343639135,-0.0584164522588253,211246,23,8,False,Right,Front,Centre,Left,77
<_io.BytesIO object at 0x00000245C1D8D1D0>,0.843092143535614,0.049738798290491104,0.041452523320913315,211246,23,8,False,Right,Front,Centre,Left,77
<_io.BytesIO object at 0x00000245C1D8D6D0>,0.9292689561843872,0.005966358818113804,0.005880832206457853,211246,23,8,False,Right,Front,Centre,Left,77
<_io.BytesIO object at 0x00000245C1D66F40>,0.5711468458175659,0.06531764566898346,0.028142960742115974,211247,23,8,False,Right,Front,Centre,Left,77
<_io.BytesIO object at 0x00000245C1D66900>,0.599500834941864,0.10953456163406372,-0.08178452402353287,211247,23,8,False,Right,Front,Centre,Left,77
<_io.BytesIO object at 0x00000245C1D66A40>,0.6140810251235962,0.15407755970954895,0.0038611842319369316,211247,23,8,False,Right,Front,Centre,Left,77
<_io.BytesIO object at 0x00000245C1D997C0>,0.5524342060089111,0.10950233042240143,-0.05004838481545448,211247,23,8,False,Right,Front,Centre,Left,77
<_io.BytesIO object at 0x00000245C1D99D60>,0.543677568435669,0.07207362353801727,-0.048535555601119995,211247,23,8,False,Right,Front,Centre,Left,77
<_io.BytesIO object at 0x00000245C1D99DB0>,0.8789806365966797,0.04161229729652405,-0.04478508606553078,211247,23,8,False,Right,Front,Centre,Left,77
<_io.BytesIO object at 0x00000245C1D99360>,0.8382552266120911,0.03990029916167259,-0.04577403888106346,211247,23,8,False,Right,Front,Centre,Left,77
<_io.BytesIO object at 0x00000245C1D999A0>,0.9016681909561157,0.005479743704199791,-0.05838184803724289,211247,23,8,False,Right,Front,Centre,Left,77
<_io.BytesIO object at 0x00000245C1D994A0>,0.8430820107460022,0.04975249245762825,0.04148249328136444,211247,23,8,False,Right,Front,Centre,Left,77
<_io.BytesIO object at 0x00000245C1D99C20>,0.9292630553245544,0.005974784959107637,0.005890564527362585,211247,23,8,False,Right,Front,Centre,Left,77
<_io.BytesIO object at 0x00000245C1D03270>,0.5721837282180786,0.06603164225816727,0.0328483022749424,211248,23,8,False,Right,Front,Centre,Left,77
<_io.BytesIO object at 0x00000245C1D03F40>,0.6004329323768616,0.11093536764383316,-0.07717667520046234,211248,23,8,False,Right,Front,Centre,Left,77
<_io.BytesIO object at 0x00000245C1D86220>,0.6149323582649231,0.15509241819381714,0.008568506687879562,211248,23,8,False,Right,Front,Centre,Left,77
<_io.BytesIO object at 0x00000245C1D86B80>,0.5532522201538086,0.11027854681015015,-0.045493233948946,211248,23,8,False,Right,Front,Centre,Left,77
<_io.BytesIO object at 0x00000245C1D86E50>,0.5450713038444519,0.0722702369093895,-0.04465455934405327,211248,23,8,False,Right,Front,Centre,Left,77
<_io.BytesIO object at 0x00000245C1D86450>,0.8789508938789368,0.04159505292773247,-0.04475756362080574,211248,23,8,False,Right,Front,Centre,Left,77
<_io.BytesIO object at 0x00000245C1D869F0>,0.8382257223129272,0.0398731604218483,-0.04574480280280113,211248,23,8,False,Right,Front,Centre,Left,77
<_io.BytesIO object at 0x00000245C1D86BD0>,0.9016542434692383,0.0054782391525805,-0.05830611661076546,211248,23,8,False,Right,Front,Centre,Left,77
<_io.BytesIO object at 0x00000245C1D61D10>,0.8430734872817993,0.049760833382606506,0.041517775505781174,211248,23,8,False,Right,Front,Centre,Left,77
<_io.BytesIO object at 0x00000245C1D610E0>,0.9292526841163635,0.005978791508823633,0.005900801159441471,211248,23,8,False,Right,Front,Centre,Left,77
<_io.BytesIO object at 0x00000245C1D76E50>,0.5732942223548889,0.06664636731147766,0.03751101717352867,211249,23,8,False,Right,Front,Centre,Left,77
<_io.BytesIO object at 0x00000245C1D99450>,0.60178142786026,0.1126793697476387,-0.07223811745643616,211249,23,8,False,Right,Front,Centre,Left,77
<_io.BytesIO object at 0x00000245C1D99040>,0.6156313419342041,0.15616865456104279,0.013887609355151653,211249,23,8,False,Right,Front,Centre,Left,77
<_io.BytesIO object at 0x00000245C1D99270>,0.5540230870246887,0.11141952872276306,-0.04053013026714325,211249,23,8,False,Right,Front,Centre,Left,77
<_io.BytesIO object at 0x00000245C1D66360>,0.5457705855369568,0.0734635666012764,-0.03927748650312424,211249,23,8,False,Right,Front,Centre,Left,77
<_io.BytesIO object at 0x00000245C1D666D0>,0.8789269924163818,0.04156709462404251,-0.04474096745252609,211249,23,8,False,Right,Front,Centre,Left,77
<_io.BytesIO object at 0x00000245C1D665E0>,0.838178277015686,0.039914608001708984,-0.04559817165136337,211249,23,8,False,Right,Front,Centre,Left,77
<_io.BytesIO object at 0x00000245C1D66860>,0.9016291499137878,0.005450626369565725,-0.05825859680771828,211249,23,8,False,Right,Front,Centre,Left,77
<_io.BytesIO object at 0x00000245C1D66720>,0.843065619468689,0.0497690849006176,0.041543904691934586,211249,23,8,False,Right,Front,Centre,Left,77
<_io.BytesIO object at 0x00000245C1D667C0>,0.9292476773262024,0.005987593438476324,0.005911676678806543,211249,23,8,False,Right,Front,Centre,Left,77
<_io.BytesIO object at 0x00000245C1D0C090>,0.5742809176445007,0.06729409098625183,0.04247211292386055,211250,23,8,False,Right,Front,Centre,Left,77
<_io.BytesIO object at 0x00000245C1D0C4A0>,0.6025804877281189,0.11376085132360458,-0.0671238973736763,211250,23,8,False,Right,Front,Centre,Left,77
<_io.BytesIO object at 0x00000245C1D0C810>,0.6162216663360596,0.15692481398582458,0.019170008599758148,211250,23,8,False,Right,Front,Centre,Left,77
<_io.BytesIO object at 0x00000245C1D0C720>,0.5546817779541016,0.11218784749507904,-0.03546638786792755,211250,23,8,False,Right,Front,Centre,Left,77
<_io.BytesIO object at 0x00000245C1CCEBD0>,0.5472704172134399,0.07390321046113968,-0.03505602478981018,211250,23,8,False,Right,Front,Centre,Left,77
<_io.BytesIO object at 0x00000245C1DD1B80>,0.8788986802101135,0.041549138724803925,-0.04471961408853531,211250,23,8,False,Right,Front,Centre,Left,77
<_io.BytesIO object at 0x00000245C1DD1900>,0.8381438255310059,0.03988833352923393,-0.045551665127277374,211250,23,8,False,Right,Front,Centre,Left,77
<_io.BytesIO object at 0x00000245C1DD1310>,0.9015717506408691,0.005432134959846735,-0.05819416791200638,211250,23,8,False,Right,Front,Centre,Left,77
<_io.BytesIO object at 0x00000245C1DD19F0>,0.8430556058883667,0.049778714776039124,0.041564829647541046,211250,23,8,False,Right,Front,Centre,Left,77
<_io.BytesIO object at 0x00000245C1DD1A40>,0.9292405843734741,0.006011560093611479,0.005918864160776138,211250,23,8,False,Right,Front,Centre,Left,77
<_io.BytesIO object at 0x00000245C1CF8180>,0.5752546787261963,0.06798094511032104,0.047649085521698,211251,23,8,False,Right,Front,Centre,Left,77
<_io.BytesIO object at 0x00000245C1CF8AE0>,0.6032103896141052,0.11492936313152313,-0.06201688572764397,211251,23,8,False,Right,Front,Centre,Left,77
<_io.BytesIO object at 0x00000245C1D9A3B0>,0.6170929670333862,0.1577756702899933,0.024541625753045082,211251,23,8,False,Right,Front,Centre,Left,77
<_io.BytesIO object at 0x00000245C1D9AA90>,0.5554166436195374,0.11306776106357574,-0.030198058113455772,211251,23,8,False,Right,Front,Centre,Left,77
<_io.BytesIO object at 0x00000245C1D9A8B0>,0.5479282140731812,0.07492856681346893,-0.02953445538878441,211251,23,8,False,Right,Front,Centre,Left,77
<_io.BytesIO object at 0x00000245C1D9AF90>,0.8788724541664124,0.04152475669980049,-0.04468952491879463,211251,23,8,False,Right,Front,Centre,Left,77
<_io.BytesIO object at 0x00000245C1D9ABD0>,0.8381271362304688,0.03986884653568268,-0.045507874339818954,211251,23,8,False,Right,Front,Centre,Left,77
<_io.BytesIO object at 0x00000245C1D9A810>,0.901542603969574,0.00541415112093091,-0.0581740103662014,211251,23,8,False,Right,Front,Centre,Left,77
<_io.BytesIO object at 0x00000245C1CFE270>,0.8430150151252747,0.04980665445327759,0.04159453138709068,211251,23,8,False,Right,Front,Centre,Left,77
<_io.BytesIO object at 0x00000245C1CFE3B0>,0.9292337894439697,0.006029457785189152,0.005924397148191929,211251,23,8,False,Right,Front,Centre,Left,77
<_io.BytesIO object at 0x00000245C1D87F40>,0.5761545896530151,0.0687815397977829,0.053005822002887726,211252,23,8,False,Right,Front,Centre,Left,77
<_io.BytesIO object at 0x00000245C1D03900>,0.603816568851471,0.1160321906208992,-0.05652361363172531,211252,23,8,False,Right,Front,Centre,Left,77
<_io.BytesIO object at 0x00000245C1D03680>,0.6178661584854126,0.15862654149532318,0.03017854131758213,211252,23,8,False,Right,Front,Centre,Left,77
<_io.BytesIO object at 0x00000245C1D03310>,0.5560513138771057,0.11389237642288208,-0.024716081097722054,211252,23,8,False,Right,Front,Centre,Left,77
<_io.BytesIO object at 0x00000245C1D035E0>,0.5485312938690186,0.07589145004749298,-0.023730548098683357,211252,23,8,False,Right,Front,Centre,Left,77
<_io.BytesIO object at 0x00000245C1D03450>,0.8788653612136841,0.041515786200761795,-0.044674959033727646,211252,23,8,False,Right,Front,Centre,Left,77
<_io.BytesIO object at 0x00000245C1D9DD60>,0.8381050825119019,0.039841074496507645,-0.04547594487667084,211252,23,8,False,Right,Front,Centre,Left,77
<_io.BytesIO object at 0x00000245C1D9D540>,0.9015289545059204,0.005427676718682051,-0.05811832845211029,211252,23,8,False,Right,Front,Centre,Left,77
<_io.BytesIO object at 0x00000245C1D9DF90>,0.8430082201957703,0.04981474578380585,0.04162506014108658,211252,23,8,False,Right,Front,Centre,Left,77
<_io.BytesIO object at 0x00000245C1D9D090>,0.9292297959327698,0.006031833589076996,0.005928291939198971,211252,23,8,False,Right,Front,Centre,Left,77
<_io.BytesIO object at 0x00000245C1D03720>,0.5769670605659485,0.06936418265104294,0.058701056987047195,211253,23,8,False,Right,Front,Centre,Left,77
<_io.BytesIO object at 0x00000245C1D03590>,0.6042245626449585,0.11702761054039001,-0.050862159579992294,211253,23,8,False,Right,Front,Centre,Left,77
<_io.BytesIO object at 0x00000245C1D874F0>,0.618283212184906,0.15955446660518646,0.03607936576008797,211253,23,8,False,Right,Front,Centre,Left,77
<_io.BytesIO object at 0x00000245C1D87630>,0.5565138459205627,0.11456581205129623,-0.019105851650238037,211253,23,8,False,Right,Front,Centre,Left,77
<_io.BytesIO object at 0x00000245C1D87C70>,0.549566388130188,0.07640085369348526,-0.018588494509458542,211253,23,8,False,Right,Front,Centre,Left,77
<_io.BytesIO object at 0x00000245C1D87A90>,0.8788436651229858,0.0415092334151268,-0.044661253690719604,211253,23,8,False,Right,Front,Centre,Left,77
<_io.BytesIO object at 0x00000245C1D87680>,0.8380950093269348,0.03982539847493172,-0.04544922709465027,211253,23,8,False,Right,Front,Centre,Left,77
<_io.BytesIO object at 0x00000245C1D87B80>,0.9015300273895264,0.005418195854872465,-0.05808250233530998,211253,23,8,False,Right,Front,Centre,Left,77
<_io.BytesIO object at 0x00000245C1CFE6D0>,0.8430124521255493,0.049827028065919876,0.04164347052574158,211253,23,8,False,Right,Front,Centre,Left,77
<_io.BytesIO object at 0x00000245C1CFED10>,0.929236650466919,0.006046446505934,0.005921896547079086,211253,23,8,False,Right,Front,Centre,Left,77
<_io.BytesIO object at 0x00000245C1D9A860>,0.5774759650230408,0.07004676759243011,0.06454987823963165,211254,23,8,False,Right,Front,Centre,Left,77
<_io.BytesIO object at 0x00000245C1CF84A0>,0.6047101020812988,0.11809364706277847,-0.044895049184560776,211254,23,8,False,Right,Front,Centre,Left,77
<_io.BytesIO object at 0x00000245C1CF8040>,0.6184290051460266,0.16053055226802826,0.04197293519973755,211254,23,8,False,Right,Front,Centre,Left,77
<_io.BytesIO object at 0x00000245C1CF8450>,0.5568808317184448,0.11527280509471893,-0.013277345336973667,211254,23,8,False,Right,Front,Centre,Left,77
<_io.BytesIO object at 0x00000245C1CF8CC0>,0.550014317035675,0.07701465487480164,-0.012740515172481537,211254,23,8,False,Right,Front,Centre,Left,77
<_io.BytesIO object at 0x00000245C1D68770>,0.8788586258888245,0.041502051055431366,-0.04464878514409065,211254,23,8,False,Right,Front,Centre,Left,77
<_io.BytesIO object at 0x00000245C1D68F90>,0.8380942344665527,0.039824407547712326,-0.0454457588493824,211254,23,8,False,Right,Front,Centre,Left,77
<_io.BytesIO object at 0x00000245C1D68090>,0.9015223383903503,0.005396377295255661,-0.05808103084564209,211254,23,8,False,Right,Front,Centre,Left,77
<_io.BytesIO object at 0x00000245C1D688B0>,0.8430238962173462,0.04983150213956833,0.04164246469736099,211254,23,8,False,Right,Front,Centre,Left,77
<_io.BytesIO object at 0x00000245C1D68DB0>,0.9292371273040771,0.006046248134225607,0.005924452096223831,211254,23,8,False,Right,Front,Centre,Left,77
<_io.BytesIO object at 0x00000245C1D0C400>,0.5776349306106567,0.0708230659365654,0.07062589377164841,211255,23,8,False,Right,Front,Centre,Left,77
<_io.BytesIO object at 0x00000245C1D0C310>,0.6050243973731995,0.1189793199300766,-0.03886108845472336,211255,23,8,False,Right,Front,Centre,Left,77
<_io.BytesIO object at 0x00000245B9A354F0>,0.6182714700698853,0.1613938957452774,0.04822038859128952,211255,23,8,False,Right,Front,Centre,Left,77
<_io.BytesIO object at 0x00000245B9A35360>,0.5570276975631714,0.11571992933750153,-0.007285894360393286,211255,23,8,False,Right,Front,Centre,Left,77
<_io.BytesIO object at 0x00000245B9A355E0>,0.5505216717720032,0.07769453525543213,-0.006717104930430651,211255,23,8,False,Right,Front,Centre,Left,77
<_io.BytesIO object at 0x00000245C1D8D7C0>,0.8788750171661377,0.04148213937878609,-0.04464785009622574,211255,23,8,False,Right,Front,Centre,Left,77
<_io.BytesIO object at 0x00000245C1D8D180>,0.8381089568138123,0.03981880471110344,-0.045438095927238464,211255,23,8,False,Right,Front,Centre,Left,77
<_io.BytesIO object at 0x00000245C1D8D6D0>,0.9015400409698486,0.005400997586548328,-0.058053720742464066,211255,23,8,False,Right,Front,Centre,Left,77
<_io.BytesIO object at 0x00000245C1D8DC70>,0.8430367708206177,0.04983283951878548,0.04163547605276108,211255,23,8,False,Right,Front,Centre,Left,77
<_io.BytesIO object at 0x00000245C1D8DF40>,0.9292519688606262,0.006044794339686632,0.005914498586207628,211255,23,8,False,Right,Front,Centre,Left,77
<_io.BytesIO object at 0x00000245C1D99450>,0.5774562358856201,0.07137100398540497,0.07686948031187057,211256,23,8,False,Right,Front,Centre,Left,77
<_io.BytesIO object at 0x00000245C1D99680>,0.6053363084793091,0.1199401468038559,-0.03243809938430786,211256,23,8,False,Right,Front,Centre,Left,77
<_io.BytesIO object at 0x00000245C1D76720>,0.6175103783607483,0.16251233220100403,0.054396793246269226,211256,23,8,False,Right,Front,Centre,Left,77
<_io.BytesIO object at 0x00000245C1D768B0>,0.5569157004356384,0.11632797867059708,-0.001157798687927425,211256,23,8,False,Right,Front,Centre,Left,77
<_io.BytesIO object at 0x00000245C1D76A40>,0.5507137179374695,0.07820936292409897,-0.0003552389389369637,211256,23,8,False,Right,Front,Centre,Left,77
<_io.BytesIO object at 0x00000245C1D76680>,0.8788884282112122,0.04147803410887718,-0.04465516284108162,211256,23,8,False,Right,Front,Centre,Left,77
<_io.BytesIO object at 0x00000245C1D76180>,0.8381335735321045,0.039735205471515656,-0.045537352561950684,211256,23,8,False,Right,Front,Centre,Left,77
<_io.BytesIO object at 0x00000245C1D76EF0>,0.9015613794326782,0.005397603381425142,-0.058046746999025345,211256,23,8,False,Right,Front,Centre,Left,77
<_io.BytesIO object at 0x00000245C1D76130>,0.8430765271186829,0.049809738993644714,0.04161340370774269,211256,23,8,False,Right,Front,Centre,Left,77
<_io.BytesIO object at 0x00000245C1D86220>,0.9292649030685425,0.006035094149410725,0.005917772185057402,211256,23,8,False,Right,Front,Centre,Left,77
<_io.BytesIO object at 0x00000245C1D99D60>,0.5770166516304016,0.07188104838132858,0.08327995985746384,211257,23,8,False,Right,Front,Centre,Left,77
<_io.BytesIO object at 0x00000245C1D66900>,0.605507493019104,0.12070901691913605,-0.025532403960824013,211257,23,8,False,Right,Front,Centre,Left,77
<_io.BytesIO object at 0x00000245C1D665E0>,0.6163151860237122,0.16343601047992706,0.06110037863254547,211257,23,8,False,Right,Front,Centre,Left,77
<_io.BytesIO object at 0x00000245C1D66DB0>,0.55665123462677,0.11672984063625336,0.005237644538283348,211257,23,8,False,Right,Front,Centre,Left,77
<_io.BytesIO object at 0x00000245C1D663B0>,0.5511340498924255,0.07849982380867004,0.005729303229600191,211257,23,8,False,Right,Front,Centre,Left,77
<_io.BytesIO object at 0x00000245C1D66180>,0.8789246678352356,0.041468434035778046,-0.04467256739735603,211257,23,8,False,Right,Front,Centre,Left,77
<_io.BytesIO object at 0x00000245C1D66630>,0.8381442427635193,0.03972022235393524,-0.04555040970444679,211257,23,8,False,Right,Front,Centre,Left,77
<_io.BytesIO object at 0x00000245C1D66040>,0.9015781879425049,0.005381950177252293,-0.05806523188948631,211257,23,8,False,Right,Front,Centre,Left,77
<_io.BytesIO object at 0x00000245C1D8D720>,0.8430929183959961,0.04980021342635155,0.04159393906593323,211257,23,8,False,Right,Front,Centre,Left,77
<_io.BytesIO object at 0x00000245C1D8D220>,0.9292817711830139,0.006028417032212019,0.005906357895582914,211257,23,8,False,Right,Front,Centre,Left,77
<_io.BytesIO object at 0x00000245C1D0C810>,0.5762740969657898,0.07221556454896927,0.0899658054113388,211258,23,8,False,Right,Front,Centre,Left,77
<_io.BytesIO object at 0x00000245C1CCEBD0>,0.6054377555847168,0.12165027111768723,-0.018594535067677498,211258,23,8,False,Right,Front,Centre,Left,77
<_io.BytesIO object at 0x00000245C1DD1CC0>,0.6148648858070374,0.16429705917835236,0.0679868534207344,211258,23,8,False,Right,Front,Centre,Left,77
<_io.BytesIO object at 0x00000245C1DD1EA0>,0.5566989183425903,0.11675208061933517,0.011311299167573452,211258,23,8,False,Right,Front,Centre,Left,77
<_io.BytesIO object at 0x00000245C1DD1270>,0.5512657165527344,0.0787026658654213,0.012134072370827198,211258,23,8,False,Right,Front,Centre,Left,77
<_io.BytesIO object at 0x00000245C1DD1400>,0.8789427280426025,0.04145811125636101,-0.044678863137960434,211258,23,8,False,Right,Front,Centre,Left,77
<_io.BytesIO object at 0x00000245C1DD1C20>,0.8381723761558533,0.03971732407808304,-0.04558146372437477,211258,23,8,False,Right,Front,Centre,Left,77
<_io.BytesIO object at 0x00000245C1D68950>,0.9016408324241638,0.0053495015017688274,-0.05811895430088043,211258,23,8,False,Right,Front,Centre,Left,77
<_io.BytesIO object at 0x00000245C1D68EA0>,0.8431082367897034,0.049796950072050095,0.041566457599401474,211258,23,8,False,Right,Front,Centre,Left,77
<_io.BytesIO object at 0x00000245C1D68810>,0.9292853474617004,0.006022544112056494,0.005906363017857075,211258,23,8,False,Right,Front,Centre,Left,77
<_io.BytesIO object at 0x00000245C1CFE9A0>,0.57520991563797,0.07242021709680557,0.09693478792905807,211259,23,8,False,Right,Front,Centre,Left,77
<_io.BytesIO object at 0x00000245C1CFECC0>,0.6053698062896729,0.12247191369533539,-0.011339976452291012,211259,23,8,False,Right,Front,Centre,Left,77
<_io.BytesIO object at 0x00000245C1CFED10>,0.612823486328125,0.16469068825244904,0.07513314485549927,211259,23,8,False,Right,Front,Centre,Left,77
<_io.BytesIO object at 0x00000245C1CFEC20>,0.5562565326690674,0.11684324592351913,0.01779252290725708,211259,23,8,False,Right,Front,Centre,Left,77
<_io.BytesIO object at 0x00000245C1D870E0>,0.5515257716178894,0.0787644311785698,0.01841740310192108,211259,23,8,False,Right,Front,Centre,Left,77
<_io.BytesIO object at 0x00000245C1D87B80>,0.878972589969635,0.04145596921443939,-0.04470021650195122,211259,23,8,False,Right,Front,Centre,Left,77
<_io.BytesIO object at 0x00000245C1D87090>,0.8381972908973694,0.039704807102680206,-0.04560241103172302,211259,23,8,False,Right,Front,Centre,Left,77
<_io.BytesIO object at 0x00000245C1D87D10>,0.9016779661178589,0.0053424290381371975,-0.058121033012866974,211259,23,8,False,Right,Front,Centre,Left,77
<_io.BytesIO object at 0x00000245C1D87360>,0.8431186079978943,0.049784813076257706,0.04154722020030022,211259,23,8,False,Right,Front,Centre,Left,77
<_io.BytesIO object at 0x00000245C1D87E50>,0.9292938113212585,0.005997961387038231,0.005888758692890406,211259,23,8,False,Right,Front,Centre,Left,77
<_io.BytesIO object at 0x00000245C1D9AAE0>,0.5746190547943115,0.07189222425222397,0.103028804063797,211260,23,8,False,Right,Front,Centre,Left,77
<_io.BytesIO object at 0x00000245C1D9A220>,0.6049602627754211,0.1236346960067749,-0.0038092697504907846,211260,23,8,False,Right,Front,Centre,Left,77
<_io.BytesIO object at 0x00000245C1D9D540>,0.6101700663566589,0.16546079516410828,0.08330389112234116,211260,23,8,False,Right,Front,Centre,Left,77
<_io.BytesIO object at 0x00000245C1D9D4A0>,0.5555171966552734,0.11668344587087631,0.02452619932591915,211260,23,8,False,Right,Front,Centre,Left,77
<_io.BytesIO object at 0x00000245C1D9D6D0>,0.5516539216041565,0.07862957566976547,0.024801334366202354,211260,23,8,False,Right,Front,Centre,Left,77
<_io.BytesIO object at 0x00000245C1D9D3B0>,0.8790104985237122,0.04144316166639328,-0.04471178352832794,211260,23,8,False,Right,Front,Centre,Left,77
<_io.BytesIO object at 0x00000245C1D9DF90>,0.838228702545166,0.039690058678388596,-0.0456351637840271,211260,23,8,False,Right,Front,Centre,Left,77
<_io.BytesIO object at 0x00000245C1D9D810>,0.9017251133918762,0.00535496324300766,-0.05811072513461113,211260,23,8,False,Right,Front,Centre,Left,77
<_io.BytesIO object at 0x00000245C1D9DB30>,0.8431261777877808,0.049785953015089035,0.041525695472955704,211260,23,8,False,Right,Front,Centre,Left,77
<_io.BytesIO object at 0x00000245C1D86220>,0.9292968511581421,0.0059700640849769115,0.005882625933736563,211260,23,8,False,Right,Front,Centre,Left,77
<_io.BytesIO object at 0x00000245C1D9A860>,0.5735248327255249,0.07159360498189926,0.10985622555017471,211261,23,8,False,Right,Front,Centre,Left,77
<_io.BytesIO object at 0x00000245C1D9AE50>,0.604412853717804,0.12477158010005951,0.0038248554337769747,211261,23,8,False,Right,Front,Centre,Left,77
<_io.BytesIO object at 0x00000245C1D03040>,0.6070424914360046,0.16602319478988647,0.09164650738239288,211261,23,8,False,Right,Front,Centre,Left,77
<_io.BytesIO object at 0x00000245C1D03BD0>,0.5546038746833801,0.11662958562374115,0.03148108348250389,211261,23,8,False,Right,Front,Centre,Left,77
<_io.BytesIO object at 0x00000245C1D03E00>,0.5518860816955566,0.07824256271123886,0.031112391501665115,211261,23,8,False,Right,Front,Centre,Left,77
<_io.BytesIO object at 0x00000245C1D03A90>,0.8790420889854431,0.041436098515987396,-0.044728148728609085,211261,23,8,False,Right,Front,Centre,Left,77
<_io.BytesIO object at 0x00000245C1D03360>,0.8382706046104431,0.039677802473306656,-0.04565085470676422,211261,23,8,False,Right,Front,Centre,Left,77
<_io.BytesIO object at 0x00000245C1D03EA0>,0.9018175005912781,0.005386064760386944,-0.058044251054525375,211261,23,8,False,Right,Front,Centre,Left,77
<_io.BytesIO object at 0x00000245C1D87630>,0.8431394100189209,0.04978339746594429,0.041512683033943176,211261,23,8,False,Right,Front,Centre,Left,77
<_io.BytesIO object at 0x00000245C1D876D0>,0.9293155074119568,0.00595175102353096,0.005878448486328125,211261,23,8,False,Right,Front,Centre,Left,77
<_io.BytesIO object at 0x00000245C1CFE4F0>,0.5717359781265259,0.07113394141197205,0.11731560528278351,211262,23,8,False,Right,Front,Centre,Left,77
<_io.BytesIO object at 0x00000245C1CF8BD0>,0.6035889387130737,0.12585698068141937,0.01179469469934702,211262,23,8,False,Right,Front,Centre,Left,77
<_io.BytesIO object at 0x00000245C1CF8040>,0.6035555601119995,0.1663389503955841,0.10030488669872284,211262,23,8,False,Right,Front,Centre,Left,77
<_io.BytesIO object at 0x00000245C1CF8CC0>,0.5535880327224731,0.11625845730304718,0.03849005699157715,211262,23,8,False,Right,Front,Centre,Left,77
<_io.BytesIO object at 0x00000245C1CF82C0>,0.5521082878112793,0.07773692905902863,0.03733457624912262,211262,23,8,False,Right,Front,Centre,Left,77
<_io.BytesIO object at 0x00000245C1D682C0>,0.8790688514709473,0.041409023106098175,-0.04475117847323418,211262,23,8,False,Right,Front,Centre,Left,77
<_io.BytesIO object at 0x00000245C1D688B0>,0.8383028507232666,0.039661455899477005,-0.04566802829504013,211262,23,8,False,Right,Front,Centre,Left,77
<_io.BytesIO object at 0x00000245C1D68F90>,0.9018626809120178,0.005347453523427248,-0.05806531012058258,211262,23,8,False,Right,Front,Centre,Left,77
<_io.BytesIO object at 0x00000245C1D68450>,0.8431559801101685,0.049787066876888275,0.041490644216537476,211262,23,8,False,Right,Front,Centre,Left,77
<_io.BytesIO object at 0x00000245C1D68DB0>,0.9294354319572449,0.0059097399935126305,0.005901430267840624,211262,23,8,False,Right,Front,Centre,Left,77
<_io.BytesIO object at 0x00000245C1D0C090>,0.5696324706077576,0.07078021764755249,0.12476812303066254,211263,23,8,False,Right,Front,Centre,Left,77
<_io.BytesIO object at 0x00000245C1D0CDB0>,0.6026132702827454,0.12718184292316437,0.01992681436240673,211263,23,8,False,Right,Front,Centre,Left,77
<_io.BytesIO object at 0x00000245B9A358B0>,0.5996901392936707,0.1662818342447281,0.1089567095041275,211263,23,8,False,Right,Front,Centre,Left,77
<_io.BytesIO object at 0x00000245B9A352C0>,0.55216383934021,0.11593811213970184,0.0457809641957283,211263,23,8,False,Right,Front,Centre,Left,77
<_io.BytesIO object at 0x00000245B9A35220>,0.5520022511482239,0.07727992534637451,0.04399988055229187,211263,23,8,False,Right,Front,Centre,Left,77
<_io.BytesIO object at 0x00000245C1D66220>,0.8791357278823853,0.04130968451499939,-0.044764406979084015,211263,23,8,False,Right,Front,Centre,Left,77
<_io.BytesIO object at 0x00000245C1D66E50>,0.8382857441902161,0.03956632688641548,-0.04565903916954994,211263,23,8,False,Right,Front,Centre,Left,77
<_io.BytesIO object at 0x00000245C1D66F90>,0.901880145072937,0.0053303479216992855,-0.058074917644262314,211263,23,8,False,Right,Front,Centre,Left,77
<_io.BytesIO object at 0x00000245C1D663B0>,0.8431618213653564,0.049789898097515106,0.04148819297552109,211263,23,8,False,Right,Front,Centre,Left,77
<_io.BytesIO object at 0x00000245C1D66D60>,0.9294826984405518,0.005913133732974529,0.0059471335262060165,211263,23,8,False,Right,Front,Centre,Left,77
<_io.BytesIO object at 0x00000245C1D8D0E0>,0.5673046112060547,0.07020260393619537,0.13239167630672455,211264,23,8,False,Right,Front,Centre,Left,77
<_io.BytesIO object at 0x00000245C1D8D860>,0.6013765335083008,0.12839184701442719,0.028262335807085037,211264,23,8,False,Right,Front,Centre,Left,77
<_io.BytesIO object at 0x00000245C1D76950>,0.5954746007919312,0.16618718206882477,0.11805608123540878,211264,23,8,False,Right,Front,Centre,Left,77
<_io.BytesIO object at 0x00000245C1D76F40>,0.5506975650787354,0.1155812069773674,0.05295022204518318,211264,23,8,False,Right,Front,Centre,Left,77
<_io.BytesIO object at 0x00000245C1D766D0>,0.5519545078277588,0.07674458622932434,0.05055827274918556,211264,23,8,False,Right,Front,Centre,Left,77
<_io.BytesIO object at 0x00000245C1D767C0>,0.8791545033454895,0.041296035051345825,-0.04476187750697136,211264,23,8,False,Right,Front,Centre,Left,77
<_io.BytesIO object at 0x00000245C1D76BD0>,0.8383084535598755,0.039534345269203186,-0.045655857771635056,211264,23,8,False,Right,Front,Centre,Left,77
<_io.BytesIO object at 0x00000245C1D76860>,0.901903510093689,0.005310786888003349,-0.0580776184797287,211264,23,8,False,Right,Front,Centre,Left,77
<_io.BytesIO object at 0x00000245C1D760E0>,0.8431650996208191,0.04978196322917938,0.04148702695965767,211264,23,8,False,Right,Front,Centre,Left,77
<_io.BytesIO object at 0x00000245C1D86220>,0.9295019507408142,0.005922658834606409,0.005970130208879709,211264,23,8,False,Right,Front,Centre,Left,77
<_io.BytesIO object at 0x00000245C1D8D040>,0.5650801658630371,0.06982120871543884,0.13965687155723572,211265,23,8,False,Right,Front,Centre,Left,77
<_io.BytesIO object at 0x00000245C1D99C70>,0.5999388098716736,0.1295594573020935,0.03679661452770233,211265,23,8,False,Right,Front,Centre,Left,77
<_io.BytesIO object at 0x00000245C1D99D10>,0.5907993316650391,0.16577742993831635,0.12712430953979492,211265,23,8,False,Right,Front,Centre,Left,77
<_io.BytesIO object at 0x00000245C1D99900>,0.549476683139801,0.11468525230884552,0.060216207057237625,211265,23,8,False,Right,Front,Centre,Left,77
<_io.BytesIO object at 0x00000245C1D99130>,0.551611602306366,0.07624189555644989,0.05736972764134407,211265,23,8,False,Right,Front,Centre,Left,77
<_io.BytesIO object at 0x00000245C1D99220>,0.8791681528091431,0.04127872735261917,-0.044761426746845245,211265,23,8,False,Right,Front,Centre,Left,77
<_io.BytesIO object at 0x00000245BEF44450>,0.8383239507675171,0.03951112926006317,-0.04563865065574646,211265,23,8,False,Right,Front,Centre,Left,77
<_io.BytesIO object at 0x00000245C1D66E00>,0.9019440412521362,0.005324839148670435,-0.05804150179028511,211265,23,8,False,Right,Front,Centre,Left,77
<_io.BytesIO object at 0x00000245C1D66360>,0.8431699275970459,0.049773864448070526,0.04148564115166664,211265,23,8,False,Right,Front,Centre,Left,77
<_io.BytesIO object at 0x00000245C1D66BD0>,0.9295039176940918,0.005897292401641607,0.005985463969409466,211265,23,8,False,Right,Front,Centre,Left,77
<_io.BytesIO object at 0x00000245C1D0C270>,0.5611487030982971,0.06903369724750519,0.1451214998960495,211266,23,8,False,Right,Front,Centre,Left,77
<_io.BytesIO object at 0x00000245C1CCEBD0>,0.5982890129089355,0.13073508441448212,0.045364607125520706,211266,23,8,False,Right,Front,Centre,Left,77
<_io.BytesIO object at 0x00000245C1DD1310>,0.5861287117004395,0.16521582007408142,0.13632895052433014,211266,23,8,False,Right,Front,Centre,Left,77
<_io.BytesIO object at 0x00000245C1DD1EF0>,0.5477358102798462,0.1142805740237236,0.0678124651312828,211266,23,8,False,Right,Front,Centre,Left,77
<_io.BytesIO object at 0x00000245C1DD1270>,0.5510522127151489,0.07585708796977997,0.06439212709665298,211266,23,8,False,Right,Front,Centre,Left,77
<_io.BytesIO object at 0x00000245C1DD1DB0>,0.8791763186454773,0.041266608983278275,-0.044746313244104385,211266,23,8,False,Right,Front,Centre,Left,77
<_io.BytesIO object at 0x00000245C1DD15E0>,0.8383318185806274,0.039480745792388916,-0.04561370611190796,211266,23,8,False,Right,Front,Centre,Left,77
<_io.BytesIO object at 0x00000245C1D689F0>,0.9019579291343689,0.005297705065459013,-0.058052755892276764,211266,23,8,False,Right,Front,Centre,Left,77
<_io.BytesIO object at 0x00000245C1D689A0>,0.8431772589683533,0.049779169261455536,0.041491150856018066,211266,23,8,False,Right,Front,Centre,Left,77
<_io.BytesIO object at 0x00000245C1D687C0>,0.9295166730880737,0.005884015467017889,0.005982582923024893,211266,23,8,False,Right,Front,Centre,Left,77
<_io.BytesIO object at 0x00000245C1CFE7C0>,0.5482781529426575,0.06539779901504517,0.14818936586380005,211267,23,8,False,Right,Front,Centre,Left,77
<_io.BytesIO object at 0x00000245C1CFEF40>,0.5968144536018372,0.13181886076927185,0.05394570156931877,211267,23,8,False,Right,Front,Centre,Left,77
<_io.BytesIO object at 0x00000245C1CFEC20>,0.581498920917511,0.16444014012813568,0.145518958568573,211267,23,8,False,Right,Front,Centre,Left,77
<_io.BytesIO object at 0x00000245C1CFE770>,0.5464363694190979,0.11334335058927536,0.07483571022748947,211267,23,8,False,Right,Front,Centre,Left,77
<_io.BytesIO object at 0x00000245C1D037C0>,0.550493597984314,0.07546111196279526,0.07132633775472641,211267,23,8,False,Right,Front,Centre,Left,77
<_io.BytesIO object at 0x00000245C1D03EA0>,0.8791925311088562,0.041258469223976135,-0.0447341650724411,211267,23,8,False,Right,Front,Centre,Left,77
<_io.BytesIO object at 0x00000245C1D030E0>,0.8383446931838989,0.03945021331310272,-0.04559282213449478,211267,23,8,False,Right,Front,Centre,Left,77
<_io.BytesIO object at 0x00000245C1D038B0>,0.9019848704338074,0.0052883801981806755,-0.05803987383842468,211267,23,8,False,Right,Front,Centre,Left,77
<_io.BytesIO object at 0x00000245C1D03090>,0.8431931734085083,0.0497780367732048,0.041498731821775436,211267,23,8,False,Right,Front,Centre,Left,77
<_io.BytesIO object at 0x00000245C1D03D10>,0.9295163154602051,0.00587415648624301,0.00597915705293417,211267,23,8,False,Right,Front,Centre,Left,77
<_io.BytesIO object at 0x00000245C1D87360>,0.5459994077682495,0.06326157599687576,0.15486669540405273,211268,23,8,False,Right,Front,Centre,Left,77
<_io.BytesIO object at 0x00000245C1D87900>,0.5949750542640686,0.1325986683368683,0.06276536732912064,211268,23,8,False,Right,Front,Centre,Left,77
<_io.BytesIO object at 0x00000245C1D9D6D0>,0.5769985914230347,0.16356515884399414,0.15477274358272552,211268,23,8,False,Right,Front,Centre,Left,77
<_io.BytesIO object at 0x00000245C1D9DA90>,0.5441193580627441,0.1133648157119751,0.08298172056674957,211268,23,8,False,Right,Front,Centre,Left,77
<_io.BytesIO object at 0x00000245C1D9DE50>,0.5501375198364258,0.0746905580163002,0.07785262912511826,211268,23,8,False,Right,Front,Centre,Left,77
<_io.BytesIO object at 0x00000245C1D9DB30>,0.879203200340271,0.041247185319662094,-0.0447196401655674,211268,23,8,False,Right,Front,Centre,Left,77
<_io.BytesIO object at 0x00000245C1D9D3B0>,0.8383356928825378,0.039411138743162155,-0.04556148871779442,211268,23,8,False,Right,Front,Centre,Left,77
<_io.BytesIO object at 0x00000245C1D9DF40>,0.9019925594329834,0.005276587326079607,-0.05801739543676376,211268,23,8,False,Right,Front,Centre,Left,77
<_io.BytesIO object at 0x00000245C1D9DEF0>,0.8432480096817017,0.049798041582107544,0.04147324711084366,211268,23,8,False,Right,Front,Centre,Left,77
<_io.BytesIO object at 0x00000245C1D86220>,0.9295307397842407,0.005861160811036825,0.005997065454721451,211268,23,8,False,Right,Front,Centre,Left,77
<_io.BytesIO object at 0x00000245C1D87770>,0.5445165634155273,0.0610634982585907,0.1609102487564087,211269,23,8,False,Right,Front,Centre,Left,77
<_io.BytesIO object at 0x00000245C1D87130>,0.5930797457695007,0.13329662382602692,0.07143066078424454,211269,23,8,False,Right,Front,Centre,Left,77
<_io.BytesIO object at 0x00000245C1D9AD60>,0.5727411508560181,0.16241790354251862,0.16387751698493958,211269,23,8,False,Right,Front,Centre,Left,77
<_io.BytesIO object at 0x00000245C1D9A5E0>,0.5428069233894348,0.11235252767801285,0.08968346565961838,211269,23,8,False,Right,Front,Centre,Left,77
<_io.BytesIO object at 0x00000245C1D9AB30>,0.5498546957969666,0.0737556591629982,0.08413559198379517,211269,23,8,False,Right,Front,Centre,Left,77
<_io.BytesIO object at 0x00000245C1D9A6D0>,0.8792127966880798,0.04123212769627571,-0.04469524323940277,211269,23,8,False,Right,Front,Centre,Left,77
<_io.BytesIO object at 0x00000245C1D9A040>,0.8383378386497498,0.03941936418414116,-0.045438654720783234,211269,23,8,False,Right,Front,Centre,Left,77
<_io.BytesIO object at 0x00000245C1D9A400>,0.902007520198822,0.005263354629278183,-0.0580047108232975,211269,23,8,False,Right,Front,Centre,Left,77
<_io.BytesIO object at 0x00000245C1D03BD0>,0.8432751893997192,0.04980732873082161,0.041490282863378525,211269,23,8,False,Right,Front,Centre,Left,77
<_io.BytesIO object at 0x00000245C1D03900>,0.9295498132705688,0.005795198958367109,0.0059500159695744514,211269,23,8,False,Right,Front,Centre,Left,77
<_io.BytesIO object at 0x00000245C1CFE950>,0.543021559715271,0.05875689908862114,0.16718977689743042,211270,23,8,False,Right,Front,Centre,Left,77
<_io.BytesIO object at 0x00000245C1CF8720>,0.5911955237388611,0.1338849663734436,0.08002076297998428,211270,23,8,False,Right,Front,Centre,Left,77
<_io.BytesIO object at 0x00000245C1CF8040>,0.5689104795455933,0.1612655222415924,0.17302802205085754,211270,23,8,False,Right,Front,Centre,Left,77
<_io.BytesIO object at 0x00000245C1CF82C0>,0.5406631827354431,0.11235073208808899,0.09758193045854568,211270,23,8,False,Right,Front,Centre,Left,77
<_io.BytesIO object at 0x00000245C1CF8090>,0.5496805310249329,0.07264239341020584,0.09015443921089172,211270,23,8,False,Right,Front,Centre,Left,77
<_io.BytesIO object at 0x00000245C1D68A90>,0.8791436553001404,0.04109420254826546,-0.044766902923583984,211270,23,8,False,Right,Front,Centre,Left,77
<_io.BytesIO object at 0x00000245C1D68450>,0.838358998298645,0.03938572481274605,-0.045357704162597656,211270,23,8,False,Right,Front,Centre,Left,77
<_io.BytesIO object at 0x00000245C1D688B0>,0.9020140767097473,0.005279578268527985,-0.05795145034790039,211270,23,8,False,Right,Front,Centre,Left,77
<_io.BytesIO object at 0x00000245C1D68BD0>,0.8432956337928772,0.04981261491775513,0.04151023551821709,211270,23,8,False,Right,Front,Centre,Left,77
<_io.BytesIO object at 0x00000245C1D68DB0>,0.9295525550842285,0.005824784282594919,0.006009685341268778,211270,23,8,False,Right,Front,Centre,Left,77
<_io.BytesIO object at 0x00000245C1D0CF40>,0.5416552424430847,0.05660511180758476,0.17333602905273438,211271,23,8,False,Right,Front,Centre,Left,77
<_io.BytesIO object at 0x00000245C1D0C540>,0.5893011093139648,0.13440310955047607,0.08849361538887024,211271,23,8,False,Right,Front,Centre,Left,77
<_io.BytesIO object at 0x00000245B9A35720>,0.5654708743095398,0.16010305285453796,0.181992769241333,211271,23,8,False,Right,Front,Centre,Left,77
<_io.BytesIO object at 0x00000245B9A355E0>,0.5387424826622009,0.11213114857673645,0.10518413782119751,211271,23,8,False,Right,Front,Centre,Left,77
<_io.BytesIO object at 0x00000245B9A356D0>,0.54933100938797,0.07165423035621643,0.09602605551481247,211271,23,8,False,Right,Front,Centre,Left,77
<_io.BytesIO object at 0x00000245BEF44C70>,0.8791390657424927,0.04106643795967102,-0.04475045204162598,211271,23,8,False,Right,Front,Centre,Left,77
<_io.BytesIO object at 0x00000245C1D99CC0>,0.8383562564849854,0.039363354444503784,-0.04528467729687691,211271,23,8,False,Right,Front,Centre,Left,77
<_io.BytesIO object at 0x00000245C1D99310>,0.9020140767097473,0.005270100198686123,-0.05792558565735817,211271,23,8,False,Right,Front,Centre,Left,77
<_io.BytesIO object at 0x00000245C1D99E50>,0.8433085083961487,0.04981515184044838,0.04154015704989433,211271,23,8,False,Right,Front,Centre,Left,77
<_io.BytesIO object at 0x00000245C1D99D10>,0.9295735359191895,0.005833296570926905,0.0060366359539330006,211271,23,8,False,Right,Front,Centre,Left,77
<_io.BytesIO object at 0x00000245C1D66540>,0.5422108769416809,0.05294620245695114,0.17810870707035065,211272,23,8,False,Right,Front,Centre,Left,77
<_io.BytesIO object at 0x00000245C1D66A40>,0.5873992443084717,0.1347724050283432,0.09676631540060043,211272,23,8,False,Right,Front,Centre,Left,77
<_io.BytesIO object at 0x00000245C1D76310>,0.5661171674728394,0.15451857447624207,0.18658876419067383,211272,23,8,False,Right,Front,Centre,Left,77
<_io.BytesIO object at 0x00000245C1D76B30>,0.5369861125946045,0.1119111031293869,0.11222534626722336,211272,23,8,False,Right,Front,Centre,Left,77
<_io.BytesIO object at 0x00000245C1D76A40>,0.5488172769546509,0.07083781063556671,0.10196531563997269,211272,23,8,False,Right,Front,Centre,Left,77
<_io.BytesIO object at 0x00000245C1D764A0>,0.8791211843490601,0.04106392711400986,-0.04473714530467987,211272,23,8,False,Right,Front,Centre,Left,77
<_io.BytesIO object at 0x00000245C1D76630>,0.8383424282073975,0.03932959958910942,-0.04525149241089821,211272,23,8,False,Right,Front,Centre,Left,77
<_io.BytesIO object at 0x00000245C1D769F0>,0.9019867181777954,0.005254896357655525,-0.057923607528209686,211272,23,8,False,Right,Front,Centre,Left,77
<_io.BytesIO object at 0x00000245C1D76A90>,0.8433269262313843,0.04982014000415802,0.04155595228075981,211272,23,8,False,Right,Front,Centre,Left,77
<_io.BytesIO object at 0x00000245C1D86220>,0.9295852184295654,0.005780084989964962,0.005998851265758276,211272,23,8,False,Right,Front,Centre,Left,77
<_io.BytesIO object at 0x00000245C1D66130>,0.5408421158790588,0.05107051134109497,0.1843881905078888,211273,23,8,False,Right,Front,Centre,Left,77
<_io.BytesIO object at 0x00000245C1D8D0E0>,0.5857148766517639,0.13492915034294128,0.1048647090792656,211273,23,8,False,Right,Front,Centre,Left,77
<_io.BytesIO object at 0x00000245C1D8DD60>,0.5640892386436462,0.15258659422397614,0.1950850784778595,211273,23,8,False,Right,Front,Centre,Left,77
<_io.BytesIO object at 0x00000245C1D8D860>,0.5350112915039062,0.11202322691679001,0.11983192712068558,211273,23,8,False,Right,Front,Centre,Left,77
<_io.BytesIO object at 0x00000245C1D8DEA0>,0.5476658344268799,0.0704449862241745,0.10858464986085892,211273,23,8,False,Right,Front,Centre,Left,77
<_io.BytesIO object at 0x00000245C1D8DEF0>,0.8791077733039856,0.0410403236746788,-0.04471859335899353,211273,23,8,False,Right,Front,Centre,Left,77
<_io.BytesIO object at 0x00000245C1D99360>,0.8383125066757202,0.03930946812033653,-0.0452076718211174,211273,23,8,False,Right,Front,Centre,Left,77
<_io.BytesIO object at 0x00000245C1D99B30>,0.9019636511802673,0.005238678772002459,-0.057918474078178406,211273,23,8,False,Right,Front,Centre,Left,77
<_io.BytesIO object at 0x00000245C1D99F90>,0.8433548808097839,0.04982025921344757,0.04157744720578194,211273,23,8,False,Right,Front,Centre,Left,77
<_io.BytesIO object at 0x00000245C1D99BD0>,0.9295722246170044,0.0057546417228877544,0.005987654905766249,211273,23,8,False,Right,Front,Centre,Left,77
<_io.BytesIO object at 0x00000245C1D0C270>,0.5391715168952942,0.04945530369877815,0.19029243290424347,211274,23,8,False,Right,Front,Centre,Left,77
<_io.BytesIO object at 0x00000245C1DD1B80>,0.5841060876846313,0.13504374027252197,0.11282086372375488,211274,23,8,False,Right,Front,Centre,Left,77
<_io.BytesIO object at 0x00000245C1DD1AE0>,0.5618695020675659,0.1508549153804779,0.2030707597732544,211274,23,8,False,Right,Front,Centre,Left,77
<_io.BytesIO object at 0x00000245C1DD1DB0>,0.5333399176597595,0.11198162287473679,0.12709929049015045,211274,23,8,False,Right,Front,Centre,Left,77
<_io.BytesIO object at 0x00000245C1DD14A0>,0.5463183522224426,0.07012691348791122,0.11500180512666702,211274,23,8,False,Right,Front,Centre,Left,77
<_io.BytesIO object at 0x00000245C1D68770>,0.8790842890739441,0.04103375971317291,-0.044700440019369125,211274,23,8,False,Right,Front,Centre,Left,77
<_io.BytesIO object at 0x00000245C1D68860>,0.8382810354232788,0.039287813007831573,-0.045166295021772385,211274,23,8,False,Right,Front,Centre,Left,77
<_io.BytesIO object at 0x00000245C1D68720>,0.9019376039505005,0.005224151536822319,-0.05792310833930969,211274,23,8,False,Right,Front,Centre,Left,77
<_io.BytesIO object at 0x00000245C1D687C0>,0.8433435559272766,0.04982111603021622,0.04162464663386345,211274,23,8,False,Right,Front,Centre,Left,77
<_io.BytesIO object at 0x00000245C1D685E0>,0.9295663833618164,0.005753562320023775,0.005975109990686178,211274,23,8,False,Right,Front,Centre,Left,77
<_io.BytesIO object at 0x00000245C1CFEB30>,0.526511013507843,0.05858275294303894,0.2038135826587677,211275,23,8,False,Right,Front,Centre,Left,77
<_io.BytesIO object at 0x00000245C1CFE6D0>,0.5826372504234314,0.13500085473060608,0.12051557749509811,211275,23,8,False,Right,Front,Centre,Left,77
<_io.BytesIO object at 0x00000245C1D9AE50>,0.5550278425216675,0.15616533160209656,0.2160077840089798,211275,23,8,False,Right,Front,Centre,Left,77
<_io.BytesIO object at 0x00000245C1D9A770>,0.5326048731803894,0.1114797592163086,0.13331687450408936,211275,23,8,False,Right,Front,Centre,Left,77
<_io.BytesIO object at 0x00000245C1D9AEA0>,0.5354609489440918,0.07739021629095078,0.13148951530456543,211275,23,8,False,Right,Front,Centre,Left,77
<_io.BytesIO object at 0x00000245C1D9AB30>,0.8790603280067444,0.041010838001966476,-0.044677332043647766,211275,23,8,False,Right,Front,Centre,Left,77
<_io.BytesIO object at 0x00000245C1D9AB80>,0.838253378868103,0.039251089096069336,-0.04512200877070427,211275,23,8,False,Right,Front,Centre,Left,77
<_io.BytesIO object at 0x00000245C1D9A450>,0.9019315838813782,0.005222540348768234,-0.05788441002368927,211275,23,8,False,Right,Front,Centre,Left,77
<_io.BytesIO object at 0x00000245C1D9AAE0>,0.8433824777603149,0.04982331767678261,0.041589703410863876,211275,23,8,False,Right,Front,Centre,Left,77
<_io.BytesIO object at 0x00000245C1D87C20>,0.9295716285705566,0.005738292820751667,0.0059756068512797356,211275,23,8,False,Right,Front,Centre,Left,77
<_io.BytesIO object at 0x00000245C1D03B80>,0.5144235491752625,0.08140381425619125,0.2192559838294983,211276,23,8,False,Right,Front,Centre,Left,77
<_io.BytesIO object at 0x00000245C1D9DA90>,0.581333339214325,0.13489292562007904,0.12799090147018433,211276,23,8,False,Right,Front,Centre,Left,77
<_io.BytesIO object at 0x00000245C1D9D950>,0.5496959686279297,0.17891499400138855,0.2048410177230835,211276,23,8,False,Right,Front,Centre,Left,77
<_io.BytesIO object at 0x00000245C1D9D6D0>,0.5310310125350952,0.11161596328020096,0.1400691568851471,211276,23,8,False,Right,Front,Centre,Left,77
<_io.BytesIO object at 0x00000245C1D9D8B0>,0.5272043943405151,0.08320020884275436,0.14485682547092438,211276,23,8,False,Right,Front,Centre,Left,77
<_io.BytesIO object at 0x00000245C1D9D2C0>,0.8790432214736938,0.04100381210446358,-0.04466933384537697,211276,23,8,False,Right,Front,Centre,Left,77
<_io.BytesIO object at 0x00000245C1D9DDB0>,0.838227391242981,0.03921410068869591,-0.045085906982421875,211276,23,8,False,Right,Front,Centre,Left,77
<_io.BytesIO object at 0x00000245C1D863B0>,0.9019198417663574,0.005214826203882694,-0.05787245184183121,211276,23,8,False,Right,Front,Centre,Left,77
<_io.BytesIO object at 0x00000245C1D864F0>,0.84336918592453,0.049833547323942184,0.04164613038301468,211276,23,8,False,Right,Front,Centre,Left,77
<_io.BytesIO object at 0x00000245C1D86DB0>,0.929573655128479,0.005729731637984514,0.005975661799311638,211276,23,8,False,Right,Front,Centre,Left,77
<_io.BytesIO object at 0x00000245C1D03720>,0.5065135359764099,0.09059223532676697,0.22839485108852386,211277,23,8,False,Right,Front,Centre,Left,77
<_io.BytesIO object at 0x00000245C1D87220>,0.5789361000061035,0.1324506402015686,0.13626088201999664,211277,23,8,False,Right,Front,Centre,Left,77
<_io.BytesIO object at 0x00000245C1D87E50>,0.5488962531089783,0.18433597683906555,0.20899924635887146,211277,23,8,False,Right,Front,Centre,Left,77
<_io.BytesIO object at 0x00000245C1D87400>,0.524219810962677,0.11991787701845169,0.14776086807250977,211277,23,8,False,Right,Front,Centre,Left,77
<_io.BytesIO object at 0x00000245C1D874A0>,0.525998592376709,0.08161213248968124,0.1535843312740326,211277,23,8,False,Right,Front,Centre,Left,77
<_io.BytesIO object at 0x00000245C1D87770>,0.8790154457092285,0.04097815230488777,-0.04466995596885681,211277,23,8,False,Right,Front,Centre,Left,77
<_io.BytesIO object at 0x00000245C1D9A310>,0.8381741642951965,0.03915129601955414,-0.04504123330116272,211277,23,8,False,Right,Front,Centre,Left,77
<_io.BytesIO object at 0x00000245C1D9A4A0>,0.9018821716308594,0.005192967597395182,-0.057893719524145126,211277,23,8,False,Right,Front,Centre,Left,77
<_io.BytesIO object at 0x00000245C1D9AD60>,0.8433789014816284,0.04984278604388237,0.04166309908032417,211277,23,8,False,Right,Front,Centre,Left,77
<_io.BytesIO object at 0x00000245C1D9A360>,0.929567813873291,0.0057235718704760075,0.005974840838462114,211277,23,8,False,Right,Front,Centre,Left,77
<_io.BytesIO object at 0x00000245C1CF80E0>,0.5065135359764099,0.09059223532676697,0.22839485108852386,211278,23,8,False,Right,Front,Centre,Left,77
<_io.BytesIO object at 0x00000245C1D684F0>,0.5789361000061035,0.1324506402015686,0.13626088201999664,211278,23,8,False,Right,Front,Centre,Left,77
<_io.BytesIO object at 0x00000245C1D68F90>,0.5488962531089783,0.18433597683906555,0.20899924635887146,211278,23,8,False,Right,Front,Centre,Left,77
<_io.BytesIO object at 0x00000245C1D68C20>,0.524219810962677,0.11991787701845169,0.14776086807250977,211278,23,8,False,Right,Front,Centre,Left,77
<_io.BytesIO object at 0x00000245C1D68E50>,0.525998592376709,0.08161213248968124,0.1535843312740326,211278,23,8,False,Right,Front,Centre,Left,77
<_io.BytesIO object at 0x00000245C1D68180>,0.879074215888977,0.04111174866557121,-0.04458783194422722,211278,23,8,False,Right,Front,Centre,Left,77
<_io.BytesIO object at 0x00000245C1D68770>,0.838158369064331,0.039141472429037094,-0.04500250145792961,211278,23,8,False,Right,Front,Centre,Left,77
<_io.BytesIO object at 0x00000245C1DD1A90>,0.9018759727478027,0.005182753317058086,-0.05788710340857506,211278,23,8,False,Right,Front,Centre,Left,77
<_io.BytesIO object at 0x00000245C1DD19F0>,0.84339439868927,0.04984151944518089,0.04167049005627632,211278,23,8,False,Right,Front,Centre,Left,77
<_io.BytesIO object at 0x00000245C1DD1720>,0.9295705556869507,0.005709657445549965,0.005968034267425537,211278,23,8,False,Right,Front,Centre,Left,77
<_io.BytesIO object at 0x00000245B9A35770>,0.5065135359764099,0.09059223532676697,0.22839485108852386,211279,23,8,False,Right,Front,Centre,Left,77
<_io.BytesIO object at 0x00000245C1D8DEA0>,0.5789361000061035,0.1324506402015686,0.13626088201999664,211279,23,8,False,Right,Front,Centre,Left,77
<_io.BytesIO object at 0x00000245C1D8DF40>,0.5488962531089783,0.18433597683906555,0.20899924635887146,211279,23,8,False,Right,Front,Centre,Left,77
<_io.BytesIO object at 0x00000245C1D8DE00>,0.524219810962677,0.11991787701845169,0.14776086807250977,211279,23,8,False,Right,Front,Centre,Left,77
<_io.BytesIO object at 0x00000245C1D8DE50>,0.525998592376709,0.08161213248968124,0.1535843312740326,211279,23,8,False,Right,Front,Centre,Left,77
<_io.BytesIO object at 0x00000245C1D66F40>,0.8790602684020996,0.041106246411800385,-0.04457433521747589,211279,23,8,False,Right,Front,Centre,Left,77
<_io.BytesIO object at 0x00000245C1D664F0>,0.8381356000900269,0.03911776468157768,-0.04497002065181732,211279,23,8,False,Right,Front,Centre,Left,77
<_io.BytesIO object at 0x00000245C1D66EA0>,0.9018435478210449,0.0051575917750597,-0.05792761594057083,211279,23,8,False,Right,Front,Centre,Left,77
<_io.BytesIO object at 0x00000245C1D66720>,0.8434333205223083,0.04982846975326538,0.0417153537273407,211279,23,8,False,Right,Front,Centre,Left,77
<_io.BytesIO object at 0x00000245C1D66D60>,0.9295815825462341,0.005702755879610777,0.005970674101263285,211279,23,8,False,Right,Front,Centre,Left,77
<_io.BytesIO object at 0x00000245C1D765E0>,0.5065135359764099,0.09059223532676697,0.22839485108852386,211280,23,8,False,Right,Front,Centre,Left,77
<_io.BytesIO object at 0x00000245C1D86860>,0.5789361000061035,0.1324506402015686,0.13626088201999664,211280,23,8,False,Right,Front,Centre,Left,77
<_io.BytesIO object at 0x00000245C1D862C0>,0.5488962531089783,0.18433597683906555,0.20899924635887146,211280,23,8,False,Right,Front,Centre,Left,77
<_io.BytesIO object at 0x00000245C1D86590>,0.524219810962677,0.11991787701845169,0.14776086807250977,211280,23,8,False,Right,Front,Centre,Left,77
<_io.BytesIO object at 0x00000245C1D86B30>,0.525998592376709,0.08161213248968124,0.1535843312740326,211280,23,8,False,Right,Front,Centre,Left,77
<_io.BytesIO object at 0x00000245C1D86680>,0.8790536522865295,0.041090939193964005,-0.04459116607904434,211280,23,8,False,Right,Front,Centre,Left,77
<_io.BytesIO object at 0x00000245C1D61DB0>,0.8381166458129883,0.03909540921449661,-0.04495570436120033,211280,23,8,False,Right,Front,Centre,Left,77
<_io.BytesIO object at 0x00000245C1D86090>,0.9018505811691284,0.005174682941287756,-0.05791425704956055,211280,23,8,False,Right,Front,Centre,Left,77
<_io.BytesIO object at 0x00000245C1D86770>,0.8434581160545349,0.04982796311378479,0.04171660542488098,211280,23,8,False,Right,Front,Centre,Left,77
<_io.BytesIO object at 0x00000245C1D86D60>,0.9295992851257324,0.005695046856999397,0.005979741923511028,211280,23,8,False,Right,Front,Centre,Left,77
<_io.BytesIO object at 0x00000245C1D995E0>,0.5065135359764099,0.09059223532676697,0.22839485108852386,211281,23,8,False,Right,Front,Centre,Left,77
<_io.BytesIO object at 0x00000245C1D66D10>,0.5789361000061035,0.1324506402015686,0.13626088201999664,211281,23,8,False,Right,Front,Centre,Left,77
<_io.BytesIO object at 0x00000245C1D66360>,0.5488962531089783,0.18433597683906555,0.20899924635887146,211281,23,8,False,Right,Front,Centre,Left,77
<_io.BytesIO object at 0x00000245C1D66CC0>,0.524219810962677,0.11991787701845169,0.14776086807250977,211281,23,8,False,Right,Front,Centre,Left,77
<_io.BytesIO object at 0x00000245C1D66EF0>,0.525998592376709,0.08161213248968124,0.1535843312740326,211281,23,8,False,Right,Front,Centre,Left,77
<_io.BytesIO object at 0x00000245C1D8D450>,0.8790361285209656,0.041076548397541046,-0.044588878750801086,211281,23,8,False,Right,Front,Centre,Left,77
<_io.BytesIO object at 0x00000245C1D8DE50>,0.838117241859436,0.03908252716064453,-0.044941168278455734,211281,23,8,False,Right,Front,Centre,Left,77
<_io.BytesIO object at 0x00000245C1D8DC20>,0.9018492698669434,0.005159744061529636,-0.05793627351522446,211281,23,8,False,Right,Front,Centre,Left,77
<_io.BytesIO object at 0x00000245C1D8D090>,0.8435637354850769,0.04981987550854683,0.041697535663843155,211281,23,8,False,Right,Front,Centre,Left,77
<_io.BytesIO object at 0x00000245C1D8D860>,0.9296150803565979,0.005685142241418362,0.005980446469038725,211281,23,8,False,Right,Front,Centre,Left,77
<_io.BytesIO object at 0x00000245C1DD17C0>,0.5065135359764099,0.09059223532676697,0.22839485108852386,211282,23,8,False,Right,Front,Centre,Left,77
<_io.BytesIO object at 0x00000245C1DD1EF0>,0.5789361000061035,0.1324506402015686,0.13626088201999664,211282,23,8,False,Right,Front,Centre,Left,77
<_io.BytesIO object at 0x00000245C1DD1360>,0.5488962531089783,0.18433597683906555,0.20899924635887146,211282,23,8,False,Right,Front,Centre,Left,77
<_io.BytesIO object at 0x00000245C1DD1270>,0.524219810962677,0.11991787701845169,0.14776086807250977,211282,23,8,False,Right,Front,Centre,Left,77
<_io.BytesIO object at 0x00000245C1D68F40>,0.525998592376709,0.08161213248968124,0.1535843312740326,211282,23,8,False,Right,Front,Centre,Left,77
<_io.BytesIO object at 0x00000245C1D68180>,0.8790292739868164,0.041068319231271744,-0.044594116508960724,211282,23,8,False,Right,Front,Centre,Left,77
<_io.BytesIO object at 0x00000245C1D689A0>,0.8381119966506958,0.03907114639878273,-0.04492839425802231,211282,23,8,False,Right,Front,Centre,Left,77
<_io.BytesIO object at 0x00000245C1D680E0>,0.9018297791481018,0.0051615010015666485,-0.05794977769255638,211282,23,8,False,Right,Front,Centre,Left,77
<_io.BytesIO object at 0x00000245C1D68EF0>,0.8436002731323242,0.04980485141277313,0.04169495776295662,211282,23,8,False,Right,Front,Centre,Left,77
<_io.BytesIO object at 0x00000245C1D681D0>,0.9296228289604187,0.005674535408616066,0.005959749221801758,211282,23,8,False,Right,Front,Centre,Left,77
<_io.BytesIO object at 0x00000245C1CFEC20>,0.5065135359764099,0.09059223532676697,0.22839485108852386,211283,23,8,False,Right,Front,Centre,Left,77
<_io.BytesIO object at 0x00000245C1D87F90>,0.5789361000061035,0.1324506402015686,0.13626088201999664,211283,23,8,False,Right,Front,Centre,Left,77
<_io.BytesIO object at 0x00000245C1D87DB0>,0.5488962531089783,0.18433597683906555,0.20899924635887146,211283,23,8,False,Right,Front,Centre,Left,77
<_io.BytesIO object at 0x00000245C1D87720>,0.524219810962677,0.11991787701845169,0.14776086807250977,211283,23,8,False,Right,Front,Centre,Left,77
<_io.BytesIO object at 0x00000245C1D87630>,0.525998592376709,0.08161213248968124,0.1535843312740326,211283,23,8,False,Right,Front,Centre,Left,77
<_io.BytesIO object at 0x00000245C1D03720>,0.8790306448936462,0.041062142699956894,-0.04460401460528374,211283,23,8,False,Right,Front,Centre,Left,77
<_io.BytesIO object at 0x00000245C1D03540>,0.838105320930481,0.03905375301837921,-0.04491201788187027,211283,23,8,False,Right,Front,Centre,Left,77
<_io.BytesIO object at 0x00000245C1D03400>,0.9018266201019287,0.005166360642760992,-0.05795994773507118,211283,23,8,False,Right,Front,Centre,Left,77
<_io.BytesIO object at 0x00000245C1D033B0>,0.8436281681060791,0.04981096833944321,0.04171039164066315,211283,23,8,False,Right,Front,Centre,Left,77
<_io.BytesIO object at 0x00000245C1D03F40>,0.9296287298202515,0.005659251473844051,0.005950085818767548,211283,23,8,False,Right,Front,Centre,Left,77
<_io.BytesIO object at 0x00000245C1D9DD60>,0.5065135359764099,0.09059223532676697,0.22839485108852386,211284,23,8,False,Right,Front,Centre,Left,77
<_io.BytesIO object at 0x00000245C1D9D630>,0.5789361000061035,0.1324506402015686,0.13626088201999664,211284,23,8,False,Right,Front,Centre,Left,77
<_io.BytesIO object at 0x00000245C1D617C0>,0.5488962531089783,0.18433597683906555,0.20899924635887146,211284,23,8,False,Right,Front,Centre,Left,77
<_io.BytesIO object at 0x00000245C1D9D540>,0.524219810962677,0.11991787701845169,0.14776086807250977,211284,23,8,False,Right,Front,Centre,Left,77
<_io.BytesIO object at 0x00000245C1D9D810>,0.525998592376709,0.08161213248968124,0.1535843312740326,211284,23,8,False,Right,Front,Centre,Left,77
<_io.BytesIO object at 0x00000245C1D9D770>,0.8790270090103149,0.04105664789676666,-0.04460330307483673,211284,23,8,False,Right,Front,Centre,Left,77
<_io.BytesIO object at 0x00000245C1D9D090>,0.8380933403968811,0.039045240730047226,-0.04489210993051529,211284,23,8,False,Right,Front,Centre,Left,77
<_io.BytesIO object at 0x00000245C1D9DAE0>,0.9018325209617615,0.005143598187714815,-0.05798664316534996,211284,23,8,False,Right,Front,Centre,Left,77
<_io.BytesIO object at 0x00000245C1D9DDB0>,0.8436411023139954,0.04981469735503197,0.041712671518325806,211284,23,8,False,Right,Front,Centre,Left,77
<_io.BytesIO object at 0x00000245C1D9D6D0>,0.9296371936798096,0.005646343808621168,0.005942413583397865,211284,23,8,False,Right,Front,Centre,Left,77
<_io.BytesIO object at 0x00000245C1D87680>,0.5065135359764099,0.09059223532676697,0.22839485108852386,211285,23,8,False,Right,Front,Centre,Left,77
<_io.BytesIO object at 0x00000245C1D87EA0>,0.5789361000061035,0.1324506402015686,0.13626088201999664,211285,23,8,False,Right,Front,Centre,Left,77
<_io.BytesIO object at 0x00000245C1D87590>,0.5488962531089783,0.18433597683906555,0.20899924635887146,211285,23,8,False,Right,Front,Centre,Left,77
<_io.BytesIO object at 0x00000245C1D87D60>,0.524219810962677,0.11991787701845169,0.14776086807250977,211285,23,8,False,Right,Front,Centre,Left,77
<_io.BytesIO object at 0x00000245C1CFE6D0>,0.525998592376709,0.08161213248968124,0.1535843312740326,211285,23,8,False,Right,Front,Centre,Left,77
<_io.BytesIO object at 0x00000245C1CFE540>,0.8790290355682373,0.04104960337281227,-0.04459362477064133,211285,23,8,False,Right,Front,Centre,Left,77
<_io.BytesIO object at 0x00000245C1CFED60>,0.8380885124206543,0.0390334352850914,-0.04486950486898422,211285,23,8,False,Right,Front,Centre,Left,77
<_io.BytesIO object at 0x00000245C1CFE7C0>,0.9018336534500122,0.00514673488214612,-0.05797608196735382,211285,23,8,False,Right,Front,Centre,Left,77
<_io.BytesIO object at 0x00000245C1CFEAE0>,0.8436617255210876,0.049820154905319214,0.041716139763593674,211285,23,8,False,Right,Front,Centre,Left,77
<_io.BytesIO object at 0x00000245C1CFECC0>,0.9296481609344482,0.005626015830785036,0.005938395857810974,211285,23,8,False,Right,Front,Centre,Left,77
<_io.BytesIO object at 0x00000245C1D689F0>,0.5065135359764099,0.09059223532676697,0.22839485108852386,211286,23,8,False,Right,Front,Centre,Left,77
<_io.BytesIO object at 0x00000245C1DD19F0>,0.5789361000061035,0.1324506402015686,0.13626088201999664,211286,23,8,False,Right,Front,Centre,Left,77
<_io.BytesIO object at 0x00000245C1DD1680>,0.5488962531089783,0.18433597683906555,0.20899924635887146,211286,23,8,False,Right,Front,Centre,Left,77
<_io.BytesIO object at 0x00000245C1DD18B0>,0.524219810962677,0.11991787701845169,0.14776086807250977,211286,23,8,False,Right,Front,Centre,Left,77
<_io.BytesIO object at 0x00000245C1DD1310>,0.525998592376709,0.08161213248968124,0.1535843312740326,211286,23,8,False,Right,Front,Centre,Left,77
<_io.BytesIO object at 0x00000245C1D0C310>,0.8790357112884521,0.04104141518473625,-0.044591013342142105,211286,23,8,False,Right,Front,Centre,Left,77
<_io.BytesIO object at 0x00000245C1D0C900>,0.8380796313285828,0.039017271250486374,-0.04484804347157478,211286,23,8,False,Right,Front,Centre,Left,77
<_io.BytesIO object at 0x00000245C1D0C4F0>,0.9018263220787048,0.005121264141052961,-0.05800529941916466,211286,23,8,False,Right,Front,Centre,Left,77
<_io.BytesIO object at 0x00000245C1D0CA40>,0.8436813950538635,0.04982096701860428,0.04171893745660782,211286,23,8,False,Right,Front,Centre,Left,77
<_io.BytesIO object at 0x00000245C1D0C9F0>,0.9296578168869019,0.005618030671030283,0.005943129770457745,211286,23,8,False,Right,Front,Centre,Left,77
<_io.BytesIO object at 0x00000245C1D995E0>,0.5065135359764099,0.09059223532676697,0.22839485108852386,211287,23,8,False,Right,Front,Centre,Left,77
<_io.BytesIO object at 0x00000245C1D99040>,0.5789361000061035,0.1324506402015686,0.13626088201999664,211287,23,8,False,Right,Front,Centre,Left,77
<_io.BytesIO object at 0x00000245C1D99270>,0.5488962531089783,0.18433597683906555,0.20899924635887146,211287,23,8,False,Right,Front,Centre,Left,77
<_io.BytesIO object at 0x00000245C1D991D0>,0.524219810962677,0.11991787701845169,0.14776086807250977,211287,23,8,False,Right,Front,Centre,Left,77
<_io.BytesIO object at 0x00000245C1D76040>,0.525998592376709,0.08161213248968124,0.1535843312740326,211287,23,8,False,Right,Front,Centre,Left,77
<_io.BytesIO object at 0x00000245C1D764A0>,0.8790332674980164,0.04102971777319908,-0.04458746314048767,211287,23,8,False,Right,Front,Centre,Left,77
<_io.BytesIO object at 0x00000245C1D76540>,0.8380720615386963,0.0390000119805336,-0.0448305606842041,211287,23,8,False,Right,Front,Centre,Left,77
<_io.BytesIO object at 0x00000245C1D76EF0>,0.9018238186836243,0.005102102179080248,-0.058015380054712296,211287,23,8,False,Right,Front,Centre,Left,77
<_io.BytesIO object at 0x00000245C1D76E00>,0.8437005281448364,0.04982253909111023,0.041734375059604645,211287,23,8,False,Right,Front,Centre,Left,77
<_io.BytesIO object at 0x00000245C1D76860>,0.9296731352806091,0.005605119280517101,0.005945834796875715,211287,23,8,False,Right,Front,Centre,Left,77
<_io.BytesIO object at 0x00000245C1D86720>,0.5065135359764099,0.09059223532676697,0.22839485108852386,211288,23,8,False,Right,Front,Centre,Left,77
<_io.BytesIO object at 0x00000245C1D86810>,0.5789361000061035,0.1324506402015686,0.13626088201999664,211288,23,8,False,Right,Front,Centre,Left,77
<_io.BytesIO object at 0x00000245C1D86D60>,0.5488962531089783,0.18433597683906555,0.20899924635887146,211288,23,8,False,Right,Front,Centre,Left,77
<_io.BytesIO object at 0x00000245C1D86950>,0.524219810962677,0.11991787701845169,0.14776086807250977,211288,23,8,False,Right,Front,Centre,Left,77
<_io.BytesIO object at 0x00000245C1D864F0>,0.525998592376709,0.08161213248968124,0.1535843312740326,211288,23,8,False,Right,Front,Centre,Left,77
<_io.BytesIO object at 0x00000245C1D86900>,0.8790374994277954,0.04102817177772522,-0.0445764921605587,211288,23,8,False,Right,Front,Centre,Left,77
<_io.BytesIO object at 0x00000245C1D86180>,0.8380699157714844,0.03899184614419937,-0.0448005311191082,211288,23,8,False,Right,Front,Centre,Left,77
<_io.BytesIO object at 0x00000245C1D66220>,0.9018344283103943,0.005108026321977377,-0.05797772482037544,211288,23,8,False,Right,Front,Centre,Left,77
<_io.BytesIO object at 0x00000245C1D66A90>,0.8437227606773376,0.04983298107981682,0.041742198169231415,211288,23,8,False,Right,Front,Centre,Left,77
<_io.BytesIO object at 0x00000245C1D66E00>,0.9297053217887878,0.005612338427454233,0.005984620191156864,211288,23,8,False,Right,Front,Centre,Left,77
<_io.BytesIO object at 0x00000245C1D992C0>,0.5065135359764099,0.09059223532676697,0.22839485108852386,211289,23,8,False,Right,Front,Centre,Left,77
<_io.BytesIO object at 0x00000245C1D8D4A0>,0.5789361000061035,0.1324506402015686,0.13626088201999664,211289,23,8,False,Right,Front,Centre,Left,77
<_io.BytesIO object at 0x00000245C1D8DC20>,0.5488962531089783,0.18433597683906555,0.20899924635887146,211289,23,8,False,Right,Front,Centre,Left,77
<_io.BytesIO object at 0x00000245C1D8D090>,0.524219810962677,0.11991787701845169,0.14776086807250977,211289,23,8,False,Right,Front,Centre,Left,77
<_io.BytesIO object at 0x00000245C1D8DC70>,0.525998592376709,0.08161213248968124,0.1535843312740326,211289,23,8,False,Right,Front,Centre,Left,77
<_io.BytesIO object at 0x00000245C1D8D310>,0.8790355920791626,0.0410202220082283,-0.04456324502825737,211289,23,8,False,Right,Front,Centre,Left,77
<_io.BytesIO object at 0x00000245C1D8D630>,0.8380709290504456,0.03898240998387337,-0.04477657750248909,211289,23,8,False,Right,Front,Centre,Left,77
<_io.BytesIO object at 0x00000245BEF44360>,0.9018280506134033,0.005074594169855118,-0.05801018700003624,211289,23,8,False,Right,Front,Centre,Left,77
<_io.BytesIO object at 0x00000245BEF44C20>,0.8437379598617554,0.04984071105718613,0.04174961894750595,211289,23,8,False,Right,Front,Centre,Left,77
<_io.BytesIO object at 0x00000245B9A35360>,0.9297349452972412,0.005622003693133593,0.0060378508642315865,211289,23,8,False,Right,Front,Centre,Left,77
<_io.BytesIO object at 0x00000245C1DD1C70>,0.5065135359764099,0.09059223532676697,0.22839485108852386,211290,23,8,False,Right,Front,Centre,Left,77
<_io.BytesIO object at 0x00000245C1D68DB0>,0.5789361000061035,0.1324506402015686,0.13626088201999664,211290,23,8,False,Right,Front,Centre,Left,77
<_io.BytesIO object at 0x00000245C1D68C20>,0.5488962531089783,0.18433597683906555,0.20899924635887146,211290,23,8,False,Right,Front,Centre,Left,77
<_io.BytesIO object at 0x00000245C1D68540>,0.524219810962677,0.11991787701845169,0.14776086807250977,211290,23,8,False,Right,Front,Centre,Left,77
<_io.BytesIO object at 0x00000245C1D681D0>,0.525998592376709,0.08161213248968124,0.1535843312740326,211290,23,8,False,Right,Front,Centre,Left,77
<_io.BytesIO object at 0x00000245C1D68810>,0.8790339231491089,0.04100692644715309,-0.044560711830854416,211290,23,8,False,Right,Front,Centre,Left,77
<_io.BytesIO object at 0x00000245C1D68D60>,0.8380634784698486,0.038963668048381805,-0.04475933313369751,211290,23,8,False,Right,Front,Centre,Left,77
<_io.BytesIO object at 0x00000245C1CF8B30>,0.9018247723579407,0.005051111802458763,-0.057995740324258804,211290,23,8,False,Right,Front,Centre,Left,77
<_io.BytesIO object at 0x00000245C1CF8AE0>,0.8437637090682983,0.049860041588544846,0.04177241027355194,211290,23,8,False,Right,Front,Centre,Left,77
<_io.BytesIO object at 0x00000245C1CF89F0>,0.9297507405281067,0.005634521599858999,0.006065788678824902,211290,23,8,False,Right,Front,Centre,Left,77
<_io.BytesIO object at 0x00000245C1D87DB0>,0.5065135359764099,0.09059223532676697,0.22839485108852386,211291,23,8,False,Right,Front,Centre,Left,77
<_io.BytesIO object at 0x00000245C1D87810>,0.5789361000061035,0.1324506402015686,0.13626088201999664,211291,23,8,False,Right,Front,Centre,Left,77
<_io.BytesIO object at 0x00000245C1D03630>,0.5488962531089783,0.18433597683906555,0.20899924635887146,211291,23,8,False,Right,Front,Centre,Left,77
<_io.BytesIO object at 0x00000245C1D03860>,0.524219810962677,0.11991787701845169,0.14776086807250977,211291,23,8,False,Right,Front,Centre,Left,77
<_io.BytesIO object at 0x00000245C1D030E0>,0.525998592376709,0.08161213248968124,0.1535843312740326,211291,23,8,False,Right,Front,Centre,Left,77
<_io.BytesIO object at 0x00000245C1D03B30>,0.8789635300636292,0.04080872982740402,-0.04462340846657753,211291,23,8,False,Right,Front,Centre,Left,77
<_io.BytesIO object at 0x00000245C1D032C0>,0.838050127029419,0.03893790766596794,-0.044734977185726166,211291,23,8,False,Right,Front,Centre,Left,77
<_io.BytesIO object at 0x00000245C1D03D60>,0.9018199443817139,0.005047458223998547,-0.0579744353890419,211291,23,8,False,Right,Front,Centre,Left,77
<_io.BytesIO object at 0x00000245C1D03E00>,0.8437867760658264,0.049881502985954285,0.041793644428253174,211291,23,8,False,Right,Front,Centre,Left,77
<_io.BytesIO object at 0x00000245C1D9AB80>,0.9297595620155334,0.00561527768149972,0.006073908880352974,211291,23,8,False,Right,Front,Centre,Left,77
<_io.BytesIO object at 0x00000245C1D9D810>,0.5065135359764099,0.09059223532676697,0.22839485108852386,211292,23,8,False,Right,Front,Centre,Left,77
<_io.BytesIO object at 0x00000245C1D9D360>,0.5789361000061035,0.1324506402015686,0.13626088201999664,211292,23,8,False,Right,Front,Centre,Left,77
<_io.BytesIO object at 0x00000245C1D9DE50>,0.5488962531089783,0.18433597683906555,0.20899924635887146,211292,23,8,False,Right,Front,Centre,Left,77
<_io.BytesIO object at 0x00000245C1D9AF40>,0.524219810962677,0.11991787701845169,0.14776086807250977,211292,23,8,False,Right,Front,Centre,Left,77
<_io.BytesIO object at 0x00000245C1D9A310>,0.525998592376709,0.08161213248968124,0.1535843312740326,211292,23,8,False,Right,Front,Centre,Left,77
<_io.BytesIO object at 0x00000245C1D9A9F0>,0.8789733648300171,0.0407661534845829,-0.044625986367464066,211292,23,8,False,Right,Front,Centre,Left,77
<_io.BytesIO object at 0x00000245C1D9A950>,0.8380491733551025,0.03891630098223686,-0.04470352828502655,211292,23,8,False,Right,Front,Centre,Left,77
<_io.BytesIO object at 0x00000245C1D9AD10>,0.9017878174781799,0.00497796293348074,-0.05796898528933525,211292,23,8,False,Right,Front,Centre,Left,77
<_io.BytesIO object at 0x00000245C1D9A400>,0.8438166975975037,0.04990249127149582,0.04181996360421181,211292,23,8,False,Right,Front,Centre,Left,77
<_io.BytesIO object at 0x00000245C1D9A7C0>,0.9297513961791992,0.005578881129622459,0.006062295287847519,211292,23,8,False,Right,Front,Centre,Left,77
<_io.BytesIO object at 0x00000245C1CFEC20>,0.5065135359764099,0.09059223532676697,0.22839485108852386,211293,23,8,False,Right,Front,Centre,Left,77
<_io.BytesIO object at 0x00000245C1CFEBD0>,0.5789361000061035,0.1324506402015686,0.13626088201999664,211293,23,8,False,Right,Front,Centre,Left,77
<_io.BytesIO object at 0x00000245C1CFEDB0>,0.5488962531089783,0.18433597683906555,0.20899924635887146,211293,23,8,False,Right,Front,Centre,Left,77
<_io.BytesIO object at 0x00000245C1CFE590>,0.524219810962677,0.11991787701845169,0.14776086807250977,211293,23,8,False,Right,Front,Centre,Left,77
<_io.BytesIO object at 0x00000245C1CF8900>,0.525998592376709,0.08161213248968124,0.1535843312740326,211293,23,8,False,Right,Front,Centre,Left,77
<_io.BytesIO object at 0x00000245C1CF8130>,0.8790389895439148,0.040924958884716034,-0.04452041536569595,211293,23,8,False,Right,Front,Centre,Left,77
<_io.BytesIO object at 0x00000245C1CF8B80>,0.8380575776100159,0.03891059011220932,-0.04467145353555679,211293,23,8,False,Right,Front,Centre,Left,77
<_io.BytesIO object at 0x00000245C1CF8720>,0.9017851948738098,0.0049528819508850574,-0.05796482414007187,211293,23,8,False,Right,Front,Centre,Left,77
<_io.BytesIO object at 0x00000245C1CF8770>,0.8438392281532288,0.04991426318883896,0.04183810576796532,211293,23,8,False,Right,Front,Centre,Left,77
<_io.BytesIO object at 0x00000245C1CF8400>,0.929743766784668,0.005547043867409229,0.006041866261512041,211293,23,8,False,Right,Front,Centre,Left,77
<_io.BytesIO object at 0x00000245C1DD15E0>,0.5065135359764099,0.09059223532676697,0.22839485108852386,211294,23,8,False,Right,Front,Centre,Left,77
<_io.BytesIO object at 0x00000245C1D0C950>,0.5789361000061035,0.1324506402015686,0.13626088201999664,211294,23,8,False,Right,Front,Centre,Left,77
<_io.BytesIO object at 0x00000245C1D0C770>,0.5488962531089783,0.18433597683906555,0.20899924635887146,211294,23,8,False,Right,Front,Centre,Left,77
<_io.BytesIO object at 0x00000245C1D0C860>,0.524219810962677,0.11991787701845169,0.14776086807250977,211294,23,8,False,Right,Front,Centre,Left,77
<_io.BytesIO object at 0x00000245C1D0CF40>,0.525998592376709,0.08161213248968124,0.1535843312740326,211294,23,8,False,Right,Front,Centre,Left,77
<_io.BytesIO object at 0x00000245C1D0C5E0>,0.8790226578712463,0.04092198237776756,-0.044504545629024506,211294,23,8,False,Right,Front,Centre,Left,77
<_io.BytesIO object at 0x00000245B9A35810>,0.8380516767501831,0.038895830512046814,-0.044636860489845276,211294,23,8,False,Right,Front,Centre,Left,77
<_io.BytesIO object at 0x00000245B9A35770>,0.901779294013977,0.004940381273627281,-0.05794143304228783,211294,23,8,False,Right,Front,Centre,Left,77
<_io.BytesIO object at 0x00000245B9A35360>,0.8438549637794495,0.05007294937968254,0.04204706475138664,211294,23,8,False,Right,Front,Centre,Left,77
<_io.BytesIO object at 0x00000245BEF44C20>,0.9297437071800232,0.005529904738068581,0.00604275893419981,211294,23,8,False,Right,Front,Centre,Left,77
<_io.BytesIO object at 0x00000245C1D76310>,0.5065135359764099,0.09059223532676697,0.22839485108852386,211295,23,8,False,Right,Front,Centre,Left,77
<_io.BytesIO object at 0x00000245C1D76D10>,0.5789361000061035,0.1324506402015686,0.13626088201999664,211295,23,8,False,Right,Front,Centre,Left,77
<_io.BytesIO object at 0x00000245C1D760E0>,0.5488962531089783,0.18433597683906555,0.20899924635887146,211295,23,8,False,Right,Front,Centre,Left,77
<_io.BytesIO object at 0x00000245C1D76450>,0.524219810962677,0.11991787701845169,0.14776086807250977,211295,23,8,False,Right,Front,Centre,Left,77
<_io.BytesIO object at 0x00000245C1D66AE0>,0.525998592376709,0.08161213248968124,0.1535843312740326,211295,23,8,False,Right,Front,Centre,Left,77
<_io.BytesIO object at 0x00000245C1D66BD0>,0.8789529800415039,0.0407414436340332,-0.0445922426879406,211295,23,8,False,Right,Front,Centre,Left,77
<_io.BytesIO object at 0x00000245C1D66590>,0.8380557298660278,0.03887565806508064,-0.04460594430565834,211295,23,8,False,Right,Front,Centre,Left,77
<_io.BytesIO object at 0x00000245C1D66770>,0.9017705917358398,0.004921630024909973,-0.05789460614323616,211295,23,8,False,Right,Front,Centre,Left,77
<_io.BytesIO object at 0x00000245C1D66180>,0.8439031839370728,0.050092075020074844,0.0420859232544899,211295,23,8,False,Right,Front,Centre,Left,77
<_io.BytesIO object at 0x00000245C1D66B30>,0.9297550320625305,0.00544303422793746,0.006084139924496412,211295,23,8,False,Right,Front,Centre,Left,77
<_io.BytesIO object at 0x00000245C1D86DB0>,0.5065135359764099,0.09059223532676697,0.22839485108852386,211296,23,8,False,Right,Front,Centre,Left,77
<_io.BytesIO object at 0x00000245C1D86E00>,0.5789361000061035,0.1324506402015686,0.13626088201999664,211296,23,8,False,Right,Front,Centre,Left,77
<_io.BytesIO object at 0x00000245C1D669F0>,0.5488962531089783,0.18433597683906555,0.20899924635887146,211296,23,8,False,Right,Front,Centre,Left,77
<_io.BytesIO object at 0x00000245C1D66B30>,0.524219810962677,0.11991787701845169,0.14776086807250977,211296,23,8,False,Right,Front,Centre,Left,77
<_io.BytesIO object at 0x00000245C1D66CC0>,0.525998592376709,0.08161213248968124,0.1535843312740326,211296,23,8,False,Right,Front,Centre,Left,77
<_io.BytesIO object at 0x00000245C1D663B0>,0.8789565563201904,0.04071129858493805,-0.04460201412439346,211296,23,8,False,Right,Front,Centre,Left,77
<_io.BytesIO object at 0x00000245C1D668B0>,0.8380540609359741,0.03886108845472336,-0.044584330171346664,211296,23,8,False,Right,Front,Centre,Left,77
<_io.BytesIO object at 0x00000245C1D66900>,0.901739239692688,0.004862546920776367,-0.05788533389568329,211296,23,8,False,Right,Front,Centre,Left,77
<_io.BytesIO object at 0x00000245C1D99860>,0.8439421057701111,0.05010958015918732,0.04210389405488968,211296,23,8,False,Right,Front,Centre,Left,77
<_io.BytesIO object at 0x00000245C1D99450>,0.9297775030136108,0.005435284227132797,0.006098194047808647,211296,23,8,False,Right,Front,Centre,Left,77
<_io.BytesIO object at 0x00000245B9A358B0>,0.5065135359764099,0.09059223532676697,0.22839485108852386,211297,23,8,False,Right,Front,Centre,Left,77
<_io.BytesIO object at 0x00000245B9A353B0>,0.5789361000061035,0.1324506402015686,0.13626088201999664,211297,23,8,False,Right,Front,Centre,Left,77
<_io.BytesIO object at 0x00000245C1D0C3B0>,0.5488962531089783,0.18433597683906555,0.20899924635887146,211297,23,8,False,Right,Front,Centre,Left,77
<_io.BytesIO object at 0x00000245C1D0C860>,0.524219810962677,0.11991787701845169,0.14776086807250977,211297,23,8,False,Right,Front,Centre,Left,77
<_io.BytesIO object at 0x00000245C1D0C4A0>,0.525998592376709,0.08161213248968124,0.1535843312740326,211297,23,8,False,Right,Front,Centre,Left,77
<_io.BytesIO object at 0x00000245C1D0C270>,0.8789608478546143,0.04069695994257927,-0.04459758847951889,211297,23,8,False,Right,Front,Centre,Left,77
<_io.BytesIO object at 0x00000245C1D0C630>,0.8380539417266846,0.038836993277072906,-0.044564176350831985,211297,23,8,False,Right,Front,Centre,Left,77
<_io.BytesIO object at 0x00000245C1D0C310>,0.9017512798309326,0.004850244615226984,-0.0579121932387352,211297,23,8,False,Right,Front,Centre,Left,77
<_io.BytesIO object at 0x00000245C1DD15E0>,0.8440520763397217,0.050014324486255646,0.042034365236759186,211297,23,8,False,Right,Front,Centre,Left,77
<_io.BytesIO object at 0x00000245C1DD1310>,0.9297864437103271,0.005420123226940632,0.006122590973973274,211297,23,8,False,Right,Front,Centre,Left,77
<_io.BytesIO object at 0x00000245C1CF82C0>,0.5065135359764099,0.09059223532676697,0.22839485108852386,211298,23,8,False,Right,Front,Centre,Left,77
<_io.BytesIO object at 0x00000245C1CF8770>,0.5789361000061035,0.1324506402015686,0.13626088201999664,211298,23,8,False,Right,Front,Centre,Left,77
<_io.BytesIO object at 0x00000245C1CF8040>,0.5488962531089783,0.18433597683906555,0.20899924635887146,211298,23,8,False,Right,Front,Centre,Left,77
<_io.BytesIO object at 0x00000245C1CF8900>,0.524219810962677,0.11991787701845169,0.14776086807250977,211298,23,8,False,Right,Front,Centre,Left,77
<_io.BytesIO object at 0x00000245C1CFED10>,0.525998592376709,0.08161213248968124,0.1535843312740326,211298,23,8,False,Right,Front,Centre,Left,77
<_io.BytesIO object at 0x00000245C1CFE400>,0.8789650201797485,0.04068266972899437,-0.04459311440587044,211298,23,8,False,Right,Front,Centre,Left,77
<_io.BytesIO object at 0x00000245C1CFE630>,0.8380545377731323,0.038823358714580536,-0.044538483023643494,211298,23,8,False,Right,Front,Centre,Left,77
<_io.BytesIO object at 0x00000245C1CFE950>,0.9016807079315186,0.004766638390719891,-0.057964760810136795,211298,23,8,False,Right,Front,Centre,Left,77
<_io.BytesIO object at 0x00000245C1CFE0E0>,0.8440728187561035,0.05002631992101669,0.04205808788537979,211298,23,8,False,Right,Front,Centre,Left,77
<_io.BytesIO object at 0x00000245C1CFED60>,0.9298020601272583,0.005417104810476303,0.00612687598913908,211298,23,8,False,Right,Front,Centre,Left,77
<_io.BytesIO object at 0x00000245C1D9ABD0>,0.5065135359764099,0.09059223532676697,0.22839485108852386,211299,23,8,False,Right,Front,Centre,Left,77
<_io.BytesIO object at 0x00000245C1D9A630>,0.5789361000061035,0.1324506402015686,0.13626088201999664,211299,23,8,False,Right,Front,Centre,Left,77
<_io.BytesIO object at 0x00000245C1D9DF90>,0.5488962531089783,0.18433597683906555,0.20899924635887146,211299,23,8,False,Right,Front,Centre,Left,77
<_io.BytesIO object at 0x00000245C1D9DC70>,0.524219810962677,0.11991787701845169,0.14776086807250977,211299,23,8,False,Right,Front,Centre,Left,77
<_io.BytesIO object at 0x00000245C1D9D720>,0.525998592376709,0.08161213248968124,0.1535843312740326,211299,23,8,False,Right,Front,Centre,Left,77
<_io.BytesIO object at 0x00000245C1D9D400>,0.8789877891540527,0.040688034147024155,-0.04450896009802818,211299,23,8,False,Right,Front,Centre,Left,77
<_io.BytesIO object at 0x00000245C1D9D770>,0.8380576372146606,0.038811102509498596,-0.04452881962060928,211299,23,8,False,Right,Front,Centre,Left,77
<_io.BytesIO object at 0x00000245C1D9DCC0>,0.9016939401626587,0.004764976445585489,-0.057944636791944504,211299,23,8,False,Right,Front,Centre,Left,77
<_io.BytesIO object at 0x00000245C1D9D8B0>,0.8440857529640198,0.05004690960049629,0.04206717386841774,211299,23,8,False,Right,Front,Centre,Left,77
<_io.BytesIO object at 0x00000245C1D76CC0>,0.9298232197761536,0.005414072889834642,0.006133046466857195,211299,23,8,False,Right,Front,Centre,Left,77
<_io.BytesIO object at 0x00000245C1D03270>,0.5065135359764099,0.09059223532676697,0.22839485108852386,211300,23,8,False,Right,Front,Centre,Left,77
<_io.BytesIO object at 0x00000245C1D035E0>,0.5789361000061035,0.1324506402015686,0.13626088201999664,211300,23,8,False,Right,Front,Centre,Left,77
<_io.BytesIO object at 0x00000245C1D03A40>,0.5488962531089783,0.18433597683906555,0.20899924635887146,211300,23,8,False,Right,Front,Centre,Left,77
<_io.BytesIO object at 0x00000245C1D032C0>,0.524219810962677,0.11991787701845169,0.14776086807250977,211300,23,8,False,Right,Front,Centre,Left,77
<_io.BytesIO object at 0x00000245C1D03680>,0.525998592376709,0.08161213248968124,0.1535843312740326,211300,23,8,False,Right,Front,Centre,Left,77
<_io.BytesIO object at 0x00000245C1D03360>,0.8789864182472229,0.04067651927471161,-0.04451284185051918,211300,23,8,False,Right,Front,Centre,Left,77
<_io.BytesIO object at 0x00000245C1D769A0>,0.8380692601203918,0.03880425542593002,-0.044507820159196854,211300,23,8,False,Right,Front,Centre,Left,77
<_io.BytesIO object at 0x00000245C1D76220>,0.9017897844314575,0.004851720295846462,-0.05785214155912399,211300,23,8,False,Right,Front,Centre,Left,77
<_io.BytesIO object at 0x00000245C1D76E50>,0.8441105484962463,0.0500587560236454,0.04208233579993248,211300,23,8,False,Right,Front,Centre,Left,77
<_io.BytesIO object at 0x00000245C1D76E00>,0.9298412799835205,0.005406405311077833,0.006137987598776817,211300,23,8,False,Right,Front,Centre,Left,77
<_io.BytesIO object at 0x00000245C1D9AC20>,0.5065135359764099,0.09059223532676697,0.22839485108852386,211301,23,8,False,Right,Front,Centre,Left,77
<_io.BytesIO object at 0x00000245C1D9A7C0>,0.5789361000061035,0.1324506402015686,0.13626088201999664,211301,23,8,False,Right,Front,Centre,Left,77
<_io.BytesIO object at 0x00000245C1D877C0>,0.5488962531089783,0.18433597683906555,0.20899924635887146,211301,23,8,False,Right,Front,Centre,Left,77
<_io.BytesIO object at 0x00000245C1D87090>,0.524219810962677,0.11991787701845169,0.14776086807250977,211301,23,8,False,Right,Front,Centre,Left,77
<_io.BytesIO object at 0x00000245C1D876D0>,0.525998592376709,0.08161213248968124,0.1535843312740326,211301,23,8,False,Right,Front,Centre,Left,77
<_io.BytesIO object at 0x00000245C1D874A0>,0.8790054321289062,0.040666937828063965,-0.044520698487758636,211301,23,8,False,Right,Front,Centre,Left,77
<_io.BytesIO object at 0x00000245C1D87E50>,0.8380842208862305,0.038794126361608505,-0.044503793120384216,211301,23,8,False,Right,Front,Centre,Left,77
<_io.BytesIO object at 0x00000245C1D87EA0>,0.9017940163612366,0.004803698509931564,-0.05789540335536003,211301,23,8,False,Right,Front,Centre,Left,77
<_io.BytesIO object at 0x00000245C1D87DB0>,0.8441416025161743,0.050069671124219894,0.04208236560225487,211301,23,8,False,Right,Front,Centre,Left,77
<_io.BytesIO object at 0x00000245C1D87C70>,0.9298589825630188,0.005387677811086178,0.006142256315797567,211301,23,8,False,Right,Front,Centre,Left,77
<_io.BytesIO object at 0x00000245C1CF89F0>,0.5065135359764099,0.09059223532676697,0.22839485108852386,211302,23,8,False,Right,Front,Centre,Left,77
<_io.BytesIO object at 0x00000245C1D68220>,0.5789361000061035,0.1324506402015686,0.13626088201999664,211302,23,8,False,Right,Front,Centre,Left,77
<_io.BytesIO object at 0x00000245C1D68590>,0.5488962531089783,0.18433597683906555,0.20899924635887146,211302,23,8,False,Right,Front,Centre,Left,77
<_io.BytesIO object at 0x00000245C1D68040>,0.524219810962677,0.11991787701845169,0.14776086807250977,211302,23,8,False,Right,Front,Centre,Left,77
<_io.BytesIO object at 0x00000245C1D68860>,0.525998592376709,0.08161213248968124,0.1535843312740326,211302,23,8,False,Right,Front,Centre,Left,77
<_io.BytesIO object at 0x00000245C1D68C20>,0.8790156245231628,0.04064914584159851,-0.044534750282764435,211302,23,8,False,Right,Front,Centre,Left,77
<_io.BytesIO object at 0x00000245C1DD16D0>,0.838097870349884,0.03876876458525658,-0.04449779912829399,211302,23,8,False,Right,Front,Centre,Left,77
<_io.BytesIO object at 0x00000245C1DD1D60>,0.9018014669418335,0.004786027129739523,-0.05790767818689346,211302,23,8,False,Right,Front,Centre,Left,77
<_io.BytesIO object at 0x00000245C1DD1CC0>,0.8441594839096069,0.05006726458668709,0.04206440597772598,211302,23,8,False,Right,Front,Centre,Left,77
<_io.BytesIO object at 0x00000245C1DD1770>,0.9298739433288574,0.005358826369047165,0.006139211356639862,211302,23,8,False,Right,Front,Centre,Left,77
<_io.BytesIO object at 0x00000245B9A35220>,0.5065135359764099,0.09059223532676697,0.22839485108852386,211303,23,8,False,Right,Front,Centre,Left,77
<_io.BytesIO object at 0x00000245C1D8D360>,0.5789361000061035,0.1324506402015686,0.13626088201999664,211303,23,8,False,Right,Front,Centre,Left,77
<_io.BytesIO object at 0x00000245C1D8D310>,0.5488962531089783,0.18433597683906555,0.20899924635887146,211303,23,8,False,Right,Front,Centre,Left,77
<_io.BytesIO object at 0x00000245C1D8DB30>,0.524219810962677,0.11991787701845169,0.14776086807250977,211303,23,8,False,Right,Front,Centre,Left,77
<_io.BytesIO object at 0x00000245C1D8DD10>,0.525998592376709,0.08161213248968124,0.1535843312740326,211303,23,8,False,Right,Front,Centre,Left,77
<_io.BytesIO object at 0x00000245C1D8D4A0>,0.8790282011032104,0.04064149782061577,-0.04453638195991516,211303,23,8,False,Right,Front,Centre,Left,77
<_io.BytesIO object at 0x00000245C1D8DE00>,0.8381133079528809,0.038751114159822464,-0.044491592794656754,211303,23,8,False,Right,Front,Centre,Left,77
<_io.BytesIO object at 0x00000245C1D99630>,0.9017958641052246,0.00474938191473484,-0.05794154480099678,211303,23,8,False,Right,Front,Centre,Left,77
<_io.BytesIO object at 0x00000245C1D99CC0>,0.8441797494888306,0.05006491020321846,0.0420529767870903,211303,23,8,False,Right,Front,Centre,Left,77
<_io.BytesIO object at 0x00000245C1D994A0>,0.9298869967460632,0.005343287251889706,0.006140285171568394,211303,23,8,False,Right,Front,Centre,Left,77
<_io.BytesIO object at 0x00000245C1D86130>,0.5065135359764099,0.09059223532676697,0.22839485108852386,211304,23,8,False,Right,Front,Centre,Left,77
<_io.BytesIO object at 0x00000245C1D869A0>,0.5789361000061035,0.1324506402015686,0.13626088201999664,211304,23,8,False,Right,Front,Centre,Left,77
<_io.BytesIO object at 0x00000245C1D866D0>,0.5488962531089783,0.18433597683906555,0.20899924635887146,211304,23,8,False,Right,Front,Centre,Left,77
<_io.BytesIO object at 0x00000245C1D86770>,0.524219810962677,0.11991787701845169,0.14776086807250977,211304,23,8,False,Right,Front,Centre,Left,77
<_io.BytesIO object at 0x00000245C1D61400>,0.525998592376709,0.08161213248968124,0.1535843312740326,211304,23,8,False,Right,Front,Centre,Left,77
<_io.BytesIO object at 0x00000245C1D86360>,0.8790338039398193,0.04062856361269951,-0.04455294832587242,211304,23,8,False,Right,Front,Centre,Left,77
<_io.BytesIO object at 0x00000245C1D860E0>,0.8381120562553406,0.038744986057281494,-0.04449054226279259,211304,23,8,False,Right,Front,Centre,Left,77
<_io.BytesIO object at 0x00000245C1D86C70>,0.9017947912216187,0.004731692839413881,-0.057965513318777084,211304,23,8,False,Right,Front,Centre,Left,77
<_io.BytesIO object at 0x00000245C1D86AE0>,0.8441814184188843,0.05005776509642601,0.04204162582755089,211304,23,8,False,Right,Front,Centre,Left,77
<_io.BytesIO object at 0x00000245C1D862C0>,0.9298974275588989,0.005336386617273092,0.006136106327176094,211304,23,8,False,Right,Front,Centre,Left,77
<_io.BytesIO object at 0x00000245C1D99DB0>,0.5065135359764099,0.09059223532676697,0.22839485108852386,211305,23,8,False,Right,Front,Centre,Left,77
<_io.BytesIO object at 0x00000245C1D8DDB0>,0.5789361000061035,0.1324506402015686,0.13626088201999664,211305,23,8,False,Right,Front,Centre,Left,77
<_io.BytesIO object at 0x00000245C1D8DF40>,0.5488962531089783,0.18433597683906555,0.20899924635887146,211305,23,8,False,Right,Front,Centre,Left,77
<_io.BytesIO object at 0x00000245C1D8DC70>,0.524219810962677,0.11991787701845169,0.14776086807250977,211305,23,8,False,Right,Front,Centre,Left,77
<_io.BytesIO object at 0x00000245C1D8DB80>,0.525998592376709,0.08161213248968124,0.1535843312740326,211305,23,8,False,Right,Front,Centre,Left,77
<_io.BytesIO object at 0x00000245C1D8D130>,0.8790313005447388,0.04061451554298401,-0.044548362493515015,211305,23,8,False,Right,Front,Centre,Left,77
<_io.BytesIO object at 0x00000245BEF44360>,0.8381131887435913,0.03874897584319115,-0.044481176882982254,211305,23,8,False,Right,Front,Centre,Left,77
<_io.BytesIO object at 0x00000245BEF443B0>,0.9017937779426575,0.004723139572888613,-0.057968951761722565,211305,23,8,False,Right,Front,Centre,Left,77
<_io.BytesIO object at 0x00000245B9A357C0>,0.8441917896270752,0.05006374791264534,0.04202945902943611,211305,23,8,False,Right,Front,Centre,Left,77
<_io.BytesIO object at 0x00000245B9A35770>,0.9298952221870422,0.005327975377440453,0.006133705377578735,211305,23,8,False,Right,Front,Centre,Left,77
<_io.BytesIO object at 0x00000245C1DD1270>,0.5065135359764099,0.09059223532676697,0.22839485108852386,211306,23,8,False,Right,Front,Centre,Left,77
<_io.BytesIO object at 0x00000245C1D68CC0>,0.5789361000061035,0.1324506402015686,0.13626088201999664,211306,23,8,False,Right,Front,Centre,Left,77
<_io.BytesIO object at 0x00000245C1D68770>,0.5488962531089783,0.18433597683906555,0.20899924635887146,211306,23,8,False,Right,Front,Centre,Left,77
<_io.BytesIO object at 0x00000245C1D687C0>,0.524219810962677,0.11991787701845169,0.14776086807250977,211306,23,8,False,Right,Front,Centre,Left,77
<_io.BytesIO object at 0x00000245C1D68090>,0.525998592376709,0.08161213248968124,0.1535843312740326,211306,23,8,False,Right,Front,Centre,Left,77
<_io.BytesIO object at 0x00000245C1D68EF0>,0.8790395855903625,0.04060990735888481,-0.04457312077283859,211306,23,8,False,Right,Front,Centre,Left,77
<_io.BytesIO object at 0x00000245C1D68A40>,0.8381087779998779,0.03874386101961136,-0.044494062662124634,211306,23,8,False,Right,Front,Centre,Left,77
<_io.BytesIO object at 0x00000245C1CF8C20>,0.9018006920814514,0.004711315501481295,-0.05798250809311867,211306,23,8,False,Right,Front,Centre,Left,77
<_io.BytesIO object at 0x00000245C1CF8810>,0.8442051410675049,0.0500689335167408,0.042015109211206436,211306,23,8,False,Right,Front,Centre,Left,77
<_io.BytesIO object at 0x00000245C1CF8310>,0.9298945665359497,0.005323866382241249,0.006115824915468693,211306,23,8,False,Right,Front,Centre,Left,77
<_io.BytesIO object at 0x00000245C1D875E0>,0.5065135359764099,0.09059223532676697,0.22839485108852386,211307,23,8,False,Right,Front,Centre,Left,77
<_io.BytesIO object at 0x00000245C1D87E50>,0.5789361000061035,0.1324506402015686,0.13626088201999664,211307,23,8,False,Right,Front,Centre,Left,77
<_io.BytesIO object at 0x00000245C1D87950>,0.5488962531089783,0.18433597683906555,0.20899924635887146,211307,23,8,False,Right,Front,Centre,Left,77
<_io.BytesIO object at 0x00000245C1D877C0>,0.524219810962677,0.11991787701845169,0.14776086807250977,211307,23,8,False,Right,Front,Centre,Left,77
<_io.BytesIO object at 0x00000245C1D9AEA0>,0.525998592376709,0.08161213248968124,0.1535843312740326,211307,23,8,False,Right,Front,Centre,Left,77
<_io.BytesIO object at 0x00000245C1D9AB30>,0.8790499567985535,0.04060021787881851,-0.04459039494395256,211307,23,8,False,Right,Front,Centre,Left,77
<_io.BytesIO object at 0x00000245C1D9AF90>,0.8381242752075195,0.03874266892671585,-0.044507306069135666,211307,23,8,False,Right,Front,Centre,Left,77
<_io.BytesIO object at 0x00000245C1D9A2C0>,0.9017857313156128,0.00469485716894269,-0.05801782384514809,211307,23,8,False,Right,Front,Centre,Left,77
<_io.BytesIO object at 0x00000245C1D9A360>,0.8442299962043762,0.05006911978125572,0.0420062281191349,211307,23,8,False,Right,Front,Centre,Left,77
<_io.BytesIO object at 0x00000245C1D9A4A0>,0.9298930764198303,0.005308539140969515,0.006088527850806713,211307,23,8,False,Right,Front,Centre,Left,77
<_io.BytesIO object at 0x00000245C1D76720>,0.5065135359764099,0.09059223532676697,0.22839485108852386,211308,23,8,False,Right,Front,Centre,Left,77
<_io.BytesIO object at 0x00000245C1D76630>,0.5789361000061035,0.1324506402015686,0.13626088201999664,211308,23,8,False,Right,Front,Centre,Left,77
<_io.BytesIO object at 0x00000245C1D039F0>,0.5488962531089783,0.18433597683906555,0.20899924635887146,211308,23,8,False,Right,Front,Centre,Left,77
<_io.BytesIO object at 0x00000245C1D03C70>,0.524219810962677,0.11991787701845169,0.14776086807250977,211308,23,8,False,Right,Front,Centre,Left,77
<_io.BytesIO object at 0x00000245C1D032C0>,0.525998592376709,0.08161213248968124,0.1535843312740326,211308,23,8,False,Right,Front,Centre,Left,77
<_io.BytesIO object at 0x00000245C1D036D0>,0.87905353307724,0.040582384914159775,-0.04460277408361435,211308,23,8,False,Right,Front,Centre,Left,77
<_io.BytesIO object at 0x00000245C1D03EA0>,0.8381344676017761,0.038731228560209274,-0.04450829699635506,211308,23,8,False,Right,Front,Centre,Left,77
<_io.BytesIO object at 0x00000245C1D03450>,0.9018082022666931,0.004676362965255976,-0.05805005505681038,211308,23,8,False,Right,Front,Centre,Left,77
<_io.BytesIO object at 0x00000245C1D03D60>,0.8442538380622864,0.05007455497980118,0.04199248179793358,211308,23,8,False,Right,Front,Centre,Left,77
<_io.BytesIO object at 0x00000245C1D61130>,0.9299033284187317,0.005281045567244291,0.006080301478505135,211308,23,8,False,Right,Front,Centre,Left,77
<_io.BytesIO object at 0x00000245C1D9D0E0>,0.5065135359764099,0.09059223532676697,0.22839485108852386,211309,23,8,False,Right,Front,Centre,Left,77
<_io.BytesIO object at 0x00000245C1D9DDB0>,0.5789361000061035,0.1324506402015686,0.13626088201999664,211309,23,8,False,Right,Front,Centre,Left,77
<_io.BytesIO object at 0x00000245C1D9D810>,0.5488962531089783,0.18433597683906555,0.20899924635887146,211309,23,8,False,Right,Front,Centre,Left,77
<_io.BytesIO object at 0x00000245C1D9D270>,0.524219810962677,0.11991787701845169,0.14776086807250977,211309,23,8,False,Right,Front,Centre,Left,77
<_io.BytesIO object at 0x00000245C1D9A950>,0.525998592376709,0.08161213248968124,0.1535843312740326,211309,23,8,False,Right,Front,Centre,Left,77
<_io.BytesIO object at 0x00000245C1D9A8B0>,0.8790768384933472,0.04056486859917641,-0.04463086277246475,211309,23,8,False,Right,Front,Centre,Left,77
<_io.BytesIO object at 0x00000245C1D9AAE0>,0.8381643295288086,0.03872028738260269,-0.04452129080891609,211309,23,8,False,Right,Front,Centre,Left,77
<_io.BytesIO object at 0x00000245C1D9A900>,0.9018312096595764,0.004650486633181572,-0.05804670974612236,211309,23,8,False,Right,Front,Centre,Left,77
<_io.BytesIO object at 0x00000245C1D9AC70>,0.8442808985710144,0.05007757246494293,0.04197721555829048,211309,23,8,False,Right,Front,Centre,Left,77
<_io.BytesIO object at 0x00000245C1D9AB80>,0.9299175143241882,0.0052558924071490765,0.006091071292757988,211309,23,8,False,Right,Front,Centre,Left,77
<_io.BytesIO object at 0x00000245C1CFE720>,0.5065135359764099,0.09059223532676697,0.22839485108852386,211310,23,8,False,Right,Front,Centre,Left,77
<_io.BytesIO object at 0x00000245C1CFEEA0>,0.5789361000061035,0.1324506402015686,0.13626088201999664,211310,23,8,False,Right,Front,Centre,Left,77
<_io.BytesIO object at 0x00000245C1CF8A40>,0.5488962531089783,0.18433597683906555,0.20899924635887146,211310,23,8,False,Right,Front,Centre,Left,77
<_io.BytesIO object at 0x00000245C1CF8B80>,0.524219810962677,0.11991787701845169,0.14776086807250977,211310,23,8,False,Right,Front,Centre,Left,77
<_io.BytesIO object at 0x00000245C1CF8860>,0.525998592376709,0.08161213248968124,0.1535843312740326,211310,23,8,False,Right,Front,Centre,Left,77
<_io.BytesIO object at 0x00000245C1CF89A0>,0.8790823221206665,0.04055061191320419,-0.04463674873113632,211310,23,8,False,Right,Front,Centre,Left,77
<_io.BytesIO object at 0x00000245C1CF8CC0>,0.838175356388092,0.03869650885462761,-0.044521305710077286,211310,23,8,False,Right,Front,Centre,Left,77
<_io.BytesIO object at 0x00000245C1CF8DB0>,0.9018366932868958,0.004620599094778299,-0.058069512248039246,211310,23,8,False,Right,Front,Centre,Left,77
<_io.BytesIO object at 0x00000245C1CF8C20>,0.8443121910095215,0.050078608095645905,0.04197559133172035,211310,23,8,False,Right,Front,Centre,Left,77
<_io.BytesIO object at 0x00000245C1D68B80>,0.9299331307411194,0.005232128314673901,0.00609923992305994,211310,23,8,False,Right,Front,Centre,Left,77
<_io.BytesIO object at 0x00000245C1DD11D0>,0.5065135359764099,0.09059223532676697,0.22839485108852386,211311,23,8,False,Right,Front,Centre,Left,77
<_io.BytesIO object at 0x00000245C1D0CD10>,0.5789361000061035,0.1324506402015686,0.13626088201999664,211311,23,8,False,Right,Front,Centre,Left,77
<_io.BytesIO object at 0x00000245C1D0CA40>,0.5488962531089783,0.18433597683906555,0.20899924635887146,211311,23,8,False,Right,Front,Centre,Left,77
<_io.BytesIO object at 0x00000245C1D0CCC0>,0.524219810962677,0.11991787701845169,0.14776086807250977,211311,23,8,False,Right,Front,Centre,Left,77
<_io.BytesIO object at 0x00000245C1D0CB80>,0.525998592376709,0.08161213248968124,0.1535843312740326,211311,23,8,False,Right,Front,Centre,Left,77
<_io.BytesIO object at 0x00000245B9A35180>,0.8790978193283081,0.040537722408771515,-0.04464108124375343,211311,23,8,False,Right,Front,Centre,Left,77
<_io.BytesIO object at 0x00000245B9A354F0>,0.8381877541542053,0.03869282454252243,-0.04451599344611168,211311,23,8,False,Right,Front,Centre,Left,77
<_io.BytesIO object at 0x00000245B9A35400>,0.9018482565879822,0.004608473740518093,-0.058051154017448425,211311,23,8,False,Right,Front,Centre,Left,77
<_io.BytesIO object at 0x00000245BEF44C70>,0.8443373441696167,0.05008033290505409,0.041976962238550186,211311,23,8,False,Right,Front,Centre,Left,77
<_io.BytesIO object at 0x00000245BEF44360>,0.9299413561820984,0.005216050893068314,0.0060927071608603,211311,23,8,False,Right,Front,Centre,Left,77
<_io.BytesIO object at 0x00000245C1D660E0>,0.5065135359764099,0.09059223532676697,0.22839485108852386,211312,23,8,False,Right,Front,Centre,Left,77
<_io.BytesIO object at 0x00000245C1D66860>,0.5789361000061035,0.1324506402015686,0.13626088201999664,211312,23,8,False,Right,Front,Centre,Left,77
<_io.BytesIO object at 0x00000245C1D66B30>,0.5488962531089783,0.18433597683906555,0.20899924635887146,211312,23,8,False,Right,Front,Centre,Left,77
<_io.BytesIO object at 0x00000245C1D66A90>,0.524219810962677,0.11991787701845169,0.14776086807250977,211312,23,8,False,Right,Front,Centre,Left,77
<_io.BytesIO object at 0x00000245C1D66D60>,0.525998592376709,0.08161213248968124,0.1535843312740326,211312,23,8,False,Right,Front,Centre,Left,77
<_io.BytesIO object at 0x00000245C1D869A0>,0.8791084289550781,0.04052898660302162,-0.044651031494140625,211312,23,8,False,Right,Front,Centre,Left,77
<_io.BytesIO object at 0x00000245C1D86E00>,0.8381924629211426,0.03867829218506813,-0.04450767859816551,211312,23,8,False,Right,Front,Centre,Left,77
<_io.BytesIO object at 0x00000245C1D86860>,0.9018471240997314,0.004578988533467054,-0.05807315558195114,211312,23,8,False,Right,Front,Centre,Left,77
<_io.BytesIO object at 0x00000245C1D86220>,0.8443615436553955,0.050085313618183136,0.04196910560131073,211312,23,8,False,Right,Front,Centre,Left,77
<_io.BytesIO object at 0x00000245C1D86AE0>,0.9299440979957581,0.005201319698244333,0.006090603768825531,211312,23,8,False,Right,Front,Centre,Left,77
<_io.BytesIO object at 0x00000245C1D66090>,0.5065135359764099,0.09059223532676697,0.22839485108852386,211313,23,8,False,Right,Front,Centre,Left,77
<_io.BytesIO object at 0x00000245C1D99630>,0.5789361000061035,0.1324506402015686,0.13626088201999664,211313,23,8,False,Right,Front,Centre,Left,77
<_io.BytesIO object at 0x00000245C1D995E0>,0.5488962531089783,0.18433597683906555,0.20899924635887146,211313,23,8,False,Right,Front,Centre,Left,77
<_io.BytesIO object at 0x00000245C1D99950>,0.524219810962677,0.11991787701845169,0.14776086807250977,211313,23,8,False,Right,Front,Centre,Left,77
<_io.BytesIO object at 0x00000245C1D99AE0>,0.525998592376709,0.08161213248968124,0.1535843312740326,211313,23,8,False,Right,Front,Centre,Left,77
<_io.BytesIO object at 0x00000245C1D8DE00>,0.8791142106056213,0.040523920208215714,-0.044647347182035446,211313,23,8,False,Right,Front,Centre,Left,77
<_io.BytesIO object at 0x00000245C1D8D8B0>,0.8382074236869812,0.03868256136775017,-0.044488705694675446,211313,23,8,False,Right,Front,Centre,Left,77
<_io.BytesIO object at 0x00000245C1D8D2C0>,0.9018347263336182,0.004555853549391031,-0.05808750540018082,211313,23,8,False,Right,Front,Centre,Left,77
<_io.BytesIO object at 0x00000245C1D8DDB0>,0.8443912267684937,0.050100117921829224,0.04198101535439491,211313,23,8,False,Right,Front,Centre,Left,77
<_io.BytesIO object at 0x00000245C1D8D090>,0.9299450516700745,0.005192422308027744,0.006100098602473736,211313,23,8,False,Right,Front,Centre,Left,77
<_io.BytesIO object at 0x00000245C1D0CC70>,0.5065135359764099,0.09059223532676697,0.22839485108852386,211314,23,8,False,Right,Front,Centre,Left,77
<_io.BytesIO object at 0x00000245C1DD1590>,0.5789361000061035,0.1324506402015686,0.13626088201999664,211314,23,8,False,Right,Front,Centre,Left,77
<_io.BytesIO object at 0x00000245C1DD1A90>,0.5488962531089783,0.18433597683906555,0.20899924635887146,211314,23,8,False,Right,Front,Centre,Left,77
<_io.BytesIO object at 0x00000245C1DD1F40>,0.524219810962677,0.11991787701845169,0.14776086807250977,211314,23,8,False,Right,Front,Centre,Left,77
<_io.BytesIO object at 0x00000245C1D68860>,0.525998592376709,0.08161213248968124,0.1535843312740326,211314,23,8,False,Right,Front,Centre,Left,77
<_io.BytesIO object at 0x00000245C1D681D0>,0.8791272640228271,0.04052126407623291,-0.044656455516815186,211314,23,8,False,Right,Front,Centre,Left,77
<_io.BytesIO object at 0x00000245C1D68630>,0.8382101058959961,0.03868004307150841,-0.04448133707046509,211314,23,8,False,Right,Front,Centre,Left,77
<_io.BytesIO object at 0x00000245C1D68770>,0.9018434882164001,0.00457039987668395,-0.05806795507669449,211314,23,8,False,Right,Front,Centre,Left,77
<_io.BytesIO object at 0x00000245C1D688B0>,0.8444124460220337,0.050110623240470886,0.04198738932609558,211314,23,8,False,Right,Front,Centre,Left,77
<_io.BytesIO object at 0x00000245C1D68E50>,0.9299572110176086,0.0051833041943609715,0.006102642510086298,211314,23,8,False,Right,Front,Centre,Left,77
<_io.BytesIO object at 0x00000245C1CFE630>,0.5065135359764099,0.09059223532676697,0.22839485108852386,211315,23,8,False,Right,Front,Centre,Left,77
<_io.BytesIO object at 0x00000245C1D879A0>,0.5789361000061035,0.1324506402015686,0.13626088201999664,211315,23,8,False,Right,Front,Centre,Left,77
<_io.BytesIO object at 0x00000245C1D87400>,0.5488962531089783,0.18433597683906555,0.20899924635887146,211315,23,8,False,Right,Front,Centre,Left,77
<_io.BytesIO object at 0x00000245C1D87EF0>,0.524219810962677,0.11991787701845169,0.14776086807250977,211315,23,8,False,Right,Front,Centre,Left,77
<_io.BytesIO object at 0x00000245C1D87E50>,0.525998592376709,0.08161213248968124,0.1535843312740326,211315,23,8,False,Right,Front,Centre,Left,77
<_io.BytesIO object at 0x00000245C1D878B0>,0.8791322708129883,0.040519293397665024,-0.04464133828878403,211315,23,8,False,Right,Front,Centre,Left,77
<_io.BytesIO object at 0x00000245C1D87130>,0.8382067680358887,0.03867166116833687,-0.04444955661892891,211315,23,8,False,Right,Front,Centre,Left,77
<_io.BytesIO object at 0x00000245C1D9D8B0>,0.9018368124961853,0.004541495814919472,-0.05809365585446358,211315,23,8,False,Right,Front,Centre,Left,77
<_io.BytesIO object at 0x00000245C1D9DCC0>,0.8444650769233704,0.050141945481300354,0.04203692823648453,211315,23,8,False,Right,Front,Centre,Left,77
<_io.BytesIO object at 0x00000245C1D9DC70>,0.929970383644104,0.005169467069208622,0.006121725309640169,211315,23,8,False,Right,Front,Centre,Left,77
<_io.BytesIO object at 0x00000245C1D764A0>,0.5065135359764099,0.09059223532676697,0.22839485108852386,211316,23,8,False,Right,Front,Centre,Left,77
<_io.BytesIO object at 0x00000245C1D76A40>,0.5789361000061035,0.1324506402015686,0.13626088201999664,211316,23,8,False,Right,Front,Centre,Left,77
<_io.BytesIO object at 0x00000245C1D037C0>,0.5488962531089783,0.18433597683906555,0.20899924635887146,211316,23,8,False,Right,Front,Centre,Left,77
<_io.BytesIO object at 0x00000245C1D03F90>,0.524219810962677,0.11991787701845169,0.14776086807250977,211316,23,8,False,Right,Front,Centre,Left,77
<_io.BytesIO object at 0x00000245C1D03450>,0.525998592376709,0.08161213248968124,0.1535843312740326,211316,23,8,False,Right,Front,Centre,Left,77
<_io.BytesIO object at 0x00000245C1D03040>,0.8791362047195435,0.04050539433956146,-0.044643983244895935,211316,23,8,False,Right,Front,Centre,Left,77
<_io.BytesIO object at 0x00000245C1D03F40>,0.8382161855697632,0.038656897842884064,-0.04443898797035217,211316,23,8,False,Right,Front,Centre,Left,77
<_io.BytesIO object at 0x00000245C1D03540>,0.9018402695655823,0.004527421202510595,-0.05808103457093239,211316,23,8,False,Right,Front,Centre,Left,77
<_io.BytesIO object at 0x00000245C1D03950>,0.8444939851760864,0.05012831464409828,0.04204057157039642,211316,23,8,False,Right,Front,Centre,Left,77
<_io.BytesIO object at 0x00000245C1D03E00>,0.929987907409668,0.005127278156578541,0.006121406797319651,211316,23,8,False,Right,Front,Centre,Left,77
<_io.BytesIO object at 0x00000245C1D9AD10>,0.5065135359764099,0.09059223532676697,0.22839485108852386,211317,23,8,False,Right,Front,Centre,Left,77
<_io.BytesIO object at 0x00000245C1D9A590>,0.5789361000061035,0.1324506402015686,0.13626088201999664,211317,23,8,False,Right,Front,Centre,Left,77
<_io.BytesIO object at 0x00000245C1D9D720>,0.5488962531089783,0.18433597683906555,0.20899924635887146,211317,23,8,False,Right,Front,Centre,Left,77
<_io.BytesIO object at 0x00000245C1D9D130>,0.524219810962677,0.11991787701845169,0.14776086807250977,211317,23,8,False,Right,Front,Centre,Left,77
<_io.BytesIO object at 0x00000245C1D9D860>,0.525998592376709,0.08161213248968124,0.1535843312740326,211317,23,8,False,Right,Front,Centre,Left,77
<_io.BytesIO object at 0x00000245C1D9DAE0>,0.8791441321372986,0.040490515530109406,-0.04463808983564377,211317,23,8,False,Right,Front,Centre,Left,77
<_io.BytesIO object at 0x00000245C1D9D0E0>,0.8382207751274109,0.038647230714559555,-0.044422850012779236,211317,23,8,False,Right,Front,Centre,Left,77
<_io.BytesIO object at 0x00000245C1D9DD10>,0.9018418192863464,0.004517039749771357,-0.05806554853916168,211317,23,8,False,Right,Front,Centre,Left,77
<_io.BytesIO object at 0x00000245C1D9DA40>,0.8445134162902832,0.05013451725244522,0.042064450681209564,211317,23,8,False,Right,Front,Centre,Left,77
<_io.BytesIO object at 0x00000245C1D9DE50>,0.929987907409668,0.005144387483596802,0.006150755565613508,211317,23,8,False,Right,Front,Centre,Left,77
<_io.BytesIO object at 0x00000245C1CFE7C0>,0.5065135359764099,0.09059223532676697,0.22839485108852386,211318,23,8,False,Right,Front,Centre,Left,77
<_io.BytesIO object at 0x00000245C1CF8BD0>,0.5789361000061035,0.1324506402015686,0.13626088201999664,211318,23,8,False,Right,Front,Centre,Left,77
<_io.BytesIO object at 0x00000245C1CF8D60>,0.5488962531089783,0.18433597683906555,0.20899924635887146,211318,23,8,False,Right,Front,Centre,Left,77
<_io.BytesIO object at 0x00000245C1CF8E50>,0.524219810962677,0.11991787701845169,0.14776086807250977,211318,23,8,False,Right,Front,Centre,Left,77
<_io.BytesIO object at 0x00000245C1CF83B0>,0.525998592376709,0.08161213248968124,0.1535843312740326,211318,23,8,False,Right,Front,Centre,Left,77
<_io.BytesIO object at 0x00000245C1D680E0>,0.8791369199752808,0.040498051792383194,-0.04463014379143715,211318,23,8,False,Right,Front,Centre,Left,77
<_io.BytesIO object at 0x00000245C1D68220>,0.8382129073143005,0.03864780440926552,-0.0443977415561676,211318,23,8,False,Right,Front,Centre,Left,77
<_io.BytesIO object at 0x00000245C1D68E50>,0.9018202424049377,0.004527203738689423,-0.05805772915482521,211318,23,8,False,Right,Front,Centre,Left,77
<_io.BytesIO object at 0x00000245C1D68A40>,0.8445278406143188,0.05013694986701012,0.04207471013069153,211318,23,8,False,Right,Front,Centre,Left,77
<_io.BytesIO object at 0x00000245C1D68B30>,0.9299922585487366,0.005124157760292292,0.006156316492706537,211318,23,8,False,Right,Front,Centre,Left,77
<_io.BytesIO object at 0x00000245C1D0CDB0>,0.5065135359764099,0.09059223532676697,0.22839485108852386,211319,23,8,False,Right,Front,Centre,Left,77
<_io.BytesIO object at 0x00000245BEF44AE0>,0.5789361000061035,0.1324506402015686,0.13626088201999664,211319,23,8,False,Right,Front,Centre,Left,77
<_io.BytesIO object at 0x00000245C1D8D540>,0.5488962531089783,0.18433597683906555,0.20899924635887146,211319,23,8,False,Right,Front,Centre,Left,77
<_io.BytesIO object at 0x00000245C1D8D220>,0.524219810962677,0.11991787701845169,0.14776086807250977,211319,23,8,False,Right,Front,Centre,Left,77
<_io.BytesIO object at 0x00000245C1D8D360>,0.525998592376709,0.08161213248968124,0.1535843312740326,211319,23,8,False,Right,Front,Centre,Left,77
<_io.BytesIO object at 0x00000245C1D8D720>,0.8791199922561646,0.04050978273153305,-0.04461902379989624,211319,23,8,False,Right,Front,Centre,Left,77
<_io.BytesIO object at 0x00000245C1D8DAE0>,0.8382084965705872,0.038663025945425034,-0.04438379406929016,211319,23,8,False,Right,Front,Centre,Left,77
<_io.BytesIO object at 0x00000245C1D8DE50>,0.9018062353134155,0.004536723252385855,-0.05802830681204796,211319,23,8,False,Right,Front,Centre,Left,77
<_io.BytesIO object at 0x00000245C1D997C0>,0.8445466160774231,0.05016253888607025,0.04208606481552124,211319,23,8,False,Right,Front,Centre,Left,77
<_io.BytesIO object at 0x00000245C1D99AE0>,0.9299986362457275,0.005152159370481968,0.006171077955514193,211319,23,8,False,Right,Front,Centre,Left,77
<_io.BytesIO object at 0x00000245B9A353B0>,0.5065135359764099,0.09059223532676697,0.22839485108852386,211320,23,8,False,Right,Front,Centre,Left,77
<_io.BytesIO object at 0x00000245C1D86040>,0.5789361000061035,0.1324506402015686,0.13626088201999664,211320,23,8,False,Right,Front,Centre,Left,77
<_io.BytesIO object at 0x00000245C1D86DB0>,0.5488962531089783,0.18433597683906555,0.20899924635887146,211320,23,8,False,Right,Front,Centre,Left,77
<_io.BytesIO object at 0x00000245C1D86BD0>,0.524219810962677,0.11991787701845169,0.14776086807250977,211320,23,8,False,Right,Front,Centre,Left,77
<_io.BytesIO object at 0x00000245C1D864F0>,0.525998592376709,0.08161213248968124,0.1535843312740326,211320,23,8,False,Right,Front,Centre,Left,77
<_io.BytesIO object at 0x00000245C1D86360>,0.8791168332099915,0.040520843118429184,-0.04460107162594795,211320,23,8,False,Right,Front,Centre,Left,77
<_io.BytesIO object at 0x00000245C1D61BD0>,0.8382024765014648,0.03867806866765022,-0.04435551166534424,211320,23,8,False,Right,Front,Centre,Left,77
<_io.BytesIO object at 0x00000245C1D61E00>,0.9017831087112427,0.0045548658818006516,-0.058007724583148956,211320,23,8,False,Right,Front,Centre,Left,77
<_io.BytesIO object at 0x00000245C1D61E50>,0.8445673584938049,0.05019759386777878,0.0420890748500824,211320,23,8,False,Right,Front,Centre,Left,77
<_io.BytesIO object at 0x00000245C1D61540>,0.9299983382225037,0.005176450591534376,0.006194941233843565,211320,23,8,False,Right,Front,Centre,Left,77
<_io.BytesIO object at 0x00000245C1D668B0>,0.5065135359764099,0.09059223532676697,0.22839485108852386,211321,23,8,False,Right,Front,Centre,Left,77
<_io.BytesIO object at 0x00000245C1D99680>,0.5789361000061035,0.1324506402015686,0.13626088201999664,211321,23,8,False,Right,Front,Centre,Left,77
<_io.BytesIO object at 0x00000245C1D995E0>,0.5488962531089783,0.18433597683906555,0.20899924635887146,211321,23,8,False,Right,Front,Centre,Left,77
<_io.BytesIO object at 0x00000245C1D99AE0>,0.524219810962677,0.11991787701845169,0.14776086807250977,211321,23,8,False,Right,Front,Centre,Left,77
<_io.BytesIO object at 0x00000245C1D99CC0>,0.525998592376709,0.08161213248968124,0.1535843312740326,211321,23,8,False,Right,Front,Centre,Left,77
<_io.BytesIO object at 0x00000245C1D8D130>,0.8791213035583496,0.040527861565351486,-0.044595394283533096,211321,23,8,False,Right,Front,Centre,Left,77
<_io.BytesIO object at 0x00000245C1D8D400>,0.8382112979888916,0.03869030997157097,-0.04434496909379959,211321,23,8,False,Right,Front,Centre,Left,77
<_io.BytesIO object at 0x00000245C1D8D4A0>,0.9017505645751953,0.004536420572549105,-0.05800503492355347,211321,23,8,False,Right,Front,Centre,Left,77
<_io.BytesIO object at 0x00000245C1D8DEA0>,0.8445906043052673,0.05020713806152344,0.04209383577108383,211321,23,8,False,Right,Front,Centre,Left,77
<_io.BytesIO object at 0x00000245C1D8D220>,0.9300024509429932,0.005168318282812834,0.006207552272826433,211321,23,8,False,Right,Front,Centre,Left,77
<_io.BytesIO object at 0x00000245C1DD1860>,0.5065135359764099,0.09059223532676697,0.22839485108852386,211322,23,8,False,Right,Front,Centre,Left,77
<_io.BytesIO object at 0x00000245C1DD1B80>,0.5789361000061035,0.1324506402015686,0.13626088201999664,211322,23,8,False,Right,Front,Centre,Left,77
<_io.BytesIO object at 0x00000245C1D681D0>,0.5488962531089783,0.18433597683906555,0.20899924635887146,211322,23,8,False,Right,Front,Centre,Left,77
<_io.BytesIO object at 0x00000245C1D68CC0>,0.524219810962677,0.11991787701845169,0.14776086807250977,211322,23,8,False,Right,Front,Centre,Left,77
<_io.BytesIO object at 0x00000245C1D68810>,0.525998592376709,0.08161213248968124,0.1535843312740326,211322,23,8,False,Right,Front,Centre,Left,77
<_io.BytesIO object at 0x00000245C1D68E50>,0.8791306018829346,0.04051666334271431,-0.04459751769900322,211322,23,8,False,Right,Front,Centre,Left,77
<_io.BytesIO object at 0x00000245C1D684A0>,0.8382180333137512,0.03868332505226135,-0.04433368146419525,211322,23,8,False,Right,Front,Centre,Left,77
<_io.BytesIO object at 0x00000245C1D68540>,0.9017648100852966,0.00449720723554492,-0.058072518557310104,211322,23,8,False,Right,Front,Centre,Left,77
<_io.BytesIO object at 0x00000245C1CF8C20>,0.844610869884491,0.050203677266836166,0.042098429054021835,211322,23,8,False,Right,Front,Centre,Left,77
<_io.BytesIO object at 0x00000245C1CF87C0>,0.9300127029418945,0.005133483093231916,0.006191179156303406,211322,23,8,False,Right,Front,Centre,Left,77
<_io.BytesIO object at 0x00000245C1D87900>,0.5065135359764099,0.09059223532676697,0.22839485108852386,211323,23,8,False,Right,Front,Centre,Left,77
<_io.BytesIO object at 0x00000245C1D87220>,0.5789361000061035,0.1324506402015686,0.13626088201999664,211323,23,8,False,Right,Front,Centre,Left,77
<_io.BytesIO object at 0x00000245C1D87090>,0.5488962531089783,0.18433597683906555,0.20899924635887146,211323,23,8,False,Right,Front,Centre,Left,77
<_io.BytesIO object at 0x00000245C1D9A450>,0.524219810962677,0.11991787701845169,0.14776086807250977,211323,23,8,False,Right,Front,Centre,Left,77
<_io.BytesIO object at 0x00000245C1D9AD10>,0.525998592376709,0.08161213248968124,0.1535843312740326,211323,23,8,False,Right,Front,Centre,Left,77
<_io.BytesIO object at 0x00000245C1D9AC20>,0.8791300654411316,0.04048990085721016,-0.044615838676691055,211323,23,8,False,Right,Front,Centre,Left,77
<_io.BytesIO object at 0x00000245C1D9A400>,0.8382188677787781,0.03865303471684456,-0.044341154396533966,211323,23,8,False,Right,Front,Centre,Left,77
<_io.BytesIO object at 0x00000245C1D9A360>,0.9017682075500488,0.004482593387365341,-0.0580608956515789,211323,23,8,False,Right,Front,Centre,Left,77
<_io.BytesIO object at 0x00000245C1D9A6D0>,0.8446298241615295,0.050190236419439316,0.042096663266420364,211323,23,8,False,Right,Front,Centre,Left,77
<_io.BytesIO object at 0x00000245C1D9A9A0>,0.9300024509429932,0.005018317140638828,0.006180121097713709,211323,23,8,False,Right,Front,Centre,Left,77
<_io.BytesIO object at 0x00000245C1D769A0>,0.5065135359764099,0.09059223532676697,0.22839485108852386,211324,23,8,False,Right,Front,Centre,Left,77
<_io.BytesIO object at 0x00000245C1D03270>,0.5789361000061035,0.1324506402015686,0.13626088201999664,211324,23,8,False,Right,Front,Centre,Left,77
<_io.BytesIO object at 0x00000245C1D03A90>,0.5488962531089783,0.18433597683906555,0.20899924635887146,211324,23,8,False,Right,Front,Centre,Left,77
<_io.BytesIO object at 0x00000245C1D03CC0>,0.524219810962677,0.11991787701845169,0.14776086807250977,211324,23,8,False,Right,Front,Centre,Left,77
<_io.BytesIO object at 0x00000245C1D035E0>,0.525998592376709,0.08161213248968124,0.1535843312740326,211324,23,8,False,Right,Front,Centre,Left,77
<_io.BytesIO object at 0x00000245C1D03400>,0.8791221380233765,0.040458567440509796,-0.04463807865977287,211324,23,8,False,Right,Front,Centre,Left,77
<_io.BytesIO object at 0x00000245C1D61E00>,0.8382216691970825,0.038638584315776825,-0.044340331107378006,211324,23,8,False,Right,Front,Centre,Left,77
<_io.BytesIO object at 0x00000245C1D61AE0>,0.9017353653907776,0.004430560860782862,-0.0581250824034214,211324,23,8,False,Right,Front,Centre,Left,77
<_io.BytesIO object at 0x00000245C1D617C0>,0.8446442484855652,0.0501931793987751,0.04208788648247719,211324,23,8,False,Right,Front,Centre,Left,77
<_io.BytesIO object at 0x00000245C1D612C0>,0.9299790859222412,0.004965190775692463,0.006138330791145563,211324,23,8,False,Right,Front,Centre,Left,77
<_io.BytesIO object at 0x00000245C1D76EA0>,0.5065135359764099,0.09059223532676697,0.22839485108852386,211325,23,8,False,Right,Front,Centre,Left,77
<_io.BytesIO object at 0x00000245C1D9DB80>,0.5789361000061035,0.1324506402015686,0.13626088201999664,211325,23,8,False,Right,Front,Centre,Left,77
<_io.BytesIO object at 0x00000245C1D9DD10>,0.5488962531089783,0.18433597683906555,0.20899924635887146,211325,23,8,False,Right,Front,Centre,Left,77
<_io.BytesIO object at 0x00000245C1D9D270>,0.524219810962677,0.11991787701845169,0.14776086807250977,211325,23,8,False,Right,Front,Centre,Left,77
<_io.BytesIO object at 0x00000245C1D9D1D0>,0.525998592376709,0.08161213248968124,0.1535843312740326,211325,23,8,False,Right,Front,Centre,Left,77
<_io.BytesIO object at 0x00000245C1D9AD60>,0.879112958908081,0.04043900966644287,-0.044654425233602524,211325,23,8,False,Right,Front,Centre,Left,77
<_io.BytesIO object at 0x00000245C1D9AA90>,0.8382119536399841,0.03863624483346939,-0.04434152692556381,211325,23,8,False,Right,Front,Centre,Left,77
<_io.BytesIO object at 0x00000245C1D9A270>,0.9017143845558167,0.004412576090544462,-0.05809653177857399,211325,23,8,False,Right,Front,Centre,Left,77
<_io.BytesIO object at 0x00000245C1D9A360>,0.8446530699729919,0.0502021498978138,0.04207434505224228,211325,23,8,False,Right,Front,Centre,Left,77
<_io.BytesIO object at 0x00000245C1D9A1D0>,0.9299624562263489,0.004950519185513258,0.006100487429648638,211325,23,8,False,Right,Front,Centre,Left,77
<_io.BytesIO object at 0x00000245C1CFE6D0>,0.5065135359764099,0.09059223532676697,0.22839485108852386,211326,23,8,False,Right,Front,Centre,Left,77
<_io.BytesIO object at 0x00000245C1CF8C70>,0.5789361000061035,0.1324506402015686,0.13626088201999664,211326,23,8,False,Right,Front,Centre,Left,77
<_io.BytesIO object at 0x00000245C1CF8040>,0.5488962531089783,0.18433597683906555,0.20899924635887146,211326,23,8,False,Right,Front,Centre,Left,77
<_io.BytesIO object at 0x00000245C1CF82C0>,0.524219810962677,0.11991787701845169,0.14776086807250977,211326,23,8,False,Right,Front,Centre,Left,77
<_io.BytesIO object at 0x00000245C1CF8F40>,0.525998592376709,0.08161213248968124,0.1535843312740326,211326,23,8,False,Right,Front,Centre,Left,77
<_io.BytesIO object at 0x00000245C1CF8B30>,0.8791174292564392,0.040448158979415894,-0.044663988053798676,211326,23,8,False,Right,Front,Centre,Left,77
<_io.BytesIO object at 0x00000245C1CF8F90>,0.8382096886634827,0.03863878548145294,-0.04434896260499954,211326,23,8,False,Right,Front,Centre,Left,77
<_io.BytesIO object at 0x00000245C1D68D60>,0.9016377329826355,0.004287071526050568,-0.05820949375629425,211326,23,8,False,Right,Front,Centre,Left,77
<_io.BytesIO object at 0x00000245C1D682C0>,0.8446668982505798,0.05022166296839714,0.04206966608762741,211326,23,8,False,Right,Front,Centre,Left,77
<_io.BytesIO object at 0x00000245C1D68360>,0.9299607276916504,0.0050263539887964725,0.0060759494081139565,211326,23,8,False,Right,Front,Centre,Left,77
<_io.BytesIO object at 0x00000245C1D0C0E0>,0.5065135359764099,0.09059223532676697,0.22839485108852386,211327,23,8,False,Right,Front,Centre,Left,77
<_io.BytesIO object at 0x00000245C1D0CF40>,0.5789361000061035,0.1324506402015686,0.13626088201999664,211327,23,8,False,Right,Front,Centre,Left,77
<_io.BytesIO object at 0x00000245C1D99F90>,0.5488962531089783,0.18433597683906555,0.20899924635887146,211327,23,8,False,Right,Front,Centre,Left,77
<_io.BytesIO object at 0x00000245C1D997C0>,0.524219810962677,0.11991787701845169,0.14776086807250977,211327,23,8,False,Right,Front,Centre,Left,77
<_io.BytesIO object at 0x00000245C1D992C0>,0.525998592376709,0.08161213248968124,0.1535843312740326,211327,23,8,False,Right,Front,Centre,Left,77
<_io.BytesIO object at 0x00000245C1D99EF0>,0.8791279196739197,0.04044898971915245,-0.044681861996650696,211327,23,8,False,Right,Front,Centre,Left,77
<_io.BytesIO object at 0x00000245C1D99400>,0.838222324848175,0.038660693913698196,-0.044364530593156815,211327,23,8,False,Right,Front,Centre,Left,77
<_io.BytesIO object at 0x00000245C1D99180>,0.9017107486724854,0.004421488381922245,-0.058109406381845474,211327,23,8,False,Right,Front,Centre,Left,77
<_io.BytesIO object at 0x00000245C1D99F40>,0.8446905016899109,0.050246547907590866,0.04207023233175278,211327,23,8,False,Right,Front,Centre,Left,77
<_io.BytesIO object at 0x00000245C1D66810>,0.9299737811088562,0.004977482371032238,0.006087291985750198,211327,23,8,False,Right,Front,Centre,Left,77
<_io.BytesIO object at 0x00000245B9A35400>,0.5065135359764099,0.09059223532676697,0.22839485108852386,211328,23,8,False,Right,Front,Centre,Left,77
<_io.BytesIO object at 0x00000245C1D86360>,0.5789361000061035,0.1324506402015686,0.13626088201999664,211328,23,8,False,Right,Front,Centre,Left,77
<_io.BytesIO object at 0x00000245C1D867C0>,0.5488962531089783,0.18433597683906555,0.20899924635887146,211328,23,8,False,Right,Front,Centre,Left,77
<_io.BytesIO object at 0x00000245C1D86B80>,0.524219810962677,0.11991787701845169,0.14776086807250977,211328,23,8,False,Right,Front,Centre,Left,77
<_io.BytesIO object at 0x00000245C1D862C0>,0.525998592376709,0.08161213248968124,0.1535843312740326,211328,23,8,False,Right,Front,Centre,Left,77
<_io.BytesIO object at 0x00000245C1D86720>,0.879145622253418,0.04043460637331009,-0.044699836522340775,211328,23,8,False,Right,Front,Centre,Left,77
<_io.BytesIO object at 0x00000245C1D869F0>,0.8382360935211182,0.03866439685225487,-0.044381238520145416,211328,23,8,False,Right,Front,Centre,Left,77
<_io.BytesIO object at 0x00000245C1D86CC0>,0.9017041921615601,0.004407173488289118,-0.058108583092689514,211328,23,8,False,Right,Front,Centre,Left,77
<_io.BytesIO object at 0x00000245C1D868B0>,0.8447179794311523,0.05026048794388771,0.042056404054164886,211328,23,8,False,Right,Front,Centre,Left,77
<_io.BytesIO object at 0x00000245C1D86A90>,0.9299924373626709,0.005035875365138054,0.006076611578464508,211328,23,8,False,Right,Front,Centre,Left,77
<_io.BytesIO object at 0x00000245C1D66130>,0.5065135359764099,0.09059223532676697,0.22839485108852386,211329,23,8,False,Right,Front,Centre,Left,77
<_io.BytesIO object at 0x00000245C1D66860>,0.5789361000061035,0.1324506402015686,0.13626088201999664,211329,23,8,False,Right,Front,Centre,Left,77
<_io.BytesIO object at 0x00000245C1D99E50>,0.5488962531089783,0.18433597683906555,0.20899924635887146,211329,23,8,False,Right,Front,Centre,Left,77
<_io.BytesIO object at 0x00000245C1D99B30>,0.524219810962677,0.11991787701845169,0.14776086807250977,211329,23,8,False,Right,Front,Centre,Left,77
<_io.BytesIO object at 0x00000245C1D99130>,0.525998592376709,0.08161213248968124,0.1535843312740326,211329,23,8,False,Right,Front,Centre,Left,77
<_io.BytesIO object at 0x00000245C1D992C0>,0.8791703581809998,0.0404154472053051,-0.04473048448562622,211329,23,8,False,Right,Front,Centre,Left,77
<_io.BytesIO object at 0x00000245C1D99DB0>,0.8382515907287598,0.03865175321698189,-0.044403932988643646,211329,23,8,False,Right,Front,Centre,Left,77
<_io.BytesIO object at 0x00000245C1D99630>,0.9017511606216431,0.004393854644149542,-0.05812545493245125,211329,23,8,False,Right,Front,Centre,Left,77
<_io.BytesIO object at 0x00000245BEF443B0>,0.844770073890686,0.05023956671357155,0.04202596843242645,211329,23,8,False,Right,Front,Centre,Left,77
<_io.BytesIO object at 0x00000245C1D0CF40>,0.9300187826156616,0.0050429231487214565,0.0060902186669409275,211329,23,8,False,Right,Front,Centre,Left,77
<_io.BytesIO object at 0x00000245C1D68E00>,0.5065135359764099,0.09059223532676697,0.22839485108852386,211330,23,8,False,Right,Front,Centre,Left,77
<_io.BytesIO object at 0x00000245C1D68EA0>,0.5789361000061035,0.1324506402015686,0.13626088201999664,211330,23,8,False,Right,Front,Centre,Left,77
<_io.BytesIO object at 0x00000245C1D68450>,0.5488962531089783,0.18433597683906555,0.20899924635887146,211330,23,8,False,Right,Front,Centre,Left,77
<_io.BytesIO object at 0x00000245C1CF8360>,0.524219810962677,0.11991787701845169,0.14776086807250977,211330,23,8,False,Right,Front,Centre,Left,77
<_io.BytesIO object at 0x00000245C1CF8090>,0.525998592376709,0.08161213248968124,0.1535843312740326,211330,23,8,False,Right,Front,Centre,Left,77
<_io.BytesIO object at 0x00000245C1CF87C0>,0.8792085647583008,0.04035808891057968,-0.044815003871917725,211330,23,8,False,Right,Front,Centre,Left,77
<_io.BytesIO object at 0x00000245C1CF8BD0>,0.8382664918899536,0.03863731399178505,-0.04442824423313141,211330,23,8,False,Right,Front,Centre,Left,77
<_io.BytesIO object at 0x00000245C1CF8040>,0.9017626047134399,0.004355121403932571,-0.058143164962530136,211330,23,8,False,Right,Front,Centre,Left,77
<_io.BytesIO object at 0x00000245C1CF86D0>,0.8447887301445007,0.05022808536887169,0.042003512382507324,211330,23,8,False,Right,Front,Centre,Left,77
<_io.BytesIO object at 0x00000245C1CF8680>,0.9300418496131897,0.0049596186727285385,0.006123093422502279,211330,23,8,False,Right,Front,Centre,Left,77
<_io.BytesIO object at 0x00000245C1D87360>,0.5065135359764099,0.09059223532676697,0.22839485108852386,211331,23,8,False,Right,Front,Centre,Left,77
<_io.BytesIO object at 0x00000245C1D9DD10>,0.5789361000061035,0.1324506402015686,0.13626088201999664,211331,23,8,False,Right,Front,Centre,Left,77
<_io.BytesIO object at 0x00000245C1D9DC20>,0.5488962531089783,0.18433597683906555,0.20899924635887146,211331,23,8,False,Right,Front,Centre,Left,77
<_io.BytesIO object at 0x00000245C1D9D180>,0.524219810962677,0.11991787701845169,0.14776086807250977,211331,23,8,False,Right,Front,Centre,Left,77
<_io.BytesIO object at 0x00000245C1D9DA90>,0.525998592376709,0.08161213248968124,0.1535843312740326,211331,23,8,False,Right,Front,Centre,Left,77
<_io.BytesIO object at 0x00000245C1D9A9A0>,0.8792200088500977,0.04033593460917473,-0.0448373444378376,211331,23,8,False,Right,Front,Centre,Left,77
<_io.BytesIO object at 0x00000245C1D9A3B0>,0.8382726907730103,0.038618918508291245,-0.04444228485226631,211331,23,8,False,Right,Front,Centre,Left,77
<_io.BytesIO object at 0x00000245C1D9A8B0>,0.9017802476882935,0.004318544175475836,-0.05813814327120781,211331,23,8,False,Right,Front,Centre,Left,77
<_io.BytesIO object at 0x00000245C1D9AB30>,0.8447920680046082,0.050219662487506866,0.041983604431152344,211331,23,8,False,Right,Front,Centre,Left,77
<_io.BytesIO object at 0x00000245C1D9A360>,0.930037260055542,0.00493524968624115,0.00608767569065094,211331,23,8,False,Right,Front,Centre,Left,77
<_io.BytesIO object at 0x00000245C1D03E50>,0.5065135359764099,0.09059223532676697,0.22839485108852386,211332,23,8,False,Right,Front,Centre,Left,77
<_io.BytesIO object at 0x00000245C1D03860>,0.5789361000061035,0.1324506402015686,0.13626088201999664,211332,23,8,False,Right,Front,Centre,Left,77
<_io.BytesIO object at 0x00000245C1D03F90>,0.5488962531089783,0.18433597683906555,0.20899924635887146,211332,23,8,False,Right,Front,Centre,Left,77
<_io.BytesIO object at 0x00000245C1D032C0>,0.524219810962677,0.11991787701845169,0.14776086807250977,211332,23,8,False,Right,Front,Centre,Left,77
<_io.BytesIO object at 0x00000245C1D03C20>,0.525998592376709,0.08161213248968124,0.1535843312740326,211332,23,8,False,Right,Front,Centre,Left,77
<_io.BytesIO object at 0x00000245C1D03040>,0.8792117238044739,0.04033014550805092,-0.044841740280389786,211332,23,8,False,Right,Front,Centre,Left,77
<_io.BytesIO object at 0x00000245C1D035E0>,0.8382858633995056,0.03861497342586517,-0.04446728900074959,211332,23,8,False,Right,Front,Centre,Left,77
<_io.BytesIO object at 0x00000245C1D76630>,0.9017904996871948,0.004314000252634287,-0.058123629540205,211332,23,8,False,Right,Front,Centre,Left,77
<_io.BytesIO object at 0x00000245C1D765E0>,0.8447791337966919,0.050230544060468674,0.041977670043706894,211332,23,8,False,Right,Front,Centre,Left,77
<_io.BytesIO object at 0x00000245C1D76310>,0.9300172328948975,0.004930494353175163,0.006061770021915436,211332,23,8,False,Right,Front,Centre,Left,77
<_io.BytesIO object at 0x00000245C1D9D1D0>,0.5065135359764099,0.09059223532676697,0.22839485108852386,211333,23,8,False,Right,Front,Centre,Left,77
<_io.BytesIO object at 0x00000245C1D87770>,0.5789361000061035,0.1324506402015686,0.13626088201999664,211333,23,8,False,Right,Front,Centre,Left,77
<_io.BytesIO object at 0x00000245C1D87B80>,0.5488962531089783,0.18433597683906555,0.20899924635887146,211333,23,8,False,Right,Front,Centre,Left,77
<_io.BytesIO object at 0x00000245C1D87680>,0.524219810962677,0.11991787701845169,0.14776086807250977,211333,23,8,False,Right,Front,Centre,Left,77
<_io.BytesIO object at 0x00000245C1D87860>,0.525998592376709,0.08161213248968124,0.1535843312740326,211333,23,8,False,Right,Front,Centre,Left,77
<_io.BytesIO object at 0x00000245C1D87CC0>,0.8792178630828857,0.04032458737492561,-0.04483925551176071,211333,23,8,False,Right,Front,Centre,Left,77
<_io.BytesIO object at 0x00000245C1D87720>,0.8382958173751831,0.038625966757535934,-0.04448236897587776,211333,23,8,False,Right,Front,Centre,Left,77
<_io.BytesIO object at 0x00000245C1CFE1D0>,0.9017913937568665,0.004309563897550106,-0.05810932815074921,211333,23,8,False,Right,Front,Centre,Left,77
<_io.BytesIO object at 0x00000245C1CFE630>,0.8447663187980652,0.05024363473057747,0.04196712002158165,211333,23,8,False,Right,Front,Centre,Left,77
<_io.BytesIO object at 0x00000245C1CFEEA0>,0.9300030469894409,0.004926731809973717,0.006051478907465935,211333,23,8,False,Right,Front,Centre,Left,77
<_io.BytesIO object at 0x00000245C1D685E0>,0.5065135359764099,0.09059223532676697,0.22839485108852386,211334,23,8,False,Right,Front,Centre,Left,77
<_io.BytesIO object at 0x00000245C1DD18B0>,0.5789361000061035,0.1324506402015686,0.13626088201999664,211334,23,8,False,Right,Front,Centre,Left,77
<_io.BytesIO object at 0x00000245C1DD16D0>,0.5488962531089783,0.18433597683906555,0.20899924635887146,211334,23,8,False,Right,Front,Centre,Left,77
<_io.BytesIO object at 0x00000245C1DD1900>,0.524219810962677,0.11991787701845169,0.14776086807250977,211334,23,8,False,Right,Front,Centre,Left,77
<_io.BytesIO object at 0x00000245C1DD1540>,0.525998592376709,0.08161213248968124,0.1535843312740326,211334,23,8,False,Right,Front,Centre,Left,77
<_io.BytesIO object at 0x00000245C1DD1590>,0.8792358040809631,0.04031674563884735,-0.04486037418246269,211334,23,8,False,Right,Front,Centre,Left,77
<_io.BytesIO object at 0x00000245C1DD1450>,0.838310718536377,0.03862522169947624,-0.04451031610369682,211334,23,8,False,Right,Front,Centre,Left,77
<_io.BytesIO object at 0x00000245C1D0CB80>,0.9017879962921143,0.004279914777725935,-0.05812333524227142,211334,23,8,False,Right,Front,Centre,Left,77
<_io.BytesIO object at 0x00000245C1D0C540>,0.8447670936584473,0.050269097089767456,0.041961077600717545,211334,23,8,False,Right,Front,Centre,Left,77
<_io.BytesIO object at 0x00000245C1D0C090>,0.9300046563148499,0.004917411133646965,0.006052577868103981,211334,23,8,False,Right,Front,Centre,Left,77
<_io.BytesIO object at 0x00000245C1D99AE0>,0.5065135359764099,0.09059223532676697,0.22839485108852386,211335,23,8,False,Right,Front,Centre,Left,77
<_io.BytesIO object at 0x00000245C1D99B30>,0.5789361000061035,0.1324506402015686,0.13626088201999664,211335,23,8,False,Right,Front,Centre,Left,77
<_io.BytesIO object at 0x00000245C1D8D0E0>,0.5488962531089783,0.18433597683906555,0.20899924635887146,211335,23,8,False,Right,Front,Centre,Left,77
<_io.BytesIO object at 0x00000245C1D8D9F0>,0.524219810962677,0.11991787701845169,0.14776086807250977,211335,23,8,False,Right,Front,Centre,Left,77
<_io.BytesIO object at 0x00000245C1D8D720>,0.525998592376709,0.08161213248968124,0.1535843312740326,211335,23,8,False,Right,Front,Centre,Left,77
<_io.BytesIO object at 0x00000245C1D8D1D0>,0.8792521357536316,0.040311962366104126,-0.04485921189188957,211335,23,8,False,Right,Front,Centre,Left,77
<_io.BytesIO object at 0x00000245C1D8D630>,0.8383241891860962,0.03863236680626869,-0.044527873396873474,211335,23,8,False,Right,Front,Centre,Left,77
<_io.BytesIO object at 0x00000245C1D8DE50>,0.9018025994300842,0.004266227595508099,-0.05812200531363487,211335,23,8,False,Right,Front,Centre,Left,77
<_io.BytesIO object at 0x00000245C1D8D7C0>,0.8447834253311157,0.05028538405895233,0.04195405915379524,211335,23,8,False,Right,Front,Centre,Left,77
<_io.BytesIO object at 0x00000245B9A358B0>,0.9299975633621216,0.00491722859442234,0.006058712489902973,211335,23,8,False,Right,Front,Centre,Left,77
<_io.BytesIO object at 0x00000245C1D86220>,0.5065135359764099,0.09059223532676697,0.22839485108852386,211336,23,8,False,Right,Front,Centre,Left,77
<_io.BytesIO object at 0x00000245C1D86590>,0.5789361000061035,0.1324506402015686,0.13626088201999664,211336,23,8,False,Right,Front,Centre,Left,77
<_io.BytesIO object at 0x00000245B9A35360>,0.5488962531089783,0.18433597683906555,0.20899924635887146,211336,23,8,False,Right,Front,Centre,Left,77
<_io.BytesIO object at 0x00000245B9A356D0>,0.524219810962677,0.11991787701845169,0.14776086807250977,211336,23,8,False,Right,Front,Centre,Left,77
<_io.BytesIO object at 0x00000245C1D8D8B0>,0.525998592376709,0.08161213248968124,0.1535843312740326,211336,23,8,False,Right,Front,Centre,Left,77
<_io.BytesIO object at 0x00000245C1D8DAE0>,0.879261314868927,0.04029370844364166,-0.0448758602142334,211336,23,8,False,Right,Front,Centre,Left,77
<_io.BytesIO object at 0x00000245C1D8D360>,0.8383417129516602,0.038620784878730774,-0.04455107823014259,211336,23,8,False,Right,Front,Centre,Left,77
<_io.BytesIO object at 0x00000245C1D8D720>,0.9018117785453796,0.004212201107293367,-0.0581241101026535,211336,23,8,False,Right,Front,Centre,Left,77
<_io.BytesIO object at 0x00000245C1D8D310>,0.8447921872138977,0.0502837598323822,0.041945863515138626,211336,23,8,False,Right,Front,Centre,Left,77
<_io.BytesIO object at 0x00000245C1D8DD60>,0.9299980998039246,0.004908720962703228,0.006060885265469551,211336,23,8,False,Right,Front,Centre,Left,77
<_io.BytesIO object at 0x00000245C1D0C810>,0.5065135359764099,0.09059223532676697,0.22839485108852386,211337,23,8,False,Right,Front,Centre,Left,77
<_io.BytesIO object at 0x00000245C1D0C400>,0.5789361000061035,0.1324506402015686,0.13626088201999664,211337,23,8,False,Right,Front,Centre,Left,77
<_io.BytesIO object at 0x00000245C1D0CE00>,0.5488962531089783,0.18433597683906555,0.20899924635887146,211337,23,8,False,Right,Front,Centre,Left,77
<_io.BytesIO object at 0x00000245C1D0CA90>,0.524219810962677,0.11991787701845169,0.14776086807250977,211337,23,8,False,Right,Front,Centre,Left,77
<_io.BytesIO object at 0x00000245C1CCEB80>,0.525998592376709,0.08161213248968124,0.1535843312740326,211337,23,8,False,Right,Front,Centre,Left,77
<_io.BytesIO object at 0x00000245C1DD1180>,0.8792880773544312,0.04027917608618736,-0.04488716274499893,211337,23,8,False,Right,Front,Centre,Left,77
<_io.BytesIO object at 0x00000245C1DD1DB0>,0.8383643627166748,0.03859950974583626,-0.044572614133358,211337,23,8,False,Right,Front,Centre,Left,77
<_io.BytesIO object at 0x00000245C1DD1AE0>,0.901840329170227,0.004201287869364023,-0.05808667093515396,211337,23,8,False,Right,Front,Centre,Left,77
<_io.BytesIO object at 0x00000245C1DD1900>,0.8447940349578857,0.0502852164208889,0.04193766415119171,211337,23,8,False,Right,Front,Centre,Left,77
<_io.BytesIO object at 0x00000245C1DD17C0>,0.9299986958503723,0.004896262194961309,0.006072194315493107,211337,23,8,False,Right,Front,Centre,Left,77
<_io.BytesIO object at 0x00000245C1CF8900>,0.5065135359764099,0.09059223532676697,0.22839485108852386,211338,23,8,False,Right,Front,Centre,Left,77
<_io.BytesIO object at 0x00000245C1CFE4F0>,0.5789361000061035,0.1324506402015686,0.13626088201999664,211338,23,8,False,Right,Front,Centre,Left,77
<_io.BytesIO object at 0x00000245C1CFE900>,0.5488962531089783,0.18433597683906555,0.20899924635887146,211338,23,8,False,Right,Front,Centre,Left,77
<_io.BytesIO object at 0x00000245C1CFE8B0>,0.524219810962677,0.11991787701845169,0.14776086807250977,211338,23,8,False,Right,Front,Centre,Left,77
<_io.BytesIO object at 0x00000245C1CFEBD0>,0.525998592376709,0.08161213248968124,0.1535843312740326,211338,23,8,False,Right,Front,Centre,Left,77
<_io.BytesIO object at 0x00000245C1CFE4A0>,0.8792984485626221,0.0402693934738636,-0.04489252716302872,211338,23,8,False,Right,Front,Centre,Left,77
<_io.BytesIO object at 0x00000245C1D871D0>,0.8383836150169373,0.038600146770477295,-0.04458561912178993,211338,23,8,False,Right,Front,Centre,Left,77
<_io.BytesIO object at 0x00000245C1D87A40>,0.9018608927726746,0.004196928348392248,-0.05804470553994179,211338,23,8,False,Right,Front,Centre,Left,77
<_io.BytesIO object at 0x00000245C1D87860>,0.8447942137718201,0.050295814871788025,0.041941214352846146,211338,23,8,False,Right,Front,Centre,Left,77
<_io.BytesIO object at 0x00000245C1D87F40>,0.9299960136413574,0.0048983232118189335,0.006082933396100998,211338,23,8,False,Right,Front,Centre,Left,77
<_io.BytesIO object at 0x00000245C1D9A4A0>,0.5065135359764099,0.09059223532676697,0.22839485108852386,211339,23,8,False,Right,Front,Centre,Left,77
<_io.BytesIO object at 0x00000245C1D9AEF0>,0.5789361000061035,0.1324506402015686,0.13626088201999664,211339,23,8,False,Right,Front,Centre,Left,77
<_io.BytesIO object at 0x00000245C1D76400>,0.5488962531089783,0.18433597683906555,0.20899924635887146,211339,23,8,False,Right,Front,Centre,Left,77
<_io.BytesIO object at 0x00000245C1D76CC0>,0.524219810962677,0.11991787701845169,0.14776086807250977,211339,23,8,False,Right,Front,Centre,Left,77
<_io.BytesIO object at 0x00000245C1D76E00>,0.525998592376709,0.08161213248968124,0.1535843312740326,211339,23,8,False,Right,Front,Centre,Left,77
<_io.BytesIO object at 0x00000245C1D76B30>,0.8793021440505981,0.04026230797171593,-0.04488696902990341,211339,23,8,False,Right,Front,Centre,Left,77
<_io.BytesIO object at 0x00000245C1D765E0>,0.8383825421333313,0.03859433904290199,-0.04459599405527115,211339,23,8,False,Right,Front,Centre,Left,77
<_io.BytesIO object at 0x00000245C1D76220>,0.9018758535385132,0.004205828066915274,-0.0579894483089447,211339,23,8,False,Right,Front,Centre,Left,77
<_io.BytesIO object at 0x00000245C1D03270>,0.844796359539032,0.05031559616327286,0.04195662960410118,211339,23,8,False,Right,Front,Centre,Left,77
<_io.BytesIO object at 0x00000245C1D03A40>,0.9300036430358887,0.004910818301141262,0.00610495125874877,211339,23,8,False,Right,Front,Centre,Left,77
<_io.BytesIO object at 0x00000245C1D03180>,0.5065135359764099,0.09059223532676697,0.22839485108852386,211340,23,8,False,Right,Front,Centre,Left,77
<_io.BytesIO object at 0x00000245C1D769A0>,0.5789361000061035,0.1324506402015686,0.13626088201999664,211340,23,8,False,Right,Front,Centre,Left,77
<_io.BytesIO object at 0x00000245C1D76E50>,0.5488962531089783,0.18433597683906555,0.20899924635887146,211340,23,8,False,Right,Front,Centre,Left,77
<_io.BytesIO object at 0x00000245C1D76DB0>,0.524219810962677,0.11991787701845169,0.14776086807250977,211340,23,8,False,Right,Front,Centre,Left,77
<_io.BytesIO object at 0x00000245C1D76EA0>,0.525998592376709,0.08161213248968124,0.1535843312740326,211340,23,8,False,Right,Front,Centre,Left,77
<_io.BytesIO object at 0x00000245C1D9A4A0>,0.8793090581893921,0.040260136127471924,-0.044891733676195145,211340,23,8,False,Right,Front,Centre,Left,77
<_io.BytesIO object at 0x00000245C1D9ACC0>,0.8383944034576416,0.03859260678291321,-0.04459257796406746,211340,23,8,False,Right,Front,Centre,Left,77
<_io.BytesIO object at 0x00000245C1D9A860>,0.9018628001213074,0.004204109311103821,-0.05793194845318794,211340,23,8,False,Right,Front,Centre,Left,77
<_io.BytesIO object at 0x00000245C1D9AF40>,0.8448087573051453,0.05033884942531586,0.04197199270129204,211340,23,8,False,Right,Front,Centre,Left,77
<_io.BytesIO object at 0x00000245C1D9A180>,0.9300066232681274,0.0049260943196713924,0.006128949113190174,211340,23,8,False,Right,Front,Centre,Left,77
<_io.BytesIO object at 0x00000245C1D87D10>,0.5065135359764099,0.09059223532676697,0.22839485108852386,211341,23,8,False,Right,Front,Centre,Left,77
<_io.BytesIO object at 0x00000245C1CFE1D0>,0.5789361000061035,0.1324506402015686,0.13626088201999664,211341,23,8,False,Right,Front,Centre,Left,77
<_io.BytesIO object at 0x00000245C1CFE630>,0.5488962531089783,0.18433597683906555,0.20899924635887146,211341,23,8,False,Right,Front,Centre,Left,77
<_io.BytesIO object at 0x00000245C1CFE900>,0.524219810962677,0.11991787701845169,0.14776086807250977,211341,23,8,False,Right,Front,Centre,Left,77
<_io.BytesIO object at 0x00000245C1CFEDB0>,0.525998592376709,0.08161213248968124,0.1535843312740326,211341,23,8,False,Right,Front,Centre,Left,77
<_io.BytesIO object at 0x00000245C1CFE130>,0.8793153762817383,0.04026743024587631,-0.044877078384160995,211341,23,8,False,Right,Front,Centre,Left,77
<_io.BytesIO object at 0x00000245C1CFE7C0>,0.8383955955505371,0.038603223860263824,-0.0445842444896698,211341,23,8,False,Right,Front,Centre,Left,77
<_io.BytesIO object at 0x00000245C1CFE2C0>,0.9018802046775818,0.00422642333433032,-0.057870764285326004,211341,23,8,False,Right,Front,Centre,Left,77
<_io.BytesIO object at 0x00000245C1CF8CC0>,0.8448230624198914,0.05035634711384773,0.041998833417892456,211341,23,8,False,Right,Front,Centre,Left,77
<_io.BytesIO object at 0x00000245C1CF8400>,0.930011510848999,0.004937390331178904,0.0061418828554451466,211341,23,8,False,Right,Front,Centre,Left,77
<_io.BytesIO object at 0x00000245C1DD1400>,0.5065135359764099,0.09059223532676697,0.22839485108852386,211342,23,8,False,Right,Front,Centre,Left,77
<_io.BytesIO object at 0x00000245C1DD11D0>,0.5789361000061035,0.1324506402015686,0.13626088201999664,211342,23,8,False,Right,Front,Centre,Left,77
<_io.BytesIO object at 0x00000245C1D0CC20>,0.5488962531089783,0.18433597683906555,0.20899924635887146,211342,23,8,False,Right,Front,Centre,Left,77
<_io.BytesIO object at 0x00000245C1D0CA90>,0.524219810962677,0.11991787701845169,0.14776086807250977,211342,23,8,False,Right,Front,Centre,Left,77
<_io.BytesIO object at 0x00000245C1D0C9F0>,0.525998592376709,0.08161213248968124,0.1535843312740326,211342,23,8,False,Right,Front,Centre,Left,77
<_io.BytesIO object at 0x00000245C1D0C7C0>,0.8793205618858337,0.04027422517538071,-0.044861555099487305,211342,23,8,False,Right,Front,Centre,Left,77
<_io.BytesIO object at 0x00000245C1D0C4A0>,0.8384086489677429,0.03862040117383003,-0.04458463191986084,211342,23,8,False,Right,Front,Centre,Left,77
<_io.BytesIO object at 0x00000245C1D0C720>,0.9019007086753845,0.004188680090010166,-0.057900168001651764,211342,23,8,False,Right,Front,Centre,Left,77
<_io.BytesIO object at 0x00000245C1D0CF40>,0.8448403477668762,0.05035913363099098,0.0420101135969162,211342,23,8,False,Right,Front,Centre,Left,77
<_io.BytesIO object at 0x00000245C1D0C900>,0.9300187230110168,0.004944988992065191,0.006159472279250622,211342,23,8,False,Right,Front,Centre,Left,77
<_io.BytesIO object at 0x00000245C1D99720>,0.5065135359764099,0.09059223532676697,0.22839485108852386,211343,23,8,False,Right,Front,Centre,Left,77
<_io.BytesIO object at 0x00000245C1D8D0E0>,0.5789361000061035,0.1324506402015686,0.13626088201999664,211343,23,8,False,Right,Front,Centre,Left,77
<_io.BytesIO object at 0x00000245C1D8DEA0>,0.5488962531089783,0.18433597683906555,0.20899924635887146,211343,23,8,False,Right,Front,Centre,Left,77
<_io.BytesIO object at 0x00000245C1D8DE00>,0.524219810962677,0.11991787701845169,0.14776086807250977,211343,23,8,False,Right,Front,Centre,Left,77
<_io.BytesIO object at 0x00000245C1D8D400>,0.525998592376709,0.08161213248968124,0.1535843312740326,211343,23,8,False,Right,Front,Centre,Left,77
<_io.BytesIO object at 0x00000245B9A35900>,0.8793169260025024,0.040275637060403824,-0.04485462233424187,211343,23,8,False,Right,Front,Centre,Left,77
<_io.BytesIO object at 0x00000245B9A354F0>,0.8384148478507996,0.03861646354198456,-0.044575802981853485,211343,23,8,False,Right,Front,Centre,Left,77
<_io.BytesIO object at 0x00000245B9A352C0>,0.901861310005188,0.004199761897325516,-0.05784433335065842,211343,23,8,False,Right,Front,Centre,Left,77
<_io.BytesIO object at 0x00000245C1D862C0>,0.8448576331138611,0.05035059526562691,0.04200400784611702,211343,23,8,False,Right,Front,Centre,Left,77
<_io.BytesIO object at 0x00000245B9A35220>,0.9300209879875183,0.004957334604114294,0.006157581228762865,211343,23,8,False,Right,Front,Centre,Left,77
<_io.BytesIO object at 0x00000245C1D0CB80>,0.5065135359764099,0.09059223532676697,0.22839485108852386,211344,23,8,False,Right,Front,Centre,Left,77
<_io.BytesIO object at 0x00000245C1DD18B0>,0.5789361000061035,0.1324506402015686,0.13626088201999664,211344,23,8,False,Right,Front,Centre,Left,77
<_io.BytesIO object at 0x00000245C1DD1900>,0.5488962531089783,0.18433597683906555,0.20899924635887146,211344,23,8,False,Right,Front,Centre,Left,77
<_io.BytesIO object at 0x00000245C1DD1630>,0.524219810962677,0.11991787701845169,0.14776086807250977,211344,23,8,False,Right,Front,Centre,Left,77
<_io.BytesIO object at 0x00000245C1DD1EF0>,0.525998592376709,0.08161213248968124,0.1535843312740326,211344,23,8,False,Right,Front,Centre,Left,77
<_io.BytesIO object at 0x00000245C1D68D60>,0.8793127536773682,0.04026796296238899,-0.044855400919914246,211344,23,8,False,Right,Front,Centre,Left,77
<_io.BytesIO object at 0x00000245C1D68180>,0.8384048938751221,0.03861004859209061,-0.04457927495241165,211344,23,8,False,Right,Front,Centre,Left,77
<_io.BytesIO object at 0x00000245C1D68400>,0.9018705487251282,0.004212812054902315,-0.057791076600551605,211344,23,8,False,Right,Front,Centre,Left,77
<_io.BytesIO object at 0x00000245C1D688B0>,0.8448501825332642,0.050339359790086746,0.042011186480522156,211344,23,8,False,Right,Front,Centre,Left,77
<_io.BytesIO object at 0x00000245C1D68360>,0.930020272731781,0.004960409831255674,0.00616435706615448,211344,23,8,False,Right,Front,Centre,Left,77
<_io.BytesIO object at 0x00000245C1CFE8B0>,0.5065135359764099,0.09059223532676697,0.22839485108852386,211345,23,8,False,Right,Front,Centre,Left,77
<_io.BytesIO object at 0x00000245C1CFEB80>,0.5789361000061035,0.1324506402015686,0.13626088201999664,211345,23,8,False,Right,Front,Centre,Left,77
<_io.BytesIO object at 0x00000245C1D76DB0>,0.5488962531089783,0.18433597683906555,0.20899924635887146,211345,23,8,False,Right,Front,Centre,Left,77
<_io.BytesIO object at 0x00000245C1D76450>,0.524219810962677,0.11991787701845169,0.14776086807250977,211345,23,8,False,Right,Front,Centre,Left,77
<_io.BytesIO object at 0x00000245C1D76310>,0.525998592376709,0.08161213248968124,0.1535843312740326,211345,23,8,False,Right,Front,Centre,Left,77
<_io.BytesIO object at 0x00000245C1D76680>,0.8793023228645325,0.04025999456644058,-0.04485441371798515,211345,23,8,False,Right,Front,Centre,Left,77
<_io.BytesIO object at 0x00000245C1D76AE0>,0.8384007811546326,0.038602497428655624,-0.04457693547010422,211345,23,8,False,Right,Front,Centre,Left,77
<_io.BytesIO object at 0x00000245C1D99720>,0.9018479585647583,0.004186093807220459,-0.057818084955215454,211345,23,8,False,Right,Front,Centre,Left,77
<_io.BytesIO object at 0x00000245C1D99EF0>,0.8448300957679749,0.0503271147608757,0.04201710596680641,211345,23,8,False,Right,Front,Centre,Left,77
<_io.BytesIO object at 0x00000245C1D99F90>,0.9300158619880676,0.004964196123182774,0.0061608171090483665,211345,23,8,False,Right,Front,Centre,Left,77
<_io.BytesIO object at 0x00000245C1D87220>,0.5065135359764099,0.09059223532676697,0.22839485108852386,211346,23,8,False,Right,Front,Centre,Left,77
<_io.BytesIO object at 0x00000245C1D87180>,0.5789361000061035,0.1324506402015686,0.13626088201999664,211346,23,8,False,Right,Front,Centre,Left,77
<_io.BytesIO object at 0x00000245C1D039A0>,0.5488962531089783,0.18433597683906555,0.20899924635887146,211346,23,8,False,Right,Front,Centre,Left,77
<_io.BytesIO object at 0x00000245C1D03680>,0.524219810962677,0.11991787701845169,0.14776086807250977,211346,23,8,False,Right,Front,Centre,Left,77
<_io.BytesIO object at 0x00000245C1D03770>,0.525998592376709,0.08161213248968124,0.1535843312740326,211346,23,8,False,Right,Front,Centre,Left,77
<_io.BytesIO object at 0x00000245C1D03EA0>,0.8792849183082581,0.04024976119399071,-0.0448523685336113,211346,23,8,False,Right,Front,Centre,Left,77
<_io.BytesIO object at 0x00000245C1D03BD0>,0.8383906483650208,0.03859351947903633,-0.0445861890912056,211346,23,8,False,Right,Front,Centre,Left,77
<_io.BytesIO object at 0x00000245C1D03310>,0.9018645882606506,0.004157816059887409,-0.05781475827097893,211346,23,8,False,Right,Front,Centre,Left,77
<_io.BytesIO object at 0x00000245C1D039F0>,0.8447881937026978,0.05033544450998306,0.042027123272418976,211346,23,8,False,Right,Front,Centre,Left,77
<_io.BytesIO object at 0x00000245C1D03A90>,0.930008053779602,0.0049681696109473705,0.006154203321784735,211346,23,8,False,Right,Front,Centre,Left,77
<_io.BytesIO object at 0x00000245C1D9D950>,0.5065135359764099,0.09059223532676697,0.22839485108852386,211347,23,8,False,Right,Front,Centre,Left,77
<_io.BytesIO object at 0x00000245C1D61630>,0.5789361000061035,0.1324506402015686,0.13626088201999664,211347,23,8,False,Right,Front,Centre,Left,77
<_io.BytesIO object at 0x00000245C1D61540>,0.5488962531089783,0.18433597683906555,0.20899924635887146,211347,23,8,False,Right,Front,Centre,Left,77
<_io.BytesIO object at 0x00000245C1D61360>,0.524219810962677,0.11991787701845169,0.14776086807250977,211347,23,8,False,Right,Front,Centre,Left,77
<_io.BytesIO object at 0x00000245C1D86590>,0.525998592376709,0.08161213248968124,0.1535843312740326,211347,23,8,False,Right,Front,Centre,Left,77
<_io.BytesIO object at 0x00000245C1D86310>,0.879271388053894,0.04024574160575867,-0.044850461184978485,211347,23,8,False,Right,Front,Centre,Left,77
<_io.BytesIO object at 0x00000245C1D86E00>,0.8383739590644836,0.03859178349375725,-0.04459148272871971,211347,23,8,False,Right,Front,Centre,Left,77
<_io.BytesIO object at 0x00000245C1D863B0>,0.9018280506134033,0.004159323871135712,-0.05776840075850487,211347,23,8,False,Right,Front,Centre,Left,77
<_io.BytesIO object at 0x00000245C1D86810>,0.8447596430778503,0.0503348782658577,0.042021673172712326,211347,23,8,False,Right,Front,Centre,Left,77
<_io.BytesIO object at 0x00000245C1D61220>,0.9299837946891785,0.004981209058314562,0.006144911516457796,211347,23,8,False,Right,Front,Centre,Left,77
<_io.BytesIO object at 0x00000245C1D8D400>,0.5065135359764099,0.09059223532676697,0.22839485108852386,211348,23,8,False,Right,Front,Centre,Left,77
<_io.BytesIO object at 0x00000245C1D03B80>,0.5789361000061035,0.1324506402015686,0.13626088201999664,211348,23,8,False,Right,Front,Centre,Left,77
<_io.BytesIO object at 0x00000245C1D03360>,0.5488962531089783,0.18433597683906555,0.20899924635887146,211348,23,8,False,Right,Front,Centre,Left,77
<_io.BytesIO object at 0x00000245C1D03900>,0.524219810962677,0.11991787701845169,0.14776086807250977,211348,23,8,False,Right,Front,Centre,Left,77
<_io.BytesIO object at 0x00000245C1D03770>,0.525998592376709,0.08161213248968124,0.1535843312740326,211348,23,8,False,Right,Front,Centre,Left,77
<_io.BytesIO object at 0x00000245C1D03AE0>,0.8792620301246643,0.040249694138765335,-0.0448649525642395,211348,23,8,False,Right,Front,Centre,Left,77
<_io.BytesIO object at 0x00000245C1D03180>,0.8383593559265137,0.038593318313360214,-0.04459867626428604,211348,23,8,False,Right,Front,Centre,Left,77
<_io.BytesIO object at 0x00000245C1D87180>,0.9018210172653198,0.004173155874013901,-0.05773208662867546,211348,23,8,False,Right,Front,Centre,Left,77
<_io.BytesIO object at 0x00000245C1D87770>,0.8447258472442627,0.050333421677351,0.042024750262498856,211348,23,8,False,Right,Front,Centre,Left,77
<_io.BytesIO object at 0x00000245C1D878B0>,0.9299646019935608,0.004993012640625238,0.006130576133728027,211348,23,8,False,Right,Front,Centre,Left,77
<_io.BytesIO object at 0x00000245C1D999A0>,0.5065135359764099,0.09059223532676697,0.22839485108852386,211349,23,8,False,Right,Front,Centre,Left,77
<_io.BytesIO object at 0x00000245C1D99860>,0.5789361000061035,0.1324506402015686,0.13626088201999664,211349,23,8,False,Right,Front,Centre,Left,77
<_io.BytesIO object at 0x00000245C1D76CC0>,0.5488962531089783,0.18433597683906555,0.20899924635887146,211349,23,8,False,Right,Front,Centre,Left,77
<_io.BytesIO object at 0x00000245C1D76180>,0.524219810962677,0.11991787701845169,0.14776086807250977,211349,23,8,False,Right,Front,Centre,Left,77
<_io.BytesIO object at 0x00000245C1D769A0>,0.525998592376709,0.08161213248968124,0.1535843312740326,211349,23,8,False,Right,Front,Centre,Left,77
<_io.BytesIO object at 0x00000245C1D761D0>,0.8792576193809509,0.04026148095726967,-0.044856078922748566,211349,23,8,False,Right,Front,Centre,Left,77
<_io.BytesIO object at 0x00000245C1D76EA0>,0.8383541107177734,0.03860175609588623,-0.044611867517232895,211349,23,8,False,Right,Front,Centre,Left,77
<_io.BytesIO object at 0x00000245C1D76E00>,0.9018054604530334,0.004158319439738989,-0.05774296447634697,211349,23,8,False,Right,Front,Centre,Left,77
<_io.BytesIO object at 0x00000245C1CFE950>,0.8447031378746033,0.050331536680459976,0.04201700538396835,211349,23,8,False,Right,Front,Centre,Left,77
<_io.BytesIO object at 0x00000245C1CFE590>,0.9299595355987549,0.0050772191025316715,0.006106508895754814,211349,23,8,False,Right,Front,Centre,Left,77
<_io.BytesIO object at 0x00000245C1D68360>,0.5065135359764099,0.09059223532676697,0.22839485108852386,211350,23,8,False,Right,Front,Centre,Left,77
<_io.BytesIO object at 0x00000245C1D68900>,0.5789361000061035,0.1324506402015686,0.13626088201999664,211350,23,8,False,Right,Front,Centre,Left,77
<_io.BytesIO object at 0x00000245C1DD1860>,0.5488962531089783,0.18433597683906555,0.20899924635887146,211350,23,8,False,Right,Front,Centre,Left,77
<_io.BytesIO object at 0x00000245C1DD1EA0>,0.524219810962677,0.11991787701845169,0.14776086807250977,211350,23,8,False,Right,Front,Centre,Left,77
<_io.BytesIO object at 0x00000245C1DD1270>,0.525998592376709,0.08161213248968124,0.1535843312740326,211350,23,8,False,Right,Front,Centre,Left,77
<_io.BytesIO object at 0x00000245C1DD1810>,0.8792563080787659,0.04025745391845703,-0.044861868023872375,211350,23,8,False,Right,Front,Centre,Left,77
<_io.BytesIO object at 0x00000245C1DD1DB0>,0.8383548855781555,0.03859727457165718,-0.0446394681930542,211350,23,8,False,Right,Front,Centre,Left,77
<_io.BytesIO object at 0x00000245C1DD1AE0>,0.9018169641494751,0.0041770339012146,-0.05769534781575203,211350,23,8,False,Right,Front,Centre,Left,77
<_io.BytesIO object at 0x00000245BEF3CAE0>,0.8446743488311768,0.05032283812761307,0.042016882449388504,211350,23,8,False,Right,Front,Centre,Left,77
<_io.BytesIO object at 0x00000245BEF44450>,0.9299642443656921,0.005102371331304312,0.006118499208241701,211350,23,8,False,Right,Front,Centre,Left,77
<_io.BytesIO object at 0x00000245B9A35090>,0.5065135359764099,0.09059223532676697,0.22839485108852386,211351,23,8,False,Right,Front,Centre,Left,77
<_io.BytesIO object at 0x00000245C1D86EA0>,0.5789361000061035,0.1324506402015686,0.13626088201999664,211351,23,8,False,Right,Front,Centre,Left,77
<_io.BytesIO object at 0x00000245C1D86680>,0.5488962531089783,0.18433597683906555,0.20899924635887146,211351,23,8,False,Right,Front,Centre,Left,77
<_io.BytesIO object at 0x00000245C1D864F0>,0.524219810962677,0.11991787701845169,0.14776086807250977,211351,23,8,False,Right,Front,Centre,Left,77
<_io.BytesIO object at 0x00000245B9A354F0>,0.525998592376709,0.08161213248968124,0.1535843312740326,211351,23,8,False,Right,Front,Centre,Left,77
<_io.BytesIO object at 0x00000245B9A35360>,0.8792547583580017,0.04025164246559143,-0.04487093165516853,211351,23,8,False,Right,Front,Centre,Left,77
<_io.BytesIO object at 0x00000245B9A35900>,0.8383427262306213,0.03859482705593109,-0.04466588795185089,211351,23,8,False,Right,Front,Centre,Left,77
<_io.BytesIO object at 0x00000245C1D66400>,0.9018248915672302,0.004168650135397911,-0.05767587199807167,211351,23,8,False,Right,Front,Centre,Left,77
<_io.BytesIO object at 0x00000245C1D66B80>,0.8446428179740906,0.050308529287576675,0.04199356213212013,211351,23,8,False,Right,Front,Centre,Left,77
<_io.BytesIO object at 0x00000245C1D66EA0>,0.9299672842025757,0.005141930654644966,0.006160516757518053,211351,23,8,False,Right,Front,Centre,Left,77
<_io.BytesIO object at 0x00000245C1DD1270>,0.5065135359764099,0.09059223532676697,0.22839485108852386,211352,23,8,False,Right,Front,Centre,Left,77
<_io.BytesIO object at 0x00000245C1DD1360>,0.5789361000061035,0.1324506402015686,0.13626088201999664,211352,23,8,False,Right,Front,Centre,Left,77
<_io.BytesIO object at 0x00000245C1D686D0>,0.5488962531089783,0.18433597683906555,0.20899924635887146,211352,23,8,False,Right,Front,Centre,Left,77
<_io.BytesIO object at 0x00000245C1D681D0>,0.524219810962677,0.11991787701845169,0.14776086807250977,211352,23,8,False,Right,Front,Centre,Left,77
<_io.BytesIO object at 0x00000245C1D68770>,0.525998592376709,0.08161213248968124,0.1535843312740326,211352,23,8,False,Right,Front,Centre,Left,77
<_io.BytesIO object at 0x00000245C1D68630>,0.8792597651481628,0.040251556783914566,-0.044863294810056686,211352,23,8,False,Right,Front,Centre,Left,77
<_io.BytesIO object at 0x00000245C1D684F0>,0.838371753692627,0.03856242075562477,-0.044722918421030045,211352,23,8,False,Right,Front,Centre,Left,77
<_io.BytesIO object at 0x00000245C1D68A40>,0.9018406271934509,0.004165212623775005,-0.05765159800648689,211352,23,8,False,Right,Front,Centre,Left,77
<_io.BytesIO object at 0x00000245C1CF8A40>,0.844603955745697,0.050279390066862106,0.04198307543992996,211352,23,8,False,Right,Front,Centre,Left,77
<_io.BytesIO object at 0x00000245C1CF8860>,0.9299763441085815,0.0051571158692240715,0.00617664959281683,211352,23,8,False,Right,Front,Centre,Left,77
<_io.BytesIO object at 0x00000245C1D764F0>,0.5065135359764099,0.09059223532676697,0.22839485108852386,211353,23,8,False,Right,Front,Centre,Left,77
<_io.BytesIO object at 0x00000245C1D76B30>,0.5789361000061035,0.1324506402015686,0.13626088201999664,211353,23,8,False,Right,Front,Centre,Left,77
<_io.BytesIO object at 0x00000245C1D99CC0>,0.5488962531089783,0.18433597683906555,0.20899924635887146,211353,23,8,False,Right,Front,Centre,Left,77
<_io.BytesIO object at 0x00000245C1D99E50>,0.524219810962677,0.11991787701845169,0.14776086807250977,211353,23,8,False,Right,Front,Centre,Left,77
<_io.BytesIO object at 0x00000245C1D99900>,0.525998592376709,0.08161213248968124,0.1535843312740326,211353,23,8,False,Right,Front,Centre,Left,77
<_io.BytesIO object at 0x00000245C1D99770>,0.8792524337768555,0.04025770351290703,-0.044860634952783585,211353,23,8,False,Right,Front,Centre,Left,77
<_io.BytesIO object at 0x00000245C1D99680>,0.8383831977844238,0.0385480634868145,-0.04475705698132515,211353,23,8,False,Right,Front,Centre,Left,77
<_io.BytesIO object at 0x00000245C1D999F0>,0.9018571972846985,0.004159567411988974,-0.057633865624666214,211353,23,8,False,Right,Front,Centre,Left,77
<_io.BytesIO object at 0x00000245C1D9A6D0>,0.8445609211921692,0.05025862157344818,0.04196915403008461,211353,23,8,False,Right,Front,Centre,Left,77
<_io.BytesIO object at 0x00000245C1D9A540>,0.9299787282943726,0.005190832540392876,0.006167791783809662,211353,23,8,False,Right,Front,Centre,Left,77
<_io.BytesIO object at 0x00000245C1D8D450>,0.5065135359764099,0.09059223532676697,0.22839485108852386,211354,23,8,False,Right,Front,Centre,Left,77
<_io.BytesIO object at 0x00000245C1D8D680>,0.5789361000061035,0.1324506402015686,0.13626088201999664,211354,23,8,False,Right,Front,Centre,Left,77
<_io.BytesIO object at 0x00000245C1D9D900>,0.5488962531089783,0.18433597683906555,0.20899924635887146,211354,23,8,False,Right,Front,Centre,Left,77
<_io.BytesIO object at 0x00000245C1D9D810>,0.524219810962677,0.11991787701845169,0.14776086807250977,211354,23,8,False,Right,Front,Centre,Left,77
<_io.BytesIO object at 0x00000245C1D9DB30>,0.525998592376709,0.08161213248968124,0.1535843312740326,211354,23,8,False,Right,Front,Centre,Left,77
<_io.BytesIO object at 0x00000245C1D9DF90>,0.8792548775672913,0.040264811366796494,-0.04484030231833458,211354,23,8,False,Right,Front,Centre,Left,77
<_io.BytesIO object at 0x00000245C1D9D540>,0.8383986353874207,0.03855111822485924,-0.04477524012327194,211354,23,8,False,Right,Front,Centre,Left,77
<_io.BytesIO object at 0x00000245C1D9D770>,0.9018739461898804,0.004168561659753323,-0.057618025690317154,211354,23,8,False,Right,Front,Centre,Left,77
<_io.BytesIO object at 0x00000245C1D9D180>,0.8445285558700562,0.050249792635440826,0.041978564113378525,211354,23,8,False,Right,Front,Centre,Left,77
<_io.BytesIO object at 0x00000245C1D9D5E0>,0.9299688339233398,0.005207101348787546,0.006166997365653515,211354,23,8,False,Right,Front,Centre,Left,77
<_io.BytesIO object at 0x00000245C1D614F0>,0.5065135359764099,0.09059223532676697,0.22839485108852386,211355,23,8,False,Right,Front,Centre,Left,77
<_io.BytesIO object at 0x00000245C1D617C0>,0.5789361000061035,0.1324506402015686,0.13626088201999664,211355,23,8,False,Right,Front,Centre,Left,77
<_io.BytesIO object at 0x00000245C1D61950>,0.5488962531089783,0.18433597683906555,0.20899924635887146,211355,23,8,False,Right,Front,Centre,Left,77
<_io.BytesIO object at 0x00000245C1D61270>,0.524219810962677,0.11991787701845169,0.14776086807250977,211355,23,8,False,Right,Front,Centre,Left,77
<_io.BytesIO object at 0x00000245C1D03B30>,0.525998592376709,0.08161213248968124,0.1535843312740326,211355,23,8,False,Right,Front,Centre,Left,77
<_io.BytesIO object at 0x00000245C1D03A90>,0.879269003868103,0.04027613252401352,-0.04483942314982414,211355,23,8,False,Right,Front,Centre,Left,77
<_io.BytesIO object at 0x00000245C1D03CC0>,0.8384227752685547,0.03856433182954788,-0.04479731246829033,211355,23,8,False,Right,Front,Centre,Left,77
<_io.BytesIO object at 0x00000245C1D03D60>,0.9018946290016174,0.004172592889517546,-0.05758390203118324,211355,23,8,False,Right,Front,Centre,Left,77
<_io.BytesIO object at 0x00000245C1D037C0>,0.8444764614105225,0.050273358821868896,0.04197944328188896,211355,23,8,False,Right,Front,Centre,Left,77
<_io.BytesIO object at 0x00000245C1D03770>,0.9299636483192444,0.005223937798291445,0.006157906260341406,211355,23,8,False,Right,Front,Centre,Left,77
<_io.BytesIO object at 0x00000245C1D87720>,0.5065135359764099,0.09059223532676697,0.22839485108852386,211356,23,8,False,Right,Front,Centre,Left,77
<_io.BytesIO object at 0x00000245C1D87B80>,0.5789361000061035,0.1324506402015686,0.13626088201999664,211356,23,8,False,Right,Front,Centre,Left,77
<_io.BytesIO object at 0x00000245C1D87C70>,0.5488962531089783,0.18433597683906555,0.20899924635887146,211356,23,8,False,Right,Front,Centre,Left,77
<_io.BytesIO object at 0x00000245C1D87EF0>,0.524219810962677,0.11991787701845169,0.14776086807250977,211356,23,8,False,Right,Front,Centre,Left,77
<_io.BytesIO object at 0x00000245C1D9AA40>,0.525998592376709,0.08161213248968124,0.1535843312740326,211356,23,8,False,Right,Front,Centre,Left,77
<_io.BytesIO object at 0x00000245C1D9A8B0>,0.8792893290519714,0.04027094319462776,-0.044840794056653976,211356,23,8,False,Right,Front,Centre,Left,77
<_io.BytesIO object at 0x00000245C1D9A950>,0.8384350538253784,0.03855932131409645,-0.04482562467455864,211356,23,8,False,Right,Front,Centre,Left,77
<_io.BytesIO object at 0x00000245C1D9A360>,0.9019434452056885,0.004145176149904728,-0.05758608877658844,211356,23,8,False,Right,Front,Centre,Left,77
<_io.BytesIO object at 0x00000245C1D9A5E0>,0.8444623351097107,0.05026732385158539,0.04197991266846657,211356,23,8,False,Right,Front,Centre,Left,77
<_io.BytesIO object at 0x00000245C1D9AD60>,0.9299592971801758,0.005218866281211376,0.006152227520942688,211356,23,8,False,Right,Front,Centre,Left,77
<_io.BytesIO object at 0x00000245C1CFE180>,0.5065135359764099,0.09059223532676697,0.22839485108852386,211357,23,8,False,Right,Front,Centre,Left,77
<_io.BytesIO object at 0x00000245C1CFE770>,0.5789361000061035,0.1324506402015686,0.13626088201999664,211357,23,8,False,Right,Front,Centre,Left,77
<_io.BytesIO object at 0x00000245C1CFE2C0>,0.5488962531089783,0.18433597683906555,0.20899924635887146,211357,23,8,False,Right,Front,Centre,Left,77
<_io.BytesIO object at 0x00000245C1CFE860>,0.524219810962677,0.11991787701845169,0.14776086807250977,211357,23,8,False,Right,Front,Centre,Left,77
<_io.BytesIO object at 0x00000245C1CF8900>,0.525998592376709,0.08161213248968124,0.1535843312740326,211357,23,8,False,Right,Front,Centre,Left,77
<_io.BytesIO object at 0x00000245C1CF8F40>,0.8793062567710876,0.04026464745402336,-0.044839486479759216,211357,23,8,False,Right,Front,Centre,Left,77
<_io.BytesIO object at 0x00000245C1CF8EA0>,0.8384506106376648,0.03854385390877724,-0.04485926032066345,211357,23,8,False,Right,Front,Centre,Left,77
<_io.BytesIO object at 0x00000245C1CF8630>,0.9019543528556824,0.00412703724578023,-0.05758531764149666,211357,23,8,False,Right,Front,Centre,Left,77
<_io.BytesIO object at 0x00000245C1CF8C70>,0.8444607853889465,0.0502355694770813,0.041968002915382385,211357,23,8,False,Right,Front,Centre,Left,77
<_io.BytesIO object at 0x00000245C1CF8B30>,0.9299559593200684,0.005224846303462982,0.006151171401143074,211357,23,8,False,Right,Front,Centre,Left,77
<_io.BytesIO object at 0x00000245C1DD1AE0>,0.5065135359764099,0.09059223532676697,0.22839485108852386,211358,23,8,False,Right,Front,Centre,Left,77
<_io.BytesIO object at 0x00000245C1D0C720>,0.5789361000061035,0.1324506402015686,0.13626088201999664,211358,23,8,False,Right,Front,Centre,Left,77
<_io.BytesIO object at 0x00000245C1D0C860>,0.5488962531089783,0.18433597683906555,0.20899924635887146,211358,23,8,False,Right,Front,Centre,Left,77
<_io.BytesIO object at 0x00000245C1D0C950>,0.524219810962677,0.11991787701845169,0.14776086807250977,211358,23,8,False,Right,Front,Centre,Left,77
<_io.BytesIO object at 0x00000245C1D0C900>,0.525998592376709,0.08161213248968124,0.1535843312740326,211358,23,8,False,Right,Front,Centre,Left,77
<_io.BytesIO object at 0x00000245C1D66810>,0.8793230056762695,0.04026637226343155,-0.04482763260602951,211358,23,8,False,Right,Front,Centre,Left,77
<_io.BytesIO object at 0x00000245C1D66450>,0.8384763598442078,0.03854234516620636,-0.04487565904855728,211358,23,8,False,Right,Front,Centre,Left,77
<_io.BytesIO object at 0x00000245C1D66E50>,0.9020040035247803,0.00414676871150732,-0.05749375373125076,211358,23,8,False,Right,Front,Centre,Left,77
<_io.BytesIO object at 0x00000245C1D66180>,0.8444163203239441,0.050211355090141296,0.041946008801460266,211358,23,8,False,Right,Front,Centre,Left,77
<_io.BytesIO object at 0x00000245C1D66360>,0.9299593567848206,0.005242058075964451,0.006161660421639681,211358,23,8,False,Right,Front,Centre,Left,77
<_io.BytesIO object at 0x00000245C1D66770>,0.5065135359764099,0.09059223532676697,0.22839485108852386,211359,23,8,False,Right,Front,Centre,Left,77
<_io.BytesIO object at 0x00000245C1D0C0E0>,0.5789361000061035,0.1324506402015686,0.13626088201999664,211359,23,8,False,Right,Front,Centre,Left,77
<_io.BytesIO object at 0x00000245C1D0C1D0>,0.5488962531089783,0.18433597683906555,0.20899924635887146,211359,23,8,False,Right,Front,Centre,Left,77
<_io.BytesIO object at 0x00000245C1D0C310>,0.524219810962677,0.11991787701845169,0.14776086807250977,211359,23,8,False,Right,Front,Centre,Left,77
<_io.BytesIO object at 0x00000245C1D0C4F0>,0.525998592376709,0.08161213248968124,0.1535843312740326,211359,23,8,False,Right,Front,Centre,Left,77
<_io.BytesIO object at 0x00000245C1DD1AE0>,0.8793310523033142,0.040273405611515045,-0.04481599107384682,211359,23,8,False,Right,Front,Centre,Left,77
<_io.BytesIO object at 0x00000245C1DD19F0>,0.8384922742843628,0.038541801273822784,-0.04489743337035179,211359,23,8,False,Right,Front,Centre,Left,77
<_io.BytesIO object at 0x00000245C1DD1A90>,0.9020248651504517,0.004149680491536856,-0.05744681879878044,211359,23,8,False,Right,Front,Centre,Left,77
<_io.BytesIO object at 0x00000245C1DD1950>,0.8443807363510132,0.05019412562251091,0.04194192960858345,211359,23,8,False,Right,Front,Centre,Left,77
<_io.BytesIO object at 0x00000245C1DD17C0>,0.9299489259719849,0.005264481529593468,0.006198037415742874,211359,23,8,False,Right,Front,Centre,Left,77
<_io.BytesIO object at 0x00000245C1CF8900>,0.5065135359764099,0.09059223532676697,0.22839485108852386,211360,23,8,False,Right,Front,Centre,Left,77
<_io.BytesIO object at 0x00000245C1CFEF90>,0.5789361000061035,0.1324506402015686,0.13626088201999664,211360,23,8,False,Right,Front,Centre,Left,77
<_io.BytesIO object at 0x00000245C1CFECC0>,0.5488962531089783,0.18433597683906555,0.20899924635887146,211360,23,8,False,Right,Front,Centre,Left,77
<_io.BytesIO object at 0x00000245C1CFED60>,0.524219810962677,0.11991787701845169,0.14776086807250977,211360,23,8,False,Right,Front,Centre,Left,77
<_io.BytesIO object at 0x00000245C1CFE590>,0.525998592376709,0.08161213248968124,0.1535843312740326,211360,23,8,False,Right,Front,Centre,Left,77
<_io.BytesIO object at 0x00000245C1CFEAE0>,0.8793336153030396,0.040289562195539474,-0.044798944145441055,211360,23,8,False,Right,Front,Centre,Left,77
<_io.BytesIO object at 0x00000245C1D76450>,0.838498055934906,0.038544196635484695,-0.04491773247718811,211360,23,8,False,Right,Front,Centre,Left,77
<_io.BytesIO object at 0x00000245C1D76EF0>,0.9020572304725647,0.004175929352641106,-0.05739165097475052,211360,23,8,False,Right,Front,Centre,Left,77
<_io.BytesIO object at 0x00000245C1D76540>,0.8443394899368286,0.050175487995147705,0.041953347623348236,211360,23,8,False,Right,Front,Centre,Left,77
<_io.BytesIO object at 0x00000245C1D76DB0>,0.9299553632736206,0.005282198544591665,0.0062197730876505375,211360,23,8,False,Right,Front,Centre,Left,77
<_io.BytesIO object at 0x00000245C1D9A9F0>,0.5065135359764099,0.09059223532676697,0.22839485108852386,211361,23,8,False,Right,Front,Centre,Left,77
<_io.BytesIO object at 0x00000245C1D87A90>,0.5789361000061035,0.1324506402015686,0.13626088201999664,211361,23,8,False,Right,Front,Centre,Left,77
<_io.BytesIO object at 0x00000245C1D875E0>,0.5488962531089783,0.18433597683906555,0.20899924635887146,211361,23,8,False,Right,Front,Centre,Left,77
<_io.BytesIO object at 0x00000245C1D87090>,0.524219810962677,0.11991787701845169,0.14776086807250977,211361,23,8,False,Right,Front,Centre,Left,77
<_io.BytesIO object at 0x00000245C1D877C0>,0.525998592376709,0.08161213248968124,0.1535843312740326,211361,23,8,False,Right,Front,Centre,Left,77
<_io.BytesIO object at 0x00000245C1D87220>,0.8793455362319946,0.04029874876141548,-0.04476849362254143,211361,23,8,False,Right,Front,Centre,Left,77
<_io.BytesIO object at 0x00000245C1D8D6D0>,0.8385058641433716,0.038555633276700974,-0.04492844268679619,211361,23,8,False,Right,Front,Centre,Left,77
<_io.BytesIO object at 0x00000245C1D8DEA0>,0.9020626544952393,0.004175256006419659,-0.05736713111400604,211361,23,8,False,Right,Front,Centre,Left,77
<_io.BytesIO object at 0x00000245C1D8D0E0>,0.8442660570144653,0.050188761204481125,0.04196527227759361,211361,23,8,False,Right,Front,Centre,Left,77
<_io.BytesIO object at 0x00000245C1D8D180>,0.9299497008323669,0.005314227659255266,0.006231154780834913,211361,23,8,False,Right,Front,Centre,Left,77
<_io.BytesIO object at 0x00000245C1D03EF0>,0.5065135359764099,0.09059223532676697,0.22839485108852386,211362,23,8,False,Right,Front,Centre,Left,77
<_io.BytesIO object at 0x00000245C1D61360>,0.5789361000061035,0.1324506402015686,0.13626088201999664,211362,23,8,False,Right,Front,Centre,Left,77
<_io.BytesIO object at 0x00000245C1D03B80>,0.5488962531089783,0.18433597683906555,0.20899924635887146,211362,23,8,False,Right,Front,Centre,Left,77
<_io.BytesIO object at 0x00000245C1D03400>,0.524219810962677,0.11991787701845169,0.14776086807250977,211362,23,8,False,Right,Front,Centre,Left,77
<_io.BytesIO object at 0x00000245C1D039F0>,0.525998592376709,0.08161213248968124,0.1535843312740326,211362,23,8,False,Right,Front,Centre,Left,77
<_io.BytesIO object at 0x00000245C1D03310>,0.8793413043022156,0.04031849279999733,-0.0447382889688015,211362,23,8,False,Right,Front,Centre,Left,77
<_io.BytesIO object at 0x00000245C1D03720>,0.8385147452354431,0.038559384644031525,-0.04494626075029373,211362,23,8,False,Right,Front,Centre,Left,77
<_io.BytesIO object at 0x00000245C1D035E0>,0.9020885229110718,0.004215497523546219,-0.05728307366371155,211362,23,8,False,Right,Front,Centre,Left,77
<_io.BytesIO object at 0x00000245C1D03E50>,0.8442183136940002,0.05019025504589081,0.04196321964263916,211362,23,8,False,Right,Front,Centre,Left,77
<_io.BytesIO object at 0x00000245C1D031D0>,0.9299299120903015,0.005337943322956562,0.006233240477740765,211362,23,8,False,Right,Front,Centre,Left,77
<_io.BytesIO object at 0x00000245C1D87720>,0.5065135359764099,0.09059223532676697,0.22839485108852386,211363,23,8,False,Right,Front,Centre,Left,77
<_io.BytesIO object at 0x00000245C1D871D0>,0.5789361000061035,0.1324506402015686,0.13626088201999664,211363,23,8,False,Right,Front,Centre,Left,77
<_io.BytesIO object at 0x00000245C1D9A4F0>,0.5488962531089783,0.18433597683906555,0.20899924635887146,211363,23,8,False,Right,Front,Centre,Left,77
<_io.BytesIO object at 0x00000245C1D9A180>,0.524219810962677,0.11991787701845169,0.14776086807250977,211363,23,8,False,Right,Front,Centre,Left,77
<_io.BytesIO object at 0x00000245C1D9AA90>,0.525998592376709,0.08161213248968124,0.1535843312740326,211363,23,8,False,Right,Front,Centre,Left,77
<_io.BytesIO object at 0x00000245C1D9AD10>,0.8793336749076843,0.0403306744992733,-0.04471806064248085,211363,23,8,False,Right,Front,Centre,Left,77
<_io.BytesIO object at 0x00000245C1D9A3B0>,0.8385171294212341,0.03858343884348869,-0.044943079352378845,211363,23,8,False,Right,Front,Centre,Left,77
<_io.BytesIO object at 0x00000245C1D9A540>,0.9020994305610657,0.004217598587274551,-0.05727046728134155,211363,23,8,False,Right,Front,Centre,Left,77
<_io.BytesIO object at 0x00000245C1D9A040>,0.8441813588142395,0.05019554868340492,0.041980817914009094,211363,23,8,False,Right,Front,Centre,Left,77
<_io.BytesIO object at 0x00000245C1D99180>,0.9299120903015137,0.005355773027986288,0.006234194152057171,211363,23,8,False,Right,Front,Centre,Left,77
<_io.BytesIO object at 0x00000245C1CFE770>,0.5065135359764099,0.09059223532676697,0.22839485108852386,211364,23,8,False,Right,Front,Centre,Left,77
<_io.BytesIO object at 0x00000245C1CFE310>,0.5789361000061035,0.1324506402015686,0.13626088201999664,211364,23,8,False,Right,Front,Centre,Left,77
<_io.BytesIO object at 0x00000245C1CF8770>,0.5488962531089783,0.18433597683906555,0.20899924635887146,211364,23,8,False,Right,Front,Centre,Left,77
<_io.BytesIO object at 0x00000245C1CF84F0>,0.524219810962677,0.11991787701845169,0.14776086807250977,211364,23,8,False,Right,Front,Centre,Left,77
<_io.BytesIO object at 0x00000245C1CF86D0>,0.525998592376709,0.08161213248968124,0.1535843312740326,211364,23,8,False,Right,Front,Centre,Left,77
<_io.BytesIO object at 0x00000245C1CF8810>,0.8793341517448425,0.04035038501024246,-0.04469656944274902,211364,23,8,False,Right,Front,Centre,Left,77
<_io.BytesIO object at 0x00000245C1CF8680>,0.8385077118873596,0.03860587999224663,-0.04493581876158714,211364,23,8,False,Right,Front,Centre,Left,77
<_io.BytesIO object at 0x00000245C1CF8AE0>,0.9021106362342834,0.0042752791196107864,-0.057177260518074036,211364,23,8,False,Right,Front,Centre,Left,77
<_io.BytesIO object at 0x00000245C1D68E50>,0.8441487550735474,0.0501902811229229,0.04199940711259842,211364,23,8,False,Right,Front,Centre,Left,77
<_io.BytesIO object at 0x00000245C1D68130>,0.9299015998840332,0.005379662849009037,0.006247542332857847,211364,23,8,False,Right,Front,Centre,Left,77
<_io.BytesIO object at 0x00000245C1D0CBD0>,0.5065135359764099,0.09059223532676697,0.22839485108852386,211365,23,8,False,Right,Front,Centre,Left,77
<_io.BytesIO object at 0x00000245C1D0C130>,0.5789361000061035,0.1324506402015686,0.13626088201999664,211365,23,8,False,Right,Front,Centre,Left,77
<_io.BytesIO object at 0x00000245C1D66630>,0.5488962531089783,0.18433597683906555,0.20899924635887146,211365,23,8,False,Right,Front,Centre,Left,77
<_io.BytesIO object at 0x00000245C1D669F0>,0.524219810962677,0.11991787701845169,0.14776086807250977,211365,23,8,False,Right,Front,Centre,Left,77
<_io.BytesIO object at 0x00000245C1D66BD0>,0.525998592376709,0.08161213248968124,0.1535843312740326,211365,23,8,False,Right,Front,Centre,Left,77
<_io.BytesIO object at 0x00000245C1D669A0>,0.879321813583374,0.04037272557616234,-0.044667214155197144,211365,23,8,False,Right,Front,Centre,Left,77
<_io.BytesIO object at 0x00000245C1D66CC0>,0.838499128818512,0.03862588852643967,-0.044925056397914886,211365,23,8,False,Right,Front,Centre,Left,77
<_io.BytesIO object at 0x00000245C1D66E50>,0.9021120071411133,0.0042952727526426315,-0.05713802948594093,211365,23,8,False,Right,Front,Centre,Left,77
<_io.BytesIO object at 0x00000245C1D66590>,0.8441094756126404,0.050191279500722885,0.04202713817358017,211365,23,8,False,Right,Front,Centre,Left,77
<_io.BytesIO object at 0x00000245B9A35270>,0.929886519908905,0.005406382028013468,0.006271126214414835,211365,23,8,False,Right,Front,Centre,Left,77
<_io.BytesIO object at 0x00000245C1D619F0>,0.5065135359764099,0.09059223532676697,0.22839485108852386,211366,23,8,False,Right,Front,Centre,Left,77
<_io.BytesIO object at 0x00000245C1D665E0>,0.5789361000061035,0.1324506402015686,0.13626088201999664,211366,23,8,False,Right,Front,Centre,Left,77
<_io.BytesIO object at 0x00000245C1D66BD0>,0.5488962531089783,0.18433597683906555,0.20899924635887146,211366,23,8,False,Right,Front,Centre,Left,77
<_io.BytesIO object at 0x00000245C1D66130>,0.524219810962677,0.11991787701845169,0.14776086807250977,211366,23,8,False,Right,Front,Centre,Left,77
<_io.BytesIO object at 0x00000245C1D66900>,0.525998592376709,0.08161213248968124,0.1535843312740326,211366,23,8,False,Right,Front,Centre,Left,77
<_io.BytesIO object at 0x00000245C1D66090>,0.8793138265609741,0.04036892578005791,-0.04465238004922867,211366,23,8,False,Right,Front,Centre,Left,77
<_io.BytesIO object at 0x00000245C1D0CB80>,0.8384812474250793,0.0386233776807785,-0.04493113234639168,211366,23,8,False,Right,Front,Centre,Left,77
<_io.BytesIO object at 0x00000245C1D0C950>,0.902095377445221,0.004386050160974264,-0.05698411166667938,211366,23,8,False,Right,Front,Centre,Left,77
<_io.BytesIO object at 0x00000245C1D0CA90>,0.8440743684768677,0.05017976835370064,0.04204350337386131,211366,23,8,False,Right,Front,Centre,Left,77
<_io.BytesIO object at 0x00000245C1D0CCC0>,0.9298699498176575,0.005418307613581419,0.006282820366322994,211366,23,8,False,Right,Front,Centre,Left,77
<_io.BytesIO object at 0x00000245C1D68E50>,0.5065135359764099,0.09059223532676697,0.22839485108852386,211367,23,8,False,Right,Front,Centre,Left,77
<_io.BytesIO object at 0x00000245C1CF8AE0>,0.5789361000061035,0.1324506402015686,0.13626088201999664,211367,23,8,False,Right,Front,Centre,Left,77
<_io.BytesIO object at 0x00000245C1CF8C70>,0.5488962531089783,0.18433597683906555,0.20899924635887146,211367,23,8,False,Right,Front,Centre,Left,77
<_io.BytesIO object at 0x00000245C1CF84F0>,0.524219810962677,0.11991787701845169,0.14776086807250977,211367,23,8,False,Right,Front,Centre,Left,77
<_io.BytesIO object at 0x00000245C1CF82C0>,0.525998592376709,0.08161213248968124,0.1535843312740326,211367,23,8,False,Right,Front,Centre,Left,77
<_io.BytesIO object at 0x00000245C1CF8090>,0.8792908787727356,0.04036789759993553,-0.044645488262176514,211367,23,8,False,Right,Front,Centre,Left,77
<_io.BytesIO object at 0x00000245C1CFE770>,0.8384628891944885,0.038618817925453186,-0.044944994151592255,211367,23,8,False,Right,Front,Centre,Left,77
<_io.BytesIO object at 0x00000245C1CFEB30>,0.9020813703536987,0.004377959296107292,-0.05696677789092064,211367,23,8,False,Right,Front,Centre,Left,77
<_io.BytesIO object at 0x00000245C1CFE5E0>,0.8440417051315308,0.05016319453716278,0.04204259440302849,211367,23,8,False,Right,Front,Centre,Left,77
<_io.BytesIO object at 0x00000245C1CFE3B0>,0.9298520684242249,0.005436636973172426,0.0062835304997861385,211367,23,8,False,Right,Front,Centre,Left,77
<_io.BytesIO object at 0x00000245C1D99EA0>,0.5065135359764099,0.09059223532676697,0.22839485108852386,211368,23,8,False,Right,Front,Centre,Left,77
<_io.BytesIO object at 0x00000245C1D9A6D0>,0.5789361000061035,0.1324506402015686,0.13626088201999664,211368,23,8,False,Right,Front,Centre,Left,77
<_io.BytesIO object at 0x00000245C1D9AA90>,0.5488962531089783,0.18433597683906555,0.20899924635887146,211368,23,8,False,Right,Front,Centre,Left,77
<_io.BytesIO object at 0x00000245C1D9A7C0>,0.524219810962677,0.11991787701845169,0.14776086807250977,211368,23,8,False,Right,Front,Centre,Left,77
<_io.BytesIO object at 0x00000245C1D9AA40>,0.525998592376709,0.08161213248968124,0.1535843312740326,211368,23,8,False,Right,Front,Centre,Left,77
<_io.BytesIO object at 0x00000245C1D87900>,0.8792750835418701,0.04036504402756691,-0.04465094208717346,211368,23,8,False,Right,Front,Centre,Left,77
<_io.BytesIO object at 0x00000245C1D87540>,0.8384369611740112,0.03861210495233536,-0.0449402742087841,211368,23,8,False,Right,Front,Centre,Left,77
<_io.BytesIO object at 0x00000245C1D87680>,0.9020775556564331,0.004377026576548815,-0.05693938210606575,211368,23,8,False,Right,Front,Centre,Left,77
<_io.BytesIO object at 0x00000245C1D87B80>,0.8440080881118774,0.050139766186475754,0.04204350709915161,211368,23,8,False,Right,Front,Centre,Left,77
<_io.BytesIO object at 0x00000245C1D87130>,0.9298396110534668,0.005453118588775396,0.006272878963500261,211368,23,8,False,Right,Front,Centre,Left,77
<_io.BytesIO object at 0x00000245C1D9D0E0>,0.5065135359764099,0.09059223532676697,0.22839485108852386,211369,23,8,False,Right,Front,Centre,Left,77
<_io.BytesIO object at 0x00000245C1D03A40>,0.5789361000061035,0.1324506402015686,0.13626088201999664,211369,23,8,False,Right,Front,Centre,Left,77
<_io.BytesIO object at 0x00000245C1D03720>,0.5488962531089783,0.18433597683906555,0.20899924635887146,211369,23,8,False,Right,Front,Centre,Left,77
<_io.BytesIO object at 0x00000245C1D03D10>,0.524219810962677,0.11991787701845169,0.14776086807250977,211369,23,8,False,Right,Front,Centre,Left,77
<_io.BytesIO object at 0x00000245C1D03D60>,0.525998592376709,0.08161213248968124,0.1535843312740326,211369,23,8,False,Right,Front,Centre,Left,77
<_io.BytesIO object at 0x00000245C1D038B0>,0.87926185131073,0.04038028046488762,-0.044641684740781784,211369,23,8,False,Right,Front,Centre,Left,77
<_io.BytesIO object at 0x00000245C1D86680>,0.8384254574775696,0.038625191897153854,-0.04493304714560509,211369,23,8,False,Right,Front,Centre,Left,77
<_io.BytesIO object at 0x00000245C1D86AE0>,0.902036190032959,0.004392683040350676,-0.056913651525974274,211369,23,8,False,Right,Front,Centre,Left,77
<_io.BytesIO object at 0x00000245C1D86900>,0.8439175486564636,0.050071075558662415,0.04190240800380707,211369,23,8,False,Right,Front,Centre,Left,77
<_io.BytesIO object at 0x00000245C1D86450>,0.9298255443572998,0.005483450833708048,0.0062636625953018665,211369,23,8,False,Right,Front,Centre,Left,77
<_io.BytesIO object at 0x00000245C1D8D4F0>,0.5065135359764099,0.09059223532676697,0.22839485108852386,211370,23,8,False,Right,Front,Centre,Left,77
<_io.BytesIO object at 0x00000245C1D8D860>,0.5789361000061035,0.1324506402015686,0.13626088201999664,211370,23,8,False,Right,Front,Centre,Left,77
<_io.BytesIO object at 0x00000245C1D877C0>,0.5488962531089783,0.18433597683906555,0.20899924635887146,211370,23,8,False,Right,Front,Centre,Left,77
<_io.BytesIO object at 0x00000245C1D87810>,0.524219810962677,0.11991787701845169,0.14776086807250977,211370,23,8,False,Right,Front,Centre,Left,77
<_io.BytesIO object at 0x00000245C1D874F0>,0.525998592376709,0.08161213248968124,0.1535843312740326,211370,23,8,False,Right,Front,Centre,Left,77
<_io.BytesIO object at 0x00000245C1D87A40>,0.8792205452919006,0.04043002799153328,-0.04457542300224304,211370,23,8,False,Right,Front,Centre,Left,77
<_io.BytesIO object at 0x00000245C1D87EF0>,0.8384114503860474,0.038639262318611145,-0.04493607580661774,211370,23,8,False,Right,Front,Centre,Left,77
<_io.BytesIO object at 0x00000245C1D87CC0>,0.9020305275917053,0.0044344221241772175,-0.05687220022082329,211370,23,8,False,Right,Front,Centre,Left,77
<_io.BytesIO object at 0x00000245C1D9A950>,0.8439027667045593,0.050118617713451385,0.04202968254685402,211370,23,8,False,Right,Front,Centre,Left,77
<_io.BytesIO object at 0x00000245C1D9AA40>,0.9298071265220642,0.005582443438470364,0.006203686818480492,211370,23,8,False,Right,Front,Centre,Left,77
<_io.BytesIO object at 0x00000245C1D76EF0>,0.5065135359764099,0.09059223532676697,0.22839485108852386,211371,23,8,False,Right,Front,Centre,Left,77
<_io.BytesIO object at 0x00000245C1CFEC20>,0.5789361000061035,0.1324506402015686,0.13626088201999664,211371,23,8,False,Right,Front,Centre,Left,77
<_io.BytesIO object at 0x00000245C1CFE950>,0.5488962531089783,0.18433597683906555,0.20899924635887146,211371,23,8,False,Right,Front,Centre,Left,77
<_io.BytesIO object at 0x00000245C1CFEF40>,0.524219810962677,0.11991787701845169,0.14776086807250977,211371,23,8,False,Right,Front,Centre,Left,77
<_io.BytesIO object at 0x00000245C1CFE540>,0.525998592376709,0.08161213248968124,0.1535843312740326,211371,23,8,False,Right,Front,Centre,Left,77
<_io.BytesIO object at 0x00000245C1CFE860>,0.8791999220848083,0.04045237973332405,-0.0445624440908432,211371,23,8,False,Right,Front,Centre,Left,77
<_io.BytesIO object at 0x00000245C1CFE450>,0.8383935689926147,0.038665521889925,-0.04493280127644539,211371,23,8,False,Right,Front,Centre,Left,77
<_io.BytesIO object at 0x00000245C1CF8B80>,0.9020398259162903,0.004453003406524658,-0.056861963123083115,211371,23,8,False,Right,Front,Centre,Left,77
<_io.BytesIO object at 0x00000245C1CF8900>,0.8438376188278198,0.050118338316679,0.04201134666800499,211371,23,8,False,Right,Front,Centre,Left,77
<_io.BytesIO object at 0x00000245C1CF82C0>,0.9298073649406433,0.0056350864470005035,0.006212328560650349,211371,23,8,False,Right,Front,Centre,Left,77
<_io.BytesIO object at 0x00000245C1DD1950>,0.5065135359764099,0.09059223532676697,0.22839485108852386,211372,23,8,False,Right,Front,Centre,Left,77
<_io.BytesIO object at 0x00000245C1DD1AE0>,0.5789361000061035,0.1324506402015686,0.13626088201999664,211372,23,8,False,Right,Front,Centre,Left,77
<_io.BytesIO object at 0x00000245C1D0C8B0>,0.5488962531089783,0.18433597683906555,0.20899924635887146,211372,23,8,False,Right,Front,Centre,Left,77
<_io.BytesIO object at 0x00000245C1D0CD60>,0.524219810962677,0.11991787701845169,0.14776086807250977,211372,23,8,False,Right,Front,Centre,Left,77
<_io.BytesIO object at 0x00000245C1D0C770>,0.525998592376709,0.08161213248968124,0.1535843312740326,211372,23,8,False,Right,Front,Centre,Left,77
<_io.BytesIO object at 0x00000245C1D0CA40>,0.8792029619216919,0.04045777767896652,-0.04455931857228279,211372,23,8,False,Right,Front,Centre,Left,77
<_io.BytesIO object at 0x00000245C1D0C860>,0.838394284248352,0.03868289291858673,-0.044967737048864365,211372,23,8,False,Right,Front,Centre,Left,77
<_io.BytesIO object at 0x00000245C1D0C130>,0.9020304083824158,0.004463870078325272,-0.05686703324317932,211372,23,8,False,Right,Front,Centre,Left,77
<_io.BytesIO object at 0x00000245C1D66F90>,0.843805730342865,0.050105415284633636,0.04201400652527809,211372,23,8,False,Right,Front,Centre,Left,77
<_io.BytesIO object at 0x00000245C1D66CC0>,0.9298054575920105,0.005658678710460663,0.006235024426132441,211372,23,8,False,Right,Front,Centre,Left,77
<_io.BytesIO object at 0x00000245C1D86220>,0.5065135359764099,0.09059223532676697,0.22839485108852386,211373,23,8,False,Right,Front,Centre,Left,77
<_io.BytesIO object at 0x00000245C1D86180>,0.5789361000061035,0.1324506402015686,0.13626088201999664,211373,23,8,False,Right,Front,Centre,Left,77
<_io.BytesIO object at 0x00000245C1D86B30>,0.5488962531089783,0.18433597683906555,0.20899924635887146,211373,23,8,False,Right,Front,Centre,Left,77
<_io.BytesIO object at 0x00000245C1D86360>,0.524219810962677,0.11991787701845169,0.14776086807250977,211373,23,8,False,Right,Front,Centre,Left,77
<_io.BytesIO object at 0x00000245C1D86540>,0.525998592376709,0.08161213248968124,0.1535843312740326,211373,23,8,False,Right,Front,Centre,Left,77
<_io.BytesIO object at 0x00000245C1D86680>,0.8791964054107666,0.04046883061528206,-0.04454701021313667,211373,23,8,False,Right,Front,Centre,Left,77
<_io.BytesIO object at 0x00000245C1D61400>,0.8383883833885193,0.0387013740837574,-0.04498622938990593,211373,23,8,False,Right,Front,Centre,Left,77
<_io.BytesIO object at 0x00000245C1D61220>,0.9020305871963501,0.00447531882673502,-0.0568760447204113,211373,23,8,False,Right,Front,Centre,Left,77
<_io.BytesIO object at 0x00000245C1D61180>,0.84373939037323,0.05005413666367531,0.04199623689055443,211373,23,8,False,Right,Front,Centre,Left,77
<_io.BytesIO object at 0x00000245C1D61270>,0.9297980070114136,0.005679021123796701,0.006230812985450029,211373,23,8,False,Right,Front,Centre,Left,77
<_io.BytesIO object at 0x00000245C1D0C180>,0.5065135359764099,0.09059223532676697,0.22839485108852386,211374,23,8,False,Right,Front,Centre,Left,77
<_io.BytesIO object at 0x00000245C1DD1450>,0.5789361000061035,0.1324506402015686,0.13626088201999664,211374,23,8,False,Right,Front,Centre,Left,77
<_io.BytesIO object at 0x00000245C1DD1F40>,0.5488962531089783,0.18433597683906555,0.20899924635887146,211374,23,8,False,Right,Front,Centre,Left,77
<_io.BytesIO object at 0x00000245C1DD1360>,0.524219810962677,0.11991787701845169,0.14776086807250977,211374,23,8,False,Right,Front,Centre,Left,77
<_io.BytesIO object at 0x00000245BEF44A90>,0.525998592376709,0.08161213248968124,0.1535843312740326,211374,23,8,False,Right,Front,Centre,Left,77
<_io.BytesIO object at 0x00000245BEF3CA40>,0.8791839480400085,0.04048726335167885,-0.0445420928299427,211374,23,8,False,Right,Front,Centre,Left,77
<_io.BytesIO object at 0x00000245C1D682C0>,0.8383688926696777,0.03871496394276619,-0.04500765725970268,211374,23,8,False,Right,Front,Centre,Left,77
<_io.BytesIO object at 0x00000245C1D68180>,0.9020276069641113,0.0044979252852499485,-0.0568561889231205,211374,23,8,False,Right,Front,Centre,Left,77
<_io.BytesIO object at 0x00000245C1D68590>,0.8436910510063171,0.049960412085056305,0.04188106209039688,211374,23,8,False,Right,Front,Centre,Left,77
<_io.BytesIO object at 0x00000245C1D68B80>,0.9297831058502197,0.005694531369954348,0.006214235909283161,211374,23,8,False,Right,Front,Centre,Left,77
<_io.BytesIO object at 0x00000245C1CFED10>,0.5065135359764099,0.09059223532676697,0.22839485108852386,211375,23,8,False,Right,Front,Centre,Left,77
<_io.BytesIO object at 0x00000245C1D764F0>,0.5789361000061035,0.1324506402015686,0.13626088201999664,211375,23,8,False,Right,Front,Centre,Left,77
<_io.BytesIO object at 0x00000245C1D76400>,0.5488962531089783,0.18433597683906555,0.20899924635887146,211375,23,8,False,Right,Front,Centre,Left,77
<_io.BytesIO object at 0x00000245C1D76310>,0.524219810962677,0.11991787701845169,0.14776086807250977,211375,23,8,False,Right,Front,Centre,Left,77
<_io.BytesIO object at 0x00000245C1D76A90>,0.525998592376709,0.08161213248968124,0.1535843312740326,211375,23,8,False,Right,Front,Centre,Left,77
<_io.BytesIO object at 0x00000245C1D999A0>,0.8791689872741699,0.04050531983375549,-0.044538114219903946,211375,23,8,False,Right,Front,Centre,Left,77
<_io.BytesIO object at 0x00000245C1D99860>,0.8383251428604126,0.03876218572258949,-0.04499432072043419,211375,23,8,False,Right,Front,Centre,Left,77
<_io.BytesIO object at 0x00000245C1D99F40>,0.9020257592201233,0.0045058391988277435,-0.05686558783054352,211375,23,8,False,Right,Front,Centre,Left,77
<_io.BytesIO object at 0x00000245C1D99770>,0.8436414003372192,0.04992653802037239,0.04186749458312988,211375,23,8,False,Right,Front,Centre,Left,77
<_io.BytesIO object at 0x00000245C1D99900>,0.929711103439331,0.005670354701578617,0.0061440677382051945,211375,23,8,False,Right,Front,Centre,Left,77
<_io.BytesIO object at 0x00000245C1D876D0>,0.5065135359764099,0.09059223532676697,0.22839485108852386,211376,23,8,False,Right,Front,Centre,Left,77
<_io.BytesIO object at 0x00000245C1D87810>,0.5789361000061035,0.1324506402015686,0.13626088201999664,211376,23,8,False,Right,Front,Centre,Left,77
<_io.BytesIO object at 0x00000245C1D870E0>,0.5488962531089783,0.18433597683906555,0.20899924635887146,211376,23,8,False,Right,Front,Centre,Left,77
<_io.BytesIO object at 0x00000245C1D9D630>,0.524219810962677,0.11991787701845169,0.14776086807250977,211376,23,8,False,Right,Front,Centre,Left,77
<_io.BytesIO object at 0x00000245C1D9DC70>,0.525998592376709,0.08161213248968124,0.1535843312740326,211376,23,8,False,Right,Front,Centre,Left,77
<_io.BytesIO object at 0x00000245C1D9DF40>,0.8791590332984924,0.040520645678043365,-0.04452849179506302,211376,23,8,False,Right,Front,Centre,Left,77
<_io.BytesIO object at 0x00000245C1D9D360>,0.8383232951164246,0.038776226341724396,-0.045020654797554016,211376,23,8,False,Right,Front,Centre,Left,77
<_io.BytesIO object at 0x00000245C1D9D8B0>,0.9020118713378906,0.004540682304650545,-0.056861408054828644,211376,23,8,False,Right,Front,Centre,Left,77
<_io.BytesIO object at 0x00000245C1D9D810>,0.8435782194137573,0.04988507926464081,0.04188895225524902,211376,23,8,False,Right,Front,Centre,Left,77
<_io.BytesIO object at 0x00000245C1D9DD10>,0.9296578764915466,0.005646302364766598,0.0060662017203867435,211376,23,8,False,Right,Front,Centre,Left,77
<_io.BytesIO object at 0x00000245C1D87D60>,0.5065135359764099,0.09059223532676697,0.22839485108852386,211377,23,8,False,Right,Front,Centre,Left,77
<_io.BytesIO object at 0x00000245C1D8D540>,0.5789361000061035,0.1324506402015686,0.13626088201999664,211377,23,8,False,Right,Front,Centre,Left,77
<_io.BytesIO object at 0x00000245C1D8D1D0>,0.5488962531089783,0.18433597683906555,0.20899924635887146,211377,23,8,False,Right,Front,Centre,Left,77
<_io.BytesIO object at 0x00000245C1D8DBD0>,0.524219810962677,0.11991787701845169,0.14776086807250977,211377,23,8,False,Right,Front,Centre,Left,77
<_io.BytesIO object at 0x00000245C1D8D360>,0.525998592376709,0.08161213248968124,0.1535843312740326,211377,23,8,False,Right,Front,Centre,Left,77
<_io.BytesIO object at 0x00000245C1D8DC20>,0.8791466355323792,0.04054930806159973,-0.044501908123493195,211377,23,8,False,Right,Front,Centre,Left,77
<_io.BytesIO object at 0x00000245C1D8D270>,0.8382998704910278,0.03880634158849716,-0.0450332835316658,211377,23,8,False,Right,Front,Centre,Left,77
<_io.BytesIO object at 0x00000245C1D9A8B0>,0.9020095467567444,0.004564155358821154,-0.056851595640182495,211377,23,8,False,Right,Front,Centre,Left,77
<_io.BytesIO object at 0x00000245C1D9AF90>,0.843521237373352,0.04980257526040077,0.04190893471240997,211377,23,8,False,Right,Front,Centre,Left,77
<_io.BytesIO object at 0x00000245C1D9A900>,0.9296248555183411,0.005661626812070608,0.006036164239048958,211377,23,8,False,Right,Front,Centre,Left,77
<_io.BytesIO object at 0x00000245C1D762C0>,0.5065135359764099,0.09059223532676697,0.22839485108852386,211378,23,8,False,Right,Front,Centre,Left,77
<_io.BytesIO object at 0x00000245C1CFE9F0>,0.5789361000061035,0.1324506402015686,0.13626088201999664,211378,23,8,False,Right,Front,Centre,Left,77
<_io.BytesIO object at 0x00000245C1CFE7C0>,0.5488962531089783,0.18433597683906555,0.20899924635887146,211378,23,8,False,Right,Front,Centre,Left,77
<_io.BytesIO object at 0x00000245C1CFED60>,0.524219810962677,0.11991787701845169,0.14776086807250977,211378,23,8,False,Right,Front,Centre,Left,77
<_io.BytesIO object at 0x00000245C1CFEBD0>,0.525998592376709,0.08161213248968124,0.1535843312740326,211378,23,8,False,Right,Front,Centre,Left,77
<_io.BytesIO object at 0x00000245C1CF8040>,0.879126787185669,0.040568768978118896,-0.04447527974843979,211378,23,8,False,Right,Front,Centre,Left,77
<_io.BytesIO object at 0x00000245C1CF8090>,0.8382849097251892,0.03882645443081856,-0.04504230245947838,211378,23,8,False,Right,Front,Centre,Left,77
<_io.BytesIO object at 0x00000245C1CF8130>,0.9019948840141296,0.0045865196734666824,-0.05685407668352127,211378,23,8,False,Right,Front,Centre,Left,77
<_io.BytesIO object at 0x00000245C1CF8450>,0.8434240221977234,0.049757517874240875,0.041922349482774734,211378,23,8,False,Right,Front,Centre,Left,77
<_io.BytesIO object at 0x00000245C1CF89A0>,0.9296054244041443,0.005690065678209066,0.006022623274475336,211378,23,8,False,Right,Front,Centre,Left,77
<_io.BytesIO object at 0x00000245C1DD19A0>,0.5065135359764099,0.09059223532676697,0.22839485108852386,211379,23,8,False,Right,Front,Centre,Left,77
<_io.BytesIO object at 0x00000245C1D0CEA0>,0.5789361000061035,0.1324506402015686,0.13626088201999664,211379,23,8,False,Right,Front,Centre,Left,77
<_io.BytesIO object at 0x00000245C1D0CF40>,0.5488962531089783,0.18433597683906555,0.20899924635887146,211379,23,8,False,Right,Front,Centre,Left,77
<_io.BytesIO object at 0x00000245C1D0C5E0>,0.524219810962677,0.11991787701845169,0.14776086807250977,211379,23,8,False,Right,Front,Centre,Left,77
<_io.BytesIO object at 0x00000245C1D666D0>,0.525998592376709,0.08161213248968124,0.1535843312740326,211379,23,8,False,Right,Front,Centre,Left,77
<_io.BytesIO object at 0x00000245C1D668B0>,0.879115879535675,0.04059299826622009,-0.044457465410232544,211379,23,8,False,Right,Front,Centre,Left,77
<_io.BytesIO object at 0x00000245C1D66C70>,0.8382818698883057,0.03884869068861008,-0.04504235461354256,211379,23,8,False,Right,Front,Centre,Left,77
<_io.BytesIO object at 0x00000245C1D665E0>,0.9020194411277771,0.004639382008463144,-0.05679389834403992,211379,23,8,False,Right,Front,Centre,Left,77
<_io.BytesIO object at 0x00000245C1D664F0>,0.8433429002761841,0.04972314462065697,0.0419660247862339,211379,23,8,False,Right,Front,Centre,Left,77
<_io.BytesIO object at 0x00000245C1D66F40>,0.929588258266449,0.005714867264032364,0.006031505763530731,211379,23,8,False,Right,Front,Centre,Left,77
<_io.BytesIO object at 0x00000245C1D86CC0>,0.5065135359764099,0.09059223532676697,0.22839485108852386,211380,23,8,False,Right,Front,Centre,Left,77
<_io.BytesIO object at 0x00000245C1D86180>,0.5789361000061035,0.1324506402015686,0.13626088201999664,211380,23,8,False,Right,Front,Centre,Left,77
<_io.BytesIO object at 0x00000245C1D866D0>,0.5488962531089783,0.18433597683906555,0.20899924635887146,211380,23,8,False,Right,Front,Centre,Left,77
<_io.BytesIO object at 0x00000245C1D86900>,0.524219810962677,0.11991787701845169,0.14776086807250977,211380,23,8,False,Right,Front,Centre,Left,77
<_io.BytesIO object at 0x00000245C1D86C70>,0.525998592376709,0.08161213248968124,0.1535843312740326,211380,23,8,False,Right,Front,Centre,Left,77
<_io.BytesIO object at 0x00000245C1D61310>,0.8791043758392334,0.04060085490345955,-0.044441528618335724,211380,23,8,False,Right,Front,Centre,Left,77
<_io.BytesIO object at 0x00000245C1D61400>,0.838282585144043,0.038846757262945175,-0.045055389404296875,211380,23,8,False,Right,Front,Centre,Left,77
<_io.BytesIO object at 0x00000245C1D61EA0>,0.9020170569419861,0.00463494285941124,-0.056804485619068146,211380,23,8,False,Right,Front,Centre,Left,77
<_io.BytesIO object at 0x00000245C1D61540>,0.8432887196540833,0.049677204340696335,0.041959915310144424,211380,23,8,False,Right,Front,Centre,Left,77
<_io.BytesIO object at 0x00000245C1D61A40>,0.929577648639679,0.00573283014819026,0.006029161158949137,211380,23,8,False,Right,Front,Centre,Left,77
<_io.BytesIO object at 0x00000245C1DD1AE0>,0.5065135359764099,0.09059223532676697,0.22839485108852386,211381,23,8,False,Right,Front,Centre,Left,77
<_io.BytesIO object at 0x00000245C1DD1A40>,0.5789361000061035,0.1324506402015686,0.13626088201999664,211381,23,8,False,Right,Front,Centre,Left,77
<_io.BytesIO object at 0x00000245C1DD1360>,0.5488962531089783,0.18433597683906555,0.20899924635887146,211381,23,8,False,Right,Front,Centre,Left,77
<_io.BytesIO object at 0x00000245BEF44360>,0.524219810962677,0.11991787701845169,0.14776086807250977,211381,23,8,False,Right,Front,Centre,Left,77
<_io.BytesIO object at 0x00000245BEF44B30>,0.525998592376709,0.08161213248968124,0.1535843312740326,211381,23,8,False,Right,Front,Centre,Left,77
<_io.BytesIO object at 0x00000245C1D68220>,0.879088282585144,0.04060941934585571,-0.044424787163734436,211381,23,8,False,Right,Front,Centre,Left,77
<_io.BytesIO object at 0x00000245C1D682C0>,0.8382605314254761,0.03885531798005104,-0.04506329447031021,211381,23,8,False,Right,Front,Centre,Left,77
<_io.BytesIO object at 0x00000245C1D680E0>,0.9020138382911682,0.004664803855121136,-0.05677429586648941,211381,23,8,False,Right,Front,Centre,Left,77
<_io.BytesIO object at 0x00000245C1D68C20>,0.8432283401489258,0.04964599758386612,0.04196961224079132,211381,23,8,False,Right,Front,Centre,Left,77
<_io.BytesIO object at 0x00000245C1D68DB0>,0.9295597672462463,0.005787522532045841,0.006095157004892826,211381,23,8,False,Right,Front,Centre,Left,77
<_io.BytesIO object at 0x00000245C1D76EF0>,0.5065135359764099,0.09059223532676697,0.22839485108852386,211382,23,8,False,Right,Front,Centre,Left,77
<_io.BytesIO object at 0x00000245C1D76B30>,0.5789361000061035,0.1324506402015686,0.13626088201999664,211382,23,8,False,Right,Front,Centre,Left,77
<_io.BytesIO object at 0x00000245C1D76310>,0.5488962531089783,0.18433597683906555,0.20899924635887146,211382,23,8,False,Right,Front,Centre,Left,77
<_io.BytesIO object at 0x00000245C1D76A90>,0.524219810962677,0.11991787701845169,0.14776086807250977,211382,23,8,False,Right,Front,Centre,Left,77
<_io.BytesIO object at 0x00000245C1D9AD60>,0.525998592376709,0.08161213248968124,0.1535843312740326,211382,23,8,False,Right,Front,Centre,Left,77
<_io.BytesIO object at 0x00000245C1D9AC20>,0.879069447517395,0.04062667489051819,-0.04440788924694061,211382,23,8,False,Right,Front,Centre,Left,77
<_io.BytesIO object at 0x00000245C1D9A590>,0.838243305683136,0.03887024149298668,-0.04506966844201088,211382,23,8,False,Right,Front,Centre,Left,77
<_io.BytesIO object at 0x00000245C1D9A9A0>,0.9020090103149414,0.004650698509067297,-0.056838907301425934,211382,23,8,False,Right,Front,Centre,Left,77
<_io.BytesIO object at 0x00000245C1D9AAE0>,0.8431771993637085,0.049608658999204636,0.041985251009464264,211382,23,8,False,Right,Front,Centre,Left,77
<_io.BytesIO object at 0x00000245C1D9A540>,0.9295521974563599,0.0058386484161019325,0.006117259152233601,211382,23,8,False,Right,Front,Centre,Left,77
<_io.BytesIO object at 0x00000245C1D99860>,0.5065135359764099,0.09059223532676697,0.22839485108852386,211383,23,8,False,Right,Front,Centre,Left,77
<_io.BytesIO object at 0x00000245C1D99EA0>,0.5789361000061035,0.1324506402015686,0.13626088201999664,211383,23,8,False,Right,Front,Centre,Left,77
<_io.BytesIO object at 0x00000245C1D99540>,0.5488962531089783,0.18433597683906555,0.20899924635887146,211383,23,8,False,Right,Front,Centre,Left,77
<_io.BytesIO object at 0x00000245C1D9DF40>,0.524219810962677,0.11991787701845169,0.14776086807250977,211383,23,8,False,Right,Front,Centre,Left,77
<_io.BytesIO object at 0x00000245C1D9D900>,0.525998592376709,0.08161213248968124,0.1535843312740326,211383,23,8,False,Right,Front,Centre,Left,77
<_io.BytesIO object at 0x00000245C1D9D270>,0.8790603280067444,0.040656913071870804,-0.04437489062547684,211383,23,8,False,Right,Front,Centre,Left,77
<_io.BytesIO object at 0x00000245C1D9D720>,0.8382367491722107,0.03888463228940964,-0.045070771127939224,211383,23,8,False,Right,Front,Centre,Left,77
<_io.BytesIO object at 0x00000245C1D9DA40>,0.9020208120346069,0.004707797896116972,-0.056788790971040726,211383,23,8,False,Right,Front,Centre,Left,77
<_io.BytesIO object at 0x00000245C1D9D220>,0.843116283416748,0.04956939071416855,0.04199305176734924,211383,23,8,False,Right,Front,Centre,Left,77
<_io.BytesIO object at 0x00000245C1D9DEF0>,0.929451584815979,0.005893275607377291,0.006138339638710022,211383,23,8,False,Right,Front,Centre,Left,77
<_io.BytesIO object at 0x00000245C1D99CC0>,0.5065135359764099,0.09059223532676697,0.22839485108852386,211384,23,8,False,Right,Front,Centre,Left,77
<_io.BytesIO object at 0x00000245C1D87310>,0.5789361000061035,0.1324506402015686,0.13626088201999664,211384,23,8,False,Right,Front,Centre,Left,77
<_io.BytesIO object at 0x00000245C1D873B0>,0.5488962531089783,0.18433597683906555,0.20899924635887146,211384,23,8,False,Right,Front,Centre,Left,77
<_io.BytesIO object at 0x00000245C1D87720>,0.524219810962677,0.11991787701845169,0.14776086807250977,211384,23,8,False,Right,Front,Centre,Left,77
<_io.BytesIO object at 0x00000245C1D87E50>,0.525998592376709,0.08161213248968124,0.1535843312740326,211384,23,8,False,Right,Front,Centre,Left,77
<_io.BytesIO object at 0x00000245C1D8DC70>,0.8790423274040222,0.04070192947983742,-0.044338408857584,211384,23,8,False,Right,Front,Centre,Left,77
<_io.BytesIO object at 0x00000245C1D8D310>,0.8382250070571899,0.03891226276755333,-0.0450645349919796,211384,23,8,False,Right,Front,Centre,Left,77
<_io.BytesIO object at 0x00000245C1D8DA40>,0.9020277261734009,0.00471846666187048,-0.056809328496456146,211384,23,8,False,Right,Front,Centre,Left,77
<_io.BytesIO object at 0x00000245C1D8D1D0>,0.8430317044258118,0.049550414085388184,0.04202980548143387,211384,23,8,False,Right,Front,Centre,Left,77
<_io.BytesIO object at 0x00000245C1D8D400>,0.9294068217277527,0.005911686457693577,0.006104806903749704,211384,23,8,False,Right,Front,Centre,Left,77
