_io,pos_x,pos_y,pos_z,frame,trial_num,block_num,practicing,left_right_hand,palm_back_hand,target_loc,distractor_loc,participant_id
<_io.BytesIO object at 0x000001FF3FA9C680>,0.4097207188606262,-0.0689912959933281,-0.06180813908576965,172927,26,4,False,Left,Back,Centre,Left,58
_io,pos_x,pos_y,pos_z,frame,trial_num,block_num,practicing,left_right_hand,palm_back_hand,target_loc,distractor_loc,participant_id
<_io.BytesIO object at 0x000001FF3FA9CF90>,0.4122144281864166,-0.0444050207734108,-0.12591992318630219,172927,26,4,False,Left,Back,Centre,Left,58
_io,pos_x,pos_y,pos_z,frame,trial_num,block_num,practicing,left_right_hand,palm_back_hand,target_loc,distractor_loc,participant_id
<_io.BytesIO object at 0x000001FF3CC92630>,0.4058099091053009,-0.004390038549900055,-0.10439366102218628,172927,26,4,False,Left,Back,Centre,Left,58
_io,pos_x,pos_y,pos_z,frame,trial_num,block_num,practicing,left_right_hand,palm_back_hand,target_loc,distractor_loc,participant_id
<_io.BytesIO object at 0x000001FF3CC926D0>,0.446682333946228,-0.03749636560678482,-0.15250882506370544,172927,26,4,False,Left,Back,Centre,Left,58
_io,pos_x,pos_y,pos_z,frame,trial_num,block_num,practicing,left_right_hand,palm_back_hand,target_loc,distractor_loc,participant_id
<_io.BytesIO object at 0x000001FF3CC92C20>,0.47491922974586487,-0.08632127940654755,-0.1280480921268463,172927,26,4,False,Left,Back,Centre,Left,58
_io,pos_x,pos_y,pos_z,frame,trial_num,block_num,practicing,left_right_hand,palm_back_hand,target_loc,distractor_loc,participant_id
<_io.BytesIO object at 0x000001FF3CC92220>,0.6428929567337036,0.0814301073551178,-0.1610405296087265,172927,26,4,False,Left,Back,Centre,Left,58
_io,pos_x,pos_y,pos_z,frame,trial_num,block_num,practicing,left_right_hand,palm_back_hand,target_loc,distractor_loc,participant_id
<_io.BytesIO object at 0x000001FF3CC92F40>,0.6612409353256226,0.09914534538984299,-0.12712617218494415,172927,26,4,False,Left,Back,Centre,Left,58
_io,pos_x,pos_y,pos_z,frame,trial_num,block_num,practicing,left_right_hand,palm_back_hand,target_loc,distractor_loc,participant_id
<_io.BytesIO object at 0x000001FF3CC920E0>,0.5773417949676514,0.08800909668207169,-0.10861954838037491,172927,26,4,False,Left,Back,Centre,Left,58
_io,pos_x,pos_y,pos_z,frame,trial_num,block_num,practicing,left_right_hand,palm_back_hand,target_loc,distractor_loc,participant_id
<_io.BytesIO object at 0x000001FF3CC92A40>,0.6913889050483704,0.07176342606544495,-0.11064518243074417,172927,26,4,False,Left,Back,Centre,Left,58
_io,pos_x,pos_y,pos_z,frame,trial_num,block_num,practicing,left_right_hand,palm_back_hand,target_loc,distractor_loc,participant_id
<_io.BytesIO object at 0x000001FF3CC92540>,0.6537680625915527,0.05055459216237068,-0.0677318423986435,172927,26,4,False,Left,Back,Centre,Left,58
<_io.BytesIO object at 0x000001FF3CC92040>,0.4097207188606262,-0.0689912959933281,-0.06180813908576965,172928,26,4,False,Left,Back,Centre,Left,58
<_io.BytesIO object at 0x000001FF3CC92E00>,0.4122144281864166,-0.0444050207734108,-0.12591992318630219,172928,26,4,False,Left,Back,Centre,Left,58
<_io.BytesIO object at 0x000001FF3CC92BD0>,0.4058099091053009,-0.004390038549900055,-0.10439366102218628,172928,26,4,False,Left,Back,Centre,Left,58
<_io.BytesIO object at 0x000001FF3CC92310>,0.446682333946228,-0.03749636560678482,-0.15250882506370544,172928,26,4,False,Left,Back,Centre,Left,58
<_io.BytesIO object at 0x000001FF3CC92CC0>,0.47491922974586487,-0.08632127940654755,-0.1280480921268463,172928,26,4,False,Left,Back,Centre,Left,58
<_io.BytesIO object at 0x000001FF3CC92F90>,0.6428118348121643,0.08106887340545654,-0.16067460179328918,172928,26,4,False,Left,Back,Centre,Left,58
<_io.BytesIO object at 0x000001FF3CC5CF90>,0.6611631512641907,0.09873826056718826,-0.12669236958026886,172928,26,4,False,Left,Back,Centre,Left,58
<_io.BytesIO object at 0x000001FF3CC5CC20>,0.5772936344146729,0.08749677985906601,-0.10838166624307632,172928,26,4,False,Left,Back,Centre,Left,58
<_io.BytesIO object at 0x000001FF3CC5C3B0>,0.6912921071052551,0.07125883549451828,-0.110341377556324,172928,26,4,False,Left,Back,Centre,Left,58
<_io.BytesIO object at 0x000001FF3CC5C540>,0.6535939574241638,0.04989001899957657,-0.06761664897203445,172928,26,4,False,Left,Back,Centre,Left,58
<_io.BytesIO object at 0x000001FF3CC5C900>,0.4097207188606262,-0.0689912959933281,-0.06180813908576965,172929,26,4,False,Left,Back,Centre,Left,58
<_io.BytesIO object at 0x000001FF3CC5C220>,0.4122144281864166,-0.0444050207734108,-0.12591992318630219,172929,26,4,False,Left,Back,Centre,Left,58
<_io.BytesIO object at 0x000001FF3CC5C9F0>,0.4058099091053009,-0.004390038549900055,-0.10439366102218628,172929,26,4,False,Left,Back,Centre,Left,58
<_io.BytesIO object at 0x000001FF3FA9C590>,0.446682333946228,-0.03749636560678482,-0.15250882506370544,172929,26,4,False,Left,Back,Centre,Left,58
<_io.BytesIO object at 0x000001FF3FA9C6D0>,0.47491922974586487,-0.08632127940654755,-0.1280480921268463,172929,26,4,False,Left,Back,Centre,Left,58
<_io.BytesIO object at 0x000001FF3FA9CEF0>,0.6428197622299194,0.08056917786598206,-0.1603965163230896,172929,26,4,False,Left,Back,Centre,Left,58
<_io.BytesIO object at 0x000001FF3FA9C8B0>,0.6610585451126099,0.09849616140127182,-0.12644022703170776,172929,26,4,False,Left,Back,Centre,Left,58
<_io.BytesIO object at 0x000001FF3FA9C5E0>,0.5772403478622437,0.08687573671340942,-0.10815029591321945,172929,26,4,False,Left,Back,Centre,Left,58
<_io.BytesIO object at 0x000001FF3FA9C090>,0.6912118792533875,0.07101846486330032,-0.11005492508411407,172929,26,4,False,Left,Back,Centre,Left,58
<_io.BytesIO object at 0x000001FF3FA9C040>,0.6536508798599243,0.049703799188137054,-0.06732334941625595,172929,26,4,False,Left,Back,Centre,Left,58
<_io.BytesIO object at 0x000001FF3CC5C3B0>,0.4097207188606262,-0.0689912959933281,-0.06180813908576965,172930,26,4,False,Left,Back,Centre,Left,58
<_io.BytesIO object at 0x000001FF3CC5C950>,0.4122144281864166,-0.0444050207734108,-0.12591992318630219,172930,26,4,False,Left,Back,Centre,Left,58
<_io.BytesIO object at 0x000001FF3CC5CB30>,0.4058099091053009,-0.004390038549900055,-0.10439366102218628,172930,26,4,False,Left,Back,Centre,Left,58
<_io.BytesIO object at 0x000001FF3FA9C590>,0.446682333946228,-0.03749636560678482,-0.15250882506370544,172930,26,4,False,Left,Back,Centre,Left,58
<_io.BytesIO object at 0x000001FF3FA9C8B0>,0.47491922974586487,-0.08632127940654755,-0.1280480921268463,172930,26,4,False,Left,Back,Centre,Left,58
<_io.BytesIO object at 0x000001FF3FA9C4A0>,0.6428788900375366,0.08019984513521194,-0.16036741435527802,172930,26,4,False,Left,Back,Centre,Left,58
<_io.BytesIO object at 0x000001FF3FA9CCC0>,0.6609825491905212,0.09822691977024078,-0.12618333101272583,172930,26,4,False,Left,Back,Centre,Left,58
<_io.BytesIO object at 0x000001FF3FA9C130>,0.5770848393440247,0.08626051247119904,-0.10795396566390991,172930,26,4,False,Left,Back,Centre,Left,58
<_io.BytesIO object at 0x000001FF3FA9C270>,0.6911839842796326,0.0709414854645729,-0.10982538014650345,172930,26,4,False,Left,Back,Centre,Left,58
<_io.BytesIO object at 0x000001FF3FA9C450>,0.6537705063819885,0.04978349059820175,-0.06701198220252991,172930,26,4,False,Left,Back,Centre,Left,58
<_io.BytesIO object at 0x000001FF3CC924A0>,0.4097207188606262,-0.0689912959933281,-0.06180813908576965,172931,26,4,False,Left,Back,Centre,Left,58
<_io.BytesIO object at 0x000001FF3CC92270>,0.4122144281864166,-0.0444050207734108,-0.12591992318630219,172931,26,4,False,Left,Back,Centre,Left,58
<_io.BytesIO object at 0x000001FF3CC92CC0>,0.4058099091053009,-0.004390038549900055,-0.10439366102218628,172931,26,4,False,Left,Back,Centre,Left,58
<_io.BytesIO object at 0x000001FF3FA9C590>,0.446682333946228,-0.03749636560678482,-0.15250882506370544,172931,26,4,False,Left,Back,Centre,Left,58
<_io.BytesIO object at 0x000001FF3FA9CCC0>,0.47491922974586487,-0.08632127940654755,-0.1280480921268463,172931,26,4,False,Left,Back,Centre,Left,58
<_io.BytesIO object at 0x000001FF3FA9C680>,0.642867386341095,0.07998868077993393,-0.16024886071681976,172931,26,4,False,Left,Back,Centre,Left,58
<_io.BytesIO object at 0x000001FF3FA9CC70>,0.6609097719192505,0.0981360599398613,-0.12609358131885529,172931,26,4,False,Left,Back,Centre,Left,58
<_io.BytesIO object at 0x000001FF3FA9CC20>,0.5770191550254822,0.08574793487787247,-0.10777414590120316,172931,26,4,False,Left,Back,Centre,Left,58
<_io.BytesIO object at 0x000001FF3FA9C310>,0.6911709308624268,0.07101406902074814,-0.10959495604038239,172931,26,4,False,Left,Back,Centre,Left,58
<_io.BytesIO object at 0x000001FF3FA9C770>,0.653931200504303,0.049927812069654465,-0.06672319769859314,172931,26,4,False,Left,Back,Centre,Left,58
<_io.BytesIO object at 0x000001FF3CC5C220>,0.4097207188606262,-0.0689912959933281,-0.06180813908576965,172932,26,4,False,Left,Back,Centre,Left,58
<_io.BytesIO object at 0x000001FF3CC5C2C0>,0.4122144281864166,-0.0444050207734108,-0.12591992318630219,172932,26,4,False,Left,Back,Centre,Left,58
<_io.BytesIO object at 0x000001FF3CC5C3B0>,0.4058099091053009,-0.004390038549900055,-0.10439366102218628,172932,26,4,False,Left,Back,Centre,Left,58
<_io.BytesIO object at 0x000001FF3FA9C590>,0.446682333946228,-0.03749636560678482,-0.15250882506370544,172932,26,4,False,Left,Back,Centre,Left,58
<_io.BytesIO object at 0x000001FF3FA9CC70>,0.47491922974586487,-0.08632127940654755,-0.1280480921268463,172932,26,4,False,Left,Back,Centre,Left,58
<_io.BytesIO object at 0x000001FF3FA9C3B0>,0.6428009271621704,0.07984676957130432,-0.15999144315719604,172932,26,4,False,Left,Back,Centre,Left,58
<_io.BytesIO object at 0x000001FF3FA9C540>,0.6608618497848511,0.09815597534179688,-0.12600795924663544,172932,26,4,False,Left,Back,Centre,Left,58
<_io.BytesIO object at 0x000001FF3FA9CDB0>,0.5769826769828796,0.08528891205787659,-0.10761690884828568,172932,26,4,False,Left,Back,Centre,Left,58
<_io.BytesIO object at 0x000001FF3FA9CF90>,0.6911501288414001,0.07122563570737839,-0.10935056209564209,172932,26,4,False,Left,Back,Centre,Left,58
<_io.BytesIO object at 0x000001FF3FA9C4A0>,0.6540217995643616,0.050078440457582474,-0.0664571225643158,172932,26,4,False,Left,Back,Centre,Left,58
<_io.BytesIO object at 0x000001FF3CC92040>,0.4097207188606262,-0.0689912959933281,-0.06180813908576965,172933,26,4,False,Left,Back,Centre,Left,58
<_io.BytesIO object at 0x000001FF3CC92CC0>,0.4122144281864166,-0.0444050207734108,-0.12591992318630219,172933,26,4,False,Left,Back,Centre,Left,58
<_io.BytesIO object at 0x000001FF3CC92180>,0.4058099091053009,-0.004390038549900055,-0.10439366102218628,172933,26,4,False,Left,Back,Centre,Left,58
<_io.BytesIO object at 0x000001FF3CC92F40>,0.446682333946228,-0.03749636560678482,-0.15250882506370544,172933,26,4,False,Left,Back,Centre,Left,58
<_io.BytesIO object at 0x000001FF3CC92EA0>,0.47491922974586487,-0.08632127940654755,-0.1280480921268463,172933,26,4,False,Left,Back,Centre,Left,58
<_io.BytesIO object at 0x000001FF3CC92A90>,0.6428331136703491,0.07982893288135529,-0.15983985364437103,172933,26,4,False,Left,Back,Centre,Left,58
<_io.BytesIO object at 0x000001FF3CC5CB30>,0.6608025431632996,0.09817228466272354,-0.1259058266878128,172933,26,4,False,Left,Back,Centre,Left,58
<_io.BytesIO object at 0x000001FF3CC5CC20>,0.5769093036651611,0.08505469560623169,-0.10753848403692245,172933,26,4,False,Left,Back,Centre,Left,58
<_io.BytesIO object at 0x000001FF3CC5C400>,0.6911709904670715,0.07144131511449814,-0.10914736986160278,172933,26,4,False,Left,Back,Centre,Left,58
<_io.BytesIO object at 0x000001FF3CC5C4F0>,0.654096782207489,0.05027118697762489,-0.06619109958410263,172933,26,4,False,Left,Back,Centre,Left,58
<_io.BytesIO object at 0x000001FF3CC92D10>,0.4097207188606262,-0.0689912959933281,-0.06180813908576965,172934,26,4,False,Left,Back,Centre,Left,58
<_io.BytesIO object at 0x000001FF3CC92310>,0.4122144281864166,-0.0444050207734108,-0.12591992318630219,172934,26,4,False,Left,Back,Centre,Left,58
<_io.BytesIO object at 0x000001FF3CC5CD60>,0.4058099091053009,-0.004390038549900055,-0.10439366102218628,172934,26,4,False,Left,Back,Centre,Left,58
<_io.BytesIO object at 0x000001FF3CC5CF40>,0.446682333946228,-0.03749636560678482,-0.15250882506370544,172934,26,4,False,Left,Back,Centre,Left,58
<_io.BytesIO object at 0x000001FF3CC5C220>,0.47491922974586487,-0.08632127940654755,-0.1280480921268463,172934,26,4,False,Left,Back,Centre,Left,58
<_io.BytesIO object at 0x000001FF3CC5C450>,0.6427391171455383,0.07975515723228455,-0.15960684418678284,172934,26,4,False,Left,Back,Centre,Left,58
<_io.BytesIO object at 0x000001FF3CC5C810>,0.6607231497764587,0.09827437996864319,-0.12592045962810516,172934,26,4,False,Left,Back,Centre,Left,58
<_io.BytesIO object at 0x000001FF3CC5C540>,0.5768546462059021,0.08492836356163025,-0.10748719424009323,172934,26,4,False,Left,Back,Centre,Left,58
<_io.BytesIO object at 0x000001FF3CC5C770>,0.6911600828170776,0.07167080789804459,-0.10896077007055283,172934,26,4,False,Left,Back,Centre,Left,58
<_io.BytesIO object at 0x000001FF3FA9C590>,0.6541503071784973,0.050489939749240875,-0.06597655266523361,172934,26,4,False,Left,Back,Centre,Left,58
<_io.BytesIO object at 0x000001FF3CC5CE00>,0.4097207188606262,-0.0689912959933281,-0.06180813908576965,172935,26,4,False,Left,Back,Centre,Left,58
<_io.BytesIO object at 0x000001FF3CC5C400>,0.4122144281864166,-0.0444050207734108,-0.12591992318630219,172935,26,4,False,Left,Back,Centre,Left,58
<_io.BytesIO object at 0x000001FF3CC5C2C0>,0.4058099091053009,-0.004390038549900055,-0.10439366102218628,172935,26,4,False,Left,Back,Centre,Left,58
<_io.BytesIO object at 0x000001FF3CC5CA90>,0.446682333946228,-0.03749636560678482,-0.15250882506370544,172935,26,4,False,Left,Back,Centre,Left,58
<_io.BytesIO object at 0x000001FF3CC5CD10>,0.47491922974586487,-0.08632127940654755,-0.1280480921268463,172935,26,4,False,Left,Back,Centre,Left,58
<_io.BytesIO object at 0x000001FF3CC5C810>,0.6427145004272461,0.07974834740161896,-0.15952299535274506,172935,26,4,False,Left,Back,Centre,Left,58
<_io.BytesIO object at 0x000001FF3CC92D10>,0.660677969455719,0.09852536022663116,-0.12586528062820435,172935,26,4,False,Left,Back,Centre,Left,58
<_io.BytesIO object at 0x000001FF3CC929A0>,0.5768443942070007,0.08496782928705215,-0.10743311047554016,172935,26,4,False,Left,Back,Centre,Left,58
<_io.BytesIO object at 0x000001FF3CC923B0>,0.691153883934021,0.07187747210264206,-0.10878907144069672,172935,26,4,False,Left,Back,Centre,Left,58
<_io.BytesIO object at 0x000001FF3CC92DB0>,0.6542369723320007,0.05075423792004585,-0.06582501530647278,172935,26,4,False,Left,Back,Centre,Left,58
<_io.BytesIO object at 0x000001FF3CC5CCC0>,0.4097207188606262,-0.0689912959933281,-0.06180813908576965,172936,26,4,False,Left,Back,Centre,Left,58
<_io.BytesIO object at 0x000001FF3CC5C220>,0.4122144281864166,-0.0444050207734108,-0.12591992318630219,172936,26,4,False,Left,Back,Centre,Left,58
<_io.BytesIO object at 0x000001FF3CC5CC70>,0.4058099091053009,-0.004390038549900055,-0.10439366102218628,172936,26,4,False,Left,Back,Centre,Left,58
<_io.BytesIO object at 0x000001FF3CC5C180>,0.446682333946228,-0.03749636560678482,-0.15250882506370544,172936,26,4,False,Left,Back,Centre,Left,58
<_io.BytesIO object at 0x000001FF3CC5C630>,0.47491922974586487,-0.08632127940654755,-0.1280480921268463,172936,26,4,False,Left,Back,Centre,Left,58
<_io.BytesIO object at 0x000001FF3CC5CDB0>,0.6426870226860046,0.07976263761520386,-0.1594589352607727,172936,26,4,False,Left,Back,Centre,Left,58
<_io.BytesIO object at 0x000001FF3CC92DB0>,0.6605770587921143,0.09856557846069336,-0.12583911418914795,172936,26,4,False,Left,Back,Centre,Left,58
<_io.BytesIO object at 0x000001FF3CC92EA0>,0.5768138766288757,0.08512933552265167,-0.10739561170339584,172936,26,4,False,Left,Back,Centre,Left,58
<_io.BytesIO object at 0x000001FF3CC92220>,0.6911224722862244,0.07207950204610825,-0.10870826989412308,172936,26,4,False,Left,Back,Centre,Left,58
<_io.BytesIO object at 0x000001FF3CC92F90>,0.6542961001396179,0.051033396273851395,-0.06565231829881668,172936,26,4,False,Left,Back,Centre,Left,58
<_io.BytesIO object at 0x000001FF3CC5C400>,0.4097207188606262,-0.0689912959933281,-0.06180813908576965,172937,26,4,False,Left,Back,Centre,Left,58
<_io.BytesIO object at 0x000001FF3CC5C180>,0.4122144281864166,-0.0444050207734108,-0.12591992318630219,172937,26,4,False,Left,Back,Centre,Left,58
<_io.BytesIO object at 0x000001FF3CC92180>,0.4058099091053009,-0.004390038549900055,-0.10439366102218628,172937,26,4,False,Left,Back,Centre,Left,58
<_io.BytesIO object at 0x000001FF3CC929F0>,0.446682333946228,-0.03749636560678482,-0.15250882506370544,172937,26,4,False,Left,Back,Centre,Left,58
<_io.BytesIO object at 0x000001FF3CC92680>,0.47491922974586487,-0.08632127940654755,-0.1280480921268463,172937,26,4,False,Left,Back,Centre,Left,58
<_io.BytesIO object at 0x000001FF3CC921D0>,0.642661988735199,0.07984474301338196,-0.15940220654010773,172937,26,4,False,Left,Back,Centre,Left,58
<_io.BytesIO object at 0x000001FF3CC92AE0>,0.6604465246200562,0.09873080253601074,-0.1259182244539261,172937,26,4,False,Left,Back,Centre,Left,58
<_io.BytesIO object at 0x000001FF3CC92400>,0.5767841339111328,0.08532970398664474,-0.10733776539564133,172937,26,4,False,Left,Back,Centre,Left,58
<_io.BytesIO object at 0x000001FF3CC92360>,0.6910461187362671,0.07231476157903671,-0.10862106084823608,172937,26,4,False,Left,Back,Centre,Left,58
<_io.BytesIO object at 0x000001FF3FA9CC70>,0.6543141007423401,0.05127233639359474,-0.06554459780454636,172937,26,4,False,Left,Back,Centre,Left,58
<_io.BytesIO object at 0x000001FF3CC92F90>,0.4097207188606262,-0.0689912959933281,-0.06180813908576965,172938,26,4,False,Left,Back,Centre,Left,58
<_io.BytesIO object at 0x000001FF3CC92AE0>,0.4122144281864166,-0.0444050207734108,-0.12591992318630219,172938,26,4,False,Left,Back,Centre,Left,58
<_io.BytesIO object at 0x000001FF3CC5C400>,0.4058099091053009,-0.004390038549900055,-0.10439366102218628,172938,26,4,False,Left,Back,Centre,Left,58
<_io.BytesIO object at 0x000001FF3CC5C310>,0.446682333946228,-0.03749636560678482,-0.15250882506370544,172938,26,4,False,Left,Back,Centre,Left,58
<_io.BytesIO object at 0x000001FF3CC5C3B0>,0.47491922974586487,-0.08632127940654755,-0.1280480921268463,172938,26,4,False,Left,Back,Centre,Left,58
<_io.BytesIO object at 0x000001FF3CC5CB80>,0.6426244974136353,0.08000519871711731,-0.15938830375671387,172938,26,4,False,Left,Back,Centre,Left,58
<_io.BytesIO object at 0x000001FF3CC5CEF0>,0.6603979468345642,0.09897225350141525,-0.1259654015302658,172938,26,4,False,Left,Back,Centre,Left,58
<_io.BytesIO object at 0x000001FF3CC5CA40>,0.5767490863800049,0.08555207401514053,-0.10728122293949127,172938,26,4,False,Left,Back,Centre,Left,58
<_io.BytesIO object at 0x000001FF3CC5C4F0>,0.6909804940223694,0.07261940836906433,-0.10858449339866638,172938,26,4,False,Left,Back,Centre,Left,58
<_io.BytesIO object at 0x000001FF3FA9CF90>,0.6543360352516174,0.05159033462405205,-0.0654107928276062,172938,26,4,False,Left,Back,Centre,Left,58
<_io.BytesIO object at 0x000001FF3CC5C270>,0.4097207188606262,-0.0689912959933281,-0.06180813908576965,172939,26,4,False,Left,Back,Centre,Left,58
<_io.BytesIO object at 0x000001FF3CC5C950>,0.4122144281864166,-0.0444050207734108,-0.12591992318630219,172939,26,4,False,Left,Back,Centre,Left,58
<_io.BytesIO object at 0x000001FF3CC5C0E0>,0.4058099091053009,-0.004390038549900055,-0.10439366102218628,172939,26,4,False,Left,Back,Centre,Left,58
<_io.BytesIO object at 0x000001FF3CC5C7C0>,0.446682333946228,-0.03749636560678482,-0.15250882506370544,172939,26,4,False,Left,Back,Centre,Left,58
<_io.BytesIO object at 0x000001FF3CC5CD10>,0.47491922974586487,-0.08632127940654755,-0.1280480921268463,172939,26,4,False,Left,Back,Centre,Left,58
<_io.BytesIO object at 0x000001FF3CC5CEF0>,0.6426836848258972,0.08034387975931168,-0.15957233309745789,172939,26,4,False,Left,Back,Centre,Left,58
<_io.BytesIO object at 0x000001FF3CC92F90>,0.6603432893753052,0.0992693156003952,-0.12601560354232788,172939,26,4,False,Left,Back,Centre,Left,58
<_io.BytesIO object at 0x000001FF3CC920E0>,0.5766412615776062,0.08582618087530136,-0.10725230723619461,172939,26,4,False,Left,Back,Centre,Left,58
<_io.BytesIO object at 0x000001FF3CC92360>,0.6909453868865967,0.0730668231844902,-0.10861587524414062,172939,26,4,False,Left,Back,Centre,Left,58
<_io.BytesIO object at 0x000001FF3CC92860>,0.6543427109718323,0.05210917070508003,-0.06530067324638367,172939,26,4,False,Left,Back,Centre,Left,58
<_io.BytesIO object at 0x000001FF3CC5CA90>,0.4097207188606262,-0.0689912959933281,-0.06180813908576965,172940,26,4,False,Left,Back,Centre,Left,58
<_io.BytesIO object at 0x000001FF3CC5C220>,0.4122144281864166,-0.0444050207734108,-0.12591992318630219,172940,26,4,False,Left,Back,Centre,Left,58
<_io.BytesIO object at 0x000001FF3CC92CC0>,0.4058099091053009,-0.004390038549900055,-0.10439366102218628,172940,26,4,False,Left,Back,Centre,Left,58
<_io.BytesIO object at 0x000001FF3CC92590>,0.446682333946228,-0.03749636560678482,-0.15250882506370544,172940,26,4,False,Left,Back,Centre,Left,58
<_io.BytesIO object at 0x000001FF3CC92B80>,0.47491922974586487,-0.08632127940654755,-0.1280480921268463,172940,26,4,False,Left,Back,Centre,Left,58
<_io.BytesIO object at 0x000001FF3CC92E50>,0.6426877975463867,0.08067841827869415,-0.1596417874097824,172940,26,4,False,Left,Back,Centre,Left,58
<_io.BytesIO object at 0x000001FF3CC92040>,0.6603103876113892,0.09975388646125793,-0.12607893347740173,172940,26,4,False,Left,Back,Centre,Left,58
<_io.BytesIO object at 0x000001FF3CC92C20>,0.5765097141265869,0.0861731767654419,-0.10732242465019226,172940,26,4,False,Left,Back,Centre,Left,58
<_io.BytesIO object at 0x000001FF3CC92400>,0.6909143328666687,0.07371923327445984,-0.10869044810533524,172940,26,4,False,Left,Back,Centre,Left,58
<_io.BytesIO object at 0x000001FF3FA9CE00>,0.6543795466423035,0.0529198944568634,-0.06520240008831024,172940,26,4,False,Left,Back,Centre,Left,58
<_io.BytesIO object at 0x000001FF3CC5C540>,0.4097207188606262,-0.0689912959933281,-0.06180813908576965,172941,26,4,False,Left,Back,Centre,Left,58
<_io.BytesIO object at 0x000001FF3CC5C630>,0.4122144281864166,-0.0444050207734108,-0.12591992318630219,172941,26,4,False,Left,Back,Centre,Left,58
<_io.BytesIO object at 0x000001FF3CC92B30>,0.4058099091053009,-0.004390038549900055,-0.10439366102218628,172941,26,4,False,Left,Back,Centre,Left,58
<_io.BytesIO object at 0x000001FF3CC92630>,0.446682333946228,-0.03749636560678482,-0.15250882506370544,172941,26,4,False,Left,Back,Centre,Left,58
<_io.BytesIO object at 0x000001FF3CC92A40>,0.47491922974586487,-0.08632127940654755,-0.1280480921268463,172941,26,4,False,Left,Back,Centre,Left,58
<_io.BytesIO object at 0x000001FF3CC92D10>,0.6427492499351501,0.08131156116724014,-0.15977127850055695,172941,26,4,False,Left,Back,Centre,Left,58
<_io.BytesIO object at 0x000001FF3CC927C0>,0.6602925658226013,0.10061154514551163,-0.12618200480937958,172941,26,4,False,Left,Back,Centre,Left,58
<_io.BytesIO object at 0x000001FF3CC929A0>,0.576433002948761,0.08659083396196365,-0.1074841096997261,172941,26,4,False,Left,Back,Centre,Left,58
<_io.BytesIO object at 0x000001FF3CC5C720>,0.6909659504890442,0.07451770454645157,-0.10866846144199371,172941,26,4,False,Left,Back,Centre,Left,58
<_io.BytesIO object at 0x000001FF3CC5C040>,0.6543570756912231,0.053733427077531815,-0.06509197503328323,172941,26,4,False,Left,Back,Centre,Left,58
<_io.BytesIO object at 0x000001FF3CC5C590>,0.4097207188606262,-0.0689912959933281,-0.06180813908576965,172942,26,4,False,Left,Back,Centre,Left,58
<_io.BytesIO object at 0x000001FF3CC5CB80>,0.4122144281864166,-0.0444050207734108,-0.12591992318630219,172942,26,4,False,Left,Back,Centre,Left,58
<_io.BytesIO object at 0x000001FF3FA9C270>,0.4058099091053009,-0.004390038549900055,-0.10439366102218628,172942,26,4,False,Left,Back,Centre,Left,58
<_io.BytesIO object at 0x000001FF3FA9C900>,0.446682333946228,-0.03749636560678482,-0.15250882506370544,172942,26,4,False,Left,Back,Centre,Left,58
<_io.BytesIO object at 0x000001FF3FA9CEF0>,0.47491922974586487,-0.08632127940654755,-0.1280480921268463,172942,26,4,False,Left,Back,Centre,Left,58
<_io.BytesIO object at 0x000001FF3FA9C4A0>,0.6428033709526062,0.08223738521337509,-0.1598292589187622,172942,26,4,False,Left,Back,Centre,Left,58
<_io.BytesIO object at 0x000001FF3FA9C180>,0.6603309512138367,0.1015138253569603,-0.1262999176979065,172942,26,4,False,Left,Back,Centre,Left,58
<_io.BytesIO object at 0x000001FF3FA9CB30>,0.5764081478118896,0.08737483620643616,-0.10777494311332703,172942,26,4,False,Left,Back,Centre,Left,58
<_io.BytesIO object at 0x000001FF3FA9C310>,0.6910357475280762,0.0755402222275734,-0.10875149816274643,172942,26,4,False,Left,Back,Centre,Left,58
<_io.BytesIO object at 0x000001FF3FA9C130>,0.6543066501617432,0.054771538823843,-0.06514711678028107,172942,26,4,False,Left,Back,Centre,Left,58
<_io.BytesIO object at 0x000001FF3FA9CF40>,0.4097207188606262,-0.0689912959933281,-0.06180813908576965,172943,26,4,False,Left,Back,Centre,Left,58
<_io.BytesIO object at 0x000001FF3FA9C450>,0.4122144281864166,-0.0444050207734108,-0.12591992318630219,172943,26,4,False,Left,Back,Centre,Left,58
<_io.BytesIO object at 0x000001FF3FA9C950>,0.4058099091053009,-0.004390038549900055,-0.10439366102218628,172943,26,4,False,Left,Back,Centre,Left,58
<_io.BytesIO object at 0x000001FF3FA9C220>,0.446682333946228,-0.03749636560678482,-0.15250882506370544,172943,26,4,False,Left,Back,Centre,Left,58
<_io.BytesIO object at 0x000001FF3FA9C180>,0.47491922974586487,-0.08632127940654755,-0.1280480921268463,172943,26,4,False,Left,Back,Centre,Left,58
<_io.BytesIO object at 0x000001FF3FA9C270>,0.6429102420806885,0.0832560583949089,-0.15991546213626862,172943,26,4,False,Left,Back,Centre,Left,58
<_io.BytesIO object at 0x000001FF3CC5C720>,0.660430371761322,0.10280946642160416,-0.12645702064037323,172943,26,4,False,Left,Back,Centre,Left,58
<_io.BytesIO object at 0x000001FF3CC5CE00>,0.5764384865760803,0.08844654262065887,-0.10818640142679214,172943,26,4,False,Left,Back,Centre,Left,58
<_io.BytesIO object at 0x000001FF3CC5C180>,0.6911843419075012,0.07673756033182144,-0.10882976651191711,172943,26,4,False,Left,Back,Centre,Left,58
<_io.BytesIO object at 0x000001FF3CC5C0E0>,0.654266893863678,0.05611608549952507,-0.06520973891019821,172943,26,4,False,Left,Back,Centre,Left,58
<_io.BytesIO object at 0x000001FF3FA9C6D0>,0.4097207188606262,-0.0689912959933281,-0.06180813908576965,172944,26,4,False,Left,Back,Centre,Left,58
<_io.BytesIO object at 0x000001FF3FA9CAE0>,0.4122144281864166,-0.0444050207734108,-0.12591992318630219,172944,26,4,False,Left,Back,Centre,Left,58
<_io.BytesIO object at 0x000001FF3FA9C630>,0.4058099091053009,-0.004390038549900055,-0.10439366102218628,172944,26,4,False,Left,Back,Centre,Left,58
<_io.BytesIO object at 0x000001FF3FA9CC70>,0.446682333946228,-0.03749636560678482,-0.15250882506370544,172944,26,4,False,Left,Back,Centre,Left,58
<_io.BytesIO object at 0x000001FF3FA9CF90>,0.47491922974586487,-0.08632127940654755,-0.1280480921268463,172944,26,4,False,Left,Back,Centre,Left,58
<_io.BytesIO object at 0x000001FF3FA9C400>,0.6430734395980835,0.08457306027412415,-0.16019831597805023,172944,26,4,False,Left,Back,Centre,Left,58
<_io.BytesIO object at 0x000001FF3CC5CA40>,0.6606746315956116,0.10419961810112,-0.1267814338207245,172944,26,4,False,Left,Back,Centre,Left,58
<_io.BytesIO object at 0x000001FF3CC5C900>,0.5764680504798889,0.0899612307548523,-0.10860580950975418,172944,26,4,False,Left,Back,Centre,Left,58
<_io.BytesIO object at 0x000001FF3CC5C950>,0.6913270950317383,0.07803025841712952,-0.10907238721847534,172944,26,4,False,Left,Back,Centre,Left,58
<_io.BytesIO object at 0x000001FF3CC5C5E0>,0.6542140245437622,0.057822052389383316,-0.06518597900867462,172944,26,4,False,Left,Back,Centre,Left,58
<_io.BytesIO object at 0x000001FF3FA9CD10>,0.4097207188606262,-0.0689912959933281,-0.06180813908576965,172945,26,4,False,Left,Back,Centre,Left,58
<_io.BytesIO object at 0x000001FF3FA9C590>,0.4122144281864166,-0.0444050207734108,-0.12591992318630219,172945,26,4,False,Left,Back,Centre,Left,58
<_io.BytesIO object at 0x000001FF3CC5C590>,0.4058099091053009,-0.004390038549900055,-0.10439366102218628,172945,26,4,False,Left,Back,Centre,Left,58
<_io.BytesIO object at 0x000001FF3CC5C270>,0.446682333946228,-0.03749636560678482,-0.15250882506370544,172945,26,4,False,Left,Back,Centre,Left,58
<_io.BytesIO object at 0x000001FF3CC5CDB0>,0.47491922974586487,-0.08632127940654755,-0.1280480921268463,172945,26,4,False,Left,Back,Centre,Left,58
<_io.BytesIO object at 0x000001FF3CC5C900>,0.643392026424408,0.08607351779937744,-0.16078871488571167,172945,26,4,False,Left,Back,Centre,Left,58
<_io.BytesIO object at 0x000001FF3CC5CD10>,0.6609013080596924,0.10560168325901031,-0.1271851360797882,172945,26,4,False,Left,Back,Centre,Left,58
<_io.BytesIO object at 0x000001FF3CC5C9F0>,0.5765494704246521,0.09182661026716232,-0.1090255156159401,172945,26,4,False,Left,Back,Centre,Left,58
<_io.BytesIO object at 0x000001FF3CC5C810>,0.6913660764694214,0.07950738817453384,-0.10938844829797745,172945,26,4,False,Left,Back,Centre,Left,58
<_io.BytesIO object at 0x000001FF3CC92720>,0.6541862487792969,0.059916894882917404,-0.0652412697672844,172945,26,4,False,Left,Back,Centre,Left,58
<_io.BytesIO object at 0x000001FF3FA9CA40>,0.4097207188606262,-0.0689912959933281,-0.06180813908576965,172946,26,4,False,Left,Back,Centre,Left,58
<_io.BytesIO object at 0x000001FF3FA9C6D0>,0.4122144281864166,-0.0444050207734108,-0.12591992318630219,172946,26,4,False,Left,Back,Centre,Left,58
<_io.BytesIO object at 0x000001FF3FA9CAE0>,0.4058099091053009,-0.004390038549900055,-0.10439366102218628,172946,26,4,False,Left,Back,Centre,Left,58
<_io.BytesIO object at 0x000001FF3CC921D0>,0.446682333946228,-0.03749636560678482,-0.15250882506370544,172946,26,4,False,Left,Back,Centre,Left,58
<_io.BytesIO object at 0x000001FF3CC92D60>,0.47491922974586487,-0.08632127940654755,-0.1280480921268463,172946,26,4,False,Left,Back,Centre,Left,58
<_io.BytesIO object at 0x000001FF3CC92E50>,0.6434720754623413,0.08778572827577591,-0.16112573444843292,172946,26,4,False,Left,Back,Centre,Left,58
<_io.BytesIO object at 0x000001FF3CC920E0>,0.6611151099205017,0.10721680521965027,-0.12775248289108276,172946,26,4,False,Left,Back,Centre,Left,58
<_io.BytesIO object at 0x000001FF3CC92B30>,0.5767428874969482,0.09404557943344116,-0.10952698439359665,172946,26,4,False,Left,Back,Centre,Left,58
<_io.BytesIO object at 0x000001FF3CC92BD0>,0.6914238333702087,0.0810794085264206,-0.10968345403671265,172946,26,4,False,Left,Back,Centre,Left,58
<_io.BytesIO object at 0x000001FF3CC92360>,0.6541456580162048,0.06227365881204605,-0.06538381427526474,172946,26,4,False,Left,Back,Centre,Left,58
<_io.BytesIO object at 0x000001FF3FA9C0E0>,0.4097207188606262,-0.0689912959933281,-0.06180813908576965,172947,26,4,False,Left,Back,Centre,Left,58
<_io.BytesIO object at 0x000001FF3FA9CDB0>,0.4122144281864166,-0.0444050207734108,-0.12591992318630219,172947,26,4,False,Left,Back,Centre,Left,58
<_io.BytesIO object at 0x000001FF3CC5C180>,0.4058099091053009,-0.004390038549900055,-0.10439366102218628,172947,26,4,False,Left,Back,Centre,Left,58
<_io.BytesIO object at 0x000001FF3CC5CC70>,0.446682333946228,-0.03749636560678482,-0.15250882506370544,172947,26,4,False,Left,Back,Centre,Left,58
<_io.BytesIO object at 0x000001FF3CC5C040>,0.47491922974586487,-0.08632127940654755,-0.1280480921268463,172947,26,4,False,Left,Back,Centre,Left,58
<_io.BytesIO object at 0x000001FF3CC5CB80>,0.6435561776161194,0.08907122164964676,-0.16149578988552094,172947,26,4,False,Left,Back,Centre,Left,58
<_io.BytesIO object at 0x000001FF3CC5CA40>,0.6613572239875793,0.108924500644207,-0.1283980906009674,172947,26,4,False,Left,Back,Centre,Left,58
<_io.BytesIO object at 0x000001FF3CC5C860>,0.5768832564353943,0.09664558619260788,-0.11005102097988129,172947,26,4,False,Left,Back,Centre,Left,58
<_io.BytesIO object at 0x000001FF3CC5C9F0>,0.6914433240890503,0.0826159343123436,-0.11014974117279053,172947,26,4,False,Left,Back,Centre,Left,58
<_io.BytesIO object at 0x000001FF3CC92720>,0.6541264057159424,0.06468579918146133,-0.06556743383407593,172947,26,4,False,Left,Back,Centre,Left,58
<_io.BytesIO object at 0x000001FF3FA9C590>,0.4097207188606262,-0.0689912959933281,-0.06180813908576965,172948,26,4,False,Left,Back,Centre,Left,58
<_io.BytesIO object at 0x000001FF3FA9CBD0>,0.4122144281864166,-0.0444050207734108,-0.12591992318630219,172948,26,4,False,Left,Back,Centre,Left,58
<_io.BytesIO object at 0x000001FF3FA9C310>,0.4058099091053009,-0.004390038549900055,-0.10439366102218628,172948,26,4,False,Left,Back,Centre,Left,58
<_io.BytesIO object at 0x000001FF3CC92270>,0.446682333946228,-0.03749636560678482,-0.15250882506370544,172948,26,4,False,Left,Back,Centre,Left,58
<_io.BytesIO object at 0x000001FF3CC92EA0>,0.47491922974586487,-0.08632127940654755,-0.1280480921268463,172948,26,4,False,Left,Back,Centre,Left,58
<_io.BytesIO object at 0x000001FF3FA9C2C0>,0.6437634229660034,0.09077102690935135,-0.16208454966545105,172948,26,4,False,Left,Back,Centre,Left,58
<_io.BytesIO object at 0x000001FF3FA9CF90>,0.6616554856300354,0.11069418489933014,-0.12884438037872314,172948,26,4,False,Left,Back,Centre,Left,58
<_io.BytesIO object at 0x000001FF3FA9C130>,0.5771089196205139,0.09941751509904861,-0.11051303148269653,172948,26,4,False,Left,Back,Centre,Left,58
<_io.BytesIO object at 0x000001FF3FA9CEF0>,0.6915072202682495,0.08423236012458801,-0.1105213612318039,172948,26,4,False,Left,Back,Centre,Left,58
<_io.BytesIO object at 0x000001FF3FA9CF40>,0.6540024280548096,0.0669863298535347,-0.06595119088888168,172948,26,4,False,Left,Back,Centre,Left,58
<_io.BytesIO object at 0x000001FF3FA9C220>,0.4097207188606262,-0.0689912959933281,-0.06180813908576965,172949,26,4,False,Left,Back,Centre,Left,58
<_io.BytesIO object at 0x000001FF3FA9CEF0>,0.4122144281864166,-0.0444050207734108,-0.12591992318630219,172949,26,4,False,Left,Back,Centre,Left,58
<_io.BytesIO object at 0x000001FF3CC5C3B0>,0.4058099091053009,-0.004390038549900055,-0.10439366102218628,172949,26,4,False,Left,Back,Centre,Left,58
<_io.BytesIO object at 0x000001FF3CC5C680>,0.446682333946228,-0.03749636560678482,-0.15250882506370544,172949,26,4,False,Left,Back,Centre,Left,58
<_io.BytesIO object at 0x000001FF3CC5CEF0>,0.47491922974586487,-0.08632127940654755,-0.1280480921268463,172949,26,4,False,Left,Back,Centre,Left,58
<_io.BytesIO object at 0x000001FF3CC5C1D0>,0.6439464688301086,0.09251989424228668,-0.1625916212797165,172949,26,4,False,Left,Back,Centre,Left,58
<_io.BytesIO object at 0x000001FF3CC5C630>,0.661984384059906,0.11234704405069351,-0.1293918490409851,172949,26,4,False,Left,Back,Centre,Left,58
<_io.BytesIO object at 0x000001FF3CC5CC20>,0.5774182677268982,0.10240474343299866,-0.11100981384515762,172949,26,4,False,Left,Back,Centre,Left,58
<_io.BytesIO object at 0x000001FF3CC5C090>,0.6914970874786377,0.08574412018060684,-0.11091543734073639,172949,26,4,False,Left,Back,Centre,Left,58
<_io.BytesIO object at 0x000001FF3CC92EA0>,0.653917670249939,0.0691431388258934,-0.06628597527742386,172949,26,4,False,Left,Back,Centre,Left,58
<_io.BytesIO object at 0x000001FF3CC5CD60>,0.4097207188606262,-0.0689912959933281,-0.06180813908576965,172950,26,4,False,Left,Back,Centre,Left,58
<_io.BytesIO object at 0x000001FF3CC5C720>,0.4122144281864166,-0.0444050207734108,-0.12591992318630219,172950,26,4,False,Left,Back,Centre,Left,58
<_io.BytesIO object at 0x000001FF3CC5C130>,0.4058099091053009,-0.004390038549900055,-0.10439366102218628,172950,26,4,False,Left,Back,Centre,Left,58
<_io.BytesIO object at 0x000001FF3CC5C900>,0.446682333946228,-0.03749636560678482,-0.15250882506370544,172950,26,4,False,Left,Back,Centre,Left,58
<_io.BytesIO object at 0x000001FF3CC5C860>,0.47491922974586487,-0.08632127940654755,-0.1280480921268463,172950,26,4,False,Left,Back,Centre,Left,58
<_io.BytesIO object at 0x000001FF3CC5C1D0>,0.643976628780365,0.09435519576072693,-0.16299185156822205,172950,26,4,False,Left,Back,Centre,Left,58
<_io.BytesIO object at 0x000001FF3FA9C720>,0.6622216701507568,0.11408364772796631,-0.12996673583984375,172950,26,4,False,Left,Back,Centre,Left,58
<_io.BytesIO object at 0x000001FF3FA9CBD0>,0.5777291059494019,0.10551567375659943,-0.11135005205869675,172950,26,4,False,Left,Back,Centre,Left,58
<_io.BytesIO object at 0x000001FF3FA9C040>,0.6915020942687988,0.08715275675058365,-0.11137084662914276,172950,26,4,False,Left,Back,Centre,Left,58
<_io.BytesIO object at 0x000001FF3FA9CAE0>,0.6537737250328064,0.071186862885952,-0.06664194911718369,172950,26,4,False,Left,Back,Centre,Left,58
<_io.BytesIO object at 0x000001FF3CC5C400>,0.4097207188606262,-0.0689912959933281,-0.06180813908576965,172951,26,4,False,Left,Back,Centre,Left,58
<_io.BytesIO object at 0x000001FF3CC5C680>,0.4122144281864166,-0.0444050207734108,-0.12591992318630219,172951,26,4,False,Left,Back,Centre,Left,58
<_io.BytesIO object at 0x000001FF3FA9CAE0>,0.4058099091053009,-0.004390038549900055,-0.10439366102218628,172951,26,4,False,Left,Back,Centre,Left,58
<_io.BytesIO object at 0x000001FF3FA9C2C0>,0.446682333946228,-0.03749636560678482,-0.15250882506370544,172951,26,4,False,Left,Back,Centre,Left,58
<_io.BytesIO object at 0x000001FF3FA9C860>,0.47491922974586487,-0.08632127940654755,-0.1280480921268463,172951,26,4,False,Left,Back,Centre,Left,58
<_io.BytesIO object at 0x000001FF3FA9CF90>,0.6439983248710632,0.09615021198987961,-0.16336478292942047,172951,26,4,False,Left,Back,Centre,Left,58
<_io.BytesIO object at 0x000001FF3FA9C400>,0.6623649597167969,0.11579561233520508,-0.1303906887769699,172951,26,4,False,Left,Back,Centre,Left,58
<_io.BytesIO object at 0x000001FF3FA9CEF0>,0.578135073184967,0.10843506455421448,-0.111684650182724,172951,26,4,False,Left,Back,Centre,Left,58
<_io.BytesIO object at 0x000001FF3FA9C130>,0.6915348172187805,0.08857659995555878,-0.11181611567735672,172951,26,4,False,Left,Back,Centre,Left,58
<_io.BytesIO object at 0x000001FF3CC92450>,0.6536769866943359,0.07327491044998169,-0.06705734133720398,172951,26,4,False,Left,Back,Centre,Left,58
<_io.BytesIO object at 0x000001FF3FA9CE50>,0.4097207188606262,-0.0689912959933281,-0.06180813908576965,172952,26,4,False,Left,Back,Centre,Left,58
<_io.BytesIO object at 0x000001FF3CC5CE00>,0.4122144281864166,-0.0444050207734108,-0.12591992318630219,172952,26,4,False,Left,Back,Centre,Left,58
<_io.BytesIO object at 0x000001FF3CC5CDB0>,0.4058099091053009,-0.004390038549900055,-0.10439366102218628,172952,26,4,False,Left,Back,Centre,Left,58
<_io.BytesIO object at 0x000001FF3CC5C7C0>,0.446682333946228,-0.03749636560678482,-0.15250882506370544,172952,26,4,False,Left,Back,Centre,Left,58
<_io.BytesIO object at 0x000001FF3CC5CC70>,0.47491922974586487,-0.08632127940654755,-0.1280480921268463,172952,26,4,False,Left,Back,Centre,Left,58
<_io.BytesIO object at 0x000001FF3CC5C810>,0.6440723538398743,0.09789301455020905,-0.16367249190807343,172952,26,4,False,Left,Back,Centre,Left,58
<_io.BytesIO object at 0x000001FF3CC92D10>,0.6626690030097961,0.11735023558139801,-0.1308014988899231,172952,26,4,False,Left,Back,Centre,Left,58
<_io.BytesIO object at 0x000001FF3CC923B0>,0.5784931778907776,0.1112876608967781,-0.11202679574489594,172952,26,4,False,Left,Back,Centre,Left,58
<_io.BytesIO object at 0x000001FF3CC921D0>,0.6915700435638428,0.08992226421833038,-0.11221257597208023,172952,26,4,False,Left,Back,Centre,Left,58
<_io.BytesIO object at 0x000001FF3CC92720>,0.653561532497406,0.07508912682533264,-0.06732006371021271,172952,26,4,False,Left,Back,Centre,Left,58
<_io.BytesIO object at 0x000001FF3FA9C400>,0.4097207188606262,-0.0689912959933281,-0.06180813908576965,172953,26,4,False,Left,Back,Centre,Left,58
<_io.BytesIO object at 0x000001FF3FA9CAE0>,0.4122144281864166,-0.0444050207734108,-0.12591992318630219,172953,26,4,False,Left,Back,Centre,Left,58
<_io.BytesIO object at 0x000001FF3CC5CB80>,0.4058099091053009,-0.004390038549900055,-0.10439366102218628,172953,26,4,False,Left,Back,Centre,Left,58
<_io.BytesIO object at 0x000001FF3CC5C4F0>,0.446682333946228,-0.03749636560678482,-0.15250882506370544,172953,26,4,False,Left,Back,Centre,Left,58
<_io.BytesIO object at 0x000001FF3CC5CBD0>,0.47491922974586487,-0.08632127940654755,-0.1280480921268463,172953,26,4,False,Left,Back,Centre,Left,58
<_io.BytesIO object at 0x000001FF3CC5C3B0>,0.6441943645477295,0.09954791516065598,-0.1639733463525772,172953,26,4,False,Left,Back,Centre,Left,58
<_io.BytesIO object at 0x000001FF3CC5C5E0>,0.6628475785255432,0.11891834437847137,-0.13111278414726257,172953,26,4,False,Left,Back,Centre,Left,58
<_io.BytesIO object at 0x000001FF3CC5C6D0>,0.5787873864173889,0.11384094506502151,-0.1122317761182785,172953,26,4,False,Left,Back,Centre,Left,58
<_io.BytesIO object at 0x000001FF3CC92310>,0.6915616393089294,0.09123477339744568,-0.1124897301197052,172953,26,4,False,Left,Back,Centre,Left,58
<_io.BytesIO object at 0x000001FF3CC92F90>,0.653513491153717,0.07690473645925522,-0.06750746816396713,172953,26,4,False,Left,Back,Centre,Left,58
<_io.BytesIO object at 0x000001FF3CC5C270>,0.4097207188606262,-0.0689912959933281,-0.06180813908576965,172954,26,4,False,Left,Back,Centre,Left,58
<_io.BytesIO object at 0x000001FF3CC5C1D0>,0.4122144281864166,-0.0444050207734108,-0.12591992318630219,172954,26,4,False,Left,Back,Centre,Left,58
<_io.BytesIO object at 0x000001FF3FA9CC70>,0.4058099091053009,-0.004390038549900055,-0.10439366102218628,172954,26,4,False,Left,Back,Centre,Left,58
<_io.BytesIO object at 0x000001FF3FA9C630>,0.446682333946228,-0.03749636560678482,-0.15250882506370544,172954,26,4,False,Left,Back,Centre,Left,58
<_io.BytesIO object at 0x000001FF3FA9C860>,0.47491922974586487,-0.08632127940654755,-0.1280480921268463,172954,26,4,False,Left,Back,Centre,Left,58
<_io.BytesIO object at 0x000001FF3FA9C680>,0.6442787647247314,0.1010054349899292,-0.16420917212963104,172954,26,4,False,Left,Back,Centre,Left,58
<_io.BytesIO object at 0x000001FF3FA9C1D0>,0.6630967855453491,0.1202310249209404,-0.13131141662597656,172954,26,4,False,Left,Back,Centre,Left,58
<_io.BytesIO object at 0x000001FF3FA9C130>,0.5791371464729309,0.11609308421611786,-0.11236687004566193,172954,26,4,False,Left,Back,Centre,Left,58
<_io.BytesIO object at 0x000001FF3FA9C3B0>,0.691628634929657,0.09235774725675583,-0.11262567341327667,172954,26,4,False,Left,Back,Centre,Left,58
<_io.BytesIO object at 0x000001FF3CC92AE0>,0.6535041928291321,0.0785679891705513,-0.06760728359222412,172954,26,4,False,Left,Back,Centre,Left,58
<_io.BytesIO object at 0x000001FF3FA9CC20>,0.4097207188606262,-0.0689912959933281,-0.06180813908576965,172955,26,4,False,Left,Back,Centre,Left,58
<_io.BytesIO object at 0x000001FF3FA9C270>,0.4122144281864166,-0.0444050207734108,-0.12591992318630219,172955,26,4,False,Left,Back,Centre,Left,58
<_io.BytesIO object at 0x000001FF3CC5C270>,0.4058099091053009,-0.004390038549900055,-0.10439366102218628,172955,26,4,False,Left,Back,Centre,Left,58
<_io.BytesIO object at 0x000001FF3CC5C810>,0.446682333946228,-0.03749636560678482,-0.15250882506370544,172955,26,4,False,Left,Back,Centre,Left,58
<_io.BytesIO object at 0x000001FF3CC5C6D0>,0.47491922974586487,-0.08632127940654755,-0.1280480921268463,172955,26,4,False,Left,Back,Centre,Left,58
<_io.BytesIO object at 0x000001FF3CC5C130>,0.6444862484931946,0.1021159291267395,-0.16426090896129608,172955,26,4,False,Left,Back,Centre,Left,58
<_io.BytesIO object at 0x000001FF3CC5CCC0>,0.663379430770874,0.12139783799648285,-0.131536066532135,172955,26,4,False,Left,Back,Centre,Left,58
<_io.BytesIO object at 0x000001FF3CC5CE00>,0.5794165730476379,0.11795768141746521,-0.11251351982355118,172955,26,4,False,Left,Back,Centre,Left,58
<_io.BytesIO object at 0x000001FF3CC5C630>,0.6916829943656921,0.09343857318162918,-0.11283407360315323,172955,26,4,False,Left,Back,Centre,Left,58
<_io.BytesIO object at 0x000001FF3CC92E50>,0.653502345085144,0.08006936311721802,-0.06766388565301895,172955,26,4,False,Left,Back,Centre,Left,58
<_io.BytesIO object at 0x000001FF3CC5CF40>,0.4097207188606262,-0.0689912959933281,-0.06180813908576965,172956,26,4,False,Left,Back,Centre,Left,58
<_io.BytesIO object at 0x000001FF3CC5C360>,0.4122144281864166,-0.0444050207734108,-0.12591992318630219,172956,26,4,False,Left,Back,Centre,Left,58
<_io.BytesIO object at 0x000001FF3CC5CD60>,0.4058099091053009,-0.004390038549900055,-0.10439366102218628,172956,26,4,False,Left,Back,Centre,Left,58
<_io.BytesIO object at 0x000001FF3CC5CB30>,0.446682333946228,-0.03749636560678482,-0.15250882506370544,172956,26,4,False,Left,Back,Centre,Left,58
<_io.BytesIO object at 0x000001FF3CC5C180>,0.47491922974586487,-0.08632127940654755,-0.1280480921268463,172956,26,4,False,Left,Back,Centre,Left,58
<_io.BytesIO object at 0x000001FF3CC5C130>,0.6445555686950684,0.1032789945602417,-0.164297416806221,172956,26,4,False,Left,Back,Centre,Left,58
<_io.BytesIO object at 0x000001FF3FA9C1D0>,0.6635178923606873,0.12248992174863815,-0.13155922293663025,172956,26,4,False,Left,Back,Centre,Left,58
<_io.BytesIO object at 0x000001FF3FA9CEA0>,0.5796716213226318,0.11951929330825806,-0.11260591447353363,172956,26,4,False,Left,Back,Centre,Left,58
<_io.BytesIO object at 0x000001FF3FA9C950>,0.6917429566383362,0.09444534778594971,-0.11287835240364075,172956,26,4,False,Left,Back,Centre,Left,58
<_io.BytesIO object at 0x000001FF3FA9C220>,0.6534827947616577,0.08129841834306717,-0.06756734848022461,172956,26,4,False,Left,Back,Centre,Left,58
<_io.BytesIO object at 0x000001FF3CC5C4F0>,0.4097207188606262,-0.0689912959933281,-0.06180813908576965,172957,26,4,False,Left,Back,Centre,Left,58
<_io.BytesIO object at 0x000001FF3CC5C2C0>,0.4122144281864166,-0.0444050207734108,-0.12591992318630219,172957,26,4,False,Left,Back,Centre,Left,58
<_io.BytesIO object at 0x000001FF3FA9C630>,0.4058099091053009,-0.004390038549900055,-0.10439366102218628,172957,26,4,False,Left,Back,Centre,Left,58
<_io.BytesIO object at 0x000001FF3FA9C6D0>,0.446682333946228,-0.03749636560678482,-0.15250882506370544,172957,26,4,False,Left,Back,Centre,Left,58
<_io.BytesIO object at 0x000001FF3FA9CB80>,0.47491922974586487,-0.08632127940654755,-0.1280480921268463,172957,26,4,False,Left,Back,Centre,Left,58
<_io.BytesIO object at 0x000001FF3FA9C1D0>,0.6446362733840942,0.10419103503227234,-0.16423775255680084,172957,26,4,False,Left,Back,Centre,Left,58
<_io.BytesIO object at 0x000001FF3FA9CC20>,0.6636096835136414,0.1234058365225792,-0.13167473673820496,172957,26,4,False,Left,Back,Centre,Left,58
<_io.BytesIO object at 0x000001FF3FA9C860>,0.5798266530036926,0.1208537220954895,-0.11254014074802399,172957,26,4,False,Left,Back,Centre,Left,58
<_io.BytesIO object at 0x000001FF3FA9C540>,0.6918733716011047,0.0952439233660698,-0.1129259541630745,172957,26,4,False,Left,Back,Centre,Left,58
<_io.BytesIO object at 0x000001FF3CC920E0>,0.6534390449523926,0.08235122263431549,-0.06741564720869064,172957,26,4,False,Left,Back,Centre,Left,58
<_io.BytesIO object at 0x000001FF3FA9CE50>,0.4097207188606262,-0.0689912959933281,-0.06180813908576965,172958,26,4,False,Left,Back,Centre,Left,58
<_io.BytesIO object at 0x000001FF3FA9C0E0>,0.4122144281864166,-0.0444050207734108,-0.12591992318630219,172958,26,4,False,Left,Back,Centre,Left,58
<_io.BytesIO object at 0x000001FF3CC5CC70>,0.4058099091053009,-0.004390038549900055,-0.10439366102218628,172958,26,4,False,Left,Back,Centre,Left,58
<_io.BytesIO object at 0x000001FF3CC5C220>,0.446682333946228,-0.03749636560678482,-0.15250882506370544,172958,26,4,False,Left,Back,Centre,Left,58
<_io.BytesIO object at 0x000001FF3CC5CBD0>,0.47491922974586487,-0.08632127940654755,-0.1280480921268463,172958,26,4,False,Left,Back,Centre,Left,58
<_io.BytesIO object at 0x000001FF3CC5C680>,0.6445961594581604,0.10508359968662262,-0.16413655877113342,172958,26,4,False,Left,Back,Centre,Left,58
<_io.BytesIO object at 0x000001FF3CC5CD10>,0.6638309359550476,0.12414059787988663,-0.13157393038272858,172958,26,4,False,Left,Back,Centre,Left,58
<_io.BytesIO object at 0x000001FF3CC5C810>,0.5799840688705444,0.12183653563261032,-0.1124744564294815,172958,26,4,False,Left,Back,Centre,Left,58
<_io.BytesIO object at 0x000001FF3CC5C5E0>,0.691959798336029,0.09585129469633102,-0.11285240948200226,172958,26,4,False,Left,Back,Centre,Left,58
<_io.BytesIO object at 0x000001FF3CC926D0>,0.6534383296966553,0.083060622215271,-0.06730678677558899,172958,26,4,False,Left,Back,Centre,Left,58
<_io.BytesIO object at 0x000001FF3CC5CA40>,0.4097207188606262,-0.0689912959933281,-0.06180813908576965,172959,26,4,False,Left,Back,Centre,Left,58
<_io.BytesIO object at 0x000001FF3CC5CB30>,0.4122144281864166,-0.0444050207734108,-0.12591992318630219,172959,26,4,False,Left,Back,Centre,Left,58
<_io.BytesIO object at 0x000001FF3CC5C270>,0.4058099091053009,-0.004390038549900055,-0.10439366102218628,172959,26,4,False,Left,Back,Centre,Left,58
<_io.BytesIO object at 0x000001FF3CC5CDB0>,0.446682333946228,-0.03749636560678482,-0.15250882506370544,172959,26,4,False,Left,Back,Centre,Left,58
<_io.BytesIO object at 0x000001FF3FA9CF90>,0.47491922974586487,-0.08632127940654755,-0.1280480921268463,172959,26,4,False,Left,Back,Centre,Left,58
<_io.BytesIO object at 0x000001FF3FA9C450>,0.6446587443351746,0.10567017644643784,-0.1639898717403412,172959,26,4,False,Left,Back,Centre,Left,58
<_io.BytesIO object at 0x000001FF3FA9C4F0>,0.6638795733451843,0.12468785792589188,-0.13128316402435303,172959,26,4,False,Left,Back,Centre,Left,58
<_io.BytesIO object at 0x000001FF3FA9CB80>,0.5800303816795349,0.12262411415576935,-0.11226103454828262,172959,26,4,False,Left,Back,Centre,Left,58
<_io.BytesIO object at 0x000001FF3FA9C590>,0.6919765472412109,0.09642387926578522,-0.11269711703062057,172959,26,4,False,Left,Back,Centre,Left,58
<_io.BytesIO object at 0x000001FF3FA9C5E0>,0.6534027457237244,0.08352901041507721,-0.06712106615304947,172959,26,4,False,Left,Back,Centre,Left,58
<_io.BytesIO object at 0x000001FF3FA9C310>,0.4097207188606262,-0.0689912959933281,-0.06180813908576965,172960,26,4,False,Left,Back,Centre,Left,58
<_io.BytesIO object at 0x000001FF3FA9C540>,0.4122144281864166,-0.0444050207734108,-0.12591992318630219,172960,26,4,False,Left,Back,Centre,Left,58
<_io.BytesIO object at 0x000001FF3FA9C2C0>,0.4058099091053009,-0.004390038549900055,-0.10439366102218628,172960,26,4,False,Left,Back,Centre,Left,58
<_io.BytesIO object at 0x000001FF3FA9C900>,0.446682333946228,-0.03749636560678482,-0.15250882506370544,172960,26,4,False,Left,Back,Centre,Left,58
<_io.BytesIO object at 0x000001FF3FA9C770>,0.47491922974586487,-0.08632127940654755,-0.1280480921268463,172960,26,4,False,Left,Back,Centre,Left,58
<_io.BytesIO object at 0x000001FF3FA9C9F0>,0.6447992920875549,0.10610288381576538,-0.16382692754268646,172960,26,4,False,Left,Back,Centre,Left,58
<_io.BytesIO object at 0x000001FF3CC5CC70>,0.6638941764831543,0.12504255771636963,-0.13106828927993774,172960,26,4,False,Left,Back,Centre,Left,58
<_io.BytesIO object at 0x000001FF3CC5C9F0>,0.5800943970680237,0.12311036884784698,-0.11201391369104385,172960,26,4,False,Left,Back,Centre,Left,58
<_io.BytesIO object at 0x000001FF3CC5CD60>,0.6920006275177002,0.09674037992954254,-0.11251930147409439,172960,26,4,False,Left,Back,Centre,Left,58
<_io.BytesIO object at 0x000001FF3CC5C950>,0.6533811092376709,0.0838058814406395,-0.06690169125795364,172960,26,4,False,Left,Back,Centre,Left,58
<_io.BytesIO object at 0x000001FF3CC5C090>,0.4097207188606262,-0.0689912959933281,-0.06180813908576965,172961,26,4,False,Left,Back,Centre,Left,58
<_io.BytesIO object at 0x000001FF3CC5CC20>,0.4122144281864166,-0.0444050207734108,-0.12591992318630219,172961,26,4,False,Left,Back,Centre,Left,58
<_io.BytesIO object at 0x000001FF3CC5CA90>,0.4058099091053009,-0.004390038549900055,-0.10439366102218628,172961,26,4,False,Left,Back,Centre,Left,58
<_io.BytesIO object at 0x000001FF3CC5C400>,0.446682333946228,-0.03749636560678482,-0.15250882506370544,172961,26,4,False,Left,Back,Centre,Left,58
<_io.BytesIO object at 0x000001FF3CC92A90>,0.47491922974586487,-0.08632127940654755,-0.1280480921268463,172961,26,4,False,Left,Back,Centre,Left,58
<_io.BytesIO object at 0x000001FF3CC92D60>,0.6448048949241638,0.10635821521282196,-0.16352501511573792,172961,26,4,False,Left,Back,Centre,Left,58
<_io.BytesIO object at 0x000001FF3CC92A40>,0.6639328598976135,0.12523168325424194,-0.13083699345588684,172961,26,4,False,Left,Back,Centre,Left,58
<_io.BytesIO object at 0x000001FF3CC928B0>,0.5801280736923218,0.12337422370910645,-0.11175425350666046,172961,26,4,False,Left,Back,Centre,Left,58
<_io.BytesIO object at 0x000001FF3CC92270>,0.6920210123062134,0.09687867760658264,-0.11236659437417984,172961,26,4,False,Left,Back,Centre,Left,58
<_io.BytesIO object at 0x000001FF3CC92220>,0.6533762812614441,0.08390133827924728,-0.06666003912687302,172961,26,4,False,Left,Back,Centre,Left,58
<_io.BytesIO object at 0x000001FF3CC5C590>,0.4097207188606262,-0.0689912959933281,-0.06180813908576965,172962,26,4,False,Left,Back,Centre,Left,58
<_io.BytesIO object at 0x000001FF3FA9CD10>,0.4122144281864166,-0.0444050207734108,-0.12591992318630219,172962,26,4,False,Left,Back,Centre,Left,58
<_io.BytesIO object at 0x000001FF3FA9C400>,0.4058099091053009,-0.004390038549900055,-0.10439366102218628,172962,26,4,False,Left,Back,Centre,Left,58
<_io.BytesIO object at 0x000001FF3FA9C180>,0.446682333946228,-0.03749636560678482,-0.15250882506370544,172962,26,4,False,Left,Back,Centre,Left,58
<_io.BytesIO object at 0x000001FF3FA9C2C0>,0.47491922974586487,-0.08632127940654755,-0.1280480921268463,172962,26,4,False,Left,Back,Centre,Left,58
<_io.BytesIO object at 0x000001FF3FA9CF40>,0.6447826027870178,0.1064191460609436,-0.16320425271987915,172962,26,4,False,Left,Back,Centre,Left,58
<_io.BytesIO object at 0x000001FF3CC92EF0>,0.6639326214790344,0.12523014843463898,-0.13059590756893158,172962,26,4,False,Left,Back,Centre,Left,58
<_io.BytesIO object at 0x000001FF3CC92770>,0.5801267623901367,0.1234244778752327,-0.11141519248485565,172962,26,4,False,Left,Back,Centre,Left,58
<_io.BytesIO object at 0x000001FF3CC92C20>,0.6920058131217957,0.09676923602819443,-0.11210189759731293,172962,26,4,False,Left,Back,Centre,Left,58
<_io.BytesIO object at 0x000001FF3CC92DB0>,0.6533610820770264,0.08385385572910309,-0.06638040393590927,172962,26,4,False,Left,Back,Centre,Left,58
<_io.BytesIO object at 0x000001FF3FA9C540>,0.4097207188606262,-0.0689912959933281,-0.06180813908576965,172963,26,4,False,Left,Back,Centre,Left,58
<_io.BytesIO object at 0x000001FF3FA9C810>,0.4122144281864166,-0.0444050207734108,-0.12591992318630219,172963,26,4,False,Left,Back,Centre,Left,58
<_io.BytesIO object at 0x000001FF3FA9CBD0>,0.4058099091053009,-0.004390038549900055,-0.10439366102218628,172963,26,4,False,Left,Back,Centre,Left,58
<_io.BytesIO object at 0x000001FF3CC92EF0>,0.446682333946228,-0.03749636560678482,-0.15250882506370544,172963,26,4,False,Left,Back,Centre,Left,58
<_io.BytesIO object at 0x000001FF3CC92400>,0.47491922974586487,-0.08632127940654755,-0.1280480921268463,172963,26,4,False,Left,Back,Centre,Left,58
<_io.BytesIO object at 0x000001FF3CC92090>,0.6446947455406189,0.10625918209552765,-0.16288813948631287,172963,26,4,False,Left,Back,Centre,Left,58
<_io.BytesIO object at 0x000001FF3CC924F0>,0.6639233827590942,0.12501494586467743,-0.1302359402179718,172963,26,4,False,Left,Back,Centre,Left,58
<_io.BytesIO object at 0x000001FF3CC92A90>,0.580086886882782,0.1232866421341896,-0.11109553277492523,172963,26,4,False,Left,Back,Centre,Left,58
<_io.BytesIO object at 0x000001FF3CC92860>,0.6919863224029541,0.09652839601039886,-0.1117810606956482,172963,26,4,False,Left,Back,Centre,Left,58
<_io.BytesIO object at 0x000001FF3CC926D0>,0.6533331871032715,0.08364523202180862,-0.06606073677539825,172963,26,4,False,Left,Back,Centre,Left,58
<_io.BytesIO object at 0x000001FF3CCB1400>,0.4097207188606262,-0.0689912959933281,-0.06180813908576965,172964,26,4,False,Left,Back,Centre,Left,58
<_io.BytesIO object at 0x000001FF3CC5AA40>,0.4122144281864166,-0.0444050207734108,-0.12591992318630219,172964,26,4,False,Left,Back,Centre,Left,58
<_io.BytesIO object at 0x000001FF3CC5A400>,0.4058099091053009,-0.004390038549900055,-0.10439366102218628,172964,26,4,False,Left,Back,Centre,Left,58
<_io.BytesIO object at 0x000001FF3CC5A310>,0.446682333946228,-0.03749636560678482,-0.15250882506370544,172964,26,4,False,Left,Back,Centre,Left,58
<_io.BytesIO object at 0x000001FF3CC5AB30>,0.47491922974586487,-0.08632127940654755,-0.1280480921268463,172964,26,4,False,Left,Back,Centre,Left,58
<_io.BytesIO object at 0x000001FF3CCB3130>,0.6446690559387207,0.10600008815526962,-0.1625748574733734,172964,26,4,False,Left,Back,Centre,Left,58
<_io.BytesIO object at 0x000001FF3CCB34F0>,0.6639189720153809,0.12460238486528397,-0.12976685166358948,172964,26,4,False,Left,Back,Centre,Left,58
<_io.BytesIO object at 0x000001FF3CCB38B0>,0.5800508260726929,0.12280408293008804,-0.11077670007944107,172964,26,4,False,Left,Back,Centre,Left,58
<_io.BytesIO object at 0x000001FF3CCB3F40>,0.691972017288208,0.09615151584148407,-0.11143806576728821,172964,26,4,False,Left,Back,Centre,Left,58
<_io.BytesIO object at 0x000001FF3CCB3AE0>,0.6532707214355469,0.08322755247354507,-0.06575851887464523,172964,26,4,False,Left,Back,Centre,Left,58
<_io.BytesIO object at 0x000001FF3FA911D0>,0.4097207188606262,-0.0689912959933281,-0.06180813908576965,172965,26,4,False,Left,Back,Centre,Left,58
<_io.BytesIO object at 0x000001FF3CCBA1D0>,0.4122144281864166,-0.0444050207734108,-0.12591992318630219,172965,26,4,False,Left,Back,Centre,Left,58
<_io.BytesIO object at 0x000001FF3CCBAAE0>,0.4058099091053009,-0.004390038549900055,-0.10439366102218628,172965,26,4,False,Left,Back,Centre,Left,58
<_io.BytesIO object at 0x000001FF3CCBAD10>,0.446682333946228,-0.03749636560678482,-0.15250882506370544,172965,26,4,False,Left,Back,Centre,Left,58
<_io.BytesIO object at 0x000001FF3CCBA3B0>,0.47491922974586487,-0.08632127940654755,-0.1280480921268463,172965,26,4,False,Left,Back,Centre,Left,58
<_io.BytesIO object at 0x000001FF3CCBA6D0>,0.6446589231491089,0.10552650690078735,-0.16219565272331238,172965,26,4,False,Left,Back,Centre,Left,58
<_io.BytesIO object at 0x000001FF3CCBA180>,0.6638399362564087,0.12418630719184875,-0.12936457991600037,172965,26,4,False,Left,Back,Centre,Left,58
<_io.BytesIO object at 0x000001FF3FC26EA0>,0.5799961090087891,0.12222090363502502,-0.11045829951763153,172965,26,4,False,Left,Back,Centre,Left,58
<_io.BytesIO object at 0x000001FF3FC267C0>,0.6919056177139282,0.09567199647426605,-0.11106513440608978,172965,26,4,False,Left,Back,Centre,Left,58
<_io.BytesIO object at 0x000001FF3FC26D10>,0.6532027721405029,0.08252201229333878,-0.06538399308919907,172965,26,4,False,Left,Back,Centre,Left,58
<_io.BytesIO object at 0x000001FF3FACA4A0>,0.4097207188606262,-0.0689912959933281,-0.06180813908576965,172966,26,4,False,Left,Back,Centre,Left,58
<_io.BytesIO object at 0x000001FF3FACAB80>,0.4122144281864166,-0.0444050207734108,-0.12591992318630219,172966,26,4,False,Left,Back,Centre,Left,58
<_io.BytesIO object at 0x000001FF3CC068B0>,0.4058099091053009,-0.004390038549900055,-0.10439366102218628,172966,26,4,False,Left,Back,Centre,Left,58
<_io.BytesIO object at 0x000001FF3CC06A90>,0.446682333946228,-0.03749636560678482,-0.15250882506370544,172966,26,4,False,Left,Back,Centre,Left,58
<_io.BytesIO object at 0x000001FF3CC06720>,0.47491922974586487,-0.08632127940654755,-0.1280480921268463,172966,26,4,False,Left,Back,Centre,Left,58
<_io.BytesIO object at 0x000001FF3CC06CC0>,0.6446475386619568,0.10488452017307281,-0.16185811161994934,172966,26,4,False,Left,Back,Centre,Left,58
<_io.BytesIO object at 0x000001FF3CC063B0>,0.6637741327285767,0.12349919974803925,-0.1289231926202774,172966,26,4,False,Left,Back,Centre,Left,58
<_io.BytesIO object at 0x000001FF3CC06E00>,0.5799148082733154,0.12136382609605789,-0.11010269075632095,172966,26,4,False,Left,Back,Centre,Left,58
<_io.BytesIO object at 0x000001FF3CC069F0>,0.691778302192688,0.09495557844638824,-0.11066585779190063,172966,26,4,False,Left,Back,Centre,Left,58
<_io.BytesIO object at 0x000001FF3CC06220>,0.6531564593315125,0.08176558464765549,-0.0650465190410614,172966,26,4,False,Left,Back,Centre,Left,58
<_io.BytesIO object at 0x000001FF3CC06CC0>,0.4097207188606262,-0.0689912959933281,-0.06180813908576965,172967,26,4,False,Left,Back,Centre,Left,58
<_io.BytesIO object at 0x000001FF3CC06F40>,0.4122144281864166,-0.0444050207734108,-0.12591992318630219,172967,26,4,False,Left,Back,Centre,Left,58
<_io.BytesIO object at 0x000001FF3FACA4A0>,0.4058099091053009,-0.004390038549900055,-0.10439366102218628,172967,26,4,False,Left,Back,Centre,Left,58
<_io.BytesIO object at 0x000001FF3FACA7C0>,0.446682333946228,-0.03749636560678482,-0.15250882506370544,172967,26,4,False,Left,Back,Centre,Left,58
<_io.BytesIO object at 0x000001FF3FACAAE0>,0.47491922974586487,-0.08632127940654755,-0.1280480921268463,172967,26,4,False,Left,Back,Centre,Left,58
<_io.BytesIO object at 0x000001FF3FACAD10>,0.6445149779319763,0.10429522395133972,-0.1614551991224289,172967,26,4,False,Left,Back,Centre,Left,58
<_io.BytesIO object at 0x000001FF3FACA360>,0.6636775732040405,0.12276618927717209,-0.12843385338783264,172967,26,4,False,Left,Back,Centre,Left,58
<_io.BytesIO object at 0x000001FF3FACA590>,0.579735517501831,0.12038769572973251,-0.10974477976560593,172967,26,4,False,Left,Back,Centre,Left,58
<_io.BytesIO object at 0x000001FF3FACA1D0>,0.6917262673377991,0.09416554868221283,-0.11023148149251938,172967,26,4,False,Left,Back,Centre,Left,58
<_io.BytesIO object at 0x000001FF3FA71F90>,0.6530337333679199,0.0806591734290123,-0.06472686678171158,172967,26,4,False,Left,Back,Centre,Left,58
<_io.BytesIO object at 0x000001FF3CCBA5E0>,0.4097207188606262,-0.0689912959933281,-0.06180813908576965,172968,26,4,False,Left,Back,Centre,Left,58
<_io.BytesIO object at 0x000001FF3CCBAD10>,0.4122144281864166,-0.0444050207734108,-0.12591992318630219,172968,26,4,False,Left,Back,Centre,Left,58
<_io.BytesIO object at 0x000001FF3CCBACC0>,0.4058099091053009,-0.004390038549900055,-0.10439366102218628,172968,26,4,False,Left,Back,Centre,Left,58
<_io.BytesIO object at 0x000001FF3CCBAB80>,0.446682333946228,-0.03749636560678482,-0.15250882506370544,172968,26,4,False,Left,Back,Centre,Left,58
<_io.BytesIO object at 0x000001FF3CCBA590>,0.47491922974586487,-0.08632127940654755,-0.1280480921268463,172968,26,4,False,Left,Back,Centre,Left,58
<_io.BytesIO object at 0x000001FF3FA91B30>,0.6444551348686218,0.10347195714712143,-0.16101287305355072,172968,26,4,False,Left,Back,Centre,Left,58
<_io.BytesIO object at 0x000001FF3FA91BD0>,0.6635981798171997,0.12188984453678131,-0.12800942361354828,172968,26,4,False,Left,Back,Centre,Left,58
<_io.BytesIO object at 0x000001FF3FA914A0>,0.5795382261276245,0.11911022663116455,-0.10933230817317963,172968,26,4,False,Left,Back,Centre,Left,58
<_io.BytesIO object at 0x000001FF3FA91590>,0.6915754079818726,0.09332098066806793,-0.10979705303907394,172968,26,4,False,Left,Back,Centre,Left,58
<_io.BytesIO object at 0x000001FF3FA919F0>,0.6528523564338684,0.07951352745294571,-0.06449300050735474,172968,26,4,False,Left,Back,Centre,Left,58
<_io.BytesIO object at 0x000001FF3CCB3B30>,0.4097207188606262,-0.0689912959933281,-0.06180813908576965,172969,26,4,False,Left,Back,Centre,Left,58
<_io.BytesIO object at 0x000001FF3CC5A310>,0.4122144281864166,-0.0444050207734108,-0.12591992318630219,172969,26,4,False,Left,Back,Centre,Left,58
<_io.BytesIO object at 0x000001FF3CC5A2C0>,0.4058099091053009,-0.004390038549900055,-0.10439366102218628,172969,26,4,False,Left,Back,Centre,Left,58
<_io.BytesIO object at 0x000001FF3CC5AF90>,0.446682333946228,-0.03749636560678482,-0.15250882506370544,172969,26,4,False,Left,Back,Centre,Left,58
<_io.BytesIO object at 0x000001FF3CC5AEA0>,0.47491922974586487,-0.08632127940654755,-0.1280480921268463,172969,26,4,False,Left,Back,Centre,Left,58
<_io.BytesIO object at 0x000001FF380150E0>,0.6442604660987854,0.10275228321552277,-0.1606285572052002,172969,26,4,False,Left,Back,Centre,Left,58
<_io.BytesIO object at 0x000001FF38015770>,0.6633453965187073,0.12102298438549042,-0.1275537759065628,172969,26,4,False,Left,Back,Centre,Left,58
<_io.BytesIO object at 0x000001FF3CCB1360>,0.579207718372345,0.11779572069644928,-0.1089731901884079,172969,26,4,False,Left,Back,Centre,Left,58
<_io.BytesIO object at 0x000001FF3CCB1220>,0.6914463043212891,0.09237298369407654,-0.10973554104566574,172969,26,4,False,Left,Back,Centre,Left,58
<_io.BytesIO object at 0x000001FF3CCB1770>,0.6527501344680786,0.07825221121311188,-0.06425933539867401,172969,26,4,False,Left,Back,Centre,Left,58
<_io.BytesIO object at 0x000001FF3CC92090>,0.4097207188606262,-0.0689912959933281,-0.06180813908576965,172970,26,4,False,Left,Back,Centre,Left,58
<_io.BytesIO object at 0x000001FF3CC920E0>,0.4122144281864166,-0.0444050207734108,-0.12591992318630219,172970,26,4,False,Left,Back,Centre,Left,58
<_io.BytesIO object at 0x000001FF3FA9C450>,0.4058099091053009,-0.004390038549900055,-0.10439366102218628,172970,26,4,False,Left,Back,Centre,Left,58
<_io.BytesIO object at 0x000001FF3FA9CE00>,0.446682333946228,-0.03749636560678482,-0.15250882506370544,172970,26,4,False,Left,Back,Centre,Left,58
<_io.BytesIO object at 0x000001FF3FA9C950>,0.47491922974586487,-0.08632127940654755,-0.1280480921268463,172970,26,4,False,Left,Back,Centre,Left,58
<_io.BytesIO object at 0x000001FF3FA9C310>,0.6440595388412476,0.10187194496393204,-0.16034631431102753,172970,26,4,False,Left,Back,Centre,Left,58
<_io.BytesIO object at 0x000001FF3FA9CA90>,0.6629936099052429,0.12011703103780746,-0.12696215510368347,172970,26,4,False,Left,Back,Centre,Left,58
<_io.BytesIO object at 0x000001FF3FA9CF40>,0.5788782835006714,0.11624665558338165,-0.10864567756652832,172970,26,4,False,Left,Back,Centre,Left,58
<_io.BytesIO object at 0x000001FF3FA9CF90>,0.6913568377494812,0.09138025343418121,-0.10940279811620712,172970,26,4,False,Left,Back,Centre,Left,58
<_io.BytesIO object at 0x000001FF3CC5CA40>,0.6526188254356384,0.07687237113714218,-0.06403566151857376,172970,26,4,False,Left,Back,Centre,Left,58
<_io.BytesIO object at 0x000001FF3CBFA770>,0.4097207188606262,-0.0689912959933281,-0.06180813908576965,172971,26,4,False,Left,Back,Centre,Left,58
<_io.BytesIO object at 0x000001FF3CBFAD60>,0.4122144281864166,-0.0444050207734108,-0.12591992318630219,172971,26,4,False,Left,Back,Centre,Left,58
<_io.BytesIO object at 0x000001FF3CC6EB80>,0.4058099091053009,-0.004390038549900055,-0.10439366102218628,172971,26,4,False,Left,Back,Centre,Left,58
<_io.BytesIO object at 0x000001FF3CC6ED10>,0.446682333946228,-0.03749636560678482,-0.15250882506370544,172971,26,4,False,Left,Back,Centre,Left,58
<_io.BytesIO object at 0x000001FF3CC6E900>,0.47491922974586487,-0.08632127940654755,-0.1280480921268463,172971,26,4,False,Left,Back,Centre,Left,58
<_io.BytesIO object at 0x000001FF3CC6ED60>,0.643924355506897,0.10092412680387497,-0.16004367172718048,172971,26,4,False,Left,Back,Centre,Left,58
<_io.BytesIO object at 0x000001FF3CC6E040>,0.6627165675163269,0.11918694525957108,-0.12661346793174744,172971,26,4,False,Left,Back,Centre,Left,58
<_io.BytesIO object at 0x000001FF3CC6E9A0>,0.5784865617752075,0.11455734074115753,-0.10825316607952118,172971,26,4,False,Left,Back,Centre,Left,58
<_io.BytesIO object at 0x000001FF3CC6E720>,0.691159725189209,0.09052368253469467,-0.10910691320896149,172971,26,4,False,Left,Back,Centre,Left,58
<_io.BytesIO object at 0x000001FF3CC6EC20>,0.652517557144165,0.07553257793188095,-0.06391045451164246,172971,26,4,False,Left,Back,Centre,Left,58
<_io.BytesIO object at 0x000001FF3CC6EB80>,0.4097207188606262,-0.0689912959933281,-0.06180813908576965,172972,26,4,False,Left,Back,Centre,Left,58
<_io.BytesIO object at 0x000001FF3CC5C590>,0.4122144281864166,-0.0444050207734108,-0.12591992318630219,172972,26,4,False,Left,Back,Centre,Left,58
<_io.BytesIO object at 0x000001FF3CC5CCC0>,0.4058099091053009,-0.004390038549900055,-0.10439366102218628,172972,26,4,False,Left,Back,Centre,Left,58
<_io.BytesIO object at 0x000001FF3CC5CA90>,0.446682333946228,-0.03749636560678482,-0.15250882506370544,172972,26,4,False,Left,Back,Centre,Left,58
<_io.BytesIO object at 0x000001FF3CC5C900>,0.47491922974586487,-0.08632127940654755,-0.1280480921268463,172972,26,4,False,Left,Back,Centre,Left,58
<_io.BytesIO object at 0x000001FF3CC5C9A0>,0.6438191533088684,0.09993049502372742,-0.15984505414962769,172972,26,4,False,Left,Back,Centre,Left,58
<_io.BytesIO object at 0x000001FF3FA9CB80>,0.6624103784561157,0.1181040033698082,-0.12645985186100006,172972,26,4,False,Left,Back,Centre,Left,58
<_io.BytesIO object at 0x000001FF3FA9CF90>,0.5780484080314636,0.11279258877038956,-0.1079644113779068,172972,26,4,False,Left,Back,Centre,Left,58
<_io.BytesIO object at 0x000001FF3FA9C040>,0.6910102367401123,0.08951080590486526,-0.10895179212093353,172972,26,4,False,Left,Back,Centre,Left,58
<_io.BytesIO object at 0x000001FF3FA9C680>,0.652413547039032,0.07408127933740616,-0.06379998475313187,172972,26,4,False,Left,Back,Centre,Left,58
<_io.BytesIO object at 0x000001FF3CC92AE0>,0.4097207188606262,-0.0689912959933281,-0.06180813908576965,172973,26,4,False,Left,Back,Centre,Left,58
<_io.BytesIO object at 0x000001FF3CCB1E50>,0.4122144281864166,-0.0444050207734108,-0.12591992318630219,172973,26,4,False,Left,Back,Centre,Left,58
<_io.BytesIO object at 0x000001FF3CCB1860>,0.4058099091053009,-0.004390038549900055,-0.10439366102218628,172973,26,4,False,Left,Back,Centre,Left,58
<_io.BytesIO object at 0x000001FF3CCB1EA0>,0.446682333946228,-0.03749636560678482,-0.15250882506370544,172973,26,4,False,Left,Back,Centre,Left,58
<_io.BytesIO object at 0x000001FF3CCB1A40>,0.47491922974586487,-0.08632127940654755,-0.1280480921268463,172973,26,4,False,Left,Back,Centre,Left,58
<_io.BytesIO object at 0x000001FF3CCB1090>,0.6436545848846436,0.09883075207471848,-0.15960870683193207,172973,26,4,False,Left,Back,Centre,Left,58
<_io.BytesIO object at 0x000001FF3CCB19A0>,0.6621988415718079,0.11702294647693634,-0.12600451707839966,172973,26,4,False,Left,Back,Centre,Left,58
<_io.BytesIO object at 0x000001FF37F5FB30>,0.577592134475708,0.11100204288959503,-0.10774049162864685,172973,26,4,False,Left,Back,Centre,Left,58
<_io.BytesIO object at 0x000001FF38015090>,0.690864086151123,0.08849366754293442,-0.10875314474105835,172973,26,4,False,Left,Back,Centre,Left,58
<_io.BytesIO object at 0x000001FF3CC5A9A0>,0.6523296236991882,0.07265061140060425,-0.06368512660264969,172973,26,4,False,Left,Back,Centre,Left,58
<_io.BytesIO object at 0x000001FF3CCB32C0>,0.4097207188606262,-0.0689912959933281,-0.06180813908576965,172974,26,4,False,Left,Back,Centre,Left,58
<_io.BytesIO object at 0x000001FF3CCB3180>,0.4122144281864166,-0.0444050207734108,-0.12591992318630219,172974,26,4,False,Left,Back,Centre,Left,58
<_io.BytesIO object at 0x000001FF3CCB3A90>,0.4058099091053009,-0.004390038549900055,-0.10439366102218628,172974,26,4,False,Left,Back,Centre,Left,58
<_io.BytesIO object at 0x000001FF3FA91B80>,0.446682333946228,-0.03749636560678482,-0.15250882506370544,172974,26,4,False,Left,Back,Centre,Left,58
<_io.BytesIO object at 0x000001FF3FA916D0>,0.47491922974586487,-0.08632127940654755,-0.1280480921268463,172974,26,4,False,Left,Back,Centre,Left,58
<_io.BytesIO object at 0x000001FF3FA915E0>,0.6435012221336365,0.0977887436747551,-0.15947668254375458,172974,26,4,False,Left,Back,Centre,Left,58
<_io.BytesIO object at 0x000001FF3FA91590>,0.661933958530426,0.11584648489952087,-0.12579450011253357,172974,26,4,False,Left,Back,Centre,Left,58
<_io.BytesIO object at 0x000001FF3FA91680>,0.5772053599357605,0.10908716171979904,-0.10748610645532608,172974,26,4,False,Left,Back,Centre,Left,58
<_io.BytesIO object at 0x000001FF3FA91040>,0.6905911564826965,0.08738790452480316,-0.10842414945363998,172974,26,4,False,Left,Back,Centre,Left,58
<_io.BytesIO object at 0x000001FF3FA91220>,0.6522273421287537,0.07120412588119507,-0.06362219899892807,172974,26,4,False,Left,Back,Centre,Left,58
<_io.BytesIO object at 0x000001FF3FC26630>,0.4097207188606262,-0.0689912959933281,-0.06180813908576965,172975,26,4,False,Left,Back,Centre,Left,58
<_io.BytesIO object at 0x000001FF3FC26CC0>,0.4122144281864166,-0.0444050207734108,-0.12591992318630219,172975,26,4,False,Left,Back,Centre,Left,58
<_io.BytesIO object at 0x000001FF3FC26AE0>,0.4058099091053009,-0.004390038549900055,-0.10439366102218628,172975,26,4,False,Left,Back,Centre,Left,58
<_io.BytesIO object at 0x000001FF3FC26860>,0.446682333946228,-0.03749636560678482,-0.15250882506370544,172975,26,4,False,Left,Back,Centre,Left,58
<_io.BytesIO object at 0x000001FF3FA71A90>,0.47491922974586487,-0.08632127940654755,-0.1280480921268463,172975,26,4,False,Left,Back,Centre,Left,58
<_io.BytesIO object at 0x000001FF3FA71EF0>,0.6433313488960266,0.09646013379096985,-0.1593301147222519,172975,26,4,False,Left,Back,Centre,Left,58
<_io.BytesIO object at 0x000001FF3FACADB0>,0.6616549491882324,0.11451868712902069,-0.12558670341968536,172975,26,4,False,Left,Back,Centre,Left,58
<_io.BytesIO object at 0x000001FF3FACA090>,0.5768552422523499,0.10718984156847,-0.10728846490383148,172975,26,4,False,Left,Back,Centre,Left,58
<_io.BytesIO object at 0x000001FF3FACAD60>,0.6904245615005493,0.08608867228031158,-0.10816662758588791,172975,26,4,False,Left,Back,Centre,Left,58
<_io.BytesIO object at 0x000001FF3FACA130>,0.6520419120788574,0.06960240751504898,-0.06361228227615356,172975,26,4,False,Left,Back,Centre,Left,58
<_io.BytesIO object at 0x000001FF3CC06E00>,0.4097207188606262,-0.0689912959933281,-0.06180813908576965,172976,26,4,False,Left,Back,Centre,Left,58
<_io.BytesIO object at 0x000001FF3CBFA680>,0.4122144281864166,-0.0444050207734108,-0.12591992318630219,172976,26,4,False,Left,Back,Centre,Left,58
<_io.BytesIO object at 0x000001FF3CBFA810>,0.4058099091053009,-0.004390038549900055,-0.10439366102218628,172976,26,4,False,Left,Back,Centre,Left,58
<_io.BytesIO object at 0x000001FF3CBFAE50>,0.446682333946228,-0.03749636560678482,-0.15250882506370544,172976,26,4,False,Left,Back,Centre,Left,58
<_io.BytesIO object at 0x000001FF3CBFADB0>,0.47491922974586487,-0.08632127940654755,-0.1280480921268463,172976,26,4,False,Left,Back,Centre,Left,58
<_io.BytesIO object at 0x000001FF3CBFAC70>,0.6430521011352539,0.09523914754390717,-0.15913525223731995,172976,26,4,False,Left,Back,Centre,Left,58
<_io.BytesIO object at 0x000001FF3CBFA720>,0.6612547636032104,0.11314865946769714,-0.12532344460487366,172976,26,4,False,Left,Back,Centre,Left,58
<_io.BytesIO object at 0x000001FF3CBFAEF0>,0.5765796899795532,0.10529927909374237,-0.10715384781360626,172976,26,4,False,Left,Back,Centre,Left,58
<_io.BytesIO object at 0x000001FF3CCAE720>,0.6901057958602905,0.08481882512569427,-0.10789556801319122,172976,26,4,False,Left,Back,Centre,Left,58
<_io.BytesIO object at 0x000001FF3CCAE590>,0.6517852544784546,0.0677609071135521,-0.06376079469919205,172976,26,4,False,Left,Back,Centre,Left,58
<_io.BytesIO object at 0x000001FF3CBFA0E0>,0.4097207188606262,-0.0689912959933281,-0.06180813908576965,172977,26,4,False,Left,Back,Centre,Left,58
<_io.BytesIO object at 0x000001FF3CC067C0>,0.4122144281864166,-0.0444050207734108,-0.12591992318630219,172977,26,4,False,Left,Back,Centre,Left,58
<_io.BytesIO object at 0x000001FF3CC06C70>,0.4058099091053009,-0.004390038549900055,-0.10439366102218628,172977,26,4,False,Left,Back,Centre,Left,58
<_io.BytesIO object at 0x000001FF3CC06590>,0.446682333946228,-0.03749636560678482,-0.15250882506370544,172977,26,4,False,Left,Back,Centre,Left,58
<_io.BytesIO object at 0x000001FF3CC06130>,0.47491922974586487,-0.08632127940654755,-0.1280480921268463,172977,26,4,False,Left,Back,Centre,Left,58
<_io.BytesIO object at 0x000001FF3FACA270>,0.6429076790809631,0.09393206238746643,-0.15895937383174896,172977,26,4,False,Left,Back,Centre,Left,58
<_io.BytesIO object at 0x000001FF3FACA9A0>,0.6609280705451965,0.11179305613040924,-0.12492302805185318,172977,26,4,False,Left,Back,Centre,Left,58
<_io.BytesIO object at 0x000001FF3FACACC0>,0.5763110518455505,0.10344576835632324,-0.10693956166505814,172977,26,4,False,Left,Back,Centre,Left,58
<_io.BytesIO object at 0x000001FF3FACA7C0>,0.6899278163909912,0.08331044763326645,-0.10763975977897644,172977,26,4,False,Left,Back,Centre,Left,58
<_io.BytesIO object at 0x000001FF3FACAE50>,0.6515828371047974,0.06565754115581512,-0.06402327120304108,172977,26,4,False,Left,Back,Centre,Left,58
<_io.BytesIO object at 0x000001FF3FC267C0>,0.4097207188606262,-0.0689912959933281,-0.06180813908576965,172978,26,4,False,Left,Back,Centre,Left,58
<_io.BytesIO object at 0x000001FF3FC269F0>,0.4122144281864166,-0.0444050207734108,-0.12591992318630219,172978,26,4,False,Left,Back,Centre,Left,58
<_io.BytesIO object at 0x000001FF3CCBA450>,0.4058099091053009,-0.004390038549900055,-0.10439366102218628,172978,26,4,False,Left,Back,Centre,Left,58
<_io.BytesIO object at 0x000001FF3CCBA3B0>,0.446682333946228,-0.03749636560678482,-0.15250882506370544,172978,26,4,False,Left,Back,Centre,Left,58
<_io.BytesIO object at 0x000001FF3CCBA360>,0.47491922974586487,-0.08632127940654755,-0.1280480921268463,172978,26,4,False,Left,Back,Centre,Left,58
<_io.BytesIO object at 0x000001FF3CCBAEF0>,0.6427183747291565,0.09270722419023514,-0.15863262116909027,172978,26,4,False,Left,Back,Centre,Left,58
<_io.BytesIO object at 0x000001FF3CCBAB80>,0.6608480215072632,0.11029764264822006,-0.1246642991900444,172978,26,4,False,Left,Back,Centre,Left,58
<_io.BytesIO object at 0x000001FF3CCBA540>,0.576056957244873,0.1014750748872757,-0.10661103576421738,172978,26,4,False,Left,Back,Centre,Left,58
<_io.BytesIO object at 0x000001FF3CCBA1D0>,0.6897712349891663,0.08178602904081345,-0.10738736391067505,172978,26,4,False,Left,Back,Centre,Left,58
<_io.BytesIO object at 0x000001FF3FA912C0>,0.651437520980835,0.06314989924430847,-0.06438805907964706,172978,26,4,False,Left,Back,Centre,Left,58
<_io.BytesIO object at 0x000001FF3CCB3680>,0.4097207188606262,-0.0689912959933281,-0.06180813908576965,172979,26,4,False,Left,Back,Centre,Left,58
<_io.BytesIO object at 0x000001FF3CCB3590>,0.4122144281864166,-0.0444050207734108,-0.12591992318630219,172979,26,4,False,Left,Back,Centre,Left,58
<_io.BytesIO object at 0x000001FF3CC5A310>,0.4058099091053009,-0.004390038549900055,-0.10439366102218628,172979,26,4,False,Left,Back,Centre,Left,58
<_io.BytesIO object at 0x000001FF3CC5AB30>,0.446682333946228,-0.03749636560678482,-0.15250882506370544,172979,26,4,False,Left,Back,Centre,Left,58
<_io.BytesIO object at 0x000001FF3CC5A680>,0.47491922974586487,-0.08632127940654755,-0.1280480921268463,172979,26,4,False,Left,Back,Centre,Left,58
<_io.BytesIO object at 0x000001FF3CC5A8B0>,0.6427643895149231,0.09162787348031998,-0.1583937555551529,172979,26,4,False,Left,Back,Centre,Left,58
<_io.BytesIO object at 0x000001FF3CC5AC70>,0.660804033279419,0.10895035415887833,-0.1240573525428772,172979,26,4,False,Left,Back,Centre,Left,58
<_io.BytesIO object at 0x000001FF3CC5A360>,0.575806200504303,0.0995618999004364,-0.10632819682359695,172979,26,4,False,Left,Back,Centre,Left,58
<_io.BytesIO object at 0x000001FF3CC5AA40>,0.6896950602531433,0.08038295805454254,-0.1071944385766983,172979,26,4,False,Left,Back,Centre,Left,58
<_io.BytesIO object at 0x000001FF38015220>,0.651378870010376,0.060645751655101776,-0.06486289203166962,172979,26,4,False,Left,Back,Centre,Left,58
<_io.BytesIO object at 0x000001FF3CC92AE0>,0.4097207188606262,-0.0689912959933281,-0.06180813908576965,172980,26,4,False,Left,Back,Centre,Left,58
<_io.BytesIO object at 0x000001FF3CC92040>,0.4122144281864166,-0.0444050207734108,-0.12591992318630219,172980,26,4,False,Left,Back,Centre,Left,58
<_io.BytesIO object at 0x000001FF3CC92400>,0.4058099091053009,-0.004390038549900055,-0.10439366102218628,172980,26,4,False,Left,Back,Centre,Left,58
<_io.BytesIO object at 0x000001FF3CC92A40>,0.446682333946228,-0.03749636560678482,-0.15250882506370544,172980,26,4,False,Left,Back,Centre,Left,58
<_io.BytesIO object at 0x000001FF3FA9CC70>,0.47491922974586487,-0.08632127940654755,-0.1280480921268463,172980,26,4,False,Left,Back,Centre,Left,58
<_io.BytesIO object at 0x000001FF3FA9C810>,0.6428507566452026,0.09062694758176804,-0.15817277133464813,172980,26,4,False,Left,Back,Centre,Left,58
<_io.BytesIO object at 0x000001FF3FA9C4F0>,0.6606706976890564,0.1078130304813385,-0.12360871583223343,172980,26,4,False,Left,Back,Centre,Left,58
<_io.BytesIO object at 0x000001FF3FA9CA40>,0.5755385160446167,0.09754878282546997,-0.10622218251228333,172980,26,4,False,Left,Back,Centre,Left,58
<_io.BytesIO object at 0x000001FF3FA9C950>,0.6897094249725342,0.07909954339265823,-0.10700533539056778,172980,26,4,False,Left,Back,Centre,Left,58
<_io.BytesIO object at 0x000001FF3FA9C6D0>,0.6511909365653992,0.058073561638593674,-0.06532127410173416,172980,26,4,False,Left,Back,Centre,Left,58
<_io.BytesIO object at 0x000001FF3CC5C6D0>,0.4097207188606262,-0.0689912959933281,-0.06180813908576965,172981,26,4,False,Left,Back,Centre,Left,58
<_io.BytesIO object at 0x000001FF3CC6E4F0>,0.4122144281864166,-0.0444050207734108,-0.12591992318630219,172981,26,4,False,Left,Back,Centre,Left,58
<_io.BytesIO object at 0x000001FF3CC6EA90>,0.4058099091053009,-0.004390038549900055,-0.10439366102218628,172981,26,4,False,Left,Back,Centre,Left,58
<_io.BytesIO object at 0x000001FF3CC6E950>,0.446682333946228,-0.03749636560678482,-0.15250882506370544,172981,26,4,False,Left,Back,Centre,Left,58
<_io.BytesIO object at 0x000001FF3CC6EA40>,0.47491922974586487,-0.08632127940654755,-0.1280480921268463,172981,26,4,False,Left,Back,Centre,Left,58
<_io.BytesIO object at 0x000001FF3CC6E4A0>,0.6429334878921509,0.08999836444854736,-0.158011794090271,172981,26,4,False,Left,Back,Centre,Left,58
<_io.BytesIO object at 0x000001FF3CCAE130>,0.6607261300086975,0.10699823498725891,-0.12303256243467331,172981,26,4,False,Left,Back,Centre,Left,58
<_io.BytesIO object at 0x000001FF3CCAE270>,0.5754075050354004,0.09567946940660477,-0.10628236830234528,172981,26,4,False,Left,Back,Centre,Left,58
<_io.BytesIO object at 0x000001FF3CCAE400>,0.6897338628768921,0.07843874394893646,-0.1066785380244255,172981,26,4,False,Left,Back,Centre,Left,58
<_io.BytesIO object at 0x000001FF3CCAE5E0>,0.6511632800102234,0.05609868839383125,-0.06570646911859512,172981,26,4,False,Left,Back,Centre,Left,58
<_io.BytesIO object at 0x000001FF3CC5C040>,0.4097207188606262,-0.0689912959933281,-0.06180813908576965,172982,26,4,False,Left,Back,Centre,Left,58
<_io.BytesIO object at 0x000001FF3CC5C810>,0.4122144281864166,-0.0444050207734108,-0.12591992318630219,172982,26,4,False,Left,Back,Centre,Left,58
<_io.BytesIO object at 0x000001FF3FA9C770>,0.4058099091053009,-0.004390038549900055,-0.10439366102218628,172982,26,4,False,Left,Back,Centre,Left,58
<_io.BytesIO object at 0x000001FF3FA9CDB0>,0.446682333946228,-0.03749636560678482,-0.15250882506370544,172982,26,4,False,Left,Back,Centre,Left,58
<_io.BytesIO object at 0x000001FF3FA9C400>,0.47491922974586487,-0.08632127940654755,-0.1280480921268463,172982,26,4,False,Left,Back,Centre,Left,58
<_io.BytesIO object at 0x000001FF3FA9C040>,0.6431156992912292,0.08959492295980453,-0.1579301357269287,172982,26,4,False,Left,Back,Centre,Left,58
<_io.BytesIO object at 0x000001FF3FA9CE50>,0.6607070565223694,0.10655364394187927,-0.12281153351068497,172982,26,4,False,Left,Back,Centre,Left,58
<_io.BytesIO object at 0x000001FF3FA9CA40>,0.5753613114356995,0.09413818269968033,-0.1068015918135643,172982,26,4,False,Left,Back,Centre,Left,58
<_io.BytesIO object at 0x000001FF3FA9C860>,0.6897737383842468,0.07801970839500427,-0.10642848163843155,172982,26,4,False,Left,Back,Centre,Left,58
<_io.BytesIO object at 0x000001FF3FA9C1D0>,0.6511005163192749,0.055468253791332245,-0.06584739685058594,172982,26,4,False,Left,Back,Centre,Left,58
<_io.BytesIO object at 0x000001FF3CCB1630>,0.4097207188606262,-0.0689912959933281,-0.06180813908576965,172983,26,4,False,Left,Back,Centre,Left,58
<_io.BytesIO object at 0x000001FF3CCB1DB0>,0.4122144281864166,-0.0444050207734108,-0.12591992318630219,172983,26,4,False,Left,Back,Centre,Left,58
<_io.BytesIO object at 0x000001FF3CCB12C0>,0.4058099091053009,-0.004390038549900055,-0.10439366102218628,172983,26,4,False,Left,Back,Centre,Left,58
<_io.BytesIO object at 0x000001FF3CCB11D0>,0.446682333946228,-0.03749636560678482,-0.15250882506370544,172983,26,4,False,Left,Back,Centre,Left,58
<_io.BytesIO object at 0x000001FF38015400>,0.47491922974586487,-0.08632127940654755,-0.1280480921268463,172983,26,4,False,Left,Back,Centre,Left,58
<_io.BytesIO object at 0x000001FF380150E0>,0.6434453725814819,0.08933385461568832,-0.15813997387886047,172983,26,4,False,Left,Back,Centre,Left,58
<_io.BytesIO object at 0x000001FF3CC5A4A0>,0.6607144474983215,0.10653114318847656,-0.12292517721652985,172983,26,4,False,Left,Back,Centre,Left,58
<_io.BytesIO object at 0x000001FF3CC5A1D0>,0.5751960277557373,0.09311636537313461,-0.1075732409954071,172983,26,4,False,Left,Back,Centre,Left,58
<_io.BytesIO object at 0x000001FF3CC5AC70>,0.6899113059043884,0.07830893248319626,-0.10633993148803711,172983,26,4,False,Left,Back,Centre,Left,58
<_io.BytesIO object at 0x000001FF3CC5A270>,0.6511876583099365,0.055602557957172394,-0.06577787548303604,172983,26,4,False,Left,Back,Centre,Left,58
<_io.BytesIO object at 0x000001FF3FA91360>,0.4097207188606262,-0.0689912959933281,-0.06180813908576965,172984,26,4,False,Left,Back,Centre,Left,58
<_io.BytesIO object at 0x000001FF3CCBA540>,0.4122144281864166,-0.0444050207734108,-0.12591992318630219,172984,26,4,False,Left,Back,Centre,Left,58
<_io.BytesIO object at 0x000001FF3CCBA5E0>,0.4058099091053009,-0.004390038549900055,-0.10439366102218628,172984,26,4,False,Left,Back,Centre,Left,58
<_io.BytesIO object at 0x000001FF3CCBA3B0>,0.446682333946228,-0.03749636560678482,-0.15250882506370544,172984,26,4,False,Left,Back,Centre,Left,58
<_io.BytesIO object at 0x000001FF3CCBA180>,0.47491922974586487,-0.08632127940654755,-0.1280480921268463,172984,26,4,False,Left,Back,Centre,Left,58
<_io.BytesIO object at 0x000001FF3CCBA630>,0.6437880396842957,0.08919259905815125,-0.15847155451774597,172984,26,4,False,Left,Back,Centre,Left,58
<_io.BytesIO object at 0x000001FF3FC267C0>,0.6608206629753113,0.10676281899213791,-0.12323794513940811,172984,26,4,False,Left,Back,Centre,Left,58
<_io.BytesIO object at 0x000001FF3FC26400>,0.5751587152481079,0.0929824635386467,-0.10823775082826614,172984,26,4,False,Left,Back,Centre,Left,58
<_io.BytesIO object at 0x000001FF3FC26180>,0.6900156736373901,0.07875251024961472,-0.10637303441762924,172984,26,4,False,Left,Back,Centre,Left,58
<_io.BytesIO object at 0x000001FF3FC26F90>,0.6511418223381042,0.05623248219490051,-0.06586604565382004,172984,26,4,False,Left,Back,Centre,Left,58
<_io.BytesIO object at 0x000001FF3CCB3720>,0.4097207188606262,-0.0689912959933281,-0.06180813908576965,172985,26,4,False,Left,Back,Centre,Left,58
<_io.BytesIO object at 0x000001FF3CCB33B0>,0.4122144281864166,-0.0444050207734108,-0.12591992318630219,172985,26,4,False,Left,Back,Centre,Left,58
<_io.BytesIO object at 0x000001FF3FACADB0>,0.4058099091053009,-0.004390038549900055,-0.10439366102218628,172985,26,4,False,Left,Back,Centre,Left,58
<_io.BytesIO object at 0x000001FF3FACAAE0>,0.446682333946228,-0.03749636560678482,-0.15250882506370544,172985,26,4,False,Left,Back,Centre,Left,58
<_io.BytesIO object at 0x000001FF3FACA540>,0.47491922974586487,-0.08632127940654755,-0.1280480921268463,172985,26,4,False,Left,Back,Centre,Left,58
<_io.BytesIO object at 0x000001FF3FACAC20>,0.6439537405967712,0.08935368806123734,-0.1588527262210846,172985,26,4,False,Left,Back,Centre,Left,58
<_io.BytesIO object at 0x000001FF3FACAA90>,0.6610175967216492,0.10725919157266617,-0.12379667907953262,172985,26,4,False,Left,Back,Centre,Left,58
<_io.BytesIO object at 0x000001FF3FACACC0>,0.5753868222236633,0.09371239691972733,-0.10892422497272491,172985,26,4,False,Left,Back,Centre,Left,58
<_io.BytesIO object at 0x000001FF3FACA360>,0.6901204586029053,0.07933436334133148,-0.10660818964242935,172985,26,4,False,Left,Back,Centre,Left,58
<_io.BytesIO object at 0x000001FF3FACAC70>,0.6509853005409241,0.05710176005959511,-0.06603682041168213,172985,26,4,False,Left,Back,Centre,Left,58
<_io.BytesIO object at 0x000001FF3CBFA450>,0.4097207188606262,-0.0689912959933281,-0.06180813908576965,172986,26,4,False,Left,Back,Centre,Left,58
<_io.BytesIO object at 0x000001FF3CBFA810>,0.4122144281864166,-0.0444050207734108,-0.12591992318630219,172986,26,4,False,Left,Back,Centre,Left,58
<_io.BytesIO object at 0x000001FF3CC06CC0>,0.4058099091053009,-0.004390038549900055,-0.10439366102218628,172986,26,4,False,Left,Back,Centre,Left,58
<_io.BytesIO object at 0x000001FF3CC06E00>,0.446682333946228,-0.03749636560678482,-0.15250882506370544,172986,26,4,False,Left,Back,Centre,Left,58
<_io.BytesIO object at 0x000001FF3CC06180>,0.47491922974586487,-0.08632127940654755,-0.1280480921268463,172986,26,4,False,Left,Back,Centre,Left,58
<_io.BytesIO object at 0x000001FF3CC06AE0>,0.6440901160240173,0.08985615521669388,-0.15922866761684418,172986,26,4,False,Left,Back,Centre,Left,58
<_io.BytesIO object at 0x000001FF3CC06770>,0.6611334681510925,0.10797671973705292,-0.1242896318435669,172986,26,4,False,Left,Back,Centre,Left,58
<_io.BytesIO object at 0x000001FF3CC06F40>,0.5754146575927734,0.0951656699180603,-0.10985343158245087,172986,26,4,False,Left,Back,Centre,Left,58
<_io.BytesIO object at 0x000001FF3CC066D0>,0.6900655031204224,0.08006873726844788,-0.10687702894210815,172986,26,4,False,Left,Back,Centre,Left,58
<_io.BytesIO object at 0x000001FF3CC06720>,0.6507136225700378,0.058241985738277435,-0.06638164818286896,172986,26,4,False,Left,Back,Centre,Left,58
<_io.BytesIO object at 0x000001FF3CCB37C0>,0.4097207188606262,-0.0689912959933281,-0.06180813908576965,172987,26,4,False,Left,Back,Centre,Left,58
<_io.BytesIO object at 0x000001FF3CCB3E00>,0.4122144281864166,-0.0444050207734108,-0.12591992318630219,172987,26,4,False,Left,Back,Centre,Left,58
<_io.BytesIO object at 0x000001FF3CCB3B30>,0.4058099091053009,-0.004390038549900055,-0.10439366102218628,172987,26,4,False,Left,Back,Centre,Left,58
<_io.BytesIO object at 0x000001FF3FA71A90>,0.446682333946228,-0.03749636560678482,-0.15250882506370544,172987,26,4,False,Left,Back,Centre,Left,58
<_io.BytesIO object at 0x000001FF3FC263B0>,0.47491922974586487,-0.08632127940654755,-0.1280480921268463,172987,26,4,False,Left,Back,Centre,Left,58
<_io.BytesIO object at 0x000001FF3FC265E0>,0.6443436741828918,0.09055919945240021,-0.15989398956298828,172987,26,4,False,Left,Back,Centre,Left,58
<_io.BytesIO object at 0x000001FF3FC26590>,0.661277174949646,0.10882045328617096,-0.12505851686000824,172987,26,4,False,Left,Back,Centre,Left,58
<_io.BytesIO object at 0x000001FF3FC26220>,0.575695812702179,0.0970526859164238,-0.11077067255973816,172987,26,4,False,Left,Back,Centre,Left,58
<_io.BytesIO object at 0x000001FF3FC26360>,0.6900941133499146,0.08098284155130386,-0.107206329703331,172987,26,4,False,Left,Back,Centre,Left,58
<_io.BytesIO object at 0x000001FF3FC268B0>,0.6503075957298279,0.059639137238264084,-0.06663452833890915,172987,26,4,False,Left,Back,Centre,Left,58
<_io.BytesIO object at 0x000001FF3CCBAEA0>,0.4097207188606262,-0.0689912959933281,-0.06180813908576965,172988,26,4,False,Left,Back,Centre,Left,58
<_io.BytesIO object at 0x000001FF3FA91B30>,0.4122144281864166,-0.0444050207734108,-0.12591992318630219,172988,26,4,False,Left,Back,Centre,Left,58
<_io.BytesIO object at 0x000001FF3FA91D60>,0.4058099091053009,-0.004390038549900055,-0.10439366102218628,172988,26,4,False,Left,Back,Centre,Left,58
<_io.BytesIO object at 0x000001FF3FA914F0>,0.446682333946228,-0.03749636560678482,-0.15250882506370544,172988,26,4,False,Left,Back,Centre,Left,58
<_io.BytesIO object at 0x000001FF3FA917C0>,0.47491922974586487,-0.08632127940654755,-0.1280480921268463,172988,26,4,False,Left,Back,Centre,Left,58
<_io.BytesIO object at 0x000001FF3CC5A6D0>,0.6445260643959045,0.09136838465929031,-0.1604350358247757,172988,26,4,False,Left,Back,Centre,Left,58
<_io.BytesIO object at 0x000001FF3CC5AF40>,0.6614792943000793,0.10993176698684692,-0.12587063014507294,172988,26,4,False,Left,Back,Centre,Left,58
<_io.BytesIO object at 0x000001FF3CC5A540>,0.575986921787262,0.09953536838293076,-0.11179418861865997,172988,26,4,False,Left,Back,Centre,Left,58
<_io.BytesIO object at 0x000001FF3CC5A180>,0.6900295615196228,0.08196410536766052,-0.10754448920488358,172988,26,4,False,Left,Back,Centre,Left,58
<_io.BytesIO object at 0x000001FF3CC5A9F0>,0.6499420404434204,0.0616879016160965,-0.06682413816452026,172988,26,4,False,Left,Back,Centre,Left,58
<_io.BytesIO object at 0x000001FF3CCB1EF0>,0.4097207188606262,-0.0689912959933281,-0.06180813908576965,172989,26,4,False,Left,Back,Centre,Left,58
<_io.BytesIO object at 0x000001FF3CCB1900>,0.4122144281864166,-0.0444050207734108,-0.12591992318630219,172989,26,4,False,Left,Back,Centre,Left,58
<_io.BytesIO object at 0x000001FF3CC921D0>,0.4058099091053009,-0.004390038549900055,-0.10439366102218628,172989,26,4,False,Left,Back,Centre,Left,58
<_io.BytesIO object at 0x000001FF3CC92310>,0.446682333946228,-0.03749636560678482,-0.15250882506370544,172989,26,4,False,Left,Back,Centre,Left,58
<_io.BytesIO object at 0x000001FF3CC92E50>,0.47491922974586487,-0.08632127940654755,-0.1280480921268463,172989,26,4,False,Left,Back,Centre,Left,58
<_io.BytesIO object at 0x000001FF3CC92450>,0.6447004079818726,0.09244907647371292,-0.16088652610778809,172989,26,4,False,Left,Back,Centre,Left,58
<_io.BytesIO object at 0x000001FF3CC92EF0>,0.6617054343223572,0.11126495152711868,-0.12654875218868256,172989,26,4,False,Left,Back,Centre,Left,58
<_io.BytesIO object at 0x000001FF3CC920E0>,0.5759807229042053,0.10226647555828094,-0.11304422467947006,172989,26,4,False,Left,Back,Centre,Left,58
<_io.BytesIO object at 0x000001FF3FA9C0E0>,0.6900085806846619,0.08328266441822052,-0.1078805923461914,172989,26,4,False,Left,Back,Centre,Left,58
<_io.BytesIO object at 0x000001FF3FA9C1D0>,0.6495707035064697,0.06407996267080307,-0.06678483635187149,172989,26,4,False,Left,Back,Centre,Left,58
<_io.BytesIO object at 0x000001FF3CC5C090>,0.4097207188606262,-0.0689912959933281,-0.06180813908576965,172990,26,4,False,Left,Back,Centre,Left,58
<_io.BytesIO object at 0x000001FF3CC5C4F0>,0.4122144281864166,-0.0444050207734108,-0.12591992318630219,172990,26,4,False,Left,Back,Centre,Left,58
<_io.BytesIO object at 0x000001FF3CC6E7C0>,0.4058099091053009,-0.004390038549900055,-0.10439366102218628,172990,26,4,False,Left,Back,Centre,Left,58
<_io.BytesIO object at 0x000001FF3CC6E1D0>,0.446682333946228,-0.03749636560678482,-0.15250882506370544,172990,26,4,False,Left,Back,Centre,Left,58
<_io.BytesIO object at 0x000001FF3CC6EB80>,0.47491922974586487,-0.08632127940654755,-0.1280480921268463,172990,26,4,False,Left,Back,Centre,Left,58
<_io.BytesIO object at 0x000001FF3CC6E310>,0.6449292302131653,0.09375458210706711,-0.1614353358745575,172990,26,4,False,Left,Back,Centre,Left,58
<_io.BytesIO object at 0x000001FF3CC6E900>,0.6620364189147949,0.11269934475421906,-0.12732262909412384,172990,26,4,False,Left,Back,Centre,Left,58
<_io.BytesIO object at 0x000001FF3CC6E5E0>,0.5769295692443848,0.10520724952220917,-0.11362610757350922,172990,26,4,False,Left,Back,Centre,Left,58
<_io.BytesIO object at 0x000001FF3CC6E720>,0.6900050044059753,0.08478228747844696,-0.10796540975570679,172990,26,4,False,Left,Back,Centre,Left,58
<_io.BytesIO object at 0x000001FF3CBFAF90>,0.6491287350654602,0.06674475967884064,-0.0665975883603096,172990,26,4,False,Left,Back,Centre,Left,58
<_io.BytesIO object at 0x000001FF3CBFA270>,0.4097207188606262,-0.0689912959933281,-0.06180813908576965,172991,26,4,False,Left,Back,Centre,Left,58
<_io.BytesIO object at 0x000001FF3CBFAEF0>,0.4122144281864166,-0.0444050207734108,-0.12591992318630219,172991,26,4,False,Left,Back,Centre,Left,58
<_io.BytesIO object at 0x000001FF3CBFA950>,0.4058099091053009,-0.004390038549900055,-0.10439366102218628,172991,26,4,False,Left,Back,Centre,Left,58
<_io.BytesIO object at 0x000001FF3CBFA590>,0.446682333946228,-0.03749636560678482,-0.15250882506370544,172991,26,4,False,Left,Back,Centre,Left,58
<_io.BytesIO object at 0x000001FF3CBFAE50>,0.47491922974586487,-0.08632127940654755,-0.1280480921268463,172991,26,4,False,Left,Back,Centre,Left,58
<_io.BytesIO object at 0x000001FF3CBFAA90>,0.6451951265335083,0.09507687389850616,-0.16150233149528503,172991,26,4,False,Left,Back,Centre,Left,58
<_io.BytesIO object at 0x000001FF3CC6E720>,0.6623745560646057,0.11446552723646164,-0.12760742008686066,172991,26,4,False,Left,Back,Centre,Left,58
<_io.BytesIO object at 0x000001FF3CC6E040>,0.577488124370575,0.10842444747686386,-0.11425579339265823,172991,26,4,False,Left,Back,Centre,Left,58
<_io.BytesIO object at 0x000001FF3CC6EEF0>,0.6900217533111572,0.08640893548727036,-0.10792020708322525,172991,26,4,False,Left,Back,Centre,Left,58
<_io.BytesIO object at 0x000001FF3CC6E9F0>,0.648765504360199,0.06966646760702133,-0.06626347452402115,172991,26,4,False,Left,Back,Centre,Left,58
<_io.BytesIO object at 0x000001FF3CC5CA40>,0.4097207188606262,-0.0689912959933281,-0.06180813908576965,172992,26,4,False,Left,Back,Centre,Left,58
<_io.BytesIO object at 0x000001FF3FA9C130>,0.4122144281864166,-0.0444050207734108,-0.12591992318630219,172992,26,4,False,Left,Back,Centre,Left,58
<_io.BytesIO object at 0x000001FF3FA9C7C0>,0.4058099091053009,-0.004390038549900055,-0.10439366102218628,172992,26,4,False,Left,Back,Centre,Left,58
<_io.BytesIO object at 0x000001FF3FA9CA40>,0.446682333946228,-0.03749636560678482,-0.15250882506370544,172992,26,4,False,Left,Back,Centre,Left,58
<_io.BytesIO object at 0x000001FF3FA9C1D0>,0.47491922974586487,-0.08632127940654755,-0.1280480921268463,172992,26,4,False,Left,Back,Centre,Left,58
<_io.BytesIO object at 0x000001FF3FA9CD10>,0.6453489065170288,0.09668329358100891,-0.161468043923378,172992,26,4,False,Left,Back,Centre,Left,58
<_io.BytesIO object at 0x000001FF3CC92F40>,0.6626359820365906,0.11629123240709305,-0.1277347207069397,172992,26,4,False,Left,Back,Centre,Left,58
<_io.BytesIO object at 0x000001FF3CC929A0>,0.577974259853363,0.111617811024189,-0.11476099491119385,172992,26,4,False,Left,Back,Centre,Left,58
<_io.BytesIO object at 0x000001FF3CC927C0>,0.6900573968887329,0.08817287534475327,-0.10769035667181015,172992,26,4,False,Left,Back,Centre,Left,58
<_io.BytesIO object at 0x000001FF3CC92C20>,0.6485228538513184,0.07264427840709686,-0.06576418876647949,172992,26,4,False,Left,Back,Centre,Left,58
<_io.BytesIO object at 0x000001FF3CCB12C0>,0.4097207188606262,-0.0689912959933281,-0.06180813908576965,172993,26,4,False,Left,Back,Centre,Left,58
<_io.BytesIO object at 0x000001FF38015130>,0.4122144281864166,-0.0444050207734108,-0.12591992318630219,172993,26,4,False,Left,Back,Centre,Left,58
<_io.BytesIO object at 0x000001FF3CC5A2C0>,0.4058099091053009,-0.004390038549900055,-0.10439366102218628,172993,26,4,False,Left,Back,Centre,Left,58
<_io.BytesIO object at 0x000001FF3CC5A360>,0.446682333946228,-0.03749636560678482,-0.15250882506370544,172993,26,4,False,Left,Back,Centre,Left,58
<_io.BytesIO object at 0x000001FF3CC5A900>,0.47491922974586487,-0.08632127940654755,-0.1280480921268463,172993,26,4,False,Left,Back,Centre,Left,58
<_io.BytesIO object at 0x000001FF3CC5A270>,0.6455565094947815,0.0985792800784111,-0.16114096343517303,172993,26,4,False,Left,Back,Centre,Left,58
<_io.BytesIO object at 0x000001FF3CC5A540>,0.6628905534744263,0.11823068559169769,-0.12761244177818298,172993,26,4,False,Left,Back,Centre,Left,58
<_io.BytesIO object at 0x000001FF3CC5AE00>,0.5783888697624207,0.11474654823541641,-0.11494043469429016,172993,26,4,False,Left,Back,Centre,Left,58
<_io.BytesIO object at 0x000001FF3FA91270>,0.690112292766571,0.09012636542320251,-0.10723873972892761,172993,26,4,False,Left,Back,Centre,Left,58
<_io.BytesIO object at 0x000001FF3FA918B0>,0.6482541561126709,0.07562685757875443,-0.06504758447408676,172993,26,4,False,Left,Back,Centre,Left,58
<_io.BytesIO object at 0x000001FF3CCBAC20>,0.4097207188606262,-0.0689912959933281,-0.06180813908576965,172994,26,4,False,Left,Back,Centre,Left,58
<_io.BytesIO object at 0x000001FF3CCBA950>,0.4122144281864166,-0.0444050207734108,-0.12591992318630219,172994,26,4,False,Left,Back,Centre,Left,58
<_io.BytesIO object at 0x000001FF3FC26540>,0.4058099091053009,-0.004390038549900055,-0.10439366102218628,172994,26,4,False,Left,Back,Centre,Left,58
<_io.BytesIO object at 0x000001FF3FC266D0>,0.446682333946228,-0.03749636560678482,-0.15250882506370544,172994,26,4,False,Left,Back,Centre,Left,58
<_io.BytesIO object at 0x000001FF3FC26BD0>,0.47491922974586487,-0.08632127940654755,-0.1280480921268463,172994,26,4,False,Left,Back,Centre,Left,58
<_io.BytesIO object at 0x000001FF3FC26D10>,0.6457482576370239,0.10049133747816086,-0.1605054885149002,172994,26,4,False,Left,Back,Centre,Left,58
<_io.BytesIO object at 0x000001FF3FC26E00>,0.663189172744751,0.12031945586204529,-0.12710997462272644,172994,26,4,False,Left,Back,Centre,Left,58
<_io.BytesIO object at 0x000001FF3FC26900>,0.5786427855491638,0.11780441552400589,-0.11490711569786072,172994,26,4,False,Left,Back,Centre,Left,58
<_io.BytesIO object at 0x000001FF3FC265E0>,0.6902625560760498,0.09216220676898956,-0.10658714175224304,172994,26,4,False,Left,Back,Centre,Left,58
<_io.BytesIO object at 0x000001FF3FC26450>,0.6480047106742859,0.07863043248653412,-0.06407985836267471,172994,26,4,False,Left,Back,Centre,Left,58
<_io.BytesIO object at 0x000001FF3CCB3180>,0.4097207188606262,-0.0689912959933281,-0.06180813908576965,172995,26,4,False,Left,Back,Centre,Left,58
<_io.BytesIO object at 0x000001FF3FACA1D0>,0.4122144281864166,-0.0444050207734108,-0.12591992318630219,172995,26,4,False,Left,Back,Centre,Left,58
<_io.BytesIO object at 0x000001FF3FACA860>,0.4058099091053009,-0.004390038549900055,-0.10439366102218628,172995,26,4,False,Left,Back,Centre,Left,58
<_io.BytesIO object at 0x000001FF3FACA4A0>,0.446682333946228,-0.03749636560678482,-0.15250882506370544,172995,26,4,False,Left,Back,Centre,Left,58
<_io.BytesIO object at 0x000001FF3FACA9A0>,0.47491922974586487,-0.08632127940654755,-0.1280480921268463,172995,26,4,False,Left,Back,Centre,Left,58
<_io.BytesIO object at 0x000001FF3CC064F0>,0.6460296511650085,0.10259318351745605,-0.15963079035282135,172995,26,4,False,Left,Back,Centre,Left,58
<_io.BytesIO object at 0x000001FF3CC06EF0>,0.6634496450424194,0.12245286256074905,-0.1264224648475647,172995,26,4,False,Left,Back,Centre,Left,58
<_io.BytesIO object at 0x000001FF3CC06130>,0.5790522694587708,0.12100563198328018,-0.11405303329229355,172995,26,4,False,Left,Back,Centre,Left,58
<_io.BytesIO object at 0x000001FF3CC06900>,0.6903815269470215,0.09431468695402145,-0.10570444911718369,172995,26,4,False,Left,Back,Centre,Left,58
<_io.BytesIO object at 0x000001FF3CC06A90>,0.647804856300354,0.08169467747211456,-0.06282808631658554,172995,26,4,False,Left,Back,Centre,Left,58
<_io.BytesIO object at 0x000001FF3CC06860>,0.4097207188606262,-0.0689912959933281,-0.06180813908576965,172996,26,4,False,Left,Back,Centre,Left,58
<_io.BytesIO object at 0x000001FF3CC06BD0>,0.4122144281864166,-0.0444050207734108,-0.12591992318630219,172996,26,4,False,Left,Back,Centre,Left,58
<_io.BytesIO object at 0x000001FF3CC06C70>,0.4058099091053009,-0.004390038549900055,-0.10439366102218628,172996,26,4,False,Left,Back,Centre,Left,58
<_io.BytesIO object at 0x000001FF3FACA360>,0.446682333946228,-0.03749636560678482,-0.15250882506370544,172996,26,4,False,Left,Back,Centre,Left,58
<_io.BytesIO object at 0x000001FF3FACA4A0>,0.47491922974586487,-0.08632127940654755,-0.1280480921268463,172996,26,4,False,Left,Back,Centre,Left,58
<_io.BytesIO object at 0x000001FF3FACA770>,0.6465096473693848,0.10487952828407288,-0.1582854837179184,172996,26,4,False,Left,Back,Centre,Left,58
<_io.BytesIO object at 0x000001FF3FACAC20>,0.6640582084655762,0.1248529776930809,-0.12503378093242645,172996,26,4,False,Left,Back,Centre,Left,58
<_io.BytesIO object at 0x000001FF3FACA540>,0.5794165134429932,0.12418138235807419,-0.11289389431476593,172996,26,4,False,Left,Back,Centre,Left,58
<_io.BytesIO object at 0x000001FF3FACADB0>,0.6905996799468994,0.096514992415905,-0.10400417447090149,172996,26,4,False,Left,Back,Centre,Left,58
<_io.BytesIO object at 0x000001FF3FACA590>,0.647730827331543,0.08456584066152573,-0.06103220209479332,172996,26,4,False,Left,Back,Centre,Left,58
<_io.BytesIO object at 0x000001FF3FC26860>,0.4097207188606262,-0.0689912959933281,-0.06180813908576965,172997,26,4,False,Left,Back,Centre,Left,58
<_io.BytesIO object at 0x000001FF3FC26900>,0.4122144281864166,-0.0444050207734108,-0.12591992318630219,172997,26,4,False,Left,Back,Centre,Left,58
<_io.BytesIO object at 0x000001FF3FC26270>,0.4058099091053009,-0.004390038549900055,-0.10439366102218628,172997,26,4,False,Left,Back,Centre,Left,58
<_io.BytesIO object at 0x000001FF3FC266D0>,0.446682333946228,-0.03749636560678482,-0.15250882506370544,172997,26,4,False,Left,Back,Centre,Left,58
<_io.BytesIO object at 0x000001FF3FC26B30>,0.47491922974586487,-0.08632127940654755,-0.1280480921268463,172997,26,4,False,Left,Back,Centre,Left,58
<_io.BytesIO object at 0x000001FF3CCBA630>,0.64696204662323,0.10709023475646973,-0.15640372037887573,172997,26,4,False,Left,Back,Centre,Left,58
<_io.BytesIO object at 0x000001FF3CCBAC20>,0.6645383238792419,0.12724590301513672,-0.12309321016073227,172997,26,4,False,Left,Back,Centre,Left,58
<_io.BytesIO object at 0x000001FF3CCBAD10>,0.5799289345741272,0.1271466761827469,-0.11163873225450516,172997,26,4,False,Left,Back,Centre,Left,58
<_io.BytesIO object at 0x000001FF3CCBA040>,0.6908673644065857,0.09882714599370956,-0.10190705209970474,172997,26,4,False,Left,Back,Centre,Left,58
<_io.BytesIO object at 0x000001FF3CCBA770>,0.6476852297782898,0.08741395175457001,-0.05887909233570099,172997,26,4,False,Left,Back,Centre,Left,58
<_io.BytesIO object at 0x000001FF3FA913B0>,0.4097207188606262,-0.0689912959933281,-0.06180813908576965,172998,26,4,False,Left,Back,Centre,Left,58
<_io.BytesIO object at 0x000001FF3CC5AA90>,0.4122144281864166,-0.0444050207734108,-0.12591992318630219,172998,26,4,False,Left,Back,Centre,Left,58
<_io.BytesIO object at 0x000001FF3CC5A8B0>,0.4058099091053009,-0.004390038549900055,-0.10439366102218628,172998,26,4,False,Left,Back,Centre,Left,58
<_io.BytesIO object at 0x000001FF3CC5A1D0>,0.446682333946228,-0.03749636560678482,-0.15250882506370544,172998,26,4,False,Left,Back,Centre,Left,58
<_io.BytesIO object at 0x000001FF3CC5A2C0>,0.47491922974586487,-0.08632127940654755,-0.1280480921268463,172998,26,4,False,Left,Back,Centre,Left,58
<_io.BytesIO object at 0x000001FF38015220>,0.6474443078041077,0.10957258939743042,-0.15406513214111328,172998,26,4,False,Left,Back,Centre,Left,58
<_io.BytesIO object at 0x000001FF38015400>,0.6651902794837952,0.12963517010211945,-0.120744489133358,172998,26,4,False,Left,Back,Centre,Left,58
<_io.BytesIO object at 0x000001FF3CCB10E0>,0.5804827213287354,0.13025589287281036,-0.10952320694923401,172998,26,4,False,Left,Back,Centre,Left,58
<_io.BytesIO object at 0x000001FF3CCB1770>,0.6912645697593689,0.10102114081382751,-0.09959398210048676,172998,26,4,False,Left,Back,Centre,Left,58
<_io.BytesIO object at 0x000001FF3CCB1D10>,0.6477251052856445,0.09014669805765152,-0.05630844831466675,172998,26,4,False,Left,Back,Centre,Left,58
<_io.BytesIO object at 0x000001FF3CC929F0>,0.4097207188606262,-0.0689912959933281,-0.06180813908576965,172999,26,4,False,Left,Back,Centre,Left,58
<_io.BytesIO object at 0x000001FF3CC92D60>,0.4122144281864166,-0.0444050207734108,-0.12591992318630219,172999,26,4,False,Left,Back,Centre,Left,58
<_io.BytesIO object at 0x000001FF3FA9CBD0>,0.4058099091053009,-0.004390038549900055,-0.10439366102218628,172999,26,4,False,Left,Back,Centre,Left,58
<_io.BytesIO object at 0x000001FF3FA9C810>,0.446682333946228,-0.03749636560678482,-0.15250882506370544,172999,26,4,False,Left,Back,Centre,Left,58
<_io.BytesIO object at 0x000001FF3FA9C3B0>,0.47491922974586487,-0.08632127940654755,-0.1280480921268463,172999,26,4,False,Left,Back,Centre,Left,58
<_io.BytesIO object at 0x000001FF3FA9CAE0>,0.6479748487472534,0.11213280260562897,-0.1511438637971878,172999,26,4,False,Left,Back,Centre,Left,58
<_io.BytesIO object at 0x000001FF3FA9C180>,0.6658068299293518,0.13187043368816376,-0.11806517094373703,172999,26,4,False,Left,Back,Centre,Left,58
<_io.BytesIO object at 0x000001FF3FA9CB80>,0.5810903310775757,0.13336804509162903,-0.10686635226011276,172999,26,4,False,Left,Back,Centre,Left,58
<_io.BytesIO object at 0x000001FF3FA9CEF0>,0.6917081475257874,0.10313130170106888,-0.096695177257061,172999,26,4,False,Left,Back,Centre,Left,58
<_io.BytesIO object at 0x000001FF3CC5C770>,0.6478443145751953,0.09268958866596222,-0.053191062062978745,172999,26,4,False,Left,Back,Centre,Left,58
<_io.BytesIO object at 0x000001FF3CC6E540>,0.4097207188606262,-0.0689912959933281,-0.06180813908576965,173000,26,4,False,Left,Back,Centre,Left,58
<_io.BytesIO object at 0x000001FF3CC6E810>,0.4122144281864166,-0.0444050207734108,-0.12591992318630219,173000,26,4,False,Left,Back,Centre,Left,58
<_io.BytesIO object at 0x000001FF3CBFA2C0>,0.4058099091053009,-0.004390038549900055,-0.10439366102218628,173000,26,4,False,Left,Back,Centre,Left,58
<_io.BytesIO object at 0x000001FF3CBFAA90>,0.446682333946228,-0.03749636560678482,-0.15250882506370544,173000,26,4,False,Left,Back,Centre,Left,58
<_io.BytesIO object at 0x000001FF3CBFAEA0>,0.47491922974586487,-0.08632127940654755,-0.1280480921268463,173000,26,4,False,Left,Back,Centre,Left,58
<_io.BytesIO object at 0x000001FF3CBFA8B0>,0.6484875679016113,0.1146998256444931,-0.14782652258872986,173000,26,4,False,Left,Back,Centre,Left,58
<_io.BytesIO object at 0x000001FF3CBFA6D0>,0.6663119196891785,0.13455267250537872,-0.11385347694158554,173000,26,4,False,Left,Back,Centre,Left,58
<_io.BytesIO object at 0x000001FF3CBFAC20>,0.5818290710449219,0.1365702897310257,-0.1034020334482193,173000,26,4,False,Left,Back,Centre,Left,58
<_io.BytesIO object at 0x000001FF3CBFA5E0>,0.6921267509460449,0.10520647466182709,-0.09335409104824066,173000,26,4,False,Left,Back,Centre,Left,58
<_io.BytesIO object at 0x000001FF3CBFAAE0>,0.6480996012687683,0.09515584260225296,-0.049585092812776566,173000,26,4,False,Left,Back,Centre,Left,58
<_io.BytesIO object at 0x000001FF3CC6E680>,0.4097207188606262,-0.0689912959933281,-0.06180813908576965,173001,26,4,False,Left,Back,Centre,Left,58
<_io.BytesIO object at 0x000001FF3CC5C5E0>,0.4122144281864166,-0.0444050207734108,-0.12591992318630219,173001,26,4,False,Left,Back,Centre,Left,58
<_io.BytesIO object at 0x000001FF3CC5C720>,0.4058099091053009,-0.004390038549900055,-0.10439366102218628,173001,26,4,False,Left,Back,Centre,Left,58
<_io.BytesIO object at 0x000001FF3CC5CCC0>,0.446682333946228,-0.03749636560678482,-0.15250882506370544,173001,26,4,False,Left,Back,Centre,Left,58
<_io.BytesIO object at 0x000001FF3CC5C040>,0.47491922974586487,-0.08632127940654755,-0.1280480921268463,173001,26,4,False,Left,Back,Centre,Left,58
<_io.BytesIO object at 0x000001FF3CC5C950>,0.6488472819328308,0.11731892824172974,-0.14384806156158447,173001,26,4,False,Left,Back,Centre,Left,58
<_io.BytesIO object at 0x000001FF3CC5C9F0>,0.6671811938285828,0.13679209351539612,-0.11020594090223312,173001,26,4,False,Left,Back,Centre,Left,58
<_io.BytesIO object at 0x000001FF3FA9C900>,0.5825957655906677,0.1396838128566742,-0.0992494598031044,173001,26,4,False,Left,Back,Centre,Left,58
<_io.BytesIO object at 0x000001FF3FA9C090>,0.6925839185714722,0.10721171647310257,-0.08951734006404877,173001,26,4,False,Left,Back,Centre,Left,58
<_io.BytesIO object at 0x000001FF3FA9C400>,0.6484691500663757,0.09746699035167694,-0.0454670749604702,173001,26,4,False,Left,Back,Centre,Left,58
<_io.BytesIO object at 0x000001FF3CC924F0>,0.4097207188606262,-0.0689912959933281,-0.06180813908576965,173002,26,4,False,Left,Back,Centre,Left,58
<_io.BytesIO object at 0x000001FF3CCB1450>,0.4122144281864166,-0.0444050207734108,-0.12591992318630219,173002,26,4,False,Left,Back,Centre,Left,58
<_io.BytesIO object at 0x000001FF3CCB1C20>,0.4058099091053009,-0.004390038549900055,-0.10439366102218628,173002,26,4,False,Left,Back,Centre,Left,58
<_io.BytesIO object at 0x000001FF3CCB1C70>,0.446682333946228,-0.03749636560678482,-0.15250882506370544,173002,26,4,False,Left,Back,Centre,Left,58
<_io.BytesIO object at 0x000001FF3CCB1EF0>,0.47491922974586487,-0.08632127940654755,-0.1280480921268463,173002,26,4,False,Left,Back,Centre,Left,58
<_io.BytesIO object at 0x000001FF3CCB1D10>,0.6492127180099487,0.12003491073846817,-0.1392776221036911,173002,26,4,False,Left,Back,Centre,Left,58
<_io.BytesIO object at 0x000001FF3CCB1B30>,0.6677823662757874,0.13906514644622803,-0.10556822270154953,173002,26,4,False,Left,Back,Centre,Left,58
<_io.BytesIO object at 0x000001FF38007B80>,0.5834141373634338,0.14285260438919067,-0.09428420662879944,173002,26,4,False,Left,Back,Centre,Left,58
<_io.BytesIO object at 0x000001FF380154F0>,0.6930637955665588,0.10905816406011581,-0.08534248173236847,173002,26,4,False,Left,Back,Centre,Left,58
<_io.BytesIO object at 0x000001FF3CC5A5E0>,0.6490054130554199,0.09964349865913391,-0.040883101522922516,173002,26,4,False,Left,Back,Centre,Left,58
<_io.BytesIO object at 0x000001FF3FA91F40>,0.4097207188606262,-0.0689912959933281,-0.06180813908576965,173003,26,4,False,Left,Back,Centre,Left,58
<_io.BytesIO object at 0x000001FF3FA914A0>,0.4122144281864166,-0.0444050207734108,-0.12591992318630219,173003,26,4,False,Left,Back,Centre,Left,58
<_io.BytesIO object at 0x000001FF3CCBAB30>,0.4058099091053009,-0.004390038549900055,-0.10439366102218628,173003,26,4,False,Left,Back,Centre,Left,58
<_io.BytesIO object at 0x000001FF3CCBA9F0>,0.446682333946228,-0.03749636560678482,-0.15250882506370544,173003,26,4,False,Left,Back,Centre,Left,58
<_io.BytesIO object at 0x000001FF3CCBAF90>,0.47491922974586487,-0.08632127940654755,-0.1280480921268463,173003,26,4,False,Left,Back,Centre,Left,58
<_io.BytesIO object at 0x000001FF3CCBAE00>,0.6493788361549377,0.12279597669839859,-0.13392437994480133,173003,26,4,False,Left,Back,Centre,Left,58
<_io.BytesIO object at 0x000001FF3CCBA360>,0.6684309840202332,0.14123643934726715,-0.10035670548677444,173003,26,4,False,Left,Back,Centre,Left,58
<_io.BytesIO object at 0x000001FF3CCBAD10>,0.584263265132904,0.14603443443775177,-0.08850739151239395,173003,26,4,False,Left,Back,Centre,Left,58
<_io.BytesIO object at 0x000001FF3CCBADB0>,0.6934937238693237,0.11078915745019913,-0.08059046417474747,173003,26,4,False,Left,Back,Centre,Left,58
<_io.BytesIO object at 0x000001FF3CCBAA90>,0.6497361063957214,0.10154980421066284,-0.035756587982177734,173003,26,4,False,Left,Back,Centre,Left,58
<_io.BytesIO object at 0x000001FF3FC26450>,0.4097207188606262,-0.0689912959933281,-0.06180813908576965,173004,26,4,False,Left,Back,Centre,Left,58
<_io.BytesIO object at 0x000001FF3CBFA040>,0.4122144281864166,-0.0444050207734108,-0.12591992318630219,173004,26,4,False,Left,Back,Centre,Left,58
<_io.BytesIO object at 0x000001FF3CBFABD0>,0.4058099091053009,-0.004390038549900055,-0.10439366102218628,173004,26,4,False,Left,Back,Centre,Left,58
<_io.BytesIO object at 0x000001FF3CBFA450>,0.446682333946228,-0.03749636560678482,-0.15250882506370544,173004,26,4,False,Left,Back,Centre,Left,58
<_io.BytesIO object at 0x000001FF3CBFA4F0>,0.47491922974586487,-0.08632127940654755,-0.1280480921268463,173004,26,4,False,Left,Back,Centre,Left,58
<_io.BytesIO object at 0x000001FF3CCB3AE0>,0.6496824622154236,0.12525036931037903,-0.12869679927825928,173004,26,4,False,Left,Back,Centre,Left,58
<_io.BytesIO object at 0x000001FF3CCB32C0>,0.6693001389503479,0.1431683599948883,-0.09471555054187775,173004,26,4,False,Left,Back,Centre,Left,58
<_io.BytesIO object at 0x000001FF3CCB3900>,0.5852132439613342,0.1494070589542389,-0.08199170976877213,173004,26,4,False,Left,Back,Centre,Left,58
<_io.BytesIO object at 0x000001FF3CCB3A90>,0.6939547061920166,0.1122390627861023,-0.07548831403255463,173004,26,4,False,Left,Back,Centre,Left,58
<_io.BytesIO object at 0x000001FF3CCB3E50>,0.650455117225647,0.10326870530843735,-0.03028140775859356,173004,26,4,False,Left,Back,Centre,Left,58
<_io.BytesIO object at 0x000001FF3FACA360>,0.4097207188606262,-0.0689912959933281,-0.06180813908576965,173005,26,4,False,Left,Back,Centre,Left,58
<_io.BytesIO object at 0x000001FF3CC06950>,0.4122144281864166,-0.0444050207734108,-0.12591992318630219,173005,26,4,False,Left,Back,Centre,Left,58
<_io.BytesIO object at 0x000001FF3CC06900>,0.4058099091053009,-0.004390038549900055,-0.10439366102218628,173005,26,4,False,Left,Back,Centre,Left,58
<_io.BytesIO object at 0x000001FF3CC063B0>,0.446682333946228,-0.03749636560678482,-0.15250882506370544,173005,26,4,False,Left,Back,Centre,Left,58
<_io.BytesIO object at 0x000001FF3CC069F0>,0.47491922974586487,-0.08632127940654755,-0.1280480921268463,173005,26,4,False,Left,Back,Centre,Left,58
<_io.BytesIO object at 0x000001FF3CC06AE0>,0.6498030424118042,0.12790055572986603,-0.12241316586732864,173005,26,4,False,Left,Back,Centre,Left,58
<_io.BytesIO object at 0x000001FF3CC06360>,0.6701311469078064,0.14516013860702515,-0.08847255259752274,173005,26,4,False,Left,Back,Centre,Left,58
<_io.BytesIO object at 0x000001FF3CCAE720>,0.586312472820282,0.15282686054706573,-0.07466905564069748,173005,26,4,False,Left,Back,Centre,Left,58
<_io.BytesIO object at 0x000001FF3CCAE400>,0.694374680519104,0.11326121538877487,-0.07000861316919327,173005,26,4,False,Left,Back,Centre,Left,58
<_io.BytesIO object at 0x000001FF3CCAE0E0>,0.6512046456336975,0.10470879822969437,-0.02422882616519928,173005,26,4,False,Left,Back,Centre,Left,58
<_io.BytesIO object at 0x000001FF3CC06BD0>,0.4097207188606262,-0.0689912959933281,-0.06180813908576965,173006,26,4,False,Left,Back,Centre,Left,58
<_io.BytesIO object at 0x000001FF3FACA770>,0.4122144281864166,-0.0444050207734108,-0.12591992318630219,173006,26,4,False,Left,Back,Centre,Left,58
<_io.BytesIO object at 0x000001FF3FACA400>,0.4058099091053009,-0.004390038549900055,-0.10439366102218628,173006,26,4,False,Left,Back,Centre,Left,58
<_io.BytesIO object at 0x000001FF3FACA220>,0.446682333946228,-0.03749636560678482,-0.15250882506370544,173006,26,4,False,Left,Back,Centre,Left,58
<_io.BytesIO object at 0x000001FF3FACA310>,0.47491922974586487,-0.08632127940654755,-0.1280480921268463,173006,26,4,False,Left,Back,Centre,Left,58
<_io.BytesIO object at 0x000001FF3CCB3090>,0.6500890254974365,0.13033358752727509,-0.11615316569805145,173006,26,4,False,Left,Back,Centre,Left,58
<_io.BytesIO object at 0x000001FF3CCB3810>,0.6709619164466858,0.1468276083469391,-0.08185580372810364,173006,26,4,False,Left,Back,Centre,Left,58
<_io.BytesIO object at 0x000001FF3CCB3860>,0.587483823299408,0.15616971254348755,-0.06659326702356339,173006,26,4,False,Left,Back,Centre,Left,58
<_io.BytesIO object at 0x000001FF3CCB3360>,0.6947293877601624,0.11428713798522949,-0.0639316514134407,173006,26,4,False,Left,Back,Centre,Left,58
<_io.BytesIO object at 0x000001FF3CCB3630>,0.6519308090209961,0.10589003562927246,-0.017830947414040565,173006,26,4,False,Left,Back,Centre,Left,58
<_io.BytesIO object at 0x000001FF3FC26F90>,0.4097207188606262,-0.0689912959933281,-0.06180813908576965,173007,26,4,False,Left,Back,Centre,Left,58
<_io.BytesIO object at 0x000001FF3FA71A90>,0.4122144281864166,-0.0444050207734108,-0.12591992318630219,173007,26,4,False,Left,Back,Centre,Left,58
<_io.BytesIO object at 0x000001FF3CCBADB0>,0.4058099091053009,-0.004390038549900055,-0.10439366102218628,173007,26,4,False,Left,Back,Centre,Left,58
<_io.BytesIO object at 0x000001FF3CCBA720>,0.446682333946228,-0.03749636560678482,-0.15250882506370544,173007,26,4,False,Left,Back,Centre,Left,58
<_io.BytesIO object at 0x000001FF3CCBA5E0>,0.47491922974586487,-0.08632127940654755,-0.1280480921268463,173007,26,4,False,Left,Back,Centre,Left,58
<_io.BytesIO object at 0x000001FF3CCBAAE0>,0.6499930620193481,0.13307228684425354,-0.10831333696842194,173007,26,4,False,Left,Back,Centre,Left,58
<_io.BytesIO object at 0x000001FF3CCBAA40>,0.6719009280204773,0.14829042553901672,-0.07473859935998917,173007,26,4,False,Left,Back,Centre,Left,58
<_io.BytesIO object at 0x000001FF3CCBAB30>,0.5888308882713318,0.15952950716018677,-0.05783727392554283,173007,26,4,False,Left,Back,Centre,Left,58
<_io.BytesIO object at 0x000001FF3FA91180>,0.6950409412384033,0.11500556021928787,-0.05765983834862709,173007,26,4,False,Left,Back,Centre,Left,58
<_io.BytesIO object at 0x000001FF3FA91F40>,0.6527027487754822,0.10679527372121811,-0.010898960754275322,173007,26,4,False,Left,Back,Centre,Left,58
<_io.BytesIO object at 0x000001FF3CC5A220>,0.4097207188606262,-0.0689912959933281,-0.06180813908576965,173008,26,4,False,Left,Back,Centre,Left,58
<_io.BytesIO object at 0x000001FF3CC5A450>,0.4122144281864166,-0.0444050207734108,-0.12591992318630219,173008,26,4,False,Left,Back,Centre,Left,58
<_io.BytesIO object at 0x000001FF38015770>,0.4058099091053009,-0.004390038549900055,-0.10439366102218628,173008,26,4,False,Left,Back,Centre,Left,58
<_io.BytesIO object at 0x000001FF3CCB1AE0>,0.446682333946228,-0.03749636560678482,-0.15250882506370544,173008,26,4,False,Left,Back,Centre,Left,58
<_io.BytesIO object at 0x000001FF3CCB1B30>,0.47491922974586487,-0.08632127940654755,-0.1280480921268463,173008,26,4,False,Left,Back,Centre,Left,58
<_io.BytesIO object at 0x000001FF3CCB15E0>,0.6498496532440186,0.13580229878425598,-0.10061435401439667,173008,26,4,False,Left,Back,Centre,Left,58
<_io.BytesIO object at 0x000001FF3CCB16D0>,0.6726952195167542,0.1497868448495865,-0.06695856899023056,173008,26,4,False,Left,Back,Centre,Left,58
<_io.BytesIO object at 0x000001FF3CCB1DB0>,0.5901994705200195,0.1628745198249817,-0.0485236681997776,173008,26,4,False,Left,Back,Centre,Left,58
<_io.BytesIO object at 0x000001FF3CCB1540>,0.695127010345459,0.11577746272087097,-0.05074683576822281,173008,26,4,False,Left,Back,Centre,Left,58
<_io.BytesIO object at 0x000001FF3CCB1F40>,0.6534681916236877,0.10758323222398758,-0.0036586185451596975,173008,26,4,False,Left,Back,Centre,Left,58
<_io.BytesIO object at 0x000001FF3CBFAF90>,0.4097207188606262,-0.0689912959933281,-0.06180813908576965,173009,26,4,False,Left,Back,Centre,Left,58
<_io.BytesIO object at 0x000001FF3CBFAF40>,0.4122144281864166,-0.0444050207734108,-0.12591992318630219,173009,26,4,False,Left,Back,Centre,Left,58
<_io.BytesIO object at 0x000001FF3CBFA310>,0.4058099091053009,-0.004390038549900055,-0.10439366102218628,173009,26,4,False,Left,Back,Centre,Left,58
<_io.BytesIO object at 0x000001FF3CBFA900>,0.446682333946228,-0.03749636560678482,-0.15250882506370544,173009,26,4,False,Left,Back,Centre,Left,58
<_io.BytesIO object at 0x000001FF3FA9C770>,0.47491922974586487,-0.08632127940654755,-0.1280480921268463,173009,26,4,False,Left,Back,Centre,Left,58
<_io.BytesIO object at 0x000001FF3FA9CBD0>,0.6496853828430176,0.1384492814540863,-0.09227018058300018,173009,26,4,False,Left,Back,Centre,Left,58
<_io.BytesIO object at 0x000001FF3FA9CAE0>,0.673366904258728,0.15096695721149445,-0.05881890282034874,173009,26,4,False,Left,Back,Centre,Left,58
<_io.BytesIO object at 0x000001FF3FA9CA40>,0.5917016267776489,0.16608402132987976,-0.03858046978712082,173009,26,4,False,Left,Back,Centre,Left,58
<_io.BytesIO object at 0x000001FF3FA9C630>,0.695182740688324,0.11619381606578827,-0.043542735278606415,173009,26,4,False,Left,Back,Centre,Left,58
<_io.BytesIO object at 0x000001FF3FA9CB30>,0.6539658308029175,0.10792871564626694,0.004058242775499821,173009,26,4,False,Left,Back,Centre,Left,58
<_io.BytesIO object at 0x000001FF3CC5CB30>,0.4097207188606262,-0.0689912959933281,-0.06180813908576965,173010,26,4,False,Left,Back,Centre,Left,58
<_io.BytesIO object at 0x000001FF3CC6ED10>,0.4122144281864166,-0.0444050207734108,-0.12591992318630219,173010,26,4,False,Left,Back,Centre,Left,58
<_io.BytesIO object at 0x000001FF3CC6E310>,0.4058099091053009,-0.004390038549900055,-0.10439366102218628,173010,26,4,False,Left,Back,Centre,Left,58
<_io.BytesIO object at 0x000001FF3CC6EA40>,0.446682333946228,-0.03749636560678482,-0.15250882506370544,173010,26,4,False,Left,Back,Centre,Left,58
<_io.BytesIO object at 0x000001FF3CC6E270>,0.47491922974586487,-0.08632127940654755,-0.1280480921268463,173010,26,4,False,Left,Back,Centre,Left,58
<_io.BytesIO object at 0x000001FF3CCAEB80>,0.6495399475097656,0.141117125749588,-0.0836292952299118,173010,26,4,False,Left,Back,Centre,Left,58
<_io.BytesIO object at 0x000001FF3CCAE9F0>,0.6740900874137878,0.15205521881580353,-0.050238266587257385,173010,26,4,False,Left,Back,Centre,Left,58
<_io.BytesIO object at 0x000001FF3CCAE220>,0.5931681990623474,0.16926050186157227,-0.0281045064330101,173010,26,4,False,Left,Back,Centre,Left,58
<_io.BytesIO object at 0x000001FF3CCAE2C0>,0.6949789524078369,0.11630963534116745,-0.03602689504623413,173010,26,4,False,Left,Back,Centre,Left,58
<_io.BytesIO object at 0x000001FF3CCAE950>,0.6543581485748291,0.10799890011548996,0.01203350443392992,173010,26,4,False,Left,Back,Centre,Left,58
<_io.BytesIO object at 0x000001FF3CC6EEA0>,0.4097207188606262,-0.0689912959933281,-0.06180813908576965,173011,26,4,False,Left,Back,Centre,Left,58
<_io.BytesIO object at 0x000001FF3CC6EDB0>,0.4122144281864166,-0.0444050207734108,-0.12591992318630219,173011,26,4,False,Left,Back,Centre,Left,58
<_io.BytesIO object at 0x000001FF3CC5C3B0>,0.4058099091053009,-0.004390038549900055,-0.10439366102218628,173011,26,4,False,Left,Back,Centre,Left,58
<_io.BytesIO object at 0x000001FF3CC5C6D0>,0.446682333946228,-0.03749636560678482,-0.15250882506370544,173011,26,4,False,Left,Back,Centre,Left,58
<_io.BytesIO object at 0x000001FF3CC5C590>,0.47491922974586487,-0.08632127940654755,-0.1280480921268463,173011,26,4,False,Left,Back,Centre,Left,58
<_io.BytesIO object at 0x000001FF3CC5CDB0>,0.6493694186210632,0.14379696547985077,-0.0743979662656784,173011,26,4,False,Left,Back,Centre,Left,58
<_io.BytesIO object at 0x000001FF3CC5C0E0>,0.6747611165046692,0.15274439752101898,-0.04094092175364494,173011,26,4,False,Left,Back,Centre,Left,58
<_io.BytesIO object at 0x000001FF3CC5CBD0>,0.5947949886322021,0.17233920097351074,-0.01704460382461548,173011,26,4,False,Left,Back,Centre,Left,58
<_io.BytesIO object at 0x000001FF3CC5C540>,0.6944215297698975,0.1160164475440979,-0.027866914868354797,173011,26,4,False,Left,Back,Centre,Left,58
<_io.BytesIO object at 0x000001FF3FA9C1D0>,0.6544631123542786,0.10803695768117905,0.020243985578417778,173011,26,4,False,Left,Back,Centre,Left,58
<_io.BytesIO object at 0x000001FF3CBFA3B0>,0.4097207188606262,-0.0689912959933281,-0.06180813908576965,173012,26,4,False,Left,Back,Centre,Left,58
<_io.BytesIO object at 0x000001FF3CBFAEA0>,0.4122144281864166,-0.0444050207734108,-0.12591992318630219,173012,26,4,False,Left,Back,Centre,Left,58
<_io.BytesIO object at 0x000001FF3CC92720>,0.4058099091053009,-0.004390038549900055,-0.10439366102218628,173012,26,4,False,Left,Back,Centre,Left,58
<_io.BytesIO object at 0x000001FF3CC924A0>,0.446682333946228,-0.03749636560678482,-0.15250882506370544,173012,26,4,False,Left,Back,Centre,Left,58
<_io.BytesIO object at 0x000001FF3CC92F40>,0.47491922974586487,-0.08632127940654755,-0.1280480921268463,173012,26,4,False,Left,Back,Centre,Left,58
<_io.BytesIO object at 0x000001FF3CC92450>,0.6491842865943909,0.14632326364517212,-0.06472460925579071,173012,26,4,False,Left,Back,Centre,Left,58
<_io.BytesIO object at 0x000001FF3CC928B0>,0.6750448346138,0.15327438712120056,-0.031244389712810516,173012,26,4,False,Left,Back,Centre,Left,58
<_io.BytesIO object at 0x000001FF3CC92860>,0.5964252948760986,0.1752409040927887,-0.005528357345610857,173012,26,4,False,Left,Back,Centre,Left,58
<_io.BytesIO object at 0x000001FF3CC92590>,0.6935434937477112,0.11545856297016144,-0.01955297775566578,173012,26,4,False,Left,Back,Centre,Left,58
<_io.BytesIO object at 0x000001FF3CC923B0>,0.6536285877227783,0.10677672922611237,0.029046770185232162,173012,26,4,False,Left,Back,Centre,Left,58
<_io.BytesIO object at 0x000001FF38015770>,0.4097207188606262,-0.0689912959933281,-0.06180813908576965,173013,26,4,False,Left,Back,Centre,Left,58
<_io.BytesIO object at 0x000001FF3CC5AE50>,0.4122144281864166,-0.0444050207734108,-0.12591992318630219,173013,26,4,False,Left,Back,Centre,Left,58
<_io.BytesIO object at 0x000001FF3CC5AAE0>,0.4058099091053009,-0.004390038549900055,-0.10439366102218628,173013,26,4,False,Left,Back,Centre,Left,58
<_io.BytesIO object at 0x000001FF3CC5A630>,0.446682333946228,-0.03749636560678482,-0.15250882506370544,173013,26,4,False,Left,Back,Centre,Left,58
<_io.BytesIO object at 0x000001FF3CC5A770>,0.47491922974586487,-0.08632127940654755,-0.1280480921268463,173013,26,4,False,Left,Back,Centre,Left,58
<_io.BytesIO object at 0x000001FF3FA911D0>,0.6489459276199341,0.1487581431865692,-0.054578810930252075,173013,26,4,False,Left,Back,Centre,Left,58
<_io.BytesIO object at 0x000001FF3FA91B80>,0.6754897236824036,0.15338441729545593,-0.02101522497832775,173013,26,4,False,Left,Back,Centre,Left,58
<_io.BytesIO object at 0x000001FF3FA91590>,0.597943127155304,0.17790482938289642,0.006240702234208584,173013,26,4,False,Left,Back,Centre,Left,58
<_io.BytesIO object at 0x000001FF3FA919A0>,0.6923360824584961,0.1145954579114914,-0.010838777758181095,173013,26,4,False,Left,Back,Centre,Left,58
<_io.BytesIO object at 0x000001FF3FA91900>,0.6524654030799866,0.10569825023412704,0.03783707320690155,173013,26,4,False,Left,Back,Centre,Left,58
<_io.BytesIO object at 0x000001FF3FC26E00>,0.4097207188606262,-0.0689912959933281,-0.06180813908576965,173014,26,4,False,Left,Back,Centre,Left,58
<_io.BytesIO object at 0x000001FF3CCBAD60>,0.4122144281864166,-0.0444050207734108,-0.12591992318630219,173014,26,4,False,Left,Back,Centre,Left,58
<_io.BytesIO object at 0x000001FF3CCBA810>,0.4058099091053009,-0.004390038549900055,-0.10439366102218628,173014,26,4,False,Left,Back,Centre,Left,58
<_io.BytesIO object at 0x000001FF3CCBAE00>,0.446682333946228,-0.03749636560678482,-0.15250882506370544,173014,26,4,False,Left,Back,Centre,Left,58
<_io.BytesIO object at 0x000001FF3CCBA720>,0.47491922974586487,-0.08632127940654755,-0.1280480921268463,173014,26,4,False,Left,Back,Centre,Left,58
<_io.BytesIO object at 0x000001FF3CCBAEF0>,0.6487094163894653,0.15104639530181885,-0.043932948261499405,173014,26,4,False,Left,Back,Centre,Left,58
<_io.BytesIO object at 0x000001FF3CCBA2C0>,0.675438404083252,0.15332113206386566,-0.010317663662135601,173014,26,4,False,Left,Back,Centre,Left,58
<_io.BytesIO object at 0x000001FF3CCB3540>,0.5993057489395142,0.1801411509513855,0.018340200185775757,173014,26,4,False,Left,Back,Centre,Left,58
<_io.BytesIO object at 0x000001FF3CCB3400>,0.6908135414123535,0.11357855796813965,-0.0017689135856926441,173014,26,4,False,Left,Back,Centre,Left,58
<_io.BytesIO object at 0x000001FF3CCB3E00>,0.6508384346961975,0.10433325916528702,0.04681255668401718,173014,26,4,False,Left,Back,Centre,Left,58
<_io.BytesIO object at 0x000001FF3FACAE00>,0.4097207188606262,-0.0689912959933281,-0.06180813908576965,173015,26,4,False,Left,Back,Centre,Left,58
<_io.BytesIO object at 0x000001FF3FACA810>,0.4122144281864166,-0.0444050207734108,-0.12591992318630219,173015,26,4,False,Left,Back,Centre,Left,58
<_io.BytesIO object at 0x000001FF3FACA360>,0.4058099091053009,-0.004390038549900055,-0.10439366102218628,173015,26,4,False,Left,Back,Centre,Left,58
<_io.BytesIO object at 0x000001FF3FACA1D0>,0.446682333946228,-0.03749636560678482,-0.15250882506370544,173015,26,4,False,Left,Back,Centre,Left,58
<_io.BytesIO object at 0x000001FF3FACAEA0>,0.47491922974586487,-0.08632127940654755,-0.1280480921268463,173015,26,4,False,Left,Back,Centre,Left,58
<_io.BytesIO object at 0x000001FF3FACAC20>,0.6482901573181152,0.15327171981334686,-0.03303930163383484,173015,26,4,False,Left,Back,Centre,Left,58
<_io.BytesIO object at 0x000001FF3FACA540>,0.6751938462257385,0.15311995148658752,0.0005516072269529104,173015,26,4,False,Left,Back,Centre,Left,58
<_io.BytesIO object at 0x000001FF3FACA400>,0.600227952003479,0.1819734126329422,0.030587125569581985,173015,26,4,False,Left,Back,Centre,Left,58
<_io.BytesIO object at 0x000001FF3FACA310>,0.6889796257019043,0.11246418207883835,0.0075250184163451195,173015,26,4,False,Left,Back,Centre,Left,58
<_io.BytesIO object at 0x000001FF3FACA270>,0.6486372947692871,0.10288845002651215,0.05601436644792557,173015,26,4,False,Left,Back,Centre,Left,58
<_io.BytesIO object at 0x000001FF3CCBA720>,0.4097207188606262,-0.0689912959933281,-0.06180813908576965,173016,26,4,False,Left,Back,Centre,Left,58
<_io.BytesIO object at 0x000001FF3CCBA7C0>,0.4122144281864166,-0.0444050207734108,-0.12591992318630219,173016,26,4,False,Left,Back,Centre,Left,58
<_io.BytesIO object at 0x000001FF3CCBA8B0>,0.4058099091053009,-0.004390038549900055,-0.10439366102218628,173016,26,4,False,Left,Back,Centre,Left,58
<_io.BytesIO object at 0x000001FF3FC263B0>,0.446682333946228,-0.03749636560678482,-0.15250882506370544,173016,26,4,False,Left,Back,Centre,Left,58
<_io.BytesIO object at 0x000001FF3FC26220>,0.47491922974586487,-0.08632127940654755,-0.1280480921268463,173016,26,4,False,Left,Back,Centre,Left,58
<_io.BytesIO object at 0x000001FF3FC26CC0>,0.64760822057724,0.1550782173871994,-0.021775521337985992,173016,26,4,False,Left,Back,Centre,Left,58
<_io.BytesIO object at 0x000001FF3FC266D0>,0.6748288869857788,0.1527407318353653,0.01165859866887331,173016,26,4,False,Left,Back,Centre,Left,58
<_io.BytesIO object at 0x000001FF3FC26BD0>,0.6008082628250122,0.18346473574638367,0.042872536927461624,173016,26,4,False,Left,Back,Centre,Left,58
<_io.BytesIO object at 0x000001FF3FC26180>,0.6868681907653809,0.11155394464731216,0.01708853244781494,173016,26,4,False,Left,Back,Centre,Left,58
<_io.BytesIO object at 0x000001FF3FC26540>,0.6460474133491516,0.1015138253569603,0.06549501419067383,173016,26,4,False,Left,Back,Centre,Left,58
<_io.BytesIO object at 0x000001FF3FA91E00>,0.4097207188606262,-0.0689912959933281,-0.06180813908576965,173017,26,4,False,Left,Back,Centre,Left,58
<_io.BytesIO object at 0x000001FF3CC5A310>,0.4122144281864166,-0.0444050207734108,-0.12591992318630219,173017,26,4,False,Left,Back,Centre,Left,58
<_io.BytesIO object at 0x000001FF3CC5ACC0>,0.4058099091053009,-0.004390038549900055,-0.10439366102218628,173017,26,4,False,Left,Back,Centre,Left,58
<_io.BytesIO object at 0x000001FF3CC5A8B0>,0.446682333946228,-0.03749636560678482,-0.15250882506370544,173017,26,4,False,Left,Back,Centre,Left,58
<_io.BytesIO object at 0x000001FF38015770>,0.47491922974586487,-0.08632127940654755,-0.1280480921268463,173017,26,4,False,Left,Back,Centre,Left,58
<_io.BytesIO object at 0x000001FF38015360>,0.6465567350387573,0.15664945542812347,-0.010517965070903301,173017,26,4,False,Left,Back,Centre,Left,58
<_io.BytesIO object at 0x000001FF3CCB1540>,0.6738191843032837,0.1523517668247223,0.022962501272559166,173017,26,4,False,Left,Back,Centre,Left,58
<_io.BytesIO object at 0x000001FF3CCB11D0>,0.6005629897117615,0.18446378409862518,0.05533581227064133,173017,26,4,False,Left,Back,Centre,Left,58
<_io.BytesIO object at 0x000001FF3CCB1680>,0.6846135854721069,0.11092130094766617,0.026826851069927216,173017,26,4,False,Left,Back,Centre,Left,58
<_io.BytesIO object at 0x000001FF3CCB18B0>,0.6432485580444336,0.10020531713962555,0.07489292323589325,173017,26,4,False,Left,Back,Centre,Left,58
<_io.BytesIO object at 0x000001FF3CC92680>,0.4097207188606262,-0.0689912959933281,-0.06180813908576965,173018,26,4,False,Left,Back,Centre,Left,58
<_io.BytesIO object at 0x000001FF3CBFA1D0>,0.4122144281864166,-0.0444050207734108,-0.12591992318630219,173018,26,4,False,Left,Back,Centre,Left,58
<_io.BytesIO object at 0x000001FF3CBFABD0>,0.4058099091053009,-0.004390038549900055,-0.10439366102218628,173018,26,4,False,Left,Back,Centre,Left,58
<_io.BytesIO object at 0x000001FF3CBFA950>,0.446682333946228,-0.03749636560678482,-0.15250882506370544,173018,26,4,False,Left,Back,Centre,Left,58
<_io.BytesIO object at 0x000001FF3CBFAF90>,0.47491922974586487,-0.08632127940654755,-0.1280480921268463,173018,26,4,False,Left,Back,Centre,Left,58
<_io.BytesIO object at 0x000001FF3CBFA5E0>,0.6450115442276001,0.15800748765468597,0.0006757376249879599,173018,26,4,False,Left,Back,Centre,Left,58
<_io.BytesIO object at 0x000001FF3CBFA900>,0.6722200512886047,0.15219621360301971,0.033829472959041595,173018,26,4,False,Left,Back,Centre,Left,58
<_io.BytesIO object at 0x000001FF3FA9C540>,0.5993949770927429,0.18505223095417023,0.06728147715330124,173018,26,4,False,Left,Back,Centre,Left,58
<_io.BytesIO object at 0x000001FF3FA9CE50>,0.6822617650032043,0.11067820340394974,0.03688240423798561,173018,26,4,False,Left,Back,Centre,Left,58
<_io.BytesIO object at 0x000001FF3FA9C450>,0.6404054760932922,0.09967854619026184,0.08444151282310486,173018,26,4,False,Left,Back,Centre,Left,58
<_io.BytesIO object at 0x000001FF3CC5C130>,0.4097207188606262,-0.0689912959933281,-0.06180813908576965,173019,26,4,False,Left,Back,Centre,Left,58
<_io.BytesIO object at 0x000001FF3CC5C9A0>,0.4122144281864166,-0.0444050207734108,-0.12591992318630219,173019,26,4,False,Left,Back,Centre,Left,58
<_io.BytesIO object at 0x000001FF3CC6E680>,0.4058099091053009,-0.004390038549900055,-0.10439366102218628,173019,26,4,False,Left,Back,Centre,Left,58
<_io.BytesIO object at 0x000001FF3CC6E630>,0.446682333946228,-0.03749636560678482,-0.15250882506370544,173019,26,4,False,Left,Back,Centre,Left,58
<_io.BytesIO object at 0x000001FF3CC6E1D0>,0.47491922974586487,-0.08632127940654755,-0.1280480921268463,173019,26,4,False,Left,Back,Centre,Left,58
<_io.BytesIO object at 0x000001FF3CC6E450>,0.6429482102394104,0.15914574265480042,0.011531542055308819,173019,26,4,False,Left,Back,Centre,Left,58
<_io.BytesIO object at 0x000001FF3CC6E9A0>,0.6700721383094788,0.15246154367923737,0.0444781631231308,173019,26,4,False,Left,Back,Centre,Left,58
<_io.BytesIO object at 0x000001FF3CC6E0E0>,0.5971871018409729,0.18534532189369202,0.0789216086268425,173019,26,4,False,Left,Back,Centre,Left,58
<_io.BytesIO object at 0x000001FF3CCAE630>,0.6793832182884216,0.11077985167503357,0.04671584069728851,173019,26,4,False,Left,Back,Centre,Left,58
<_io.BytesIO object at 0x000001FF3CCAE9F0>,0.6371006965637207,0.09901075810194016,0.09445999562740326,173019,26,4,False,Left,Back,Centre,Left,58
<_io.BytesIO object at 0x000001FF3CC5CCC0>,0.4097207188606262,-0.0689912959933281,-0.06180813908576965,173020,26,4,False,Left,Back,Centre,Left,58
<_io.BytesIO object at 0x000001FF3CC5C180>,0.4122144281864166,-0.0444050207734108,-0.12591992318630219,173020,26,4,False,Left,Back,Centre,Left,58
<_io.BytesIO object at 0x000001FF3CC5C680>,0.4058099091053009,-0.004390038549900055,-0.10439366102218628,173020,26,4,False,Left,Back,Centre,Left,58
<_io.BytesIO object at 0x000001FF3CC5CB80>,0.446682333946228,-0.03749636560678482,-0.15250882506370544,173020,26,4,False,Left,Back,Centre,Left,58
<_io.BytesIO object at 0x000001FF3CC5CEF0>,0.47491922974586487,-0.08632127940654755,-0.1280480921268463,173020,26,4,False,Left,Back,Centre,Left,58
<_io.BytesIO object at 0x000001FF3CC5C220>,0.6402410268783569,0.16015930473804474,0.022187793627381325,173020,26,4,False,Left,Back,Centre,Left,58
<_io.BytesIO object at 0x000001FF3FA9CCC0>,0.6674200892448425,0.15298381447792053,0.054975464940071106,173020,26,4,False,Left,Back,Centre,Left,58
<_io.BytesIO object at 0x000001FF3FA9C7C0>,0.5942761898040771,0.18556006252765656,0.09024213999509811,173020,26,4,False,Left,Back,Centre,Left,58
<_io.BytesIO object at 0x000001FF3FA9C400>,0.6767089366912842,0.11119906604290009,0.057283975183963776,173020,26,4,False,Left,Back,Centre,Left,58
<_io.BytesIO object at 0x000001FF3FA9C720>,0.63427734375,0.09913596510887146,0.10476859658956528,173020,26,4,False,Left,Back,Centre,Left,58
<_io.BytesIO object at 0x000001FF3CC92D10>,0.4097207188606262,-0.0689912959933281,-0.06180813908576965,173021,26,4,False,Left,Back,Centre,Left,58
<_io.BytesIO object at 0x000001FF38015130>,0.4122144281864166,-0.0444050207734108,-0.12591992318630219,173021,26,4,False,Left,Back,Centre,Left,58
<_io.BytesIO object at 0x000001FF3FC26AE0>,0.4058099091053009,-0.004390038549900055,-0.10439366102218628,173021,26,4,False,Left,Back,Centre,Left,58
<_io.BytesIO object at 0x000001FF3FC264F0>,0.446682333946228,-0.03749636560678482,-0.15250882506370544,173021,26,4,False,Left,Back,Centre,Left,58
<_io.BytesIO object at 0x000001FF3FC26310>,0.47491922974586487,-0.08632127940654755,-0.1280480921268463,173021,26,4,False,Left,Back,Centre,Left,58
<_io.BytesIO object at 0x000001FF3FC262C0>,0.6372047662734985,0.16109028458595276,0.03274039551615715,173021,26,4,False,Left,Back,Centre,Left,58
<_io.BytesIO object at 0x000001FF3FC26810>,0.6643384099006653,0.15367063879966736,0.06549693644046783,173021,26,4,False,Left,Back,Centre,Left,58
<_io.BytesIO object at 0x000001FF3FC261D0>,0.5909168124198914,0.18582239747047424,0.10134053975343704,173021,26,4,False,Left,Back,Centre,Left,58
<_io.BytesIO object at 0x000001FF3FC26220>,0.6735935211181641,0.1120094284415245,0.0674302950501442,173021,26,4,False,Left,Back,Centre,Left,58
<_io.BytesIO object at 0x000001FF3FC26450>,0.632832944393158,0.1008446216583252,0.1142503097653389,173021,26,4,False,Left,Back,Centre,Left,58
<_io.BytesIO object at 0x000001FF3CCBA950>,0.4097207188606262,-0.0689912959933281,-0.06180813908576965,173022,26,4,False,Left,Back,Centre,Left,58
<_io.BytesIO object at 0x000001FF3CCBA360>,0.4122144281864166,-0.0444050207734108,-0.12591992318630219,173022,26,4,False,Left,Back,Centre,Left,58
<_io.BytesIO object at 0x000001FF3CCBAC70>,0.4058099091053009,-0.004390038549900055,-0.10439366102218628,173022,26,4,False,Left,Back,Centre,Left,58
<_io.BytesIO object at 0x000001FF3CCBA630>,0.446682333946228,-0.03749636560678482,-0.15250882506370544,173022,26,4,False,Left,Back,Centre,Left,58
<_io.BytesIO object at 0x000001FF3CCB32C0>,0.47491922974586487,-0.08632127940654755,-0.1280480921268463,173022,26,4,False,Left,Back,Centre,Left,58
<_io.BytesIO object at 0x000001FF3CCB3400>,0.6339554786682129,0.16218610107898712,0.04315931722521782,173022,26,4,False,Left,Back,Centre,Left,58
<_io.BytesIO object at 0x000001FF3CCB31D0>,0.660925030708313,0.15438216924667358,0.07596215605735779,173022,26,4,False,Left,Back,Centre,Left,58
<_io.BytesIO object at 0x000001FF3CCB3630>,0.5873413681983948,0.18617507815361023,0.11231987923383713,173022,26,4,False,Left,Back,Centre,Left,58
<_io.BytesIO object at 0x000001FF3CCB37C0>,0.6701353192329407,0.11235640197992325,0.07777228951454163,173022,26,4,False,Left,Back,Centre,Left,58
<_io.BytesIO object at 0x000001FF3CCB3810>,0.6321997046470642,0.10367662459611893,0.12269243597984314,173022,26,4,False,Left,Back,Centre,Left,58
<_io.BytesIO object at 0x000001FF3CCB11D0>,0.4097207188606262,-0.0689912959933281,-0.06180813908576965,173023,26,4,False,Left,Back,Centre,Left,58
<_io.BytesIO object at 0x000001FF3FACAB30>,0.4122144281864166,-0.0444050207734108,-0.12591992318630219,173023,26,4,False,Left,Back,Centre,Left,58
<_io.BytesIO object at 0x000001FF3FACAC20>,0.4058099091053009,-0.004390038549900055,-0.10439366102218628,173023,26,4,False,Left,Back,Centre,Left,58
<_io.BytesIO object at 0x000001FF3FACAD10>,0.446682333946228,-0.03749636560678482,-0.15250882506370544,173023,26,4,False,Left,Back,Centre,Left,58
<_io.BytesIO object at 0x000001FF3FACAAE0>,0.47491922974586487,-0.08632127940654755,-0.1280480921268463,173023,26,4,False,Left,Back,Centre,Left,58
<_io.BytesIO object at 0x000001FF3CC5A590>,0.6304125189781189,0.1632709801197052,0.05361948534846306,173023,26,4,False,Left,Back,Centre,Left,58
<_io.BytesIO object at 0x000001FF3CC5ABD0>,0.6572858691215515,0.1549874246120453,0.086431123316288,173023,26,4,False,Left,Back,Centre,Left,58
<_io.BytesIO object at 0x000001FF3CC5ACC0>,0.5837460160255432,0.18660111725330353,0.12341795116662979,173023,26,4,False,Left,Back,Centre,Left,58
<_io.BytesIO object at 0x000001FF3CC5A950>,0.6663979887962341,0.11303400993347168,0.08788953721523285,173023,26,4,False,Left,Back,Centre,Left,58
<_io.BytesIO object at 0x000001FF3CC5AE50>,0.6263761520385742,0.10195190459489822,0.13407279551029205,173023,26,4,False,Left,Back,Centre,Left,58
<_io.BytesIO object at 0x000001FF3CC6EE00>,0.4097207188606262,-0.0689912959933281,-0.06180813908576965,173024,26,4,False,Left,Back,Centre,Left,58
<_io.BytesIO object at 0x000001FF3CBFAB30>,0.4122144281864166,-0.0444050207734108,-0.12591992318630219,173024,26,4,False,Left,Back,Centre,Left,58
<_io.BytesIO object at 0x000001FF3CBFA180>,0.4058099091053009,-0.004390038549900055,-0.10439366102218628,173024,26,4,False,Left,Back,Centre,Left,58
<_io.BytesIO object at 0x000001FF3CBFAA90>,0.446682333946228,-0.03749636560678482,-0.15250882506370544,173024,26,4,False,Left,Back,Centre,Left,58
<_io.BytesIO object at 0x000001FF3CBFA360>,0.47491922974586487,-0.08632127940654755,-0.1280480921268463,173024,26,4,False,Left,Back,Centre,Left,58
<_io.BytesIO object at 0x000001FF3CBFA450>,0.6266980171203613,0.16437788307666779,0.06417394429445267,173024,26,4,False,Left,Back,Centre,Left,58
<_io.BytesIO object at 0x000001FF3CC06220>,0.6533878445625305,0.15553522109985352,0.09699376672506332,173024,26,4,False,Left,Back,Centre,Left,58
<_io.BytesIO object at 0x000001FF3CC06860>,0.5800126194953918,0.18725760281085968,0.13432537019252777,173024,26,4,False,Left,Back,Centre,Left,58
<_io.BytesIO object at 0x000001FF3CC064A0>,0.6619261503219604,0.11323389410972595,0.09784756600856781,173024,26,4,False,Left,Back,Centre,Left,58
<_io.BytesIO object at 0x000001FF3CC06B30>,0.6220372319221497,0.10235771536827087,0.1432637721300125,173024,26,4,False,Left,Back,Centre,Left,58
<_io.BytesIO object at 0x000001FF3CC065E0>,0.4097207188606262,-0.0689912959933281,-0.06180813908576965,173025,26,4,False,Left,Back,Centre,Left,58
<_io.BytesIO object at 0x000001FF3CC06CC0>,0.4122144281864166,-0.0444050207734108,-0.12591992318630219,173025,26,4,False,Left,Back,Centre,Left,58
<_io.BytesIO object at 0x000001FF3CBFA540>,0.4058099091053009,-0.004390038549900055,-0.10439366102218628,173025,26,4,False,Left,Back,Centre,Left,58
<_io.BytesIO object at 0x000001FF3CBFA2C0>,0.446682333946228,-0.03749636560678482,-0.15250882506370544,173025,26,4,False,Left,Back,Centre,Left,58
<_io.BytesIO object at 0x000001FF3CBFA3B0>,0.47491922974586487,-0.08632127940654755,-0.1280480921268463,173025,26,4,False,Left,Back,Centre,Left,58
<_io.BytesIO object at 0x000001FF3CBFABD0>,0.6227564811706543,0.16548976302146912,0.07486700266599655,173025,26,4,False,Left,Back,Centre,Left,58
<_io.BytesIO object at 0x000001FF3CBFAB30>,0.6491596698760986,0.15550462901592255,0.10761230438947678,173025,26,4,False,Left,Back,Centre,Left,58
<_io.BytesIO object at 0x000001FF3CBFA310>,0.5762665867805481,0.1877344399690628,0.1453397125005722,173025,26,4,False,Left,Back,Centre,Left,58
<_io.BytesIO object at 0x000001FF3CBFA860>,0.6571791172027588,0.11303310841321945,0.10762258619070053,173025,26,4,False,Left,Back,Centre,Left,58
<_io.BytesIO object at 0x000001FF3CBFA680>,0.6190884113311768,0.10399391502141953,0.1518706977367401,173025,26,4,False,Left,Back,Centre,Left,58
<_io.BytesIO object at 0x000001FF3FACABD0>,0.4097207188606262,-0.0689912959933281,-0.06180813908576965,173026,26,4,False,Left,Back,Centre,Left,58
<_io.BytesIO object at 0x000001FF3FACA0E0>,0.4122144281864166,-0.0444050207734108,-0.12591992318630219,173026,26,4,False,Left,Back,Centre,Left,58
<_io.BytesIO object at 0x000001FF3FACA810>,0.4058099091053009,-0.004390038549900055,-0.10439366102218628,173026,26,4,False,Left,Back,Centre,Left,58
<_io.BytesIO object at 0x000001FF3CCB1540>,0.446682333946228,-0.03749636560678482,-0.15250882506370544,173026,26,4,False,Left,Back,Centre,Left,58
<_io.BytesIO object at 0x000001FF3CCB1860>,0.47491922974586487,-0.08632127940654755,-0.1280480921268463,173026,26,4,False,Left,Back,Centre,Left,58
<_io.BytesIO object at 0x000001FF3CCB17C0>,0.6188704967498779,0.1665850579738617,0.08559049665927887,173026,26,4,False,Left,Back,Centre,Left,58
<_io.BytesIO object at 0x000001FF3CCB1C70>,0.6449524760246277,0.15544195473194122,0.11824246495962143,173026,26,4,False,Left,Back,Centre,Left,58
<_io.BytesIO object at 0x000001FF3CCB1F40>,0.5726231932640076,0.18856395781040192,0.1563514620065689,173026,26,4,False,Left,Back,Centre,Left,58
<_io.BytesIO object at 0x000001FF3CCB1A40>,0.6519633531570435,0.1127861738204956,0.11728843301534653,173026,26,4,False,Left,Back,Centre,Left,58
<_io.BytesIO object at 0x000001FF3CCB13B0>,0.6163219213485718,0.10617099702358246,0.15993082523345947,173026,26,4,False,Left,Back,Centre,Left,58
<_io.BytesIO object at 0x000001FF3CCBA630>,0.4097207188606262,-0.0689912959933281,-0.06180813908576965,173027,26,4,False,Left,Back,Centre,Left,58
<_io.BytesIO object at 0x000001FF3CCBA4A0>,0.4122144281864166,-0.0444050207734108,-0.12591992318630219,173027,26,4,False,Left,Back,Centre,Left,58
<_io.BytesIO object at 0x000001FF3CCBA5E0>,0.4058099091053009,-0.004390038549900055,-0.10439366102218628,173027,26,4,False,Left,Back,Centre,Left,58
<_io.BytesIO object at 0x000001FF3CCBAC20>,0.446682333946228,-0.03749636560678482,-0.15250882506370544,173027,26,4,False,Left,Back,Centre,Left,58
<_io.BytesIO object at 0x000001FF3FA91D10>,0.47491922974586487,-0.08632127940654755,-0.1280480921268463,173027,26,4,False,Left,Back,Centre,Left,58
<_io.BytesIO object at 0x000001FF3FA91A40>,0.6148929595947266,0.1676570326089859,0.09613202512264252,173027,26,4,False,Left,Back,Centre,Left,58
<_io.BytesIO object at 0x000001FF3FA918B0>,0.6408454179763794,0.1551980972290039,0.1288881003856659,173027,26,4,False,Left,Back,Centre,Left,58
<_io.BytesIO object at 0x000001FF3FA91900>,0.5693833827972412,0.18917489051818848,0.167607381939888,173027,26,4,False,Left,Back,Centre,Left,58
<_io.BytesIO object at 0x000001FF3FA91590>,0.6470853686332703,0.11290889978408813,0.12671858072280884,173027,26,4,False,Left,Back,Centre,Left,58
<_io.BytesIO object at 0x000001FF3FA91B80>,0.6136410236358643,0.10833839327096939,0.16768527030944824,173027,26,4,False,Left,Back,Centre,Left,58
<_io.BytesIO object at 0x000001FF37F5FB30>,0.4097207188606262,-0.0689912959933281,-0.06180813908576965,173028,26,4,False,Left,Back,Centre,Left,58
<_io.BytesIO object at 0x000001FF380156D0>,0.4122144281864166,-0.0444050207734108,-0.12591992318630219,173028,26,4,False,Left,Back,Centre,Left,58
<_io.BytesIO object at 0x000001FF3CC92EA0>,0.4058099091053009,-0.004390038549900055,-0.10439366102218628,173028,26,4,False,Left,Back,Centre,Left,58
<_io.BytesIO object at 0x000001FF3CC92590>,0.446682333946228,-0.03749636560678482,-0.15250882506370544,173028,26,4,False,Left,Back,Centre,Left,58
<_io.BytesIO object at 0x000001FF3CC929A0>,0.47491922974586487,-0.08632127940654755,-0.1280480921268463,173028,26,4,False,Left,Back,Centre,Left,58
<_io.BytesIO object at 0x000001FF3CC923B0>,0.6110110282897949,0.16852760314941406,0.1072709783911705,173028,26,4,False,Left,Back,Centre,Left,58
<_io.BytesIO object at 0x000001FF3CC92810>,0.6365809440612793,0.1546473503112793,0.13954350352287292,173028,26,4,False,Left,Back,Centre,Left,58
<_io.BytesIO object at 0x000001FF3CC92D60>,0.5662874579429626,0.18990947306156158,0.17895443737506866,173028,26,4,False,Left,Back,Centre,Left,58
<_io.BytesIO object at 0x000001FF3CC92680>,0.6427921652793884,0.113031305372715,0.13592460751533508,173028,26,4,False,Left,Back,Centre,Left,58
<_io.BytesIO object at 0x000001FF3CC6E5E0>,0.610318124294281,0.11029264330863953,0.17529457807540894,173028,26,4,False,Left,Back,Centre,Left,58
<_io.BytesIO object at 0x000001FF3FA9C3B0>,0.4097207188606262,-0.0689912959933281,-0.06180813908576965,173029,26,4,False,Left,Back,Centre,Left,58
<_io.BytesIO object at 0x000001FF3FA9C4F0>,0.4122144281864166,-0.0444050207734108,-0.12591992318630219,173029,26,4,False,Left,Back,Centre,Left,58
<_io.BytesIO object at 0x000001FF3FA9C1D0>,0.4058099091053009,-0.004390038549900055,-0.10439366102218628,173029,26,4,False,Left,Back,Centre,Left,58
<_io.BytesIO object at 0x000001FF3CC5C0E0>,0.446682333946228,-0.03749636560678482,-0.15250882506370544,173029,26,4,False,Left,Back,Centre,Left,58
<_io.BytesIO object at 0x000001FF3CC5CC20>,0.47491922974586487,-0.08632127940654755,-0.1280480921268463,173029,26,4,False,Left,Back,Centre,Left,58
<_io.BytesIO object at 0x000001FF3CC5C9F0>,0.6070252656936646,0.1693977415561676,0.11818138509988785,173029,26,4,False,Left,Back,Centre,Left,58
<_io.BytesIO object at 0x000001FF3CC5C680>,0.6323177814483643,0.1539122313261032,0.1500299721956253,173029,26,4,False,Left,Back,Centre,Left,58
<_io.BytesIO object at 0x000001FF3CC5C590>,0.5636448860168457,0.19061245024204254,0.19051681458950043,173029,26,4,False,Left,Back,Centre,Left,58
<_io.BytesIO object at 0x000001FF3CC5C3B0>,0.638516366481781,0.11332235485315323,0.14491663873195648,173029,26,4,False,Left,Back,Centre,Left,58
<_io.BytesIO object at 0x000001FF3CC5CD10>,0.6061791181564331,0.11161404103040695,0.18319839239120483,173029,26,4,False,Left,Back,Centre,Left,58
<_io.BytesIO object at 0x000001FF3CC5C4F0>,0.4097207188606262,-0.0689912959933281,-0.06180813908576965,173030,26,4,False,Left,Back,Centre,Left,58
<_io.BytesIO object at 0x000001FF3FA9C3B0>,0.4122144281864166,-0.0444050207734108,-0.12591992318630219,173030,26,4,False,Left,Back,Centre,Left,58
<_io.BytesIO object at 0x000001FF3FA9C360>,0.4058099091053009,-0.004390038549900055,-0.10439366102218628,173030,26,4,False,Left,Back,Centre,Left,58
<_io.BytesIO object at 0x000001FF3FA9CEF0>,0.446682333946228,-0.03749636560678482,-0.15250882506370544,173030,26,4,False,Left,Back,Centre,Left,58
<_io.BytesIO object at 0x000001FF3FA9CC70>,0.47491922974586487,-0.08632127940654755,-0.1280480921268463,173030,26,4,False,Left,Back,Centre,Left,58
<_io.BytesIO object at 0x000001FF3FA9CB30>,0.6032404899597168,0.17035505175590515,0.12912769615650177,173030,26,4,False,Left,Back,Centre,Left,58
<_io.BytesIO object at 0x000001FF3CC6E720>,0.6280995607376099,0.15293586254119873,0.1604900360107422,173030,26,4,False,Left,Back,Centre,Left,58
<_io.BytesIO object at 0x000001FF3CC6E400>,0.5614122748374939,0.19128422439098358,0.20156879723072052,173030,26,4,False,Left,Back,Centre,Left,58
<_io.BytesIO object at 0x000001FF3CC6E9A0>,0.6339148879051208,0.1137448400259018,0.15365247428417206,173030,26,4,False,Left,Back,Centre,Left,58
<_io.BytesIO object at 0x000001FF3CC6EA90>,0.6055805087089539,0.10331006348133087,0.20662972331047058,173030,26,4,False,Left,Back,Centre,Left,58
<_io.BytesIO object at 0x000001FF3CC92220>,0.4097207188606262,-0.0689912959933281,-0.06180813908576965,173031,26,4,False,Left,Back,Centre,Left,58
<_io.BytesIO object at 0x000001FF38015770>,0.4122144281864166,-0.0444050207734108,-0.12591992318630219,173031,26,4,False,Left,Back,Centre,Left,58
<_io.BytesIO object at 0x000001FF3FC265E0>,0.4058099091053009,-0.004390038549900055,-0.10439366102218628,173031,26,4,False,Left,Back,Centre,Left,58
<_io.BytesIO object at 0x000001FF3FC26450>,0.446682333946228,-0.03749636560678482,-0.15250882506370544,173031,26,4,False,Left,Back,Centre,Left,58
<_io.BytesIO object at 0x000001FF3FC26680>,0.47491922974586487,-0.08632127940654755,-0.1280480921268463,173031,26,4,False,Left,Back,Centre,Left,58
<_io.BytesIO object at 0x000001FF3FC26360>,0.5995292067527771,0.17092926800251007,0.14004963636398315,173031,26,4,False,Left,Back,Centre,Left,58
<_io.BytesIO object at 0x000001FF3FC26770>,0.6242578029632568,0.15209151804447174,0.17079199850559235,173031,26,4,False,Left,Back,Centre,Left,58
<_io.BytesIO object at 0x000001FF3FC263B0>,0.558912992477417,0.1911344677209854,0.2135566622018814,173031,26,4,False,Left,Back,Centre,Left,58
<_io.BytesIO object at 0x000001FF3FC26DB0>,0.6292678117752075,0.11339063197374344,0.1624472588300705,173031,26,4,False,Left,Back,Centre,Left,58
<_io.BytesIO object at 0x000001FF3FA915E0>,0.6009701490402222,0.10209912061691284,0.2162865549325943,173031,26,4,False,Left,Back,Centre,Left,58
<_io.BytesIO object at 0x000001FF3CCBA680>,0.4097207188606262,-0.0689912959933281,-0.06180813908576965,173032,26,4,False,Left,Back,Centre,Left,58
<_io.BytesIO object at 0x000001FF3CCBA8B0>,0.4122144281864166,-0.0444050207734108,-0.12591992318630219,173032,26,4,False,Left,Back,Centre,Left,58
<_io.BytesIO object at 0x000001FF3CCBA310>,0.4058099091053009,-0.004390038549900055,-0.10439366102218628,173032,26,4,False,Left,Back,Centre,Left,58
<_io.BytesIO object at 0x000001FF3CCB3CC0>,0.446682333946228,-0.03749636560678482,-0.15250882506370544,173032,26,4,False,Left,Back,Centre,Left,58
<_io.BytesIO object at 0x000001FF3CCB3AE0>,0.47491922974586487,-0.08632127940654755,-0.1280480921268463,173032,26,4,False,Left,Back,Centre,Left,58
<_io.BytesIO object at 0x000001FF3CCB3E00>,0.5959208607673645,0.1714450716972351,0.15085387229919434,173032,26,4,False,Left,Back,Centre,Left,58
<_io.BytesIO object at 0x000001FF3CCB3630>,0.619927167892456,0.1517619788646698,0.18105752766132355,173032,26,4,False,Left,Back,Centre,Left,58
<_io.BytesIO object at 0x000001FF3CCB3310>,0.55674809217453,0.19107802212238312,0.22505396604537964,173032,26,4,False,Left,Back,Centre,Left,58
<_io.BytesIO object at 0x000001FF3CCB3EA0>,0.623780369758606,0.11304625868797302,0.17129702866077423,173032,26,4,False,Left,Back,Centre,Left,58
<_io.BytesIO object at 0x000001FF3CCB39A0>,0.5951820611953735,0.1013759970664978,0.22582033276557922,173032,26,4,False,Left,Back,Centre,Left,58
<_io.BytesIO object at 0x000001FF3FACA9A0>,0.4097207188606262,-0.0689912959933281,-0.06180813908576965,173033,26,4,False,Left,Back,Centre,Left,58
<_io.BytesIO object at 0x000001FF3FACA220>,0.4122144281864166,-0.0444050207734108,-0.12591992318630219,173033,26,4,False,Left,Back,Centre,Left,58
<_io.BytesIO object at 0x000001FF3FACAEF0>,0.4058099091053009,-0.004390038549900055,-0.10439366102218628,173033,26,4,False,Left,Back,Centre,Left,58
<_io.BytesIO object at 0x000001FF3FACAE50>,0.446682333946228,-0.03749636560678482,-0.15250882506370544,173033,26,4,False,Left,Back,Centre,Left,58
<_io.BytesIO object at 0x000001FF3FA71EF0>,0.47491922974586487,-0.08632127940654755,-0.1280480921268463,173033,26,4,False,Left,Back,Centre,Left,58
<_io.BytesIO object at 0x000001FF3FA71D10>,0.5922287702560425,0.17175492644309998,0.16130325198173523,173033,26,4,False,Left,Back,Centre,Left,58
<_io.BytesIO object at 0x000001FF3CC5AEA0>,0.6188628077507019,0.14879313111305237,0.1926988959312439,173033,26,4,False,Left,Back,Centre,Left,58
<_io.BytesIO object at 0x000001FF3CC5A5E0>,0.5591546297073364,0.18733586370944977,0.23908205330371857,173033,26,4,False,Left,Back,Centre,Left,58
<_io.BytesIO object at 0x000001FF3CC5A220>,0.618412435054779,0.11199342459440231,0.18085168302059174,173033,26,4,False,Left,Back,Centre,Left,58
<_io.BytesIO object at 0x000001FF3CC5AF40>,0.5941393375396729,0.09810790419578552,0.2323712408542633,173033,26,4,False,Left,Back,Centre,Left,58
<_io.BytesIO object at 0x000001FF3CBFA130>,0.4097207188606262,-0.0689912959933281,-0.06180813908576965,173034,26,4,False,Left,Back,Centre,Left,58
<_io.BytesIO object at 0x000001FF3CC06CC0>,0.4122144281864166,-0.0444050207734108,-0.12591992318630219,173034,26,4,False,Left,Back,Centre,Left,58
<_io.BytesIO object at 0x000001FF3CC06C20>,0.4058099091053009,-0.004390038549900055,-0.10439366102218628,173034,26,4,False,Left,Back,Centre,Left,58
<_io.BytesIO object at 0x000001FF3CC06130>,0.446682333946228,-0.03749636560678482,-0.15250882506370544,173034,26,4,False,Left,Back,Centre,Left,58
<_io.BytesIO object at 0x000001FF3CC06180>,0.47491922974586487,-0.08632127940654755,-0.1280480921268463,173034,26,4,False,Left,Back,Centre,Left,58
<_io.BytesIO object at 0x000001FF3CC06540>,0.5885728001594543,0.17206446826457977,0.17155036330223083,173034,26,4,False,Left,Back,Centre,Left,58
<_io.BytesIO object at 0x000001FF3CCAE5E0>,0.6100216507911682,0.15279819071292877,0.19970101118087769,173034,26,4,False,Left,Back,Centre,Left,58
<_io.BytesIO object at 0x000001FF3CCAE630>,0.5603690147399902,0.18485334515571594,0.25195425748825073,173034,26,4,False,Left,Back,Centre,Left,58
<_io.BytesIO object at 0x000001FF3CCAE0E0>,0.61343914270401,0.11059006303548813,0.18980732560157776,173034,26,4,False,Left,Back,Centre,Left,58
<_io.BytesIO object at 0x000001FF3CCAE220>,0.5942728519439697,0.09658622741699219,0.2414306104183197,173034,26,4,False,Left,Back,Centre,Left,58
<_io.BytesIO object at 0x000001FF3CBFAB30>,0.4097207188606262,-0.0689912959933281,-0.06180813908576965,173035,26,4,False,Left,Back,Centre,Left,58
<_io.BytesIO object at 0x000001FF3CBFA4A0>,0.4122144281864166,-0.0444050207734108,-0.12591992318630219,173035,26,4,False,Left,Back,Centre,Left,58
<_io.BytesIO object at 0x000001FF3CBFAEA0>,0.4058099091053009,-0.004390038549900055,-0.10439366102218628,173035,26,4,False,Left,Back,Centre,Left,58
<_io.BytesIO object at 0x000001FF3CBFA0E0>,0.446682333946228,-0.03749636560678482,-0.15250882506370544,173035,26,4,False,Left,Back,Centre,Left,58
<_io.BytesIO object at 0x000001FF3CC5AB30>,0.47491922974586487,-0.08632127940654755,-0.1280480921268463,173035,26,4,False,Left,Back,Centre,Left,58
<_io.BytesIO object at 0x000001FF3CC5A400>,0.5848444104194641,0.17204724252223969,0.18127377331256866,173035,26,4,False,Left,Back,Centre,Left,58
<_io.BytesIO object at 0x000001FF3CC5A090>,0.6034684777259827,0.15577225387096405,0.20578879117965698,173035,26,4,False,Left,Back,Centre,Left,58
<_io.BytesIO object at 0x000001FF3CC5AF40>,0.5604866743087769,0.18274778127670288,0.26402920484542847,173035,26,4,False,Left,Back,Centre,Left,58
<_io.BytesIO object at 0x000001FF3CC5A950>,0.6090008020401001,0.10991372913122177,0.1985979676246643,173035,26,4,False,Left,Back,Centre,Left,58
<_io.BytesIO object at 0x000001FF3CC5A900>,0.5942612886428833,0.09636406600475311,0.2502075433731079,173035,26,4,False,Left,Back,Centre,Left,58
<_io.BytesIO object at 0x000001FF3FACA130>,0.4097207188606262,-0.0689912959933281,-0.06180813908576965,173036,26,4,False,Left,Back,Centre,Left,58
<_io.BytesIO object at 0x000001FF3CCB1950>,0.4122144281864166,-0.0444050207734108,-0.12591992318630219,173036,26,4,False,Left,Back,Centre,Left,58
<_io.BytesIO object at 0x000001FF3CCB1D10>,0.4058099091053009,-0.004390038549900055,-0.10439366102218628,173036,26,4,False,Left,Back,Centre,Left,58
<_io.BytesIO object at 0x000001FF3CCB1DB0>,0.446682333946228,-0.03749636560678482,-0.15250882506370544,173036,26,4,False,Left,Back,Centre,Left,58
<_io.BytesIO object at 0x000001FF3CCB15E0>,0.47491922974586487,-0.08632127940654755,-0.1280480921268463,173036,26,4,False,Left,Back,Centre,Left,58
<_io.BytesIO object at 0x000001FF3CCB3B80>,0.5811395049095154,0.1720406711101532,0.1908988207578659,173036,26,4,False,Left,Back,Centre,Left,58
<_io.BytesIO object at 0x000001FF3CCB3950>,0.6088189482688904,0.15090665221214294,0.21389853954315186,173036,26,4,False,Left,Back,Centre,Left,58
<_io.BytesIO object at 0x000001FF3CCB3040>,0.5598093271255493,0.18120944499969482,0.27523690462112427,173036,26,4,False,Left,Back,Centre,Left,58
<_io.BytesIO object at 0x000001FF3CCB3810>,0.6058007478713989,0.10908610373735428,0.2070682793855667,173036,26,4,False,Left,Back,Centre,Left,58
<_io.BytesIO object at 0x000001FF3CCB3630>,0.5928285121917725,0.09392596781253815,0.2581706643104553,173036,26,4,False,Left,Back,Centre,Left,58
<_io.BytesIO object at 0x000001FF3CCBA1D0>,0.4097207188606262,-0.0689912959933281,-0.06180813908576965,173037,26,4,False,Left,Back,Centre,Left,58
<_io.BytesIO object at 0x000001FF3FA91090>,0.4122144281864166,-0.0444050207734108,-0.12591992318630219,173037,26,4,False,Left,Back,Centre,Left,58
<_io.BytesIO object at 0x000001FF3FA91950>,0.4058099091053009,-0.004390038549900055,-0.10439366102218628,173037,26,4,False,Left,Back,Centre,Left,58
<_io.BytesIO object at 0x000001FF3FA91680>,0.446682333946228,-0.03749636560678482,-0.15250882506370544,173037,26,4,False,Left,Back,Centre,Left,58
<_io.BytesIO object at 0x000001FF3FA910E0>,0.47491922974586487,-0.08632127940654755,-0.1280480921268463,173037,26,4,False,Left,Back,Centre,Left,58
<_io.BytesIO object at 0x000001FF3FA91860>,0.5768476724624634,0.1722983717918396,0.199017733335495,173037,26,4,False,Left,Back,Centre,Left,58
<_io.BytesIO object at 0x000001FF3FC26040>,0.605840802192688,0.15048867464065552,0.22093142569065094,173037,26,4,False,Left,Back,Centre,Left,58
<_io.BytesIO object at 0x000001FF3FC26F90>,0.5590429902076721,0.18127253651618958,0.2856702506542206,173037,26,4,False,Left,Back,Centre,Left,58
<_io.BytesIO object at 0x000001FF3FC26B80>,0.6030879616737366,0.10740925371646881,0.21283459663391113,173037,26,4,False,Left,Back,Centre,Left,58
<_io.BytesIO object at 0x000001FF3FC26D60>,0.5916844010353088,0.09308809787034988,0.265285462141037,173037,26,4,False,Left,Back,Centre,Left,58
<_io.BytesIO object at 0x000001FF3CC92AE0>,0.4097207188606262,-0.0689912959933281,-0.06180813908576965,173038,26,4,False,Left,Back,Centre,Left,58
<_io.BytesIO object at 0x000001FF3CC6ECC0>,0.4122144281864166,-0.0444050207734108,-0.12591992318630219,173038,26,4,False,Left,Back,Centre,Left,58
<_io.BytesIO object at 0x000001FF3CC6EA40>,0.4058099091053009,-0.004390038549900055,-0.10439366102218628,173038,26,4,False,Left,Back,Centre,Left,58
<_io.BytesIO object at 0x000001FF3CC6EB80>,0.446682333946228,-0.03749636560678482,-0.15250882506370544,173038,26,4,False,Left,Back,Centre,Left,58
<_io.BytesIO object at 0x000001FF3CC6E1D0>,0.47491922974586487,-0.08632127940654755,-0.1280480921268463,173038,26,4,False,Left,Back,Centre,Left,58
<_io.BytesIO object at 0x000001FF3CC6E040>,0.5768476724624634,0.1722983717918396,0.199017733335495,173038,26,4,False,Left,Back,Centre,Left,58
<_io.BytesIO object at 0x000001FF3CC6E2C0>,0.605840802192688,0.15048867464065552,0.22093142569065094,173038,26,4,False,Left,Back,Centre,Left,58
<_io.BytesIO object at 0x000001FF3CC6EF40>,0.5590429902076721,0.18127253651618958,0.2856702506542206,173038,26,4,False,Left,Back,Centre,Left,58
<_io.BytesIO object at 0x000001FF3FA9C270>,0.6030879616737366,0.10740925371646881,0.21283459663391113,173038,26,4,False,Left,Back,Centre,Left,58
<_io.BytesIO object at 0x000001FF3FA9CD10>,0.5916844010353088,0.09308809787034988,0.265285462141037,173038,26,4,False,Left,Back,Centre,Left,58
<_io.BytesIO object at 0x000001FF3CC5CCC0>,0.4097207188606262,-0.0689912959933281,-0.06180813908576965,173039,26,4,False,Left,Back,Centre,Left,58
<_io.BytesIO object at 0x000001FF3CCAE950>,0.4122144281864166,-0.0444050207734108,-0.12591992318630219,173039,26,4,False,Left,Back,Centre,Left,58
<_io.BytesIO object at 0x000001FF3CCAE360>,0.4058099091053009,-0.004390038549900055,-0.10439366102218628,173039,26,4,False,Left,Back,Centre,Left,58
<_io.BytesIO object at 0x000001FF3CCAE680>,0.446682333946228,-0.03749636560678482,-0.15250882506370544,173039,26,4,False,Left,Back,Centre,Left,58
<_io.BytesIO object at 0x000001FF3CCAE1D0>,0.47491922974586487,-0.08632127940654755,-0.1280480921268463,173039,26,4,False,Left,Back,Centre,Left,58
<_io.BytesIO object at 0x000001FF3CCAEBD0>,0.5768476724624634,0.1722983717918396,0.199017733335495,173039,26,4,False,Left,Back,Centre,Left,58
<_io.BytesIO object at 0x000001FF3CC5C720>,0.605840802192688,0.15048867464065552,0.22093142569065094,173039,26,4,False,Left,Back,Centre,Left,58
<_io.BytesIO object at 0x000001FF3CC5C2C0>,0.5590429902076721,0.18127253651618958,0.2856702506542206,173039,26,4,False,Left,Back,Centre,Left,58
<_io.BytesIO object at 0x000001FF3CC5CC20>,0.6030879616737366,0.10740925371646881,0.21283459663391113,173039,26,4,False,Left,Back,Centre,Left,58
<_io.BytesIO object at 0x000001FF3CC5C4F0>,0.5916844010353088,0.09308809787034988,0.265285462141037,173039,26,4,False,Left,Back,Centre,Left,58
<_io.BytesIO object at 0x000001FF3CC6E400>,0.4097207188606262,-0.0689912959933281,-0.06180813908576965,173040,26,4,False,Left,Back,Centre,Left,58
<_io.BytesIO object at 0x000001FF3CC6E7C0>,0.4122144281864166,-0.0444050207734108,-0.12591992318630219,173040,26,4,False,Left,Back,Centre,Left,58
<_io.BytesIO object at 0x000001FF3CC6EF90>,0.4058099091053009,-0.004390038549900055,-0.10439366102218628,173040,26,4,False,Left,Back,Centre,Left,58
<_io.BytesIO object at 0x000001FF38015360>,0.446682333946228,-0.03749636560678482,-0.15250882506370544,173040,26,4,False,Left,Back,Centre,Left,58
<_io.BytesIO object at 0x000001FF380154F0>,0.47491922974586487,-0.08632127940654755,-0.1280480921268463,173040,26,4,False,Left,Back,Centre,Left,58
<_io.BytesIO object at 0x000001FF3FC263B0>,0.5768476724624634,0.1722983717918396,0.199017733335495,173040,26,4,False,Left,Back,Centre,Left,58
<_io.BytesIO object at 0x000001FF3FC264F0>,0.605840802192688,0.15048867464065552,0.22093142569065094,173040,26,4,False,Left,Back,Centre,Left,58
<_io.BytesIO object at 0x000001FF3FC26AE0>,0.5590429902076721,0.18127253651618958,0.2856702506542206,173040,26,4,False,Left,Back,Centre,Left,58
<_io.BytesIO object at 0x000001FF3FC26360>,0.6030879616737366,0.10740925371646881,0.21283459663391113,173040,26,4,False,Left,Back,Centre,Left,58
<_io.BytesIO object at 0x000001FF3FC26680>,0.5916844010353088,0.09308809787034988,0.265285462141037,173040,26,4,False,Left,Back,Centre,Left,58
<_io.BytesIO object at 0x000001FF3FA91B30>,0.4097207188606262,-0.0689912959933281,-0.06180813908576965,173041,26,4,False,Left,Back,Centre,Left,58
<_io.BytesIO object at 0x000001FF3CCBA7C0>,0.4122144281864166,-0.0444050207734108,-0.12591992318630219,173041,26,4,False,Left,Back,Centre,Left,58
<_io.BytesIO object at 0x000001FF3CCBA900>,0.4058099091053009,-0.004390038549900055,-0.10439366102218628,173041,26,4,False,Left,Back,Centre,Left,58
<_io.BytesIO object at 0x000001FF3CCBAE50>,0.446682333946228,-0.03749636560678482,-0.15250882506370544,173041,26,4,False,Left,Back,Centre,Left,58
<_io.BytesIO object at 0x000001FF3CCBA680>,0.47491922974586487,-0.08632127940654755,-0.1280480921268463,173041,26,4,False,Left,Back,Centre,Left,58
<_io.BytesIO object at 0x000001FF3CCBA0E0>,0.5768476724624634,0.1722983717918396,0.199017733335495,173041,26,4,False,Left,Back,Centre,Left,58
<_io.BytesIO object at 0x000001FF3CCB36D0>,0.605840802192688,0.15048867464065552,0.22093142569065094,173041,26,4,False,Left,Back,Centre,Left,58
<_io.BytesIO object at 0x000001FF3CCB3EA0>,0.5590429902076721,0.18127253651618958,0.2856702506542206,173041,26,4,False,Left,Back,Centre,Left,58
<_io.BytesIO object at 0x000001FF3CCB3A90>,0.6030879616737366,0.10740925371646881,0.21283459663391113,173041,26,4,False,Left,Back,Centre,Left,58
<_io.BytesIO object at 0x000001FF3CCB3E00>,0.5916844010353088,0.09308809787034988,0.265285462141037,173041,26,4,False,Left,Back,Centre,Left,58
<_io.BytesIO object at 0x000001FF3CCB1AE0>,0.4097207188606262,-0.0689912959933281,-0.06180813908576965,173042,26,4,False,Left,Back,Centre,Left,58
<_io.BytesIO object at 0x000001FF3FACA0E0>,0.4122144281864166,-0.0444050207734108,-0.12591992318630219,173042,26,4,False,Left,Back,Centre,Left,58
<_io.BytesIO object at 0x000001FF3FACA680>,0.4058099091053009,-0.004390038549900055,-0.10439366102218628,173042,26,4,False,Left,Back,Centre,Left,58
<_io.BytesIO object at 0x000001FF3FACAF40>,0.446682333946228,-0.03749636560678482,-0.15250882506370544,173042,26,4,False,Left,Back,Centre,Left,58
<_io.BytesIO object at 0x000001FF3FACAEA0>,0.47491922974586487,-0.08632127940654755,-0.1280480921268463,173042,26,4,False,Left,Back,Centre,Left,58
<_io.BytesIO object at 0x000001FF3FACAE50>,0.5768476724624634,0.1722983717918396,0.199017733335495,173042,26,4,False,Left,Back,Centre,Left,58
<_io.BytesIO object at 0x000001FF3FACA4A0>,0.605840802192688,0.15048867464065552,0.22093142569065094,173042,26,4,False,Left,Back,Centre,Left,58
<_io.BytesIO object at 0x000001FF3CC927C0>,0.5590429902076721,0.18127253651618958,0.2856702506542206,173042,26,4,False,Left,Back,Centre,Left,58
<_io.BytesIO object at 0x000001FF3CC92360>,0.6030879616737366,0.10740925371646881,0.21283459663391113,173042,26,4,False,Left,Back,Centre,Left,58
<_io.BytesIO object at 0x000001FF3CC92770>,0.5916844010353088,0.09308809787034988,0.265285462141037,173042,26,4,False,Left,Back,Centre,Left,58
<_io.BytesIO object at 0x000001FF3CC5A770>,0.4097207188606262,-0.0689912959933281,-0.06180813908576965,173043,26,4,False,Left,Back,Centre,Left,58
<_io.BytesIO object at 0x000001FF3CBFA6D0>,0.4122144281864166,-0.0444050207734108,-0.12591992318630219,173043,26,4,False,Left,Back,Centre,Left,58
<_io.BytesIO object at 0x000001FF3CBFA860>,0.4058099091053009,-0.004390038549900055,-0.10439366102218628,173043,26,4,False,Left,Back,Centre,Left,58
<_io.BytesIO object at 0x000001FF3CBFAD60>,0.446682333946228,-0.03749636560678482,-0.15250882506370544,173043,26,4,False,Left,Back,Centre,Left,58
<_io.BytesIO object at 0x000001FF3CBFA770>,0.47491922974586487,-0.08632127940654755,-0.1280480921268463,173043,26,4,False,Left,Back,Centre,Left,58
<_io.BytesIO object at 0x000001FF3CBFABD0>,0.5768476724624634,0.1722983717918396,0.199017733335495,173043,26,4,False,Left,Back,Centre,Left,58
<_io.BytesIO object at 0x000001FF3CBFA2C0>,0.605840802192688,0.15048867464065552,0.22093142569065094,173043,26,4,False,Left,Back,Centre,Left,58
<_io.BytesIO object at 0x000001FF3CBFA090>,0.5590429902076721,0.18127253651618958,0.2856702506542206,173043,26,4,False,Left,Back,Centre,Left,58
<_io.BytesIO object at 0x000001FF3CC06EF0>,0.6030879616737366,0.10740925371646881,0.21283459663391113,173043,26,4,False,Left,Back,Centre,Left,58
<_io.BytesIO object at 0x000001FF3CC063B0>,0.5916844010353088,0.09308809787034988,0.265285462141037,173043,26,4,False,Left,Back,Centre,Left,58
<_io.BytesIO object at 0x000001FF3CC064A0>,0.4097207188606262,-0.0689912959933281,-0.06180813908576965,173044,26,4,False,Left,Back,Centre,Left,58
<_io.BytesIO object at 0x000001FF3CC06810>,0.4122144281864166,-0.0444050207734108,-0.12591992318630219,173044,26,4,False,Left,Back,Centre,Left,58
<_io.BytesIO object at 0x000001FF3CC065E0>,0.4058099091053009,-0.004390038549900055,-0.10439366102218628,173044,26,4,False,Left,Back,Centre,Left,58
<_io.BytesIO object at 0x000001FF3CC06900>,0.446682333946228,-0.03749636560678482,-0.15250882506370544,173044,26,4,False,Left,Back,Centre,Left,58
<_io.BytesIO object at 0x000001FF3CC06AE0>,0.47491922974586487,-0.08632127940654755,-0.1280480921268463,173044,26,4,False,Left,Back,Centre,Left,58
<_io.BytesIO object at 0x000001FF3CBFA9A0>,0.5768476724624634,0.1722983717918396,0.199017733335495,173044,26,4,False,Left,Back,Centre,Left,58
<_io.BytesIO object at 0x000001FF3CBFA8B0>,0.605840802192688,0.15048867464065552,0.22093142569065094,173044,26,4,False,Left,Back,Centre,Left,58
<_io.BytesIO object at 0x000001FF3CBFAC20>,0.5590429902076721,0.18127253651618958,0.2856702506542206,173044,26,4,False,Left,Back,Centre,Left,58
<_io.BytesIO object at 0x000001FF3CBFAD60>,0.6030879616737366,0.10740925371646881,0.21283459663391113,173044,26,4,False,Left,Back,Centre,Left,58
<_io.BytesIO object at 0x000001FF3CBFA900>,0.5916844010353088,0.09308809787034988,0.265285462141037,173044,26,4,False,Left,Back,Centre,Left,58
<_io.BytesIO object at 0x000001FF3CC5A540>,0.4097207188606262,-0.0689912959933281,-0.06180813908576965,173045,26,4,False,Left,Back,Centre,Left,58
<_io.BytesIO object at 0x000001FF3CC92130>,0.4122144281864166,-0.0444050207734108,-0.12591992318630219,173045,26,4,False,Left,Back,Centre,Left,58
<_io.BytesIO object at 0x000001FF3CC922C0>,0.4058099091053009,-0.004390038549900055,-0.10439366102218628,173045,26,4,False,Left,Back,Centre,Left,58
<_io.BytesIO object at 0x000001FF3CC920E0>,0.446682333946228,-0.03749636560678482,-0.15250882506370544,173045,26,4,False,Left,Back,Centre,Left,58
<_io.BytesIO object at 0x000001FF3CC92F90>,0.47491922974586487,-0.08632127940654755,-0.1280480921268463,173045,26,4,False,Left,Back,Centre,Left,58
<_io.BytesIO object at 0x000001FF3FACA3B0>,0.5768476724624634,0.1722983717918396,0.199017733335495,173045,26,4,False,Left,Back,Centre,Left,58
<_io.BytesIO object at 0x000001FF3FACA860>,0.605840802192688,0.15048867464065552,0.22093142569065094,173045,26,4,False,Left,Back,Centre,Left,58
<_io.BytesIO object at 0x000001FF3FACAEA0>,0.5590429902076721,0.18127253651618958,0.2856702506542206,173045,26,4,False,Left,Back,Centre,Left,58
<_io.BytesIO object at 0x000001FF3FACA9A0>,0.6030879616737366,0.10740925371646881,0.21283459663391113,173045,26,4,False,Left,Back,Centre,Left,58
<_io.BytesIO object at 0x000001FF3FACA630>,0.5916844010353088,0.09308809787034988,0.265285462141037,173045,26,4,False,Left,Back,Centre,Left,58
<_io.BytesIO object at 0x000001FF3CCBA130>,0.4097207188606262,-0.0689912959933281,-0.06180813908576965,173046,26,4,False,Left,Back,Centre,Left,58
<_io.BytesIO object at 0x000001FF3CCBAA90>,0.4122144281864166,-0.0444050207734108,-0.12591992318630219,173046,26,4,False,Left,Back,Centre,Left,58
<_io.BytesIO object at 0x000001FF3CCBA810>,0.4058099091053009,-0.004390038549900055,-0.10439366102218628,173046,26,4,False,Left,Back,Centre,Left,58
<_io.BytesIO object at 0x000001FF3CCBAC20>,0.446682333946228,-0.03749636560678482,-0.15250882506370544,173046,26,4,False,Left,Back,Centre,Left,58
<_io.BytesIO object at 0x000001FF3CCBA590>,0.47491922974586487,-0.08632127940654755,-0.1280480921268463,173046,26,4,False,Left,Back,Centre,Left,58
<_io.BytesIO object at 0x000001FF3FA91A40>,0.5768476724624634,0.1722983717918396,0.199017733335495,173046,26,4,False,Left,Back,Centre,Left,58
<_io.BytesIO object at 0x000001FF3FA912C0>,0.605840802192688,0.15048867464065552,0.22093142569065094,173046,26,4,False,Left,Back,Centre,Left,58
<_io.BytesIO object at 0x000001FF3FA915E0>,0.5590429902076721,0.18127253651618958,0.2856702506542206,173046,26,4,False,Left,Back,Centre,Left,58
<_io.BytesIO object at 0x000001FF3FA91900>,0.6030879616737366,0.10740925371646881,0.21283459663391113,173046,26,4,False,Left,Back,Centre,Left,58
<_io.BytesIO object at 0x000001FF3FA91B80>,0.5916844010353088,0.09308809787034988,0.265285462141037,173046,26,4,False,Left,Back,Centre,Left,58
<_io.BytesIO object at 0x000001FF3FC263B0>,0.4097207188606262,-0.0689912959933281,-0.06180813908576965,173047,26,4,False,Left,Back,Centre,Left,58
<_io.BytesIO object at 0x000001FF3CC6E4F0>,0.4122144281864166,-0.0444050207734108,-0.12591992318630219,173047,26,4,False,Left,Back,Centre,Left,58
<_io.BytesIO object at 0x000001FF3CC6E090>,0.4058099091053009,-0.004390038549900055,-0.10439366102218628,173047,26,4,False,Left,Back,Centre,Left,58
<_io.BytesIO object at 0x000001FF3CC6EBD0>,0.446682333946228,-0.03749636560678482,-0.15250882506370544,173047,26,4,False,Left,Back,Centre,Left,58
<_io.BytesIO object at 0x000001FF3CC6EC20>,0.47491922974586487,-0.08632127940654755,-0.1280480921268463,173047,26,4,False,Left,Back,Centre,Left,58
<_io.BytesIO object at 0x000001FF3CC6EF40>,0.5768476724624634,0.1722983717918396,0.199017733335495,173047,26,4,False,Left,Back,Centre,Left,58
<_io.BytesIO object at 0x000001FF37F5FB30>,0.605840802192688,0.15048867464065552,0.22093142569065094,173047,26,4,False,Left,Back,Centre,Left,58
<_io.BytesIO object at 0x000001FF3CCB19A0>,0.5590429902076721,0.18127253651618958,0.2856702506542206,173047,26,4,False,Left,Back,Centre,Left,58
<_io.BytesIO object at 0x000001FF3CCB1900>,0.6030879616737366,0.10740925371646881,0.21283459663391113,173047,26,4,False,Left,Back,Centre,Left,58
<_io.BytesIO object at 0x000001FF3CCB12C0>,0.5916844010353088,0.09308809787034988,0.265285462141037,173047,26,4,False,Left,Back,Centre,Left,58
<_io.BytesIO object at 0x000001FF3FA9C5E0>,0.4097207188606262,-0.0689912959933281,-0.06180813908576965,173048,26,4,False,Left,Back,Centre,Left,58
<_io.BytesIO object at 0x000001FF3CC5C130>,0.4122144281864166,-0.0444050207734108,-0.12591992318630219,173048,26,4,False,Left,Back,Centre,Left,58
<_io.BytesIO object at 0x000001FF3CC5C860>,0.4058099091053009,-0.004390038549900055,-0.10439366102218628,173048,26,4,False,Left,Back,Centre,Left,58
<_io.BytesIO object at 0x000001FF3CC5C6D0>,0.446682333946228,-0.03749636560678482,-0.15250882506370544,173048,26,4,False,Left,Back,Centre,Left,58
<_io.BytesIO object at 0x000001FF3CC5C2C0>,0.47491922974586487,-0.08632127940654755,-0.1280480921268463,173048,26,4,False,Left,Back,Centre,Left,58
<_io.BytesIO object at 0x000001FF3CC5C9A0>,0.5768476724624634,0.1722983717918396,0.199017733335495,173048,26,4,False,Left,Back,Centre,Left,58
<_io.BytesIO object at 0x000001FF3CCAE590>,0.605840802192688,0.15048867464065552,0.22093142569065094,173048,26,4,False,Left,Back,Centre,Left,58
<_io.BytesIO object at 0x000001FF3CCAE860>,0.5590429902076721,0.18127253651618958,0.2856702506542206,173048,26,4,False,Left,Back,Centre,Left,58
<_io.BytesIO object at 0x000001FF3CCAE2C0>,0.6030879616737366,0.10740925371646881,0.21283459663391113,173048,26,4,False,Left,Back,Centre,Left,58
<_io.BytesIO object at 0x000001FF3CCAEA90>,0.5916844010353088,0.09308809787034988,0.265285462141037,173048,26,4,False,Left,Back,Centre,Left,58
<_io.BytesIO object at 0x000001FF3CC5CA40>,0.4097207188606262,-0.0689912959933281,-0.06180813908576965,173049,26,4,False,Left,Back,Centre,Left,58
<_io.BytesIO object at 0x000001FF3CC5C900>,0.4122144281864166,-0.0444050207734108,-0.12591992318630219,173049,26,4,False,Left,Back,Centre,Left,58
<_io.BytesIO object at 0x000001FF3FA9CB80>,0.4058099091053009,-0.004390038549900055,-0.10439366102218628,173049,26,4,False,Left,Back,Centre,Left,58
<_io.BytesIO object at 0x000001FF3FA9C0E0>,0.446682333946228,-0.03749636560678482,-0.15250882506370544,173049,26,4,False,Left,Back,Centre,Left,58
<_io.BytesIO object at 0x000001FF3FA9CE00>,0.47491922974586487,-0.08632127940654755,-0.1280480921268463,173049,26,4,False,Left,Back,Centre,Left,58
<_io.BytesIO object at 0x000001FF3FA9CF90>,0.5768476724624634,0.1722983717918396,0.199017733335495,173049,26,4,False,Left,Back,Centre,Left,58
<_io.BytesIO object at 0x000001FF3FA9C540>,0.605840802192688,0.15048867464065552,0.22093142569065094,173049,26,4,False,Left,Back,Centre,Left,58
<_io.BytesIO object at 0x000001FF3FA9C270>,0.5590429902076721,0.18127253651618958,0.2856702506542206,173049,26,4,False,Left,Back,Centre,Left,58
<_io.BytesIO object at 0x000001FF3FA9C860>,0.6030879616737366,0.10740925371646881,0.21283459663391113,173049,26,4,False,Left,Back,Centre,Left,58
<_io.BytesIO object at 0x000001FF3CCB14F0>,0.5916844010353088,0.09308809787034988,0.265285462141037,173049,26,4,False,Left,Back,Centre,Left,58
<_io.BytesIO object at 0x000001FF3CC6E950>,0.4097207188606262,-0.0689912959933281,-0.06180813908576965,173050,26,4,False,Left,Back,Centre,Left,58
<_io.BytesIO object at 0x000001FF3CC6EC70>,0.4122144281864166,-0.0444050207734108,-0.12591992318630219,173050,26,4,False,Left,Back,Centre,Left,58
<_io.BytesIO object at 0x000001FF380154F0>,0.4058099091053009,-0.004390038549900055,-0.10439366102218628,173050,26,4,False,Left,Back,Centre,Left,58
<_io.BytesIO object at 0x000001FF3FC26EA0>,0.446682333946228,-0.03749636560678482,-0.15250882506370544,173050,26,4,False,Left,Back,Centre,Left,58
<_io.BytesIO object at 0x000001FF3FC267C0>,0.47491922974586487,-0.08632127940654755,-0.1280480921268463,173050,26,4,False,Left,Back,Centre,Left,58
<_io.BytesIO object at 0x000001FF3FC26E50>,0.5768476724624634,0.1722983717918396,0.199017733335495,173050,26,4,False,Left,Back,Centre,Left,58
<_io.BytesIO object at 0x000001FF3FC26590>,0.605840802192688,0.15048867464065552,0.22093142569065094,173050,26,4,False,Left,Back,Centre,Left,58
<_io.BytesIO object at 0x000001FF3FC26BD0>,0.5590429902076721,0.18127253651618958,0.2856702506542206,173050,26,4,False,Left,Back,Centre,Left,58
<_io.BytesIO object at 0x000001FF3FC26770>,0.6030879616737366,0.10740925371646881,0.21283459663391113,173050,26,4,False,Left,Back,Centre,Left,58
<_io.BytesIO object at 0x000001FF3FC26D10>,0.5916844010353088,0.09308809787034988,0.265285462141037,173050,26,4,False,Left,Back,Centre,Left,58
<_io.BytesIO object at 0x000001FF3CCB3A90>,0.4097207188606262,-0.0689912959933281,-0.06180813908576965,173051,26,4,False,Left,Back,Centre,Left,58
<_io.BytesIO object at 0x000001FF3CCB3860>,0.4122144281864166,-0.0444050207734108,-0.12591992318630219,173051,26,4,False,Left,Back,Centre,Left,58
<_io.BytesIO object at 0x000001FF3CCB3B80>,0.4058099091053009,-0.004390038549900055,-0.10439366102218628,173051,26,4,False,Left,Back,Centre,Left,58
<_io.BytesIO object at 0x000001FF3FACA400>,0.446682333946228,-0.03749636560678482,-0.15250882506370544,173051,26,4,False,Left,Back,Centre,Left,58
<_io.BytesIO object at 0x000001FF3FACA220>,0.47491922974586487,-0.08632127940654755,-0.1280480921268463,173051,26,4,False,Left,Back,Centre,Left,58
<_io.BytesIO object at 0x000001FF3FACA2C0>,0.5768476724624634,0.1722983717918396,0.199017733335495,173051,26,4,False,Left,Back,Centre,Left,58
<_io.BytesIO object at 0x000001FF3FACA0E0>,0.605840802192688,0.15048867464065552,0.22093142569065094,173051,26,4,False,Left,Back,Centre,Left,58
<_io.BytesIO object at 0x000001FF3FACA9A0>,0.5590429902076721,0.18127253651618958,0.2856702506542206,173051,26,4,False,Left,Back,Centre,Left,58
<_io.BytesIO object at 0x000001FF3FACAD10>,0.6030879616737366,0.10740925371646881,0.21283459663391113,173051,26,4,False,Left,Back,Centre,Left,58
<_io.BytesIO object at 0x000001FF3FACAB30>,0.5916844010353088,0.09308809787034988,0.265285462141037,173051,26,4,False,Left,Back,Centre,Left,58
<_io.BytesIO object at 0x000001FF3CCBABD0>,0.4097207188606262,-0.0689912959933281,-0.06180813908576965,173052,26,4,False,Left,Back,Centre,Left,58
<_io.BytesIO object at 0x000001FF3CCBA630>,0.4122144281864166,-0.0444050207734108,-0.12591992318630219,173052,26,4,False,Left,Back,Centre,Left,58
<_io.BytesIO object at 0x000001FF3CCBA400>,0.4058099091053009,-0.004390038549900055,-0.10439366102218628,173052,26,4,False,Left,Back,Centre,Left,58
<_io.BytesIO object at 0x000001FF3CCBAC70>,0.446682333946228,-0.03749636560678482,-0.15250882506370544,173052,26,4,False,Left,Back,Centre,Left,58
<_io.BytesIO object at 0x000001FF3CC5A900>,0.47491922974586487,-0.08632127940654755,-0.1280480921268463,173052,26,4,False,Left,Back,Centre,Left,58
<_io.BytesIO object at 0x000001FF3CC5A630>,0.5768476724624634,0.1722983717918396,0.199017733335495,173052,26,4,False,Left,Back,Centre,Left,58
<_io.BytesIO object at 0x000001FF3CC5A8B0>,0.605840802192688,0.15048867464065552,0.22093142569065094,173052,26,4,False,Left,Back,Centre,Left,58
<_io.BytesIO object at 0x000001FF3CC5A450>,0.5590429902076721,0.18127253651618958,0.2856702506542206,173052,26,4,False,Left,Back,Centre,Left,58
<_io.BytesIO object at 0x000001FF3CC5A0E0>,0.6030879616737366,0.10740925371646881,0.21283459663391113,173052,26,4,False,Left,Back,Centre,Left,58
<_io.BytesIO object at 0x000001FF3CC5A810>,0.5916844010353088,0.09308809787034988,0.265285462141037,173052,26,4,False,Left,Back,Centre,Left,58
<_io.BytesIO object at 0x000001FF3CBFACC0>,0.4097207188606262,-0.0689912959933281,-0.06180813908576965,173053,26,4,False,Left,Back,Centre,Left,58
<_io.BytesIO object at 0x000001FF3CBFA7C0>,0.4122144281864166,-0.0444050207734108,-0.12591992318630219,173053,26,4,False,Left,Back,Centre,Left,58
<_io.BytesIO object at 0x000001FF3CBFA4A0>,0.4058099091053009,-0.004390038549900055,-0.10439366102218628,173053,26,4,False,Left,Back,Centre,Left,58
<_io.BytesIO object at 0x000001FF3CC5A090>,0.446682333946228,-0.03749636560678482,-0.15250882506370544,173053,26,4,False,Left,Back,Centre,Left,58
<_io.BytesIO object at 0x000001FF3CC5AA40>,0.47491922974586487,-0.08632127940654755,-0.1280480921268463,173053,26,4,False,Left,Back,Centre,Left,58
<_io.BytesIO object at 0x000001FF3CC5AC70>,0.5768476724624634,0.1722983717918396,0.199017733335495,173053,26,4,False,Left,Back,Centre,Left,58
<_io.BytesIO object at 0x000001FF3CC5A1D0>,0.605840802192688,0.15048867464065552,0.22093142569065094,173053,26,4,False,Left,Back,Centre,Left,58
<_io.BytesIO object at 0x000001FF3CC5A630>,0.5590429902076721,0.18127253651618958,0.2856702506542206,173053,26,4,False,Left,Back,Centre,Left,58
<_io.BytesIO object at 0x000001FF3CC5A400>,0.6030879616737366,0.10740925371646881,0.21283459663391113,173053,26,4,False,Left,Back,Centre,Left,58
<_io.BytesIO object at 0x000001FF3CCBAD10>,0.5916844010353088,0.09308809787034988,0.265285462141037,173053,26,4,False,Left,Back,Centre,Left,58
<_io.BytesIO object at 0x000001FF3CC92EF0>,0.4097207188606262,-0.0689912959933281,-0.06180813908576965,173054,26,4,False,Left,Back,Centre,Left,58
<_io.BytesIO object at 0x000001FF3CC92A40>,0.4122144281864166,-0.0444050207734108,-0.12591992318630219,173054,26,4,False,Left,Back,Centre,Left,58
<_io.BytesIO object at 0x000001FF3FACA450>,0.4058099091053009,-0.004390038549900055,-0.10439366102218628,173054,26,4,False,Left,Back,Centre,Left,58
<_io.BytesIO object at 0x000001FF3FACA770>,0.446682333946228,-0.03749636560678482,-0.15250882506370544,173054,26,4,False,Left,Back,Centre,Left,58
<_io.BytesIO object at 0x000001FF3FACA360>,0.47491922974586487,-0.08632127940654755,-0.1280480921268463,173054,26,4,False,Left,Back,Centre,Left,58
<_io.BytesIO object at 0x000001FF3FACA9A0>,0.5768476724624634,0.1722983717918396,0.199017733335495,173054,26,4,False,Left,Back,Centre,Left,58
<_io.BytesIO object at 0x000001FF3FACA630>,0.605840802192688,0.15048867464065552,0.22093142569065094,173054,26,4,False,Left,Back,Centre,Left,58
<_io.BytesIO object at 0x000001FF3FACA9F0>,0.5590429902076721,0.18127253651618958,0.2856702506542206,173054,26,4,False,Left,Back,Centre,Left,58
<_io.BytesIO object at 0x000001FF3FACAB80>,0.6030879616737366,0.10740925371646881,0.21283459663391113,173054,26,4,False,Left,Back,Centre,Left,58
<_io.BytesIO object at 0x000001FF3CCB3D60>,0.5916844010353088,0.09308809787034988,0.265285462141037,173054,26,4,False,Left,Back,Centre,Left,58
<_io.BytesIO object at 0x000001FF3FA919F0>,0.4097207188606262,-0.0689912959933281,-0.06180813908576965,173055,26,4,False,Left,Back,Centre,Left,58
<_io.BytesIO object at 0x000001FF3FA916D0>,0.4122144281864166,-0.0444050207734108,-0.12591992318630219,173055,26,4,False,Left,Back,Centre,Left,58
<_io.BytesIO object at 0x000001FF3FC261D0>,0.4058099091053009,-0.004390038549900055,-0.10439366102218628,173055,26,4,False,Left,Back,Centre,Left,58
<_io.BytesIO object at 0x000001FF3FC26180>,0.446682333946228,-0.03749636560678482,-0.15250882506370544,173055,26,4,False,Left,Back,Centre,Left,58
<_io.BytesIO object at 0x000001FF3FC26EF0>,0.47491922974586487,-0.08632127940654755,-0.1280480921268463,173055,26,4,False,Left,Back,Centre,Left,58
<_io.BytesIO object at 0x000001FF3FC26770>,0.5768476724624634,0.1722983717918396,0.199017733335495,173055,26,4,False,Left,Back,Centre,Left,58
<_io.BytesIO object at 0x000001FF3FC269A0>,0.605840802192688,0.15048867464065552,0.22093142569065094,173055,26,4,False,Left,Back,Centre,Left,58
<_io.BytesIO object at 0x000001FF3FC26900>,0.5590429902076721,0.18127253651618958,0.2856702506542206,173055,26,4,False,Left,Back,Centre,Left,58
<_io.BytesIO object at 0x000001FF3FC26A90>,0.6030879616737366,0.10740925371646881,0.21283459663391113,173055,26,4,False,Left,Back,Centre,Left,58
<_io.BytesIO object at 0x000001FF3FC26B80>,0.5916844010353088,0.09308809787034988,0.265285462141037,173055,26,4,False,Left,Back,Centre,Left,58
<_io.BytesIO object at 0x000001FF3CC6E7C0>,0.4097207188606262,-0.0689912959933281,-0.06180813908576965,173056,26,4,False,Left,Back,Centre,Left,58
<_io.BytesIO object at 0x000001FF3CCB1C70>,0.4122144281864166,-0.0444050207734108,-0.12591992318630219,173056,26,4,False,Left,Back,Centre,Left,58
<_io.BytesIO object at 0x000001FF3CCB13B0>,0.4058099091053009,-0.004390038549900055,-0.10439366102218628,173056,26,4,False,Left,Back,Centre,Left,58
<_io.BytesIO object at 0x000001FF3CCB1F40>,0.446682333946228,-0.03749636560678482,-0.15250882506370544,173056,26,4,False,Left,Back,Centre,Left,58
<_io.BytesIO object at 0x000001FF3CCB14F0>,0.47491922974586487,-0.08632127940654755,-0.1280480921268463,173056,26,4,False,Left,Back,Centre,Left,58
<_io.BytesIO object at 0x000001FF3FA9C8B0>,0.5768476724624634,0.1722983717918396,0.199017733335495,173056,26,4,False,Left,Back,Centre,Left,58
<_io.BytesIO object at 0x000001FF3FA9C4F0>,0.605840802192688,0.15048867464065552,0.22093142569065094,173056,26,4,False,Left,Back,Centre,Left,58
<_io.BytesIO object at 0x000001FF3FA9C270>,0.5590429902076721,0.18127253651618958,0.2856702506542206,173056,26,4,False,Left,Back,Centre,Left,58
<_io.BytesIO object at 0x000001FF3FA9C9F0>,0.6030879616737366,0.10740925371646881,0.21283459663391113,173056,26,4,False,Left,Back,Centre,Left,58
<_io.BytesIO object at 0x000001FF3FA9C3B0>,0.5916844010353088,0.09308809787034988,0.265285462141037,173056,26,4,False,Left,Back,Centre,Left,58
<_io.BytesIO object at 0x000001FF3CC5C9A0>,0.4097207188606262,-0.0689912959933281,-0.06180813908576965,173057,26,4,False,Left,Back,Centre,Left,58
<_io.BytesIO object at 0x000001FF3CCAE040>,0.4122144281864166,-0.0444050207734108,-0.12591992318630219,173057,26,4,False,Left,Back,Centre,Left,58
<_io.BytesIO object at 0x000001FF3CCAE450>,0.4058099091053009,-0.004390038549900055,-0.10439366102218628,173057,26,4,False,Left,Back,Centre,Left,58
<_io.BytesIO object at 0x000001FF3CCAEE50>,0.446682333946228,-0.03749636560678482,-0.15250882506370544,173057,26,4,False,Left,Back,Centre,Left,58
<_io.BytesIO object at 0x000001FF3CC06130>,0.47491922974586487,-0.08632127940654755,-0.1280480921268463,173057,26,4,False,Left,Back,Centre,Left,58
<_io.BytesIO object at 0x000001FF3CC06AE0>,0.5768476724624634,0.1722983717918396,0.199017733335495,173057,26,4,False,Left,Back,Centre,Left,58
<_io.BytesIO object at 0x000001FF3CC06DB0>,0.605840802192688,0.15048867464065552,0.22093142569065094,173057,26,4,False,Left,Back,Centre,Left,58
<_io.BytesIO object at 0x000001FF3CC06860>,0.5590429902076721,0.18127253651618958,0.2856702506542206,173057,26,4,False,Left,Back,Centre,Left,58
<_io.BytesIO object at 0x000001FF3CC06630>,0.6030879616737366,0.10740925371646881,0.21283459663391113,173057,26,4,False,Left,Back,Centre,Left,58
<_io.BytesIO object at 0x000001FF3CC06270>,0.5916844010353088,0.09308809787034988,0.265285462141037,173057,26,4,False,Left,Back,Centre,Left,58
<_io.BytesIO object at 0x000001FF3CCAE9F0>,0.4097207188606262,-0.0689912959933281,-0.06180813908576965,173058,26,4,False,Left,Back,Centre,Left,58
<_io.BytesIO object at 0x000001FF3CCAEEF0>,0.4122144281864166,-0.0444050207734108,-0.12591992318630219,173058,26,4,False,Left,Back,Centre,Left,58
<_io.BytesIO object at 0x000001FF3CC5C1D0>,0.4058099091053009,-0.004390038549900055,-0.10439366102218628,173058,26,4,False,Left,Back,Centre,Left,58
<_io.BytesIO object at 0x000001FF3CC5C270>,0.446682333946228,-0.03749636560678482,-0.15250882506370544,173058,26,4,False,Left,Back,Centre,Left,58
<_io.BytesIO object at 0x000001FF3CC5C040>,0.47491922974586487,-0.08632127940654755,-0.1280480921268463,173058,26,4,False,Left,Back,Centre,Left,58
<_io.BytesIO object at 0x000001FF3CC5C0E0>,0.5768476724624634,0.1722983717918396,0.199017733335495,173058,26,4,False,Left,Back,Centre,Left,58
<_io.BytesIO object at 0x000001FF3CC5C180>,0.605840802192688,0.15048867464065552,0.22093142569065094,173058,26,4,False,Left,Back,Centre,Left,58
<_io.BytesIO object at 0x000001FF3CC5C770>,0.5590429902076721,0.18127253651618958,0.2856702506542206,173058,26,4,False,Left,Back,Centre,Left,58
<_io.BytesIO object at 0x000001FF3FA9C180>,0.6030879616737366,0.10740925371646881,0.21283459663391113,173058,26,4,False,Left,Back,Centre,Left,58
<_io.BytesIO object at 0x000001FF3FA9C7C0>,0.5916844010353088,0.09308809787034988,0.265285462141037,173058,26,4,False,Left,Back,Centre,Left,58
<_io.BytesIO object at 0x000001FF3CCB1310>,0.4097207188606262,-0.0689912959933281,-0.06180813908576965,173059,26,4,False,Left,Back,Centre,Left,58
<_io.BytesIO object at 0x000001FF3CCB1450>,0.4122144281864166,-0.0444050207734108,-0.12591992318630219,173059,26,4,False,Left,Back,Centre,Left,58
<_io.BytesIO object at 0x000001FF3CC6EEA0>,0.4058099091053009,-0.004390038549900055,-0.10439366102218628,173059,26,4,False,Left,Back,Centre,Left,58
<_io.BytesIO object at 0x000001FF3CC6E130>,0.446682333946228,-0.03749636560678482,-0.15250882506370544,173059,26,4,False,Left,Back,Centre,Left,58
<_io.BytesIO object at 0x000001FF3CC6E9A0>,0.47491922974586487,-0.08632127940654755,-0.1280480921268463,173059,26,4,False,Left,Back,Centre,Left,58
<_io.BytesIO object at 0x000001FF3CC6E4A0>,0.5768476724624634,0.1722983717918396,0.199017733335495,173059,26,4,False,Left,Back,Centre,Left,58
<_io.BytesIO object at 0x000001FF3CC6EAE0>,0.605840802192688,0.15048867464065552,0.22093142569065094,173059,26,4,False,Left,Back,Centre,Left,58
<_io.BytesIO object at 0x000001FF3CC6E630>,0.5590429902076721,0.18127253651618958,0.2856702506542206,173059,26,4,False,Left,Back,Centre,Left,58
<_io.BytesIO object at 0x000001FF38015590>,0.6030879616737366,0.10740925371646881,0.21283459663391113,173059,26,4,False,Left,Back,Centre,Left,58
<_io.BytesIO object at 0x000001FF38015220>,0.5916844010353088,0.09308809787034988,0.265285462141037,173059,26,4,False,Left,Back,Centre,Left,58
<_io.BytesIO object at 0x000001FF3FA91270>,0.4097207188606262,-0.0689912959933281,-0.06180813908576965,173060,26,4,False,Left,Back,Centre,Left,58
<_io.BytesIO object at 0x000001FF3FA915E0>,0.4122144281864166,-0.0444050207734108,-0.12591992318630219,173060,26,4,False,Left,Back,Centre,Left,58
<_io.BytesIO object at 0x000001FF3FA912C0>,0.4058099091053009,-0.004390038549900055,-0.10439366102218628,173060,26,4,False,Left,Back,Centre,Left,58
<_io.BytesIO object at 0x000001FF3CCB3E00>,0.446682333946228,-0.03749636560678482,-0.15250882506370544,173060,26,4,False,Left,Back,Centre,Left,58
<_io.BytesIO object at 0x000001FF3CCB3540>,0.47491922974586487,-0.08632127940654755,-0.1280480921268463,173060,26,4,False,Left,Back,Centre,Left,58
<_io.BytesIO object at 0x000001FF3CCB3EA0>,0.5768476724624634,0.1722983717918396,0.199017733335495,173060,26,4,False,Left,Back,Centre,Left,58
<_io.BytesIO object at 0x000001FF3CCB3630>,0.605840802192688,0.15048867464065552,0.22093142569065094,173060,26,4,False,Left,Back,Centre,Left,58
<_io.BytesIO object at 0x000001FF3CCB3E50>,0.5590429902076721,0.18127253651618958,0.2856702506542206,173060,26,4,False,Left,Back,Centre,Left,58
<_io.BytesIO object at 0x000001FF3CCB3770>,0.6030879616737366,0.10740925371646881,0.21283459663391113,173060,26,4,False,Left,Back,Centre,Left,58
<_io.BytesIO object at 0x000001FF3CCB3BD0>,0.5916844010353088,0.09308809787034988,0.265285462141037,173060,26,4,False,Left,Back,Centre,Left,58
<_io.BytesIO object at 0x000001FF3CC92270>,0.4097207188606262,-0.0689912959933281,-0.06180813908576965,173061,26,4,False,Left,Back,Centre,Left,58
<_io.BytesIO object at 0x000001FF3CC92130>,0.4122144281864166,-0.0444050207734108,-0.12591992318630219,173061,26,4,False,Left,Back,Centre,Left,58
<_io.BytesIO object at 0x000001FF3CC92C20>,0.4058099091053009,-0.004390038549900055,-0.10439366102218628,173061,26,4,False,Left,Back,Centre,Left,58
<_io.BytesIO object at 0x000001FF3CC926D0>,0.446682333946228,-0.03749636560678482,-0.15250882506370544,173061,26,4,False,Left,Back,Centre,Left,58
<_io.BytesIO object at 0x000001FF3FA71D10>,0.47491922974586487,-0.08632127940654755,-0.1280480921268463,173061,26,4,False,Left,Back,Centre,Left,58
<_io.BytesIO object at 0x000001FF3CCBA3B0>,0.5768476724624634,0.1722983717918396,0.199017733335495,173061,26,4,False,Left,Back,Centre,Left,58
<_io.BytesIO object at 0x000001FF3CCBAEA0>,0.605840802192688,0.15048867464065552,0.22093142569065094,173061,26,4,False,Left,Back,Centre,Left,58
<_io.BytesIO object at 0x000001FF3CCBA0E0>,0.5590429902076721,0.18127253651618958,0.2856702506542206,173061,26,4,False,Left,Back,Centre,Left,58
<_io.BytesIO object at 0x000001FF3CCBA8B0>,0.6030879616737366,0.10740925371646881,0.21283459663391113,173061,26,4,False,Left,Back,Centre,Left,58
<_io.BytesIO object at 0x000001FF3CCBAD60>,0.5916844010353088,0.09308809787034988,0.265285462141037,173061,26,4,False,Left,Back,Centre,Left,58
<_io.BytesIO object at 0x000001FF3CC5A0E0>,0.4097207188606262,-0.0689912959933281,-0.06180813908576965,173062,26,4,False,Left,Back,Centre,Left,58
<_io.BytesIO object at 0x000001FF3CC5ABD0>,0.4122144281864166,-0.0444050207734108,-0.12591992318630219,173062,26,4,False,Left,Back,Centre,Left,58
<_io.BytesIO object at 0x000001FF3CC5A630>,0.4058099091053009,-0.004390038549900055,-0.10439366102218628,173062,26,4,False,Left,Back,Centre,Left,58
<_io.BytesIO object at 0x000001FF3CC5A400>,0.446682333946228,-0.03749636560678482,-0.15250882506370544,173062,26,4,False,Left,Back,Centre,Left,58
<_io.BytesIO object at 0x000001FF3CC5A4A0>,0.47491922974586487,-0.08632127940654755,-0.1280480921268463,173062,26,4,False,Left,Back,Centre,Left,58
<_io.BytesIO object at 0x000001FF3CCBA310>,0.5768476724624634,0.1722983717918396,0.199017733335495,173062,26,4,False,Left,Back,Centre,Left,58
<_io.BytesIO object at 0x000001FF3CCBADB0>,0.605840802192688,0.15048867464065552,0.22093142569065094,173062,26,4,False,Left,Back,Centre,Left,58
<_io.BytesIO object at 0x000001FF3CCBA400>,0.5590429902076721,0.18127253651618958,0.2856702506542206,173062,26,4,False,Left,Back,Centre,Left,58
<_io.BytesIO object at 0x000001FF3CCBAB30>,0.6030879616737366,0.10740925371646881,0.21283459663391113,173062,26,4,False,Left,Back,Centre,Left,58
<_io.BytesIO object at 0x000001FF3CCBA9A0>,0.5916844010353088,0.09308809787034988,0.265285462141037,173062,26,4,False,Left,Back,Centre,Left,58
<_io.BytesIO object at 0x000001FF3CC92D60>,0.4097207188606262,-0.0689912959933281,-0.06180813908576965,173063,26,4,False,Left,Back,Centre,Left,58
<_io.BytesIO object at 0x000001FF3FACA090>,0.4122144281864166,-0.0444050207734108,-0.12591992318630219,173063,26,4,False,Left,Back,Centre,Left,58
<_io.BytesIO object at 0x000001FF3FACA0E0>,0.4058099091053009,-0.004390038549900055,-0.10439366102218628,173063,26,4,False,Left,Back,Centre,Left,58
<_io.BytesIO object at 0x000001FF3FACA720>,0.446682333946228,-0.03749636560678482,-0.15250882506370544,173063,26,4,False,Left,Back,Centre,Left,58
<_io.BytesIO object at 0x000001FF3FACA1D0>,0.47491922974586487,-0.08632127940654755,-0.1280480921268463,173063,26,4,False,Left,Back,Centre,Left,58
<_io.BytesIO object at 0x000001FF3FACA5E0>,0.5768476724624634,0.1722983717918396,0.199017733335495,173063,26,4,False,Left,Back,Centre,Left,58
<_io.BytesIO object at 0x000001FF3CCB3C20>,0.605840802192688,0.15048867464065552,0.22093142569065094,173063,26,4,False,Left,Back,Centre,Left,58
<_io.BytesIO object at 0x000001FF3CCB3B80>,0.5590429902076721,0.18127253651618958,0.2856702506542206,173063,26,4,False,Left,Back,Centre,Left,58
<_io.BytesIO object at 0x000001FF3CCB3A90>,0.6030879616737366,0.10740925371646881,0.21283459663391113,173063,26,4,False,Left,Back,Centre,Left,58
<_io.BytesIO object at 0x000001FF3CCB3E50>,0.5916844010353088,0.09308809787034988,0.265285462141037,173063,26,4,False,Left,Back,Centre,Left,58
<_io.BytesIO object at 0x000001FF3FA917C0>,0.4097207188606262,-0.0689912959933281,-0.06180813908576965,173064,26,4,False,Left,Back,Centre,Left,58
<_io.BytesIO object at 0x000001FF3CC6E720>,0.4122144281864166,-0.0444050207734108,-0.12591992318630219,173064,26,4,False,Left,Back,Centre,Left,58
<_io.BytesIO object at 0x000001FF3CC6E6D0>,0.4058099091053009,-0.004390038549900055,-0.10439366102218628,173064,26,4,False,Left,Back,Centre,Left,58
<_io.BytesIO object at 0x000001FF3CC6E4A0>,0.446682333946228,-0.03749636560678482,-0.15250882506370544,173064,26,4,False,Left,Back,Centre,Left,58
<_io.BytesIO object at 0x000001FF3CC6EA90>,0.47491922974586487,-0.08632127940654755,-0.1280480921268463,173064,26,4,False,Left,Back,Centre,Left,58
<_io.BytesIO object at 0x000001FF3CC6E540>,0.5768476724624634,0.1722983717918396,0.199017733335495,173064,26,4,False,Left,Back,Centre,Left,58
<_io.BytesIO object at 0x000001FF3CC6E4F0>,0.605840802192688,0.15048867464065552,0.22093142569065094,173064,26,4,False,Left,Back,Centre,Left,58
<_io.BytesIO object at 0x000001FF3CC6EE00>,0.5590429902076721,0.18127253651618958,0.2856702506542206,173064,26,4,False,Left,Back,Centre,Left,58
<_io.BytesIO object at 0x000001FF3CCB1A40>,0.6030879616737366,0.10740925371646881,0.21283459663391113,173064,26,4,False,Left,Back,Centre,Left,58
<_io.BytesIO object at 0x000001FF3CCB11D0>,0.5916844010353088,0.09308809787034988,0.265285462141037,173064,26,4,False,Left,Back,Centre,Left,58
<_io.BytesIO object at 0x000001FF3FA9C450>,0.4097207188606262,-0.0689912959933281,-0.06180813908576965,173065,26,4,False,Left,Back,Centre,Left,58
<_io.BytesIO object at 0x000001FF3FA9C180>,0.4122144281864166,-0.0444050207734108,-0.12591992318630219,173065,26,4,False,Left,Back,Centre,Left,58
<_io.BytesIO object at 0x000001FF3CC5CC70>,0.4058099091053009,-0.004390038549900055,-0.10439366102218628,173065,26,4,False,Left,Back,Centre,Left,58
<_io.BytesIO object at 0x000001FF3CC5CE00>,0.446682333946228,-0.03749636560678482,-0.15250882506370544,173065,26,4,False,Left,Back,Centre,Left,58
<_io.BytesIO object at 0x000001FF3CC5C540>,0.47491922974586487,-0.08632127940654755,-0.1280480921268463,173065,26,4,False,Left,Back,Centre,Left,58
<_io.BytesIO object at 0x000001FF3CC5C270>,0.5768476724624634,0.1722983717918396,0.199017733335495,173065,26,4,False,Left,Back,Centre,Left,58
<_io.BytesIO object at 0x000001FF3CC5CA90>,0.605840802192688,0.15048867464065552,0.22093142569065094,173065,26,4,False,Left,Back,Centre,Left,58
<_io.BytesIO object at 0x000001FF3CC5C4F0>,0.5590429902076721,0.18127253651618958,0.2856702506542206,173065,26,4,False,Left,Back,Centre,Left,58
<_io.BytesIO object at 0x000001FF3CCAE9F0>,0.6030879616737366,0.10740925371646881,0.21283459663391113,173065,26,4,False,Left,Back,Centre,Left,58
<_io.BytesIO object at 0x000001FF3CCAE1D0>,0.5916844010353088,0.09308809787034988,0.265285462141037,173065,26,4,False,Left,Back,Centre,Left,58
<_io.BytesIO object at 0x000001FF3FC26090>,0.4097207188606262,-0.0689912959933281,-0.06180813908576965,173066,26,4,False,Left,Back,Centre,Left,58
<_io.BytesIO object at 0x000001FF3FC260E0>,0.4122144281864166,-0.0444050207734108,-0.12591992318630219,173066,26,4,False,Left,Back,Centre,Left,58
<_io.BytesIO object at 0x000001FF3CC06900>,0.4058099091053009,-0.004390038549900055,-0.10439366102218628,173066,26,4,False,Left,Back,Centre,Left,58
<_io.BytesIO object at 0x000001FF3CC06E00>,0.446682333946228,-0.03749636560678482,-0.15250882506370544,173066,26,4,False,Left,Back,Centre,Left,58
<_io.BytesIO object at 0x000001FF3CC06A40>,0.47491922974586487,-0.08632127940654755,-0.1280480921268463,173066,26,4,False,Left,Back,Centre,Left,58
<_io.BytesIO object at 0x000001FF3CC06400>,0.5768476724624634,0.1722983717918396,0.199017733335495,173066,26,4,False,Left,Back,Centre,Left,58
<_io.BytesIO object at 0x000001FF3CC064A0>,0.605840802192688,0.15048867464065552,0.22093142569065094,173066,26,4,False,Left,Back,Centre,Left,58
<_io.BytesIO object at 0x000001FF3CC061D0>,0.5590429902076721,0.18127253651618958,0.2856702506542206,173066,26,4,False,Left,Back,Centre,Left,58
<_io.BytesIO object at 0x000001FF3CBFA540>,0.6030879616737366,0.10740925371646881,0.21283459663391113,173066,26,4,False,Left,Back,Centre,Left,58
<_io.BytesIO object at 0x000001FF3CBFAA40>,0.5916844010353088,0.09308809787034988,0.265285462141037,173066,26,4,False,Left,Back,Centre,Left,58
<_io.BytesIO object at 0x000001FF3CC06310>,0.4097207188606262,-0.0689912959933281,-0.06180813908576965,173067,26,4,False,Left,Back,Centre,Left,58
<_io.BytesIO object at 0x000001FF3FC26680>,0.4122144281864166,-0.0444050207734108,-0.12591992318630219,173067,26,4,False,Left,Back,Centre,Left,58
<_io.BytesIO object at 0x000001FF3FC26310>,0.4058099091053009,-0.004390038549900055,-0.10439366102218628,173067,26,4,False,Left,Back,Centre,Left,58
<_io.BytesIO object at 0x000001FF3FC26770>,0.446682333946228,-0.03749636560678482,-0.15250882506370544,173067,26,4,False,Left,Back,Centre,Left,58
<_io.BytesIO object at 0x000001FF3FC26630>,0.47491922974586487,-0.08632127940654755,-0.1280480921268463,173067,26,4,False,Left,Back,Centre,Left,58
<_io.BytesIO object at 0x000001FF3FC261D0>,0.5768476724624634,0.1722983717918396,0.199017733335495,173067,26,4,False,Left,Back,Centre,Left,58
<_io.BytesIO object at 0x000001FF3CCAEE50>,0.605840802192688,0.15048867464065552,0.22093142569065094,173067,26,4,False,Left,Back,Centre,Left,58
<_io.BytesIO object at 0x000001FF3CCAEE00>,0.5590429902076721,0.18127253651618958,0.2856702506542206,173067,26,4,False,Left,Back,Centre,Left,58
<_io.BytesIO object at 0x000001FF3CCAE450>,0.6030879616737366,0.10740925371646881,0.21283459663391113,173067,26,4,False,Left,Back,Centre,Left,58
<_io.BytesIO object at 0x000001FF3CCAE360>,0.5916844010353088,0.09308809787034988,0.265285462141037,173067,26,4,False,Left,Back,Centre,Left,58
<_io.BytesIO object at 0x000001FF3CC5CC70>,0.4097207188606262,-0.0689912959933281,-0.06180813908576965,173068,26,4,False,Left,Back,Centre,Left,58
<_io.BytesIO object at 0x000001FF3FA9C7C0>,0.4122144281864166,-0.0444050207734108,-0.12591992318630219,173068,26,4,False,Left,Back,Centre,Left,58
<_io.BytesIO object at 0x000001FF3FA9CEA0>,0.4058099091053009,-0.004390038549900055,-0.10439366102218628,173068,26,4,False,Left,Back,Centre,Left,58
<_io.BytesIO object at 0x000001FF3FA9CCC0>,0.446682333946228,-0.03749636560678482,-0.15250882506370544,173068,26,4,False,Left,Back,Centre,Left,58
<_io.BytesIO object at 0x000001FF3FA9CA90>,0.47491922974586487,-0.08632127940654755,-0.1280480921268463,173068,26,4,False,Left,Back,Centre,Left,58
<_io.BytesIO object at 0x000001FF3FA9C8B0>,0.5768476724624634,0.1722983717918396,0.199017733335495,173068,26,4,False,Left,Back,Centre,Left,58
<_io.BytesIO object at 0x000001FF3CCB10E0>,0.605840802192688,0.15048867464065552,0.22093142569065094,173068,26,4,False,Left,Back,Centre,Left,58
<_io.BytesIO object at 0x000001FF3CCB1F40>,0.5590429902076721,0.18127253651618958,0.2856702506542206,173068,26,4,False,Left,Back,Centre,Left,58
<_io.BytesIO object at 0x000001FF3CCB1770>,0.6030879616737366,0.10740925371646881,0.21283459663391113,173068,26,4,False,Left,Back,Centre,Left,58
<_io.BytesIO object at 0x000001FF3CCB1220>,0.5916844010353088,0.09308809787034988,0.265285462141037,173068,26,4,False,Left,Back,Centre,Left,58
<_io.BytesIO object at 0x000001FF3CC6E950>,0.4097207188606262,-0.0689912959933281,-0.06180813908576965,173069,26,4,False,Left,Back,Centre,Left,58
<_io.BytesIO object at 0x000001FF38015770>,0.4122144281864166,-0.0444050207734108,-0.12591992318630219,173069,26,4,False,Left,Back,Centre,Left,58
<_io.BytesIO object at 0x000001FF3FA91EA0>,0.4058099091053009,-0.004390038549900055,-0.10439366102218628,173069,26,4,False,Left,Back,Centre,Left,58
<_io.BytesIO object at 0x000001FF3FA91BD0>,0.446682333946228,-0.03749636560678482,-0.15250882506370544,173069,26,4,False,Left,Back,Centre,Left,58
<_io.BytesIO object at 0x000001FF3FA91900>,0.47491922974586487,-0.08632127940654755,-0.1280480921268463,173069,26,4,False,Left,Back,Centre,Left,58
<_io.BytesIO object at 0x000001FF3FA91680>,0.5768476724624634,0.1722983717918396,0.199017733335495,173069,26,4,False,Left,Back,Centre,Left,58
<_io.BytesIO object at 0x000001FF3FA91B30>,0.605840802192688,0.15048867464065552,0.22093142569065094,173069,26,4,False,Left,Back,Centre,Left,58
<_io.BytesIO object at 0x000001FF3FACAC20>,0.5590429902076721,0.18127253651618958,0.2856702506542206,173069,26,4,False,Left,Back,Centre,Left,58
<_io.BytesIO object at 0x000001FF3FACA180>,0.6030879616737366,0.10740925371646881,0.21283459663391113,173069,26,4,False,Left,Back,Centre,Left,58
<_io.BytesIO object at 0x000001FF3FACA1D0>,0.5916844010353088,0.09308809787034988,0.265285462141037,173069,26,4,False,Left,Back,Centre,Left,58
<_io.BytesIO object at 0x000001FF3CC92220>,0.4097207188606262,-0.0689912959933281,-0.06180813908576965,173070,26,4,False,Left,Back,Centre,Left,58
<_io.BytesIO object at 0x000001FF3FA71F40>,0.4122144281864166,-0.0444050207734108,-0.12591992318630219,173070,26,4,False,Left,Back,Centre,Left,58
<_io.BytesIO object at 0x000001FF3CCB3310>,0.4058099091053009,-0.004390038549900055,-0.10439366102218628,173070,26,4,False,Left,Back,Centre,Left,58
<_io.BytesIO object at 0x000001FF3CCB3090>,0.446682333946228,-0.03749636560678482,-0.15250882506370544,173070,26,4,False,Left,Back,Centre,Left,58
<_io.BytesIO object at 0x000001FF3CCB3EA0>,0.47491922974586487,-0.08632127940654755,-0.1280480921268463,173070,26,4,False,Left,Back,Centre,Left,58
<_io.BytesIO object at 0x000001FF3CCB3E50>,0.5768476724624634,0.1722983717918396,0.199017733335495,173070,26,4,False,Left,Back,Centre,Left,58
<_io.BytesIO object at 0x000001FF3CCB3770>,0.605840802192688,0.15048867464065552,0.22093142569065094,173070,26,4,False,Left,Back,Centre,Left,58
<_io.BytesIO object at 0x000001FF3CCB3180>,0.5590429902076721,0.18127253651618958,0.2856702506542206,173070,26,4,False,Left,Back,Centre,Left,58
<_io.BytesIO object at 0x000001FF3CCB3DB0>,0.6030879616737366,0.10740925371646881,0.21283459663391113,173070,26,4,False,Left,Back,Centre,Left,58
<_io.BytesIO object at 0x000001FF3CCBA8B0>,0.5916844010353088,0.09308809787034988,0.265285462141037,173070,26,4,False,Left,Back,Centre,Left,58
<_io.BytesIO object at 0x000001FF3CC5A360>,0.4097207188606262,-0.0689912959933281,-0.06180813908576965,173071,26,4,False,Left,Back,Centre,Left,58
<_io.BytesIO object at 0x000001FF3CC5A950>,0.4122144281864166,-0.0444050207734108,-0.12591992318630219,173071,26,4,False,Left,Back,Centre,Left,58
<_io.BytesIO object at 0x000001FF3CBFA360>,0.4058099091053009,-0.004390038549900055,-0.10439366102218628,173071,26,4,False,Left,Back,Centre,Left,58
<_io.BytesIO object at 0x000001FF3CBFADB0>,0.446682333946228,-0.03749636560678482,-0.15250882506370544,173071,26,4,False,Left,Back,Centre,Left,58
<_io.BytesIO object at 0x000001FF3CBFA220>,0.47491922974586487,-0.08632127940654755,-0.1280480921268463,173071,26,4,False,Left,Back,Centre,Left,58
<_io.BytesIO object at 0x000001FF3CBFAAE0>,0.5768476724624634,0.1722983717918396,0.199017733335495,173071,26,4,False,Left,Back,Centre,Left,58
<_io.BytesIO object at 0x000001FF3CBFA180>,0.605840802192688,0.15048867464065552,0.22093142569065094,173071,26,4,False,Left,Back,Centre,Left,58
<_io.BytesIO object at 0x000001FF3CBFA0E0>,0.5590429902076721,0.18127253651618958,0.2856702506542206,173071,26,4,False,Left,Back,Centre,Left,58
<_io.BytesIO object at 0x000001FF3CBFA950>,0.6030879616737366,0.10740925371646881,0.21283459663391113,173071,26,4,False,Left,Back,Centre,Left,58
<_io.BytesIO object at 0x000001FF3CCCF130>,0.5916844010353088,0.09308809787034988,0.265285462141037,173071,26,4,False,Left,Back,Centre,Left,58
<_io.BytesIO object at 0x000001FF3CC5AF40>,0.4097207188606262,-0.0689912959933281,-0.06180813908576965,173072,26,4,False,Left,Back,Centre,Left,58
<_io.BytesIO object at 0x000001FF3CCBAF90>,0.4122144281864166,-0.0444050207734108,-0.12591992318630219,173072,26,4,False,Left,Back,Centre,Left,58
<_io.BytesIO object at 0x000001FF3CCBAD60>,0.4058099091053009,-0.004390038549900055,-0.10439366102218628,173072,26,4,False,Left,Back,Centre,Left,58
<_io.BytesIO object at 0x000001FF3CCBA590>,0.446682333946228,-0.03749636560678482,-0.15250882506370544,173072,26,4,False,Left,Back,Centre,Left,58
<_io.BytesIO object at 0x000001FF3CCBA630>,0.47491922974586487,-0.08632127940654755,-0.1280480921268463,173072,26,4,False,Left,Back,Centre,Left,58
<_io.BytesIO object at 0x000001FF3CCBA180>,0.5768476724624634,0.1722983717918396,0.199017733335495,173072,26,4,False,Left,Back,Centre,Left,58
<_io.BytesIO object at 0x000001FF3CCBAEA0>,0.605840802192688,0.15048867464065552,0.22093142569065094,173072,26,4,False,Left,Back,Centre,Left,58
<_io.BytesIO object at 0x000001FF3CCB3450>,0.5590429902076721,0.18127253651618958,0.2856702506542206,173072,26,4,False,Left,Back,Centre,Left,58
<_io.BytesIO object at 0x000001FF3CCB3AE0>,0.6030879616737366,0.10740925371646881,0.21283459663391113,173072,26,4,False,Left,Back,Centre,Left,58
<_io.BytesIO object at 0x000001FF3CCB3180>,0.5916844010353088,0.09308809787034988,0.265285462141037,173072,26,4,False,Left,Back,Centre,Left,58
<_io.BytesIO object at 0x000001FF3CC92A90>,0.4097207188606262,-0.0689912959933281,-0.06180813908576965,173073,26,4,False,Left,Back,Centre,Left,58
<_io.BytesIO object at 0x000001FF3CC928B0>,0.4122144281864166,-0.0444050207734108,-0.12591992318630219,173073,26,4,False,Left,Back,Centre,Left,58
<_io.BytesIO object at 0x000001FF3FACA900>,0.4058099091053009,-0.004390038549900055,-0.10439366102218628,173073,26,4,False,Left,Back,Centre,Left,58
<_io.BytesIO object at 0x000001FF3FACAE00>,0.446682333946228,-0.03749636560678482,-0.15250882506370544,173073,26,4,False,Left,Back,Centre,Left,58
<_io.BytesIO object at 0x000001FF3FACAE50>,0.47491922974586487,-0.08632127940654755,-0.1280480921268463,173073,26,4,False,Left,Back,Centre,Left,58
<_io.BytesIO object at 0x000001FF3FACA680>,0.5768476724624634,0.1722983717918396,0.199017733335495,173073,26,4,False,Left,Back,Centre,Left,58
<_io.BytesIO object at 0x000001FF3FACA720>,0.605840802192688,0.15048867464065552,0.22093142569065094,173073,26,4,False,Left,Back,Centre,Left,58
<_io.BytesIO object at 0x000001FF3FACA540>,0.5590429902076721,0.18127253651618958,0.2856702506542206,173073,26,4,False,Left,Back,Centre,Left,58
<_io.BytesIO object at 0x000001FF3FACACC0>,0.6030879616737366,0.10740925371646881,0.21283459663391113,173073,26,4,False,Left,Back,Centre,Left,58
<_io.BytesIO object at 0x000001FF3FA91180>,0.5916844010353088,0.09308809787034988,0.265285462141037,173073,26,4,False,Left,Back,Centre,Left,58
<_io.BytesIO object at 0x000001FF3CCB19A0>,0.4097207188606262,-0.0689912959933281,-0.06180813908576965,173074,26,4,False,Left,Back,Centre,Left,58
<_io.BytesIO object at 0x000001FF3CCB13B0>,0.4122144281864166,-0.0444050207734108,-0.12591992318630219,173074,26,4,False,Left,Back,Centre,Left,58
<_io.BytesIO object at 0x000001FF3CCB1400>,0.4058099091053009,-0.004390038549900055,-0.10439366102218628,173074,26,4,False,Left,Back,Centre,Left,58
<_io.BytesIO object at 0x000001FF3FA9CC70>,0.446682333946228,-0.03749636560678482,-0.15250882506370544,173074,26,4,False,Left,Back,Centre,Left,58
<_io.BytesIO object at 0x000001FF3FA9CF40>,0.47491922974586487,-0.08632127940654755,-0.1280480921268463,173074,26,4,False,Left,Back,Centre,Left,58
<_io.BytesIO object at 0x000001FF3FA9C4F0>,0.5768476724624634,0.1722983717918396,0.199017733335495,173074,26,4,False,Left,Back,Centre,Left,58
<_io.BytesIO object at 0x000001FF3FA9C540>,0.605840802192688,0.15048867464065552,0.22093142569065094,173074,26,4,False,Left,Back,Centre,Left,58
<_io.BytesIO object at 0x000001FF3FA9C7C0>,0.5590429902076721,0.18127253651618958,0.2856702506542206,173074,26,4,False,Left,Back,Centre,Left,58
<_io.BytesIO object at 0x000001FF3FA9C130>,0.6030879616737366,0.10740925371646881,0.21283459663391113,173074,26,4,False,Left,Back,Centre,Left,58
<_io.BytesIO object at 0x000001FF3FA9C2C0>,0.5916844010353088,0.09308809787034988,0.265285462141037,173074,26,4,False,Left,Back,Centre,Left,58
<_io.BytesIO object at 0x000001FF3CC6E180>,0.4097207188606262,-0.0689912959933281,-0.06180813908576965,173075,26,4,False,Left,Back,Centre,Left,58
<_io.BytesIO object at 0x000001FF3CC6E900>,0.4122144281864166,-0.0444050207734108,-0.12591992318630219,173075,26,4,False,Left,Back,Centre,Left,58
<_io.BytesIO object at 0x000001FF3CC6E310>,0.4058099091053009,-0.004390038549900055,-0.10439366102218628,173075,26,4,False,Left,Back,Centre,Left,58
<_io.BytesIO object at 0x000001FF3CCAE2C0>,0.446682333946228,-0.03749636560678482,-0.15250882506370544,173075,26,4,False,Left,Back,Centre,Left,58
<_io.BytesIO object at 0x000001FF3CCAEA90>,0.47491922974586487,-0.08632127940654755,-0.1280480921268463,173075,26,4,False,Left,Back,Centre,Left,58
<_io.BytesIO object at 0x000001FF3CCAE1D0>,0.5768476724624634,0.1722983717918396,0.199017733335495,173075,26,4,False,Left,Back,Centre,Left,58
<_io.BytesIO object at 0x000001FF3CCAE090>,0.605840802192688,0.15048867464065552,0.22093142569065094,173075,26,4,False,Left,Back,Centre,Left,58
<_io.BytesIO object at 0x000001FF3CCAE7C0>,0.5590429902076721,0.18127253651618958,0.2856702506542206,173075,26,4,False,Left,Back,Centre,Left,58
<_io.BytesIO object at 0x000001FF3CCAEC20>,0.6030879616737366,0.10740925371646881,0.21283459663391113,173075,26,4,False,Left,Back,Centre,Left,58
<_io.BytesIO object at 0x000001FF3CCAE950>,0.5916844010353088,0.09308809787034988,0.265285462141037,173075,26,4,False,Left,Back,Centre,Left,58
<_io.BytesIO object at 0x000001FF3FC26090>,0.4097207188606262,-0.0689912959933281,-0.06180813908576965,173076,26,4,False,Left,Back,Centre,Left,58
<_io.BytesIO object at 0x000001FF3FC26B30>,0.4122144281864166,-0.0444050207734108,-0.12591992318630219,173076,26,4,False,Left,Back,Centre,Left,58
<_io.BytesIO object at 0x000001FF3FC26310>,0.4058099091053009,-0.004390038549900055,-0.10439366102218628,173076,26,4,False,Left,Back,Centre,Left,58
<_io.BytesIO object at 0x000001FF3FC26810>,0.446682333946228,-0.03749636560678482,-0.15250882506370544,173076,26,4,False,Left,Back,Centre,Left,58
<_io.BytesIO object at 0x000001FF3FC26950>,0.47491922974586487,-0.08632127940654755,-0.1280480921268463,173076,26,4,False,Left,Back,Centre,Left,58
<_io.BytesIO object at 0x000001FF3FC26360>,0.5768476724624634,0.1722983717918396,0.199017733335495,173076,26,4,False,Left,Back,Centre,Left,58
<_io.BytesIO object at 0x000001FF3FC26BD0>,0.605840802192688,0.15048867464065552,0.22093142569065094,173076,26,4,False,Left,Back,Centre,Left,58
<_io.BytesIO object at 0x000001FF3FA9CB80>,0.5590429902076721,0.18127253651618958,0.2856702506542206,173076,26,4,False,Left,Back,Centre,Left,58
<_io.BytesIO object at 0x000001FF3FA9C590>,0.6030879616737366,0.10740925371646881,0.21283459663391113,173076,26,4,False,Left,Back,Centre,Left,58
<_io.BytesIO object at 0x000001FF3FA9C0E0>,0.5916844010353088,0.09308809787034988,0.265285462141037,173076,26,4,False,Left,Back,Centre,Left,58
<_io.BytesIO object at 0x000001FF3CCB12C0>,0.4097207188606262,-0.0689912959933281,-0.06180813908576965,173077,26,4,False,Left,Back,Centre,Left,58
<_io.BytesIO object at 0x000001FF380156D0>,0.4122144281864166,-0.0444050207734108,-0.12591992318630219,173077,26,4,False,Left,Back,Centre,Left,58
<_io.BytesIO object at 0x000001FF3FA914F0>,0.4058099091053009,-0.004390038549900055,-0.10439366102218628,173077,26,4,False,Left,Back,Centre,Left,58
<_io.BytesIO object at 0x000001FF3FA91860>,0.446682333946228,-0.03749636560678482,-0.15250882506370544,173077,26,4,False,Left,Back,Centre,Left,58
<_io.BytesIO object at 0x000001FF3FA91950>,0.47491922974586487,-0.08632127940654755,-0.1280480921268463,173077,26,4,False,Left,Back,Centre,Left,58
<_io.BytesIO object at 0x000001FF3FA91360>,0.5768476724624634,0.1722983717918396,0.199017733335495,173077,26,4,False,Left,Back,Centre,Left,58
<_io.BytesIO object at 0x000001FF3FA91810>,0.605840802192688,0.15048867464065552,0.22093142569065094,173077,26,4,False,Left,Back,Centre,Left,58
<_io.BytesIO object at 0x000001FF3FA912C0>,0.5590429902076721,0.18127253651618958,0.2856702506542206,173077,26,4,False,Left,Back,Centre,Left,58
<_io.BytesIO object at 0x000001FF3CC929F0>,0.6030879616737366,0.10740925371646881,0.21283459663391113,173077,26,4,False,Left,Back,Centre,Left,58
<_io.BytesIO object at 0x000001FF3CC92310>,0.5916844010353088,0.09308809787034988,0.265285462141037,173077,26,4,False,Left,Back,Centre,Left,58
<_io.BytesIO object at 0x000001FF3CCBABD0>,0.4097207188606262,-0.0689912959933281,-0.06180813908576965,173078,26,4,False,Left,Back,Centre,Left,58
<_io.BytesIO object at 0x000001FF3CCBAAE0>,0.4122144281864166,-0.0444050207734108,-0.12591992318630219,173078,26,4,False,Left,Back,Centre,Left,58
<_io.BytesIO object at 0x000001FF3CC5A450>,0.4058099091053009,-0.004390038549900055,-0.10439366102218628,173078,26,4,False,Left,Back,Centre,Left,58
<_io.BytesIO object at 0x000001FF3CC5AA40>,0.446682333946228,-0.03749636560678482,-0.15250882506370544,173078,26,4,False,Left,Back,Centre,Left,58
<_io.BytesIO object at 0x000001FF3CC5A900>,0.47491922974586487,-0.08632127940654755,-0.1280480921268463,173078,26,4,False,Left,Back,Centre,Left,58
<_io.BytesIO object at 0x000001FF3CC5A0E0>,0.5768476724624634,0.1722983717918396,0.199017733335495,173078,26,4,False,Left,Back,Centre,Left,58
<_io.BytesIO object at 0x000001FF3CC5AEA0>,0.605840802192688,0.15048867464065552,0.22093142569065094,173078,26,4,False,Left,Back,Centre,Left,58
<_io.BytesIO object at 0x000001FF3CC5A950>,0.5590429902076721,0.18127253651618958,0.2856702506542206,173078,26,4,False,Left,Back,Centre,Left,58
<_io.BytesIO object at 0x000001FF3CCB31D0>,0.6030879616737366,0.10740925371646881,0.21283459663391113,173078,26,4,False,Left,Back,Centre,Left,58
<_io.BytesIO object at 0x000001FF3CCB36D0>,0.5916844010353088,0.09308809787034988,0.265285462141037,173078,26,4,False,Left,Back,Centre,Left,58
<_io.BytesIO object at 0x000001FF3CBFACC0>,0.4097207188606262,-0.0689912959933281,-0.06180813908576965,173079,26,4,False,Left,Back,Centre,Left,58
<_io.BytesIO object at 0x000001FF3CBFA310>,0.4122144281864166,-0.0444050207734108,-0.12591992318630219,173079,26,4,False,Left,Back,Centre,Left,58
<_io.BytesIO object at 0x000001FF3CC6E310>,0.4058099091053009,-0.004390038549900055,-0.10439366102218628,173079,26,4,False,Left,Back,Centre,Left,58
<_io.BytesIO object at 0x000001FF3CC6E4F0>,0.446682333946228,-0.03749636560678482,-0.15250882506370544,173079,26,4,False,Left,Back,Centre,Left,58
<_io.BytesIO object at 0x000001FF3CC6ED60>,0.47491922974586487,-0.08632127940654755,-0.1280480921268463,173079,26,4,False,Left,Back,Centre,Left,58
<_io.BytesIO object at 0x000001FF3CC6E9A0>,0.5768476724624634,0.1722983717918396,0.199017733335495,173079,26,4,False,Left,Back,Centre,Left,58
<_io.BytesIO object at 0x000001FF3CC6EEF0>,0.605840802192688,0.15048867464065552,0.22093142569065094,173079,26,4,False,Left,Back,Centre,Left,58
<_io.BytesIO object at 0x000001FF3CC6E400>,0.5590429902076721,0.18127253651618958,0.2856702506542206,173079,26,4,False,Left,Back,Centre,Left,58
<_io.BytesIO object at 0x000001FF3CC6EC70>,0.6030879616737366,0.10740925371646881,0.21283459663391113,173079,26,4,False,Left,Back,Centre,Left,58
<_io.BytesIO object at 0x000001FF3FA71EF0>,0.5916844010353088,0.09308809787034988,0.265285462141037,173079,26,4,False,Left,Back,Centre,Left,58
<_io.BytesIO object at 0x000001FF3CC5CD10>,0.4097207188606262,-0.0689912959933281,-0.06180813908576965,173080,26,4,False,Left,Back,Centre,Left,58
<_io.BytesIO object at 0x000001FF3CC5C950>,0.4122144281864166,-0.0444050207734108,-0.12591992318630219,173080,26,4,False,Left,Back,Centre,Left,58
<_io.BytesIO object at 0x000001FF3CC5C630>,0.4058099091053009,-0.004390038549900055,-0.10439366102218628,173080,26,4,False,Left,Back,Centre,Left,58
<_io.BytesIO object at 0x000001FF3CCAE8B0>,0.446682333946228,-0.03749636560678482,-0.15250882506370544,173080,26,4,False,Left,Back,Centre,Left,58
<_io.BytesIO object at 0x000001FF3CCAE040>,0.47491922974586487,-0.08632127940654755,-0.1280480921268463,173080,26,4,False,Left,Back,Centre,Left,58
<_io.BytesIO object at 0x000001FF3CCAE450>,0.5768476724624634,0.1722983717918396,0.199017733335495,173080,26,4,False,Left,Back,Centre,Left,58
<_io.BytesIO object at 0x000001FF3CCAEF40>,0.605840802192688,0.15048867464065552,0.22093142569065094,173080,26,4,False,Left,Back,Centre,Left,58
<_io.BytesIO object at 0x000001FF3CCAE1D0>,0.5590429902076721,0.18127253651618958,0.2856702506542206,173080,26,4,False,Left,Back,Centre,Left,58
<_io.BytesIO object at 0x000001FF3CCAEEA0>,0.6030879616737366,0.10740925371646881,0.21283459663391113,173080,26,4,False,Left,Back,Centre,Left,58
<_io.BytesIO object at 0x000001FF3CCAE630>,0.5916844010353088,0.09308809787034988,0.265285462141037,173080,26,4,False,Left,Back,Centre,Left,58
<_io.BytesIO object at 0x000001FF3CC5C810>,0.4097207188606262,-0.0689912959933281,-0.06180813908576965,173081,26,4,False,Left,Back,Centre,Left,58
<_io.BytesIO object at 0x000001FF3FACA6D0>,0.4122144281864166,-0.0444050207734108,-0.12591992318630219,173081,26,4,False,Left,Back,Centre,Left,58
<_io.BytesIO object at 0x000001FF3FACA360>,0.4058099091053009,-0.004390038549900055,-0.10439366102218628,173081,26,4,False,Left,Back,Centre,Left,58
<_io.BytesIO object at 0x000001FF3FACA680>,0.446682333946228,-0.03749636560678482,-0.15250882506370544,173081,26,4,False,Left,Back,Centre,Left,58
<_io.BytesIO object at 0x000001FF3FACA9F0>,0.47491922974586487,-0.08632127940654755,-0.1280480921268463,173081,26,4,False,Left,Back,Centre,Left,58
<_io.BytesIO object at 0x000001FF3FACA540>,0.5768476724624634,0.1722983717918396,0.199017733335495,173081,26,4,False,Left,Back,Centre,Left,58
<_io.BytesIO object at 0x000001FF3FACA180>,0.605840802192688,0.15048867464065552,0.22093142569065094,173081,26,4,False,Left,Back,Centre,Left,58
<_io.BytesIO object at 0x000001FF3FA71D60>,0.5590429902076721,0.18127253651618958,0.2856702506542206,173081,26,4,False,Left,Back,Centre,Left,58
<_io.BytesIO object at 0x000001FF3CC6E540>,0.6030879616737366,0.10740925371646881,0.21283459663391113,173081,26,4,False,Left,Back,Centre,Left,58
<_io.BytesIO object at 0x000001FF3CC6ED10>,0.5916844010353088,0.09308809787034988,0.265285462141037,173081,26,4,False,Left,Back,Centre,Left,58
<_io.BytesIO object at 0x000001FF3CBFA8B0>,0.4097207188606262,-0.0689912959933281,-0.06180813908576965,173082,26,4,False,Left,Back,Centre,Left,58
<_io.BytesIO object at 0x000001FF3CBFAA90>,0.4122144281864166,-0.0444050207734108,-0.12591992318630219,173082,26,4,False,Left,Back,Centre,Left,58
<_io.BytesIO object at 0x000001FF3CCB3DB0>,0.4058099091053009,-0.004390038549900055,-0.10439366102218628,173082,26,4,False,Left,Back,Centre,Left,58
<_io.BytesIO object at 0x000001FF3CCB3860>,0.446682333946228,-0.03749636560678482,-0.15250882506370544,173082,26,4,False,Left,Back,Centre,Left,58
<_io.BytesIO object at 0x000001FF3CCB34F0>,0.47491922974586487,-0.08632127940654755,-0.1280480921268463,173082,26,4,False,Left,Back,Centre,Left,58
<_io.BytesIO object at 0x000001FF3CCB3EA0>,0.5768476724624634,0.1722983717918396,0.199017733335495,173082,26,4,False,Left,Back,Centre,Left,58
<_io.BytesIO object at 0x000001FF3CCB3D10>,0.605840802192688,0.15048867464065552,0.22093142569065094,173082,26,4,False,Left,Back,Centre,Left,58
<_io.BytesIO object at 0x000001FF3CCB3720>,0.5590429902076721,0.18127253651618958,0.2856702506542206,173082,26,4,False,Left,Back,Centre,Left,58
<_io.BytesIO object at 0x000001FF3CCB3040>,0.6030879616737366,0.10740925371646881,0.21283459663391113,173082,26,4,False,Left,Back,Centre,Left,58
<_io.BytesIO object at 0x000001FF3CC5A590>,0.5916844010353088,0.09308809787034988,0.265285462141037,173082,26,4,False,Left,Back,Centre,Left,58
<_io.BytesIO object at 0x000001FF3CCBA6D0>,0.4097207188606262,-0.0689912959933281,-0.06180813908576965,173083,26,4,False,Left,Back,Centre,Left,58
<_io.BytesIO object at 0x000001FF3CCBAEA0>,0.4122144281864166,-0.0444050207734108,-0.12591992318630219,173083,26,4,False,Left,Back,Centre,Left,58
<_io.BytesIO object at 0x000001FF3CC92130>,0.4058099091053009,-0.004390038549900055,-0.10439366102218628,173083,26,4,False,Left,Back,Centre,Left,58
<_io.BytesIO object at 0x000001FF3CC92EA0>,0.446682333946228,-0.03749636560678482,-0.15250882506370544,173083,26,4,False,Left,Back,Centre,Left,58
<_io.BytesIO object at 0x000001FF3CC92180>,0.47491922974586487,-0.08632127940654755,-0.1280480921268463,173083,26,4,False,Left,Back,Centre,Left,58
<_io.BytesIO object at 0x000001FF3CC923B0>,0.5768476724624634,0.1722983717918396,0.199017733335495,173083,26,4,False,Left,Back,Centre,Left,58
<_io.BytesIO object at 0x000001FF3CC92810>,0.605840802192688,0.15048867464065552,0.22093142569065094,173083,26,4,False,Left,Back,Centre,Left,58
<_io.BytesIO object at 0x000001FF3CC92EF0>,0.5590429902076721,0.18127253651618958,0.2856702506542206,173083,26,4,False,Left,Back,Centre,Left,58
<_io.BytesIO object at 0x000001FF3CC92D60>,0.6030879616737366,0.10740925371646881,0.21283459663391113,173083,26,4,False,Left,Back,Centre,Left,58
<_io.BytesIO object at 0x000001FF3FA91180>,0.5916844010353088,0.09308809787034988,0.265285462141037,173083,26,4,False,Left,Back,Centre,Left,58
<_io.BytesIO object at 0x000001FF3CCB1860>,0.4097207188606262,-0.0689912959933281,-0.06180813908576965,173084,26,4,False,Left,Back,Centre,Left,58
<_io.BytesIO object at 0x000001FF3CCB19F0>,0.4122144281864166,-0.0444050207734108,-0.12591992318630219,173084,26,4,False,Left,Back,Centre,Left,58
<_io.BytesIO object at 0x000001FF3CCB17C0>,0.4058099091053009,-0.004390038549900055,-0.10439366102218628,173084,26,4,False,Left,Back,Centre,Left,58
<_io.BytesIO object at 0x000001FF3CCAE7C0>,0.446682333946228,-0.03749636560678482,-0.15250882506370544,173084,26,4,False,Left,Back,Centre,Left,58
<_io.BytesIO object at 0x000001FF3CCAE720>,0.47491922974586487,-0.08632127940654755,-0.1280480921268463,173084,26,4,False,Left,Back,Centre,Left,58
<_io.BytesIO object at 0x000001FF3CCAEB30>,0.5768476724624634,0.1722983717918396,0.199017733335495,173084,26,4,False,Left,Back,Centre,Left,58
<_io.BytesIO object at 0x000001FF3CCAEA90>,0.605840802192688,0.15048867464065552,0.22093142569065094,173084,26,4,False,Left,Back,Centre,Left,58
<_io.BytesIO object at 0x000001FF3CCAE400>,0.5590429902076721,0.18127253651618958,0.2856702506542206,173084,26,4,False,Left,Back,Centre,Left,58
<_io.BytesIO object at 0x000001FF3CCAEDB0>,0.6030879616737366,0.10740925371646881,0.21283459663391113,173084,26,4,False,Left,Back,Centre,Left,58
<_io.BytesIO object at 0x000001FF3CCAE040>,0.5916844010353088,0.09308809787034988,0.265285462141037,173084,26,4,False,Left,Back,Centre,Left,58
<_io.BytesIO object at 0x000001FF3FC269F0>,0.4097207188606262,-0.0689912959933281,-0.06180813908576965,173085,26,4,False,Left,Back,Centre,Left,58
<_io.BytesIO object at 0x000001FF3FC26540>,0.4122144281864166,-0.0444050207734108,-0.12591992318630219,173085,26,4,False,Left,Back,Centre,Left,58
<_io.BytesIO object at 0x000001FF3FC265E0>,0.4058099091053009,-0.004390038549900055,-0.10439366102218628,173085,26,4,False,Left,Back,Centre,Left,58
<_io.BytesIO object at 0x000001FF3FC26860>,0.446682333946228,-0.03749636560678482,-0.15250882506370544,173085,26,4,False,Left,Back,Centre,Left,58
<_io.BytesIO object at 0x000001FF3FC26400>,0.47491922974586487,-0.08632127940654755,-0.1280480921268463,173085,26,4,False,Left,Back,Centre,Left,58
<_io.BytesIO object at 0x000001FF3CC06450>,0.5768476724624634,0.1722983717918396,0.199017733335495,173085,26,4,False,Left,Back,Centre,Left,58
<_io.BytesIO object at 0x000001FF3CC067C0>,0.605840802192688,0.15048867464065552,0.22093142569065094,173085,26,4,False,Left,Back,Centre,Left,58
<_io.BytesIO object at 0x000001FF3CC06950>,0.5590429902076721,0.18127253651618958,0.2856702506542206,173085,26,4,False,Left,Back,Centre,Left,58
<_io.BytesIO object at 0x000001FF3CC06A90>,0.6030879616737366,0.10740925371646881,0.21283459663391113,173085,26,4,False,Left,Back,Centre,Left,58
<_io.BytesIO object at 0x000001FF3CC06D60>,0.5916844010353088,0.09308809787034988,0.265285462141037,173085,26,4,False,Left,Back,Centre,Left,58
<_io.BytesIO object at 0x000001FF3FA9C7C0>,0.4097207188606262,-0.0689912959933281,-0.06180813908576965,173086,26,4,False,Left,Back,Centre,Left,58
<_io.BytesIO object at 0x000001FF3FA9C950>,0.4122144281864166,-0.0444050207734108,-0.12591992318630219,173086,26,4,False,Left,Back,Centre,Left,58
<_io.BytesIO object at 0x000001FF3CCB14F0>,0.4058099091053009,-0.004390038549900055,-0.10439366102218628,173086,26,4,False,Left,Back,Centre,Left,58
<_io.BytesIO object at 0x000001FF3CCB1DB0>,0.446682333946228,-0.03749636560678482,-0.15250882506370544,173086,26,4,False,Left,Back,Centre,Left,58
<_io.BytesIO object at 0x000001FF3CCB1C70>,0.47491922974586487,-0.08632127940654755,-0.1280480921268463,173086,26,4,False,Left,Back,Centre,Left,58
<_io.BytesIO object at 0x000001FF3CCB1D60>,0.5768476724624634,0.1722983717918396,0.199017733335495,173086,26,4,False,Left,Back,Centre,Left,58
<_io.BytesIO object at 0x000001FF3CCB11D0>,0.605840802192688,0.15048867464065552,0.22093142569065094,173086,26,4,False,Left,Back,Centre,Left,58
<_io.BytesIO object at 0x000001FF3CCB1720>,0.5590429902076721,0.18127253651618958,0.2856702506542206,173086,26,4,False,Left,Back,Centre,Left,58
<_io.BytesIO object at 0x000001FF3CCB1B30>,0.6030879616737366,0.10740925371646881,0.21283459663391113,173086,26,4,False,Left,Back,Centre,Left,58
<_io.BytesIO object at 0x000001FF38015360>,0.5916844010353088,0.09308809787034988,0.265285462141037,173086,26,4,False,Left,Back,Centre,Left,58
<_io.BytesIO object at 0x000001FF3CC92860>,0.4097207188606262,-0.0689912959933281,-0.06180813908576965,173087,26,4,False,Left,Back,Centre,Left,58
<_io.BytesIO object at 0x000001FF3CC92180>,0.4122144281864166,-0.0444050207734108,-0.12591992318630219,173087,26,4,False,Left,Back,Centre,Left,58
<_io.BytesIO object at 0x000001FF3CC92F40>,0.4058099091053009,-0.004390038549900055,-0.10439366102218628,173087,26,4,False,Left,Back,Centre,Left,58
<_io.BytesIO object at 0x000001FF3CCBA220>,0.446682333946228,-0.03749636560678482,-0.15250882506370544,173087,26,4,False,Left,Back,Centre,Left,58
<_io.BytesIO object at 0x000001FF3CCBAC70>,0.47491922974586487,-0.08632127940654755,-0.1280480921268463,173087,26,4,False,Left,Back,Centre,Left,58
<_io.BytesIO object at 0x000001FF3CCBA3B0>,0.5768476724624634,0.1722983717918396,0.199017733335495,173087,26,4,False,Left,Back,Centre,Left,58
<_io.BytesIO object at 0x000001FF3CCBA5E0>,0.605840802192688,0.15048867464065552,0.22093142569065094,173087,26,4,False,Left,Back,Centre,Left,58
<_io.BytesIO object at 0x000001FF3CCBA7C0>,0.5590429902076721,0.18127253651618958,0.2856702506542206,173087,26,4,False,Left,Back,Centre,Left,58
<_io.BytesIO object at 0x000001FF3CCBAEF0>,0.6030879616737366,0.10740925371646881,0.21283459663391113,173087,26,4,False,Left,Back,Centre,Left,58
<_io.BytesIO object at 0x000001FF3CCBAF40>,0.5916844010353088,0.09308809787034988,0.265285462141037,173087,26,4,False,Left,Back,Centre,Left,58
<_io.BytesIO object at 0x000001FF3CCB3220>,0.4097207188606262,-0.0689912959933281,-0.06180813908576965,173088,26,4,False,Left,Back,Centre,Left,58
<_io.BytesIO object at 0x000001FF3CCB34F0>,0.4122144281864166,-0.0444050207734108,-0.12591992318630219,173088,26,4,False,Left,Back,Centre,Left,58
<_io.BytesIO object at 0x000001FF3CCB3450>,0.4058099091053009,-0.004390038549900055,-0.10439366102218628,173088,26,4,False,Left,Back,Centre,Left,58
<_io.BytesIO object at 0x000001FF3CBFA860>,0.446682333946228,-0.03749636560678482,-0.15250882506370544,173088,26,4,False,Left,Back,Centre,Left,58
<_io.BytesIO object at 0x000001FF3CBFA360>,0.47491922974586487,-0.08632127940654755,-0.1280480921268463,173088,26,4,False,Left,Back,Centre,Left,58
<_io.BytesIO object at 0x000001FF3CBFAD10>,0.5768476724624634,0.1722983717918396,0.199017733335495,173088,26,4,False,Left,Back,Centre,Left,58
<_io.BytesIO object at 0x000001FF3CBFA040>,0.605840802192688,0.15048867464065552,0.22093142569065094,173088,26,4,False,Left,Back,Centre,Left,58
<_io.BytesIO object at 0x000001FF3CBFA9A0>,0.5590429902076721,0.18127253651618958,0.2856702506542206,173088,26,4,False,Left,Back,Centre,Left,58
<_io.BytesIO object at 0x000001FF3CBFAF90>,0.6030879616737366,0.10740925371646881,0.21283459663391113,173088,26,4,False,Left,Back,Centre,Left,58
<_io.BytesIO object at 0x000001FF3CBFA4A0>,0.5916844010353088,0.09308809787034988,0.265285462141037,173088,26,4,False,Left,Back,Centre,Left,58
<_io.BytesIO object at 0x000001FF3CC6E9A0>,0.4097207188606262,-0.0689912959933281,-0.06180813908576965,173089,26,4,False,Left,Back,Centre,Left,58
<_io.BytesIO object at 0x000001FF3CC6E450>,0.4122144281864166,-0.0444050207734108,-0.12591992318630219,173089,26,4,False,Left,Back,Centre,Left,58
<_io.BytesIO object at 0x000001FF3CC6EA40>,0.4058099091053009,-0.004390038549900055,-0.10439366102218628,173089,26,4,False,Left,Back,Centre,Left,58
<_io.BytesIO object at 0x000001FF3CC6ED10>,0.446682333946228,-0.03749636560678482,-0.15250882506370544,173089,26,4,False,Left,Back,Centre,Left,58
<_io.BytesIO object at 0x000001FF3CC6E360>,0.47491922974586487,-0.08632127940654755,-0.1280480921268463,173089,26,4,False,Left,Back,Centre,Left,58
<_io.BytesIO object at 0x000001FF3FA71EF0>,0.5768476724624634,0.1722983717918396,0.199017733335495,173089,26,4,False,Left,Back,Centre,Left,58
<_io.BytesIO object at 0x000001FF3FACA450>,0.605840802192688,0.15048867464065552,0.22093142569065094,173089,26,4,False,Left,Back,Centre,Left,58
<_io.BytesIO object at 0x000001FF3FACA180>,0.5590429902076721,0.18127253651618958,0.2856702506542206,173089,26,4,False,Left,Back,Centre,Left,58
<_io.BytesIO object at 0x000001FF3FACAC20>,0.6030879616737366,0.10740925371646881,0.21283459663391113,173089,26,4,False,Left,Back,Centre,Left,58
<_io.BytesIO object at 0x000001FF3FACA2C0>,0.5916844010353088,0.09308809787034988,0.265285462141037,173089,26,4,False,Left,Back,Centre,Left,58
<_io.BytesIO object at 0x000001FF3CC5C130>,0.4097207188606262,-0.0689912959933281,-0.06180813908576965,173090,26,4,False,Left,Back,Centre,Left,58
<_io.BytesIO object at 0x000001FF3CC5CBD0>,0.4122144281864166,-0.0444050207734108,-0.12591992318630219,173090,26,4,False,Left,Back,Centre,Left,58
<_io.BytesIO object at 0x000001FF3CC5C180>,0.4058099091053009,-0.004390038549900055,-0.10439366102218628,173090,26,4,False,Left,Back,Centre,Left,58
<_io.BytesIO object at 0x000001FF3CC5CB30>,0.446682333946228,-0.03749636560678482,-0.15250882506370544,173090,26,4,False,Left,Back,Centre,Left,58
<_io.BytesIO object at 0x000001FF3CC5CA40>,0.47491922974586487,-0.08632127940654755,-0.1280480921268463,173090,26,4,False,Left,Back,Centre,Left,58
<_io.BytesIO object at 0x000001FF3CC5CE00>,0.5768476724624634,0.1722983717918396,0.199017733335495,173090,26,4,False,Left,Back,Centre,Left,58
<_io.BytesIO object at 0x000001FF3FACA950>,0.605840802192688,0.15048867464065552,0.22093142569065094,173090,26,4,False,Left,Back,Centre,Left,58
<_io.BytesIO object at 0x000001FF3FACA270>,0.5590429902076721,0.18127253651618958,0.2856702506542206,173090,26,4,False,Left,Back,Centre,Left,58
<_io.BytesIO object at 0x000001FF3FACA630>,0.6030879616737366,0.10740925371646881,0.21283459663391113,173090,26,4,False,Left,Back,Centre,Left,58
<_io.BytesIO object at 0x000001FF3FACA360>,0.5916844010353088,0.09308809787034988,0.265285462141037,173090,26,4,False,Left,Back,Centre,Left,58
<_io.BytesIO object at 0x000001FF3CC6E220>,0.4097207188606262,-0.0689912959933281,-0.06180813908576965,173091,26,4,False,Left,Back,Centre,Left,58
<_io.BytesIO object at 0x000001FF3CBFA0E0>,0.4122144281864166,-0.0444050207734108,-0.12591992318630219,173091,26,4,False,Left,Back,Centre,Left,58
<_io.BytesIO object at 0x000001FF3CBFA590>,0.4058099091053009,-0.004390038549900055,-0.10439366102218628,173091,26,4,False,Left,Back,Centre,Left,58
<_io.BytesIO object at 0x000001FF3CBFAF90>,0.446682333946228,-0.03749636560678482,-0.15250882506370544,173091,26,4,False,Left,Back,Centre,Left,58
<_io.BytesIO object at 0x000001FF3CBFAA40>,0.47491922974586487,-0.08632127940654755,-0.1280480921268463,173091,26,4,False,Left,Back,Centre,Left,58
<_io.BytesIO object at 0x000001FF3CBFA2C0>,0.5768476724624634,0.1722983717918396,0.199017733335495,173091,26,4,False,Left,Back,Centre,Left,58
<_io.BytesIO object at 0x000001FF3CBFADB0>,0.605840802192688,0.15048867464065552,0.22093142569065094,173091,26,4,False,Left,Back,Centre,Left,58
<_io.BytesIO object at 0x000001FF3CBFA8B0>,0.5590429902076721,0.18127253651618958,0.2856702506542206,173091,26,4,False,Left,Back,Centre,Left,58
<_io.BytesIO object at 0x000001FF3CCB3C70>,0.6030879616737366,0.10740925371646881,0.21283459663391113,173091,26,4,False,Left,Back,Centre,Left,58
<_io.BytesIO object at 0x000001FF3CCB3E00>,0.5916844010353088,0.09308809787034988,0.265285462141037,173091,26,4,False,Left,Back,Centre,Left,58
<_io.BytesIO object at 0x000001FF3CC5A8B0>,0.4097207188606262,-0.0689912959933281,-0.06180813908576965,173092,26,4,False,Left,Back,Centre,Left,58
<_io.BytesIO object at 0x000001FF3CC5A7C0>,0.4122144281864166,-0.0444050207734108,-0.12591992318630219,173092,26,4,False,Left,Back,Centre,Left,58
<_io.BytesIO object at 0x000001FF3CCBA090>,0.4058099091053009,-0.004390038549900055,-0.10439366102218628,173092,26,4,False,Left,Back,Centre,Left,58
<_io.BytesIO object at 0x000001FF3CCBAF40>,0.446682333946228,-0.03749636560678482,-0.15250882506370544,173092,26,4,False,Left,Back,Centre,Left,58
<_io.BytesIO object at 0x000001FF3CCBA9A0>,0.47491922974586487,-0.08632127940654755,-0.1280480921268463,173092,26,4,False,Left,Back,Centre,Left,58
<_io.BytesIO object at 0x000001FF3CCBA040>,0.5768476724624634,0.1722983717918396,0.199017733335495,173092,26,4,False,Left,Back,Centre,Left,58
<_io.BytesIO object at 0x000001FF3CCBAE00>,0.605840802192688,0.15048867464065552,0.22093142569065094,173092,26,4,False,Left,Back,Centre,Left,58
<_io.BytesIO object at 0x000001FF3CCBACC0>,0.5590429902076721,0.18127253651618958,0.2856702506542206,173092,26,4,False,Left,Back,Centre,Left,58
<_io.BytesIO object at 0x000001FF3CCBA220>,0.6030879616737366,0.10740925371646881,0.21283459663391113,173092,26,4,False,Left,Back,Centre,Left,58
<_io.BytesIO object at 0x000001FF3CC92D10>,0.5916844010353088,0.09308809787034988,0.265285462141037,173092,26,4,False,Left,Back,Centre,Left,58
<_io.BytesIO object at 0x000001FF3FA91360>,0.4097207188606262,-0.0689912959933281,-0.06180813908576965,173093,26,4,False,Left,Back,Centre,Left,58
<_io.BytesIO object at 0x000001FF3FA91400>,0.4122144281864166,-0.0444050207734108,-0.12591992318630219,173093,26,4,False,Left,Back,Centre,Left,58
<_io.BytesIO object at 0x000001FF38015900>,0.4058099091053009,-0.004390038549900055,-0.10439366102218628,173093,26,4,False,Left,Back,Centre,Left,58
<_io.BytesIO object at 0x000001FF38015360>,0.446682333946228,-0.03749636560678482,-0.15250882506370544,173093,26,4,False,Left,Back,Centre,Left,58
<_io.BytesIO object at 0x000001FF3CCB13B0>,0.47491922974586487,-0.08632127940654755,-0.1280480921268463,173093,26,4,False,Left,Back,Centre,Left,58
<_io.BytesIO object at 0x000001FF3CCB1860>,0.5768476724624634,0.1722983717918396,0.199017733335495,173093,26,4,False,Left,Back,Centre,Left,58
<_io.BytesIO object at 0x000001FF3CCB1CC0>,0.605840802192688,0.15048867464065552,0.22093142569065094,173093,26,4,False,Left,Back,Centre,Left,58
<_io.BytesIO object at 0x000001FF3CCB1180>,0.5590429902076721,0.18127253651618958,0.2856702506542206,173093,26,4,False,Left,Back,Centre,Left,58
<_io.BytesIO object at 0x000001FF3CCB1B80>,0.6030879616737366,0.10740925371646881,0.21283459663391113,173093,26,4,False,Left,Back,Centre,Left,58
<_io.BytesIO object at 0x000001FF3CCB1810>,0.5916844010353088,0.09308809787034988,0.265285462141037,173093,26,4,False,Left,Back,Centre,Left,58
<_io.BytesIO object at 0x000001FF3FA9C720>,0.4097207188606262,-0.0689912959933281,-0.06180813908576965,173094,26,4,False,Left,Back,Centre,Left,58
<_io.BytesIO object at 0x000001FF3CCAE810>,0.4122144281864166,-0.0444050207734108,-0.12591992318630219,173094,26,4,False,Left,Back,Centre,Left,58
<_io.BytesIO object at 0x000001FF3CCAE900>,0.4058099091053009,-0.004390038549900055,-0.10439366102218628,173094,26,4,False,Left,Back,Centre,Left,58
<_io.BytesIO object at 0x000001FF3CCAE680>,0.446682333946228,-0.03749636560678482,-0.15250882506370544,173094,26,4,False,Left,Back,Centre,Left,58
<_io.BytesIO object at 0x000001FF3CCAE310>,0.47491922974586487,-0.08632127940654755,-0.1280480921268463,173094,26,4,False,Left,Back,Centre,Left,58
<_io.BytesIO object at 0x000001FF3CCAE220>,0.5768476724624634,0.1722983717918396,0.199017733335495,173094,26,4,False,Left,Back,Centre,Left,58
<_io.BytesIO object at 0x000001FF3FC265E0>,0.605840802192688,0.15048867464065552,0.22093142569065094,173094,26,4,False,Left,Back,Centre,Left,58
<_io.BytesIO object at 0x000001FF3FC266D0>,0.5590429902076721,0.18127253651618958,0.2856702506542206,173094,26,4,False,Left,Back,Centre,Left,58
<_io.BytesIO object at 0x000001FF3FC26680>,0.6030879616737366,0.10740925371646881,0.21283459663391113,173094,26,4,False,Left,Back,Centre,Left,58
<_io.BytesIO object at 0x000001FF3FC26CC0>,0.5916844010353088,0.09308809787034988,0.265285462141037,173094,26,4,False,Left,Back,Centre,Left,58
<_io.BytesIO object at 0x000001FF3FC26B30>,0.4097207188606262,-0.0689912959933281,-0.06180813908576965,173095,26,4,False,Left,Back,Centre,Left,58
<_io.BytesIO object at 0x000001FF3FC26720>,0.4122144281864166,-0.0444050207734108,-0.12591992318630219,173095,26,4,False,Left,Back,Centre,Left,58
<_io.BytesIO object at 0x000001FF3FC26860>,0.4058099091053009,-0.004390038549900055,-0.10439366102218628,173095,26,4,False,Left,Back,Centre,Left,58
<_io.BytesIO object at 0x000001FF3CCAE3B0>,0.446682333946228,-0.03749636560678482,-0.15250882506370544,173095,26,4,False,Left,Back,Centre,Left,58
<_io.BytesIO object at 0x000001FF3CCAE0E0>,0.47491922974586487,-0.08632127940654755,-0.1280480921268463,173095,26,4,False,Left,Back,Centre,Left,58
<_io.BytesIO object at 0x000001FF3CCAE8B0>,0.5768476724624634,0.1722983717918396,0.199017733335495,173095,26,4,False,Left,Back,Centre,Left,58
<_io.BytesIO object at 0x000001FF3CCAE900>,0.605840802192688,0.15048867464065552,0.22093142569065094,173095,26,4,False,Left,Back,Centre,Left,58
<_io.BytesIO object at 0x000001FF3CCAE9A0>,0.5590429902076721,0.18127253651618958,0.2856702506542206,173095,26,4,False,Left,Back,Centre,Left,58
<_io.BytesIO object at 0x000001FF3CCAE720>,0.6030879616737366,0.10740925371646881,0.21283459663391113,173095,26,4,False,Left,Back,Centre,Left,58
<_io.BytesIO object at 0x000001FF3CCAE7C0>,0.5916844010353088,0.09308809787034988,0.265285462141037,173095,26,4,False,Left,Back,Centre,Left,58
<_io.BytesIO object at 0x000001FF3CCB15E0>,0.4097207188606262,-0.0689912959933281,-0.06180813908576965,173096,26,4,False,Left,Back,Centre,Left,58
<_io.BytesIO object at 0x000001FF3CCB1770>,0.4122144281864166,-0.0444050207734108,-0.12591992318630219,173096,26,4,False,Left,Back,Centre,Left,58
<_io.BytesIO object at 0x000001FF3CCB14A0>,0.4058099091053009,-0.004390038549900055,-0.10439366102218628,173096,26,4,False,Left,Back,Centre,Left,58
<_io.BytesIO object at 0x000001FF3CCB1A40>,0.446682333946228,-0.03749636560678482,-0.15250882506370544,173096,26,4,False,Left,Back,Centre,Left,58
<_io.BytesIO object at 0x000001FF38015130>,0.47491922974586487,-0.08632127940654755,-0.1280480921268463,173096,26,4,False,Left,Back,Centre,Left,58
<_io.BytesIO object at 0x000001FF38015400>,0.5768476724624634,0.1722983717918396,0.199017733335495,173096,26,4,False,Left,Back,Centre,Left,58
<_io.BytesIO object at 0x000001FF3FA91D60>,0.605840802192688,0.15048867464065552,0.22093142569065094,173096,26,4,False,Left,Back,Centre,Left,58
<_io.BytesIO object at 0x000001FF3FA917C0>,0.5590429902076721,0.18127253651618958,0.2856702506542206,173096,26,4,False,Left,Back,Centre,Left,58
<_io.BytesIO object at 0x000001FF3FA916D0>,0.6030879616737366,0.10740925371646881,0.21283459663391113,173096,26,4,False,Left,Back,Centre,Left,58
<_io.BytesIO object at 0x000001FF3FA91BD0>,0.5916844010353088,0.09308809787034988,0.265285462141037,173096,26,4,False,Left,Back,Centre,Left,58
<_io.BytesIO object at 0x000001FF3CC927C0>,0.4097207188606262,-0.0689912959933281,-0.06180813908576965,173097,26,4,False,Left,Back,Centre,Left,58
<_io.BytesIO object at 0x000001FF3CCBA770>,0.4122144281864166,-0.0444050207734108,-0.12591992318630219,173097,26,4,False,Left,Back,Centre,Left,58
<_io.BytesIO object at 0x000001FF3CCBA810>,0.4058099091053009,-0.004390038549900055,-0.10439366102218628,173097,26,4,False,Left,Back,Centre,Left,58
<_io.BytesIO object at 0x000001FF3CCBAA40>,0.446682333946228,-0.03749636560678482,-0.15250882506370544,173097,26,4,False,Left,Back,Centre,Left,58
<_io.BytesIO object at 0x000001FF3CCBAE50>,0.47491922974586487,-0.08632127940654755,-0.1280480921268463,173097,26,4,False,Left,Back,Centre,Left,58
<_io.BytesIO object at 0x000001FF3CCBA4F0>,0.5768476724624634,0.1722983717918396,0.199017733335495,173097,26,4,False,Left,Back,Centre,Left,58
<_io.BytesIO object at 0x000001FF3CCBAD60>,0.605840802192688,0.15048867464065552,0.22093142569065094,173097,26,4,False,Left,Back,Centre,Left,58
<_io.BytesIO object at 0x000001FF3CC5A5E0>,0.5590429902076721,0.18127253651618958,0.2856702506542206,173097,26,4,False,Left,Back,Centre,Left,58
<_io.BytesIO object at 0x000001FF3CC5AE50>,0.6030879616737366,0.10740925371646881,0.21283459663391113,173097,26,4,False,Left,Back,Centre,Left,58
<_io.BytesIO object at 0x000001FF3CC5AAE0>,0.5916844010353088,0.09308809787034988,0.265285462141037,173097,26,4,False,Left,Back,Centre,Left,58
<_io.BytesIO object at 0x000001FF3CCB3C20>,0.4097207188606262,-0.0689912959933281,-0.06180813908576965,173098,26,4,False,Left,Back,Centre,Left,58
<_io.BytesIO object at 0x000001FF3CCB3EF0>,0.4122144281864166,-0.0444050207734108,-0.12591992318630219,173098,26,4,False,Left,Back,Centre,Left,58
<_io.BytesIO object at 0x000001FF3CC6E1D0>,0.4058099091053009,-0.004390038549900055,-0.10439366102218628,173098,26,4,False,Left,Back,Centre,Left,58
<_io.BytesIO object at 0x000001FF3CC6E810>,0.446682333946228,-0.03749636560678482,-0.15250882506370544,173098,26,4,False,Left,Back,Centre,Left,58
<_io.BytesIO object at 0x000001FF3CC6E540>,0.47491922974586487,-0.08632127940654755,-0.1280480921268463,173098,26,4,False,Left,Back,Centre,Left,58
<_io.BytesIO object at 0x000001FF3CC6E720>,0.5768476724624634,0.1722983717918396,0.199017733335495,173098,26,4,False,Left,Back,Centre,Left,58
<_io.BytesIO object at 0x000001FF3CC6ED10>,0.605840802192688,0.15048867464065552,0.22093142569065094,173098,26,4,False,Left,Back,Centre,Left,58
<_io.BytesIO object at 0x000001FF3CC6E4F0>,0.5590429902076721,0.18127253651618958,0.2856702506542206,173098,26,4,False,Left,Back,Centre,Left,58
<_io.BytesIO object at 0x000001FF3FA71D60>,0.6030879616737366,0.10740925371646881,0.21283459663391113,173098,26,4,False,Left,Back,Centre,Left,58
<_io.BytesIO object at 0x000001FF3CBFA950>,0.5916844010353088,0.09308809787034988,0.265285462141037,173098,26,4,False,Left,Back,Centre,Left,58
<_io.BytesIO object at 0x000001FF3FACABD0>,0.4097207188606262,-0.0689912959933281,-0.06180813908576965,173100,26,4,False,Left,Back,Centre,Left,58
<_io.BytesIO object at 0x000001FF3FACA860>,0.4122144281864166,-0.0444050207734108,-0.12591992318630219,173100,26,4,False,Left,Back,Centre,Left,58
<_io.BytesIO object at 0x000001FF3FACAEF0>,0.4058099091053009,-0.004390038549900055,-0.10439366102218628,173100,26,4,False,Left,Back,Centre,Left,58
<_io.BytesIO object at 0x000001FF3CC5CC20>,0.446682333946228,-0.03749636560678482,-0.15250882506370544,173100,26,4,False,Left,Back,Centre,Left,58
<_io.BytesIO object at 0x000001FF3CC5C310>,0.47491922974586487,-0.08632127940654755,-0.1280480921268463,173100,26,4,False,Left,Back,Centre,Left,58
<_io.BytesIO object at 0x000001FF3CC5CF40>,0.5768476724624634,0.1722983717918396,0.199017733335495,173100,26,4,False,Left,Back,Centre,Left,58
<_io.BytesIO object at 0x000001FF3CC5CB30>,0.605840802192688,0.15048867464065552,0.22093142569065094,173100,26,4,False,Left,Back,Centre,Left,58
<_io.BytesIO object at 0x000001FF3CC5C2C0>,0.5590429902076721,0.18127253651618958,0.2856702506542206,173100,26,4,False,Left,Back,Centre,Left,58
<_io.BytesIO object at 0x000001FF3CC5CDB0>,0.6030879616737366,0.10740925371646881,0.21283459663391113,173100,26,4,False,Left,Back,Centre,Left,58
<_io.BytesIO object at 0x000001FF3CC5C540>,0.5916844010353088,0.09308809787034988,0.265285462141037,173100,26,4,False,Left,Back,Centre,Left,58
<_io.BytesIO object at 0x000001FF3CC5C310>,0.4097207188606262,-0.0689912959933281,-0.06180813908576965,173101,26,4,False,Left,Back,Centre,Left,58
<_io.BytesIO object at 0x000001FF3FACAE50>,0.4122144281864166,-0.0444050207734108,-0.12591992318630219,173101,26,4,False,Left,Back,Centre,Left,58
<_io.BytesIO object at 0x000001FF3FACAE00>,0.4058099091053009,-0.004390038549900055,-0.10439366102218628,173101,26,4,False,Left,Back,Centre,Left,58
<_io.BytesIO object at 0x000001FF3FACA5E0>,0.446682333946228,-0.03749636560678482,-0.15250882506370544,173101,26,4,False,Left,Back,Centre,Left,58
<_io.BytesIO object at 0x000001FF3FACACC0>,0.47491922974586487,-0.08632127940654755,-0.1280480921268463,173101,26,4,False,Left,Back,Centre,Left,58
<_io.BytesIO object at 0x000001FF3FACA810>,0.5768476724624634,0.1722983717918396,0.199017733335495,173101,26,4,False,Left,Back,Centre,Left,58
<_io.BytesIO object at 0x000001FF3FACA770>,0.605840802192688,0.15048867464065552,0.22093142569065094,173101,26,4,False,Left,Back,Centre,Left,58
<_io.BytesIO object at 0x000001FF3CBFAEF0>,0.5590429902076721,0.18127253651618958,0.2856702506542206,173101,26,4,False,Left,Back,Centre,Left,58
<_io.BytesIO object at 0x000001FF3CBFAB30>,0.6030879616737366,0.10740925371646881,0.21283459663391113,173101,26,4,False,Left,Back,Centre,Left,58
<_io.BytesIO object at 0x000001FF3CBFA810>,0.5916844010353088,0.09308809787034988,0.265285462141037,173101,26,4,False,Left,Back,Centre,Left,58
<_io.BytesIO object at 0x000001FF3CC6E1D0>,0.4097207188606262,-0.0689912959933281,-0.06180813908576965,173102,26,4,False,Left,Back,Centre,Left,58
<_io.BytesIO object at 0x000001FF3CC6ED60>,0.4122144281864166,-0.0444050207734108,-0.12591992318630219,173102,26,4,False,Left,Back,Centre,Left,58
<_io.BytesIO object at 0x000001FF3CCB3E00>,0.4058099091053009,-0.004390038549900055,-0.10439366102218628,173102,26,4,False,Left,Back,Centre,Left,58
<_io.BytesIO object at 0x000001FF3CCB3B80>,0.446682333946228,-0.03749636560678482,-0.15250882506370544,173102,26,4,False,Left,Back,Centre,Left,58
<_io.BytesIO object at 0x000001FF3CCB3310>,0.47491922974586487,-0.08632127940654755,-0.1280480921268463,173102,26,4,False,Left,Back,Centre,Left,58
<_io.BytesIO object at 0x000001FF3CCB3A90>,0.5768476724624634,0.1722983717918396,0.199017733335495,173102,26,4,False,Left,Back,Centre,Left,58
<_io.BytesIO object at 0x000001FF3CCB34A0>,0.605840802192688,0.15048867464065552,0.22093142569065094,173102,26,4,False,Left,Back,Centre,Left,58
<_io.BytesIO object at 0x000001FF3CCB3770>,0.5590429902076721,0.18127253651618958,0.2856702506542206,173102,26,4,False,Left,Back,Centre,Left,58
<_io.BytesIO object at 0x000001FF3CC5A270>,0.6030879616737366,0.10740925371646881,0.21283459663391113,173102,26,4,False,Left,Back,Centre,Left,58
<_io.BytesIO object at 0x000001FF3CC5A810>,0.5916844010353088,0.09308809787034988,0.265285462141037,173102,26,4,False,Left,Back,Centre,Left,58
<_io.BytesIO object at 0x000001FF3CC92AE0>,0.4097207188606262,-0.0689912959933281,-0.06180813908576965,173103,26,4,False,Left,Back,Centre,Left,58
<_io.BytesIO object at 0x000001FF3CC92F90>,0.4122144281864166,-0.0444050207734108,-0.12591992318630219,173103,26,4,False,Left,Back,Centre,Left,58
<_io.BytesIO object at 0x000001FF3FA91310>,0.4058099091053009,-0.004390038549900055,-0.10439366102218628,173103,26,4,False,Left,Back,Centre,Left,58
<_io.BytesIO object at 0x000001FF3FA910E0>,0.446682333946228,-0.03749636560678482,-0.15250882506370544,173103,26,4,False,Left,Back,Centre,Left,58
<_io.BytesIO object at 0x000001FF3FA913B0>,0.47491922974586487,-0.08632127940654755,-0.1280480921268463,173103,26,4,False,Left,Back,Centre,Left,58
<_io.BytesIO object at 0x000001FF3FA91810>,0.5768476724624634,0.1722983717918396,0.199017733335495,173103,26,4,False,Left,Back,Centre,Left,58
<_io.BytesIO object at 0x000001FF3FA91400>,0.605840802192688,0.15048867464065552,0.22093142569065094,173103,26,4,False,Left,Back,Centre,Left,58
<_io.BytesIO object at 0x000001FF37F5FB30>,0.5590429902076721,0.18127253651618958,0.2856702506542206,173103,26,4,False,Left,Back,Centre,Left,58
<_io.BytesIO object at 0x000001FF38015770>,0.6030879616737366,0.10740925371646881,0.21283459663391113,173103,26,4,False,Left,Back,Centre,Left,58
<_io.BytesIO object at 0x000001FF38007B80>,0.5916844010353088,0.09308809787034988,0.265285462141037,173103,26,4,False,Left,Back,Centre,Left,58
<_io.BytesIO object at 0x000001FF3CCBA040>,0.4097207188606262,-0.0689912959933281,-0.06180813908576965,173104,26,4,False,Left,Back,Centre,Left,58
<_io.BytesIO object at 0x000001FF3CCBA4A0>,0.4122144281864166,-0.0444050207734108,-0.12591992318630219,173104,26,4,False,Left,Back,Centre,Left,58
<_io.BytesIO object at 0x000001FF3FA9C860>,0.4058099091053009,-0.004390038549900055,-0.10439366102218628,173104,26,4,False,Left,Back,Centre,Left,58
<_io.BytesIO object at 0x000001FF3FA9CEF0>,0.446682333946228,-0.03749636560678482,-0.15250882506370544,173104,26,4,False,Left,Back,Centre,Left,58
<_io.BytesIO object at 0x000001FF3FA9C2C0>,0.47491922974586487,-0.08632127940654755,-0.1280480921268463,173104,26,4,False,Left,Back,Centre,Left,58
<_io.BytesIO object at 0x000001FF3FA9C4A0>,0.5768476724624634,0.1722983717918396,0.199017733335495,173104,26,4,False,Left,Back,Centre,Left,58
<_io.BytesIO object at 0x000001FF3FA9C3B0>,0.605840802192688,0.15048867464065552,0.22093142569065094,173104,26,4,False,Left,Back,Centre,Left,58
<_io.BytesIO object at 0x000001FF3FA9C950>,0.5590429902076721,0.18127253651618958,0.2856702506542206,173104,26,4,False,Left,Back,Centre,Left,58
<_io.BytesIO object at 0x000001FF3FA9CA90>,0.6030879616737366,0.10740925371646881,0.21283459663391113,173104,26,4,False,Left,Back,Centre,Left,58
<_io.BytesIO object at 0x000001FF3FA9C590>,0.5916844010353088,0.09308809787034988,0.265285462141037,173104,26,4,False,Left,Back,Centre,Left,58
<_io.BytesIO object at 0x000001FF3FC26CC0>,0.4097207188606262,-0.0689912959933281,-0.06180813908576965,173105,26,4,False,Left,Back,Centre,Left,58
<_io.BytesIO object at 0x000001FF3FC26090>,0.4122144281864166,-0.0444050207734108,-0.12591992318630219,173105,26,4,False,Left,Back,Centre,Left,58
<_io.BytesIO object at 0x000001FF3FC26900>,0.4058099091053009,-0.004390038549900055,-0.10439366102218628,173105,26,4,False,Left,Back,Centre,Left,58
<_io.BytesIO object at 0x000001FF3CC06220>,0.446682333946228,-0.03749636560678482,-0.15250882506370544,173105,26,4,False,Left,Back,Centre,Left,58
<_io.BytesIO object at 0x000001FF3CC06270>,0.47491922974586487,-0.08632127940654755,-0.1280480921268463,173105,26,4,False,Left,Back,Centre,Left,58
<_io.BytesIO object at 0x000001FF3CC06D10>,0.5768476724624634,0.1722983717918396,0.199017733335495,173105,26,4,False,Left,Back,Centre,Left,58
<_io.BytesIO object at 0x000001FF3CC06860>,0.605840802192688,0.15048867464065552,0.22093142569065094,173105,26,4,False,Left,Back,Centre,Left,58
<_io.BytesIO object at 0x000001FF3CC06BD0>,0.5590429902076721,0.18127253651618958,0.2856702506542206,173105,26,4,False,Left,Back,Centre,Left,58
<_io.BytesIO object at 0x000001FF3CC061D0>,0.6030879616737366,0.10740925371646881,0.21283459663391113,173105,26,4,False,Left,Back,Centre,Left,58
<_io.BytesIO object at 0x000001FF3CC06770>,0.5916844010353088,0.09308809787034988,0.265285462141037,173105,26,4,False,Left,Back,Centre,Left,58
<_io.BytesIO object at 0x000001FF3FC26C70>,0.4097207188606262,-0.0689912959933281,-0.06180813908576965,173106,26,4,False,Left,Back,Centre,Left,58
<_io.BytesIO object at 0x000001FF3CCAEDB0>,0.4122144281864166,-0.0444050207734108,-0.12591992318630219,173106,26,4,False,Left,Back,Centre,Left,58
<_io.BytesIO object at 0x000001FF3CCAE770>,0.4058099091053009,-0.004390038549900055,-0.10439366102218628,173106,26,4,False,Left,Back,Centre,Left,58
<_io.BytesIO object at 0x000001FF3CCAE400>,0.446682333946228,-0.03749636560678482,-0.15250882506370544,173106,26,4,False,Left,Back,Centre,Left,58
<_io.BytesIO object at 0x000001FF3CCAEF90>,0.47491922974586487,-0.08632127940654755,-0.1280480921268463,173106,26,4,False,Left,Back,Centre,Left,58
<_io.BytesIO object at 0x000001FF3CCAE540>,0.5768476724624634,0.1722983717918396,0.199017733335495,173106,26,4,False,Left,Back,Centre,Left,58
<_io.BytesIO object at 0x000001FF3FA9CB80>,0.605840802192688,0.15048867464065552,0.22093142569065094,173106,26,4,False,Left,Back,Centre,Left,58
<_io.BytesIO object at 0x000001FF3FA9CA90>,0.5590429902076721,0.18127253651618958,0.2856702506542206,173106,26,4,False,Left,Back,Centre,Left,58
<_io.BytesIO object at 0x000001FF3FA9C040>,0.6030879616737366,0.10740925371646881,0.21283459663391113,173106,26,4,False,Left,Back,Centre,Left,58
<_io.BytesIO object at 0x000001FF3FA9C180>,0.5916844010353088,0.09308809787034988,0.265285462141037,173106,26,4,False,Left,Back,Centre,Left,58
<_io.BytesIO object at 0x000001FF3CCBAB30>,0.4097207188606262,-0.0689912959933281,-0.06180813908576965,173107,26,4,False,Left,Back,Centre,Left,58
<_io.BytesIO object at 0x000001FF3CCB16D0>,0.4122144281864166,-0.0444050207734108,-0.12591992318630219,173107,26,4,False,Left,Back,Centre,Left,58
<_io.BytesIO object at 0x000001FF3CCB1A40>,0.4058099091053009,-0.004390038549900055,-0.10439366102218628,173107,26,4,False,Left,Back,Centre,Left,58
<_io.BytesIO object at 0x000001FF3CCB14A0>,0.446682333946228,-0.03749636560678482,-0.15250882506370544,173107,26,4,False,Left,Back,Centre,Left,58
<_io.BytesIO object at 0x000001FF3CCB1860>,0.47491922974586487,-0.08632127940654755,-0.1280480921268463,173107,26,4,False,Left,Back,Centre,Left,58
<_io.BytesIO object at 0x000001FF38015090>,0.5768476724624634,0.1722983717918396,0.199017733335495,173107,26,4,False,Left,Back,Centre,Left,58
<_io.BytesIO object at 0x000001FF38015400>,0.605840802192688,0.15048867464065552,0.22093142569065094,173107,26,4,False,Left,Back,Centre,Left,58
<_io.BytesIO object at 0x000001FF3FA91360>,0.5590429902076721,0.18127253651618958,0.2856702506542206,173107,26,4,False,Left,Back,Centre,Left,58
<_io.BytesIO object at 0x000001FF3FA91400>,0.6030879616737366,0.10740925371646881,0.21283459663391113,173107,26,4,False,Left,Back,Centre,Left,58
<_io.BytesIO object at 0x000001FF3FA91D10>,0.5916844010353088,0.09308809787034988,0.265285462141037,173107,26,4,False,Left,Back,Centre,Left,58
<_io.BytesIO object at 0x000001FF3CC92180>,0.4097207188606262,-0.0689912959933281,-0.06180813908576965,173108,26,4,False,Left,Back,Centre,Left,58
<_io.BytesIO object at 0x000001FF3CC5A450>,0.4122144281864166,-0.0444050207734108,-0.12591992318630219,173108,26,4,False,Left,Back,Centre,Left,58
<_io.BytesIO object at 0x000001FF3CC5A1D0>,0.4058099091053009,-0.004390038549900055,-0.10439366102218628,173108,26,4,False,Left,Back,Centre,Left,58
<_io.BytesIO object at 0x000001FF3CC5AF40>,0.446682333946228,-0.03749636560678482,-0.15250882506370544,173108,26,4,False,Left,Back,Centre,Left,58
<_io.BytesIO object at 0x000001FF3CC5AE00>,0.47491922974586487,-0.08632127940654755,-0.1280480921268463,173108,26,4,False,Left,Back,Centre,Left,58
<_io.BytesIO object at 0x000001FF3CCB3C70>,0.5768476724624634,0.1722983717918396,0.199017733335495,173108,26,4,False,Left,Back,Centre,Left,58
<_io.BytesIO object at 0x000001FF3CCB3630>,0.605840802192688,0.15048867464065552,0.22093142569065094,173108,26,4,False,Left,Back,Centre,Left,58
<_io.BytesIO object at 0x000001FF3CCB3400>,0.5590429902076721,0.18127253651618958,0.2856702506542206,173108,26,4,False,Left,Back,Centre,Left,58
<_io.BytesIO object at 0x000001FF3CCB3A90>,0.6030879616737366,0.10740925371646881,0.21283459663391113,173108,26,4,False,Left,Back,Centre,Left,58
<_io.BytesIO object at 0x000001FF3CCB3E50>,0.5916844010353088,0.09308809787034988,0.265285462141037,173108,26,4,False,Left,Back,Centre,Left,58
<_io.BytesIO object at 0x000001FF3CC6EC20>,0.4097207188606262,-0.0689912959933281,-0.06180813908576965,173109,26,4,False,Left,Back,Centre,Left,58
<_io.BytesIO object at 0x000001FF3CBFA090>,0.4122144281864166,-0.0444050207734108,-0.12591992318630219,173109,26,4,False,Left,Back,Centre,Left,58
<_io.BytesIO object at 0x000001FF3CBFA630>,0.4058099091053009,-0.004390038549900055,-0.10439366102218628,173109,26,4,False,Left,Back,Centre,Left,58
<_io.BytesIO object at 0x000001FF3CBFA6D0>,0.446682333946228,-0.03749636560678482,-0.15250882506370544,173109,26,4,False,Left,Back,Centre,Left,58
<_io.BytesIO object at 0x000001FF3CBFABD0>,0.47491922974586487,-0.08632127940654755,-0.1280480921268463,173109,26,4,False,Left,Back,Centre,Left,58
<_io.BytesIO object at 0x000001FF3CBFA310>,0.5768476724624634,0.1722983717918396,0.199017733335495,173109,26,4,False,Left,Back,Centre,Left,58
<_io.BytesIO object at 0x000001FF3FACAEA0>,0.605840802192688,0.15048867464065552,0.22093142569065094,173109,26,4,False,Left,Back,Centre,Left,58
<_io.BytesIO object at 0x000001FF3FACAD60>,0.5590429902076721,0.18127253651618958,0.2856702506542206,173109,26,4,False,Left,Back,Centre,Left,58
<_io.BytesIO object at 0x000001FF3FACAA90>,0.6030879616737366,0.10740925371646881,0.21283459663391113,173109,26,4,False,Left,Back,Centre,Left,58
<_io.BytesIO object at 0x000001FF3FACA540>,0.5916844010353088,0.09308809787034988,0.265285462141037,173109,26,4,False,Left,Back,Centre,Left,58
<_io.BytesIO object at 0x000001FF3FACA590>,0.4097207188606262,-0.0689912959933281,-0.06180813908576965,173110,26,4,False,Left,Back,Centre,Left,58
<_io.BytesIO object at 0x000001FF3FACAEA0>,0.4122144281864166,-0.0444050207734108,-0.12591992318630219,173110,26,4,False,Left,Back,Centre,Left,58
<_io.BytesIO object at 0x000001FF3CBFA220>,0.4058099091053009,-0.004390038549900055,-0.10439366102218628,173110,26,4,False,Left,Back,Centre,Left,58
<_io.BytesIO object at 0x000001FF3CBFA720>,0.446682333946228,-0.03749636560678482,-0.15250882506370544,173110,26,4,False,Left,Back,Centre,Left,58
<_io.BytesIO object at 0x000001FF3CBFA090>,0.47491922974586487,-0.08632127940654755,-0.1280480921268463,173110,26,4,False,Left,Back,Centre,Left,58
<_io.BytesIO object at 0x000001FF3CBFA5E0>,0.5768476724624634,0.1722983717918396,0.199017733335495,173110,26,4,False,Left,Back,Centre,Left,58
<_io.BytesIO object at 0x000001FF3CBFADB0>,0.605840802192688,0.15048867464065552,0.22093142569065094,173110,26,4,False,Left,Back,Centre,Left,58
<_io.BytesIO object at 0x000001FF3CBFA3B0>,0.5590429902076721,0.18127253651618958,0.2856702506542206,173110,26,4,False,Left,Back,Centre,Left,58
<_io.BytesIO object at 0x000001FF3CC6EC20>,0.6030879616737366,0.10740925371646881,0.21283459663391113,173110,26,4,False,Left,Back,Centre,Left,58
<_io.BytesIO object at 0x000001FF3CC6E900>,0.5916844010353088,0.09308809787034988,0.265285462141037,173110,26,4,False,Left,Back,Centre,Left,58
<_io.BytesIO object at 0x000001FF3CCB3C70>,0.4097207188606262,-0.0689912959933281,-0.06180813908576965,173111,26,4,False,Left,Back,Centre,Left,58
<_io.BytesIO object at 0x000001FF3CC5A270>,0.4122144281864166,-0.0444050207734108,-0.12591992318630219,173111,26,4,False,Left,Back,Centre,Left,58
<_io.BytesIO object at 0x000001FF3CC5A450>,0.4058099091053009,-0.004390038549900055,-0.10439366102218628,173111,26,4,False,Left,Back,Centre,Left,58
<_io.BytesIO object at 0x000001FF3CC5AF90>,0.446682333946228,-0.03749636560678482,-0.15250882506370544,173111,26,4,False,Left,Back,Centre,Left,58
<_io.BytesIO object at 0x000001FF3CC5ACC0>,0.47491922974586487,-0.08632127940654755,-0.1280480921268463,173111,26,4,False,Left,Back,Centre,Left,58
<_io.BytesIO object at 0x000001FF3CC5A9F0>,0.5768476724624634,0.1722983717918396,0.199017733335495,173111,26,4,False,Left,Back,Centre,Left,58
<_io.BytesIO object at 0x000001FF3CC927C0>,0.605840802192688,0.15048867464065552,0.22093142569065094,173111,26,4,False,Left,Back,Centre,Left,58
<_io.BytesIO object at 0x000001FF3CC92090>,0.5590429902076721,0.18127253651618958,0.2856702506542206,173111,26,4,False,Left,Back,Centre,Left,58
<_io.BytesIO object at 0x000001FF3CC929A0>,0.6030879616737366,0.10740925371646881,0.21283459663391113,173111,26,4,False,Left,Back,Centre,Left,58
<_io.BytesIO object at 0x000001FF3CC92130>,0.5916844010353088,0.09308809787034988,0.265285462141037,173111,26,4,False,Left,Back,Centre,Left,58
<_io.BytesIO object at 0x000001FF3CCB1450>,0.4097207188606262,-0.0689912959933281,-0.06180813908576965,173112,26,4,False,Left,Back,Centre,Left,58
<_io.BytesIO object at 0x000001FF3CCB1130>,0.4122144281864166,-0.0444050207734108,-0.12591992318630219,173112,26,4,False,Left,Back,Centre,Left,58
<_io.BytesIO object at 0x000001FF3CCB1E50>,0.4058099091053009,-0.004390038549900055,-0.10439366102218628,173112,26,4,False,Left,Back,Centre,Left,58
<_io.BytesIO object at 0x000001FF3CCB17C0>,0.446682333946228,-0.03749636560678482,-0.15250882506370544,173112,26,4,False,Left,Back,Centre,Left,58
<_io.BytesIO object at 0x000001FF3CCBA540>,0.47491922974586487,-0.08632127940654755,-0.1280480921268463,173112,26,4,False,Left,Back,Centre,Left,58
<_io.BytesIO object at 0x000001FF3CCBA220>,0.5768476724624634,0.1722983717918396,0.199017733335495,173112,26,4,False,Left,Back,Centre,Left,58
<_io.BytesIO object at 0x000001FF3CCBA4F0>,0.605840802192688,0.15048867464065552,0.22093142569065094,173112,26,4,False,Left,Back,Centre,Left,58
<_io.BytesIO object at 0x000001FF3CCBAD10>,0.5590429902076721,0.18127253651618958,0.2856702506542206,173112,26,4,False,Left,Back,Centre,Left,58
<_io.BytesIO object at 0x000001FF3CCBA810>,0.6030879616737366,0.10740925371646881,0.21283459663391113,173112,26,4,False,Left,Back,Centre,Left,58
<_io.BytesIO object at 0x000001FF3CCBA680>,0.5916844010353088,0.09308809787034988,0.265285462141037,173112,26,4,False,Left,Back,Centre,Left,58
<_io.BytesIO object at 0x000001FF3FA9C680>,0.4097207188606262,-0.0689912959933281,-0.06180813908576965,173113,26,4,False,Left,Back,Centre,Left,58
<_io.BytesIO object at 0x000001FF3FA9CA90>,0.4122144281864166,-0.0444050207734108,-0.12591992318630219,173113,26,4,False,Left,Back,Centre,Left,58
<_io.BytesIO object at 0x000001FF3FC26BD0>,0.4058099091053009,-0.004390038549900055,-0.10439366102218628,173113,26,4,False,Left,Back,Centre,Left,58
<_io.BytesIO object at 0x000001FF3FC26860>,0.446682333946228,-0.03749636560678482,-0.15250882506370544,173113,26,4,False,Left,Back,Centre,Left,58
<_io.BytesIO object at 0x000001FF3FC26720>,0.47491922974586487,-0.08632127940654755,-0.1280480921268463,173113,26,4,False,Left,Back,Centre,Left,58
<_io.BytesIO object at 0x000001FF3FC26E00>,0.5768476724624634,0.1722983717918396,0.199017733335495,173113,26,4,False,Left,Back,Centre,Left,58
<_io.BytesIO object at 0x000001FF3FC264A0>,0.605840802192688,0.15048867464065552,0.22093142569065094,173113,26,4,False,Left,Back,Centre,Left,58
<_io.BytesIO object at 0x000001FF3FC26270>,0.5590429902076721,0.18127253651618958,0.2856702506542206,173113,26,4,False,Left,Back,Centre,Left,58
<_io.BytesIO object at 0x000001FF3FC260E0>,0.6030879616737366,0.10740925371646881,0.21283459663391113,173113,26,4,False,Left,Back,Centre,Left,58
<_io.BytesIO object at 0x000001FF3FC26CC0>,0.5916844010353088,0.09308809787034988,0.265285462141037,173113,26,4,False,Left,Back,Centre,Left,58
<_io.BytesIO object at 0x000001FF3CC5C770>,0.4097207188606262,-0.0689912959933281,-0.06180813908576965,173114,26,4,False,Left,Back,Centre,Left,58
<_io.BytesIO object at 0x000001FF3CC5CB30>,0.4122144281864166,-0.0444050207734108,-0.12591992318630219,173114,26,4,False,Left,Back,Centre,Left,58
<_io.BytesIO object at 0x000001FF3CC5C860>,0.4058099091053009,-0.004390038549900055,-0.10439366102218628,173114,26,4,False,Left,Back,Centre,Left,58
<_io.BytesIO object at 0x000001FF3CC5C7C0>,0.446682333946228,-0.03749636560678482,-0.15250882506370544,173114,26,4,False,Left,Back,Centre,Left,58
<_io.BytesIO object at 0x000001FF3CC5C9A0>,0.47491922974586487,-0.08632127940654755,-0.1280480921268463,173114,26,4,False,Left,Back,Centre,Left,58
<_io.BytesIO object at 0x000001FF3CC06DB0>,0.5768476724624634,0.1722983717918396,0.199017733335495,173114,26,4,False,Left,Back,Centre,Left,58
<_io.BytesIO object at 0x000001FF3CC06130>,0.605840802192688,0.15048867464065552,0.22093142569065094,173114,26,4,False,Left,Back,Centre,Left,58
<_io.BytesIO object at 0x000001FF3CC06EA0>,0.5590429902076721,0.18127253651618958,0.2856702506542206,173114,26,4,False,Left,Back,Centre,Left,58
<_io.BytesIO object at 0x000001FF3CC061D0>,0.6030879616737366,0.10740925371646881,0.21283459663391113,173114,26,4,False,Left,Back,Centre,Left,58
<_io.BytesIO object at 0x000001FF3CC06860>,0.5916844010353088,0.09308809787034988,0.265285462141037,173114,26,4,False,Left,Back,Centre,Left,58
<_io.BytesIO object at 0x000001FF3FA9CC20>,0.4097207188606262,-0.0689912959933281,-0.06180813908576965,173115,26,4,False,Left,Back,Centre,Left,58
<_io.BytesIO object at 0x000001FF3CCAE900>,0.4122144281864166,-0.0444050207734108,-0.12591992318630219,173115,26,4,False,Left,Back,Centre,Left,58
<_io.BytesIO object at 0x000001FF3CCAE360>,0.4058099091053009,-0.004390038549900055,-0.10439366102218628,173115,26,4,False,Left,Back,Centre,Left,58
<_io.BytesIO object at 0x000001FF3CCAE8B0>,0.446682333946228,-0.03749636560678482,-0.15250882506370544,173115,26,4,False,Left,Back,Centre,Left,58
<_io.BytesIO object at 0x000001FF3CCAEF40>,0.47491922974586487,-0.08632127940654755,-0.1280480921268463,173115,26,4,False,Left,Back,Centre,Left,58
<_io.BytesIO object at 0x000001FF3CCAE270>,0.5768476724624634,0.1722983717918396,0.199017733335495,173115,26,4,False,Left,Back,Centre,Left,58
<_io.BytesIO object at 0x000001FF3CCAE180>,0.605840802192688,0.15048867464065552,0.22093142569065094,173115,26,4,False,Left,Back,Centre,Left,58
<_io.BytesIO object at 0x000001FF3CCAEEA0>,0.5590429902076721,0.18127253651618958,0.2856702506542206,173115,26,4,False,Left,Back,Centre,Left,58
<_io.BytesIO object at 0x000001FF3CCBA310>,0.6030879616737366,0.10740925371646881,0.21283459663391113,173115,26,4,False,Left,Back,Centre,Left,58
<_io.BytesIO object at 0x000001FF3CCBAEA0>,0.5916844010353088,0.09308809787034988,0.265285462141037,173115,26,4,False,Left,Back,Centre,Left,58
<_io.BytesIO object at 0x000001FF3CCB19A0>,0.4097207188606262,-0.0689912959933281,-0.06180813908576965,173116,26,4,False,Left,Back,Centre,Left,58
<_io.BytesIO object at 0x000001FF3FA910E0>,0.4122144281864166,-0.0444050207734108,-0.12591992318630219,173116,26,4,False,Left,Back,Centre,Left,58
<_io.BytesIO object at 0x000001FF3FA913B0>,0.4058099091053009,-0.004390038549900055,-0.10439366102218628,173116,26,4,False,Left,Back,Centre,Left,58
<_io.BytesIO object at 0x000001FF3FA91A40>,0.446682333946228,-0.03749636560678482,-0.15250882506370544,173116,26,4,False,Left,Back,Centre,Left,58
<_io.BytesIO object at 0x000001FF3FA91E00>,0.47491922974586487,-0.08632127940654755,-0.1280480921268463,173116,26,4,False,Left,Back,Centre,Left,58
<_io.BytesIO object at 0x000001FF3FA91C20>,0.5768476724624634,0.1722983717918396,0.199017733335495,173116,26,4,False,Left,Back,Centre,Left,58
<_io.BytesIO object at 0x000001FF3FA919F0>,0.605840802192688,0.15048867464065552,0.22093142569065094,173116,26,4,False,Left,Back,Centre,Left,58
<_io.BytesIO object at 0x000001FF3CC929F0>,0.5590429902076721,0.18127253651618958,0.2856702506542206,173116,26,4,False,Left,Back,Centre,Left,58
<_io.BytesIO object at 0x000001FF3CC92C20>,0.6030879616737366,0.10740925371646881,0.21283459663391113,173116,26,4,False,Left,Back,Centre,Left,58
<_io.BytesIO object at 0x000001FF3CC92EF0>,0.5916844010353088,0.09308809787034988,0.265285462141037,173116,26,4,False,Left,Back,Centre,Left,58
<_io.BytesIO object at 0x000001FF3CCB3C20>,0.4097207188606262,-0.0689912959933281,-0.06180813908576965,173117,26,4,False,Left,Back,Centre,Left,58
<_io.BytesIO object at 0x000001FF3CCB3E00>,0.4122144281864166,-0.0444050207734108,-0.12591992318630219,173117,26,4,False,Left,Back,Centre,Left,58
<_io.BytesIO object at 0x000001FF3CCB3590>,0.4058099091053009,-0.004390038549900055,-0.10439366102218628,173117,26,4,False,Left,Back,Centre,Left,58
<_io.BytesIO object at 0x000001FF3FA71D10>,0.446682333946228,-0.03749636560678482,-0.15250882506370544,173117,26,4,False,Left,Back,Centre,Left,58
<_io.BytesIO object at 0x000001FF3CC6E090>,0.47491922974586487,-0.08632127940654755,-0.1280480921268463,173117,26,4,False,Left,Back,Centre,Left,58
<_io.BytesIO object at 0x000001FF3CC6E630>,0.5768476724624634,0.1722983717918396,0.199017733335495,173117,26,4,False,Left,Back,Centre,Left,58
<_io.BytesIO object at 0x000001FF3CC6E590>,0.605840802192688,0.15048867464065552,0.22093142569065094,173117,26,4,False,Left,Back,Centre,Left,58
<_io.BytesIO object at 0x000001FF3CC6EE00>,0.5590429902076721,0.18127253651618958,0.2856702506542206,173117,26,4,False,Left,Back,Centre,Left,58
<_io.BytesIO object at 0x000001FF3CC6E9A0>,0.6030879616737366,0.10740925371646881,0.21283459663391113,173117,26,4,False,Left,Back,Centre,Left,58
<_io.BytesIO object at 0x000001FF3CC6E360>,0.5916844010353088,0.09308809787034988,0.265285462141037,173117,26,4,False,Left,Back,Centre,Left,58
<_io.BytesIO object at 0x000001FF3FACA540>,0.4097207188606262,-0.0689912959933281,-0.06180813908576965,173118,26,4,False,Left,Back,Centre,Left,58
<_io.BytesIO object at 0x000001FF3FACA130>,0.4122144281864166,-0.0444050207734108,-0.12591992318630219,173118,26,4,False,Left,Back,Centre,Left,58
<_io.BytesIO object at 0x000001FF3CCBC2C0>,0.4058099091053009,-0.004390038549900055,-0.10439366102218628,173118,26,4,False,Left,Back,Centre,Left,58
<_io.BytesIO object at 0x000001FF3CCBC270>,0.446682333946228,-0.03749636560678482,-0.15250882506370544,173118,26,4,False,Left,Back,Centre,Left,58
<_io.BytesIO object at 0x000001FF3CCBC590>,0.47491922974586487,-0.08632127940654755,-0.1280480921268463,173118,26,4,False,Left,Back,Centre,Left,58
<_io.BytesIO object at 0x000001FF3FACACC0>,0.5768476724624634,0.1722983717918396,0.199017733335495,173118,26,4,False,Left,Back,Centre,Left,58
<_io.BytesIO object at 0x000001FF3FACA4F0>,0.605840802192688,0.15048867464065552,0.22093142569065094,173118,26,4,False,Left,Back,Centre,Left,58
<_io.BytesIO object at 0x000001FF3FACAAE0>,0.5590429902076721,0.18127253651618958,0.2856702506542206,173118,26,4,False,Left,Back,Centre,Left,58
<_io.BytesIO object at 0x000001FF3FACAC70>,0.6030879616737366,0.10740925371646881,0.21283459663391113,173118,26,4,False,Left,Back,Centre,Left,58
<_io.BytesIO object at 0x000001FF3FACAA90>,0.5916844010353088,0.09308809787034988,0.265285462141037,173118,26,4,False,Left,Back,Centre,Left,58
<_io.BytesIO object at 0x000001FF3CC6EF40>,0.4097207188606262,-0.0689912959933281,-0.06180813908576965,173119,26,4,False,Left,Back,Centre,Left,58
<_io.BytesIO object at 0x000001FF3CC6E090>,0.4122144281864166,-0.0444050207734108,-0.12591992318630219,173119,26,4,False,Left,Back,Centre,Left,58
<_io.BytesIO object at 0x000001FF3CCB36D0>,0.4058099091053009,-0.004390038549900055,-0.10439366102218628,173119,26,4,False,Left,Back,Centre,Left,58
<_io.BytesIO object at 0x000001FF3CCB3E00>,0.446682333946228,-0.03749636560678482,-0.15250882506370544,173119,26,4,False,Left,Back,Centre,Left,58
<_io.BytesIO object at 0x000001FF3CCB3A90>,0.47491922974586487,-0.08632127940654755,-0.1280480921268463,173119,26,4,False,Left,Back,Centre,Left,58
<_io.BytesIO object at 0x000001FF3CCB3E50>,0.5768476724624634,0.1722983717918396,0.199017733335495,173119,26,4,False,Left,Back,Centre,Left,58
<_io.BytesIO object at 0x000001FF3CCB3D10>,0.605840802192688,0.15048867464065552,0.22093142569065094,173119,26,4,False,Left,Back,Centre,Left,58
<_io.BytesIO object at 0x000001FF3CCB3040>,0.5590429902076721,0.18127253651618958,0.2856702506542206,173119,26,4,False,Left,Back,Centre,Left,58
<_io.BytesIO object at 0x000001FF3CCB32C0>,0.6030879616737366,0.10740925371646881,0.21283459663391113,173119,26,4,False,Left,Back,Centre,Left,58
<_io.BytesIO object at 0x000001FF3CCB3C70>,0.5916844010353088,0.09308809787034988,0.265285462141037,173119,26,4,False,Left,Back,Centre,Left,58
<_io.BytesIO object at 0x000001FF3CC92180>,0.4097207188606262,-0.0689912959933281,-0.06180813908576965,173120,26,4,False,Left,Back,Centre,Left,58
<_io.BytesIO object at 0x000001FF3FA91AE0>,0.4122144281864166,-0.0444050207734108,-0.12591992318630219,173120,26,4,False,Left,Back,Centre,Left,58
<_io.BytesIO object at 0x000001FF3FA913B0>,0.4058099091053009,-0.004390038549900055,-0.10439366102218628,173120,26,4,False,Left,Back,Centre,Left,58
<_io.BytesIO object at 0x000001FF3FA91220>,0.446682333946228,-0.03749636560678482,-0.15250882506370544,173120,26,4,False,Left,Back,Centre,Left,58
<_io.BytesIO object at 0x000001FF3FA91090>,0.47491922974586487,-0.08632127940654755,-0.1280480921268463,173120,26,4,False,Left,Back,Centre,Left,58
<_io.BytesIO object at 0x000001FF380156D0>,0.5768476724624634,0.1722983717918396,0.199017733335495,173120,26,4,False,Left,Back,Centre,Left,58
<_io.BytesIO object at 0x000001FF38015090>,0.605840802192688,0.15048867464065552,0.22093142569065094,173120,26,4,False,Left,Back,Centre,Left,58
<_io.BytesIO object at 0x000001FF3CCB19A0>,0.5590429902076721,0.18127253651618958,0.2856702506542206,173120,26,4,False,Left,Back,Centre,Left,58
<_io.BytesIO object at 0x000001FF3CCB1E00>,0.6030879616737366,0.10740925371646881,0.21283459663391113,173120,26,4,False,Left,Back,Centre,Left,58
<_io.BytesIO object at 0x000001FF3CCB1EF0>,0.5916844010353088,0.09308809787034988,0.265285462141037,173120,26,4,False,Left,Back,Centre,Left,58
<_io.BytesIO object at 0x000001FF3CCAE0E0>,0.4097207188606262,-0.0689912959933281,-0.06180813908576965,173121,26,4,False,Left,Back,Centre,Left,58
<_io.BytesIO object at 0x000001FF3CCAE400>,0.4122144281864166,-0.0444050207734108,-0.12591992318630219,173121,26,4,False,Left,Back,Centre,Left,58
<_io.BytesIO object at 0x000001FF3CCAE360>,0.4058099091053009,-0.004390038549900055,-0.10439366102218628,173121,26,4,False,Left,Back,Centre,Left,58
<_io.BytesIO object at 0x000001FF3CCAEAE0>,0.446682333946228,-0.03749636560678482,-0.15250882506370544,173121,26,4,False,Left,Back,Centre,Left,58
<_io.BytesIO object at 0x000001FF3CCAECC0>,0.47491922974586487,-0.08632127940654755,-0.1280480921268463,173121,26,4,False,Left,Back,Centre,Left,58
<_io.BytesIO object at 0x000001FF3FA9C6D0>,0.5768476724624634,0.1722983717918396,0.199017733335495,173121,26,4,False,Left,Back,Centre,Left,58
<_io.BytesIO object at 0x000001FF3FA9CB30>,0.605840802192688,0.15048867464065552,0.22093142569065094,173121,26,4,False,Left,Back,Centre,Left,58
<_io.BytesIO object at 0x000001FF3FA9C860>,0.5590429902076721,0.18127253651618958,0.2856702506542206,173121,26,4,False,Left,Back,Centre,Left,58
<_io.BytesIO object at 0x000001FF3FA9CDB0>,0.6030879616737366,0.10740925371646881,0.21283459663391113,173121,26,4,False,Left,Back,Centre,Left,58
<_io.BytesIO object at 0x000001FF3FA9C130>,0.5916844010353088,0.09308809787034988,0.265285462141037,173121,26,4,False,Left,Back,Centre,Left,58
<_io.BytesIO object at 0x000001FF3CC061D0>,0.4097207188606262,-0.0689912959933281,-0.06180813908576965,173122,26,4,False,Left,Back,Centre,Left,58
<_io.BytesIO object at 0x000001FF3CC06630>,0.4122144281864166,-0.0444050207734108,-0.12591992318630219,173122,26,4,False,Left,Back,Centre,Left,58
<_io.BytesIO object at 0x000001FF3CC5C9A0>,0.4058099091053009,-0.004390038549900055,-0.10439366102218628,173122,26,4,False,Left,Back,Centre,Left,58
<_io.BytesIO object at 0x000001FF3CC5CF40>,0.446682333946228,-0.03749636560678482,-0.15250882506370544,173122,26,4,False,Left,Back,Centre,Left,58
<_io.BytesIO object at 0x000001FF3CC5C180>,0.47491922974586487,-0.08632127940654755,-0.1280480921268463,173122,26,4,False,Left,Back,Centre,Left,58
<_io.BytesIO object at 0x000001FF3CC5C130>,0.5768476724624634,0.1722983717918396,0.199017733335495,173122,26,4,False,Left,Back,Centre,Left,58
<_io.BytesIO object at 0x000001FF3CC5CDB0>,0.605840802192688,0.15048867464065552,0.22093142569065094,173122,26,4,False,Left,Back,Centre,Left,58
<_io.BytesIO object at 0x000001FF3CC5CE00>,0.5590429902076721,0.18127253651618958,0.2856702506542206,173122,26,4,False,Left,Back,Centre,Left,58
<_io.BytesIO object at 0x000001FF3CCBC270>,0.6030879616737366,0.10740925371646881,0.21283459663391113,173122,26,4,False,Left,Back,Centre,Left,58
<_io.BytesIO object at 0x000001FF3CCBC310>,0.5916844010353088,0.09308809787034988,0.265285462141037,173122,26,4,False,Left,Back,Centre,Left,58
<_io.BytesIO object at 0x000001FF3FC26D10>,0.4097207188606262,-0.0689912959933281,-0.06180813908576965,173123,26,4,False,Left,Back,Centre,Left,58
<_io.BytesIO object at 0x000001FF3FC26A40>,0.4122144281864166,-0.0444050207734108,-0.12591992318630219,173123,26,4,False,Left,Back,Centre,Left,58
<_io.BytesIO object at 0x000001FF3FA9C450>,0.4058099091053009,-0.004390038549900055,-0.10439366102218628,173123,26,4,False,Left,Back,Centre,Left,58
<_io.BytesIO object at 0x000001FF3FA9C5E0>,0.446682333946228,-0.03749636560678482,-0.15250882506370544,173123,26,4,False,Left,Back,Centre,Left,58
<_io.BytesIO object at 0x000001FF3FA9CB80>,0.47491922974586487,-0.08632127940654755,-0.1280480921268463,173123,26,4,False,Left,Back,Centre,Left,58
<_io.BytesIO object at 0x000001FF3FA9CCC0>,0.5768476724624634,0.1722983717918396,0.199017733335495,173123,26,4,False,Left,Back,Centre,Left,58
<_io.BytesIO object at 0x000001FF3FA9C680>,0.605840802192688,0.15048867464065552,0.22093142569065094,173123,26,4,False,Left,Back,Centre,Left,58
<_io.BytesIO object at 0x000001FF3FA9CD10>,0.5590429902076721,0.18127253651618958,0.2856702506542206,173123,26,4,False,Left,Back,Centre,Left,58
<_io.BytesIO object at 0x000001FF3FA9CB30>,0.6030879616737366,0.10740925371646881,0.21283459663391113,173123,26,4,False,Left,Back,Centre,Left,58
<_io.BytesIO object at 0x000001FF3FA9CA40>,0.5916844010353088,0.09308809787034988,0.265285462141037,173123,26,4,False,Left,Back,Centre,Left,58
<_io.BytesIO object at 0x000001FF3CCBA220>,0.4097207188606262,-0.0689912959933281,-0.06180813908576965,173124,26,4,False,Left,Back,Centre,Left,58
<_io.BytesIO object at 0x000001FF3CCBABD0>,0.4122144281864166,-0.0444050207734108,-0.12591992318630219,173124,26,4,False,Left,Back,Centre,Left,58
<_io.BytesIO object at 0x000001FF3CCB1B80>,0.4058099091053009,-0.004390038549900055,-0.10439366102218628,173124,26,4,False,Left,Back,Centre,Left,58
<_io.BytesIO object at 0x000001FF3CCB1180>,0.446682333946228,-0.03749636560678482,-0.15250882506370544,173124,26,4,False,Left,Back,Centre,Left,58
<_io.BytesIO object at 0x000001FF3CCB1C20>,0.47491922974586487,-0.08632127940654755,-0.1280480921268463,173124,26,4,False,Left,Back,Centre,Left,58
<_io.BytesIO object at 0x000001FF3CCB1A40>,0.5768476724624634,0.1722983717918396,0.199017733335495,173124,26,4,False,Left,Back,Centre,Left,58
<_io.BytesIO object at 0x000001FF3CCB1E00>,0.605840802192688,0.15048867464065552,0.22093142569065094,173124,26,4,False,Left,Back,Centre,Left,58
<_io.BytesIO object at 0x000001FF3CCB13B0>,0.5590429902076721,0.18127253651618958,0.2856702506542206,173124,26,4,False,Left,Back,Centre,Left,58
<_io.BytesIO object at 0x000001FF38015090>,0.6030879616737366,0.10740925371646881,0.21283459663391113,173124,26,4,False,Left,Back,Centre,Left,58
<_io.BytesIO object at 0x000001FF38015400>,0.5916844010353088,0.09308809787034988,0.265285462141037,173124,26,4,False,Left,Back,Centre,Left,58
<_io.BytesIO object at 0x000001FF3CC924F0>,0.4097207188606262,-0.0689912959933281,-0.06180813908576965,173125,26,4,False,Left,Back,Centre,Left,58
<_io.BytesIO object at 0x000001FF3CC5A7C0>,0.4122144281864166,-0.0444050207734108,-0.12591992318630219,173125,26,4,False,Left,Back,Centre,Left,58
<_io.BytesIO object at 0x000001FF3CC5AA90>,0.4058099091053009,-0.004390038549900055,-0.10439366102218628,173125,26,4,False,Left,Back,Centre,Left,58
<_io.BytesIO object at 0x000001FF3CC5A680>,0.446682333946228,-0.03749636560678482,-0.15250882506370544,173125,26,4,False,Left,Back,Centre,Left,58
<_io.BytesIO object at 0x000001FF3CC5A5E0>,0.47491922974586487,-0.08632127940654755,-0.1280480921268463,173125,26,4,False,Left,Back,Centre,Left,58
<_io.BytesIO object at 0x000001FF3CCB3770>,0.5768476724624634,0.1722983717918396,0.199017733335495,173125,26,4,False,Left,Back,Centre,Left,58
<_io.BytesIO object at 0x000001FF3CCB3860>,0.605840802192688,0.15048867464065552,0.22093142569065094,173125,26,4,False,Left,Back,Centre,Left,58
<_io.BytesIO object at 0x000001FF3CCB32C0>,0.5590429902076721,0.18127253651618958,0.2856702506542206,173125,26,4,False,Left,Back,Centre,Left,58
<_io.BytesIO object at 0x000001FF3CCB38B0>,0.6030879616737366,0.10740925371646881,0.21283459663391113,173125,26,4,False,Left,Back,Centre,Left,58
<_io.BytesIO object at 0x000001FF3CCB3CC0>,0.5916844010353088,0.09308809787034988,0.265285462141037,173125,26,4,False,Left,Back,Centre,Left,58
<_io.BytesIO object at 0x000001FF3CBFAAE0>,0.4097207188606262,-0.0689912959933281,-0.06180813908576965,173126,26,4,False,Left,Back,Centre,Left,58
<_io.BytesIO object at 0x000001FF3CBFA1D0>,0.4122144281864166,-0.0444050207734108,-0.12591992318630219,173126,26,4,False,Left,Back,Centre,Left,58
<_io.BytesIO object at 0x000001FF3CBFA810>,0.4058099091053009,-0.004390038549900055,-0.10439366102218628,173126,26,4,False,Left,Back,Centre,Left,58
<_io.BytesIO object at 0x000001FF3CBFAC70>,0.446682333946228,-0.03749636560678482,-0.15250882506370544,173126,26,4,False,Left,Back,Centre,Left,58
<_io.BytesIO object at 0x000001FF3FACAD10>,0.47491922974586487,-0.08632127940654755,-0.1280480921268463,173126,26,4,False,Left,Back,Centre,Left,58
<_io.BytesIO object at 0x000001FF3FACA900>,0.5768476724624634,0.1722983717918396,0.199017733335495,173126,26,4,False,Left,Back,Centre,Left,58
<_io.BytesIO object at 0x000001FF3FACAEA0>,0.605840802192688,0.15048867464065552,0.22093142569065094,173126,26,4,False,Left,Back,Centre,Left,58
<_io.BytesIO object at 0x000001FF3FACA400>,0.5590429902076721,0.18127253651618958,0.2856702506542206,173126,26,4,False,Left,Back,Centre,Left,58
<_io.BytesIO object at 0x000001FF3FACA4A0>,0.6030879616737366,0.10740925371646881,0.21283459663391113,173126,26,4,False,Left,Back,Centre,Left,58
<_io.BytesIO object at 0x000001FF3FACA360>,0.5916844010353088,0.09308809787034988,0.265285462141037,173126,26,4,False,Left,Back,Centre,Left,58
<_io.BytesIO object at 0x000001FF3CBFA900>,0.4097207188606262,-0.0689912959933281,-0.06180813908576965,173127,26,4,False,Left,Back,Centre,Left,58
<_io.BytesIO object at 0x000001FF3CBFA860>,0.4122144281864166,-0.0444050207734108,-0.12591992318630219,173127,26,4,False,Left,Back,Centre,Left,58
<_io.BytesIO object at 0x000001FF3CC6EE50>,0.4058099091053009,-0.004390038549900055,-0.10439366102218628,173127,26,4,False,Left,Back,Centre,Left,58
<_io.BytesIO object at 0x000001FF3CC6E4F0>,0.446682333946228,-0.03749636560678482,-0.15250882506370544,173127,26,4,False,Left,Back,Centre,Left,58
<_io.BytesIO object at 0x000001FF3CC6E5E0>,0.47491922974586487,-0.08632127940654755,-0.1280480921268463,173127,26,4,False,Left,Back,Centre,Left,58
<_io.BytesIO object at 0x000001FF3CC6E310>,0.5768476724624634,0.1722983717918396,0.199017733335495,173127,26,4,False,Left,Back,Centre,Left,58
<_io.BytesIO object at 0x000001FF3CC6E270>,0.605840802192688,0.15048867464065552,0.22093142569065094,173127,26,4,False,Left,Back,Centre,Left,58
<_io.BytesIO object at 0x000001FF3CC6EC20>,0.5590429902076721,0.18127253651618958,0.2856702506542206,173127,26,4,False,Left,Back,Centre,Left,58
<_io.BytesIO object at 0x000001FF3FA71F90>,0.6030879616737366,0.10740925371646881,0.21283459663391113,173127,26,4,False,Left,Back,Centre,Left,58
<_io.BytesIO object at 0x000001FF3CCB3720>,0.5916844010353088,0.09308809787034988,0.265285462141037,173127,26,4,False,Left,Back,Centre,Left,58
<_io.BytesIO object at 0x000001FF3CC5A310>,0.4097207188606262,-0.0689912959933281,-0.06180813908576965,173128,26,4,False,Left,Back,Centre,Left,58
<_io.BytesIO object at 0x000001FF3CC92130>,0.4122144281864166,-0.0444050207734108,-0.12591992318630219,173128,26,4,False,Left,Back,Centre,Left,58
<_io.BytesIO object at 0x000001FF3CC92630>,0.4058099091053009,-0.004390038549900055,-0.10439366102218628,173128,26,4,False,Left,Back,Centre,Left,58
<_io.BytesIO object at 0x000001FF3CC92CC0>,0.446682333946228,-0.03749636560678482,-0.15250882506370544,173128,26,4,False,Left,Back,Centre,Left,58
<_io.BytesIO object at 0x000001FF3CC92F90>,0.47491922974586487,-0.08632127940654755,-0.1280480921268463,173128,26,4,False,Left,Back,Centre,Left,58
<_io.BytesIO object at 0x000001FF3CC92180>,0.5768476724624634,0.1722983717918396,0.199017733335495,173128,26,4,False,Left,Back,Centre,Left,58
<_io.BytesIO object at 0x000001FF3FA91360>,0.605840802192688,0.15048867464065552,0.22093142569065094,173128,26,4,False,Left,Back,Centre,Left,58
<_io.BytesIO object at 0x000001FF3FA91EF0>,0.5590429902076721,0.18127253651618958,0.2856702506542206,173128,26,4,False,Left,Back,Centre,Left,58
<_io.BytesIO object at 0x000001FF3FA91180>,0.6030879616737366,0.10740925371646881,0.21283459663391113,173128,26,4,False,Left,Back,Centre,Left,58
<_io.BytesIO object at 0x000001FF3FA91AE0>,0.5916844010353088,0.09308809787034988,0.265285462141037,173128,26,4,False,Left,Back,Centre,Left,58
<_io.BytesIO object at 0x000001FF3CCBA540>,0.4097207188606262,-0.0689912959933281,-0.06180813908576965,173129,26,4,False,Left,Back,Centre,Left,58
<_io.BytesIO object at 0x000001FF3CCBACC0>,0.4122144281864166,-0.0444050207734108,-0.12591992318630219,173129,26,4,False,Left,Back,Centre,Left,58
<_io.BytesIO object at 0x000001FF3CCBAEA0>,0.4058099091053009,-0.004390038549900055,-0.10439366102218628,173129,26,4,False,Left,Back,Centre,Left,58
<_io.BytesIO object at 0x000001FF3CCBA770>,0.446682333946228,-0.03749636560678482,-0.15250882506370544,173129,26,4,False,Left,Back,Centre,Left,58
<_io.BytesIO object at 0x000001FF3CCBA9A0>,0.47491922974586487,-0.08632127940654755,-0.1280480921268463,173129,26,4,False,Left,Back,Centre,Left,58
<_io.BytesIO object at 0x000001FF3CCAE5E0>,0.5768476724624634,0.1722983717918396,0.199017733335495,173129,26,4,False,Left,Back,Centre,Left,58
<_io.BytesIO object at 0x000001FF3CCAEA40>,0.605840802192688,0.15048867464065552,0.22093142569065094,173129,26,4,False,Left,Back,Centre,Left,58
<_io.BytesIO object at 0x000001FF3CCAE270>,0.5590429902076721,0.18127253651618958,0.2856702506542206,173129,26,4,False,Left,Back,Centre,Left,58
<_io.BytesIO object at 0x000001FF3CCAE0E0>,0.6030879616737366,0.10740925371646881,0.21283459663391113,173129,26,4,False,Left,Back,Centre,Left,58
<_io.BytesIO object at 0x000001FF3CCAE8B0>,0.5916844010353088,0.09308809787034988,0.265285462141037,173129,26,4,False,Left,Back,Centre,Left,58
<_io.BytesIO object at 0x000001FF3FA9CD10>,0.4097207188606262,-0.0689912959933281,-0.06180813908576965,173130,26,4,False,Left,Back,Centre,Left,58
<_io.BytesIO object at 0x000001FF3FA9CF90>,0.4122144281864166,-0.0444050207734108,-0.12591992318630219,173130,26,4,False,Left,Back,Centre,Left,58
<_io.BytesIO object at 0x000001FF3FA9C400>,0.4058099091053009,-0.004390038549900055,-0.10439366102218628,173130,26,4,False,Left,Back,Centre,Left,58
<_io.BytesIO object at 0x000001FF3CC06770>,0.446682333946228,-0.03749636560678482,-0.15250882506370544,173130,26,4,False,Left,Back,Centre,Left,58
<_io.BytesIO object at 0x000001FF3CC06A90>,0.47491922974586487,-0.08632127940654755,-0.1280480921268463,173130,26,4,False,Left,Back,Centre,Left,58
<_io.BytesIO object at 0x000001FF3CC06E50>,0.5768476724624634,0.1722983717918396,0.199017733335495,173130,26,4,False,Left,Back,Centre,Left,58
<_io.BytesIO object at 0x000001FF3CC06EA0>,0.605840802192688,0.15048867464065552,0.22093142569065094,173130,26,4,False,Left,Back,Centre,Left,58
<_io.BytesIO object at 0x000001FF3CC06130>,0.5590429902076721,0.18127253651618958,0.2856702506542206,173130,26,4,False,Left,Back,Centre,Left,58
<_io.BytesIO object at 0x000001FF3CC064A0>,0.6030879616737366,0.10740925371646881,0.21283459663391113,173130,26,4,False,Left,Back,Centre,Left,58
<_io.BytesIO object at 0x000001FF3CC5CF40>,0.5916844010353088,0.09308809787034988,0.265285462141037,173130,26,4,False,Left,Back,Centre,Left,58
<_io.BytesIO object at 0x000001FF3CCBAD60>,0.4097207188606262,-0.0689912959933281,-0.06180813908576965,173131,26,4,False,Left,Back,Centre,Left,58
<_io.BytesIO object at 0x000001FF3CCBAF90>,0.4122144281864166,-0.0444050207734108,-0.12591992318630219,173131,26,4,False,Left,Back,Centre,Left,58
<_io.BytesIO object at 0x000001FF38015220>,0.4058099091053009,-0.004390038549900055,-0.10439366102218628,173131,26,4,False,Left,Back,Centre,Left,58
<_io.BytesIO object at 0x000001FF3FA918B0>,0.446682333946228,-0.03749636560678482,-0.15250882506370544,173131,26,4,False,Left,Back,Centre,Left,58
<_io.BytesIO object at 0x000001FF3FA91810>,0.47491922974586487,-0.08632127940654755,-0.1280480921268463,173131,26,4,False,Left,Back,Centre,Left,58
<_io.BytesIO object at 0x000001FF3FA91E00>,0.5768476724624634,0.1722983717918396,0.199017733335495,173131,26,4,False,Left,Back,Centre,Left,58
<_io.BytesIO object at 0x000001FF3FA91540>,0.605840802192688,0.15048867464065552,0.22093142569065094,173131,26,4,False,Left,Back,Centre,Left,58
<_io.BytesIO object at 0x000001FF3FA914A0>,0.5590429902076721,0.18127253651618958,0.2856702506542206,173131,26,4,False,Left,Back,Centre,Left,58
<_io.BytesIO object at 0x000001FF3FA91EF0>,0.6030879616737366,0.10740925371646881,0.21283459663391113,173131,26,4,False,Left,Back,Centre,Left,58
<_io.BytesIO object at 0x000001FF3FA91B80>,0.5916844010353088,0.09308809787034988,0.265285462141037,173131,26,4,False,Left,Back,Centre,Left,58
<_io.BytesIO object at 0x000001FF3CC5AD10>,0.4097207188606262,-0.0689912959933281,-0.06180813908576965,173132,26,4,False,Left,Back,Centre,Left,58
<_io.BytesIO object at 0x000001FF3CBFA590>,0.4122144281864166,-0.0444050207734108,-0.12591992318630219,173132,26,4,False,Left,Back,Centre,Left,58
<_io.BytesIO object at 0x000001FF3CBFADB0>,0.4058099091053009,-0.004390038549900055,-0.10439366102218628,173132,26,4,False,Left,Back,Centre,Left,58
<_io.BytesIO object at 0x000001FF3CBFAEF0>,0.446682333946228,-0.03749636560678482,-0.15250882506370544,173132,26,4,False,Left,Back,Centre,Left,58
<_io.BytesIO object at 0x000001FF3CBFABD0>,0.47491922974586487,-0.08632127940654755,-0.1280480921268463,173132,26,4,False,Left,Back,Centre,Left,58
<_io.BytesIO object at 0x000001FF3CBFA4A0>,0.5768476724624634,0.1722983717918396,0.199017733335495,173132,26,4,False,Left,Back,Centre,Left,58
<_io.BytesIO object at 0x000001FF3CBFAEA0>,0.605840802192688,0.15048867464065552,0.22093142569065094,173132,26,4,False,Left,Back,Centre,Left,58
<_io.BytesIO object at 0x000001FF3CCB3680>,0.5590429902076721,0.18127253651618958,0.2856702506542206,173132,26,4,False,Left,Back,Centre,Left,58
<_io.BytesIO object at 0x000001FF3CCB37C0>,0.6030879616737366,0.10740925371646881,0.21283459663391113,173132,26,4,False,Left,Back,Centre,Left,58
<_io.BytesIO object at 0x000001FF3CCB32C0>,0.5916844010353088,0.09308809787034988,0.265285462141037,173132,26,4,False,Left,Back,Centre,Left,58
<_io.BytesIO object at 0x000001FF3FACAB80>,0.4097207188606262,-0.0689912959933281,-0.06180813908576965,173133,26,4,False,Left,Back,Centre,Left,58
<_io.BytesIO object at 0x000001FF3CCB1310>,0.4122144281864166,-0.0444050207734108,-0.12591992318630219,173133,26,4,False,Left,Back,Centre,Left,58
<_io.BytesIO object at 0x000001FF3CCB1CC0>,0.4058099091053009,-0.004390038549900055,-0.10439366102218628,173133,26,4,False,Left,Back,Centre,Left,58
<_io.BytesIO object at 0x000001FF3CCB13B0>,0.446682333946228,-0.03749636560678482,-0.15250882506370544,173133,26,4,False,Left,Back,Centre,Left,58
<_io.BytesIO object at 0x000001FF3CCB14A0>,0.47491922974586487,-0.08632127940654755,-0.1280480921268463,173133,26,4,False,Left,Back,Centre,Left,58
<_io.BytesIO object at 0x000001FF3FA9C400>,0.5768476724624634,0.1722983717918396,0.199017733335495,173133,26,4,False,Left,Back,Centre,Left,58
<_io.BytesIO object at 0x000001FF3FA9CBD0>,0.605840802192688,0.15048867464065552,0.22093142569065094,173133,26,4,False,Left,Back,Centre,Left,58
<_io.BytesIO object at 0x000001FF3FA9C590>,0.5590429902076721,0.18127253651618958,0.2856702506542206,173133,26,4,False,Left,Back,Centre,Left,58
<_io.BytesIO object at 0x000001FF3FA9C130>,0.6030879616737366,0.10740925371646881,0.21283459663391113,173133,26,4,False,Left,Back,Centre,Left,58
<_io.BytesIO object at 0x000001FF3FA9C040>,0.5916844010353088,0.09308809787034988,0.265285462141037,173133,26,4,False,Left,Back,Centre,Left,58
<_io.BytesIO object at 0x000001FF3CCAED10>,0.4097207188606262,-0.0689912959933281,-0.06180813908576965,173134,26,4,False,Left,Back,Centre,Left,58
<_io.BytesIO object at 0x000001FF3CCAEBD0>,0.4122144281864166,-0.0444050207734108,-0.12591992318630219,173134,26,4,False,Left,Back,Centre,Left,58
<_io.BytesIO object at 0x000001FF3CCAEC20>,0.4058099091053009,-0.004390038549900055,-0.10439366102218628,173134,26,4,False,Left,Back,Centre,Left,58
<_io.BytesIO object at 0x000001FF3CCAE9A0>,0.446682333946228,-0.03749636560678482,-0.15250882506370544,173134,26,4,False,Left,Back,Centre,Left,58
<_io.BytesIO object at 0x000001FF3CC06EF0>,0.47491922974586487,-0.08632127940654755,-0.1280480921268463,173134,26,4,False,Left,Back,Centre,Left,58
<_io.BytesIO object at 0x000001FF3CC06F40>,0.5768476724624634,0.1722983717918396,0.199017733335495,173134,26,4,False,Left,Back,Centre,Left,58
<_io.BytesIO object at 0x000001FF3CC06DB0>,0.605840802192688,0.15048867464065552,0.22093142569065094,173134,26,4,False,Left,Back,Centre,Left,58
<_io.BytesIO object at 0x000001FF3CC06040>,0.5590429902076721,0.18127253651618958,0.2856702506542206,173134,26,4,False,Left,Back,Centre,Left,58
<_io.BytesIO object at 0x000001FF3CC06540>,0.6030879616737366,0.10740925371646881,0.21283459663391113,173134,26,4,False,Left,Back,Centre,Left,58
<_io.BytesIO object at 0x000001FF3CC06860>,0.5916844010353088,0.09308809787034988,0.265285462141037,173134,26,4,False,Left,Back,Centre,Left,58
<_io.BytesIO object at 0x000001FF3CC6E4A0>,0.4097207188606262,-0.0689912959933281,-0.06180813908576965,173135,26,4,False,Left,Back,Centre,Left,58
<_io.BytesIO object at 0x000001FF3CC6E220>,0.4122144281864166,-0.0444050207734108,-0.12591992318630219,173135,26,4,False,Left,Back,Centre,Left,58
<_io.BytesIO object at 0x000001FF3FA9C220>,0.4058099091053009,-0.004390038549900055,-0.10439366102218628,173135,26,4,False,Left,Back,Centre,Left,58
<_io.BytesIO object at 0x000001FF3FA9C810>,0.446682333946228,-0.03749636560678482,-0.15250882506370544,173135,26,4,False,Left,Back,Centre,Left,58
<_io.BytesIO object at 0x000001FF3FA9C040>,0.47491922974586487,-0.08632127940654755,-0.1280480921268463,173135,26,4,False,Left,Back,Centre,Left,58
<_io.BytesIO object at 0x000001FF3FA9C3B0>,0.5768476724624634,0.1722983717918396,0.199017733335495,173135,26,4,False,Left,Back,Centre,Left,58
<_io.BytesIO object at 0x000001FF3FA9C900>,0.605840802192688,0.15048867464065552,0.22093142569065094,173135,26,4,False,Left,Back,Centre,Left,58
<_io.BytesIO object at 0x000001FF3FA9CE50>,0.5590429902076721,0.18127253651618958,0.2856702506542206,173135,26,4,False,Left,Back,Centre,Left,58
<_io.BytesIO object at 0x000001FF3FA9CD10>,0.6030879616737366,0.10740925371646881,0.21283459663391113,173135,26,4,False,Left,Back,Centre,Left,58
<_io.BytesIO object at 0x000001FF3CCB14A0>,0.5916844010353088,0.09308809787034988,0.265285462141037,173135,26,4,False,Left,Back,Centre,Left,58
<_io.BytesIO object at 0x000001FF3FACAEA0>,0.4097207188606262,-0.0689912959933281,-0.06180813908576965,173136,26,4,False,Left,Back,Centre,Left,58
<_io.BytesIO object at 0x000001FF3CCB3E50>,0.4122144281864166,-0.0444050207734108,-0.12591992318630219,173136,26,4,False,Left,Back,Centre,Left,58
<_io.BytesIO object at 0x000001FF3CCB3A90>,0.4058099091053009,-0.004390038549900055,-0.10439366102218628,173136,26,4,False,Left,Back,Centre,Left,58
<_io.BytesIO object at 0x000001FF3CCB38B0>,0.446682333946228,-0.03749636560678482,-0.15250882506370544,173136,26,4,False,Left,Back,Centre,Left,58
<_io.BytesIO object at 0x000001FF3CCB3950>,0.47491922974586487,-0.08632127940654755,-0.1280480921268463,173136,26,4,False,Left,Back,Centre,Left,58
<_io.BytesIO object at 0x000001FF3CCB3770>,0.5768476724624634,0.1722983717918396,0.199017733335495,173136,26,4,False,Left,Back,Centre,Left,58
<_io.BytesIO object at 0x000001FF3CBFA450>,0.605840802192688,0.15048867464065552,0.22093142569065094,173136,26,4,False,Left,Back,Centre,Left,58
<_io.BytesIO object at 0x000001FF3CBFA5E0>,0.5590429902076721,0.18127253651618958,0.2856702506542206,173136,26,4,False,Left,Back,Centre,Left,58
<_io.BytesIO object at 0x000001FF3CBFA310>,0.6030879616737366,0.10740925371646881,0.21283459663391113,173136,26,4,False,Left,Back,Centre,Left,58
<_io.BytesIO object at 0x000001FF3CBFA0E0>,0.5916844010353088,0.09308809787034988,0.265285462141037,173136,26,4,False,Left,Back,Centre,Left,58
<_io.BytesIO object at 0x000001FF3CC92EA0>,0.4097207188606262,-0.0689912959933281,-0.06180813908576965,173137,26,4,False,Left,Back,Centre,Left,58
<_io.BytesIO object at 0x000001FF3CC92630>,0.4122144281864166,-0.0444050207734108,-0.12591992318630219,173137,26,4,False,Left,Back,Centre,Left,58
<_io.BytesIO object at 0x000001FF3CC92F40>,0.4058099091053009,-0.004390038549900055,-0.10439366102218628,173137,26,4,False,Left,Back,Centre,Left,58
<_io.BytesIO object at 0x000001FF3FA912C0>,0.446682333946228,-0.03749636560678482,-0.15250882506370544,173137,26,4,False,Left,Back,Centre,Left,58
<_io.BytesIO object at 0x000001FF3FA91270>,0.47491922974586487,-0.08632127940654755,-0.1280480921268463,173137,26,4,False,Left,Back,Centre,Left,58
<_io.BytesIO object at 0x000001FF3FA91EF0>,0.5768476724624634,0.1722983717918396,0.199017733335495,173137,26,4,False,Left,Back,Centre,Left,58
<_io.BytesIO object at 0x000001FF3FA91180>,0.605840802192688,0.15048867464065552,0.22093142569065094,173137,26,4,False,Left,Back,Centre,Left,58
<_io.BytesIO object at 0x000001FF3FA913B0>,0.5590429902076721,0.18127253651618958,0.2856702506542206,173137,26,4,False,Left,Back,Centre,Left,58
<_io.BytesIO object at 0x000001FF3FA91090>,0.6030879616737366,0.10740925371646881,0.21283459663391113,173137,26,4,False,Left,Back,Centre,Left,58
<_io.BytesIO object at 0x000001FF3FA91EA0>,0.5916844010353088,0.09308809787034988,0.265285462141037,173137,26,4,False,Left,Back,Centre,Left,58
<_io.BytesIO object at 0x000001FF3FC26F90>,0.4097207188606262,-0.0689912959933281,-0.06180813908576965,173138,26,4,False,Left,Back,Centre,Left,58
<_io.BytesIO object at 0x000001FF3FC267C0>,0.4122144281864166,-0.0444050207734108,-0.12591992318630219,173138,26,4,False,Left,Back,Centre,Left,58
<_io.BytesIO object at 0x000001FF3FC26270>,0.4058099091053009,-0.004390038549900055,-0.10439366102218628,173138,26,4,False,Left,Back,Centre,Left,58
<_io.BytesIO object at 0x000001FF3CC5C0E0>,0.446682333946228,-0.03749636560678482,-0.15250882506370544,173138,26,4,False,Left,Back,Centre,Left,58
<_io.BytesIO object at 0x000001FF3CC5C860>,0.47491922974586487,-0.08632127940654755,-0.1280480921268463,173138,26,4,False,Left,Back,Centre,Left,58
<_io.BytesIO object at 0x000001FF3CC5C720>,0.5768476724624634,0.1722983717918396,0.199017733335495,173138,26,4,False,Left,Back,Centre,Left,58
<_io.BytesIO object at 0x000001FF3CC5CEF0>,0.605840802192688,0.15048867464065552,0.22093142569065094,173138,26,4,False,Left,Back,Centre,Left,58
<_io.BytesIO object at 0x000001FF3CC5C2C0>,0.5590429902076721,0.18127253651618958,0.2856702506542206,173138,26,4,False,Left,Back,Centre,Left,58
<_io.BytesIO object at 0x000001FF3CC5C590>,0.6030879616737366,0.10740925371646881,0.21283459663391113,173138,26,4,False,Left,Back,Centre,Left,58
<_io.BytesIO object at 0x000001FF3CC5CD10>,0.5916844010353088,0.09308809787034988,0.265285462141037,173138,26,4,False,Left,Back,Centre,Left,58
<_io.BytesIO object at 0x000001FF3FC26220>,0.4097207188606262,-0.0689912959933281,-0.06180813908576965,173139,26,4,False,Left,Back,Centre,Left,58
<_io.BytesIO object at 0x000001FF3FC26810>,0.4122144281864166,-0.0444050207734108,-0.12591992318630219,173139,26,4,False,Left,Back,Centre,Left,58
<_io.BytesIO object at 0x000001FF3CCBA8B0>,0.4058099091053009,-0.004390038549900055,-0.10439366102218628,173139,26,4,False,Left,Back,Centre,Left,58
<_io.BytesIO object at 0x000001FF3CCBA4A0>,0.446682333946228,-0.03749636560678482,-0.15250882506370544,173139,26,4,False,Left,Back,Centre,Left,58
<_io.BytesIO object at 0x000001FF3CCBA450>,0.47491922974586487,-0.08632127940654755,-0.1280480921268463,173139,26,4,False,Left,Back,Centre,Left,58
<_io.BytesIO object at 0x000001FF3CCBA5E0>,0.5768476724624634,0.1722983717918396,0.199017733335495,173139,26,4,False,Left,Back,Centre,Left,58
<_io.BytesIO object at 0x000001FF3CCBA590>,0.605840802192688,0.15048867464065552,0.22093142569065094,173139,26,4,False,Left,Back,Centre,Left,58
<_io.BytesIO object at 0x000001FF3CCBA540>,0.5590429902076721,0.18127253651618958,0.2856702506542206,173139,26,4,False,Left,Back,Centre,Left,58
<_io.BytesIO object at 0x000001FF38015590>,0.6030879616737366,0.10740925371646881,0.21283459663391113,173139,26,4,False,Left,Back,Centre,Left,58
<_io.BytesIO object at 0x000001FF38015220>,0.5916844010353088,0.09308809787034988,0.265285462141037,173139,26,4,False,Left,Back,Centre,Left,58
<_io.BytesIO object at 0x000001FF3CC92770>,0.4097207188606262,-0.0689912959933281,-0.06180813908576965,173140,26,4,False,Left,Back,Centre,Left,58
<_io.BytesIO object at 0x000001FF3CC5A270>,0.4122144281864166,-0.0444050207734108,-0.12591992318630219,173140,26,4,False,Left,Back,Centre,Left,58
<_io.BytesIO object at 0x000001FF3CC5A090>,0.4058099091053009,-0.004390038549900055,-0.10439366102218628,173140,26,4,False,Left,Back,Centre,Left,58
<_io.BytesIO object at 0x000001FF3CC5AEA0>,0.446682333946228,-0.03749636560678482,-0.15250882506370544,173140,26,4,False,Left,Back,Centre,Left,58
<_io.BytesIO object at 0x000001FF3CC5AAE0>,0.47491922974586487,-0.08632127940654755,-0.1280480921268463,173140,26,4,False,Left,Back,Centre,Left,58
<_io.BytesIO object at 0x000001FF3CC5A810>,0.5768476724624634,0.1722983717918396,0.199017733335495,173140,26,4,False,Left,Back,Centre,Left,58
<_io.BytesIO object at 0x000001FF3CBFA270>,0.605840802192688,0.15048867464065552,0.22093142569065094,173140,26,4,False,Left,Back,Centre,Left,58
<_io.BytesIO object at 0x000001FF3CBFAE00>,0.5590429902076721,0.18127253651618958,0.2856702506542206,173140,26,4,False,Left,Back,Centre,Left,58
<_io.BytesIO object at 0x000001FF3CBFAA90>,0.6030879616737366,0.10740925371646881,0.21283459663391113,173140,26,4,False,Left,Back,Centre,Left,58
<_io.BytesIO object at 0x000001FF3CBFA8B0>,0.5916844010353088,0.09308809787034988,0.265285462141037,173140,26,4,False,Left,Back,Centre,Left,58
<_io.BytesIO object at 0x000001FF3FACA720>,0.4097207188606262,-0.0689912959933281,-0.06180813908576965,173141,26,4,False,Left,Back,Centre,Left,58
<_io.BytesIO object at 0x000001FF3FACA2C0>,0.4122144281864166,-0.0444050207734108,-0.12591992318630219,173141,26,4,False,Left,Back,Centre,Left,58
<_io.BytesIO object at 0x000001FF3FACA4F0>,0.4058099091053009,-0.004390038549900055,-0.10439366102218628,173141,26,4,False,Left,Back,Centre,Left,58
<_io.BytesIO object at 0x000001FF3FACAF40>,0.446682333946228,-0.03749636560678482,-0.15250882506370544,173141,26,4,False,Left,Back,Centre,Left,58
<_io.BytesIO object at 0x000001FF3CCB1090>,0.47491922974586487,-0.08632127940654755,-0.1280480921268463,173141,26,4,False,Left,Back,Centre,Left,58
<_io.BytesIO object at 0x000001FF3CCB10E0>,0.5768476724624634,0.1722983717918396,0.199017733335495,173141,26,4,False,Left,Back,Centre,Left,58
<_io.BytesIO object at 0x000001FF3CCB1AE0>,0.605840802192688,0.15048867464065552,0.22093142569065094,173141,26,4,False,Left,Back,Centre,Left,58
<_io.BytesIO object at 0x000001FF3CCB1130>,0.5590429902076721,0.18127253651618958,0.2856702506542206,173141,26,4,False,Left,Back,Centre,Left,58
<_io.BytesIO object at 0x000001FF3CCB1C20>,0.6030879616737366,0.10740925371646881,0.21283459663391113,173141,26,4,False,Left,Back,Centre,Left,58
<_io.BytesIO object at 0x000001FF3CCB1C70>,0.5916844010353088,0.09308809787034988,0.265285462141037,173141,26,4,False,Left,Back,Centre,Left,58
<_io.BytesIO object at 0x000001FF3FA9CB80>,0.4097207188606262,-0.0689912959933281,-0.06180813908576965,173142,26,4,False,Left,Back,Centre,Left,58
<_io.BytesIO object at 0x000001FF3FA9CC70>,0.4122144281864166,-0.0444050207734108,-0.12591992318630219,173142,26,4,False,Left,Back,Centre,Left,58
<_io.BytesIO object at 0x000001FF3FA9C2C0>,0.4058099091053009,-0.004390038549900055,-0.10439366102218628,173142,26,4,False,Left,Back,Centre,Left,58
<_io.BytesIO object at 0x000001FF3CC06860>,0.446682333946228,-0.03749636560678482,-0.15250882506370544,173142,26,4,False,Left,Back,Centre,Left,58
<_io.BytesIO object at 0x000001FF3CC064F0>,0.47491922974586487,-0.08632127940654755,-0.1280480921268463,173142,26,4,False,Left,Back,Centre,Left,58
<_io.BytesIO object at 0x000001FF3CC06EA0>,0.5768476724624634,0.1722983717918396,0.199017733335495,173142,26,4,False,Left,Back,Centre,Left,58
<_io.BytesIO object at 0x000001FF3CC06D10>,0.605840802192688,0.15048867464065552,0.22093142569065094,173142,26,4,False,Left,Back,Centre,Left,58
<_io.BytesIO object at 0x000001FF3CC06040>,0.5590429902076721,0.18127253651618958,0.2856702506542206,173142,26,4,False,Left,Back,Centre,Left,58
<_io.BytesIO object at 0x000001FF3CC063B0>,0.6030879616737366,0.10740925371646881,0.21283459663391113,173142,26,4,False,Left,Back,Centre,Left,58
<_io.BytesIO object at 0x000001FF3CC067C0>,0.5916844010353088,0.09308809787034988,0.265285462141037,173142,26,4,False,Left,Back,Centre,Left,58
<_io.BytesIO object at 0x000001FF3FA9C900>,0.4097207188606262,-0.0689912959933281,-0.06180813908576965,173143,26,4,False,Left,Back,Centre,Left,58
<_io.BytesIO object at 0x000001FF3FA71C70>,0.4122144281864166,-0.0444050207734108,-0.12591992318630219,173143,26,4,False,Left,Back,Centre,Left,58
<_io.BytesIO object at 0x000001FF3CC6E9F0>,0.4058099091053009,-0.004390038549900055,-0.10439366102218628,173143,26,4,False,Left,Back,Centre,Left,58
<_io.BytesIO object at 0x000001FF3CC6E860>,0.446682333946228,-0.03749636560678482,-0.15250882506370544,173143,26,4,False,Left,Back,Centre,Left,58
<_io.BytesIO object at 0x000001FF3CC6E590>,0.47491922974586487,-0.08632127940654755,-0.1280480921268463,173143,26,4,False,Left,Back,Centre,Left,58
<_io.BytesIO object at 0x000001FF3CC6E090>,0.5768476724624634,0.1722983717918396,0.199017733335495,173143,26,4,False,Left,Back,Centre,Left,58
<_io.BytesIO object at 0x000001FF3CC6EA90>,0.605840802192688,0.15048867464065552,0.22093142569065094,173143,26,4,False,Left,Back,Centre,Left,58
<_io.BytesIO object at 0x000001FF3CC6EA40>,0.5590429902076721,0.18127253651618958,0.2856702506542206,173143,26,4,False,Left,Back,Centre,Left,58
<_io.BytesIO object at 0x000001FF3CC6E810>,0.6030879616737366,0.10740925371646881,0.21283459663391113,173143,26,4,False,Left,Back,Centre,Left,58
<_io.BytesIO object at 0x000001FF3CCB1770>,0.5916844010353088,0.09308809787034988,0.265285462141037,173143,26,4,False,Left,Back,Centre,Left,58
<_io.BytesIO object at 0x000001FF3FACADB0>,0.4097207188606262,-0.0689912959933281,-0.06180813908576965,173144,26,4,False,Left,Back,Centre,Left,58
<_io.BytesIO object at 0x000001FF3CCB3DB0>,0.4122144281864166,-0.0444050207734108,-0.12591992318630219,173144,26,4,False,Left,Back,Centre,Left,58
<_io.BytesIO object at 0x000001FF3CCB34F0>,0.4058099091053009,-0.004390038549900055,-0.10439366102218628,173144,26,4,False,Left,Back,Centre,Left,58
<_io.BytesIO object at 0x000001FF3CCB38B0>,0.446682333946228,-0.03749636560678482,-0.15250882506370544,173144,26,4,False,Left,Back,Centre,Left,58
<_io.BytesIO object at 0x000001FF3CCB3770>,0.47491922974586487,-0.08632127940654755,-0.1280480921268463,173144,26,4,False,Left,Back,Centre,Left,58
<_io.BytesIO object at 0x000001FF3CCB3B30>,0.5768476724624634,0.1722983717918396,0.199017733335495,173144,26,4,False,Left,Back,Centre,Left,58
<_io.BytesIO object at 0x000001FF3CBFA310>,0.605840802192688,0.15048867464065552,0.22093142569065094,173144,26,4,False,Left,Back,Centre,Left,58
<_io.BytesIO object at 0x000001FF3CBFABD0>,0.5590429902076721,0.18127253651618958,0.2856702506542206,173144,26,4,False,Left,Back,Centre,Left,58
<_io.BytesIO object at 0x000001FF3CBFAD60>,0.6030879616737366,0.10740925371646881,0.21283459663391113,173144,26,4,False,Left,Back,Centre,Left,58
<_io.BytesIO object at 0x000001FF3CBFA9A0>,0.5916844010353088,0.09308809787034988,0.265285462141037,173144,26,4,False,Left,Back,Centre,Left,58
<_io.BytesIO object at 0x000001FF3CC926D0>,0.4097207188606262,-0.0689912959933281,-0.06180813908576965,173145,26,4,False,Left,Back,Centre,Left,58
<_io.BytesIO object at 0x000001FF3CC920E0>,0.4122144281864166,-0.0444050207734108,-0.12591992318630219,173145,26,4,False,Left,Back,Centre,Left,58
<_io.BytesIO object at 0x000001FF3CC92310>,0.4058099091053009,-0.004390038549900055,-0.10439366102218628,173145,26,4,False,Left,Back,Centre,Left,58
<_io.BytesIO object at 0x000001FF380150E0>,0.446682333946228,-0.03749636560678482,-0.15250882506370544,173145,26,4,False,Left,Back,Centre,Left,58
<_io.BytesIO object at 0x000001FF38015090>,0.47491922974586487,-0.08632127940654755,-0.1280480921268463,173145,26,4,False,Left,Back,Centre,Left,58
<_io.BytesIO object at 0x000001FF3CCBAF40>,0.5768476724624634,0.1722983717918396,0.199017733335495,173145,26,4,False,Left,Back,Centre,Left,58
<_io.BytesIO object at 0x000001FF3CCBABD0>,0.605840802192688,0.15048867464065552,0.22093142569065094,173145,26,4,False,Left,Back,Centre,Left,58
<_io.BytesIO object at 0x000001FF3CCBA220>,0.5590429902076721,0.18127253651618958,0.2856702506542206,173145,26,4,False,Left,Back,Centre,Left,58
<_io.BytesIO object at 0x000001FF3CCBAE50>,0.6030879616737366,0.10740925371646881,0.21283459663391113,173145,26,4,False,Left,Back,Centre,Left,58
<_io.BytesIO object at 0x000001FF3CCBA450>,0.5916844010353088,0.09308809787034988,0.265285462141037,173145,26,4,False,Left,Back,Centre,Left,58
<_io.BytesIO object at 0x000001FF3FA91EF0>,0.4097207188606262,-0.0689912959933281,-0.06180813908576965,173146,26,4,False,Left,Back,Centre,Left,58
<_io.BytesIO object at 0x000001FF3FA91220>,0.4122144281864166,-0.0444050207734108,-0.12591992318630219,173146,26,4,False,Left,Back,Centre,Left,58
<_io.BytesIO object at 0x000001FF3FA91810>,0.4058099091053009,-0.004390038549900055,-0.10439366102218628,173146,26,4,False,Left,Back,Centre,Left,58
<_io.BytesIO object at 0x000001FF3CC5C900>,0.446682333946228,-0.03749636560678482,-0.15250882506370544,173146,26,4,False,Left,Back,Centre,Left,58
<_io.BytesIO object at 0x000001FF3CC5C5E0>,0.47491922974586487,-0.08632127940654755,-0.1280480921268463,173146,26,4,False,Left,Back,Centre,Left,58
<_io.BytesIO object at 0x000001FF3CC5C220>,0.5768476724624634,0.1722983717918396,0.199017733335495,173146,26,4,False,Left,Back,Centre,Left,58
<_io.BytesIO object at 0x000001FF3CC5CBD0>,0.605840802192688,0.15048867464065552,0.22093142569065094,173146,26,4,False,Left,Back,Centre,Left,58
<_io.BytesIO object at 0x000001FF3CC5CA90>,0.5590429902076721,0.18127253651618958,0.2856702506542206,173146,26,4,False,Left,Back,Centre,Left,58
<_io.BytesIO object at 0x000001FF3CC5CDB0>,0.6030879616737366,0.10740925371646881,0.21283459663391113,173146,26,4,False,Left,Back,Centre,Left,58
<_io.BytesIO object at 0x000001FF3CC5C3B0>,0.5916844010353088,0.09308809787034988,0.265285462141037,173146,26,4,False,Left,Back,Centre,Left,58
<_io.BytesIO object at 0x000001FF3FA91A40>,0.4097207188606262,-0.0689912959933281,-0.06180813908576965,173147,26,4,False,Left,Back,Centre,Left,58
<_io.BytesIO object at 0x000001FF3FC26BD0>,0.4122144281864166,-0.0444050207734108,-0.12591992318630219,173147,26,4,False,Left,Back,Centre,Left,58
<_io.BytesIO object at 0x000001FF3FC26770>,0.4058099091053009,-0.004390038549900055,-0.10439366102218628,173147,26,4,False,Left,Back,Centre,Left,58
<_io.BytesIO object at 0x000001FF3FC26EF0>,0.446682333946228,-0.03749636560678482,-0.15250882506370544,173147,26,4,False,Left,Back,Centre,Left,58
<_io.BytesIO object at 0x000001FF3FC26630>,0.47491922974586487,-0.08632127940654755,-0.1280480921268463,173147,26,4,False,Left,Back,Centre,Left,58
<_io.BytesIO object at 0x000001FF3FC26D10>,0.5768476724624634,0.1722983717918396,0.199017733335495,173147,26,4,False,Left,Back,Centre,Left,58
<_io.BytesIO object at 0x000001FF3FC26EA0>,0.605840802192688,0.15048867464065552,0.22093142569065094,173147,26,4,False,Left,Back,Centre,Left,58
<_io.BytesIO object at 0x000001FF38007B80>,0.5590429902076721,0.18127253651618958,0.2856702506542206,173147,26,4,False,Left,Back,Centre,Left,58
<_io.BytesIO object at 0x000001FF3CCBAC20>,0.6030879616737366,0.10740925371646881,0.21283459663391113,173147,26,4,False,Left,Back,Centre,Left,58
<_io.BytesIO object at 0x000001FF3CCBA180>,0.5916844010353088,0.09308809787034988,0.265285462141037,173147,26,4,False,Left,Back,Centre,Left,58
<_io.BytesIO object at 0x000001FF3CC924A0>,0.4097207188606262,-0.0689912959933281,-0.06180813908576965,173148,26,4,False,Left,Back,Centre,Left,58
<_io.BytesIO object at 0x000001FF3CC5A540>,0.4122144281864166,-0.0444050207734108,-0.12591992318630219,173148,26,4,False,Left,Back,Centre,Left,58
<_io.BytesIO object at 0x000001FF3CC5ABD0>,0.4058099091053009,-0.004390038549900055,-0.10439366102218628,173148,26,4,False,Left,Back,Centre,Left,58
<_io.BytesIO object at 0x000001FF3CC5A5E0>,0.446682333946228,-0.03749636560678482,-0.15250882506370544,173148,26,4,False,Left,Back,Centre,Left,58
<_io.BytesIO object at 0x000001FF3CC5A590>,0.47491922974586487,-0.08632127940654755,-0.1280480921268463,173148,26,4,False,Left,Back,Centre,Left,58
<_io.BytesIO object at 0x000001FF3CC5A9F0>,0.5768476724624634,0.1722983717918396,0.199017733335495,173148,26,4,False,Left,Back,Centre,Left,58
<_io.BytesIO object at 0x000001FF3CBFA130>,0.605840802192688,0.15048867464065552,0.22093142569065094,173148,26,4,False,Left,Back,Centre,Left,58
<_io.BytesIO object at 0x000001FF3CBFA6D0>,0.5590429902076721,0.18127253651618958,0.2856702506542206,173148,26,4,False,Left,Back,Centre,Left,58
<_io.BytesIO object at 0x000001FF3CBFA3B0>,0.6030879616737366,0.10740925371646881,0.21283459663391113,173148,26,4,False,Left,Back,Centre,Left,58
<_io.BytesIO object at 0x000001FF3CBFAEF0>,0.5916844010353088,0.09308809787034988,0.265285462141037,173148,26,4,False,Left,Back,Centre,Left,58
<_io.BytesIO object at 0x000001FF3FACAD60>,0.4097207188606262,-0.0689912959933281,-0.06180813908576965,173149,26,4,False,Left,Back,Centre,Left,58
<_io.BytesIO object at 0x000001FF3FACA8B0>,0.4122144281864166,-0.0444050207734108,-0.12591992318630219,173149,26,4,False,Left,Back,Centre,Left,58
<_io.BytesIO object at 0x000001FF3FACA7C0>,0.4058099091053009,-0.004390038549900055,-0.10439366102218628,173149,26,4,False,Left,Back,Centre,Left,58
<_io.BytesIO object at 0x000001FF3FACAB80>,0.446682333946228,-0.03749636560678482,-0.15250882506370544,173149,26,4,False,Left,Back,Centre,Left,58
<_io.BytesIO object at 0x000001FF3CC6E7C0>,0.47491922974586487,-0.08632127940654755,-0.1280480921268463,173149,26,4,False,Left,Back,Centre,Left,58
<_io.BytesIO object at 0x000001FF3CC6ED10>,0.5768476724624634,0.1722983717918396,0.199017733335495,173149,26,4,False,Left,Back,Centre,Left,58
<_io.BytesIO object at 0x000001FF3CC6EA40>,0.605840802192688,0.15048867464065552,0.22093142569065094,173149,26,4,False,Left,Back,Centre,Left,58
<_io.BytesIO object at 0x000001FF3CC6E630>,0.5590429902076721,0.18127253651618958,0.2856702506542206,173149,26,4,False,Left,Back,Centre,Left,58
<_io.BytesIO object at 0x000001FF3CC6E400>,0.6030879616737366,0.10740925371646881,0.21283459663391113,173149,26,4,False,Left,Back,Centre,Left,58
<_io.BytesIO object at 0x000001FF3CC6E360>,0.5916844010353088,0.09308809787034988,0.265285462141037,173149,26,4,False,Left,Back,Centre,Left,58
<_io.BytesIO object at 0x000001FF3CCB1CC0>,0.4097207188606262,-0.0689912959933281,-0.06180813908576965,173150,26,4,False,Left,Back,Centre,Left,58
<_io.BytesIO object at 0x000001FF3CCB1E00>,0.4122144281864166,-0.0444050207734108,-0.12591992318630219,173150,26,4,False,Left,Back,Centre,Left,58
<_io.BytesIO object at 0x000001FF3CCB1220>,0.4058099091053009,-0.004390038549900055,-0.10439366102218628,173150,26,4,False,Left,Back,Centre,Left,58
<_io.BytesIO object at 0x000001FF3CC067C0>,0.446682333946228,-0.03749636560678482,-0.15250882506370544,173150,26,4,False,Left,Back,Centre,Left,58
<_io.BytesIO object at 0x000001FF3CC06C20>,0.47491922974586487,-0.08632127940654755,-0.1280480921268463,173150,26,4,False,Left,Back,Centre,Left,58
<_io.BytesIO object at 0x000001FF3CC064A0>,0.5768476724624634,0.1722983717918396,0.199017733335495,173150,26,4,False,Left,Back,Centre,Left,58
<_io.BytesIO object at 0x000001FF3CC06A90>,0.605840802192688,0.15048867464065552,0.22093142569065094,173150,26,4,False,Left,Back,Centre,Left,58
<_io.BytesIO object at 0x000001FF3CC06D10>,0.5590429902076721,0.18127253651618958,0.2856702506542206,173150,26,4,False,Left,Back,Centre,Left,58
<_io.BytesIO object at 0x000001FF3CC06540>,0.6030879616737366,0.10740925371646881,0.21283459663391113,173150,26,4,False,Left,Back,Centre,Left,58
<_io.BytesIO object at 0x000001FF3CC06C70>,0.5916844010353088,0.09308809787034988,0.265285462141037,173150,26,4,False,Left,Back,Centre,Left,58
<_io.BytesIO object at 0x000001FF3CCB1860>,0.4097207188606262,-0.0689912959933281,-0.06180813908576965,173151,26,4,False,Left,Back,Centre,Left,58
<_io.BytesIO object at 0x000001FF3FA9C270>,0.4122144281864166,-0.0444050207734108,-0.12591992318630219,173151,26,4,False,Left,Back,Centre,Left,58
<_io.BytesIO object at 0x000001FF3FA9CA40>,0.4058099091053009,-0.004390038549900055,-0.10439366102218628,173151,26,4,False,Left,Back,Centre,Left,58
<_io.BytesIO object at 0x000001FF3FA9C9F0>,0.446682333946228,-0.03749636560678482,-0.15250882506370544,173151,26,4,False,Left,Back,Centre,Left,58
<_io.BytesIO object at 0x000001FF3FA9CC20>,0.47491922974586487,-0.08632127940654755,-0.1280480921268463,173151,26,4,False,Left,Back,Centre,Left,58
<_io.BytesIO object at 0x000001FF3FA9C540>,0.5768476724624634,0.1722983717918396,0.199017733335495,173151,26,4,False,Left,Back,Centre,Left,58
<_io.BytesIO object at 0x000001FF3FA9C400>,0.605840802192688,0.15048867464065552,0.22093142569065094,173151,26,4,False,Left,Back,Centre,Left,58
<_io.BytesIO object at 0x000001FF3FA71D10>,0.5590429902076721,0.18127253651618958,0.2856702506542206,173151,26,4,False,Left,Back,Centre,Left,58
<_io.BytesIO object at 0x000001FF3FA71EF0>,0.6030879616737366,0.10740925371646881,0.21283459663391113,173151,26,4,False,Left,Back,Centre,Left,58
<_io.BytesIO object at 0x000001FF3CC6E2C0>,0.5916844010353088,0.09308809787034988,0.265285462141037,173151,26,4,False,Left,Back,Centre,Left,58
<_io.BytesIO object at 0x000001FF3FACADB0>,0.4097207188606262,-0.0689912959933281,-0.06180813908576965,173152,26,4,False,Left,Back,Centre,Left,58
<_io.BytesIO object at 0x000001FF3CCB3A90>,0.4122144281864166,-0.0444050207734108,-0.12591992318630219,173152,26,4,False,Left,Back,Centre,Left,58
<_io.BytesIO object at 0x000001FF3CCB3090>,0.4058099091053009,-0.004390038549900055,-0.10439366102218628,173152,26,4,False,Left,Back,Centre,Left,58
<_io.BytesIO object at 0x000001FF3CCB3450>,0.446682333946228,-0.03749636560678482,-0.15250882506370544,173152,26,4,False,Left,Back,Centre,Left,58
<_io.BytesIO object at 0x000001FF3CCB3900>,0.47491922974586487,-0.08632127940654755,-0.1280480921268463,173152,26,4,False,Left,Back,Centre,Left,58
<_io.BytesIO object at 0x000001FF3CCB3400>,0.5768476724624634,0.1722983717918396,0.199017733335495,173152,26,4,False,Left,Back,Centre,Left,58
<_io.BytesIO object at 0x000001FF3CBFA7C0>,0.605840802192688,0.15048867464065552,0.22093142569065094,173152,26,4,False,Left,Back,Centre,Left,58
<_io.BytesIO object at 0x000001FF3CBFA040>,0.5590429902076721,0.18127253651618958,0.2856702506542206,173152,26,4,False,Left,Back,Centre,Left,58
<_io.BytesIO object at 0x000001FF3CBFA540>,0.6030879616737366,0.10740925371646881,0.21283459663391113,173152,26,4,False,Left,Back,Centre,Left,58
<_io.BytesIO object at 0x000001FF3CBFA090>,0.5916844010353088,0.09308809787034988,0.265285462141037,173152,26,4,False,Left,Back,Centre,Left,58
<_io.BytesIO object at 0x000001FF3CC92DB0>,0.4097207188606262,-0.0689912959933281,-0.06180813908576965,173153,26,4,False,Left,Back,Centre,Left,58
<_io.BytesIO object at 0x000001FF3CC92720>,0.4122144281864166,-0.0444050207734108,-0.12591992318630219,173153,26,4,False,Left,Back,Centre,Left,58
<_io.BytesIO object at 0x000001FF3CC92C20>,0.4058099091053009,-0.004390038549900055,-0.10439366102218628,173153,26,4,False,Left,Back,Centre,Left,58
<_io.BytesIO object at 0x000001FF380156D0>,0.446682333946228,-0.03749636560678482,-0.15250882506370544,173153,26,4,False,Left,Back,Centre,Left,58
<_io.BytesIO object at 0x000001FF38015130>,0.47491922974586487,-0.08632127940654755,-0.1280480921268463,173153,26,4,False,Left,Back,Centre,Left,58
<_io.BytesIO object at 0x000001FF3FC262C0>,0.5768476724624634,0.1722983717918396,0.199017733335495,173153,26,4,False,Left,Back,Centre,Left,58
<_io.BytesIO object at 0x000001FF3FC26810>,0.605840802192688,0.15048867464065552,0.22093142569065094,173153,26,4,False,Left,Back,Centre,Left,58
<_io.BytesIO object at 0x000001FF3FC26CC0>,0.5590429902076721,0.18127253651618958,0.2856702506542206,173153,26,4,False,Left,Back,Centre,Left,58
<_io.BytesIO object at 0x000001FF3FC26C70>,0.6030879616737366,0.10740925371646881,0.21283459663391113,173153,26,4,False,Left,Back,Centre,Left,58
<_io.BytesIO object at 0x000001FF3FC26EF0>,0.5916844010353088,0.09308809787034988,0.265285462141037,173153,26,4,False,Left,Back,Centre,Left,58
<_io.BytesIO object at 0x000001FF3CCBAA90>,0.4097207188606262,-0.0689912959933281,-0.06180813908576965,173154,26,4,False,Left,Back,Centre,Left,58
<_io.BytesIO object at 0x000001FF3CCBA4A0>,0.4122144281864166,-0.0444050207734108,-0.12591992318630219,173154,26,4,False,Left,Back,Centre,Left,58
<_io.BytesIO object at 0x000001FF3CCBAE00>,0.4058099091053009,-0.004390038549900055,-0.10439366102218628,173154,26,4,False,Left,Back,Centre,Left,58
<_io.BytesIO object at 0x000001FF3CC5C3B0>,0.446682333946228,-0.03749636560678482,-0.15250882506370544,173154,26,4,False,Left,Back,Centre,Left,58
<_io.BytesIO object at 0x000001FF3CC5CB80>,0.47491922974586487,-0.08632127940654755,-0.1280480921268463,173154,26,4,False,Left,Back,Centre,Left,58
<_io.BytesIO object at 0x000001FF3CC5CC20>,0.5768476724624634,0.1722983717918396,0.199017733335495,173154,26,4,False,Left,Back,Centre,Left,58
<_io.BytesIO object at 0x000001FF3CC5C400>,0.605840802192688,0.15048867464065552,0.22093142569065094,173154,26,4,False,Left,Back,Centre,Left,58
<_io.BytesIO object at 0x000001FF3CC5CD60>,0.5590429902076721,0.18127253651618958,0.2856702506542206,173154,26,4,False,Left,Back,Centre,Left,58
<_io.BytesIO object at 0x000001FF3CC5C130>,0.6030879616737366,0.10740925371646881,0.21283459663391113,173154,26,4,False,Left,Back,Centre,Left,58
<_io.BytesIO object at 0x000001FF3CC5CE00>,0.5916844010353088,0.09308809787034988,0.265285462141037,173154,26,4,False,Left,Back,Centre,Left,58
<_io.BytesIO object at 0x000001FF3CCBA450>,0.4097207188606262,-0.0689912959933281,-0.06180813908576965,173155,26,4,False,Left,Back,Centre,Left,58
<_io.BytesIO object at 0x000001FF3FA91B30>,0.4122144281864166,-0.0444050207734108,-0.12591992318630219,173155,26,4,False,Left,Back,Centre,Left,58
<_io.BytesIO object at 0x000001FF3FA91770>,0.4058099091053009,-0.004390038549900055,-0.10439366102218628,173155,26,4,False,Left,Back,Centre,Left,58
<_io.BytesIO object at 0x000001FF3FA910E0>,0.446682333946228,-0.03749636560678482,-0.15250882506370544,173155,26,4,False,Left,Back,Centre,Left,58
<_io.BytesIO object at 0x000001FF3FA914F0>,0.47491922974586487,-0.08632127940654755,-0.1280480921268463,173155,26,4,False,Left,Back,Centre,Left,58
<_io.BytesIO object at 0x000001FF3FA91B80>,0.5768476724624634,0.1722983717918396,0.199017733335495,173155,26,4,False,Left,Back,Centre,Left,58
<_io.BytesIO object at 0x000001FF3FA91F40>,0.605840802192688,0.15048867464065552,0.22093142569065094,173155,26,4,False,Left,Back,Centre,Left,58
<_io.BytesIO object at 0x000001FF3FC265E0>,0.5590429902076721,0.18127253651618958,0.2856702506542206,173155,26,4,False,Left,Back,Centre,Left,58
<_io.BytesIO object at 0x000001FF3FC26450>,0.6030879616737366,0.10740925371646881,0.21283459663391113,173155,26,4,False,Left,Back,Centre,Left,58
<_io.BytesIO object at 0x000001FF3FC267C0>,0.5916844010353088,0.09308809787034988,0.265285462141037,173155,26,4,False,Left,Back,Centre,Left,58
<_io.BytesIO object at 0x000001FF3CC92400>,0.4097207188606262,-0.0689912959933281,-0.06180813908576965,173156,26,4,False,Left,Back,Centre,Left,58
<_io.BytesIO object at 0x000001FF3CC5AB30>,0.4122144281864166,-0.0444050207734108,-0.12591992318630219,173156,26,4,False,Left,Back,Centre,Left,58
<_io.BytesIO object at 0x000001FF3CC5A7C0>,0.4058099091053009,-0.004390038549900055,-0.10439366102218628,173156,26,4,False,Left,Back,Centre,Left,58
<_io.BytesIO object at 0x000001FF3CC5AF90>,0.446682333946228,-0.03749636560678482,-0.15250882506370544,173156,26,4,False,Left,Back,Centre,Left,58
<_io.BytesIO object at 0x000001FF3CC5A770>,0.47491922974586487,-0.08632127940654755,-0.1280480921268463,173156,26,4,False,Left,Back,Centre,Left,58
<_io.BytesIO object at 0x000001FF3CC5AA90>,0.5768476724624634,0.1722983717918396,0.199017733335495,173156,26,4,False,Left,Back,Centre,Left,58
<_io.BytesIO object at 0x000001FF3CBFA860>,0.605840802192688,0.15048867464065552,0.22093142569065094,173156,26,4,False,Left,Back,Centre,Left,58
<_io.BytesIO object at 0x000001FF3CBFA9F0>,0.5590429902076721,0.18127253651618958,0.2856702506542206,173156,26,4,False,Left,Back,Centre,Left,58
<_io.BytesIO object at 0x000001FF3CBFA720>,0.6030879616737366,0.10740925371646881,0.21283459663391113,173156,26,4,False,Left,Back,Centre,Left,58
<_io.BytesIO object at 0x000001FF3CBFA630>,0.5916844010353088,0.09308809787034988,0.265285462141037,173156,26,4,False,Left,Back,Centre,Left,58
<_io.BytesIO object at 0x000001FF3FACA310>,0.4097207188606262,-0.0689912959933281,-0.06180813908576965,173157,26,4,False,Left,Back,Centre,Left,58
<_io.BytesIO object at 0x000001FF3FACA130>,0.4122144281864166,-0.0444050207734108,-0.12591992318630219,173157,26,4,False,Left,Back,Centre,Left,58
<_io.BytesIO object at 0x000001FF3FACA180>,0.4058099091053009,-0.004390038549900055,-0.10439366102218628,173157,26,4,False,Left,Back,Centre,Left,58
<_io.BytesIO object at 0x000001FF3FACAE00>,0.446682333946228,-0.03749636560678482,-0.15250882506370544,173157,26,4,False,Left,Back,Centre,Left,58
<_io.BytesIO object at 0x000001FF3FA71F40>,0.47491922974586487,-0.08632127940654755,-0.1280480921268463,173157,26,4,False,Left,Back,Centre,Left,58
<_io.BytesIO object at 0x000001FF3FA71C70>,0.5768476724624634,0.1722983717918396,0.199017733335495,173157,26,4,False,Left,Back,Centre,Left,58
<_io.BytesIO object at 0x000001FF3FA9C130>,0.605840802192688,0.15048867464065552,0.22093142569065094,173157,26,4,False,Left,Back,Centre,Left,58
<_io.BytesIO object at 0x000001FF3FA9C8B0>,0.5590429902076721,0.18127253651618958,0.2856702506542206,173157,26,4,False,Left,Back,Centre,Left,58
<_io.BytesIO object at 0x000001FF3FA9CCC0>,0.6030879616737366,0.10740925371646881,0.21283459663391113,173157,26,4,False,Left,Back,Centre,Left,58
<_io.BytesIO object at 0x000001FF3FA9C360>,0.5916844010353088,0.09308809787034988,0.265285462141037,173157,26,4,False,Left,Back,Centre,Left,58
