_io,pos_x,pos_y,pos_z,frame,trial_num,block_num,practicing,left_right_hand,palm_back_hand,target_loc,distractor_loc,participant_id
<_io.BytesIO object at 0x000001FF3FA913B0>,0.697841227054596,0.11165675520896912,0.3626469671726227,142601,33,2,False,Left,Front,Left,Centre,58
_io,pos_x,pos_y,pos_z,frame,trial_num,block_num,practicing,left_right_hand,palm_back_hand,target_loc,distractor_loc,participant_id
<_io.BytesIO object at 0x000001FF3FA91A90>,0.7034446001052856,0.08226402848958969,0.3007947504520416,142601,33,2,False,Left,Front,Left,Centre,58
_io,pos_x,pos_y,pos_z,frame,trial_num,block_num,practicing,left_right_hand,palm_back_hand,target_loc,distractor_loc,participant_id
<_io.BytesIO object at 0x000001FF38015090>,0.7150605320930481,0.12485364079475403,0.28827300667762756,142601,33,2,False,Left,Front,Left,Centre,58
_io,pos_x,pos_y,pos_z,frame,trial_num,block_num,practicing,left_right_hand,palm_back_hand,target_loc,distractor_loc,participant_id
<_io.BytesIO object at 0x000001FF380150E0>,0.7351832985877991,0.056589916348457336,0.28417450189590454,142601,33,2,False,Left,Front,Left,Centre,58
_io,pos_x,pos_y,pos_z,frame,trial_num,block_num,practicing,left_right_hand,palm_back_hand,target_loc,distractor_loc,participant_id
<_io.BytesIO object at 0x000001FF3CCB1630>,0.7446271777153015,0.0326763391494751,0.34001779556274414,142601,33,2,False,Left,Front,Left,Centre,58
_io,pos_x,pos_y,pos_z,frame,trial_num,block_num,practicing,left_right_hand,palm_back_hand,target_loc,distractor_loc,participant_id
<_io.BytesIO object at 0x000001FF3CCB1360>,0.6533231139183044,0.06829444319009781,-0.15552301704883575,142601,33,2,False,Left,Front,Left,Centre,58
_io,pos_x,pos_y,pos_z,frame,trial_num,block_num,practicing,left_right_hand,palm_back_hand,target_loc,distractor_loc,participant_id
<_io.BytesIO object at 0x000001FF3CCB13B0>,0.6758770942687988,0.08734892308712006,-0.12562009692192078,142601,33,2,False,Left,Front,Left,Centre,58
_io,pos_x,pos_y,pos_z,frame,trial_num,block_num,practicing,left_right_hand,palm_back_hand,target_loc,distractor_loc,participant_id
<_io.BytesIO object at 0x000001FF3CCB1F40>,0.5970455408096313,0.09114834666252136,-0.10353972762823105,142601,33,2,False,Left,Front,Left,Centre,58
_io,pos_x,pos_y,pos_z,frame,trial_num,block_num,practicing,left_right_hand,palm_back_hand,target_loc,distractor_loc,participant_id
<_io.BytesIO object at 0x000001FF3CCB1CC0>,0.7050007581710815,0.05887356400489807,-0.10946206003427505,142601,33,2,False,Left,Front,Left,Centre,58
_io,pos_x,pos_y,pos_z,frame,trial_num,block_num,practicing,left_right_hand,palm_back_hand,target_loc,distractor_loc,participant_id
<_io.BytesIO object at 0x000001FF3CCB1D10>,0.6696006655693054,0.04663600027561188,-0.06275498867034912,142601,33,2,False,Left,Front,Left,Centre,58
<_io.BytesIO object at 0x000001FF380150E0>,0.697841227054596,0.11165675520896912,0.3626469671726227,142602,33,2,False,Left,Front,Left,Centre,58
<_io.BytesIO object at 0x000001FF38015090>,0.7034446001052856,0.08226402848958969,0.3007947504520416,142602,33,2,False,Left,Front,Left,Centre,58
<_io.BytesIO object at 0x000001FF3CCB1180>,0.7150605320930481,0.12485364079475403,0.28827300667762756,142602,33,2,False,Left,Front,Left,Centre,58
<_io.BytesIO object at 0x000001FF3CCB14F0>,0.7351832985877991,0.056589916348457336,0.28417450189590454,142602,33,2,False,Left,Front,Left,Centre,58
<_io.BytesIO object at 0x000001FF3CCB1E50>,0.7446271777153015,0.0326763391494751,0.34001779556274414,142602,33,2,False,Left,Front,Left,Centre,58
<_io.BytesIO object at 0x000001FF3CCB1810>,0.6532873511314392,0.06881413608789444,-0.15529470145702362,142602,33,2,False,Left,Front,Left,Centre,58
<_io.BytesIO object at 0x000001FF3CCB1310>,0.6759375333786011,0.08735987544059753,-0.12500160932540894,142602,33,2,False,Left,Front,Left,Centre,58
<_io.BytesIO object at 0x000001FF3FA91220>,0.5974395275115967,0.09095810353755951,-0.10245472937822342,142602,33,2,False,Left,Front,Left,Centre,58
<_io.BytesIO object at 0x000001FF3FA91770>,0.7049565315246582,0.0582696907222271,-0.10942689329385757,142602,33,2,False,Left,Front,Left,Centre,58
<_io.BytesIO object at 0x000001FF3FA91680>,0.6692684292793274,0.044902972877025604,-0.06331811845302582,142602,33,2,False,Left,Front,Left,Centre,58
<_io.BytesIO object at 0x000001FF38015590>,0.697841227054596,0.11165675520896912,0.3626469671726227,142603,33,2,False,Left,Front,Left,Centre,58
<_io.BytesIO object at 0x000001FF38015090>,0.7034446001052856,0.08226402848958969,0.3007947504520416,142603,33,2,False,Left,Front,Left,Centre,58
<_io.BytesIO object at 0x000001FF3CCB1EF0>,0.7150605320930481,0.12485364079475403,0.28827300667762756,142603,33,2,False,Left,Front,Left,Centre,58
<_io.BytesIO object at 0x000001FF3CCB1A90>,0.7351832985877991,0.056589916348457336,0.28417450189590454,142603,33,2,False,Left,Front,Left,Centre,58
<_io.BytesIO object at 0x000001FF3CCB1F90>,0.7446271777153015,0.0326763391494751,0.34001779556274414,142603,33,2,False,Left,Front,Left,Centre,58
<_io.BytesIO object at 0x000001FF3CCB1720>,0.6532140374183655,0.0692790225148201,-0.15492470562458038,142603,33,2,False,Left,Front,Left,Centre,58
<_io.BytesIO object at 0x000001FF3CCB13B0>,0.6760645508766174,0.08730752021074295,-0.12446559965610504,142603,33,2,False,Left,Front,Left,Centre,58
<_io.BytesIO object at 0x000001FF3FA91BD0>,0.5976559519767761,0.09075643122196198,-0.10137557983398438,142603,33,2,False,Left,Front,Left,Centre,58
<_io.BytesIO object at 0x000001FF3FA918B0>,0.7049686908721924,0.0578390434384346,-0.10935734957456589,142603,33,2,False,Left,Front,Left,Centre,58
<_io.BytesIO object at 0x000001FF3FA91AE0>,0.6693670749664307,0.044034481048583984,-0.06359980255365372,142603,33,2,False,Left,Front,Left,Centre,58
<_io.BytesIO object at 0x000001FF3CCB1BD0>,0.697841227054596,0.11165675520896912,0.3626469671726227,142604,33,2,False,Left,Front,Left,Centre,58
<_io.BytesIO object at 0x000001FF3CCB14F0>,0.7034446001052856,0.08226402848958969,0.3007947504520416,142604,33,2,False,Left,Front,Left,Centre,58
<_io.BytesIO object at 0x000001FF3CCB1950>,0.7150605320930481,0.12485364079475403,0.28827300667762756,142604,33,2,False,Left,Front,Left,Centre,58
<_io.BytesIO object at 0x000001FF3CCB1EF0>,0.7351832985877991,0.056589916348457336,0.28417450189590454,142604,33,2,False,Left,Front,Left,Centre,58
<_io.BytesIO object at 0x000001FF3CCB14A0>,0.7446271777153015,0.0326763391494751,0.34001779556274414,142604,33,2,False,Left,Front,Left,Centre,58
<_io.BytesIO object at 0x000001FF3CCB16D0>,0.6534311771392822,0.06971076875925064,-0.15458275377750397,142604,33,2,False,Left,Front,Left,Centre,58
<_io.BytesIO object at 0x000001FF3CCB13B0>,0.6763575077056885,0.08743910491466522,-0.12395001947879791,142604,33,2,False,Left,Front,Left,Centre,58
<_io.BytesIO object at 0x000001FF3FA91540>,0.597917914390564,0.09077995270490646,-0.1003335639834404,142604,33,2,False,Left,Front,Left,Centre,58
<_io.BytesIO object at 0x000001FF3FA91450>,0.7050712704658508,0.05772903561592102,-0.10917560011148453,142604,33,2,False,Left,Front,Left,Centre,58
<_io.BytesIO object at 0x000001FF3FA91E50>,0.6693422198295593,0.04348072037100792,-0.06373205035924911,142604,33,2,False,Left,Front,Left,Centre,58
<_io.BytesIO object at 0x000001FF3CCB1400>,0.697841227054596,0.11165675520896912,0.3626469671726227,142605,33,2,False,Left,Front,Left,Centre,58
<_io.BytesIO object at 0x000001FF3CCB1E00>,0.7034446001052856,0.08226402848958969,0.3007947504520416,142605,33,2,False,Left,Front,Left,Centre,58
<_io.BytesIO object at 0x000001FF3FA91310>,0.7150605320930481,0.12485364079475403,0.28827300667762756,142605,33,2,False,Left,Front,Left,Centre,58
<_io.BytesIO object at 0x000001FF3FA91E50>,0.7351832985877991,0.056589916348457336,0.28417450189590454,142605,33,2,False,Left,Front,Left,Centre,58
<_io.BytesIO object at 0x000001FF3FA91590>,0.7446271777153015,0.0326763391494751,0.34001779556274414,142605,33,2,False,Left,Front,Left,Centre,58
<_io.BytesIO object at 0x000001FF3FA91A40>,0.6536180377006531,0.07031623274087906,-0.15430501103401184,142605,33,2,False,Left,Front,Left,Centre,58
<_io.BytesIO object at 0x000001FF3FA91630>,0.6767892241477966,0.08770588785409927,-0.12350675463676453,142605,33,2,False,Left,Front,Left,Centre,58
<_io.BytesIO object at 0x000001FF3FA91F90>,0.598302960395813,0.09141463786363602,-0.09937478601932526,142605,33,2,False,Left,Front,Left,Centre,58
<_io.BytesIO object at 0x000001FF3FA91E00>,0.7052542567253113,0.05784634128212929,-0.10877757519483566,142605,33,2,False,Left,Front,Left,Centre,58
<_io.BytesIO object at 0x000001FF3FA91270>,0.6694115996360779,0.04332903400063515,-0.06365655362606049,142605,33,2,False,Left,Front,Left,Centre,58
<_io.BytesIO object at 0x000001FF3FA91540>,0.697841227054596,0.11165675520896912,0.3626469671726227,142606,33,2,False,Left,Front,Left,Centre,58
<_io.BytesIO object at 0x000001FF3FA91220>,0.7034446001052856,0.08226402848958969,0.3007947504520416,142606,33,2,False,Left,Front,Left,Centre,58
<_io.BytesIO object at 0x000001FF3FA919F0>,0.7150605320930481,0.12485364079475403,0.28827300667762756,142606,33,2,False,Left,Front,Left,Centre,58
<_io.BytesIO object at 0x000001FF3FA911D0>,0.7351832985877991,0.056589916348457336,0.28417450189590454,142606,33,2,False,Left,Front,Left,Centre,58
<_io.BytesIO object at 0x000001FF3FA912C0>,0.7446271777153015,0.0326763391494751,0.34001779556274414,142606,33,2,False,Left,Front,Left,Centre,58
<_io.BytesIO object at 0x000001FF3FA913B0>,0.6538389921188354,0.07111038267612457,-0.1537029892206192,142606,33,2,False,Left,Front,Left,Centre,58
<_io.BytesIO object at 0x000001FF3FA917C0>,0.6771492958068848,0.08808782696723938,-0.12292637676000595,142606,33,2,False,Left,Front,Left,Centre,58
<_io.BytesIO object at 0x000001FF3FA91C70>,0.5987808108329773,0.09264154732227325,-0.09857887774705887,142606,33,2,False,Left,Front,Left,Centre,58
<_io.BytesIO object at 0x000001FF3CCB1EA0>,0.7054646611213684,0.05814322084188461,-0.1083967313170433,142606,33,2,False,Left,Front,Left,Centre,58
<_io.BytesIO object at 0x000001FF3CCB1CC0>,0.6695333123207092,0.04350578412413597,-0.06342710554599762,142606,33,2,False,Left,Front,Left,Centre,58
<_io.BytesIO object at 0x000001FF38015590>,0.697841227054596,0.11165675520896912,0.3626469671726227,142607,33,2,False,Left,Front,Left,Centre,58
<_io.BytesIO object at 0x000001FF38015900>,0.7034446001052856,0.08226402848958969,0.3007947504520416,142607,33,2,False,Left,Front,Left,Centre,58
<_io.BytesIO object at 0x000001FF3FA91AE0>,0.7150605320930481,0.12485364079475403,0.28827300667762756,142607,33,2,False,Left,Front,Left,Centre,58
<_io.BytesIO object at 0x000001FF3FA91770>,0.7351832985877991,0.056589916348457336,0.28417450189590454,142607,33,2,False,Left,Front,Left,Centre,58
<_io.BytesIO object at 0x000001FF3FA91220>,0.7446271777153015,0.0326763391494751,0.34001779556274414,142607,33,2,False,Left,Front,Left,Centre,58
<_io.BytesIO object at 0x000001FF3FA91450>,0.6543193459510803,0.07197079807519913,-0.1531650573015213,142607,33,2,False,Left,Front,Left,Centre,58
<_io.BytesIO object at 0x000001FF3FA912C0>,0.6779211759567261,0.08891693502664566,-0.12234020978212357,142607,33,2,False,Left,Front,Left,Centre,58
<_io.BytesIO object at 0x000001FF3FA913B0>,0.5994760394096375,0.0942360982298851,-0.09787334501743317,142607,33,2,False,Left,Front,Left,Centre,58
<_io.BytesIO object at 0x000001FF3CCB15E0>,0.7057639360427856,0.0586867593228817,-0.10792020708322525,142607,33,2,False,Left,Front,Left,Centre,58
<_io.BytesIO object at 0x000001FF3CCB1E00>,0.669712483882904,0.04404750466346741,-0.06302272528409958,142607,33,2,False,Left,Front,Left,Centre,58
<_io.BytesIO object at 0x000001FF3FA91720>,0.697841227054596,0.11165675520896912,0.3626469671726227,142608,33,2,False,Left,Front,Left,Centre,58
<_io.BytesIO object at 0x000001FF3FA91680>,0.7034446001052856,0.08226402848958969,0.3007947504520416,142608,33,2,False,Left,Front,Left,Centre,58
<_io.BytesIO object at 0x000001FF3FA91C20>,0.7150605320930481,0.12485364079475403,0.28827300667762756,142608,33,2,False,Left,Front,Left,Centre,58
<_io.BytesIO object at 0x000001FF3FA91AE0>,0.7351832985877991,0.056589916348457336,0.28417450189590454,142608,33,2,False,Left,Front,Left,Centre,58
<_io.BytesIO object at 0x000001FF3FA91A90>,0.7446271777153015,0.0326763391494751,0.34001779556274414,142608,33,2,False,Left,Front,Left,Centre,58
<_io.BytesIO object at 0x000001FF3FA91A40>,0.6547036170959473,0.07331002503633499,-0.15252341330051422,142608,33,2,False,Left,Front,Left,Centre,58
<_io.BytesIO object at 0x000001FF3FA912C0>,0.6786708831787109,0.08991746604442596,-0.12190084904432297,142608,33,2,False,Left,Front,Left,Centre,58
<_io.BytesIO object at 0x000001FF38015810>,0.6001657247543335,0.09631991386413574,-0.09741681069135666,142608,33,2,False,Left,Front,Left,Centre,58
<_io.BytesIO object at 0x000001FF3CCB15E0>,0.7062898874282837,0.059456273913383484,-0.10734408348798752,142608,33,2,False,Left,Front,Left,Centre,58
<_io.BytesIO object at 0x000001FF3CCB1720>,0.669803261756897,0.0449950210750103,-0.06258554011583328,142608,33,2,False,Left,Front,Left,Centre,58
<_io.BytesIO object at 0x000001FF3CCB18B0>,0.697841227054596,0.11165675520896912,0.3626469671726227,142609,33,2,False,Left,Front,Left,Centre,58
<_io.BytesIO object at 0x000001FF3CCB1220>,0.7034446001052856,0.08226402848958969,0.3007947504520416,142609,33,2,False,Left,Front,Left,Centre,58
<_io.BytesIO object at 0x000001FF3CCB1360>,0.7150605320930481,0.12485364079475403,0.28827300667762756,142609,33,2,False,Left,Front,Left,Centre,58
<_io.BytesIO object at 0x000001FF3CCB1A40>,0.7351832985877991,0.056589916348457336,0.28417450189590454,142609,33,2,False,Left,Front,Left,Centre,58
<_io.BytesIO object at 0x000001FF3FA9CA40>,0.7446271777153015,0.0326763391494751,0.34001779556274414,142609,33,2,False,Left,Front,Left,Centre,58
<_io.BytesIO object at 0x000001FF3FA9C400>,0.6549167633056641,0.07439889758825302,-0.1516815572977066,142609,33,2,False,Left,Front,Left,Centre,58
<_io.BytesIO object at 0x000001FF3FA9C040>,0.6793503761291504,0.0910901129245758,-0.12119802832603455,142609,33,2,False,Left,Front,Left,Centre,58
<_io.BytesIO object at 0x000001FF3FA9C900>,0.6010257005691528,0.09884898364543915,-0.09726060181856155,142609,33,2,False,Left,Front,Left,Centre,58
<_io.BytesIO object at 0x000001FF3FA9C360>,0.7065035104751587,0.06038926541805267,-0.10673058778047562,142609,33,2,False,Left,Front,Left,Centre,58
<_io.BytesIO object at 0x000001FF3FA9C540>,0.6698048710823059,0.04622279107570648,-0.06205594167113304,142609,33,2,False,Left,Front,Left,Centre,58
<_io.BytesIO object at 0x000001FF38015810>,0.697841227054596,0.11165675520896912,0.3626469671726227,142610,33,2,False,Left,Front,Left,Centre,58
<_io.BytesIO object at 0x000001FF3CCB1E50>,0.7034446001052856,0.08226402848958969,0.3007947504520416,142610,33,2,False,Left,Front,Left,Centre,58
<_io.BytesIO object at 0x000001FF3FA912C0>,0.7150605320930481,0.12485364079475403,0.28827300667762756,142610,33,2,False,Left,Front,Left,Centre,58
<_io.BytesIO object at 0x000001FF3FA915E0>,0.7351832985877991,0.056589916348457336,0.28417450189590454,142610,33,2,False,Left,Front,Left,Centre,58
<_io.BytesIO object at 0x000001FF3FA91040>,0.7446271777153015,0.0326763391494751,0.34001779556274414,142610,33,2,False,Left,Front,Left,Centre,58
<_io.BytesIO object at 0x000001FF3FA91D60>,0.6551712155342102,0.07577189803123474,-0.15118759870529175,142610,33,2,False,Left,Front,Left,Centre,58
<_io.BytesIO object at 0x000001FF3FA917C0>,0.6798291206359863,0.09253353625535965,-0.12068310379981995,142610,33,2,False,Left,Front,Left,Centre,58
<_io.BytesIO object at 0x000001FF3FA91900>,0.601813554763794,0.10158155113458633,-0.09719067066907883,142610,33,2,False,Left,Front,Left,Centre,58
<_io.BytesIO object at 0x000001FF3FA91220>,0.7065513730049133,0.06134859099984169,-0.10631932318210602,142610,33,2,False,Left,Front,Left,Centre,58
<_io.BytesIO object at 0x000001FF3FA91450>,0.6697437167167664,0.04806993529200554,-0.06159212440252304,142610,33,2,False,Left,Front,Left,Centre,58
<_io.BytesIO object at 0x000001FF3CCB1950>,0.697841227054596,0.11165675520896912,0.3626469671726227,142611,33,2,False,Left,Front,Left,Centre,58
<_io.BytesIO object at 0x000001FF3CCB1540>,0.7034446001052856,0.08226402848958969,0.3007947504520416,142611,33,2,False,Left,Front,Left,Centre,58
<_io.BytesIO object at 0x000001FF3CCB1630>,0.7150605320930481,0.12485364079475403,0.28827300667762756,142611,33,2,False,Left,Front,Left,Centre,58
<_io.BytesIO object at 0x000001FF3CCB19F0>,0.7351832985877991,0.056589916348457336,0.28417450189590454,142611,33,2,False,Left,Front,Left,Centre,58
<_io.BytesIO object at 0x000001FF3FA9C9A0>,0.7446271777153015,0.0326763391494751,0.34001779556274414,142611,33,2,False,Left,Front,Left,Centre,58
<_io.BytesIO object at 0x000001FF3FA9C900>,0.655306875705719,0.07726337760686874,-0.15069249272346497,142611,33,2,False,Left,Front,Left,Centre,58
<_io.BytesIO object at 0x000001FF3FA9C4F0>,0.6802096366882324,0.09388095140457153,-0.12032072991132736,142611,33,2,False,Left,Front,Left,Centre,58
<_io.BytesIO object at 0x000001FF3FA9C720>,0.6023683547973633,0.10435492545366287,-0.09728770703077316,142611,33,2,False,Left,Front,Left,Centre,58
<_io.BytesIO object at 0x000001FF3FA9C220>,0.7065063118934631,0.06261519342660904,-0.10586749762296677,142611,33,2,False,Left,Front,Left,Centre,58
<_io.BytesIO object at 0x000001FF3FA9CD10>,0.6694868803024292,0.04983782395720482,-0.06107715889811516,142611,33,2,False,Left,Front,Left,Centre,58
<_io.BytesIO object at 0x000001FF3CCB1AE0>,0.697841227054596,0.11165675520896912,0.3626469671726227,142612,33,2,False,Left,Front,Left,Centre,58
<_io.BytesIO object at 0x000001FF3CCB18B0>,0.7034446001052856,0.08226402848958969,0.3007947504520416,142612,33,2,False,Left,Front,Left,Centre,58
<_io.BytesIO object at 0x000001FF3CCB16D0>,0.7150605320930481,0.12485364079475403,0.28827300667762756,142612,33,2,False,Left,Front,Left,Centre,58
<_io.BytesIO object at 0x000001FF3CCB1F40>,0.7351832985877991,0.056589916348457336,0.28417450189590454,142612,33,2,False,Left,Front,Left,Centre,58
<_io.BytesIO object at 0x000001FF3CCB1C70>,0.7446271777153015,0.0326763391494751,0.34001779556274414,142612,33,2,False,Left,Front,Left,Centre,58
<_io.BytesIO object at 0x000001FF3CCB19F0>,0.6552013158798218,0.0788806676864624,-0.15045642852783203,142612,33,2,False,Left,Front,Left,Centre,58
<_io.BytesIO object at 0x000001FF3CCB1950>,0.6802389025688171,0.09533067047595978,-0.12020155042409897,142612,33,2,False,Left,Front,Left,Centre,58
<_io.BytesIO object at 0x000001FF3FA9CAE0>,0.6029168367385864,0.1070592999458313,-0.09746447205543518,142612,33,2,False,Left,Front,Left,Centre,58
<_io.BytesIO object at 0x000001FF3FA9C590>,0.7062935829162598,0.06403183192014694,-0.10553716123104095,142612,33,2,False,Left,Front,Left,Centre,58
<_io.BytesIO object at 0x000001FF3FA9CC20>,0.669567883014679,0.05199921876192093,-0.06061377003788948,142612,33,2,False,Left,Front,Left,Centre,58
<_io.BytesIO object at 0x000001FF3FA9C180>,0.697841227054596,0.11165675520896912,0.3626469671726227,142613,33,2,False,Left,Front,Left,Centre,58
<_io.BytesIO object at 0x000001FF3FA9C0E0>,0.7034446001052856,0.08226402848958969,0.3007947504520416,142613,33,2,False,Left,Front,Left,Centre,58
<_io.BytesIO object at 0x000001FF380150E0>,0.7150605320930481,0.12485364079475403,0.28827300667762756,142613,33,2,False,Left,Front,Left,Centre,58
<_io.BytesIO object at 0x000001FF38015360>,0.7351832985877991,0.056589916348457336,0.28417450189590454,142613,33,2,False,Left,Front,Left,Centre,58
<_io.BytesIO object at 0x000001FF3FA911D0>,0.7446271777153015,0.0326763391494751,0.34001779556274414,142613,33,2,False,Left,Front,Left,Centre,58
<_io.BytesIO object at 0x000001FF3FA91A90>,0.655174970626831,0.08092829585075378,-0.1504950225353241,142613,33,2,False,Left,Front,Left,Centre,58
<_io.BytesIO object at 0x000001FF3FA91C20>,0.6799749135971069,0.09704327583312988,-0.12004026025533676,142613,33,2,False,Left,Front,Left,Centre,58
<_io.BytesIO object at 0x000001FF3FA91CC0>,0.6032750606536865,0.10977935045957565,-0.09763749688863754,142613,33,2,False,Left,Front,Left,Centre,58
<_io.BytesIO object at 0x000001FF3FA91130>,0.706026554107666,0.06553222239017487,-0.10524477064609528,142613,33,2,False,Left,Front,Left,Centre,58
<_io.BytesIO object at 0x000001FF3FA91590>,0.6697510480880737,0.054360948503017426,-0.060207195580005646,142613,33,2,False,Left,Front,Left,Centre,58
<_io.BytesIO object at 0x000001FF3CCB1220>,0.697841227054596,0.11165675520896912,0.3626469671726227,142614,33,2,False,Left,Front,Left,Centre,58
<_io.BytesIO object at 0x000001FF3CCB1C70>,0.7034446001052856,0.08226402848958969,0.3007947504520416,142614,33,2,False,Left,Front,Left,Centre,58
<_io.BytesIO object at 0x000001FF3CCB1950>,0.7150605320930481,0.12485364079475403,0.28827300667762756,142614,33,2,False,Left,Front,Left,Centre,58
<_io.BytesIO object at 0x000001FF3FA91D10>,0.7351832985877991,0.056589916348457336,0.28417450189590454,142614,33,2,False,Left,Front,Left,Centre,58
<_io.BytesIO object at 0x000001FF3FA91680>,0.7446271777153015,0.0326763391494751,0.34001779556274414,142614,33,2,False,Left,Front,Left,Centre,58
<_io.BytesIO object at 0x000001FF3FA914A0>,0.6547671556472778,0.08242540806531906,-0.1501140147447586,142614,33,2,False,Left,Front,Left,Centre,58
<_io.BytesIO object at 0x000001FF3FA919A0>,0.6799662709236145,0.09864272177219391,-0.1200350672006607,142614,33,2,False,Left,Front,Left,Centre,58
<_io.BytesIO object at 0x000001FF3FA91A90>,0.6036331653594971,0.11226434260606766,-0.09767640382051468,142614,33,2,False,Left,Front,Left,Centre,58
<_io.BytesIO object at 0x000001FF3FA91400>,0.7057983875274658,0.06714095175266266,-0.10498761385679245,142614,33,2,False,Left,Front,Left,Centre,58
<_io.BytesIO object at 0x000001FF3FA91720>,0.6697776317596436,0.05669952929019928,-0.05980720371007919,142614,33,2,False,Left,Front,Left,Centre,58
<_io.BytesIO object at 0x000001FF3CCB1EA0>,0.697841227054596,0.11165675520896912,0.3626469671726227,142615,33,2,False,Left,Front,Left,Centre,58
<_io.BytesIO object at 0x000001FF3CCB1A90>,0.7034446001052856,0.08226402848958969,0.3007947504520416,142615,33,2,False,Left,Front,Left,Centre,58
<_io.BytesIO object at 0x000001FF38015770>,0.7150605320930481,0.12485364079475403,0.28827300667762756,142615,33,2,False,Left,Front,Left,Centre,58
<_io.BytesIO object at 0x000001FF38015360>,0.7351832985877991,0.056589916348457336,0.28417450189590454,142615,33,2,False,Left,Front,Left,Centre,58
<_io.BytesIO object at 0x000001FF3FA9CEF0>,0.7446271777153015,0.0326763391494751,0.34001779556274414,142615,33,2,False,Left,Front,Left,Centre,58
<_io.BytesIO object at 0x000001FF3FA9C090>,0.6545819640159607,0.08423759043216705,-0.15009161829948425,142615,33,2,False,Left,Front,Left,Centre,58
<_io.BytesIO object at 0x000001FF3FA9C720>,0.6798768043518066,0.10014180839061737,-0.11997668445110321,142615,33,2,False,Left,Front,Left,Centre,58
<_io.BytesIO object at 0x000001FF3FA9C6D0>,0.6037850379943848,0.1146489605307579,-0.09770594537258148,142615,33,2,False,Left,Front,Left,Centre,58
<_io.BytesIO object at 0x000001FF3FA9C130>,0.7054961919784546,0.06863169372081757,-0.10465169697999954,142615,33,2,False,Left,Front,Left,Centre,58
<_io.BytesIO object at 0x000001FF3FA9C400>,0.6696380376815796,0.05893624946475029,-0.059399545192718506,142615,33,2,False,Left,Front,Left,Centre,58
<_io.BytesIO object at 0x000001FF3CCB10E0>,0.697841227054596,0.11165675520896912,0.3626469671726227,142616,33,2,False,Left,Front,Left,Centre,58
<_io.BytesIO object at 0x000001FF3CCB1310>,0.7034446001052856,0.08226402848958969,0.3007947504520416,142616,33,2,False,Left,Front,Left,Centre,58
<_io.BytesIO object at 0x000001FF3FA91220>,0.7150605320930481,0.12485364079475403,0.28827300667762756,142616,33,2,False,Left,Front,Left,Centre,58
<_io.BytesIO object at 0x000001FF3FA91860>,0.7351832985877991,0.056589916348457336,0.28417450189590454,142616,33,2,False,Left,Front,Left,Centre,58
<_io.BytesIO object at 0x000001FF3FA91C20>,0.7446271777153015,0.0326763391494751,0.34001779556274414,142616,33,2,False,Left,Front,Left,Centre,58
<_io.BytesIO object at 0x000001FF3FA91540>,0.6544728875160217,0.08549459278583527,-0.14974072575569153,142616,33,2,False,Left,Front,Left,Centre,58
<_io.BytesIO object at 0x000001FF3FA916D0>,0.6797971725463867,0.10168492794036865,-0.11997364461421967,142616,33,2,False,Left,Front,Left,Centre,58
<_io.BytesIO object at 0x000001FF3FA91E50>,0.604085385799408,0.11715574562549591,-0.09766322374343872,142616,33,2,False,Left,Front,Left,Centre,58
<_io.BytesIO object at 0x000001FF3FA91770>,0.7051910758018494,0.07012644410133362,-0.10438263416290283,142616,33,2,False,Left,Front,Left,Centre,58
<_io.BytesIO object at 0x000001FF3FA914A0>,0.6694734692573547,0.06124860420823097,-0.058977968990802765,142616,33,2,False,Left,Front,Left,Centre,58
<_io.BytesIO object at 0x000001FF3CCB1950>,0.697841227054596,0.11165675520896912,0.3626469671726227,142617,33,2,False,Left,Front,Left,Centre,58
<_io.BytesIO object at 0x000001FF3CCB1720>,0.7034446001052856,0.08226402848958969,0.3007947504520416,142617,33,2,False,Left,Front,Left,Centre,58
<_io.BytesIO object at 0x000001FF3CCB1770>,0.7150605320930481,0.12485364079475403,0.28827300667762756,142617,33,2,False,Left,Front,Left,Centre,58
<_io.BytesIO object at 0x000001FF3CCB1DB0>,0.7351832985877991,0.056589916348457336,0.28417450189590454,142617,33,2,False,Left,Front,Left,Centre,58
<_io.BytesIO object at 0x000001FF3CCB1F40>,0.7446271777153015,0.0326763391494751,0.34001779556274414,142617,33,2,False,Left,Front,Left,Centre,58
<_io.BytesIO object at 0x000001FF3FA91C20>,0.6541135907173157,0.0867597833275795,-0.14950190484523773,142617,33,2,False,Left,Front,Left,Centre,58
<_io.BytesIO object at 0x000001FF3FA91630>,0.6797318458557129,0.10305537283420563,-0.12001117318868637,142617,33,2,False,Left,Front,Left,Centre,58
<_io.BytesIO object at 0x000001FF3FA915E0>,0.6041435599327087,0.11946331709623337,-0.0976966917514801,142617,33,2,False,Left,Front,Left,Centre,58
<_io.BytesIO object at 0x000001FF3FA910E0>,0.7047966718673706,0.07153954356908798,-0.10416243225336075,142617,33,2,False,Left,Front,Left,Centre,58
<_io.BytesIO object at 0x000001FF3FA91E00>,0.6693118810653687,0.0635347068309784,-0.0586317703127861,142617,33,2,False,Left,Front,Left,Centre,58
<_io.BytesIO object at 0x000001FF3CCB1180>,0.697841227054596,0.11165675520896912,0.3626469671726227,142618,33,2,False,Left,Front,Left,Centre,58
<_io.BytesIO object at 0x000001FF3FA91EA0>,0.7034446001052856,0.08226402848958969,0.3007947504520416,142618,33,2,False,Left,Front,Left,Centre,58
<_io.BytesIO object at 0x000001FF3FA91220>,0.7150605320930481,0.12485364079475403,0.28827300667762756,142618,33,2,False,Left,Front,Left,Centre,58
<_io.BytesIO object at 0x000001FF3FA91F90>,0.7351832985877991,0.056589916348457336,0.28417450189590454,142618,33,2,False,Left,Front,Left,Centre,58
<_io.BytesIO object at 0x000001FF3FA91860>,0.7446271777153015,0.0326763391494751,0.34001779556274414,142618,33,2,False,Left,Front,Left,Centre,58
<_io.BytesIO object at 0x000001FF3FA91590>,0.6553114056587219,0.08882222324609756,-0.1496833860874176,142618,33,2,False,Left,Front,Left,Centre,58
<_io.BytesIO object at 0x000001FF3FA91130>,0.6795908212661743,0.10438281297683716,-0.12023148685693741,142618,33,2,False,Left,Front,Left,Centre,58
<_io.BytesIO object at 0x000001FF38015810>,0.604263424873352,0.12164891511201859,-0.09774499386548996,142618,33,2,False,Left,Front,Left,Centre,58
<_io.BytesIO object at 0x000001FF380152C0>,0.7042974829673767,0.07281531393527985,-0.10415996611118317,142618,33,2,False,Left,Front,Left,Centre,58
<_io.BytesIO object at 0x000001FF3FA9C720>,0.6691300272941589,0.06579592823982239,-0.05831987410783768,142618,33,2,False,Left,Front,Left,Centre,58
<_io.BytesIO object at 0x000001FF38015590>,0.697841227054596,0.11165675520896912,0.3626469671726227,142619,33,2,False,Left,Front,Left,Centre,58
<_io.BytesIO object at 0x000001FF380156D0>,0.7034446001052856,0.08226402848958969,0.3007947504520416,142619,33,2,False,Left,Front,Left,Centre,58
<_io.BytesIO object at 0x000001FF3FA91E00>,0.7150605320930481,0.12485364079475403,0.28827300667762756,142619,33,2,False,Left,Front,Left,Centre,58
<_io.BytesIO object at 0x000001FF3FA91EA0>,0.7351832985877991,0.056589916348457336,0.28417450189590454,142619,33,2,False,Left,Front,Left,Centre,58
<_io.BytesIO object at 0x000001FF3FA91F90>,0.7446271777153015,0.0326763391494751,0.34001779556274414,142619,33,2,False,Left,Front,Left,Centre,58
<_io.BytesIO object at 0x000001FF3FA91B80>,0.6571885347366333,0.09210808575153351,-0.15022964775562286,142619,33,2,False,Left,Front,Left,Centre,58
<_io.BytesIO object at 0x000001FF3FA916D0>,0.679291844367981,0.105610191822052,-0.12041894346475601,142619,33,2,False,Left,Front,Left,Centre,58
<_io.BytesIO object at 0x000001FF3CCB1A90>,0.6042438745498657,0.12360245734453201,-0.09783698618412018,142619,33,2,False,Left,Front,Left,Centre,58
<_io.BytesIO object at 0x000001FF3CCB1310>,0.7040117383003235,0.07409600913524628,-0.10411570966243744,142619,33,2,False,Left,Front,Left,Centre,58
<_io.BytesIO object at 0x000001FF3CCB1450>,0.6689881682395935,0.06791380792856216,-0.05805733799934387,142619,33,2,False,Left,Front,Left,Centre,58
<_io.BytesIO object at 0x000001FF3FA91860>,0.697841227054596,0.11165675520896912,0.3626469671726227,142620,33,2,False,Left,Front,Left,Centre,58
<_io.BytesIO object at 0x000001FF3FA91C20>,0.7034446001052856,0.08226402848958969,0.3007947504520416,142620,33,2,False,Left,Front,Left,Centre,58
<_io.BytesIO object at 0x000001FF3FA91090>,0.7150605320930481,0.12485364079475403,0.28827300667762756,142620,33,2,False,Left,Front,Left,Centre,58
<_io.BytesIO object at 0x000001FF3CCB1E50>,0.7351832985877991,0.056589916348457336,0.28417450189590454,142620,33,2,False,Left,Front,Left,Centre,58
<_io.BytesIO object at 0x000001FF3CCB1EF0>,0.7446271777153015,0.0326763391494751,0.34001779556274414,142620,33,2,False,Left,Front,Left,Centre,58
<_io.BytesIO object at 0x000001FF3CCB1180>,0.6595379114151001,0.0956636443734169,-0.15110883116722107,142620,33,2,False,Left,Front,Left,Centre,58
<_io.BytesIO object at 0x000001FF3CCB14A0>,0.6790522933006287,0.10683406889438629,-0.12051026523113251,142620,33,2,False,Left,Front,Left,Centre,58
<_io.BytesIO object at 0x000001FF3CCB16D0>,0.6042495965957642,0.1253759264945984,-0.09799231588840485,142620,33,2,False,Left,Front,Left,Centre,58
<_io.BytesIO object at 0x000001FF3CCB1CC0>,0.7037457227706909,0.07515749335289001,-0.10403691977262497,142620,33,2,False,Left,Front,Left,Centre,58
<_io.BytesIO object at 0x000001FF3FA9C090>,0.668775737285614,0.06985192745923996,-0.0577828474342823,142620,33,2,False,Left,Front,Left,Centre,58
<_io.BytesIO object at 0x000001FF3CCB14F0>,0.697841227054596,0.11165675520896912,0.3626469671726227,142621,33,2,False,Left,Front,Left,Centre,58
<_io.BytesIO object at 0x000001FF38015590>,0.7034446001052856,0.08226402848958969,0.3007947504520416,142621,33,2,False,Left,Front,Left,Centre,58
<_io.BytesIO object at 0x000001FF3FA91860>,0.7150605320930481,0.12485364079475403,0.28827300667762756,142621,33,2,False,Left,Front,Left,Centre,58
<_io.BytesIO object at 0x000001FF3FA91EF0>,0.7351832985877991,0.056589916348457336,0.28417450189590454,142621,33,2,False,Left,Front,Left,Centre,58
<_io.BytesIO object at 0x000001FF3FA91E50>,0.7446271777153015,0.0326763391494751,0.34001779556274414,142621,33,2,False,Left,Front,Left,Centre,58
<_io.BytesIO object at 0x000001FF3FA919A0>,0.6619709730148315,0.09908241033554077,-0.15182723104953766,142621,33,2,False,Left,Front,Left,Centre,58
<_io.BytesIO object at 0x000001FF3FA91310>,0.6789710521697998,0.10786330699920654,-0.1206546425819397,142621,33,2,False,Left,Front,Left,Centre,58
<_io.BytesIO object at 0x000001FF3FA91BD0>,0.6042227149009705,0.12701547145843506,-0.09817752987146378,142621,33,2,False,Left,Front,Left,Centre,58
<_io.BytesIO object at 0x000001FF3FA91900>,0.7035091519355774,0.07618341594934464,-0.10405591130256653,142621,33,2,False,Left,Front,Left,Centre,58
<_io.BytesIO object at 0x000001FF3FA91400>,0.6685055494308472,0.07158607989549637,-0.05750348046422005,142621,33,2,False,Left,Front,Left,Centre,58
<_io.BytesIO object at 0x000001FF38015220>,0.697841227054596,0.11165675520896912,0.3626469671726227,142622,33,2,False,Left,Front,Left,Centre,58
<_io.BytesIO object at 0x000001FF380156D0>,0.7034446001052856,0.08226402848958969,0.3007947504520416,142622,33,2,False,Left,Front,Left,Centre,58
<_io.BytesIO object at 0x000001FF3FA912C0>,0.7150605320930481,0.12485364079475403,0.28827300667762756,142622,33,2,False,Left,Front,Left,Centre,58
<_io.BytesIO object at 0x000001FF3FA91D60>,0.7351832985877991,0.056589916348457336,0.28417450189590454,142622,33,2,False,Left,Front,Left,Centre,58
<_io.BytesIO object at 0x000001FF3FA91680>,0.7446271777153015,0.0326763391494751,0.34001779556274414,142622,33,2,False,Left,Front,Left,Centre,58
<_io.BytesIO object at 0x000001FF3FA91180>,0.6641651391983032,0.10214617103338242,-0.15247046947479248,142622,33,2,False,Left,Front,Left,Centre,58
<_io.BytesIO object at 0x000001FF3FA91BD0>,0.6787246465682983,0.10883858799934387,-0.12063418328762054,142622,33,2,False,Left,Front,Left,Centre,58
<_io.BytesIO object at 0x000001FF3FA91E00>,0.6041637659072876,0.12840770184993744,-0.09846677631139755,142622,33,2,False,Left,Front,Left,Centre,58
<_io.BytesIO object at 0x000001FF3CCB1F90>,0.7033311724662781,0.07712478190660477,-0.10398201644420624,142622,33,2,False,Left,Front,Left,Centre,58
<_io.BytesIO object at 0x000001FF3CCB1950>,0.6682630181312561,0.07322629541158676,-0.05721142143011093,142622,33,2,False,Left,Front,Left,Centre,58
<_io.BytesIO object at 0x000001FF3CCB1680>,0.697841227054596,0.11165675520896912,0.3626469671726227,142623,33,2,False,Left,Front,Left,Centre,58
<_io.BytesIO object at 0x000001FF3CCB1D10>,0.7034446001052856,0.08226402848958969,0.3007947504520416,142623,33,2,False,Left,Front,Left,Centre,58
<_io.BytesIO object at 0x000001FF3CCB1450>,0.7150605320930481,0.12485364079475403,0.28827300667762756,142623,33,2,False,Left,Front,Left,Centre,58
<_io.BytesIO object at 0x000001FF3CCB1770>,0.7351832985877991,0.056589916348457336,0.28417450189590454,142623,33,2,False,Left,Front,Left,Centre,58
<_io.BytesIO object at 0x000001FF3FA9CEF0>,0.7446271777153015,0.0326763391494751,0.34001779556274414,142623,33,2,False,Left,Front,Left,Centre,58
<_io.BytesIO object at 0x000001FF3FA9C860>,0.6660412549972534,0.10469191521406174,-0.15296268463134766,142623,33,2,False,Left,Front,Left,Centre,58
<_io.BytesIO object at 0x000001FF3FA9C8B0>,0.6786732077598572,0.10966452956199646,-0.1206001564860344,142623,33,2,False,Left,Front,Left,Centre,58
<_io.BytesIO object at 0x000001FF3FA9CAE0>,0.6041039228439331,0.12945865094661713,-0.09874306619167328,142623,33,2,False,Left,Front,Left,Centre,58
<_io.BytesIO object at 0x000001FF3FA9CF40>,0.7030768394470215,0.07806068658828735,-0.1038283109664917,142623,33,2,False,Left,Front,Left,Centre,58
<_io.BytesIO object at 0x000001FF3FA9C900>,0.6680169105529785,0.07476136833429337,-0.05685489997267723,142623,33,2,False,Left,Front,Left,Centre,58
<_io.BytesIO object at 0x000001FF3CCB1EA0>,0.697841227054596,0.11165675520896912,0.3626469671726227,142624,33,2,False,Left,Front,Left,Centre,58
<_io.BytesIO object at 0x000001FF3CCB13B0>,0.7034446001052856,0.08226402848958969,0.3007947504520416,142624,33,2,False,Left,Front,Left,Centre,58
<_io.BytesIO object at 0x000001FF3FA919F0>,0.7150605320930481,0.12485364079475403,0.28827300667762756,142624,33,2,False,Left,Front,Left,Centre,58
<_io.BytesIO object at 0x000001FF3FA91590>,0.7351832985877991,0.056589916348457336,0.28417450189590454,142624,33,2,False,Left,Front,Left,Centre,58
<_io.BytesIO object at 0x000001FF3FA91CC0>,0.7446271777153015,0.0326763391494751,0.34001779556274414,142624,33,2,False,Left,Front,Left,Centre,58
<_io.BytesIO object at 0x000001FF3FA91220>,0.6673616766929626,0.10661258548498154,-0.15323542058467865,142624,33,2,False,Left,Front,Left,Centre,58
<_io.BytesIO object at 0x000001FF3FA91130>,0.678512454032898,0.11056874692440033,-0.1204756423830986,142624,33,2,False,Left,Front,Left,Centre,58
<_io.BytesIO object at 0x000001FF3FA91270>,0.6040412187576294,0.1304788738489151,-0.09898075461387634,142624,33,2,False,Left,Front,Left,Centre,58
<_io.BytesIO object at 0x000001FF3FA91540>,0.7031798958778381,0.0788496807217598,-0.10369644314050674,142624,33,2,False,Left,Front,Left,Centre,58
<_io.BytesIO object at 0x000001FF38015400>,0.6678500175476074,0.07632911950349808,-0.056496426463127136,142624,33,2,False,Left,Front,Left,Centre,58
<_io.BytesIO object at 0x000001FF3CCB19F0>,0.697841227054596,0.11165675520896912,0.3626469671726227,142625,33,2,False,Left,Front,Left,Centre,58
<_io.BytesIO object at 0x000001FF3CCB19A0>,0.7034446001052856,0.08226402848958969,0.3007947504520416,142625,33,2,False,Left,Front,Left,Centre,58
<_io.BytesIO object at 0x000001FF3CCB1E00>,0.7150605320930481,0.12485364079475403,0.28827300667762756,142625,33,2,False,Left,Front,Left,Centre,58
<_io.BytesIO object at 0x000001FF3CCB1F90>,0.7351832985877991,0.056589916348457336,0.28417450189590454,142625,33,2,False,Left,Front,Left,Centre,58
<_io.BytesIO object at 0x000001FF3FA9CEF0>,0.7446271777153015,0.0326763391494751,0.34001779556274414,142625,33,2,False,Left,Front,Left,Centre,58
<_io.BytesIO object at 0x000001FF3CCB1860>,0.6682129502296448,0.10797255486249924,-0.15334488451480865,142625,33,2,False,Left,Front,Left,Centre,58
<_io.BytesIO object at 0x000001FF3CCB1C70>,0.6784992218017578,0.11117861419916153,-0.12028849869966507,142625,33,2,False,Left,Front,Left,Centre,58
<_io.BytesIO object at 0x000001FF3CCB1040>,0.6040201783180237,0.131269633769989,-0.09919597953557968,142625,33,2,False,Left,Front,Left,Centre,58
<_io.BytesIO object at 0x000001FF3CCB1E50>,0.7031853199005127,0.07955075800418854,-0.10348407924175262,142625,33,2,False,Left,Front,Left,Centre,58
<_io.BytesIO object at 0x000001FF3CCB15E0>,0.6676831841468811,0.07750058174133301,-0.056013330817222595,142625,33,2,False,Left,Front,Left,Centre,58
<_io.BytesIO object at 0x000001FF3CCB1F40>,0.697841227054596,0.11165675520896912,0.3626469671726227,142626,33,2,False,Left,Front,Left,Centre,58
<_io.BytesIO object at 0x000001FF3CCB19A0>,0.7034446001052856,0.08226402848958969,0.3007947504520416,142626,33,2,False,Left,Front,Left,Centre,58
<_io.BytesIO object at 0x000001FF3CCB1860>,0.7150605320930481,0.12485364079475403,0.28827300667762756,142626,33,2,False,Left,Front,Left,Centre,58
<_io.BytesIO object at 0x000001FF3CCB1900>,0.7351832985877991,0.056589916348457336,0.28417450189590454,142626,33,2,False,Left,Front,Left,Centre,58
<_io.BytesIO object at 0x000001FF3CCB14A0>,0.7446271777153015,0.0326763391494751,0.34001779556274414,142626,33,2,False,Left,Front,Left,Centre,58
<_io.BytesIO object at 0x000001FF3FA91B30>,0.6686782240867615,0.10876691341400146,-0.15331532061100006,142626,33,2,False,Left,Front,Left,Centre,58
<_io.BytesIO object at 0x000001FF3FA91CC0>,0.6785104870796204,0.11181192845106125,-0.1200437843799591,142626,33,2,False,Left,Front,Left,Centre,58
<_io.BytesIO object at 0x000001FF3FA91E00>,0.6039717197418213,0.13197113573551178,-0.09937338531017303,142626,33,2,False,Left,Front,Left,Centre,58
<_io.BytesIO object at 0x000001FF3FA91F40>,0.7032467722892761,0.08012270927429199,-0.10323954373598099,142626,33,2,False,Left,Front,Left,Centre,58
<_io.BytesIO object at 0x000001FF3FA91EA0>,0.6675125360488892,0.07851480692625046,-0.055543940514326096,142626,33,2,False,Left,Front,Left,Centre,58
<_io.BytesIO object at 0x000001FF3CCB1BD0>,0.697841227054596,0.11165675520896912,0.3626469671726227,142627,33,2,False,Left,Front,Left,Centre,58
<_io.BytesIO object at 0x000001FF3CCB14F0>,0.7034446001052856,0.08226402848958969,0.3007947504520416,142627,33,2,False,Left,Front,Left,Centre,58
<_io.BytesIO object at 0x000001FF3CCB1B30>,0.7150605320930481,0.12485364079475403,0.28827300667762756,142627,33,2,False,Left,Front,Left,Centre,58
<_io.BytesIO object at 0x000001FF3CCB1310>,0.7351832985877991,0.056589916348457336,0.28417450189590454,142627,33,2,False,Left,Front,Left,Centre,58
<_io.BytesIO object at 0x000001FF3CCB1A40>,0.7446271777153015,0.0326763391494751,0.34001779556274414,142627,33,2,False,Left,Front,Left,Centre,58
<_io.BytesIO object at 0x000001FF3FA91D10>,0.6687691807746887,0.10917199403047562,-0.15311862528324127,142627,33,2,False,Left,Front,Left,Centre,58
<_io.BytesIO object at 0x000001FF3FA91F90>,0.6786033511161804,0.11232109367847443,-0.11984976381063461,142627,33,2,False,Left,Front,Left,Centre,58
<_io.BytesIO object at 0x000001FF3FA91180>,0.6039826273918152,0.13241098821163177,-0.09941326081752777,142627,33,2,False,Left,Front,Left,Centre,58
<_io.BytesIO object at 0x000001FF3FA91540>,0.7033559083938599,0.08064299076795578,-0.10296019911766052,142627,33,2,False,Left,Front,Left,Centre,58
<_io.BytesIO object at 0x000001FF3FA91A40>,0.6674497127532959,0.07941082864999771,-0.055016614496707916,142627,33,2,False,Left,Front,Left,Centre,58
<_io.BytesIO object at 0x000001FF3CCB16D0>,0.697841227054596,0.11165675520896912,0.3626469671726227,142628,33,2,False,Left,Front,Left,Centre,58
<_io.BytesIO object at 0x000001FF3CCB15E0>,0.7034446001052856,0.08226402848958969,0.3007947504520416,142628,33,2,False,Left,Front,Left,Centre,58
<_io.BytesIO object at 0x000001FF3FA91E00>,0.7150605320930481,0.12485364079475403,0.28827300667762756,142628,33,2,False,Left,Front,Left,Centre,58
<_io.BytesIO object at 0x000001FF3FA91A90>,0.7351832985877991,0.056589916348457336,0.28417450189590454,142628,33,2,False,Left,Front,Left,Centre,58
<_io.BytesIO object at 0x000001FF3FA91090>,0.7446271777153015,0.0326763391494751,0.34001779556274414,142628,33,2,False,Left,Front,Left,Centre,58
<_io.BytesIO object at 0x000001FF3FA91630>,0.6686046123504639,0.109202079474926,-0.1528487205505371,142628,33,2,False,Left,Front,Left,Centre,58
<_io.BytesIO object at 0x000001FF3FA912C0>,0.6786252856254578,0.11262744665145874,-0.11965066939592361,142628,33,2,False,Left,Front,Left,Centre,58
<_io.BytesIO object at 0x000001FF3FA91400>,0.6040358543395996,0.13271236419677734,-0.09935648739337921,142628,33,2,False,Left,Front,Left,Centre,58
<_io.BytesIO object at 0x000001FF380152C0>,0.703528642654419,0.08107657730579376,-0.10265866667032242,142628,33,2,False,Left,Front,Left,Centre,58
<_io.BytesIO object at 0x000001FF38015590>,0.6675336956977844,0.08017461746931076,-0.05447684973478317,142628,33,2,False,Left,Front,Left,Centre,58
<_io.BytesIO object at 0x000001FF3FA917C0>,0.697841227054596,0.11165675520896912,0.3626469671726227,142629,33,2,False,Left,Front,Left,Centre,58
<_io.BytesIO object at 0x000001FF3FA91C20>,0.7034446001052856,0.08226402848958969,0.3007947504520416,142629,33,2,False,Left,Front,Left,Centre,58
<_io.BytesIO object at 0x000001FF38015180>,0.7150605320930481,0.12485364079475403,0.28827300667762756,142629,33,2,False,Left,Front,Left,Centre,58
<_io.BytesIO object at 0x000001FF3CCB14F0>,0.7351832985877991,0.056589916348457336,0.28417450189590454,142629,33,2,False,Left,Front,Left,Centre,58
<_io.BytesIO object at 0x000001FF3CCB1450>,0.7446271777153015,0.0326763391494751,0.34001779556274414,142629,33,2,False,Left,Front,Left,Centre,58
<_io.BytesIO object at 0x000001FF3CCB1BD0>,0.6682527661323547,0.10896257311105728,-0.15239769220352173,142629,33,2,False,Left,Front,Left,Centre,58
<_io.BytesIO object at 0x000001FF3CCB1680>,0.6786684393882751,0.1128290593624115,-0.11940284818410873,142629,33,2,False,Left,Front,Left,Centre,58
<_io.BytesIO object at 0x000001FF3CCB19F0>,0.6041029095649719,0.13284790515899658,-0.09923690557479858,142629,33,2,False,Left,Front,Left,Centre,58
<_io.BytesIO object at 0x000001FF3CCB1AE0>,0.7036985754966736,0.081397145986557,-0.10231933742761612,142629,33,2,False,Left,Front,Left,Centre,58
<_io.BytesIO object at 0x000001FF3CCB1540>,0.6676654815673828,0.08069320768117905,-0.053899746388196945,142629,33,2,False,Left,Front,Left,Centre,58
<_io.BytesIO object at 0x000001FF3CCB19A0>,0.697841227054596,0.11165675520896912,0.3626469671726227,142630,33,2,False,Left,Front,Left,Centre,58
<_io.BytesIO object at 0x000001FF38015400>,0.7034446001052856,0.08226402848958969,0.3007947504520416,142630,33,2,False,Left,Front,Left,Centre,58
<_io.BytesIO object at 0x000001FF3FA91C20>,0.7150605320930481,0.12485364079475403,0.28827300667762756,142630,33,2,False,Left,Front,Left,Centre,58
<_io.BytesIO object at 0x000001FF3FA91B80>,0.7351832985877991,0.056589916348457336,0.28417450189590454,142630,33,2,False,Left,Front,Left,Centre,58
<_io.BytesIO object at 0x000001FF3FA91310>,0.7446271777153015,0.0326763391494751,0.34001779556274414,142630,33,2,False,Left,Front,Left,Centre,58
<_io.BytesIO object at 0x000001FF3FA91090>,0.667836606502533,0.10833606868982315,-0.1518474519252777,142630,33,2,False,Left,Front,Left,Centre,58
<_io.BytesIO object at 0x000001FF3FA91180>,0.6787394285202026,0.11297623813152313,-0.11907970160245895,142630,33,2,False,Left,Front,Left,Centre,58
<_io.BytesIO object at 0x000001FF3FA91860>,0.6042034029960632,0.13281631469726562,-0.09900648891925812,142630,33,2,False,Left,Front,Left,Centre,58
<_io.BytesIO object at 0x000001FF3FA919F0>,0.7038782238960266,0.08149345964193344,-0.10205264389514923,142630,33,2,False,Left,Front,Left,Centre,58
<_io.BytesIO object at 0x000001FF3FA91D10>,0.6678318977355957,0.08105780184268951,-0.05337948352098465,142630,33,2,False,Left,Front,Left,Centre,58
<_io.BytesIO object at 0x000001FF3CCB19F0>,0.697841227054596,0.11165675520896912,0.3626469671726227,142631,33,2,False,Left,Front,Left,Centre,58
<_io.BytesIO object at 0x000001FF3CCB16D0>,0.7034446001052856,0.08226402848958969,0.3007947504520416,142631,33,2,False,Left,Front,Left,Centre,58
<_io.BytesIO object at 0x000001FF38015900>,0.7150605320930481,0.12485364079475403,0.28827300667762756,142631,33,2,False,Left,Front,Left,Centre,58
<_io.BytesIO object at 0x000001FF38015360>,0.7351832985877991,0.056589916348457336,0.28417450189590454,142631,33,2,False,Left,Front,Left,Centre,58
<_io.BytesIO object at 0x000001FF3FA9CC20>,0.7446271777153015,0.0326763391494751,0.34001779556274414,142631,33,2,False,Left,Front,Left,Centre,58
<_io.BytesIO object at 0x000001FF3FA9C4F0>,0.6672225594520569,0.10753734409809113,-0.15136459469795227,142631,33,2,False,Left,Front,Left,Centre,58
<_io.BytesIO object at 0x000001FF3FA9C0E0>,0.678827702999115,0.11291193962097168,-0.11874717473983765,142631,33,2,False,Left,Front,Left,Centre,58
<_io.BytesIO object at 0x000001FF3FA9CDB0>,0.6042901873588562,0.13270236551761627,-0.09869831800460815,142631,33,2,False,Left,Front,Left,Centre,58
<_io.BytesIO object at 0x000001FF3FA9CA40>,0.7040621638298035,0.08147585391998291,-0.10177524387836456,142631,33,2,False,Left,Front,Left,Centre,58
<_io.BytesIO object at 0x000001FF3FA9C770>,0.6681432723999023,0.0812457874417305,-0.0528128407895565,142631,33,2,False,Left,Front,Left,Centre,58
<_io.BytesIO object at 0x000001FF3CCB1B30>,0.697841227054596,0.11165675520896912,0.3626469671726227,142632,33,2,False,Left,Front,Left,Centre,58
<_io.BytesIO object at 0x000001FF3CCB1720>,0.7034446001052856,0.08226402848958969,0.3007947504520416,142632,33,2,False,Left,Front,Left,Centre,58
<_io.BytesIO object at 0x000001FF3FA91B80>,0.7150605320930481,0.12485364079475403,0.28827300667762756,142632,33,2,False,Left,Front,Left,Centre,58
<_io.BytesIO object at 0x000001FF3FA91F40>,0.7351832985877991,0.056589916348457336,0.28417450189590454,142632,33,2,False,Left,Front,Left,Centre,58
<_io.BytesIO object at 0x000001FF3FA91BD0>,0.7446271777153015,0.0326763391494751,0.34001779556274414,142632,33,2,False,Left,Front,Left,Centre,58
<_io.BytesIO object at 0x000001FF3FA91950>,0.666528046131134,0.10666859894990921,-0.15081867575645447,142632,33,2,False,Left,Front,Left,Centre,58
<_io.BytesIO object at 0x000001FF3FA916D0>,0.6789652109146118,0.11275075376033783,-0.1183171197772026,142632,33,2,False,Left,Front,Left,Centre,58
<_io.BytesIO object at 0x000001FF3FA914A0>,0.6043680906295776,0.13240045309066772,-0.09823822230100632,142632,33,2,False,Left,Front,Left,Centre,58
<_io.BytesIO object at 0x000001FF3FA91860>,0.7042602896690369,0.08131472021341324,-0.10154277831315994,142632,33,2,False,Left,Front,Left,Centre,58
<_io.BytesIO object at 0x000001FF3FA91A90>,0.6685680150985718,0.081280916929245,-0.052230801433324814,142632,33,2,False,Left,Front,Left,Centre,58
<_io.BytesIO object at 0x000001FF3FA91CC0>,0.697841227054596,0.11165675520896912,0.3626469671726227,142633,33,2,False,Left,Front,Left,Centre,58
<_io.BytesIO object at 0x000001FF3FA91180>,0.7034446001052856,0.08226402848958969,0.3007947504520416,142633,33,2,False,Left,Front,Left,Centre,58
<_io.BytesIO object at 0x000001FF38015090>,0.7150605320930481,0.12485364079475403,0.28827300667762756,142633,33,2,False,Left,Front,Left,Centre,58
<_io.BytesIO object at 0x000001FF3CCB1720>,0.7351832985877991,0.056589916348457336,0.28417450189590454,142633,33,2,False,Left,Front,Left,Centre,58
<_io.BytesIO object at 0x000001FF3CCB1AE0>,0.7446271777153015,0.0326763391494751,0.34001779556274414,142633,33,2,False,Left,Front,Left,Centre,58
<_io.BytesIO object at 0x000001FF3CCB1E50>,0.6659644246101379,0.10568725317716599,-0.15016742050647736,142633,33,2,False,Left,Front,Left,Centre,58
<_io.BytesIO object at 0x000001FF3CCB1EA0>,0.6790654063224792,0.11246247589588165,-0.11797437071800232,142633,33,2,False,Left,Front,Left,Centre,58
<_io.BytesIO object at 0x000001FF3CCB1A40>,0.6045494079589844,0.1319459080696106,-0.09756477177143097,142633,33,2,False,Left,Front,Left,Centre,58
<_io.BytesIO object at 0x000001FF3CCB19A0>,0.7044806480407715,0.08098385483026505,-0.10135288536548615,142633,33,2,False,Left,Front,Left,Centre,58
<_io.BytesIO object at 0x000001FF3CCB1A90>,0.6690504550933838,0.08105336129665375,-0.05171455442905426,142633,33,2,False,Left,Front,Left,Centre,58
<_io.BytesIO object at 0x000001FF3CCB18B0>,0.697841227054596,0.11165675520896912,0.3626469671726227,142634,33,2,False,Left,Front,Left,Centre,58
<_io.BytesIO object at 0x000001FF3CCB1EF0>,0.7034446001052856,0.08226402848958969,0.3007947504520416,142634,33,2,False,Left,Front,Left,Centre,58
<_io.BytesIO object at 0x000001FF3FA91180>,0.7150605320930481,0.12485364079475403,0.28827300667762756,142634,33,2,False,Left,Front,Left,Centre,58
<_io.BytesIO object at 0x000001FF3FA91E50>,0.7351832985877991,0.056589916348457336,0.28417450189590454,142634,33,2,False,Left,Front,Left,Centre,58
<_io.BytesIO object at 0x000001FF3FA918B0>,0.7446271777153015,0.0326763391494751,0.34001779556274414,142634,33,2,False,Left,Front,Left,Centre,58
<_io.BytesIO object at 0x000001FF3FA91590>,0.6653890013694763,0.10478678345680237,-0.1495252102613449,142634,33,2,False,Left,Front,Left,Centre,58
<_io.BytesIO object at 0x000001FF3FA91C20>,0.679363489151001,0.11211560666561127,-0.1175570860505104,142634,33,2,False,Left,Front,Left,Centre,58
<_io.BytesIO object at 0x000001FF3FA911D0>,0.6047442555427551,0.13152828812599182,-0.09678076952695847,142634,33,2,False,Left,Front,Left,Centre,58
<_io.BytesIO object at 0x000001FF3FA91A90>,0.7047868371009827,0.08057420700788498,-0.10105052590370178,142634,33,2,False,Left,Front,Left,Centre,58
<_io.BytesIO object at 0x000001FF3FA91130>,0.6696746945381165,0.08073514699935913,-0.051117975264787674,142634,33,2,False,Left,Front,Left,Centre,58
<_io.BytesIO object at 0x000001FF3FA91860>,0.697841227054596,0.11165675520896912,0.3626469671726227,142635,33,2,False,Left,Front,Left,Centre,58
<_io.BytesIO object at 0x000001FF3FA91590>,0.7034446001052856,0.08226402848958969,0.3007947504520416,142635,33,2,False,Left,Front,Left,Centre,58
<_io.BytesIO object at 0x000001FF3FA91EA0>,0.7150605320930481,0.12485364079475403,0.28827300667762756,142635,33,2,False,Left,Front,Left,Centre,58
<_io.BytesIO object at 0x000001FF3FA91310>,0.7351832985877991,0.056589916348457336,0.28417450189590454,142635,33,2,False,Left,Front,Left,Centre,58
<_io.BytesIO object at 0x000001FF3FA91BD0>,0.7446271777153015,0.0326763391494751,0.34001779556274414,142635,33,2,False,Left,Front,Left,Centre,58
<_io.BytesIO object at 0x000001FF3FA91F90>,0.6648879051208496,0.10399927198886871,-0.14887219667434692,142635,33,2,False,Left,Front,Left,Centre,58
<_io.BytesIO object at 0x000001FF3FA915E0>,0.6795615553855896,0.11171558499336243,-0.11699904501438141,142635,33,2,False,Left,Front,Left,Centre,58
<_io.BytesIO object at 0x000001FF3FA91A40>,0.6051798462867737,0.13091638684272766,-0.09577765315771103,142635,33,2,False,Left,Front,Left,Centre,58
<_io.BytesIO object at 0x000001FF3CCB1A90>,0.7049858570098877,0.08004077523946762,-0.1007336750626564,142635,33,2,False,Left,Front,Left,Centre,58
<_io.BytesIO object at 0x000001FF3CCB1900>,0.6703717112541199,0.0802079364657402,-0.05061568319797516,142635,33,2,False,Left,Front,Left,Centre,58
<_io.BytesIO object at 0x000001FF38015220>,0.697841227054596,0.11165675520896912,0.3626469671726227,142636,33,2,False,Left,Front,Left,Centre,58
<_io.BytesIO object at 0x000001FF380150E0>,0.7034446001052856,0.08226402848958969,0.3007947504520416,142636,33,2,False,Left,Front,Left,Centre,58
<_io.BytesIO object at 0x000001FF3FA91F40>,0.7150605320930481,0.12485364079475403,0.28827300667762756,142636,33,2,False,Left,Front,Left,Centre,58
<_io.BytesIO object at 0x000001FF3FA91A90>,0.7351832985877991,0.056589916348457336,0.28417450189590454,142636,33,2,False,Left,Front,Left,Centre,58
<_io.BytesIO object at 0x000001FF3FA91540>,0.7446271777153015,0.0326763391494751,0.34001779556274414,142636,33,2,False,Left,Front,Left,Centre,58
<_io.BytesIO object at 0x000001FF3FA91450>,0.6645960807800293,0.10320564359426498,-0.14804252982139587,142636,33,2,False,Left,Front,Left,Centre,58
<_io.BytesIO object at 0x000001FF3FA91090>,0.679818868637085,0.11109311878681183,-0.11637762188911438,142636,33,2,False,Left,Front,Left,Centre,58
<_io.BytesIO object at 0x000001FF3FA91EF0>,0.6054702401161194,0.13037709891796112,-0.09459736198186874,142636,33,2,False,Left,Front,Left,Centre,58
<_io.BytesIO object at 0x000001FF3CCB14F0>,0.7052661776542664,0.07939490675926208,-0.10047569870948792,142636,33,2,False,Left,Front,Left,Centre,58
<_io.BytesIO object at 0x000001FF3CCB1680>,0.6711252927780151,0.07946081459522247,-0.049988582730293274,142636,33,2,False,Left,Front,Left,Centre,58
<_io.BytesIO object at 0x000001FF3CCB1EA0>,0.697841227054596,0.11165675520896912,0.3626469671726227,142637,33,2,False,Left,Front,Left,Centre,58
<_io.BytesIO object at 0x000001FF3CCB10E0>,0.7034446001052856,0.08226402848958969,0.3007947504520416,142637,33,2,False,Left,Front,Left,Centre,58
<_io.BytesIO object at 0x000001FF3CCB1E00>,0.7150605320930481,0.12485364079475403,0.28827300667762756,142637,33,2,False,Left,Front,Left,Centre,58
<_io.BytesIO object at 0x000001FF3CCB1F40>,0.7351832985877991,0.056589916348457336,0.28417450189590454,142637,33,2,False,Left,Front,Left,Centre,58
<_io.BytesIO object at 0x000001FF3FA9C4F0>,0.7446271777153015,0.0326763391494751,0.34001779556274414,142637,33,2,False,Left,Front,Left,Centre,58
<_io.BytesIO object at 0x000001FF3FA9CDB0>,0.6643345952033997,0.10255292057991028,-0.14727725088596344,142637,33,2,False,Left,Front,Left,Centre,58
<_io.BytesIO object at 0x000001FF3FA9CEA0>,0.6801274418830872,0.11066349595785141,-0.1157819926738739,142637,33,2,False,Left,Front,Left,Centre,58
<_io.BytesIO object at 0x000001FF3FA9C2C0>,0.6059490442276001,0.1295970231294632,-0.09333984553813934,142637,33,2,False,Left,Front,Left,Centre,58
<_io.BytesIO object at 0x000001FF3FA9C680>,0.7056832313537598,0.07864754647016525,-0.1001291275024414,142637,33,2,False,Left,Front,Left,Centre,58
<_io.BytesIO object at 0x000001FF3FA9C090>,0.6719617247581482,0.07859716564416885,-0.049352891743183136,142637,33,2,False,Left,Front,Left,Centre,58
<_io.BytesIO object at 0x000001FF3FC26450>,0.697841227054596,0.11165675520896912,0.3626469671726227,142638,33,2,False,Left,Front,Left,Centre,58
<_io.BytesIO object at 0x000001FF3CC75720>,0.7034446001052856,0.08226402848958969,0.3007947504520416,142638,33,2,False,Left,Front,Left,Centre,58
<_io.BytesIO object at 0x000001FF3CC75900>,0.7150605320930481,0.12485364079475403,0.28827300667762756,142638,33,2,False,Left,Front,Left,Centre,58
<_io.BytesIO object at 0x000001FF3CC75090>,0.7351832985877991,0.056589916348457336,0.28417450189590454,142638,33,2,False,Left,Front,Left,Centre,58
<_io.BytesIO object at 0x000001FF3CC755E0>,0.7446271777153015,0.0326763391494751,0.34001779556274414,142638,33,2,False,Left,Front,Left,Centre,58
<_io.BytesIO object at 0x000001FF3CC75D10>,0.6643383502960205,0.10188361257314682,-0.14629317820072174,142638,33,2,False,Left,Front,Left,Centre,58
<_io.BytesIO object at 0x000001FF3CC730E0>,0.6807243824005127,0.10996482521295547,-0.11490633338689804,142638,33,2,False,Left,Front,Left,Centre,58
<_io.BytesIO object at 0x000001FF3CC737C0>,0.6064423322677612,0.12875540554523468,-0.09189339727163315,142638,33,2,False,Left,Front,Left,Centre,58
<_io.BytesIO object at 0x000001FF3CC73A90>,0.7061822414398193,0.07796462625265121,-0.0996728241443634,142638,33,2,False,Left,Front,Left,Centre,58
<_io.BytesIO object at 0x000001FF3CC73630>,0.6728754043579102,0.07761909812688828,-0.04869842901825905,142638,33,2,False,Left,Front,Left,Centre,58
<_io.BytesIO object at 0x000001FF3FACA360>,0.697841227054596,0.11165675520896912,0.3626469671726227,142639,33,2,False,Left,Front,Left,Centre,58
<_io.BytesIO object at 0x000001FF3FACA7C0>,0.7034446001052856,0.08226402848958969,0.3007947504520416,142639,33,2,False,Left,Front,Left,Centre,58
<_io.BytesIO object at 0x000001FF3CC5A6D0>,0.7150605320930481,0.12485364079475403,0.28827300667762756,142639,33,2,False,Left,Front,Left,Centre,58
<_io.BytesIO object at 0x000001FF3CC5A0E0>,0.7351832985877991,0.056589916348457336,0.28417450189590454,142639,33,2,False,Left,Front,Left,Centre,58
<_io.BytesIO object at 0x000001FF3CC5AC20>,0.7446271777153015,0.0326763391494751,0.34001779556274414,142639,33,2,False,Left,Front,Left,Centre,58
<_io.BytesIO object at 0x000001FF3CC5A7C0>,0.6645331978797913,0.10124216228723526,-0.145162433385849,142639,33,2,False,Left,Front,Left,Centre,58
<_io.BytesIO object at 0x000001FF3CC5ACC0>,0.6814092397689819,0.10933288931846619,-0.11405059695243835,142639,33,2,False,Left,Front,Left,Centre,58
<_io.BytesIO object at 0x000001FF3CC5AD60>,0.606968104839325,0.12795108556747437,-0.09041845798492432,142639,33,2,False,Left,Front,Left,Centre,58
<_io.BytesIO object at 0x000001FF3CC5E4A0>,0.7069118618965149,0.07733534276485443,-0.09909094125032425,142639,33,2,False,Left,Front,Left,Centre,58
<_io.BytesIO object at 0x000001FF3CC5EEA0>,0.6737070679664612,0.07631605118513107,-0.04786252602934837,142639,33,2,False,Left,Front,Left,Centre,58
<_io.BytesIO object at 0x000001FF3CC066D0>,0.697841227054596,0.11165675520896912,0.3626469671726227,142640,33,2,False,Left,Front,Left,Centre,58
<_io.BytesIO object at 0x000001FF3CC06C20>,0.7034446001052856,0.08226402848958969,0.3007947504520416,142640,33,2,False,Left,Front,Left,Centre,58
<_io.BytesIO object at 0x000001FF3CC06A40>,0.7150605320930481,0.12485364079475403,0.28827300667762756,142640,33,2,False,Left,Front,Left,Centre,58
<_io.BytesIO object at 0x000001FF3CC06860>,0.7351832985877991,0.056589916348457336,0.28417450189590454,142640,33,2,False,Left,Front,Left,Centre,58
<_io.BytesIO object at 0x000001FF3CCBAEA0>,0.7446271777153015,0.0326763391494751,0.34001779556274414,142640,33,2,False,Left,Front,Left,Centre,58
<_io.BytesIO object at 0x000001FF3CCBAC20>,0.6649423837661743,0.10066186636686325,-0.14400982856750488,142640,33,2,False,Left,Front,Left,Centre,58
<_io.BytesIO object at 0x000001FF3CCBAA90>,0.6819568872451782,0.10892076790332794,-0.11314836889505386,142640,33,2,False,Left,Front,Left,Centre,58
<_io.BytesIO object at 0x000001FF3CCBAE50>,0.6075851917266846,0.12713056802749634,-0.08895233273506165,142640,33,2,False,Left,Front,Left,Centre,58
<_io.BytesIO object at 0x000001FF3CCBA4A0>,0.7079213261604309,0.07687754929065704,-0.09836296737194061,142640,33,2,False,Left,Front,Left,Centre,58
<_io.BytesIO object at 0x000001FF3CCBA5E0>,0.674736738204956,0.0753789022564888,-0.0469340905547142,142640,33,2,False,Left,Front,Left,Centre,58
<_io.BytesIO object at 0x000001FF3CC5E4F0>,0.697841227054596,0.11165675520896912,0.3626469671726227,142641,33,2,False,Left,Front,Left,Centre,58
<_io.BytesIO object at 0x000001FF3CC5E450>,0.7034446001052856,0.08226402848958969,0.3007947504520416,142641,33,2,False,Left,Front,Left,Centre,58
<_io.BytesIO object at 0x000001FF3CC5EB30>,0.7150605320930481,0.12485364079475403,0.28827300667762756,142641,33,2,False,Left,Front,Left,Centre,58
<_io.BytesIO object at 0x000001FF3CC5A5E0>,0.7351832985877991,0.056589916348457336,0.28417450189590454,142641,33,2,False,Left,Front,Left,Centre,58
<_io.BytesIO object at 0x000001FF3CC5A310>,0.7446271777153015,0.0326763391494751,0.34001779556274414,142641,33,2,False,Left,Front,Left,Centre,58
<_io.BytesIO object at 0x000001FF3CC5AA90>,0.6655908226966858,0.10015887767076492,-0.1428726464509964,142641,33,2,False,Left,Front,Left,Centre,58
<_io.BytesIO object at 0x000001FF3CC5AEF0>,0.6826630234718323,0.10842858999967575,-0.1120528131723404,142641,33,2,False,Left,Front,Left,Centre,58
<_io.BytesIO object at 0x000001FF3CC5A0E0>,0.6082413196563721,0.12628665566444397,-0.08744612336158752,142641,33,2,False,Left,Front,Left,Centre,58
<_io.BytesIO object at 0x000001FF3CC5A040>,0.7088840007781982,0.0765097588300705,-0.09751667082309723,142641,33,2,False,Left,Front,Left,Centre,58
<_io.BytesIO object at 0x000001FF3CC5A810>,0.6758666038513184,0.074575275182724,-0.045899324119091034,142641,33,2,False,Left,Front,Left,Centre,58
<_io.BytesIO object at 0x000001FF3FACADB0>,0.697841227054596,0.11165675520896912,0.3626469671726227,142642,33,2,False,Left,Front,Left,Centre,58
<_io.BytesIO object at 0x000001FF3CC73DB0>,0.7034446001052856,0.08226402848958969,0.3007947504520416,142642,33,2,False,Left,Front,Left,Centre,58
<_io.BytesIO object at 0x000001FF3CC73A90>,0.7150605320930481,0.12485364079475403,0.28827300667762756,142642,33,2,False,Left,Front,Left,Centre,58
<_io.BytesIO object at 0x000001FF3CC73EF0>,0.7351832985877991,0.056589916348457336,0.28417450189590454,142642,33,2,False,Left,Front,Left,Centre,58
<_io.BytesIO object at 0x000001FF3CC73130>,0.7446271777153015,0.0326763391494751,0.34001779556274414,142642,33,2,False,Left,Front,Left,Centre,58
<_io.BytesIO object at 0x000001FF3CC759F0>,0.6664581894874573,0.09972032904624939,-0.14171084761619568,142642,33,2,False,Left,Front,Left,Centre,58
<_io.BytesIO object at 0x000001FF3CC754F0>,0.6835100650787354,0.10799209773540497,-0.11098188906908035,142642,33,2,False,Left,Front,Left,Centre,58
<_io.BytesIO object at 0x000001FF3CC754A0>,0.6090683937072754,0.12546364963054657,-0.08608736842870712,142642,33,2,False,Left,Front,Left,Centre,58
<_io.BytesIO object at 0x000001FF3CC75900>,0.7099855542182922,0.07609004527330399,-0.0966605469584465,142642,33,2,False,Left,Front,Left,Centre,58
<_io.BytesIO object at 0x000001FF3CC75310>,0.6770893931388855,0.07399725168943405,-0.04477023705840111,142642,33,2,False,Left,Front,Left,Centre,58
<_io.BytesIO object at 0x000001FF3FC26720>,0.697841227054596,0.11165675520896912,0.3626469671726227,142643,33,2,False,Left,Front,Left,Centre,58
<_io.BytesIO object at 0x000001FF3FA9CB80>,0.7034446001052856,0.08226402848958969,0.3007947504520416,142643,33,2,False,Left,Front,Left,Centre,58
<_io.BytesIO object at 0x000001FF3FA9C270>,0.7150605320930481,0.12485364079475403,0.28827300667762756,142643,33,2,False,Left,Front,Left,Centre,58
<_io.BytesIO object at 0x000001FF3FA9CD10>,0.7351832985877991,0.056589916348457336,0.28417450189590454,142643,33,2,False,Left,Front,Left,Centre,58
<_io.BytesIO object at 0x000001FF3FA9CEA0>,0.7446271777153015,0.0326763391494751,0.34001779556274414,142643,33,2,False,Left,Front,Left,Centre,58
<_io.BytesIO object at 0x000001FF3FA9C310>,0.6674444079399109,0.0993754044175148,-0.1405923068523407,142643,33,2,False,Left,Front,Left,Centre,58
<_io.BytesIO object at 0x000001FF3FA9C630>,0.6845259070396423,0.10754048079252243,-0.10996834933757782,142643,33,2,False,Left,Front,Left,Centre,58
<_io.BytesIO object at 0x000001FF3CCB18B0>,0.610052227973938,0.12479570508003235,-0.0846925601363182,142643,33,2,False,Left,Front,Left,Centre,58
<_io.BytesIO object at 0x000001FF3CCB1E00>,0.7110130190849304,0.07570215314626694,-0.09577301144599915,142643,33,2,False,Left,Front,Left,Centre,58
<_io.BytesIO object at 0x000001FF3CCB1C70>,0.6784615516662598,0.07362962514162064,-0.043672602623701096,142643,33,2,False,Left,Front,Left,Centre,58
<_io.BytesIO object at 0x000001FF3FA91540>,0.697841227054596,0.11165675520896912,0.3626469671726227,142644,33,2,False,Left,Front,Left,Centre,58
<_io.BytesIO object at 0x000001FF3FA91C20>,0.7034446001052856,0.08226402848958969,0.3007947504520416,142644,33,2,False,Left,Front,Left,Centre,58
<_io.BytesIO object at 0x000001FF38015400>,0.7150605320930481,0.12485364079475403,0.28827300667762756,142644,33,2,False,Left,Front,Left,Centre,58
<_io.BytesIO object at 0x000001FF3CCBAC20>,0.7351832985877991,0.056589916348457336,0.28417450189590454,142644,33,2,False,Left,Front,Left,Centre,58
<_io.BytesIO object at 0x000001FF3CCBA4A0>,0.7446271777153015,0.0326763391494751,0.34001779556274414,142644,33,2,False,Left,Front,Left,Centre,58
<_io.BytesIO object at 0x000001FF3CCBA630>,0.6684591174125671,0.09912008792161942,-0.13954463601112366,142644,33,2,False,Left,Front,Left,Centre,58
<_io.BytesIO object at 0x000001FF3CCBA180>,0.6854150295257568,0.10701969265937805,-0.10918807238340378,142644,33,2,False,Left,Front,Left,Centre,58
<_io.BytesIO object at 0x000001FF3CCBADB0>,0.6111743450164795,0.12438492476940155,-0.08333957940340042,142644,33,2,False,Left,Front,Left,Centre,58
<_io.BytesIO object at 0x000001FF3CCBA090>,0.7120280861854553,0.07527235895395279,-0.09494747966527939,142644,33,2,False,Left,Front,Left,Centre,58
<_io.BytesIO object at 0x000001FF3CCBA590>,0.6799479126930237,0.07343898713588715,-0.0425838828086853,142644,33,2,False,Left,Front,Left,Centre,58
<_io.BytesIO object at 0x000001FF3CCB3810>,0.697841227054596,0.11165675520896912,0.3626469671726227,142645,33,2,False,Left,Front,Left,Centre,58
<_io.BytesIO object at 0x000001FF3CCB3220>,0.7034446001052856,0.08226402848958969,0.3007947504520416,142645,33,2,False,Left,Front,Left,Centre,58
<_io.BytesIO object at 0x000001FF3CCB3900>,0.7150605320930481,0.12485364079475403,0.28827300667762756,142645,33,2,False,Left,Front,Left,Centre,58
<_io.BytesIO object at 0x000001FF3CCB3EA0>,0.7351832985877991,0.056589916348457336,0.28417450189590454,142645,33,2,False,Left,Front,Left,Centre,58
<_io.BytesIO object at 0x000001FF3CCB3590>,0.7446271777153015,0.0326763391494751,0.34001779556274414,142645,33,2,False,Left,Front,Left,Centre,58
<_io.BytesIO object at 0x000001FF3CC610E0>,0.6695273518562317,0.09881708025932312,-0.13862478733062744,142645,33,2,False,Left,Front,Left,Centre,58
<_io.BytesIO object at 0x000001FF3CC61810>,0.6863208413124084,0.10664983093738556,-0.10832858085632324,142645,33,2,False,Left,Front,Left,Centre,58
<_io.BytesIO object at 0x000001FF3CC61310>,0.6124297976493835,0.12410443276166916,-0.08194587379693985,142645,33,2,False,Left,Front,Left,Centre,58
<_io.BytesIO object at 0x000001FF3CC61130>,0.7131041884422302,0.07486854493618011,-0.0941687598824501,142645,33,2,False,Left,Front,Left,Centre,58
<_io.BytesIO object at 0x000001FF3CC61270>,0.6815167665481567,0.07341578602790833,-0.04150952771306038,142645,33,2,False,Left,Front,Left,Centre,58
<_io.BytesIO object at 0x000001FF3CC61590>,0.697841227054596,0.11165675520896912,0.3626469671726227,142646,33,2,False,Left,Front,Left,Centre,58
<_io.BytesIO object at 0x000001FF3CC61F90>,0.7034446001052856,0.08226402848958969,0.3007947504520416,142646,33,2,False,Left,Front,Left,Centre,58
<_io.BytesIO object at 0x000001FF3CCB3D10>,0.7150605320930481,0.12485364079475403,0.28827300667762756,142646,33,2,False,Left,Front,Left,Centre,58
<_io.BytesIO object at 0x000001FF3CCB3360>,0.7351832985877991,0.056589916348457336,0.28417450189590454,142646,33,2,False,Left,Front,Left,Centre,58
<_io.BytesIO object at 0x000001FF3CCB3090>,0.7446271777153015,0.0326763391494751,0.34001779556274414,142646,33,2,False,Left,Front,Left,Centre,58
<_io.BytesIO object at 0x000001FF3CCB3B30>,0.6705595850944519,0.09857603162527084,-0.1375085711479187,142646,33,2,False,Left,Front,Left,Centre,58
<_io.BytesIO object at 0x000001FF3CCB3B80>,0.6872672438621521,0.106220543384552,-0.10745137184858322,142646,33,2,False,Left,Front,Left,Centre,58
<_io.BytesIO object at 0x000001FF3CC64860>,0.6138703227043152,0.12417609989643097,-0.08042993396520615,142646,33,2,False,Left,Front,Left,Centre,58
<_io.BytesIO object at 0x000001FF3CC64B30>,0.714230477809906,0.07459655404090881,-0.093401700258255,142646,33,2,False,Left,Front,Left,Centre,58
<_io.BytesIO object at 0x000001FF3CC64D10>,0.6831908226013184,0.07355328649282455,-0.040449872612953186,142646,33,2,False,Left,Front,Left,Centre,58
<_io.BytesIO object at 0x000001FF3CCBA630>,0.697841227054596,0.11165675520896912,0.3626469671726227,142647,33,2,False,Left,Front,Left,Centre,58
<_io.BytesIO object at 0x000001FF3CCBA6D0>,0.7034446001052856,0.08226402848958969,0.3007947504520416,142647,33,2,False,Left,Front,Left,Centre,58
<_io.BytesIO object at 0x000001FF38015360>,0.7150605320930481,0.12485364079475403,0.28827300667762756,142647,33,2,False,Left,Front,Left,Centre,58
<_io.BytesIO object at 0x000001FF3FA91A90>,0.7351832985877991,0.056589916348457336,0.28417450189590454,142647,33,2,False,Left,Front,Left,Centre,58
<_io.BytesIO object at 0x000001FF3FA913B0>,0.7446271777153015,0.0326763391494751,0.34001779556274414,142647,33,2,False,Left,Front,Left,Centre,58
<_io.BytesIO object at 0x000001FF3FA91EA0>,0.6713674664497375,0.09845200926065445,-0.13634805381298065,142647,33,2,False,Left,Front,Left,Centre,58
<_io.BytesIO object at 0x000001FF3FA91D60>,0.688315749168396,0.10593020915985107,-0.10652642697095871,142647,33,2,False,Left,Front,Left,Centre,58
<_io.BytesIO object at 0x000001FF3FA91680>,0.6152977347373962,0.12447499483823776,-0.0788448229432106,142647,33,2,False,Left,Front,Left,Centre,58
<_io.BytesIO object at 0x000001FF3FA91F90>,0.7152007818222046,0.07426474243402481,-0.09264425188302994,142647,33,2,False,Left,Front,Left,Centre,58
<_io.BytesIO object at 0x000001FF3FA918B0>,0.6848820447921753,0.07368384301662445,-0.03936854377388954,142647,33,2,False,Left,Front,Left,Centre,58
<_io.BytesIO object at 0x000001FF3FA9C220>,0.697841227054596,0.11165675520896912,0.3626469671726227,142648,33,2,False,Left,Front,Left,Centre,58
<_io.BytesIO object at 0x000001FF3FA9CD10>,0.7034446001052856,0.08226402848958969,0.3007947504520416,142648,33,2,False,Left,Front,Left,Centre,58
<_io.BytesIO object at 0x000001FF3FA9C900>,0.7150605320930481,0.12485364079475403,0.28827300667762756,142648,33,2,False,Left,Front,Left,Centre,58
<_io.BytesIO object at 0x000001FF3FC26720>,0.7351832985877991,0.056589916348457336,0.28417450189590454,142648,33,2,False,Left,Front,Left,Centre,58
<_io.BytesIO object at 0x000001FF3FC264F0>,0.7446271777153015,0.0326763391494751,0.34001779556274414,142648,33,2,False,Left,Front,Left,Centre,58
<_io.BytesIO object at 0x000001FF3FC26810>,0.6720299124717712,0.09835910052061081,-0.13508343696594238,142648,33,2,False,Left,Front,Left,Centre,58
<_io.BytesIO object at 0x000001FF3FC26BD0>,0.6894909143447876,0.1057046577334404,-0.10556754469871521,142648,33,2,False,Left,Front,Left,Centre,58
<_io.BytesIO object at 0x000001FF3FC26E50>,0.6167818307876587,0.12494759261608124,-0.07728129625320435,142648,33,2,False,Left,Front,Left,Centre,58
<_io.BytesIO object at 0x000001FF3FC269F0>,0.716217577457428,0.07396424561738968,-0.09187714010477066,142648,33,2,False,Left,Front,Left,Centre,58
<_io.BytesIO object at 0x000001FF3FC26AE0>,0.6865951418876648,0.0738256424665451,-0.03829800337553024,142648,33,2,False,Left,Front,Left,Centre,58
<_io.BytesIO object at 0x000001FF3CC75400>,0.697841227054596,0.11165675520896912,0.3626469671726227,142649,33,2,False,Left,Front,Left,Centre,58
<_io.BytesIO object at 0x000001FF3CC73950>,0.7034446001052856,0.08226402848958969,0.3007947504520416,142649,33,2,False,Left,Front,Left,Centre,58
<_io.BytesIO object at 0x000001FF3CC73900>,0.7150605320930481,0.12485364079475403,0.28827300667762756,142649,33,2,False,Left,Front,Left,Centre,58
<_io.BytesIO object at 0x000001FF3CC731D0>,0.7351832985877991,0.056589916348457336,0.28417450189590454,142649,33,2,False,Left,Front,Left,Centre,58
<_io.BytesIO object at 0x000001FF3CC73C70>,0.7446271777153015,0.0326763391494751,0.34001779556274414,142649,33,2,False,Left,Front,Left,Centre,58
<_io.BytesIO object at 0x000001FF3CC73720>,0.6725156903266907,0.09840021282434464,-0.13363239169120789,142649,33,2,False,Left,Front,Left,Centre,58
<_io.BytesIO object at 0x000001FF3FACA720>,0.6906145811080933,0.1056700348854065,-0.10450384765863419,142649,33,2,False,Left,Front,Left,Centre,58
<_io.BytesIO object at 0x000001FF3FACAC70>,0.6182898283004761,0.12547262012958527,-0.07549760490655899,142649,33,2,False,Left,Front,Left,Centre,58
<_io.BytesIO object at 0x000001FF3FACA3B0>,0.7171634435653687,0.07382858544588089,-0.09104389697313309,142649,33,2,False,Left,Front,Left,Centre,58
<_io.BytesIO object at 0x000001FF3FACA9A0>,0.68827885389328,0.07400768250226974,-0.03721313923597336,142649,33,2,False,Left,Front,Left,Centre,58
<_io.BytesIO object at 0x000001FF3CC5A450>,0.697841227054596,0.11165675520896912,0.3626469671726227,142650,33,2,False,Left,Front,Left,Centre,58
<_io.BytesIO object at 0x000001FF3CC5A720>,0.7034446001052856,0.08226402848958969,0.3007947504520416,142650,33,2,False,Left,Front,Left,Centre,58
<_io.BytesIO object at 0x000001FF3CC5E360>,0.7150605320930481,0.12485364079475403,0.28827300667762756,142650,33,2,False,Left,Front,Left,Centre,58
<_io.BytesIO object at 0x000001FF3CC5EBD0>,0.7351832985877991,0.056589916348457336,0.28417450189590454,142650,33,2,False,Left,Front,Left,Centre,58
<_io.BytesIO object at 0x000001FF3CC5E9F0>,0.7446271777153015,0.0326763391494751,0.34001779556274414,142650,33,2,False,Left,Front,Left,Centre,58
<_io.BytesIO object at 0x000001FF3CC5EE00>,0.6729594469070435,0.09839925915002823,-0.13219818472862244,142650,33,2,False,Left,Front,Left,Centre,58
<_io.BytesIO object at 0x000001FF3CC5E630>,0.6916183829307556,0.10574169456958771,-0.10334666073322296,142650,33,2,False,Left,Front,Left,Centre,58
<_io.BytesIO object at 0x000001FF3CC5E090>,0.6199023127555847,0.12618738412857056,-0.07364633679389954,142650,33,2,False,Left,Front,Left,Centre,58
<_io.BytesIO object at 0x000001FF3FA71D60>,0.7180694937705994,0.07377078384160995,-0.09012450277805328,142650,33,2,False,Left,Front,Left,Centre,58
<_io.BytesIO object at 0x000001FF3CC066D0>,0.6898805499076843,0.07407780736684799,-0.036039307713508606,142650,33,2,False,Left,Front,Left,Centre,58
<_io.BytesIO object at 0x000001FF3CC6E450>,0.697841227054596,0.11165675520896912,0.3626469671726227,142651,33,2,False,Left,Front,Left,Centre,58
<_io.BytesIO object at 0x000001FF3CC6EEF0>,0.7034446001052856,0.08226402848958969,0.3007947504520416,142651,33,2,False,Left,Front,Left,Centre,58
<_io.BytesIO object at 0x000001FF3CC6ED10>,0.7150605320930481,0.12485364079475403,0.28827300667762756,142651,33,2,False,Left,Front,Left,Centre,58
<_io.BytesIO object at 0x000001FF3CC6E770>,0.7351832985877991,0.056589916348457336,0.28417450189590454,142651,33,2,False,Left,Front,Left,Centre,58
<_io.BytesIO object at 0x000001FF3CCAA400>,0.7446271777153015,0.0326763391494751,0.34001779556274414,142651,33,2,False,Left,Front,Left,Centre,58
<_io.BytesIO object at 0x000001FF3CC6E810>,0.673318088054657,0.09853366762399673,-0.1306513547897339,142651,33,2,False,Left,Front,Left,Centre,58
<_io.BytesIO object at 0x000001FF3CC6E400>,0.6926222443580627,0.10585705190896988,-0.10208500921726227,142651,33,2,False,Left,Front,Left,Centre,58
<_io.BytesIO object at 0x000001FF3CC6E680>,0.621587872505188,0.1269882619380951,-0.07163795083761215,142651,33,2,False,Left,Front,Left,Centre,58
<_io.BytesIO object at 0x000001FF3CC6E900>,0.7190267443656921,0.07368446886539459,-0.08922293782234192,142651,33,2,False,Left,Front,Left,Centre,58
<_io.BytesIO object at 0x000001FF3CC6E180>,0.6914955973625183,0.0741681233048439,-0.03477109223604202,142651,33,2,False,Left,Front,Left,Centre,58
<_io.BytesIO object at 0x000001FF3CC066D0>,0.697841227054596,0.11165675520896912,0.3626469671726227,142652,33,2,False,Left,Front,Left,Centre,58
<_io.BytesIO object at 0x000001FF3CC5E090>,0.7034446001052856,0.08226402848958969,0.3007947504520416,142652,33,2,False,Left,Front,Left,Centre,58
<_io.BytesIO object at 0x000001FF3CC5E770>,0.7150605320930481,0.12485364079475403,0.28827300667762756,142652,33,2,False,Left,Front,Left,Centre,58
<_io.BytesIO object at 0x000001FF3CC5EBD0>,0.7351832985877991,0.056589916348457336,0.28417450189590454,142652,33,2,False,Left,Front,Left,Centre,58
<_io.BytesIO object at 0x000001FF3CC5EF90>,0.7446271777153015,0.0326763391494751,0.34001779556274414,142652,33,2,False,Left,Front,Left,Centre,58
<_io.BytesIO object at 0x000001FF3CC5E1D0>,0.6736883521080017,0.09875508397817612,-0.129035085439682,142652,33,2,False,Left,Front,Left,Centre,58
<_io.BytesIO object at 0x000001FF3CC5A2C0>,0.6937360763549805,0.10598412901163101,-0.10071267187595367,142652,33,2,False,Left,Front,Left,Centre,58
<_io.BytesIO object at 0x000001FF3CC5A090>,0.6233753561973572,0.12783999741077423,-0.0694299265742302,142652,33,2,False,Left,Front,Left,Centre,58
<_io.BytesIO object at 0x000001FF3CC5A220>,0.7198893427848816,0.07353727519512177,-0.08810914307832718,142652,33,2,False,Left,Front,Left,Centre,58
<_io.BytesIO object at 0x000001FF3CC5AB80>,0.6930012106895447,0.07412086427211761,-0.03348253667354584,142652,33,2,False,Left,Front,Left,Centre,58
<_io.BytesIO object at 0x000001FF3FACAEA0>,0.697841227054596,0.11165675520896912,0.3626469671726227,142653,33,2,False,Left,Front,Left,Centre,58
<_io.BytesIO object at 0x000001FF3FACA720>,0.7034446001052856,0.08226402848958969,0.3007947504520416,142653,33,2,False,Left,Front,Left,Centre,58
<_io.BytesIO object at 0x000001FF3CC739F0>,0.7150605320930481,0.12485364079475403,0.28827300667762756,142653,33,2,False,Left,Front,Left,Centre,58
<_io.BytesIO object at 0x000001FF3CC73090>,0.7351832985877991,0.056589916348457336,0.28417450189590454,142653,33,2,False,Left,Front,Left,Centre,58
<_io.BytesIO object at 0x000001FF3CC73900>,0.7446271777153015,0.0326763391494751,0.34001779556274414,142653,33,2,False,Left,Front,Left,Centre,58
<_io.BytesIO object at 0x000001FF3CC73E00>,0.664093017578125,0.09050434082746506,-0.12429075688123703,142653,33,2,False,Left,Front,Left,Centre,58
<_io.BytesIO object at 0x000001FF3CC73360>,0.694805383682251,0.10611312091350555,-0.09922970831394196,142653,33,2,False,Left,Front,Left,Centre,58
<_io.BytesIO object at 0x000001FF3CC73C20>,0.6249136924743652,0.12858715653419495,-0.06724975258111954,142653,33,2,False,Left,Front,Left,Centre,58
<_io.BytesIO object at 0x000001FF3CC75090>,0.7207330465316772,0.07341157644987106,-0.08708854764699936,142653,33,2,False,Left,Front,Left,Centre,58
<_io.BytesIO object at 0x000001FF3CC759F0>,0.6945050954818726,0.07398873567581177,-0.0320541150867939,142653,33,2,False,Left,Front,Left,Centre,58
<_io.BytesIO object at 0x000001FF3FC26D60>,0.697841227054596,0.11165675520896912,0.3626469671726227,142654,33,2,False,Left,Front,Left,Centre,58
<_io.BytesIO object at 0x000001FF3FC265E0>,0.7034446001052856,0.08226402848958969,0.3007947504520416,142654,33,2,False,Left,Front,Left,Centre,58
<_io.BytesIO object at 0x000001FF3FC26DB0>,0.7150605320930481,0.12485364079475403,0.28827300667762756,142654,33,2,False,Left,Front,Left,Centre,58
<_io.BytesIO object at 0x000001FF3FA9C180>,0.7351832985877991,0.056589916348457336,0.28417450189590454,142654,33,2,False,Left,Front,Left,Centre,58
<_io.BytesIO object at 0x000001FF3FA9C900>,0.7446271777153015,0.0326763391494751,0.34001779556274414,142654,33,2,False,Left,Front,Left,Centre,58
<_io.BytesIO object at 0x000001FF3FA9C090>,0.6650119423866272,0.0910954549908638,-0.12251023203134537,142654,33,2,False,Left,Front,Left,Centre,58
<_io.BytesIO object at 0x000001FF3FA9C9F0>,0.6957923173904419,0.10635808110237122,-0.09759050607681274,142654,33,2,False,Left,Front,Left,Centre,58
<_io.BytesIO object at 0x000001FF3FA9C590>,0.6265078186988831,0.1293666511774063,-0.06484682112932205,142654,33,2,False,Left,Front,Left,Centre,58
<_io.BytesIO object at 0x000001FF3FA9C310>,0.7215574979782104,0.07327338308095932,-0.08589351922273636,142654,33,2,False,Left,Front,Left,Centre,58
<_io.BytesIO object at 0x000001FF3FA9CCC0>,0.695519745349884,0.07359182834625244,-0.030979804694652557,142654,33,2,False,Left,Front,Left,Centre,58
<_io.BytesIO object at 0x000001FF3FA917C0>,0.697841227054596,0.11165675520896912,0.3626469671726227,142655,33,2,False,Left,Front,Left,Centre,58
<_io.BytesIO object at 0x000001FF3FA916D0>,0.7034446001052856,0.08226402848958969,0.3007947504520416,142655,33,2,False,Left,Front,Left,Centre,58
<_io.BytesIO object at 0x000001FF3FA919A0>,0.7150605320930481,0.12485364079475403,0.28827300667762756,142655,33,2,False,Left,Front,Left,Centre,58
<_io.BytesIO object at 0x000001FF3FA91450>,0.7351832985877991,0.056589916348457336,0.28417450189590454,142655,33,2,False,Left,Front,Left,Centre,58
<_io.BytesIO object at 0x000001FF38015360>,0.7446271777153015,0.0326763391494751,0.34001779556274414,142655,33,2,False,Left,Front,Left,Centre,58
<_io.BytesIO object at 0x000001FF38015400>,0.665517270565033,0.09173531085252762,-0.1208520233631134,142655,33,2,False,Left,Front,Left,Centre,58
<_io.BytesIO object at 0x000001FF3CCBA630>,0.6968188881874084,0.10647692531347275,-0.09588432312011719,142655,33,2,False,Left,Front,Left,Centre,58
<_io.BytesIO object at 0x000001FF3CCBAC20>,0.6281898021697998,0.13017714023590088,-0.06224406510591507,142655,33,2,False,Left,Front,Left,Centre,58
<_io.BytesIO object at 0x000001FF3CCBA4A0>,0.7222100496292114,0.0730619803071022,-0.08470547199249268,142655,33,2,False,Left,Front,Left,Centre,58
<_io.BytesIO object at 0x000001FF3CCBA540>,0.6969339847564697,0.07319825142621994,-0.029297025874257088,142655,33,2,False,Left,Front,Left,Centre,58
<_io.BytesIO object at 0x000001FF3CC64900>,0.697841227054596,0.11165675520896912,0.3626469671726227,142656,33,2,False,Left,Front,Left,Centre,58
<_io.BytesIO object at 0x000001FF3CCB3CC0>,0.7034446001052856,0.08226402848958969,0.3007947504520416,142656,33,2,False,Left,Front,Left,Centre,58
<_io.BytesIO object at 0x000001FF3CCB39F0>,0.7150605320930481,0.12485364079475403,0.28827300667762756,142656,33,2,False,Left,Front,Left,Centre,58
<_io.BytesIO object at 0x000001FF3CCB3A40>,0.7351832985877991,0.056589916348457336,0.28417450189590454,142656,33,2,False,Left,Front,Left,Centre,58
<_io.BytesIO object at 0x000001FF3CCB3BD0>,0.7446271777153015,0.0326763391494751,0.34001779556274414,142656,33,2,False,Left,Front,Left,Centre,58
<_io.BytesIO object at 0x000001FF3CCB3E50>,0.6661297082901001,0.09273437410593033,-0.11852888017892838,142656,33,2,False,Left,Front,Left,Centre,58
<_io.BytesIO object at 0x000001FF3CCB37C0>,0.6977187991142273,0.10660461336374283,-0.09395066648721695,142656,33,2,False,Left,Front,Left,Centre,58
<_io.BytesIO object at 0x000001FF3CCB3590>,0.6298906207084656,0.13098877668380737,-0.059382177889347076,142656,33,2,False,Left,Front,Left,Centre,58
<_io.BytesIO object at 0x000001FF3CC61450>,0.7228264808654785,0.07274074107408524,-0.0833602175116539,142656,33,2,False,Left,Front,Left,Centre,58
<_io.BytesIO object at 0x000001FF3CC610E0>,0.6981022357940674,0.07270067930221558,-0.027710381895303726,142656,33,2,False,Left,Front,Left,Centre,58
<_io.BytesIO object at 0x000001FF3CCB3A90>,0.697841227054596,0.11165675520896912,0.3626469671726227,142657,33,2,False,Left,Front,Left,Centre,58
<_io.BytesIO object at 0x000001FF3CC649F0>,0.7034446001052856,0.08226402848958969,0.3007947504520416,142657,33,2,False,Left,Front,Left,Centre,58
<_io.BytesIO object at 0x000001FF3CC64590>,0.7150605320930481,0.12485364079475403,0.28827300667762756,142657,33,2,False,Left,Front,Left,Centre,58
<_io.BytesIO object at 0x000001FF3CC64EF0>,0.7351832985877991,0.056589916348457336,0.28417450189590454,142657,33,2,False,Left,Front,Left,Centre,58
<_io.BytesIO object at 0x000001FF3CC641D0>,0.7446271777153015,0.0326763391494751,0.34001779556274414,142657,33,2,False,Left,Front,Left,Centre,58
<_io.BytesIO object at 0x000001FF3CC640E0>,0.666724681854248,0.09341806918382645,-0.11586585640907288,142657,33,2,False,Left,Front,Left,Centre,58
<_io.BytesIO object at 0x000001FF3CCBA770>,0.6985530257225037,0.10678742080926895,-0.09186476469039917,142657,33,2,False,Left,Front,Left,Centre,58
<_io.BytesIO object at 0x000001FF3CCBAA90>,0.6314923763275146,0.1316903829574585,-0.056273456662893295,142657,33,2,False,Left,Front,Left,Centre,58
<_io.BytesIO object at 0x000001FF3CCBA8B0>,0.7232227921485901,0.07231935858726501,-0.08187109231948853,142657,33,2,False,Left,Front,Left,Centre,58
<_io.BytesIO object at 0x000001FF3CCBADB0>,0.6990434527397156,0.0719013437628746,-0.02598576433956623,142657,33,2,False,Left,Front,Left,Centre,58
<_io.BytesIO object at 0x000001FF3FA917C0>,0.697841227054596,0.11165675520896912,0.3626469671726227,142658,33,2,False,Left,Front,Left,Centre,58
<_io.BytesIO object at 0x000001FF3FA91F90>,0.7034446001052856,0.08226402848958969,0.3007947504520416,142658,33,2,False,Left,Front,Left,Centre,58
<_io.BytesIO object at 0x000001FF3CCB1E50>,0.7150605320930481,0.12485364079475403,0.28827300667762756,142658,33,2,False,Left,Front,Left,Centre,58
<_io.BytesIO object at 0x000001FF3CCB1EF0>,0.7351832985877991,0.056589916348457336,0.28417450189590454,142658,33,2,False,Left,Front,Left,Centre,58
<_io.BytesIO object at 0x000001FF3CCB1680>,0.7446271777153015,0.0326763391494751,0.34001779556274414,142658,33,2,False,Left,Front,Left,Centre,58
<_io.BytesIO object at 0x000001FF3CCB16D0>,0.6669915318489075,0.0942964255809784,-0.11369122564792633,142658,33,2,False,Left,Front,Left,Centre,58
<_io.BytesIO object at 0x000001FF3CCB13B0>,0.6994233727455139,0.1066860482096672,-0.08956179767847061,142658,33,2,False,Left,Front,Left,Centre,58
<_io.BytesIO object at 0x000001FF3CCB18B0>,0.6331714987754822,0.13239514827728271,-0.05277564749121666,142658,33,2,False,Left,Front,Left,Centre,58
<_io.BytesIO object at 0x000001FF3CCB1540>,0.7235084772109985,0.07182610780000687,-0.0802338495850563,142658,33,2,False,Left,Front,Left,Centre,58
<_io.BytesIO object at 0x000001FF3FA9CB80>,0.6998856067657471,0.0708620622754097,-0.024163246154785156,142658,33,2,False,Left,Front,Left,Centre,58
<_io.BytesIO object at 0x000001FF3FC26360>,0.697841227054596,0.11165675520896912,0.3626469671726227,142659,33,2,False,Left,Front,Left,Centre,58
<_io.BytesIO object at 0x000001FF3FC26680>,0.7034446001052856,0.08226402848958969,0.3007947504520416,142659,33,2,False,Left,Front,Left,Centre,58
<_io.BytesIO object at 0x000001FF3FC26F90>,0.7150605320930481,0.12485364079475403,0.28827300667762756,142659,33,2,False,Left,Front,Left,Centre,58
<_io.BytesIO object at 0x000001FF3CC756D0>,0.7351832985877991,0.056589916348457336,0.28417450189590454,142659,33,2,False,Left,Front,Left,Centre,58
<_io.BytesIO object at 0x000001FF3CC75950>,0.7446271777153015,0.0326763391494751,0.34001779556274414,142659,33,2,False,Left,Front,Left,Centre,58
<_io.BytesIO object at 0x000001FF3CC755E0>,0.6672948002815247,0.095357745885849,-0.11099974066019058,142659,33,2,False,Left,Front,Left,Centre,58
<_io.BytesIO object at 0x000001FF3CC75C20>,0.7001349329948425,0.10684968531131744,-0.0869494080543518,142659,33,2,False,Left,Front,Left,Centre,58
<_io.BytesIO object at 0x000001FF3CC75900>,0.6348126530647278,0.1330917775630951,-0.04892110452055931,142659,33,2,False,Left,Front,Left,Centre,58
<_io.BytesIO object at 0x000001FF3CC75040>,0.7235719561576843,0.07121310383081436,-0.07843736559152603,142659,33,2,False,Left,Front,Left,Centre,58
<_io.BytesIO object at 0x000001FF3CC758B0>,0.7005575895309448,0.06979482620954514,-0.02212451584637165,142659,33,2,False,Left,Front,Left,Centre,58
<_io.BytesIO object at 0x000001FF3CC73450>,0.697841227054596,0.11165675520896912,0.3626469671726227,142660,33,2,False,Left,Front,Left,Centre,58
<_io.BytesIO object at 0x000001FF3FACAB80>,0.7034446001052856,0.08226402848958969,0.3007947504520416,142660,33,2,False,Left,Front,Left,Centre,58
<_io.BytesIO object at 0x000001FF3FACA810>,0.7150605320930481,0.12485364079475403,0.28827300667762756,142660,33,2,False,Left,Front,Left,Centre,58
<_io.BytesIO object at 0x000001FF3FACABD0>,0.7351832985877991,0.056589916348457336,0.28417450189590454,142660,33,2,False,Left,Front,Left,Centre,58
<_io.BytesIO object at 0x000001FF3FACA4A0>,0.7446271777153015,0.0326763391494751,0.34001779556274414,142660,33,2,False,Left,Front,Left,Centre,58
<_io.BytesIO object at 0x000001FF3FACAE00>,0.6675328612327576,0.09646323323249817,-0.10798356682062149,142660,33,2,False,Left,Front,Left,Centre,58
<_io.BytesIO object at 0x000001FF3CC5A900>,0.7008844614028931,0.10689084976911545,-0.08407969027757645,142660,33,2,False,Left,Front,Left,Centre,58
<_io.BytesIO object at 0x000001FF3CC5A630>,0.6364312171936035,0.13374407589435577,-0.044828809797763824,142660,33,2,False,Left,Front,Left,Centre,58
<_io.BytesIO object at 0x000001FF3CC5A450>,0.7236360907554626,0.07063848525285721,-0.07634057849645615,142660,33,2,False,Left,Front,Left,Centre,58
<_io.BytesIO object at 0x000001FF3CC5AD10>,0.701173722743988,0.06863237172365189,-0.019849155098199844,142660,33,2,False,Left,Front,Left,Centre,58
<_io.BytesIO object at 0x000001FF3CC5ED60>,0.697841227054596,0.11165675520896912,0.3626469671726227,142661,33,2,False,Left,Front,Left,Centre,58
<_io.BytesIO object at 0x000001FF3FA71D10>,0.7034446001052856,0.08226402848958969,0.3007947504520416,142661,33,2,False,Left,Front,Left,Centre,58
<_io.BytesIO object at 0x000001FF3CC06180>,0.7150605320930481,0.12485364079475403,0.28827300667762756,142661,33,2,False,Left,Front,Left,Centre,58
<_io.BytesIO object at 0x000001FF3CC06B80>,0.7351832985877991,0.056589916348457336,0.28417450189590454,142661,33,2,False,Left,Front,Left,Centre,58
<_io.BytesIO object at 0x000001FF3CC06630>,0.7446271777153015,0.0326763391494751,0.34001779556274414,142661,33,2,False,Left,Front,Left,Centre,58
<_io.BytesIO object at 0x000001FF3CC06F90>,0.6682310700416565,0.09795128554105759,-0.10474928468465805,142661,33,2,False,Left,Front,Left,Centre,58
<_io.BytesIO object at 0x000001FF3CC06C20>,0.7016547918319702,0.10675406455993652,-0.08095047622919083,142661,33,2,False,Left,Front,Left,Centre,58
<_io.BytesIO object at 0x000001FF3CC06310>,0.6381752490997314,0.13452239334583282,-0.040355660021305084,142661,33,2,False,Left,Front,Left,Centre,58
<_io.BytesIO object at 0x000001FF3CC06040>,0.7235974073410034,0.06988272070884705,-0.07393995672464371,142661,33,2,False,Left,Front,Left,Centre,58
<_io.BytesIO object at 0x000001FF3CC6E310>,0.7016962766647339,0.06743275374174118,-0.017249368131160736,142661,33,2,False,Left,Front,Left,Centre,58
<_io.BytesIO object at 0x000001FF3CC61AE0>,0.697841227054596,0.11165675520896912,0.3626469671726227,142662,33,2,False,Left,Front,Left,Centre,58
<_io.BytesIO object at 0x000001FF3CC613B0>,0.7034446001052856,0.08226402848958969,0.3007947504520416,142662,33,2,False,Left,Front,Left,Centre,58
<_io.BytesIO object at 0x000001FF3CC619A0>,0.7150605320930481,0.12485364079475403,0.28827300667762756,142662,33,2,False,Left,Front,Left,Centre,58
<_io.BytesIO object at 0x000001FF3CCAAAE0>,0.7351832985877991,0.056589916348457336,0.28417450189590454,142662,33,2,False,Left,Front,Left,Centre,58
<_io.BytesIO object at 0x000001FF3CCAA5E0>,0.7446271777153015,0.0326763391494751,0.34001779556274414,142662,33,2,False,Left,Front,Left,Centre,58
<_io.BytesIO object at 0x000001FF3CC066D0>,0.6681040525436401,0.09847667068243027,-0.10083044320344925,142662,33,2,False,Left,Front,Left,Centre,58
<_io.BytesIO object at 0x000001FF3CC06310>,0.7023633718490601,0.10669353604316711,-0.07745828479528427,142662,33,2,False,Left,Front,Left,Centre,58
<_io.BytesIO object at 0x000001FF3CC06090>,0.639689028263092,0.1350126564502716,-0.03553301841020584,142662,33,2,False,Left,Front,Left,Centre,58
<_io.BytesIO object at 0x000001FF3CC067C0>,0.7237004041671753,0.06938609480857849,-0.07100433111190796,142662,33,2,False,Left,Front,Left,Centre,58
<_io.BytesIO object at 0x000001FF3CC064A0>,0.7020848989486694,0.06624607741832733,-0.014225977472960949,142662,33,2,False,Left,Front,Left,Centre,58
<_io.BytesIO object at 0x000001FF3FACA5E0>,0.697841227054596,0.11165675520896912,0.3626469671726227,142663,33,2,False,Left,Front,Left,Centre,58
<_io.BytesIO object at 0x000001FF3CC73040>,0.7034446001052856,0.08226402848958969,0.3007947504520416,142663,33,2,False,Left,Front,Left,Centre,58
<_io.BytesIO object at 0x000001FF3CC73090>,0.7150605320930481,0.12485364079475403,0.28827300667762756,142663,33,2,False,Left,Front,Left,Centre,58
<_io.BytesIO object at 0x000001FF3CC73900>,0.7351832985877991,0.056589916348457336,0.28417450189590454,142663,33,2,False,Left,Front,Left,Centre,58
<_io.BytesIO object at 0x000001FF3CC737C0>,0.7446271777153015,0.0326763391494751,0.34001779556274414,142663,33,2,False,Left,Front,Left,Centre,58
<_io.BytesIO object at 0x000001FF3CC73C20>,0.6684862375259399,0.09935568273067474,-0.09666984528303146,142663,33,2,False,Left,Front,Left,Centre,58
<_io.BytesIO object at 0x000001FF3CC73180>,0.7028526663780212,0.10650601983070374,-0.07347597926855087,142663,33,2,False,Left,Front,Left,Centre,58
<_io.BytesIO object at 0x000001FF3CC75450>,0.6413074135780334,0.13548536598682404,-0.030348902568221092,142663,33,2,False,Left,Front,Left,Centre,58
<_io.BytesIO object at 0x000001FF3CC75540>,0.7237898111343384,0.06888587772846222,-0.06765072792768478,142663,33,2,False,Left,Front,Left,Centre,58
<_io.BytesIO object at 0x000001FF3CC75C70>,0.7025001049041748,0.06508070975542068,-0.010770482011139393,142663,33,2,False,Left,Front,Left,Centre,58
<_io.BytesIO object at 0x000001FF3FC26900>,0.697841227054596,0.11165675520896912,0.3626469671726227,142664,33,2,False,Left,Front,Left,Centre,58
<_io.BytesIO object at 0x000001FF3FC26310>,0.7034446001052856,0.08226402848958969,0.3007947504520416,142664,33,2,False,Left,Front,Left,Centre,58
<_io.BytesIO object at 0x000001FF3FA9CA40>,0.7150605320930481,0.12485364079475403,0.28827300667762756,142664,33,2,False,Left,Front,Left,Centre,58
<_io.BytesIO object at 0x000001FF3FA9C450>,0.7351832985877991,0.056589916348457336,0.28417450189590454,142664,33,2,False,Left,Front,Left,Centre,58
<_io.BytesIO object at 0x000001FF3FA9C130>,0.7446271777153015,0.0326763391494751,0.34001779556274414,142664,33,2,False,Left,Front,Left,Centre,58
<_io.BytesIO object at 0x000001FF3FA9C4A0>,0.6687823534011841,0.10015597194433212,-0.09200666099786758,142664,33,2,False,Left,Front,Left,Centre,58
<_io.BytesIO object at 0x000001FF3FA9C310>,0.7035720348358154,0.1063343733549118,-0.06905733048915863,142664,33,2,False,Left,Front,Left,Centre,58
<_io.BytesIO object at 0x000001FF3FA9C630>,0.6431531310081482,0.13593687117099762,-0.024647274985909462,142664,33,2,False,Left,Front,Left,Centre,58
<_io.BytesIO object at 0x000001FF3FA9CEA0>,0.7239627242088318,0.06835883855819702,-0.06358839571475983,142664,33,2,False,Left,Front,Left,Centre,58
<_io.BytesIO object at 0x000001FF3CCB1630>,0.7028142809867859,0.06390782445669174,-0.006803268566727638,142664,33,2,False,Left,Front,Left,Centre,58
<_io.BytesIO object at 0x000001FF3FA91590>,0.697841227054596,0.11165675520896912,0.3626469671726227,142665,33,2,False,Left,Front,Left,Centre,58
<_io.BytesIO object at 0x000001FF3FA91C70>,0.7034446001052856,0.08226402848958969,0.3007947504520416,142665,33,2,False,Left,Front,Left,Centre,58
<_io.BytesIO object at 0x000001FF3FA91BD0>,0.7150605320930481,0.12485364079475403,0.28827300667762756,142665,33,2,False,Left,Front,Left,Centre,58
<_io.BytesIO object at 0x000001FF380150E0>,0.7351832985877991,0.056589916348457336,0.28417450189590454,142665,33,2,False,Left,Front,Left,Centre,58
<_io.BytesIO object at 0x000001FF38015220>,0.7446271777153015,0.0326763391494751,0.34001779556274414,142665,33,2,False,Left,Front,Left,Centre,58
<_io.BytesIO object at 0x000001FF3CC64900>,0.6689885854721069,0.10092735290527344,-0.08692628145217896,142665,33,2,False,Left,Front,Left,Centre,58
<_io.BytesIO object at 0x000001FF3CC64A90>,0.7041389346122742,0.10612529516220093,-0.06406185775995255,142665,33,2,False,Left,Front,Left,Centre,58
<_io.BytesIO object at 0x000001FF3CC641D0>,0.6446845531463623,0.13620875775814056,-0.018555402755737305,142665,33,2,False,Left,Front,Left,Centre,58
<_io.BytesIO object at 0x000001FF3CC64B80>,0.7236782908439636,0.06754644215106964,-0.059459347277879715,142665,33,2,False,Left,Front,Left,Centre,58
<_io.BytesIO object at 0x000001FF3CC64810>,0.7030723094940186,0.06270556896924973,-0.002381710335612297,142665,33,2,False,Left,Front,Left,Centre,58
<_io.BytesIO object at 0x000001FF3CCB3DB0>,0.697841227054596,0.11165675520896912,0.3626469671726227,142666,33,2,False,Left,Front,Left,Centre,58
<_io.BytesIO object at 0x000001FF3CC614A0>,0.7034446001052856,0.08226402848958969,0.3007947504520416,142666,33,2,False,Left,Front,Left,Centre,58
<_io.BytesIO object at 0x000001FF3CC618B0>,0.7150605320930481,0.12485364079475403,0.28827300667762756,142666,33,2,False,Left,Front,Left,Centre,58
<_io.BytesIO object at 0x000001FF3CC61D10>,0.7351832985877991,0.056589916348457336,0.28417450189590454,142666,33,2,False,Left,Front,Left,Centre,58
<_io.BytesIO object at 0x000001FF3CC616D0>,0.7446271777153015,0.0326763391494751,0.34001779556274414,142666,33,2,False,Left,Front,Left,Centre,58
<_io.BytesIO object at 0x000001FF3CC61630>,0.6692043542861938,0.10169731825590134,-0.08143498003482819,142666,33,2,False,Left,Front,Left,Centre,58
<_io.BytesIO object at 0x000001FF3CC61B30>,0.7046462893486023,0.10589969158172607,-0.058720048516988754,142666,33,2,False,Left,Front,Left,Centre,58
<_io.BytesIO object at 0x000001FF3CC5E3B0>,0.6463088393211365,0.13640815019607544,-0.01195895578712225,142666,33,2,False,Left,Front,Left,Centre,58
<_io.BytesIO object at 0x000001FF3CC5EE50>,0.7234131693840027,0.06689255684614182,-0.05481068789958954,142666,33,2,False,Left,Front,Left,Centre,58
<_io.BytesIO object at 0x000001FF3CC5EC20>,0.7032792568206787,0.06145826354622841,0.0024260464124381542,142666,33,2,False,Left,Front,Left,Centre,58
<_io.BytesIO object at 0x000001FF3CC6E180>,0.697841227054596,0.11165675520896912,0.3626469671726227,142667,33,2,False,Left,Front,Left,Centre,58
<_io.BytesIO object at 0x000001FF3CC6E360>,0.7034446001052856,0.08226402848958969,0.3007947504520416,142667,33,2,False,Left,Front,Left,Centre,58
<_io.BytesIO object at 0x000001FF3CC5A720>,0.7150605320930481,0.12485364079475403,0.28827300667762756,142667,33,2,False,Left,Front,Left,Centre,58
<_io.BytesIO object at 0x000001FF3CC5AD60>,0.7351832985877991,0.056589916348457336,0.28417450189590454,142667,33,2,False,Left,Front,Left,Centre,58
<_io.BytesIO object at 0x000001FF3CC5A360>,0.7446271777153015,0.0326763391494751,0.34001779556274414,142667,33,2,False,Left,Front,Left,Centre,58
<_io.BytesIO object at 0x000001FF3CC5A590>,0.6692814826965332,0.10243234038352966,-0.07535547763109207,142667,33,2,False,Left,Front,Left,Centre,58
<_io.BytesIO object at 0x000001FF3CC5A400>,0.7050330638885498,0.10548561066389084,-0.052857641130685806,142667,33,2,False,Left,Front,Left,Centre,58
<_io.BytesIO object at 0x000001FF3CC5A630>,0.6477880477905273,0.13654854893684387,-0.004996956326067448,142667,33,2,False,Left,Front,Left,Centre,58
<_io.BytesIO object at 0x000001FF3CC5AE50>,0.7229236364364624,0.06615465134382248,-0.049778830260038376,142667,33,2,False,Left,Front,Left,Centre,58
<_io.BytesIO object at 0x000001FF3CCBA3B0>,0.7033402919769287,0.06012021750211716,0.0076592364348471165,142667,33,2,False,Left,Front,Left,Centre,58
<_io.BytesIO object at 0x000001FF3CC5A4F0>,0.697841227054596,0.11165675520896912,0.3626469671726227,142668,33,2,False,Left,Front,Left,Centre,58
<_io.BytesIO object at 0x000001FF3CC6E540>,0.7034446001052856,0.08226402848958969,0.3007947504520416,142668,33,2,False,Left,Front,Left,Centre,58
<_io.BytesIO object at 0x000001FF3CC6E270>,0.7150605320930481,0.12485364079475403,0.28827300667762756,142668,33,2,False,Left,Front,Left,Centre,58
<_io.BytesIO object at 0x000001FF3CC6E0E0>,0.7351832985877991,0.056589916348457336,0.28417450189590454,142668,33,2,False,Left,Front,Left,Centre,58
<_io.BytesIO object at 0x000001FF3CC6EC70>,0.7446271777153015,0.0326763391494751,0.34001779556274414,142668,33,2,False,Left,Front,Left,Centre,58
<_io.BytesIO object at 0x000001FF3CC6E040>,0.6694396734237671,0.10329161584377289,-0.06882589310407639,142668,33,2,False,Left,Front,Left,Centre,58
<_io.BytesIO object at 0x000001FF3CC5EB30>,0.7052173614501953,0.10526105761528015,-0.0466730110347271,142668,33,2,False,Left,Front,Left,Centre,58
<_io.BytesIO object at 0x000001FF3CC5E2C0>,0.6491668224334717,0.13652640581130981,0.002599169733002782,142668,33,2,False,Left,Front,Left,Centre,58
<_io.BytesIO object at 0x000001FF3CC5EF90>,0.7224884629249573,0.0653594359755516,-0.04424051567912102,142668,33,2,False,Left,Front,Left,Centre,58
<_io.BytesIO object at 0x000001FF3CC5E540>,0.7034012675285339,0.05879059061408043,0.013247374445199966,142668,33,2,False,Left,Front,Left,Centre,58
<_io.BytesIO object at 0x000001FF3CC61860>,0.697841227054596,0.11165675520896912,0.3626469671726227,142669,33,2,False,Left,Front,Left,Centre,58
<_io.BytesIO object at 0x000001FF3CC61090>,0.7034446001052856,0.08226402848958969,0.3007947504520416,142669,33,2,False,Left,Front,Left,Centre,58
<_io.BytesIO object at 0x000001FF3CCB3720>,0.7150605320930481,0.12485364079475403,0.28827300667762756,142669,33,2,False,Left,Front,Left,Centre,58
<_io.BytesIO object at 0x000001FF3CCB39F0>,0.7351832985877991,0.056589916348457336,0.28417450189590454,142669,33,2,False,Left,Front,Left,Centre,58
<_io.BytesIO object at 0x000001FF3CCB3AE0>,0.7446271777153015,0.0326763391494751,0.34001779556274414,142669,33,2,False,Left,Front,Left,Centre,58
<_io.BytesIO object at 0x000001FF3CCB3D60>,0.6693640351295471,0.10429568588733673,-0.06184609606862068,142669,33,2,False,Left,Front,Left,Centre,58
<_io.BytesIO object at 0x000001FF3CCB34A0>,0.7054988145828247,0.10515473037958145,-0.039986032992601395,142669,33,2,False,Left,Front,Left,Centre,58
<_io.BytesIO object at 0x000001FF3CCB3090>,0.6504764556884766,0.13639453053474426,0.010758115909993649,142669,33,2,False,Left,Front,Left,Centre,58
<_io.BytesIO object at 0x000001FF3CCB3860>,0.7221320271492004,0.06501009315252304,-0.03837162256240845,142669,33,2,False,Left,Front,Left,Centre,58
<_io.BytesIO object at 0x000001FF3CC644F0>,0.7031785845756531,0.057312410324811935,0.019158344715833664,142669,33,2,False,Left,Front,Left,Centre,58
<_io.BytesIO object at 0x000001FF38015400>,0.697841227054596,0.11165675520896912,0.3626469671726227,142670,33,2,False,Left,Front,Left,Centre,58
<_io.BytesIO object at 0x000001FF3FA91E50>,0.7034446001052856,0.08226402848958969,0.3007947504520416,142670,33,2,False,Left,Front,Left,Centre,58
<_io.BytesIO object at 0x000001FF3FA91720>,0.7150605320930481,0.12485364079475403,0.28827300667762756,142670,33,2,False,Left,Front,Left,Centre,58
<_io.BytesIO object at 0x000001FF3FA91680>,0.7351832985877991,0.056589916348457336,0.28417450189590454,142670,33,2,False,Left,Front,Left,Centre,58
<_io.BytesIO object at 0x000001FF3FA91130>,0.7446271777153015,0.0326763391494751,0.34001779556274414,142670,33,2,False,Left,Front,Left,Centre,58
<_io.BytesIO object at 0x000001FF3CCB1AE0>,0.6693537831306458,0.10541067272424698,-0.054470229893922806,142670,33,2,False,Left,Front,Left,Centre,58
<_io.BytesIO object at 0x000001FF3CCB14A0>,0.7056421637535095,0.10496506839990616,-0.032968077808618546,142670,33,2,False,Left,Front,Left,Centre,58
<_io.BytesIO object at 0x000001FF3CCB1770>,0.6517481207847595,0.13621196150779724,0.019373202696442604,142670,33,2,False,Left,Front,Left,Centre,58
<_io.BytesIO object at 0x000001FF3CCB16D0>,0.721687912940979,0.06493516266345978,-0.03216666728258133,142670,33,2,False,Left,Front,Left,Centre,58
<_io.BytesIO object at 0x000001FF3CCB1F90>,0.7029489278793335,0.05603319779038429,0.025301026180386543,142670,33,2,False,Left,Front,Left,Centre,58
<_io.BytesIO object at 0x000001FF3FA9C090>,0.697841227054596,0.11165675520896912,0.3626469671726227,142671,33,2,False,Left,Front,Left,Centre,58
<_io.BytesIO object at 0x000001FF3FC26270>,0.7034446001052856,0.08226402848958969,0.3007947504520416,142671,33,2,False,Left,Front,Left,Centre,58
<_io.BytesIO object at 0x000001FF3FC26E50>,0.7150605320930481,0.12485364079475403,0.28827300667762756,142671,33,2,False,Left,Front,Left,Centre,58
<_io.BytesIO object at 0x000001FF3FC26090>,0.7351832985877991,0.056589916348457336,0.28417450189590454,142671,33,2,False,Left,Front,Left,Centre,58
<_io.BytesIO object at 0x000001FF3FC26220>,0.7446271777153015,0.0326763391494751,0.34001779556274414,142671,33,2,False,Left,Front,Left,Centre,58
<_io.BytesIO object at 0x000001FF3FC26450>,0.6693663597106934,0.10651722550392151,-0.04665092006325722,142671,33,2,False,Left,Front,Left,Centre,58
<_io.BytesIO object at 0x000001FF3CC75EA0>,0.70563143491745,0.10496161133050919,-0.02550121210515499,142671,33,2,False,Left,Front,Left,Centre,58
<_io.BytesIO object at 0x000001FF3CC75860>,0.6527854800224304,0.1359786093235016,0.028454286977648735,142671,33,2,False,Left,Front,Left,Centre,58
<_io.BytesIO object at 0x000001FF3CC752C0>,0.7206900715827942,0.06444711238145828,-0.025546275079250336,142671,33,2,False,Left,Front,Left,Centre,58
<_io.BytesIO object at 0x000001FF3CC75810>,0.702753484249115,0.054813582450151443,0.03175751119852066,142671,33,2,False,Left,Front,Left,Centre,58
<_io.BytesIO object at 0x000001FF3CC73F90>,0.697841227054596,0.11165675520896912,0.3626469671726227,142672,33,2,False,Left,Front,Left,Centre,58
<_io.BytesIO object at 0x000001FF3CC732C0>,0.7034446001052856,0.08226402848958969,0.3007947504520416,142672,33,2,False,Left,Front,Left,Centre,58
<_io.BytesIO object at 0x000001FF3FACA590>,0.7150605320930481,0.12485364079475403,0.28827300667762756,142672,33,2,False,Left,Front,Left,Centre,58
<_io.BytesIO object at 0x000001FF3FACA450>,0.7351832985877991,0.056589916348457336,0.28417450189590454,142672,33,2,False,Left,Front,Left,Centre,58
<_io.BytesIO object at 0x000001FF3FACA180>,0.7446271777153015,0.0326763391494751,0.34001779556274414,142672,33,2,False,Left,Front,Left,Centre,58
<_io.BytesIO object at 0x000001FF3FACADB0>,0.669426679611206,0.10784676671028137,-0.03845968097448349,142672,33,2,False,Left,Front,Left,Centre,58
<_io.BytesIO object at 0x000001FF3FACA860>,0.7058770060539246,0.10504385828971863,-0.017703285440802574,142672,33,2,False,Left,Front,Left,Centre,58
<_io.BytesIO object at 0x000001FF3FACAAE0>,0.6539137959480286,0.13573762774467468,0.0378754697740078,142672,33,2,False,Left,Front,Left,Centre,58
<_io.BytesIO object at 0x000001FF3FACA400>,0.719718337059021,0.06407042592763901,-0.018860099837183952,142672,33,2,False,Left,Front,Left,Centre,58
<_io.BytesIO object at 0x000001FF3FA71F90>,0.7023502588272095,0.05352713167667389,0.0385688841342926,142672,33,2,False,Left,Front,Left,Centre,58
<_io.BytesIO object at 0x000001FF3CCBA590>,0.697841227054596,0.11165675520896912,0.3626469671726227,142673,33,2,False,Left,Front,Left,Centre,58
<_io.BytesIO object at 0x000001FF3CCBA400>,0.7034446001052856,0.08226402848958969,0.3007947504520416,142673,33,2,False,Left,Front,Left,Centre,58
<_io.BytesIO object at 0x000001FF3CCBAA90>,0.7150605320930481,0.12485364079475403,0.28827300667762756,142673,33,2,False,Left,Front,Left,Centre,58
<_io.BytesIO object at 0x000001FF3CCBA220>,0.7351832985877991,0.056589916348457336,0.28417450189590454,142673,33,2,False,Left,Front,Left,Centre,58
<_io.BytesIO object at 0x000001FF3CCAAAE0>,0.7446271777153015,0.0326763391494751,0.34001779556274414,142673,33,2,False,Left,Front,Left,Centre,58
<_io.BytesIO object at 0x000001FF3CCBA360>,0.6696175336837769,0.1091989278793335,-0.029820695519447327,142673,33,2,False,Left,Front,Left,Centre,58
<_io.BytesIO object at 0x000001FF3CCBA680>,0.7062526345252991,0.10520400106906891,-0.009576435200870037,142673,33,2,False,Left,Front,Left,Centre,58
<_io.BytesIO object at 0x000001FF3CCBAD10>,0.6552212238311768,0.1358107030391693,0.047588858753442764,142673,33,2,False,Left,Front,Left,Centre,58
<_io.BytesIO object at 0x000001FF3CCBA3B0>,0.719434380531311,0.06384213268756866,-0.011456329375505447,142673,33,2,False,Left,Front,Left,Centre,58
<_io.BytesIO object at 0x000001FF3CCBA1D0>,0.7019291520118713,0.05231226608157158,0.04573401063680649,142673,33,2,False,Left,Front,Left,Centre,58
<_io.BytesIO object at 0x000001FF3CC06CC0>,0.697841227054596,0.11165675520896912,0.3626469671726227,142674,33,2,False,Left,Front,Left,Centre,58
<_io.BytesIO object at 0x000001FF3FACAA90>,0.7034446001052856,0.08226402848958969,0.3007947504520416,142674,33,2,False,Left,Front,Left,Centre,58
<_io.BytesIO object at 0x000001FF3FACA810>,0.7150605320930481,0.12485364079475403,0.28827300667762756,142674,33,2,False,Left,Front,Left,Centre,58
<_io.BytesIO object at 0x000001FF3FACA8B0>,0.7351832985877991,0.056589916348457336,0.28417450189590454,142674,33,2,False,Left,Front,Left,Centre,58
<_io.BytesIO object at 0x000001FF3FACA950>,0.7446271777153015,0.0326763391494751,0.34001779556274414,142674,33,2,False,Left,Front,Left,Centre,58
<_io.BytesIO object at 0x000001FF3FACAB30>,0.6699668169021606,0.11043864488601685,-0.02091407962143421,142674,33,2,False,Left,Front,Left,Centre,58
<_io.BytesIO object at 0x000001FF3FACA540>,0.7066375613212585,0.10512753576040268,-0.0011628535576164722,142674,33,2,False,Left,Front,Left,Centre,58
<_io.BytesIO object at 0x000001FF3CC73DB0>,0.6568818688392639,0.1359827220439911,0.05745023861527443,142674,33,2,False,Left,Front,Left,Centre,58
<_io.BytesIO object at 0x000001FF3CC730E0>,0.7188680768013,0.06359420716762543,-0.003946030978113413,142674,33,2,False,Left,Front,Left,Centre,58
<_io.BytesIO object at 0x000001FF3CC73B80>,0.7016845941543579,0.05133615434169769,0.053144097328186035,142674,33,2,False,Left,Front,Left,Centre,58
<_io.BytesIO object at 0x000001FF3CC75310>,0.697841227054596,0.11165675520896912,0.3626469671726227,142675,33,2,False,Left,Front,Left,Centre,58
<_io.BytesIO object at 0x000001FF3CC75B30>,0.7034446001052856,0.08226402848958969,0.3007947504520416,142675,33,2,False,Left,Front,Left,Centre,58
<_io.BytesIO object at 0x000001FF3FC26450>,0.7150605320930481,0.12485364079475403,0.28827300667762756,142675,33,2,False,Left,Front,Left,Centre,58
<_io.BytesIO object at 0x000001FF3FC26680>,0.7351832985877991,0.056589916348457336,0.28417450189590454,142675,33,2,False,Left,Front,Left,Centre,58
<_io.BytesIO object at 0x000001FF3FC263B0>,0.7446271777153015,0.0326763391494751,0.34001779556274414,142675,33,2,False,Left,Front,Left,Centre,58
<_io.BytesIO object at 0x000001FF3FC26BD0>,0.6705557703971863,0.11168540269136429,-0.011632521636784077,142675,33,2,False,Left,Front,Left,Centre,58
<_io.BytesIO object at 0x000001FF3FC26E00>,0.7075744271278381,0.10517480969429016,0.0075010149739682674,142675,33,2,False,Left,Front,Left,Centre,58
<_io.BytesIO object at 0x000001FF3FC26810>,0.6587868332862854,0.1364486962556839,0.06701434403657913,142675,33,2,False,Left,Front,Left,Centre,58
<_io.BytesIO object at 0x000001FF3FC26400>,0.7185289859771729,0.06344614177942276,0.0037497812882065773,142675,33,2,False,Left,Front,Left,Centre,58
<_io.BytesIO object at 0x000001FF3FA9C180>,0.7013984322547913,0.05047159641981125,0.06077173724770546,142675,33,2,False,Left,Front,Left,Centre,58
<_io.BytesIO object at 0x000001FF3CCB1F90>,0.697841227054596,0.11165675520896912,0.3626469671726227,142676,33,2,False,Left,Front,Left,Centre,58
<_io.BytesIO object at 0x000001FF3CCB15E0>,0.7034446001052856,0.08226402848958969,0.3007947504520416,142676,33,2,False,Left,Front,Left,Centre,58
<_io.BytesIO object at 0x000001FF3FA91630>,0.7150605320930481,0.12485364079475403,0.28827300667762756,142676,33,2,False,Left,Front,Left,Centre,58
<_io.BytesIO object at 0x000001FF3FA91D10>,0.7351832985877991,0.056589916348457336,0.28417450189590454,142676,33,2,False,Left,Front,Left,Centre,58
<_io.BytesIO object at 0x000001FF3FA91180>,0.7446271777153015,0.0326763391494751,0.34001779556274414,142676,33,2,False,Left,Front,Left,Centre,58
<_io.BytesIO object at 0x000001FF3FA91400>,0.6712175607681274,0.11291064321994781,-0.002327102469280362,142676,33,2,False,Left,Front,Left,Centre,58
<_io.BytesIO object at 0x000001FF3FA91CC0>,0.7085245847702026,0.10510076582431793,0.016052480787038803,142676,33,2,False,Left,Front,Left,Centre,58
<_io.BytesIO object at 0x000001FF3FA91D60>,0.661368727684021,0.13682173192501068,0.07688428461551666,142676,33,2,False,Left,Front,Left,Centre,58
<_io.BytesIO object at 0x000001FF3FA91040>,0.7180912494659424,0.0630897656083107,0.011481392197310925,142676,33,2,False,Left,Front,Left,Centre,58
<_io.BytesIO object at 0x000001FF3FA91450>,0.7014945149421692,0.050364796072244644,0.06853291392326355,142676,33,2,False,Left,Front,Left,Centre,58
<_io.BytesIO object at 0x000001FF3CC64450>,0.697841227054596,0.11165675520896912,0.3626469671726227,142677,33,2,False,Left,Front,Left,Centre,58
<_io.BytesIO object at 0x000001FF3CCB3F90>,0.7034446001052856,0.08226402848958969,0.3007947504520416,142677,33,2,False,Left,Front,Left,Centre,58
<_io.BytesIO object at 0x000001FF3CCB3BD0>,0.7150605320930481,0.12485364079475403,0.28827300667762756,142677,33,2,False,Left,Front,Left,Centre,58
<_io.BytesIO object at 0x000001FF3CCB39A0>,0.7351832985877991,0.056589916348457336,0.28417450189590454,142677,33,2,False,Left,Front,Left,Centre,58
<_io.BytesIO object at 0x000001FF3CCB3C20>,0.7446271777153015,0.0326763391494751,0.34001779556274414,142677,33,2,False,Left,Front,Left,Centre,58
<_io.BytesIO object at 0x000001FF3CCB3040>,0.6720035076141357,0.11405166238546371,0.00689281988888979,142677,33,2,False,Left,Front,Left,Centre,58
<_io.BytesIO object at 0x000001FF3CC616D0>,0.7094968557357788,0.10494302958250046,0.024401431903243065,142677,33,2,False,Left,Front,Left,Centre,58
<_io.BytesIO object at 0x000001FF3CC61680>,0.6645140647888184,0.1375894546508789,0.08646136522293091,142677,33,2,False,Left,Front,Left,Centre,58
<_io.BytesIO object at 0x000001FF3CC619F0>,0.7177655696868896,0.06283321231603622,0.01924728788435459,142677,33,2,False,Left,Front,Left,Centre,58
<_io.BytesIO object at 0x000001FF3CC61CC0>,0.7031472325325012,0.05059441924095154,0.07601828128099442,142677,33,2,False,Left,Front,Left,Centre,58
<_io.BytesIO object at 0x000001FF3CC5E8B0>,0.697841227054596,0.11165675520896912,0.3626469671726227,142678,33,2,False,Left,Front,Left,Centre,58
<_io.BytesIO object at 0x000001FF3CC5E400>,0.7034446001052856,0.08226402848958969,0.3007947504520416,142678,33,2,False,Left,Front,Left,Centre,58
<_io.BytesIO object at 0x000001FF3CC6EAE0>,0.7150605320930481,0.12485364079475403,0.28827300667762756,142678,33,2,False,Left,Front,Left,Centre,58
<_io.BytesIO object at 0x000001FF3CC6E810>,0.7351832985877991,0.056589916348457336,0.28417450189590454,142678,33,2,False,Left,Front,Left,Centre,58
<_io.BytesIO object at 0x000001FF3CC6E0E0>,0.7446271777153015,0.0326763391494751,0.34001779556274414,142678,33,2,False,Left,Front,Left,Centre,58
<_io.BytesIO object at 0x000001FF3CC6EB30>,0.6728752255439758,0.11511212587356567,0.016162943094968796,142678,33,2,False,Left,Front,Left,Centre,58
<_io.BytesIO object at 0x000001FF3CC6EDB0>,0.7104848027229309,0.1046733632683754,0.0325234979391098,142678,33,2,False,Left,Front,Left,Centre,58
<_io.BytesIO object at 0x000001FF3CC6E1D0>,0.6681820750236511,0.13844060897827148,0.09561146795749664,142678,33,2,False,Left,Front,Left,Centre,58
<_io.BytesIO object at 0x000001FF3CC6E360>,0.7174736857414246,0.06243610009551048,0.026972102001309395,142678,33,2,False,Left,Front,Left,Centre,58
<_io.BytesIO object at 0x000001FF3CC5A9A0>,0.7050145268440247,0.051326241344213486,0.08344155550003052,142678,33,2,False,Left,Front,Left,Centre,58
<_io.BytesIO object at 0x000001FF3CC6ED10>,0.697841227054596,0.11165675520896912,0.3626469671726227,142679,33,2,False,Left,Front,Left,Centre,58
<_io.BytesIO object at 0x000001FF3CC5E270>,0.7034446001052856,0.08226402848958969,0.3007947504520416,142679,33,2,False,Left,Front,Left,Centre,58
<_io.BytesIO object at 0x000001FF3CC5E540>,0.7150605320930481,0.12485364079475403,0.28827300667762756,142679,33,2,False,Left,Front,Left,Centre,58
<_io.BytesIO object at 0x000001FF3CC5E4F0>,0.7351832985877991,0.056589916348457336,0.28417450189590454,142679,33,2,False,Left,Front,Left,Centre,58
<_io.BytesIO object at 0x000001FF3CC5EC20>,0.7446271777153015,0.0326763391494751,0.34001779556274414,142679,33,2,False,Left,Front,Left,Centre,58
<_io.BytesIO object at 0x000001FF3CC5E3B0>,0.6738497614860535,0.11618746817111969,0.025163870304822922,142679,33,2,False,Left,Front,Left,Centre,58
<_io.BytesIO object at 0x000001FF3CC615E0>,0.711415708065033,0.10445889085531235,0.04059932753443718,142679,33,2,False,Left,Front,Left,Centre,58
<_io.BytesIO object at 0x000001FF3CC614F0>,0.6725406050682068,0.13935880362987518,0.10467757284641266,142679,33,2,False,Left,Front,Left,Centre,58
<_io.BytesIO object at 0x000001FF3CC61630>,0.7172768115997314,0.06226049363613129,0.03449738770723343,142679,33,2,False,Left,Front,Left,Centre,58
<_io.BytesIO object at 0x000001FF3CC61540>,0.7071324586868286,0.05204970762133598,0.090990349650383,142679,33,2,False,Left,Front,Left,Centre,58
<_io.BytesIO object at 0x000001FF3CCB3CC0>,0.697841227054596,0.11165675520896912,0.3626469671726227,142680,33,2,False,Left,Front,Left,Centre,58
<_io.BytesIO object at 0x000001FF3CCB3860>,0.7034446001052856,0.08226402848958969,0.3007947504520416,142680,33,2,False,Left,Front,Left,Centre,58
<_io.BytesIO object at 0x000001FF3CC64950>,0.7150605320930481,0.12485364079475403,0.28827300667762756,142680,33,2,False,Left,Front,Left,Centre,58
<_io.BytesIO object at 0x000001FF3CC642C0>,0.7351832985877991,0.056589916348457336,0.28417450189590454,142680,33,2,False,Left,Front,Left,Centre,58
<_io.BytesIO object at 0x000001FF3CC64090>,0.7446271777153015,0.0326763391494751,0.34001779556274414,142680,33,2,False,Left,Front,Left,Centre,58
<_io.BytesIO object at 0x000001FF3CC64590>,0.6749803423881531,0.11715123057365417,0.034108467400074005,142680,33,2,False,Left,Front,Left,Centre,58
<_io.BytesIO object at 0x000001FF3CC647C0>,0.7127572298049927,0.10447186976671219,0.04837575554847717,142680,33,2,False,Left,Front,Left,Centre,58
<_io.BytesIO object at 0x000001FF3CC64900>,0.6773564219474792,0.1403602659702301,0.11346935480833054,142680,33,2,False,Left,Front,Left,Centre,58
<_io.BytesIO object at 0x000001FF3CC64630>,0.717321515083313,0.062115512788295746,0.042003802955150604,142680,33,2,False,Left,Front,Left,Centre,58
<_io.BytesIO object at 0x000001FF38015400>,0.7099263668060303,0.05293961241841316,0.09831777960062027,142680,33,2,False,Left,Front,Left,Centre,58
<_io.BytesIO object at 0x000001FF3FA91A40>,0.697841227054596,0.11165675520896912,0.3626469671726227,142681,33,2,False,Left,Front,Left,Centre,58
<_io.BytesIO object at 0x000001FF3CCB1900>,0.7034446001052856,0.08226402848958969,0.3007947504520416,142681,33,2,False,Left,Front,Left,Centre,58
<_io.BytesIO object at 0x000001FF3CCB1B30>,0.7150605320930481,0.12485364079475403,0.28827300667762756,142681,33,2,False,Left,Front,Left,Centre,58
<_io.BytesIO object at 0x000001FF3CCB1540>,0.7351832985877991,0.056589916348457336,0.28417450189590454,142681,33,2,False,Left,Front,Left,Centre,58
<_io.BytesIO object at 0x000001FF3CCB18B0>,0.7446271777153015,0.0326763391494751,0.34001779556274414,142681,33,2,False,Left,Front,Left,Centre,58
<_io.BytesIO object at 0x000001FF3FA9C680>,0.676293671131134,0.11814546585083008,0.04289568215608597,142681,33,2,False,Left,Front,Left,Centre,58
<_io.BytesIO object at 0x000001FF3FA9C860>,0.7142999172210693,0.10467851907014847,0.05595755949616432,142681,33,2,False,Left,Front,Left,Centre,58
<_io.BytesIO object at 0x000001FF3FA9C8B0>,0.6824767589569092,0.14138992130756378,0.12208137661218643,142681,33,2,False,Left,Front,Left,Centre,58
<_io.BytesIO object at 0x000001FF3FA9C4F0>,0.7174466848373413,0.06205294653773308,0.04935696721076965,142681,33,2,False,Left,Front,Left,Centre,58
<_io.BytesIO object at 0x000001FF3FA9CCC0>,0.71322101354599,0.05399198457598686,0.10533756762742996,142681,33,2,False,Left,Front,Left,Centre,58
<_io.BytesIO object at 0x000001FF3FC26C20>,0.697841227054596,0.11165675520896912,0.3626469671726227,142682,33,2,False,Left,Front,Left,Centre,58
<_io.BytesIO object at 0x000001FF3CC757C0>,0.7034446001052856,0.08226402848958969,0.3007947504520416,142682,33,2,False,Left,Front,Left,Centre,58
<_io.BytesIO object at 0x000001FF3CC75810>,0.7150605320930481,0.12485364079475403,0.28827300667762756,142682,33,2,False,Left,Front,Left,Centre,58
<_io.BytesIO object at 0x000001FF3CC75590>,0.7351832985877991,0.056589916348457336,0.28417450189590454,142682,33,2,False,Left,Front,Left,Centre,58
<_io.BytesIO object at 0x000001FF3CC75040>,0.7446271777153015,0.0326763391494751,0.34001779556274414,142682,33,2,False,Left,Front,Left,Centre,58
<_io.BytesIO object at 0x000001FF3CC75D10>,0.6777824759483337,0.11920300871133804,0.051526639610528946,142682,33,2,False,Left,Front,Left,Centre,58
<_io.BytesIO object at 0x000001FF3CC75180>,0.7159789800643921,0.10487428307533264,0.06330643594264984,142682,33,2,False,Left,Front,Left,Centre,58
<_io.BytesIO object at 0x000001FF3CC73770>,0.6879944801330566,0.14240501821041107,0.13029636442661285,142682,33,2,False,Left,Front,Left,Centre,58
<_io.BytesIO object at 0x000001FF3CC73C20>,0.7179507613182068,0.06229854002594948,0.056865956634283066,142682,33,2,False,Left,Front,Left,Centre,58
<_io.BytesIO object at 0x000001FF3CC73A40>,0.716772198677063,0.05527721717953682,0.11236950010061264,142682,33,2,False,Left,Front,Left,Centre,58
<_io.BytesIO object at 0x000001FF3FACA090>,0.697841227054596,0.11165675520896912,0.3626469671726227,142683,33,2,False,Left,Front,Left,Centre,58
<_io.BytesIO object at 0x000001FF3FACA400>,0.7034446001052856,0.08226402848958969,0.3007947504520416,142683,33,2,False,Left,Front,Left,Centre,58
<_io.BytesIO object at 0x000001FF3CC06CC0>,0.7150605320930481,0.12485364079475403,0.28827300667762756,142683,33,2,False,Left,Front,Left,Centre,58
<_io.BytesIO object at 0x000001FF3CC06DB0>,0.7351832985877991,0.056589916348457336,0.28417450189590454,142683,33,2,False,Left,Front,Left,Centre,58
<_io.BytesIO object at 0x000001FF3CC06400>,0.7446271777153015,0.0326763391494751,0.34001779556274414,142683,33,2,False,Left,Front,Left,Centre,58
<_io.BytesIO object at 0x000001FF3CC06B30>,0.6794111132621765,0.12020227313041687,0.06002931669354439,142683,33,2,False,Left,Front,Left,Centre,58
<_io.BytesIO object at 0x000001FF3CC06F40>,0.7179815173149109,0.10535033792257309,0.0705188736319542,142683,33,2,False,Left,Front,Left,Centre,58
<_io.BytesIO object at 0x000001FF3CC06F90>,0.6938098073005676,0.14368069171905518,0.1381789892911911,142683,33,2,False,Left,Front,Left,Centre,58
<_io.BytesIO object at 0x000001FF3CC068B0>,0.7185958623886108,0.06240006536245346,0.06418748944997787,142683,33,2,False,Left,Front,Left,Centre,58
<_io.BytesIO object at 0x000001FF3CC06A40>,0.7207752466201782,0.05641841143369675,0.11936116963624954,142683,33,2,False,Left,Front,Left,Centre,58
<_io.BytesIO object at 0x000001FF3CC5ABD0>,0.697841227054596,0.11165675520896912,0.3626469671726227,142684,33,2,False,Left,Front,Left,Centre,58
<_io.BytesIO object at 0x000001FF3CC5A270>,0.7034446001052856,0.08226402848958969,0.3007947504520416,142684,33,2,False,Left,Front,Left,Centre,58
<_io.BytesIO object at 0x000001FF3CC5A8B0>,0.7150605320930481,0.12485364079475403,0.28827300667762756,142684,33,2,False,Left,Front,Left,Centre,58
<_io.BytesIO object at 0x000001FF3CCAA5E0>,0.7351832985877991,0.056589916348457336,0.28417450189590454,142684,33,2,False,Left,Front,Left,Centre,58
<_io.BytesIO object at 0x000001FF3CCAA630>,0.7446271777153015,0.0326763391494751,0.34001779556274414,142684,33,2,False,Left,Front,Left,Centre,58
<_io.BytesIO object at 0x000001FF3CC5AF90>,0.6814762353897095,0.12117581069469452,0.06839621067047119,142684,33,2,False,Left,Front,Left,Centre,58
<_io.BytesIO object at 0x000001FF3CC5A630>,0.7203333973884583,0.10599695891141891,0.07752753794193268,142684,33,2,False,Left,Front,Left,Centre,58
<_io.BytesIO object at 0x000001FF3CC5AAE0>,0.6995817422866821,0.1443602591753006,0.14605723321437836,142684,33,2,False,Left,Front,Left,Centre,58
<_io.BytesIO object at 0x000001FF3CC5A4F0>,0.7195596098899841,0.06263715028762817,0.07157336175441742,142684,33,2,False,Left,Front,Left,Centre,58
<_io.BytesIO object at 0x000001FF3CC5A680>,0.7246822714805603,0.057650692760944366,0.12614870071411133,142684,33,2,False,Left,Front,Left,Centre,58
<_io.BytesIO object at 0x000001FF3CC06040>,0.697841227054596,0.11165675520896912,0.3626469671726227,142685,33,2,False,Left,Front,Left,Centre,58
<_io.BytesIO object at 0x000001FF3CC06E00>,0.7034446001052856,0.08226402848958969,0.3007947504520416,142685,33,2,False,Left,Front,Left,Centre,58
<_io.BytesIO object at 0x000001FF3CC06220>,0.7150605320930481,0.12485364079475403,0.28827300667762756,142685,33,2,False,Left,Front,Left,Centre,58
<_io.BytesIO object at 0x000001FF3CC069F0>,0.7351832985877991,0.056589916348457336,0.28417450189590454,142685,33,2,False,Left,Front,Left,Centre,58
<_io.BytesIO object at 0x000001FF3FA71D10>,0.7446271777153015,0.0326763391494751,0.34001779556274414,142685,33,2,False,Left,Front,Left,Centre,58
<_io.BytesIO object at 0x000001FF3FACAD10>,0.6835933923721313,0.1221233382821083,0.0767378956079483,142685,33,2,False,Left,Front,Left,Centre,58
<_io.BytesIO object at 0x000001FF3FACAEA0>,0.7227989435195923,0.10620155930519104,0.08483543992042542,142685,33,2,False,Left,Front,Left,Centre,58
<_io.BytesIO object at 0x000001FF3FACA4F0>,0.7053453922271729,0.14510416984558105,0.15350501239299774,142685,33,2,False,Left,Front,Left,Centre,58
<_io.BytesIO object at 0x000001FF3FACAA90>,0.720949649810791,0.06299533694982529,0.078839510679245,142685,33,2,False,Left,Front,Left,Centre,58
<_io.BytesIO object at 0x000001FF3FACA180>,0.728889524936676,0.058543235063552856,0.13297434151172638,142685,33,2,False,Left,Front,Left,Centre,58
<_io.BytesIO object at 0x000001FF3CC73130>,0.697841227054596,0.11165675520896912,0.3626469671726227,142686,33,2,False,Left,Front,Left,Centre,58
<_io.BytesIO object at 0x000001FF3CC75090>,0.7034446001052856,0.08226402848958969,0.3007947504520416,142686,33,2,False,Left,Front,Left,Centre,58
<_io.BytesIO object at 0x000001FF3CC75040>,0.7150605320930481,0.12485364079475403,0.28827300667762756,142686,33,2,False,Left,Front,Left,Centre,58
<_io.BytesIO object at 0x000001FF3CC754A0>,0.7351832985877991,0.056589916348457336,0.28417450189590454,142686,33,2,False,Left,Front,Left,Centre,58
<_io.BytesIO object at 0x000001FF3CC75900>,0.7446271777153015,0.0326763391494751,0.34001779556274414,142686,33,2,False,Left,Front,Left,Centre,58
<_io.BytesIO object at 0x000001FF3CC75860>,0.6858546137809753,0.12287074327468872,0.08491472154855728,142686,33,2,False,Left,Front,Left,Centre,58
<_io.BytesIO object at 0x000001FF3CC75B80>,0.7251672148704529,0.10650269687175751,0.09183090925216675,142686,33,2,False,Left,Front,Left,Centre,58
<_io.BytesIO object at 0x000001FF3FC26C20>,0.7125852108001709,0.1472073793411255,0.15991660952568054,142686,33,2,False,Left,Front,Left,Centre,58
<_io.BytesIO object at 0x000001FF3FC267C0>,0.7224246859550476,0.06316359341144562,0.08638967573642731,142686,33,2,False,Left,Front,Left,Centre,58
<_io.BytesIO object at 0x000001FF3FC26450>,0.7329996824264526,0.059265535324811935,0.13962021470069885,142686,33,2,False,Left,Front,Left,Centre,58
<_io.BytesIO object at 0x000001FF3FA9CEF0>,0.697841227054596,0.11165675520896912,0.3626469671726227,142687,33,2,False,Left,Front,Left,Centre,58
<_io.BytesIO object at 0x000001FF3FA9CB80>,0.7034446001052856,0.08226402848958969,0.3007947504520416,142687,33,2,False,Left,Front,Left,Centre,58
<_io.BytesIO object at 0x000001FF3CCB1680>,0.7150605320930481,0.12485364079475403,0.28827300667762756,142687,33,2,False,Left,Front,Left,Centre,58
<_io.BytesIO object at 0x000001FF3CCB1540>,0.7351832985877991,0.056589916348457336,0.28417450189590454,142687,33,2,False,Left,Front,Left,Centre,58
<_io.BytesIO object at 0x000001FF3CCB1D10>,0.7446271777153015,0.0326763391494751,0.34001779556274414,142687,33,2,False,Left,Front,Left,Centre,58
<_io.BytesIO object at 0x000001FF3CCB16D0>,0.6884164810180664,0.1235867366194725,0.093152716755867,142687,33,2,False,Left,Front,Left,Centre,58
<_io.BytesIO object at 0x000001FF3CCB1770>,0.7279671430587769,0.10689563304185867,0.09898379445075989,142687,33,2,False,Left,Front,Left,Centre,58
<_io.BytesIO object at 0x000001FF3CCB1F90>,0.7168145775794983,0.14615359902381897,0.16830116510391235,142687,33,2,False,Left,Front,Left,Centre,58
<_io.BytesIO object at 0x000001FF3CCB1310>,0.7240868210792542,0.06316497921943665,0.09435635805130005,142687,33,2,False,Left,Front,Left,Centre,58
<_io.BytesIO object at 0x000001FF3FA91900>,0.7373239398002625,0.059806618839502335,0.14643307030200958,142687,33,2,False,Left,Front,Left,Centre,58
<_io.BytesIO object at 0x000001FF38015900>,0.697841227054596,0.11165675520896912,0.3626469671726227,142688,33,2,False,Left,Front,Left,Centre,58
<_io.BytesIO object at 0x000001FF3CC64EA0>,0.7034446001052856,0.08226402848958969,0.3007947504520416,142688,33,2,False,Left,Front,Left,Centre,58
<_io.BytesIO object at 0x000001FF3CC64AE0>,0.7150605320930481,0.12485364079475403,0.28827300667762756,142688,33,2,False,Left,Front,Left,Centre,58
<_io.BytesIO object at 0x000001FF3CC64810>,0.7351832985877991,0.056589916348457336,0.28417450189590454,142688,33,2,False,Left,Front,Left,Centre,58
<_io.BytesIO object at 0x000001FF3CC64BD0>,0.7446271777153015,0.0326763391494751,0.34001779556274414,142688,33,2,False,Left,Front,Left,Centre,58
<_io.BytesIO object at 0x000001FF3CCB3860>,0.6912307143211365,0.12415242940187454,0.10135739296674728,142688,33,2,False,Left,Front,Left,Centre,58
<_io.BytesIO object at 0x000001FF3CCB33B0>,0.7307101488113403,0.10720335692167282,0.10611286014318466,142688,33,2,False,Left,Front,Left,Centre,58
<_io.BytesIO object at 0x000001FF3CCB3C70>,0.7222514748573303,0.14649473130702972,0.17553849518299103,142688,33,2,False,Left,Front,Left,Centre,58
<_io.BytesIO object at 0x000001FF3CCB3F90>,0.72609543800354,0.0630001574754715,0.10221096128225327,142688,33,2,False,Left,Front,Left,Centre,58
<_io.BytesIO object at 0x000001FF3CCB3AE0>,0.7416040897369385,0.06000862643122673,0.15324082970619202,142688,33,2,False,Left,Front,Left,Centre,58
<_io.BytesIO object at 0x000001FF3CC61F40>,0.697841227054596,0.11165675520896912,0.3626469671726227,142689,33,2,False,Left,Front,Left,Centre,58
<_io.BytesIO object at 0x000001FF3CC61E00>,0.7034446001052856,0.08226402848958969,0.3007947504520416,142689,33,2,False,Left,Front,Left,Centre,58
<_io.BytesIO object at 0x000001FF3CC5EDB0>,0.7150605320930481,0.12485364079475403,0.28827300667762756,142689,33,2,False,Left,Front,Left,Centre,58
<_io.BytesIO object at 0x000001FF3CC5E4F0>,0.7351832985877991,0.056589916348457336,0.28417450189590454,142689,33,2,False,Left,Front,Left,Centre,58
<_io.BytesIO object at 0x000001FF3CC5E950>,0.7446271777153015,0.0326763391494751,0.34001779556274414,142689,33,2,False,Left,Front,Left,Centre,58
<_io.BytesIO object at 0x000001FF3CC5EF90>,0.6942653656005859,0.12468045949935913,0.10952245444059372,142689,33,2,False,Left,Front,Left,Centre,58
<_io.BytesIO object at 0x000001FF3CC5EB30>,0.7330661416053772,0.10675536096096039,0.11331312358379364,142689,33,2,False,Left,Front,Left,Centre,58
<_io.BytesIO object at 0x000001FF3CC5E860>,0.7272241115570068,0.14644955098628998,0.18321779370307922,142689,33,2,False,Left,Front,Left,Centre,58
<_io.BytesIO object at 0x000001FF3CC6E040>,0.7282657027244568,0.0627632737159729,0.10970903933048248,142689,33,2,False,Left,Front,Left,Centre,58
<_io.BytesIO object at 0x000001FF3CC6EEA0>,0.7457774877548218,0.060050543397665024,0.16020692884922028,142689,33,2,False,Left,Front,Left,Centre,58
<_io.BytesIO object at 0x000001FF3CC5E720>,0.697841227054596,0.11165675520896912,0.3626469671726227,142690,33,2,False,Left,Front,Left,Centre,58
<_io.BytesIO object at 0x000001FF3CC61950>,0.7034446001052856,0.08226402848958969,0.3007947504520416,142690,33,2,False,Left,Front,Left,Centre,58
<_io.BytesIO object at 0x000001FF3CC61F90>,0.7150605320930481,0.12485364079475403,0.28827300667762756,142690,33,2,False,Left,Front,Left,Centre,58
<_io.BytesIO object at 0x000001FF3CC61860>,0.7351832985877991,0.056589916348457336,0.28417450189590454,142690,33,2,False,Left,Front,Left,Centre,58
<_io.BytesIO object at 0x000001FF3CC618B0>,0.7446271777153015,0.0326763391494751,0.34001779556274414,142690,33,2,False,Left,Front,Left,Centre,58
<_io.BytesIO object at 0x000001FF3CC61E50>,0.6973867416381836,0.125029519200325,0.11771216988563538,142690,33,2,False,Left,Front,Left,Centre,58
<_io.BytesIO object at 0x000001FF3CC61D10>,0.7361722588539124,0.10711994767189026,0.120615653693676,142690,33,2,False,Left,Front,Left,Centre,58
<_io.BytesIO object at 0x000001FF3CCB3EF0>,0.7325605154037476,0.146357461810112,0.191132053732872,142690,33,2,False,Left,Front,Left,Centre,58
<_io.BytesIO object at 0x000001FF3CCB3B80>,0.7307294607162476,0.062498439103364944,0.11729748547077179,142690,33,2,False,Left,Front,Left,Centre,58
<_io.BytesIO object at 0x000001FF3CCB37C0>,0.7499386072158813,0.05977175012230873,0.1674383580684662,142690,33,2,False,Left,Front,Left,Centre,58
<_io.BytesIO object at 0x000001FF3CC64310>,0.697841227054596,0.11165675520896912,0.3626469671726227,142691,33,2,False,Left,Front,Left,Centre,58
<_io.BytesIO object at 0x000001FF3CC64720>,0.7034446001052856,0.08226402848958969,0.3007947504520416,142691,33,2,False,Left,Front,Left,Centre,58
<_io.BytesIO object at 0x000001FF38015360>,0.7150605320930481,0.12485364079475403,0.28827300667762756,142691,33,2,False,Left,Front,Left,Centre,58
<_io.BytesIO object at 0x000001FF3FA91040>,0.7351832985877991,0.056589916348457336,0.28417450189590454,142691,33,2,False,Left,Front,Left,Centre,58
<_io.BytesIO object at 0x000001FF3FA91A90>,0.7446271777153015,0.0326763391494751,0.34001779556274414,142691,33,2,False,Left,Front,Left,Centre,58
<_io.BytesIO object at 0x000001FF3FA91310>,0.700579822063446,0.12525708973407745,0.12594927847385406,142691,33,2,False,Left,Front,Left,Centre,58
<_io.BytesIO object at 0x000001FF3FA91B30>,0.7394766211509705,0.10726660490036011,0.12810584902763367,142691,33,2,False,Left,Front,Left,Centre,58
<_io.BytesIO object at 0x000001FF3FA919F0>,0.7371709942817688,0.14632324874401093,0.1986503154039383,142691,33,2,False,Left,Front,Left,Centre,58
<_io.BytesIO object at 0x000001FF3FA919A0>,0.7333642840385437,0.06235068663954735,0.12484682351350784,142691,33,2,False,Left,Front,Left,Centre,58
<_io.BytesIO object at 0x000001FF3FA91D10>,0.754072368144989,0.05930040031671524,0.17465709149837494,142691,33,2,False,Left,Front,Left,Centre,58
<_io.BytesIO object at 0x000001FF3FA9CB80>,0.697841227054596,0.11165675520896912,0.3626469671726227,142692,33,2,False,Left,Front,Left,Centre,58
<_io.BytesIO object at 0x000001FF3FA9CC70>,0.7034446001052856,0.08226402848958969,0.3007947504520416,142692,33,2,False,Left,Front,Left,Centre,58
<_io.BytesIO object at 0x000001FF3FA9C590>,0.7150605320930481,0.12485364079475403,0.28827300667762756,142692,33,2,False,Left,Front,Left,Centre,58
<_io.BytesIO object at 0x000001FF3FA9CA40>,0.7351832985877991,0.056589916348457336,0.28417450189590454,142692,33,2,False,Left,Front,Left,Centre,58
<_io.BytesIO object at 0x000001FF3FC26180>,0.7446271777153015,0.0326763391494751,0.34001779556274414,142692,33,2,False,Left,Front,Left,Centre,58
<_io.BytesIO object at 0x000001FF3FC26400>,0.7033464312553406,0.12470848858356476,0.13373683393001556,142692,33,2,False,Left,Front,Left,Centre,58
<_io.BytesIO object at 0x000001FF3FC26E00>,0.7428717017173767,0.10718393325805664,0.13564138114452362,142692,33,2,False,Left,Front,Left,Centre,58
<_io.BytesIO object at 0x000001FF3FC26770>,0.7420763373374939,0.14585700631141663,0.2065337896347046,142692,33,2,False,Left,Front,Left,Centre,58
<_io.BytesIO object at 0x000001FF3FC264A0>,0.7362696528434753,0.06214127317070961,0.13222558796405792,142692,33,2,False,Left,Front,Left,Centre,58
<_io.BytesIO object at 0x000001FF3FC26AE0>,0.7580394744873047,0.058803074061870575,0.1818869262933731,142692,33,2,False,Left,Front,Left,Centre,58
<_io.BytesIO object at 0x000001FF3CC75DB0>,0.697841227054596,0.11165675520896912,0.3626469671726227,142693,33,2,False,Left,Front,Left,Centre,58
<_io.BytesIO object at 0x000001FF3CC73770>,0.7034446001052856,0.08226402848958969,0.3007947504520416,142693,33,2,False,Left,Front,Left,Centre,58
<_io.BytesIO object at 0x000001FF3CC73EA0>,0.7150605320930481,0.12485364079475403,0.28827300667762756,142693,33,2,False,Left,Front,Left,Centre,58
<_io.BytesIO object at 0x000001FF3CC733B0>,0.7351832985877991,0.056589916348457336,0.28417450189590454,142693,33,2,False,Left,Front,Left,Centre,58
<_io.BytesIO object at 0x000001FF3CC73810>,0.7446271777153015,0.0326763391494751,0.34001779556274414,142693,33,2,False,Left,Front,Left,Centre,58
<_io.BytesIO object at 0x000001FF3CC73E50>,0.7068575024604797,0.12488532811403275,0.14297866821289062,142693,33,2,False,Left,Front,Left,Centre,58
<_io.BytesIO object at 0x000001FF3FACA680>,0.7462430000305176,0.10693129897117615,0.14327694475650787,142693,33,2,False,Left,Front,Left,Centre,58
<_io.BytesIO object at 0x000001FF3FACA630>,0.7470855712890625,0.14502540230751038,0.21442349255084991,142693,33,2,False,Left,Front,Left,Centre,58
<_io.BytesIO object at 0x000001FF3FACA9A0>,0.7393159866333008,0.06198776513338089,0.13959915935993195,142693,33,2,False,Left,Front,Left,Centre,58
<_io.BytesIO object at 0x000001FF3FACA7C0>,0.7618825435638428,0.05834224447607994,0.18900014460086823,142693,33,2,False,Left,Front,Left,Centre,58
<_io.BytesIO object at 0x000001FF3CC066D0>,0.697841227054596,0.11165675520896912,0.3626469671726227,142694,33,2,False,Left,Front,Left,Centre,58
<_io.BytesIO object at 0x000001FF3CC068B0>,0.7034446001052856,0.08226402848958969,0.3007947504520416,142694,33,2,False,Left,Front,Left,Centre,58
<_io.BytesIO object at 0x000001FF3CCBAA90>,0.7150605320930481,0.12485364079475403,0.28827300667762756,142694,33,2,False,Left,Front,Left,Centre,58
<_io.BytesIO object at 0x000001FF3CCBA860>,0.7351832985877991,0.056589916348457336,0.28417450189590454,142694,33,2,False,Left,Front,Left,Centre,58
<_io.BytesIO object at 0x000001FF3CCBAC70>,0.7446271777153015,0.0326763391494751,0.34001779556274414,142694,33,2,False,Left,Front,Left,Centre,58
<_io.BytesIO object at 0x000001FF3CCBA4A0>,0.7103591561317444,0.12494038790464401,0.151274636387825,142694,33,2,False,Left,Front,Left,Centre,58
<_io.BytesIO object at 0x000001FF3CCBA630>,0.7496282458305359,0.10647323727607727,0.15091468393802643,142694,33,2,False,Left,Front,Left,Centre,58
<_io.BytesIO object at 0x000001FF3CCBA040>,0.7519922852516174,0.14406590163707733,0.22234155237674713,142694,33,2,False,Left,Front,Left,Centre,58
<_io.BytesIO object at 0x000001FF3CCBAF90>,0.7423025965690613,0.061932727694511414,0.1467764675617218,142694,33,2,False,Left,Front,Left,Centre,58
<_io.BytesIO object at 0x000001FF3CC5ABD0>,0.7655614018440247,0.05801417678594589,0.19606180489063263,142694,33,2,False,Left,Front,Left,Centre,58
<_io.BytesIO object at 0x000001FF3CC6EAE0>,0.697841227054596,0.11165675520896912,0.3626469671726227,142695,33,2,False,Left,Front,Left,Centre,58
<_io.BytesIO object at 0x000001FF3CC6EF90>,0.7034446001052856,0.08226402848958969,0.3007947504520416,142695,33,2,False,Left,Front,Left,Centre,58
<_io.BytesIO object at 0x000001FF3CC6E310>,0.7150605320930481,0.12485364079475403,0.28827300667762756,142695,33,2,False,Left,Front,Left,Centre,58
<_io.BytesIO object at 0x000001FF3CCAA4F0>,0.7351832985877991,0.056589916348457336,0.28417450189590454,142695,33,2,False,Left,Front,Left,Centre,58
<_io.BytesIO object at 0x000001FF3CCAA040>,0.7446271777153015,0.0326763391494751,0.34001779556274414,142695,33,2,False,Left,Front,Left,Centre,58
<_io.BytesIO object at 0x000001FF3CC6E360>,0.7141095399856567,0.12509651482105255,0.15957912802696228,142695,33,2,False,Left,Front,Left,Centre,58
<_io.BytesIO object at 0x000001FF3CC6EA40>,0.752989649772644,0.10597267001867294,0.15856413543224335,142695,33,2,False,Left,Front,Left,Centre,58
<_io.BytesIO object at 0x000001FF3CC6E6D0>,0.7567790746688843,0.1430361270904541,0.23028485476970673,142695,33,2,False,Left,Front,Left,Centre,58
<_io.BytesIO object at 0x000001FF3CC6E770>,0.7452308535575867,0.06207044795155525,0.15402324497699738,142695,33,2,False,Left,Front,Left,Centre,58
<_io.BytesIO object at 0x000001FF3CC6E950>,0.7691156268119812,0.05767569690942764,0.2030280977487564,142695,33,2,False,Left,Front,Left,Centre,58
<_io.BytesIO object at 0x000001FF3CCBA590>,0.697841227054596,0.11165675520896912,0.3626469671726227,142696,33,2,False,Left,Front,Left,Centre,58
<_io.BytesIO object at 0x000001FF3CCBA1D0>,0.7034446001052856,0.08226402848958969,0.3007947504520416,142696,33,2,False,Left,Front,Left,Centre,58
<_io.BytesIO object at 0x000001FF3CCBA8B0>,0.7150605320930481,0.12485364079475403,0.28827300667762756,142696,33,2,False,Left,Front,Left,Centre,58
<_io.BytesIO object at 0x000001FF3CC061D0>,0.7351832985877991,0.056589916348457336,0.28417450189590454,142696,33,2,False,Left,Front,Left,Centre,58
<_io.BytesIO object at 0x000001FF3CC06130>,0.7446271777153015,0.0326763391494751,0.34001779556274414,142696,33,2,False,Left,Front,Left,Centre,58
<_io.BytesIO object at 0x000001FF3CC06860>,0.7178066372871399,0.1254059225320816,0.1675427258014679,142696,33,2,False,Left,Front,Left,Centre,58
<_io.BytesIO object at 0x000001FF3CC06AE0>,0.7562905550003052,0.10554231703281403,0.1661333441734314,142696,33,2,False,Left,Front,Left,Centre,58
<_io.BytesIO object at 0x000001FF3CC06950>,0.7614457011222839,0.14196117222309113,0.23827233910560608,142696,33,2,False,Left,Front,Left,Centre,58
<_io.BytesIO object at 0x000001FF3CC06810>,0.748261034488678,0.062073156237602234,0.16113460063934326,142696,33,2,False,Left,Front,Left,Centre,58
<_io.BytesIO object at 0x000001FF3CC063B0>,0.7724272608757019,0.057331446558237076,0.20994412899017334,142696,33,2,False,Left,Front,Left,Centre,58
<_io.BytesIO object at 0x000001FF3FACA720>,0.697841227054596,0.11165675520896912,0.3626469671726227,142697,33,2,False,Left,Front,Left,Centre,58
<_io.BytesIO object at 0x000001FF3CC73450>,0.7034446001052856,0.08226402848958969,0.3007947504520416,142697,33,2,False,Left,Front,Left,Centre,58
<_io.BytesIO object at 0x000001FF3CC733B0>,0.7150605320930481,0.12485364079475403,0.28827300667762756,142697,33,2,False,Left,Front,Left,Centre,58
<_io.BytesIO object at 0x000001FF3CC73900>,0.7351832985877991,0.056589916348457336,0.28417450189590454,142697,33,2,False,Left,Front,Left,Centre,58
<_io.BytesIO object at 0x000001FF3CC73AE0>,0.7446271777153015,0.0326763391494751,0.34001779556274414,142697,33,2,False,Left,Front,Left,Centre,58
<_io.BytesIO object at 0x000001FF3CC734F0>,0.7214599847793579,0.1258276104927063,0.1752699613571167,142697,33,2,False,Left,Front,Left,Centre,58
<_io.BytesIO object at 0x000001FF3CC73F40>,0.7594447731971741,0.1052609235048294,0.17348042130470276,142697,33,2,False,Left,Front,Left,Centre,58
<_io.BytesIO object at 0x000001FF3CC75C20>,0.7657061815261841,0.14101554453372955,0.24608449637889862,142697,33,2,False,Left,Front,Left,Centre,58
<_io.BytesIO object at 0x000001FF3CC75180>,0.7512526512145996,0.062130704522132874,0.1682729423046112,142697,33,2,False,Left,Front,Left,Centre,58
<_io.BytesIO object at 0x000001FF3CC754F0>,0.7754822969436646,0.056917112320661545,0.21677643060684204,142697,33,2,False,Left,Front,Left,Centre,58
<_io.BytesIO object at 0x000001FF3FC26F40>,0.697841227054596,0.11165675520896912,0.3626469671726227,142698,33,2,False,Left,Front,Left,Centre,58
<_io.BytesIO object at 0x000001FF3FC26400>,0.7034446001052856,0.08226402848958969,0.3007947504520416,142698,33,2,False,Left,Front,Left,Centre,58
<_io.BytesIO object at 0x000001FF3FA9C450>,0.7150605320930481,0.12485364079475403,0.28827300667762756,142698,33,2,False,Left,Front,Left,Centre,58
<_io.BytesIO object at 0x000001FF3FA9CAE0>,0.7351832985877991,0.056589916348457336,0.28417450189590454,142698,33,2,False,Left,Front,Left,Centre,58
<_io.BytesIO object at 0x000001FF3FA9CB30>,0.7446271777153015,0.0326763391494751,0.34001779556274414,142698,33,2,False,Left,Front,Left,Centre,58
<_io.BytesIO object at 0x000001FF3FA9C4F0>,0.7249804139137268,0.12636743485927582,0.18274879455566406,142698,33,2,False,Left,Front,Left,Centre,58
<_io.BytesIO object at 0x000001FF3FA9C0E0>,0.7625924348831177,0.10522276908159256,0.18090181052684784,142698,33,2,False,Left,Front,Left,Centre,58
<_io.BytesIO object at 0x000001FF3FA9C9A0>,0.769669771194458,0.14034144580364227,0.25402963161468506,142698,33,2,False,Left,Front,Left,Centre,58
<_io.BytesIO object at 0x000001FF3FA9C680>,0.7540674805641174,0.062202975153923035,0.17518548667430878,142698,33,2,False,Left,Front,Left,Centre,58
<_io.BytesIO object at 0x000001FF3CCB1A40>,0.7783169746398926,0.056433890014886856,0.22361741960048676,142698,33,2,False,Left,Front,Left,Centre,58
<_io.BytesIO object at 0x000001FF3FA91220>,0.697841227054596,0.11165675520896912,0.3626469671726227,142699,33,2,False,Left,Front,Left,Centre,58
<_io.BytesIO object at 0x000001FF3FA91EF0>,0.7034446001052856,0.08226402848958969,0.3007947504520416,142699,33,2,False,Left,Front,Left,Centre,58
<_io.BytesIO object at 0x000001FF3FA91C70>,0.7150605320930481,0.12485364079475403,0.28827300667762756,142699,33,2,False,Left,Front,Left,Centre,58
<_io.BytesIO object at 0x000001FF380156D0>,0.7351832985877991,0.056589916348457336,0.28417450189590454,142699,33,2,False,Left,Front,Left,Centre,58
<_io.BytesIO object at 0x000001FF38015810>,0.7446271777153015,0.0326763391494751,0.34001779556274414,142699,33,2,False,Left,Front,Left,Centre,58
<_io.BytesIO object at 0x000001FF3CC646D0>,0.7283087968826294,0.12706275284290314,0.19000858068466187,142699,33,2,False,Left,Front,Left,Centre,58
<_io.BytesIO object at 0x000001FF3CC64630>,0.7655961513519287,0.10556472092866898,0.1883738487958908,142699,33,2,False,Left,Front,Left,Centre,58
<_io.BytesIO object at 0x000001FF3CC64220>,0.7732340097427368,0.1397927850484848,0.26176026463508606,142699,33,2,False,Left,Front,Left,Centre,58
<_io.BytesIO object at 0x000001FF3CC64770>,0.7568216919898987,0.06235816329717636,0.18214818835258484,142699,33,2,False,Left,Front,Left,Centre,58
<_io.BytesIO object at 0x000001FF3CC642C0>,0.780937135219574,0.05588278919458389,0.23046152293682098,142699,33,2,False,Left,Front,Left,Centre,58
<_io.BytesIO object at 0x000001FF3CCB38B0>,0.697841227054596,0.11165675520896912,0.3626469671726227,142700,33,2,False,Left,Front,Left,Centre,58
<_io.BytesIO object at 0x000001FF3CC61590>,0.7034446001052856,0.08226402848958969,0.3007947504520416,142700,33,2,False,Left,Front,Left,Centre,58
<_io.BytesIO object at 0x000001FF3CC61CC0>,0.7150605320930481,0.12485364079475403,0.28827300667762756,142700,33,2,False,Left,Front,Left,Centre,58
<_io.BytesIO object at 0x000001FF3CC61220>,0.7351832985877991,0.056589916348457336,0.28417450189590454,142700,33,2,False,Left,Front,Left,Centre,58
<_io.BytesIO object at 0x000001FF3CC610E0>,0.7446271777153015,0.0326763391494751,0.34001779556274414,142700,33,2,False,Left,Front,Left,Centre,58
<_io.BytesIO object at 0x000001FF3CC61810>,0.7315979599952698,0.12778519093990326,0.19713835418224335,142700,33,2,False,Left,Front,Left,Centre,58
<_io.BytesIO object at 0x000001FF3CC61770>,0.7685774564743042,0.10585189610719681,0.19543887674808502,142700,33,2,False,Left,Front,Left,Centre,58
<_io.BytesIO object at 0x000001FF3CC5EAE0>,0.7763523459434509,0.1394122689962387,0.26927322149276733,142700,33,2,False,Left,Front,Left,Centre,58
<_io.BytesIO object at 0x000001FF3CC5EE00>,0.7594696879386902,0.06255728006362915,0.1889844387769699,142700,33,2,False,Left,Front,Left,Centre,58
<_io.BytesIO object at 0x000001FF3CC5E310>,0.7833163142204285,0.055328190326690674,0.23729105293750763,142700,33,2,False,Left,Front,Left,Centre,58
<_io.BytesIO object at 0x000001FF3CC61D10>,0.697841227054596,0.11165675520896912,0.3626469671726227,142701,33,2,False,Left,Front,Left,Centre,58
<_io.BytesIO object at 0x000001FF3CCB3770>,0.7034446001052856,0.08226402848958969,0.3007947504520416,142701,33,2,False,Left,Front,Left,Centre,58
<_io.BytesIO object at 0x000001FF3CCB36D0>,0.7150605320930481,0.12485364079475403,0.28827300667762756,142701,33,2,False,Left,Front,Left,Centre,58
<_io.BytesIO object at 0x000001FF3CCB3EA0>,0.7351832985877991,0.056589916348457336,0.28417450189590454,142701,33,2,False,Left,Front,Left,Centre,58
<_io.BytesIO object at 0x000001FF3CCB3180>,0.7446271777153015,0.0326763391494751,0.34001779556274414,142701,33,2,False,Left,Front,Left,Centre,58
<_io.BytesIO object at 0x000001FF3CCB3130>,0.7346973419189453,0.12862497568130493,0.2040572315454483,142701,33,2,False,Left,Front,Left,Centre,58
<_io.BytesIO object at 0x000001FF3CCB3900>,0.7714970707893372,0.10624692589044571,0.20235246419906616,142701,33,2,False,Left,Front,Left,Centre,58
<_io.BytesIO object at 0x000001FF3CC64D60>,0.7792432308197021,0.1391795575618744,0.27681154012680054,142701,33,2,False,Left,Front,Left,Centre,58
<_io.BytesIO object at 0x000001FF3CC64EF0>,0.7620500326156616,0.06276942044496536,0.19567036628723145,142701,33,2,False,Left,Front,Left,Centre,58
<_io.BytesIO object at 0x000001FF3CC643B0>,0.7854072451591492,0.05486106127500534,0.24408309161663055,142701,33,2,False,Left,Front,Left,Centre,58
<_io.BytesIO object at 0x000001FF3FA910E0>,0.697841227054596,0.11165675520896912,0.3626469671726227,142702,33,2,False,Left,Front,Left,Centre,58
<_io.BytesIO object at 0x000001FF3FA917C0>,0.7034446001052856,0.08226402848958969,0.3007947504520416,142702,33,2,False,Left,Front,Left,Centre,58
<_io.BytesIO object at 0x000001FF3FA91630>,0.7150605320930481,0.12485364079475403,0.28827300667762756,142702,33,2,False,Left,Front,Left,Centre,58
<_io.BytesIO object at 0x000001FF3CCB1E50>,0.7351832985877991,0.056589916348457336,0.28417450189590454,142702,33,2,False,Left,Front,Left,Centre,58
<_io.BytesIO object at 0x000001FF3CCB18B0>,0.7446271777153015,0.0326763391494751,0.34001779556274414,142702,33,2,False,Left,Front,Left,Centre,58
<_io.BytesIO object at 0x000001FF3CCB1F90>,0.7380401492118835,0.1300888955593109,0.21082264184951782,142702,33,2,False,Left,Front,Left,Centre,58
<_io.BytesIO object at 0x000001FF3CCB1720>,0.7742400765419006,0.1068958044052124,0.20923440158367157,142702,33,2,False,Left,Front,Left,Centre,58
<_io.BytesIO object at 0x000001FF3CCB1CC0>,0.7816869020462036,0.1391158550977707,0.28402572870254517,142702,33,2,False,Left,Front,Left,Centre,58
<_io.BytesIO object at 0x000001FF3CCB1540>,0.764450192451477,0.06313682347536087,0.20224379003047943,142702,33,2,False,Left,Front,Left,Centre,58
<_io.BytesIO object at 0x000001FF3CCB1E00>,0.7871601581573486,0.05454730615019798,0.25073006749153137,142702,33,2,False,Left,Front,Left,Centre,58
<_io.BytesIO object at 0x000001FF3FC264F0>,0.697841227054596,0.11165675520896912,0.3626469671726227,142703,33,2,False,Left,Front,Left,Centre,58
<_io.BytesIO object at 0x000001FF3FC26770>,0.7034446001052856,0.08226402848958969,0.3007947504520416,142703,33,2,False,Left,Front,Left,Centre,58
<_io.BytesIO object at 0x000001FF3FC269F0>,0.7150605320930481,0.12485364079475403,0.28827300667762756,142703,33,2,False,Left,Front,Left,Centre,58
<_io.BytesIO object at 0x000001FF3FC265E0>,0.7351832985877991,0.056589916348457336,0.28417450189590454,142703,33,2,False,Left,Front,Left,Centre,58
<_io.BytesIO object at 0x000001FF3CC75E00>,0.7446271777153015,0.0326763391494751,0.34001779556274414,142703,33,2,False,Left,Front,Left,Centre,58
<_io.BytesIO object at 0x000001FF3CC758B0>,0.7398164868354797,0.12982600927352905,0.217637836933136,142703,33,2,False,Left,Front,Left,Centre,58
<_io.BytesIO object at 0x000001FF3CC75EA0>,0.7769975066184998,0.10754986107349396,0.21575260162353516,142703,33,2,False,Left,Front,Left,Centre,58
<_io.BytesIO object at 0x000001FF3CC757C0>,0.7813090682029724,0.1369360387325287,0.2929227650165558,142703,33,2,False,Left,Front,Left,Centre,58
<_io.BytesIO object at 0x000001FF3CC75810>,0.7666488289833069,0.0636451467871666,0.20842549204826355,142703,33,2,False,Left,Front,Left,Centre,58
<_io.BytesIO object at 0x000001FF3CC754F0>,0.7886084914207458,0.054370053112506866,0.25739458203315735,142703,33,2,False,Left,Front,Left,Centre,58
<_io.BytesIO object at 0x000001FF3CC73860>,0.697841227054596,0.11165675520896912,0.3626469671726227,142704,33,2,False,Left,Front,Left,Centre,58
<_io.BytesIO object at 0x000001FF3FACAE00>,0.7034446001052856,0.08226402848958969,0.3007947504520416,142704,33,2,False,Left,Front,Left,Centre,58
<_io.BytesIO object at 0x000001FF3FACA450>,0.7150605320930481,0.12485364079475403,0.28827300667762756,142704,33,2,False,Left,Front,Left,Centre,58
<_io.BytesIO object at 0x000001FF3FACAB30>,0.7351832985877991,0.056589916348457336,0.28417450189590454,142704,33,2,False,Left,Front,Left,Centre,58
<_io.BytesIO object at 0x000001FF3FACAAE0>,0.7446271777153015,0.0326763391494751,0.34001779556274414,142704,33,2,False,Left,Front,Left,Centre,58
<_io.BytesIO object at 0x000001FF3FACA090>,0.7417661547660828,0.1304013878107071,0.22408299148082733,142704,33,2,False,Left,Front,Left,Centre,58
<_io.BytesIO object at 0x000001FF3FA71C20>,0.7793745398521423,0.10841682553291321,0.2221912145614624,142704,33,2,False,Left,Front,Left,Centre,58
<_io.BytesIO object at 0x000001FF3FA71F90>,0.7828291058540344,0.13718479871749878,0.29991233348846436,142704,33,2,False,Left,Front,Left,Centre,58
<_io.BytesIO object at 0x000001FF3CC06D10>,0.7688525319099426,0.06432615965604782,0.2145169973373413,142704,33,2,False,Left,Front,Left,Centre,58
<_io.BytesIO object at 0x000001FF3CC06540>,0.7897239923477173,0.05420687422156334,0.2638622224330902,142704,33,2,False,Left,Front,Left,Centre,58
<_io.BytesIO object at 0x000001FF3CCBA6D0>,0.697841227054596,0.11165675520896912,0.3626469671726227,142705,33,2,False,Left,Front,Left,Centre,58
<_io.BytesIO object at 0x000001FF3CCBAF90>,0.7034446001052856,0.08226402848958969,0.3007947504520416,142705,33,2,False,Left,Front,Left,Centre,58
<_io.BytesIO object at 0x000001FF3CC5A630>,0.7150605320930481,0.12485364079475403,0.28827300667762756,142705,33,2,False,Left,Front,Left,Centre,58
<_io.BytesIO object at 0x000001FF3CC5A1D0>,0.7351832985877991,0.056589916348457336,0.28417450189590454,142705,33,2,False,Left,Front,Left,Centre,58
<_io.BytesIO object at 0x000001FF3CC5A360>,0.7446271777153015,0.0326763391494751,0.34001779556274414,142705,33,2,False,Left,Front,Left,Centre,58
<_io.BytesIO object at 0x000001FF3CC5A4F0>,0.7433667778968811,0.1308724582195282,0.230136439204216,142705,33,2,False,Left,Front,Left,Centre,58
<_io.BytesIO object at 0x000001FF3CC5A450>,0.7812543511390686,0.10934589058160782,0.22832925617694855,142705,33,2,False,Left,Front,Left,Centre,58
<_io.BytesIO object at 0x000001FF3CC5AA40>,0.7830616235733032,0.13687710464000702,0.3067932426929474,142705,33,2,False,Left,Front,Left,Centre,58
<_io.BytesIO object at 0x000001FF3CC6E3B0>,0.770862340927124,0.06511218845844269,0.22026610374450684,142705,33,2,False,Left,Front,Left,Centre,58
<_io.BytesIO object at 0x000001FF3CC6E090>,0.7904854416847229,0.054309211671352386,0.2701106071472168,142705,33,2,False,Left,Front,Left,Centre,58
<_io.BytesIO object at 0x000001FF3CC5E950>,0.697841227054596,0.11165675520896912,0.3626469671726227,142706,33,2,False,Left,Front,Left,Centre,58
<_io.BytesIO object at 0x000001FF3CC5EAE0>,0.7034446001052856,0.08226402848958969,0.3007947504520416,142706,33,2,False,Left,Front,Left,Centre,58
<_io.BytesIO object at 0x000001FF3CCAA040>,0.7150605320930481,0.12485364079475403,0.28827300667762756,142706,33,2,False,Left,Front,Left,Centre,58
<_io.BytesIO object at 0x000001FF3CCAAC70>,0.7351832985877991,0.056589916348457336,0.28417450189590454,142706,33,2,False,Left,Front,Left,Centre,58
<_io.BytesIO object at 0x000001FF3CCAA720>,0.7446271777153015,0.0326763391494751,0.34001779556274414,142706,33,2,False,Left,Front,Left,Centre,58
<_io.BytesIO object at 0x000001FF3CC5E9A0>,0.7441749572753906,0.1312827616930008,0.23602432012557983,142706,33,2,False,Left,Front,Left,Centre,58
<_io.BytesIO object at 0x000001FF3CC5E360>,0.7826685309410095,0.11031720787286758,0.23431804776191711,142706,33,2,False,Left,Front,Left,Centre,58
<_io.BytesIO object at 0x000001FF3CC5E0E0>,0.7825155258178711,0.13698987662792206,0.3133508861064911,142706,33,2,False,Left,Front,Left,Centre,58
<_io.BytesIO object at 0x000001FF3CC5E310>,0.7726364731788635,0.06608519703149796,0.22574837505817413,142706,33,2,False,Left,Front,Left,Centre,58
<_io.BytesIO object at 0x000001FF3CC5EE50>,0.7911649942398071,0.054636746644973755,0.27615419030189514,142706,33,2,False,Left,Front,Left,Centre,58
<_io.BytesIO object at 0x000001FF3CC5A9F0>,0.697841227054596,0.11165675520896912,0.3626469671726227,142707,33,2,False,Left,Front,Left,Centre,58
<_io.BytesIO object at 0x000001FF3CC5A090>,0.7034446001052856,0.08226402848958969,0.3007947504520416,142707,33,2,False,Left,Front,Left,Centre,58
<_io.BytesIO object at 0x000001FF3CC5A590>,0.7150605320930481,0.12485364079475403,0.28827300667762756,142707,33,2,False,Left,Front,Left,Centre,58
<_io.BytesIO object at 0x000001FF3CCBAF40>,0.7351832985877991,0.056589916348457336,0.28417450189590454,142707,33,2,False,Left,Front,Left,Centre,58
<_io.BytesIO object at 0x000001FF3CCBA090>,0.7446271777153015,0.0326763391494751,0.34001779556274414,142707,33,2,False,Left,Front,Left,Centre,58
<_io.BytesIO object at 0x000001FF3CCBA9F0>,0.7446770071983337,0.1316586434841156,0.24140402674674988,142707,33,2,False,Left,Front,Left,Centre,58
<_io.BytesIO object at 0x000001FF3CCBAC20>,0.7835946679115295,0.11135164648294449,0.24015429615974426,142707,33,2,False,Left,Front,Left,Centre,58
<_io.BytesIO object at 0x000001FF3CCBA590>,0.7812371253967285,0.13713708519935608,0.3195783495903015,142707,33,2,False,Left,Front,Left,Centre,58
<_io.BytesIO object at 0x000001FF3CCBA860>,0.774239718914032,0.06715467572212219,0.23101237416267395,142707,33,2,False,Left,Front,Left,Centre,58
<_io.BytesIO object at 0x000001FF3CCBAB80>,0.7916743159294128,0.05519521236419678,0.281736820936203,142707,33,2,False,Left,Front,Left,Centre,58
<_io.BytesIO object at 0x000001FF3CC067C0>,0.697841227054596,0.11165675520896912,0.3626469671726227,142708,33,2,False,Left,Front,Left,Centre,58
<_io.BytesIO object at 0x000001FF3FACA360>,0.7034446001052856,0.08226402848958969,0.3007947504520416,142708,33,2,False,Left,Front,Left,Centre,58
<_io.BytesIO object at 0x000001FF3FACA450>,0.7150605320930481,0.12485364079475403,0.28827300667762756,142708,33,2,False,Left,Front,Left,Centre,58
<_io.BytesIO object at 0x000001FF3FACA6D0>,0.7351832985877991,0.056589916348457336,0.28417450189590454,142708,33,2,False,Left,Front,Left,Centre,58
<_io.BytesIO object at 0x000001FF3FACAEF0>,0.7446271777153015,0.0326763391494751,0.34001779556274414,142708,33,2,False,Left,Front,Left,Centre,58
<_io.BytesIO object at 0x000001FF3FACA9A0>,0.7443947792053223,0.13215473294258118,0.24650895595550537,142708,33,2,False,Left,Front,Left,Centre,58
<_io.BytesIO object at 0x000001FF3CC73770>,0.7839359641075134,0.1124754324555397,0.24566425383090973,142708,33,2,False,Left,Front,Left,Centre,58
<_io.BytesIO object at 0x000001FF3CC73D60>,0.7789995074272156,0.1374104917049408,0.325465589761734,142708,33,2,False,Left,Front,Left,Centre,58
<_io.BytesIO object at 0x000001FF3CC73E00>,0.7756101489067078,0.0683937519788742,0.23611794412136078,142708,33,2,False,Left,Front,Left,Centre,58
<_io.BytesIO object at 0x000001FF3CC73B80>,0.792052686214447,0.05604572221636772,0.2870417833328247,142708,33,2,False,Left,Front,Left,Centre,58
<_io.BytesIO object at 0x000001FF3CC752C0>,0.697841227054596,0.11165675520896912,0.3626469671726227,142709,33,2,False,Left,Front,Left,Centre,58
<_io.BytesIO object at 0x000001FF3CC75950>,0.7034446001052856,0.08226402848958969,0.3007947504520416,142709,33,2,False,Left,Front,Left,Centre,58
<_io.BytesIO object at 0x000001FF3FC269F0>,0.7150605320930481,0.12485364079475403,0.28827300667762756,142709,33,2,False,Left,Front,Left,Centre,58
<_io.BytesIO object at 0x000001FF3FC26AE0>,0.7351832985877991,0.056589916348457336,0.28417450189590454,142709,33,2,False,Left,Front,Left,Centre,58
<_io.BytesIO object at 0x000001FF3FC26180>,0.7446271777153015,0.0326763391494751,0.34001779556274414,142709,33,2,False,Left,Front,Left,Centre,58
<_io.BytesIO object at 0x000001FF3FC263B0>,0.7436271905899048,0.13248448073863983,0.25122106075286865,142709,33,2,False,Left,Front,Left,Centre,58
<_io.BytesIO object at 0x000001FF3FC26630>,0.7838194370269775,0.11368974298238754,0.2509434223175049,142709,33,2,False,Left,Front,Left,Centre,58
<_io.BytesIO object at 0x000001FF3FC26F40>,0.7762425541877747,0.13775642216205597,0.33100271224975586,142709,33,2,False,Left,Front,Left,Centre,58
<_io.BytesIO object at 0x000001FF3FC26400>,0.7775453329086304,0.0699118971824646,0.24061565101146698,142709,33,2,False,Left,Front,Left,Centre,58
<_io.BytesIO object at 0x000001FF3FA9C9F0>,0.7922817468643188,0.05712433531880379,0.2920178472995758,142709,33,2,False,Left,Front,Left,Centre,58
<_io.BytesIO object at 0x000001FF3CCB1D10>,0.697841227054596,0.11165675520896912,0.3626469671726227,142710,33,2,False,Left,Front,Left,Centre,58
<_io.BytesIO object at 0x000001FF3CCB18B0>,0.7034446001052856,0.08226402848958969,0.3007947504520416,142710,33,2,False,Left,Front,Left,Centre,58
<_io.BytesIO object at 0x000001FF3FA91630>,0.7150605320930481,0.12485364079475403,0.28827300667762756,142710,33,2,False,Left,Front,Left,Centre,58
<_io.BytesIO object at 0x000001FF3FA91180>,0.7351832985877991,0.056589916348457336,0.28417450189590454,142710,33,2,False,Left,Front,Left,Centre,58
<_io.BytesIO object at 0x000001FF3FA91590>,0.7446271777153015,0.0326763391494751,0.34001779556274414,142710,33,2,False,Left,Front,Left,Centre,58
<_io.BytesIO object at 0x000001FF3FA919F0>,0.7424828410148621,0.13312162458896637,0.25536400079727173,142710,33,2,False,Left,Front,Left,Centre,58
<_io.BytesIO object at 0x000001FF3FA91310>,0.7832680940628052,0.11524322628974915,0.25606802105903625,142710,33,2,False,Left,Front,Left,Centre,58
<_io.BytesIO object at 0x000001FF3FA91680>,0.7727396488189697,0.13819721341133118,0.33621835708618164,142710,33,2,False,Left,Front,Left,Centre,58
<_io.BytesIO object at 0x000001FF3FA91040>,0.7790674567222595,0.07335013896226883,0.24421854317188263,142710,33,2,False,Left,Front,Left,Centre,58
<_io.BytesIO object at 0x000001FF38015360>,0.7922925353050232,0.05856512859463692,0.2963891923427582,142710,33,2,False,Left,Front,Left,Centre,58
<_io.BytesIO object at 0x000001FF3CC64CC0>,0.697841227054596,0.11165675520896912,0.3626469671726227,142711,33,2,False,Left,Front,Left,Centre,58
<_io.BytesIO object at 0x000001FF3CCB3220>,0.7034446001052856,0.08226402848958969,0.3007947504520416,142711,33,2,False,Left,Front,Left,Centre,58
<_io.BytesIO object at 0x000001FF3CCB37C0>,0.7150605320930481,0.12485364079475403,0.28827300667762756,142711,33,2,False,Left,Front,Left,Centre,58
<_io.BytesIO object at 0x000001FF3CCB3B30>,0.7351832985877991,0.056589916348457336,0.28417450189590454,142711,33,2,False,Left,Front,Left,Centre,58
<_io.BytesIO object at 0x000001FF3CCB3C20>,0.7446271777153015,0.0326763391494751,0.34001779556274414,142711,33,2,False,Left,Front,Left,Centre,58
<_io.BytesIO object at 0x000001FF3CCB3310>,0.7409482598304749,0.13361698389053345,0.2593365013599396,142711,33,2,False,Left,Front,Left,Centre,58
<_io.BytesIO object at 0x000001FF3CC614A0>,0.7824453711509705,0.11683081835508347,0.2604779303073883,142711,33,2,False,Left,Front,Left,Centre,58
<_io.BytesIO object at 0x000001FF3CC61EA0>,0.7687473893165588,0.13870666921138763,0.341059148311615,142711,33,2,False,Left,Front,Left,Centre,58
<_io.BytesIO object at 0x000001FF3CC61090>,0.7794073224067688,0.07500298321247101,0.2484012246131897,142711,33,2,False,Left,Front,Left,Centre,58
<_io.BytesIO object at 0x000001FF3CC61720>,0.7922543287277222,0.06048169359564781,0.30029332637786865,142711,33,2,False,Left,Front,Left,Centre,58
<_io.BytesIO object at 0x000001FF3CCB3AE0>,0.697841227054596,0.11165675520896912,0.3626469671726227,142712,33,2,False,Left,Front,Left,Centre,58
<_io.BytesIO object at 0x000001FF3CC64950>,0.7034446001052856,0.08226402848958969,0.3007947504520416,142712,33,2,False,Left,Front,Left,Centre,58
<_io.BytesIO object at 0x000001FF3CC642C0>,0.7150605320930481,0.12485364079475403,0.28827300667762756,142712,33,2,False,Left,Front,Left,Centre,58
<_io.BytesIO object at 0x000001FF3CC64F90>,0.7351832985877991,0.056589916348457336,0.28417450189590454,142712,33,2,False,Left,Front,Left,Centre,58
<_io.BytesIO object at 0x000001FF3CC64A90>,0.7446271777153015,0.0326763391494751,0.34001779556274414,142712,33,2,False,Left,Front,Left,Centre,58
<_io.BytesIO object at 0x000001FF3CC646D0>,0.7389445304870605,0.13418437540531158,0.2628573179244995,142712,33,2,False,Left,Front,Left,Centre,58
<_io.BytesIO object at 0x000001FF3CC64C20>,0.7811693549156189,0.11874557286500931,0.2644912600517273,142712,33,2,False,Left,Front,Left,Centre,58
<_io.BytesIO object at 0x000001FF38015590>,0.7642335891723633,0.13914556801319122,0.3453931212425232,142712,33,2,False,Left,Front,Left,Centre,58
<_io.BytesIO object at 0x000001FF38015220>,0.7791492342948914,0.07657481729984283,0.25245392322540283,142712,33,2,False,Left,Front,Left,Centre,58
<_io.BytesIO object at 0x000001FF3FA91A90>,0.7919495105743408,0.06260135024785995,0.30365729331970215,142712,33,2,False,Left,Front,Left,Centre,58
<_io.BytesIO object at 0x000001FF3CCB1950>,0.697841227054596,0.11165675520896912,0.3626469671726227,142713,33,2,False,Left,Front,Left,Centre,58
<_io.BytesIO object at 0x000001FF3CCB1540>,0.7034446001052856,0.08226402848958969,0.3007947504520416,142713,33,2,False,Left,Front,Left,Centre,58
<_io.BytesIO object at 0x000001FF3FA9C270>,0.7150605320930481,0.12485364079475403,0.28827300667762756,142713,33,2,False,Left,Front,Left,Centre,58
<_io.BytesIO object at 0x000001FF3FA9CDB0>,0.7351832985877991,0.056589916348457336,0.28417450189590454,142713,33,2,False,Left,Front,Left,Centre,58
<_io.BytesIO object at 0x000001FF3FA9C400>,0.7446271777153015,0.0326763391494751,0.34001779556274414,142713,33,2,False,Left,Front,Left,Centre,58
<_io.BytesIO object at 0x000001FF3FA9CB30>,0.7367488741874695,0.13484326004981995,0.2658119797706604,142713,33,2,False,Left,Front,Left,Centre,58
<_io.BytesIO object at 0x000001FF3FA9CC20>,0.7797239422798157,0.12070588022470474,0.2683509886264801,142713,33,2,False,Left,Front,Left,Centre,58
<_io.BytesIO object at 0x000001FF3FA9C090>,0.7592697739601135,0.13955791294574738,0.34930917620658875,142713,33,2,False,Left,Front,Left,Centre,58
<_io.BytesIO object at 0x000001FF3FA9CB80>,0.7785304188728333,0.0782126858830452,0.2562006711959839,142713,33,2,False,Left,Front,Left,Centre,58
<_io.BytesIO object at 0x000001FF3FC26270>,0.7796964049339294,0.05272430181503296,0.31542402505874634,142713,33,2,False,Left,Front,Left,Centre,58
<_io.BytesIO object at 0x000001FF3CC75540>,0.697841227054596,0.11165675520896912,0.3626469671726227,142714,33,2,False,Left,Front,Left,Centre,58
<_io.BytesIO object at 0x000001FF3CC75630>,0.7034446001052856,0.08226402848958969,0.3007947504520416,142714,33,2,False,Left,Front,Left,Centre,58
<_io.BytesIO object at 0x000001FF3CC75F40>,0.7150605320930481,0.12485364079475403,0.28827300667762756,142714,33,2,False,Left,Front,Left,Centre,58
<_io.BytesIO object at 0x000001FF3CC756D0>,0.7351832985877991,0.056589916348457336,0.28417450189590454,142714,33,2,False,Left,Front,Left,Centre,58
<_io.BytesIO object at 0x000001FF3CC73C70>,0.7446271777153015,0.0326763391494751,0.34001779556274414,142714,33,2,False,Left,Front,Left,Centre,58
<_io.BytesIO object at 0x000001FF3CC734F0>,0.7341424822807312,0.13542497158050537,0.26859626173973083,142714,33,2,False,Left,Front,Left,Centre,58
<_io.BytesIO object at 0x000001FF3CC739A0>,0.7730317711830139,0.11707882583141327,0.2755512297153473,142714,33,2,False,Left,Front,Left,Centre,58
<_io.BytesIO object at 0x000001FF3CC73220>,0.7540587186813354,0.1401350200176239,0.3524884283542633,142714,33,2,False,Left,Front,Left,Centre,58
<_io.BytesIO object at 0x000001FF3CC73810>,0.7774766683578491,0.07982764393091202,0.2596317529678345,142714,33,2,False,Left,Front,Left,Centre,58
<_io.BytesIO object at 0x000001FF3CC737C0>,0.777246356010437,0.05377480015158653,0.31899961829185486,142714,33,2,False,Left,Front,Left,Centre,58
<_io.BytesIO object at 0x000001FF3FACA5E0>,0.697841227054596,0.11165675520896912,0.3626469671726227,142715,33,2,False,Left,Front,Left,Centre,58
<_io.BytesIO object at 0x000001FF3CC06EA0>,0.7034446001052856,0.08226402848958969,0.3007947504520416,142715,33,2,False,Left,Front,Left,Centre,58
<_io.BytesIO object at 0x000001FF3CC06EF0>,0.7150605320930481,0.12485364079475403,0.28827300667762756,142715,33,2,False,Left,Front,Left,Centre,58
<_io.BytesIO object at 0x000001FF3CC06810>,0.7351832985877991,0.056589916348457336,0.28417450189590454,142715,33,2,False,Left,Front,Left,Centre,58
<_io.BytesIO object at 0x000001FF3CC06F40>,0.7446271777153015,0.0326763391494751,0.34001779556274414,142715,33,2,False,Left,Front,Left,Centre,58
<_io.BytesIO object at 0x000001FF3CC06C70>,0.7313272356987,0.13599053025245667,0.2708688974380493,142715,33,2,False,Left,Front,Left,Centre,58
<_io.BytesIO object at 0x000001FF3CC061D0>,0.7667747139930725,0.11545269936323166,0.28167468309402466,142715,33,2,False,Left,Front,Left,Centre,58
<_io.BytesIO object at 0x000001FF3CCBA4A0>,0.7483193278312683,0.14057888090610504,0.3553241789340973,142715,33,2,False,Left,Front,Left,Centre,58
<_io.BytesIO object at 0x000001FF3CCBA2C0>,0.7762047648429871,0.08136811852455139,0.26289933919906616,142715,33,2,False,Left,Front,Left,Centre,58
<_io.BytesIO object at 0x000001FF3CCBA860>,0.7740631103515625,0.05464629828929901,0.32219743728637695,142715,33,2,False,Left,Front,Left,Centre,58
<_io.BytesIO object at 0x000001FF3CC5A900>,0.697841227054596,0.11165675520896912,0.3626469671726227,142716,33,2,False,Left,Front,Left,Centre,58
<_io.BytesIO object at 0x000001FF3CC6ECC0>,0.7034446001052856,0.08226402848958969,0.3007947504520416,142716,33,2,False,Left,Front,Left,Centre,58
<_io.BytesIO object at 0x000001FF3CC6EE00>,0.7150605320930481,0.12485364079475403,0.28827300667762756,142716,33,2,False,Left,Front,Left,Centre,58
<_io.BytesIO object at 0x000001FF3CC6E7C0>,0.7351832985877991,0.056589916348457336,0.28417450189590454,142716,33,2,False,Left,Front,Left,Centre,58
<_io.BytesIO object at 0x000001FF3CC6E770>,0.7446271777153015,0.0326763391494751,0.34001779556274414,142716,33,2,False,Left,Front,Left,Centre,58
<_io.BytesIO object at 0x000001FF3CC6E040>,0.7283693552017212,0.13672281801700592,0.2727975845336914,142716,33,2,False,Left,Front,Left,Centre,58
<_io.BytesIO object at 0x000001FF3CC6E8B0>,0.7617714405059814,0.11498073488473892,0.28635457158088684,142716,33,2,False,Left,Front,Left,Centre,58
<_io.BytesIO object at 0x000001FF3CC5E220>,0.7419598698616028,0.14085352420806885,0.35773199796676636,142716,33,2,False,Left,Front,Left,Centre,58
<_io.BytesIO object at 0x000001FF3CC5E770>,0.7746382355690002,0.08310747146606445,0.265846312046051,142716,33,2,False,Left,Front,Left,Centre,58
<_io.BytesIO object at 0x000001FF3CC5EB30>,0.7706672549247742,0.05558324605226517,0.3250732123851776,142716,33,2,False,Left,Front,Left,Centre,58
<_io.BytesIO object at 0x000001FF3CC61090>,0.697841227054596,0.11165675520896912,0.3626469671726227,142717,33,2,False,Left,Front,Left,Centre,58
<_io.BytesIO object at 0x000001FF3CC61F90>,0.7034446001052856,0.08226402848958969,0.3007947504520416,142717,33,2,False,Left,Front,Left,Centre,58
<_io.BytesIO object at 0x000001FF3CCAA220>,0.7150605320930481,0.12485364079475403,0.28827300667762756,142717,33,2,False,Left,Front,Left,Centre,58
<_io.BytesIO object at 0x000001FF3CCAA180>,0.7351832985877991,0.056589916348457336,0.28417450189590454,142717,33,2,False,Left,Front,Left,Centre,58
<_io.BytesIO object at 0x000001FF3CCAAE50>,0.7446271777153015,0.0326763391494751,0.34001779556274414,142717,33,2,False,Left,Front,Left,Centre,58
<_io.BytesIO object at 0x000001FF3CCAAF40>,0.7251190543174744,0.13737884163856506,0.274384081363678,142717,33,2,False,Left,Front,Left,Centre,58
<_io.BytesIO object at 0x000001FF3CCAAAE0>,0.7583437561988831,0.1163378432393074,0.2893117666244507,142717,33,2,False,Left,Front,Left,Centre,58
<_io.BytesIO object at 0x000001FF3CCAA720>,0.7365756034851074,0.1404818594455719,0.360507071018219,142717,33,2,False,Left,Front,Left,Centre,58
<_io.BytesIO object at 0x000001FF3CC61450>,0.7728520631790161,0.08476048707962036,0.26859092712402344,142717,33,2,False,Left,Front,Left,Centre,58
<_io.BytesIO object at 0x000001FF3CC614A0>,0.7669312953948975,0.05636991932988167,0.32758277654647827,142717,33,2,False,Left,Front,Left,Centre,58
<_io.BytesIO object at 0x000001FF3CC5EDB0>,0.697841227054596,0.11165675520896912,0.3626469671726227,142718,33,2,False,Left,Front,Left,Centre,58
<_io.BytesIO object at 0x000001FF3CC5E7C0>,0.7034446001052856,0.08226402848958969,0.3007947504520416,142718,33,2,False,Left,Front,Left,Centre,58
<_io.BytesIO object at 0x000001FF3CC6E450>,0.7150605320930481,0.12485364079475403,0.28827300667762756,142718,33,2,False,Left,Front,Left,Centre,58
<_io.BytesIO object at 0x000001FF3CC6EA40>,0.7351832985877991,0.056589916348457336,0.28417450189590454,142718,33,2,False,Left,Front,Left,Centre,58
<_io.BytesIO object at 0x000001FF3CC6E4F0>,0.7446271777153015,0.0326763391494751,0.34001779556274414,142718,33,2,False,Left,Front,Left,Centre,58
<_io.BytesIO object at 0x000001FF3CC6E0E0>,0.7227693200111389,0.13892050087451935,0.2754034101963043,142718,33,2,False,Left,Front,Left,Centre,58
<_io.BytesIO object at 0x000001FF3CC6ECC0>,0.7634169459342957,0.12556549906730652,0.2860488295555115,142718,33,2,False,Left,Front,Left,Centre,58
<_io.BytesIO object at 0x000001FF3CC6E540>,0.7295935153961182,0.1405533105134964,0.36198505759239197,142718,33,2,False,Left,Front,Left,Centre,58
<_io.BytesIO object at 0x000001FF3CC5A680>,0.7708002924919128,0.08619873225688934,0.27107882499694824,142718,33,2,False,Left,Front,Left,Centre,58
<_io.BytesIO object at 0x000001FF3CC5ABD0>,0.7630525827407837,0.057312946766614914,0.32971999049186707,142718,33,2,False,Left,Front,Left,Centre,58
<_io.BytesIO object at 0x000001FF3CCBA590>,0.697841227054596,0.11165675520896912,0.3626469671726227,142719,33,2,False,Left,Front,Left,Centre,58
<_io.BytesIO object at 0x000001FF3CCBA810>,0.7034446001052856,0.08226402848958969,0.3007947504520416,142719,33,2,False,Left,Front,Left,Centre,58
<_io.BytesIO object at 0x000001FF3CC06B80>,0.7150605320930481,0.12485364079475403,0.28827300667762756,142719,33,2,False,Left,Front,Left,Centre,58
<_io.BytesIO object at 0x000001FF3CC06A40>,0.7351832985877991,0.056589916348457336,0.28417450189590454,142719,33,2,False,Left,Front,Left,Centre,58
<_io.BytesIO object at 0x000001FF3CC06E50>,0.7446271777153015,0.0326763391494751,0.34001779556274414,142719,33,2,False,Left,Front,Left,Centre,58
<_io.BytesIO object at 0x000001FF3CC06D60>,0.7210404872894287,0.1410580724477768,0.2747545540332794,142719,33,2,False,Left,Front,Left,Centre,58
<_io.BytesIO object at 0x000001FF3CC06EA0>,0.7596356272697449,0.12702246010303497,0.2883758246898651,142719,33,2,False,Left,Front,Left,Centre,58
<_io.BytesIO object at 0x000001FF3CC06590>,0.7230058908462524,0.1407935470342636,0.3629896640777588,142719,33,2,False,Left,Front,Left,Centre,58
<_io.BytesIO object at 0x000001FF3FA71C70>,0.7685641050338745,0.08787588030099869,0.2732207775115967,142719,33,2,False,Left,Front,Left,Centre,58
<_io.BytesIO object at 0x000001FF3FA71F90>,0.7597913146018982,0.05844764783978462,0.3316124975681305,142719,33,2,False,Left,Front,Left,Centre,58
<_io.BytesIO object at 0x000001FF3CC73F90>,0.697841227054596,0.11165675520896912,0.3626469671726227,142720,33,2,False,Left,Front,Left,Centre,58
<_io.BytesIO object at 0x000001FF3CC73270>,0.7034446001052856,0.08226402848958969,0.3007947504520416,142720,33,2,False,Left,Front,Left,Centre,58
<_io.BytesIO object at 0x000001FF3CC734F0>,0.7150605320930481,0.12485364079475403,0.28827300667762756,142720,33,2,False,Left,Front,Left,Centre,58
<_io.BytesIO object at 0x000001FF3CC731D0>,0.7351832985877991,0.056589916348457336,0.28417450189590454,142720,33,2,False,Left,Front,Left,Centre,58
<_io.BytesIO object at 0x000001FF3CC75180>,0.7446271777153015,0.0326763391494751,0.34001779556274414,142720,33,2,False,Left,Front,Left,Centre,58
<_io.BytesIO object at 0x000001FF3CC754A0>,0.7193784117698669,0.14360690116882324,0.27374348044395447,142720,33,2,False,Left,Front,Left,Centre,58
<_io.BytesIO object at 0x000001FF3CC75450>,0.7558540105819702,0.12836632132530212,0.2901476323604584,142720,33,2,False,Left,Front,Left,Centre,58
<_io.BytesIO object at 0x000001FF3CC75540>,0.717041552066803,0.1409861296415329,0.3637319505214691,142720,33,2,False,Left,Front,Left,Centre,58
<_io.BytesIO object at 0x000001FF3CC75DB0>,0.7660074234008789,0.08958442509174347,0.2752198874950409,142720,33,2,False,Left,Front,Left,Centre,58
<_io.BytesIO object at 0x000001FF3CC75EA0>,0.7562549114227295,0.0594315230846405,0.333124577999115,142720,33,2,False,Left,Front,Left,Centre,58
<_io.BytesIO object at 0x000001FF3FC26400>,0.697841227054596,0.11165675520896912,0.3626469671726227,142721,33,2,False,Left,Front,Left,Centre,58
<_io.BytesIO object at 0x000001FF3FA9C900>,0.7034446001052856,0.08226402848958969,0.3007947504520416,142721,33,2,False,Left,Front,Left,Centre,58
<_io.BytesIO object at 0x000001FF3FA9CCC0>,0.7150605320930481,0.12485364079475403,0.28827300667762756,142721,33,2,False,Left,Front,Left,Centre,58
<_io.BytesIO object at 0x000001FF3FA9C860>,0.7351832985877991,0.056589916348457336,0.28417450189590454,142721,33,2,False,Left,Front,Left,Centre,58
<_io.BytesIO object at 0x000001FF3FA9CDB0>,0.7446271777153015,0.0326763391494751,0.34001779556274414,142721,33,2,False,Left,Front,Left,Centre,58
<_io.BytesIO object at 0x000001FF3FA9CBD0>,0.7178152203559875,0.14601700007915497,0.2726975679397583,142721,33,2,False,Left,Front,Left,Centre,58
<_io.BytesIO object at 0x000001FF3CCB1E00>,0.7517668008804321,0.12947817146778107,0.29156747460365295,142721,33,2,False,Left,Front,Left,Centre,58
<_io.BytesIO object at 0x000001FF3CCB1950>,0.7112010717391968,0.1413184255361557,0.36390694975852966,142721,33,2,False,Left,Front,Left,Centre,58
<_io.BytesIO object at 0x000001FF3CCB1040>,0.7631657719612122,0.09092303365468979,0.27683916687965393,142721,33,2,False,Left,Front,Left,Centre,58
<_io.BytesIO object at 0x000001FF3CCB1B30>,0.7636303305625916,0.06880688667297363,0.32816097140312195,142721,33,2,False,Left,Front,Left,Centre,58
<_io.BytesIO object at 0x000001FF3FA91BD0>,0.697841227054596,0.11165675520896912,0.3626469671726227,142722,33,2,False,Left,Front,Left,Centre,58
<_io.BytesIO object at 0x000001FF38015900>,0.7034446001052856,0.08226402848958969,0.3007947504520416,142722,33,2,False,Left,Front,Left,Centre,58
<_io.BytesIO object at 0x000001FF3CC64720>,0.7150605320930481,0.12485364079475403,0.28827300667762756,142722,33,2,False,Left,Front,Left,Centre,58
<_io.BytesIO object at 0x000001FF3CC64A90>,0.7351832985877991,0.056589916348457336,0.28417450189590454,142722,33,2,False,Left,Front,Left,Centre,58
<_io.BytesIO object at 0x000001FF3CC64D10>,0.7446271777153015,0.0326763391494751,0.34001779556274414,142722,33,2,False,Left,Front,Left,Centre,58
<_io.BytesIO object at 0x000001FF3CC643B0>,0.7158753871917725,0.14794319868087769,0.27135005593299866,142722,33,2,False,Left,Front,Left,Centre,58
<_io.BytesIO object at 0x000001FF3CC645E0>,0.7476465702056885,0.13033440709114075,0.2925792634487152,142722,33,2,False,Left,Front,Left,Centre,58
<_io.BytesIO object at 0x000001FF3CC64860>,0.7057698965072632,0.14174389839172363,0.3638065755367279,142722,33,2,False,Left,Front,Left,Centre,58
<_io.BytesIO object at 0x000001FF3CCB36D0>,0.7601605653762817,0.09199406206607819,0.27816838026046753,142722,33,2,False,Left,Front,Left,Centre,58
<_io.BytesIO object at 0x000001FF3CCB3E50>,0.7598514556884766,0.0722360834479332,0.32729628682136536,142722,33,2,False,Left,Front,Left,Centre,58
<_io.BytesIO object at 0x000001FF3FA91C20>,0.697841227054596,0.11165675520896912,0.3626469671726227,142723,33,2,False,Left,Front,Left,Centre,58
<_io.BytesIO object at 0x000001FF3FA91CC0>,0.7034446001052856,0.08226402848958969,0.3007947504520416,142723,33,2,False,Left,Front,Left,Centre,58
<_io.BytesIO object at 0x000001FF3FA91B30>,0.7150605320930481,0.12485364079475403,0.28827300667762756,142723,33,2,False,Left,Front,Left,Centre,58
<_io.BytesIO object at 0x000001FF3CCB18B0>,0.7351832985877991,0.056589916348457336,0.28417450189590454,142723,33,2,False,Left,Front,Left,Centre,58
<_io.BytesIO object at 0x000001FF3CCB1400>,0.7446271777153015,0.0326763391494751,0.34001779556274414,142723,33,2,False,Left,Front,Left,Centre,58
<_io.BytesIO object at 0x000001FF3CCB1EF0>,0.7134773135185242,0.14919926226139069,0.27022606134414673,142723,33,2,False,Left,Front,Left,Centre,58
<_io.BytesIO object at 0x000001FF3CCB1B30>,0.7431286573410034,0.13080865144729614,0.293289452791214,142723,33,2,False,Left,Front,Left,Centre,58
<_io.BytesIO object at 0x000001FF3CCB1220>,0.7007162570953369,0.14225353300571442,0.36304593086242676,142723,33,2,False,Left,Front,Left,Centre,58
<_io.BytesIO object at 0x000001FF3CCB1D10>,0.7570878863334656,0.09291775524616241,0.2791512906551361,142723,33,2,False,Left,Front,Left,Centre,58
<_io.BytesIO object at 0x000001FF3CCB1F40>,0.7543006539344788,0.07019565999507904,0.329497754573822,142723,33,2,False,Left,Front,Left,Centre,58
<_io.BytesIO object at 0x000001FF3FC26450>,0.697841227054596,0.11165675520896912,0.3626469671726227,142724,33,2,False,Left,Front,Left,Centre,58
<_io.BytesIO object at 0x000001FF3FC26770>,0.7034446001052856,0.08226402848958969,0.3007947504520416,142724,33,2,False,Left,Front,Left,Centre,58
<_io.BytesIO object at 0x000001FF3FC26AE0>,0.7150605320930481,0.12485364079475403,0.28827300667762756,142724,33,2,False,Left,Front,Left,Centre,58
<_io.BytesIO object at 0x000001FF3CC75720>,0.7351832985877991,0.056589916348457336,0.28417450189590454,142724,33,2,False,Left,Front,Left,Centre,58
<_io.BytesIO object at 0x000001FF3CC75040>,0.7446271777153015,0.0326763391494751,0.34001779556274414,142724,33,2,False,Left,Front,Left,Centre,58
<_io.BytesIO object at 0x000001FF3CC75BD0>,0.7105607390403748,0.14977943897247314,0.2691112756729126,142724,33,2,False,Left,Front,Left,Centre,58
<_io.BytesIO object at 0x000001FF3CC75A40>,0.7389411330223083,0.13130274415016174,0.2937385141849518,142724,33,2,False,Left,Front,Left,Centre,58
<_io.BytesIO object at 0x000001FF3CC75540>,0.696042537689209,0.14278021454811096,0.3621457815170288,142724,33,2,False,Left,Front,Left,Centre,58
<_io.BytesIO object at 0x000001FF3CC75630>,0.7540412545204163,0.09367553144693375,0.2799186706542969,142724,33,2,False,Left,Front,Left,Centre,58
<_io.BytesIO object at 0x000001FF3CC75D10>,0.7497652769088745,0.07086329162120819,0.3301010727882385,142724,33,2,False,Left,Front,Left,Centre,58
<_io.BytesIO object at 0x000001FF3FACA3B0>,0.697841227054596,0.11165675520896912,0.3626469671726227,142725,33,2,False,Left,Front,Left,Centre,58
<_io.BytesIO object at 0x000001FF3FACAA90>,0.7034446001052856,0.08226402848958969,0.3007947504520416,142725,33,2,False,Left,Front,Left,Centre,58
<_io.BytesIO object at 0x000001FF3FACA900>,0.7150605320930481,0.12485364079475403,0.28827300667762756,142725,33,2,False,Left,Front,Left,Centre,58
<_io.BytesIO object at 0x000001FF3FACAC70>,0.7351832985877991,0.056589916348457336,0.28417450189590454,142725,33,2,False,Left,Front,Left,Centre,58
<_io.BytesIO object at 0x000001FF3FA71D60>,0.7446271777153015,0.0326763391494751,0.34001779556274414,142725,33,2,False,Left,Front,Left,Centre,58
<_io.BytesIO object at 0x000001FF3CC06810>,0.7072685360908508,0.14973489940166473,0.2681244909763336,142725,33,2,False,Left,Front,Left,Centre,58
<_io.BytesIO object at 0x000001FF3CC069F0>,0.7350693941116333,0.1318974494934082,0.2939879298210144,142725,33,2,False,Left,Front,Left,Centre,58
<_io.BytesIO object at 0x000001FF3CC06E00>,0.6916322708129883,0.14330005645751953,0.36108294129371643,142725,33,2,False,Left,Front,Left,Centre,58
<_io.BytesIO object at 0x000001FF3CC06540>,0.7509926557540894,0.09428330510854721,0.2806152105331421,142725,33,2,False,Left,Front,Left,Centre,58
<_io.BytesIO object at 0x000001FF3CC06E50>,0.7455443739891052,0.07197806239128113,0.33091482520103455,142725,33,2,False,Left,Front,Left,Centre,58
<_io.BytesIO object at 0x000001FF3CCBA360>,0.697841227054596,0.11165675520896912,0.3626469671726227,142726,33,2,False,Left,Front,Left,Centre,58
<_io.BytesIO object at 0x000001FF3CC5A220>,0.7034446001052856,0.08226402848958969,0.3007947504520416,142726,33,2,False,Left,Front,Left,Centre,58
<_io.BytesIO object at 0x000001FF3CC5A0E0>,0.7150605320930481,0.12485364079475403,0.28827300667762756,142726,33,2,False,Left,Front,Left,Centre,58
<_io.BytesIO object at 0x000001FF3CC5AD60>,0.7351832985877991,0.056589916348457336,0.28417450189590454,142726,33,2,False,Left,Front,Left,Centre,58
<_io.BytesIO object at 0x000001FF3CC5AF90>,0.7446271777153015,0.0326763391494751,0.34001779556274414,142726,33,2,False,Left,Front,Left,Centre,58
<_io.BytesIO object at 0x000001FF3CC6EF40>,0.7037667632102966,0.14914581179618835,0.26715001463890076,142726,33,2,False,Left,Front,Left,Centre,58
<_io.BytesIO object at 0x000001FF3CC6E590>,0.7303586006164551,0.13159561157226562,0.2939695417881012,142726,33,2,False,Left,Front,Left,Centre,58
<_io.BytesIO object at 0x000001FF3CC6E0E0>,0.6871437430381775,0.14502234756946564,0.36108651757240295,142726,33,2,False,Left,Front,Left,Centre,58
<_io.BytesIO object at 0x000001FF3CC6E400>,0.7480881214141846,0.09488023817539215,0.28111398220062256,142726,33,2,False,Left,Front,Left,Centre,58
<_io.BytesIO object at 0x000001FF3CC6ED60>,0.7434859275817871,0.07344549149274826,0.33201274275779724,142726,33,2,False,Left,Front,Left,Centre,58
<_io.BytesIO object at 0x000001FF3CC61810>,0.697841227054596,0.11165675520896912,0.3626469671726227,142727,33,2,False,Left,Front,Left,Centre,58
<_io.BytesIO object at 0x000001FF3CC61040>,0.7034446001052856,0.08226402848958969,0.3007947504520416,142727,33,2,False,Left,Front,Left,Centre,58
<_io.BytesIO object at 0x000001FF37F5FB30>,0.7150605320930481,0.12485364079475403,0.28827300667762756,142727,33,2,False,Left,Front,Left,Centre,58
<_io.BytesIO object at 0x000001FF3FA71F90>,0.7351832985877991,0.056589916348457336,0.28417450189590454,142727,33,2,False,Left,Front,Left,Centre,58
<_io.BytesIO object at 0x000001FF3CC730E0>,0.7446271777153015,0.0326763391494751,0.34001779556274414,142727,33,2,False,Left,Front,Left,Centre,58
<_io.BytesIO object at 0x000001FF3CC73D10>,0.6999974250793457,0.14797750115394592,0.26615262031555176,142727,33,2,False,Left,Front,Left,Centre,58
<_io.BytesIO object at 0x000001FF3CC73630>,0.7263963222503662,0.13173078000545502,0.2938203513622284,142727,33,2,False,Left,Front,Left,Centre,58
<_io.BytesIO object at 0x000001FF3CC73EA0>,0.6827644109725952,0.14650051295757294,0.36054614186286926,142727,33,2,False,Left,Front,Left,Centre,58
<_io.BytesIO object at 0x000001FF3CC739A0>,0.7452912330627441,0.09545496106147766,0.2815060615539551,142727,33,2,False,Left,Front,Left,Centre,58
<_io.BytesIO object at 0x000001FF3CC73720>,0.734395444393158,0.06524118036031723,0.33874425292015076,142727,33,2,False,Left,Front,Left,Centre,58
<_io.BytesIO object at 0x000001FF3FC26AE0>,0.697841227054596,0.11165675520896912,0.3626469671726227,142728,33,2,False,Left,Front,Left,Centre,58
<_io.BytesIO object at 0x000001FF3FC26900>,0.7034446001052856,0.08226402848958969,0.3007947504520416,142728,33,2,False,Left,Front,Left,Centre,58
<_io.BytesIO object at 0x000001FF3FC26F40>,0.7150605320930481,0.12485364079475403,0.28827300667762756,142728,33,2,False,Left,Front,Left,Centre,58
<_io.BytesIO object at 0x000001FF3FC26E00>,0.7351832985877991,0.056589916348457336,0.28417450189590454,142728,33,2,False,Left,Front,Left,Centre,58
<_io.BytesIO object at 0x000001FF3FC26630>,0.7446271777153015,0.0326763391494751,0.34001779556274414,142728,33,2,False,Left,Front,Left,Centre,58
<_io.BytesIO object at 0x000001FF3FA9CD10>,0.6959749460220337,0.14669688045978546,0.26504698395729065,142728,33,2,False,Left,Front,Left,Centre,58
<_io.BytesIO object at 0x000001FF3FA9C090>,0.7229147553443909,0.13300706446170807,0.2943766713142395,142728,33,2,False,Left,Front,Left,Centre,58
<_io.BytesIO object at 0x000001FF3FA9CC20>,0.652065098285675,0.1277928650379181,0.340297669172287,142728,33,2,False,Left,Front,Left,Centre,58
<_io.BytesIO object at 0x000001FF3FA9C770>,0.7425946593284607,0.09606815129518509,0.2817242443561554,142728,33,2,False,Left,Front,Left,Centre,58
<_io.BytesIO object at 0x000001FF3FA9C7C0>,0.7244112491607666,0.06622288376092911,0.3250441253185272,142728,33,2,False,Left,Front,Left,Centre,58
<_io.BytesIO object at 0x000001FF3FA91D10>,0.697841227054596,0.11165675520896912,0.3626469671726227,142729,33,2,False,Left,Front,Left,Centre,58
<_io.BytesIO object at 0x000001FF3FA919F0>,0.7034446001052856,0.08226402848958969,0.3007947504520416,142729,33,2,False,Left,Front,Left,Centre,58
<_io.BytesIO object at 0x000001FF3FA91EF0>,0.7150605320930481,0.12485364079475403,0.28827300667762756,142729,33,2,False,Left,Front,Left,Centre,58
<_io.BytesIO object at 0x000001FF3FA919A0>,0.7351832985877991,0.056589916348457336,0.28417450189590454,142729,33,2,False,Left,Front,Left,Centre,58
<_io.BytesIO object at 0x000001FF380156D0>,0.7446271777153015,0.0326763391494751,0.34001779556274414,142729,33,2,False,Left,Front,Left,Centre,58
<_io.BytesIO object at 0x000001FF38015810>,0.6926008462905884,0.14522074162960052,0.2637294828891754,142729,33,2,False,Left,Front,Left,Centre,58
<_io.BytesIO object at 0x000001FF3CC64C20>,0.7197899222373962,0.13391898572444916,0.2947535514831543,142729,33,2,False,Left,Front,Left,Centre,58
<_io.BytesIO object at 0x000001FF3CC64BD0>,0.6461904048919678,0.12515953183174133,0.3371437191963196,142729,33,2,False,Left,Front,Left,Centre,58
<_io.BytesIO object at 0x000001FF3CC64270>,0.7400519251823425,0.09677182137966156,0.2819654047489166,142729,33,2,False,Left,Front,Left,Centre,58
<_io.BytesIO object at 0x000001FF3CC64590>,0.7215128540992737,0.06650888919830322,0.32513830065727234,142729,33,2,False,Left,Front,Left,Centre,58
<_io.BytesIO object at 0x000001FF3CC5EE00>,0.697841227054596,0.11165675520896912,0.3626469671726227,142730,33,2,False,Left,Front,Left,Centre,58
<_io.BytesIO object at 0x000001FF3CC06EF0>,0.7034446001052856,0.08226402848958969,0.3007947504520416,142730,33,2,False,Left,Front,Left,Centre,58
<_io.BytesIO object at 0x000001FF3CC068B0>,0.7150605320930481,0.12485364079475403,0.28827300667762756,142730,33,2,False,Left,Front,Left,Centre,58
<_io.BytesIO object at 0x000001FF3CC06450>,0.7351832985877991,0.056589916348457336,0.28417450189590454,142730,33,2,False,Left,Front,Left,Centre,58
<_io.BytesIO object at 0x000001FF3CC06DB0>,0.7446271777153015,0.0326763391494751,0.34001779556274414,142730,33,2,False,Left,Front,Left,Centre,58
<_io.BytesIO object at 0x000001FF3CC06590>,0.6894152760505676,0.14393991231918335,0.2622734010219574,142730,33,2,False,Left,Front,Left,Centre,58
<_io.BytesIO object at 0x000001FF3CC06810>,0.7132278084754944,0.1314164400100708,0.2926626205444336,142730,33,2,False,Left,Front,Left,Centre,58
<_io.BytesIO object at 0x000001FF3CC6E1D0>,0.6372063159942627,0.11705610901117325,0.3286641836166382,142730,33,2,False,Left,Front,Left,Centre,58
<_io.BytesIO object at 0x000001FF3CC6E310>,0.7374435663223267,0.09728559851646423,0.2821888327598572,142730,33,2,False,Left,Front,Left,Centre,58
<_io.BytesIO object at 0x000001FF3CC6EDB0>,0.7167260050773621,0.06341344118118286,0.3211420476436615,142730,33,2,False,Left,Front,Left,Centre,58
<_io.BytesIO object at 0x000001FF3FACACC0>,0.697841227054596,0.11165675520896912,0.3626469671726227,142731,33,2,False,Left,Front,Left,Centre,58
<_io.BytesIO object at 0x000001FF3FACA810>,0.7034446001052856,0.08226402848958969,0.3007947504520416,142731,33,2,False,Left,Front,Left,Centre,58
<_io.BytesIO object at 0x000001FF3CC5A540>,0.7150605320930481,0.12485364079475403,0.28827300667762756,142731,33,2,False,Left,Front,Left,Centre,58
<_io.BytesIO object at 0x000001FF3CC5ABD0>,0.7351832985877991,0.056589916348457336,0.28417450189590454,142731,33,2,False,Left,Front,Left,Centre,58
<_io.BytesIO object at 0x000001FF3CC5A220>,0.7446271777153015,0.0326763391494751,0.34001779556274414,142731,33,2,False,Left,Front,Left,Centre,58
<_io.BytesIO object at 0x000001FF3CC5A2C0>,0.6865023970603943,0.14270129799842834,0.26072022318840027,142731,33,2,False,Left,Front,Left,Centre,58
<_io.BytesIO object at 0x000001FF3CC5A9A0>,0.7094539403915405,0.13127022981643677,0.29241469502449036,142731,33,2,False,Left,Front,Left,Centre,58
<_io.BytesIO object at 0x000001FF3CC5AEF0>,0.6321397423744202,0.11363714933395386,0.3244888484477997,142731,33,2,False,Left,Front,Left,Centre,58
<_io.BytesIO object at 0x000001FF3CC5AD10>,0.7349920868873596,0.09781178086996078,0.2824249863624573,142731,33,2,False,Left,Front,Left,Centre,58
<_io.BytesIO object at 0x000001FF3CCBAC70>,0.713763952255249,0.06287233531475067,0.32025614380836487,142731,33,2,False,Left,Front,Left,Centre,58
<_io.BytesIO object at 0x000001FF3CC616D0>,0.697841227054596,0.11165675520896912,0.3626469671726227,142732,33,2,False,Left,Front,Left,Centre,58
<_io.BytesIO object at 0x000001FF3CC61540>,0.7034446001052856,0.08226402848958969,0.3007947504520416,142732,33,2,False,Left,Front,Left,Centre,58
<_io.BytesIO object at 0x000001FF3CC61450>,0.7150605320930481,0.12485364079475403,0.28827300667762756,142732,33,2,False,Left,Front,Left,Centre,58
<_io.BytesIO object at 0x000001FF3CC61DB0>,0.7351832985877991,0.056589916348457336,0.28417450189590454,142732,33,2,False,Left,Front,Left,Centre,58
<_io.BytesIO object at 0x000001FF3CC615E0>,0.7446271777153015,0.0326763391494751,0.34001779556274414,142732,33,2,False,Left,Front,Left,Centre,58
<_io.BytesIO object at 0x000001FF3CC61400>,0.683875322341919,0.14130441844463348,0.25897037982940674,142732,33,2,False,Left,Front,Left,Centre,58
<_io.BytesIO object at 0x000001FF3CC61220>,0.7055950164794922,0.13067474961280823,0.291938453912735,142732,33,2,False,Left,Front,Left,Centre,58
<_io.BytesIO object at 0x000001FF3CC61BD0>,0.6274647116661072,0.11036321520805359,0.32017356157302856,142732,33,2,False,Left,Front,Left,Centre,58
<_io.BytesIO object at 0x000001FF3CC61D60>,0.7324901819229126,0.09799675643444061,0.2825712263584137,142732,33,2,False,Left,Front,Left,Centre,58
<_io.BytesIO object at 0x000001FF3CCBA9A0>,0.7107459306716919,0.0621853843331337,0.3193814754486084,142732,33,2,False,Left,Front,Left,Centre,58
<_io.BytesIO object at 0x000001FF3CC5AA90>,0.697841227054596,0.11165675520896912,0.3626469671726227,142733,33,2,False,Left,Front,Left,Centre,58
<_io.BytesIO object at 0x000001FF3CC5AC20>,0.7034446001052856,0.08226402848958969,0.3007947504520416,142733,33,2,False,Left,Front,Left,Centre,58
<_io.BytesIO object at 0x000001FF3FACA450>,0.7150605320930481,0.12485364079475403,0.28827300667762756,142733,33,2,False,Left,Front,Left,Centre,58
<_io.BytesIO object at 0x000001FF3FACA680>,0.7351832985877991,0.056589916348457336,0.28417450189590454,142733,33,2,False,Left,Front,Left,Centre,58
<_io.BytesIO object at 0x000001FF3FACA9F0>,0.7446271777153015,0.0326763391494751,0.34001779556274414,142733,33,2,False,Left,Front,Left,Centre,58
<_io.BytesIO object at 0x000001FF3FACA770>,0.6814976930618286,0.13986527919769287,0.25723376870155334,142733,33,2,False,Left,Front,Left,Centre,58
<_io.BytesIO object at 0x000001FF3FACA130>,0.7015335559844971,0.12973718345165253,0.2914845943450928,142733,33,2,False,Left,Front,Left,Centre,58
<_io.BytesIO object at 0x000001FF3FACA900>,0.6227753758430481,0.10582014173269272,0.31463396549224854,142733,33,2,False,Left,Front,Left,Centre,58
<_io.BytesIO object at 0x000001FF3FACAC70>,0.7301130890846252,0.09808658808469772,0.2825808525085449,142733,33,2,False,Left,Front,Left,Centre,58
<_io.BytesIO object at 0x000001FF3CC6EF40>,0.7077168822288513,0.060723692178726196,0.31759047508239746,142733,33,2,False,Left,Front,Left,Centre,58
<_io.BytesIO object at 0x000001FF3CC06AE0>,0.697841227054596,0.11165675520896912,0.3626469671726227,142734,33,2,False,Left,Front,Left,Centre,58
<_io.BytesIO object at 0x000001FF3CC068B0>,0.7034446001052856,0.08226402848958969,0.3007947504520416,142734,33,2,False,Left,Front,Left,Centre,58
<_io.BytesIO object at 0x000001FF3CC060E0>,0.7150605320930481,0.12485364079475403,0.28827300667762756,142734,33,2,False,Left,Front,Left,Centre,58
<_io.BytesIO object at 0x000001FF3CC5EE00>,0.7351832985877991,0.056589916348457336,0.28417450189590454,142734,33,2,False,Left,Front,Left,Centre,58
<_io.BytesIO object at 0x000001FF3CC5ECC0>,0.7446271777153015,0.0326763391494751,0.34001779556274414,142734,33,2,False,Left,Front,Left,Centre,58
<_io.BytesIO object at 0x000001FF3CC5E220>,0.6794301271438599,0.13822808861732483,0.2552463114261627,142734,33,2,False,Left,Front,Left,Centre,58
<_io.BytesIO object at 0x000001FF3CC5E680>,0.6976137757301331,0.12879259884357452,0.2909606397151947,142734,33,2,False,Left,Front,Left,Centre,58
<_io.BytesIO object at 0x000001FF3CC5E130>,0.6187692284584045,0.10143470019102097,0.30911681056022644,142734,33,2,False,Left,Front,Left,Centre,58
<_io.BytesIO object at 0x000001FF3CC5E720>,0.7277860641479492,0.09828101843595505,0.28260430693626404,142734,33,2,False,Left,Front,Left,Centre,58
<_io.BytesIO object at 0x000001FF3CC5E0E0>,0.7050948739051819,0.05952894315123558,0.3161378502845764,142734,33,2,False,Left,Front,Left,Centre,58
<_io.BytesIO object at 0x000001FF3CC64450>,0.697841227054596,0.11165675520896912,0.3626469671726227,142735,33,2,False,Left,Front,Left,Centre,58
<_io.BytesIO object at 0x000001FF3FA91450>,0.7034446001052856,0.08226402848958969,0.3007947504520416,142735,33,2,False,Left,Front,Left,Centre,58
<_io.BytesIO object at 0x000001FF3FA913B0>,0.7150605320930481,0.12485364079475403,0.28827300667762756,142735,33,2,False,Left,Front,Left,Centre,58
<_io.BytesIO object at 0x000001FF3FA915E0>,0.7351832985877991,0.056589916348457336,0.28417450189590454,142735,33,2,False,Left,Front,Left,Centre,58
<_io.BytesIO object at 0x000001FF3FA91270>,0.7446271777153015,0.0326763391494751,0.34001779556274414,142735,33,2,False,Left,Front,Left,Centre,58
<_io.BytesIO object at 0x000001FF3FA91B30>,0.6776148080825806,0.1364610195159912,0.2531217932701111,142735,33,2,False,Left,Front,Left,Centre,58
<_io.BytesIO object at 0x000001FF3CCB14A0>,0.693825364112854,0.12762175500392914,0.29029056429862976,142735,33,2,False,Left,Front,Left,Centre,58
<_io.BytesIO object at 0x000001FF3CCB1180>,0.6154171824455261,0.09654994308948517,0.3031289279460907,142735,33,2,False,Left,Front,Left,Centre,58
<_io.BytesIO object at 0x000001FF3CCB1400>,0.7256637215614319,0.09848877042531967,0.28266188502311707,142735,33,2,False,Left,Front,Left,Centre,58
<_io.BytesIO object at 0x000001FF3CCB1DB0>,0.702921986579895,0.058247797191143036,0.314676970243454,142735,33,2,False,Left,Front,Left,Centre,58
<_io.BytesIO object at 0x000001FF3FA9C090>,0.697841227054596,0.11165675520896912,0.3626469671726227,142736,33,2,False,Left,Front,Left,Centre,58
<_io.BytesIO object at 0x000001FF3FC26A90>,0.7034446001052856,0.08226402848958969,0.3007947504520416,142736,33,2,False,Left,Front,Left,Centre,58
<_io.BytesIO object at 0x000001FF3FC26180>,0.7150605320930481,0.12485364079475403,0.28827300667762756,142736,33,2,False,Left,Front,Left,Centre,58
<_io.BytesIO object at 0x000001FF3FC269F0>,0.7351832985877991,0.056589916348457336,0.28417450189590454,142736,33,2,False,Left,Front,Left,Centre,58
<_io.BytesIO object at 0x000001FF3FC265E0>,0.7446271777153015,0.0326763391494751,0.34001779556274414,142736,33,2,False,Left,Front,Left,Centre,58
<_io.BytesIO object at 0x000001FF3FC26E50>,0.6761080622673035,0.1346691995859146,0.2511838376522064,142736,33,2,False,Left,Front,Left,Centre,58
<_io.BytesIO object at 0x000001FF3CC752C0>,0.6903116106987,0.12620142102241516,0.28972962498664856,142736,33,2,False,Left,Front,Left,Centre,58
<_io.BytesIO object at 0x000001FF3CC75950>,0.6126740574836731,0.09187303483486176,0.2973063588142395,142736,33,2,False,Left,Front,Left,Centre,58
<_io.BytesIO object at 0x000001FF3CC75040>,0.7235283255577087,0.09842941910028458,0.28280144929885864,142736,33,2,False,Left,Front,Left,Centre,58
<_io.BytesIO object at 0x000001FF3CC75860>,0.7008066773414612,0.05679652467370033,0.3134240508079529,142736,33,2,False,Left,Front,Left,Centre,58
<_io.BytesIO object at 0x000001FF3CC73DB0>,0.697841227054596,0.11165675520896912,0.3626469671726227,142737,33,2,False,Left,Front,Left,Centre,58
<_io.BytesIO object at 0x000001FF3CC73090>,0.7034446001052856,0.08226402848958969,0.3007947504520416,142737,33,2,False,Left,Front,Left,Centre,58
<_io.BytesIO object at 0x000001FF3CC733B0>,0.7150605320930481,0.12485364079475403,0.28827300667762756,142737,33,2,False,Left,Front,Left,Centre,58
<_io.BytesIO object at 0x000001FF3CC731D0>,0.7351832985877991,0.056589916348457336,0.28417450189590454,142737,33,2,False,Left,Front,Left,Centre,58
<_io.BytesIO object at 0x000001FF3CC73770>,0.7446271777153015,0.0326763391494751,0.34001779556274414,142737,33,2,False,Left,Front,Left,Centre,58
<_io.BytesIO object at 0x000001FF3CC75090>,0.6745095252990723,0.13305990397930145,0.2491856813430786,142737,33,2,False,Left,Front,Left,Centre,58
<_io.BytesIO object at 0x000001FF3CC75EA0>,0.6869971752166748,0.12449758499860764,0.2888588309288025,142737,33,2,False,Left,Front,Left,Centre,58
<_io.BytesIO object at 0x000001FF3CC759A0>,0.61042320728302,0.08717527985572815,0.29139235615730286,142737,33,2,False,Left,Front,Left,Centre,58
<_io.BytesIO object at 0x000001FF3CC75900>,0.7214077115058899,0.09821373969316483,0.28285712003707886,142737,33,2,False,Left,Front,Left,Centre,58
<_io.BytesIO object at 0x000001FF3CC75770>,0.6988264918327332,0.05518335849046707,0.31185877323150635,142737,33,2,False,Left,Front,Left,Centre,58
<_io.BytesIO object at 0x000001FF3FC261D0>,0.697841227054596,0.11165675520896912,0.3626469671726227,142738,33,2,False,Left,Front,Left,Centre,58
<_io.BytesIO object at 0x000001FF3FA9C540>,0.7034446001052856,0.08226402848958969,0.3007947504520416,142738,33,2,False,Left,Front,Left,Centre,58
<_io.BytesIO object at 0x000001FF3FA9C9A0>,0.7150605320930481,0.12485364079475403,0.28827300667762756,142738,33,2,False,Left,Front,Left,Centre,58
<_io.BytesIO object at 0x000001FF3FA9CF40>,0.7351832985877991,0.056589916348457336,0.28417450189590454,142738,33,2,False,Left,Front,Left,Centre,58
<_io.BytesIO object at 0x000001FF3FA9CA90>,0.7446271777153015,0.0326763391494751,0.34001779556274414,142738,33,2,False,Left,Front,Left,Centre,58
<_io.BytesIO object at 0x000001FF3CCB1CC0>,0.6728551983833313,0.13148443400859833,0.24703183770179749,142738,33,2,False,Left,Front,Left,Centre,58
<_io.BytesIO object at 0x000001FF3CCB13B0>,0.6840152740478516,0.12300438433885574,0.2880443334579468,142738,33,2,False,Left,Front,Left,Centre,58
<_io.BytesIO object at 0x000001FF3CCB1360>,0.6083357334136963,0.08374905586242676,0.28688448667526245,142738,33,2,False,Left,Front,Left,Centre,58
<_io.BytesIO object at 0x000001FF3CCB1450>,0.7193605303764343,0.09760377556085587,0.28298234939575195,142738,33,2,False,Left,Front,Left,Centre,58
<_io.BytesIO object at 0x000001FF3CCB1400>,0.69666588306427,0.05393189191818237,0.3106800317764282,142738,33,2,False,Left,Front,Left,Centre,58
<_io.BytesIO object at 0x000001FF3FA91A90>,0.697841227054596,0.11165675520896912,0.3626469671726227,142739,33,2,False,Left,Front,Left,Centre,58
<_io.BytesIO object at 0x000001FF3CC64EA0>,0.7034446001052856,0.08226402848958969,0.3007947504520416,142739,33,2,False,Left,Front,Left,Centre,58
<_io.BytesIO object at 0x000001FF3CC64270>,0.7150605320930481,0.12485364079475403,0.28827300667762756,142739,33,2,False,Left,Front,Left,Centre,58
<_io.BytesIO object at 0x000001FF3CC64590>,0.7351832985877991,0.056589916348457336,0.28417450189590454,142739,33,2,False,Left,Front,Left,Centre,58
<_io.BytesIO object at 0x000001FF3CC64B30>,0.7446271777153015,0.0326763391494751,0.34001779556274414,142739,33,2,False,Left,Front,Left,Centre,58
<_io.BytesIO object at 0x000001FF3CC645E0>,0.6696902513504028,0.13148780167102814,0.24587315320968628,142739,33,2,False,Left,Front,Left,Centre,58
<_io.BytesIO object at 0x000001FF3CC64CC0>,0.6822273135185242,0.12146243453025818,0.2851005494594574,142739,33,2,False,Left,Front,Left,Centre,58
<_io.BytesIO object at 0x000001FF3CC5E3B0>,0.606759786605835,0.08108396083116531,0.28336191177368164,142739,33,2,False,Left,Front,Left,Centre,58
<_io.BytesIO object at 0x000001FF3CC5E9A0>,0.7183863520622253,0.09653820842504501,0.28456777334213257,142739,33,2,False,Left,Front,Left,Centre,58
<_io.BytesIO object at 0x000001FF3CC5EC70>,0.6949009299278259,0.052954547107219696,0.3097696006298065,142739,33,2,False,Left,Front,Left,Centre,58
<_io.BytesIO object at 0x000001FF3CC06590>,0.697841227054596,0.11165675520896912,0.3626469671726227,142740,33,2,False,Left,Front,Left,Centre,58
<_io.BytesIO object at 0x000001FF3CC6E310>,0.7034446001052856,0.08226402848958969,0.3007947504520416,142740,33,2,False,Left,Front,Left,Centre,58
<_io.BytesIO object at 0x000001FF3CC6E180>,0.7150605320930481,0.12485364079475403,0.28827300667762756,142740,33,2,False,Left,Front,Left,Centre,58
<_io.BytesIO object at 0x000001FF3CC6E3B0>,0.7351832985877991,0.056589916348457336,0.28417450189590454,142740,33,2,False,Left,Front,Left,Centre,58
<_io.BytesIO object at 0x000001FF3CC6ED10>,0.7446271777153015,0.0326763391494751,0.34001779556274414,142740,33,2,False,Left,Front,Left,Centre,58
<_io.BytesIO object at 0x000001FF3CC6EF40>,0.6696902513504028,0.13148780167102814,0.24587315320968628,142740,33,2,False,Left,Front,Left,Centre,58
<_io.BytesIO object at 0x000001FF3FACA9A0>,0.6822273135185242,0.12146243453025818,0.2851005494594574,142740,33,2,False,Left,Front,Left,Centre,58
<_io.BytesIO object at 0x000001FF3FACA040>,0.606759786605835,0.08108396083116531,0.28336191177368164,142740,33,2,False,Left,Front,Left,Centre,58
<_io.BytesIO object at 0x000001FF3FACA900>,0.7183863520622253,0.09653820842504501,0.28456777334213257,142740,33,2,False,Left,Front,Left,Centre,58
<_io.BytesIO object at 0x000001FF3FACA4A0>,0.6949009299278259,0.052954547107219696,0.3097696006298065,142740,33,2,False,Left,Front,Left,Centre,58
<_io.BytesIO object at 0x000001FF3CC5A4A0>,0.697841227054596,0.11165675520896912,0.3626469671726227,142741,33,2,False,Left,Front,Left,Centre,58
<_io.BytesIO object at 0x000001FF3CCBA810>,0.7034446001052856,0.08226402848958969,0.3007947504520416,142741,33,2,False,Left,Front,Left,Centre,58
<_io.BytesIO object at 0x000001FF3CCBA0E0>,0.7150605320930481,0.12485364079475403,0.28827300667762756,142741,33,2,False,Left,Front,Left,Centre,58
<_io.BytesIO object at 0x000001FF3CCBAAE0>,0.7351832985877991,0.056589916348457336,0.28417450189590454,142741,33,2,False,Left,Front,Left,Centre,58
<_io.BytesIO object at 0x000001FF3CCBA900>,0.7446271777153015,0.0326763391494751,0.34001779556274414,142741,33,2,False,Left,Front,Left,Centre,58
<_io.BytesIO object at 0x000001FF3CC61EF0>,0.6696902513504028,0.13148780167102814,0.24587315320968628,142741,33,2,False,Left,Front,Left,Centre,58
<_io.BytesIO object at 0x000001FF3CC610E0>,0.6822273135185242,0.12146243453025818,0.2851005494594574,142741,33,2,False,Left,Front,Left,Centre,58
<_io.BytesIO object at 0x000001FF3CC61310>,0.606759786605835,0.08108396083116531,0.28336191177368164,142741,33,2,False,Left,Front,Left,Centre,58
<_io.BytesIO object at 0x000001FF3CC61BD0>,0.7183863520622253,0.09653820842504501,0.28456777334213257,142741,33,2,False,Left,Front,Left,Centre,58
<_io.BytesIO object at 0x000001FF3CC61860>,0.6949009299278259,0.052954547107219696,0.3097696006298065,142741,33,2,False,Left,Front,Left,Centre,58
<_io.BytesIO object at 0x000001FF3CC61810>,0.697841227054596,0.11165675520896912,0.3626469671726227,142742,33,2,False,Left,Front,Left,Centre,58
<_io.BytesIO object at 0x000001FF3CCBA950>,0.7034446001052856,0.08226402848958969,0.3007947504520416,142742,33,2,False,Left,Front,Left,Centre,58
<_io.BytesIO object at 0x000001FF3CCBA860>,0.7150605320930481,0.12485364079475403,0.28827300667762756,142742,33,2,False,Left,Front,Left,Centre,58
<_io.BytesIO object at 0x000001FF3CCBAD10>,0.7351832985877991,0.056589916348457336,0.28417450189590454,142742,33,2,False,Left,Front,Left,Centre,58
<_io.BytesIO object at 0x000001FF3CCBA3B0>,0.7446271777153015,0.0326763391494751,0.34001779556274414,142742,33,2,False,Left,Front,Left,Centre,58
<_io.BytesIO object at 0x000001FF3CCBAF40>,0.6696902513504028,0.13148780167102814,0.24587315320968628,142742,33,2,False,Left,Front,Left,Centre,58
<_io.BytesIO object at 0x000001FF3CC5A4A0>,0.6822273135185242,0.12146243453025818,0.2851005494594574,142742,33,2,False,Left,Front,Left,Centre,58
<_io.BytesIO object at 0x000001FF3CC5A720>,0.606759786605835,0.08108396083116531,0.28336191177368164,142742,33,2,False,Left,Front,Left,Centre,58
<_io.BytesIO object at 0x000001FF3CC5A810>,0.7183863520622253,0.09653820842504501,0.28456777334213257,142742,33,2,False,Left,Front,Left,Centre,58
<_io.BytesIO object at 0x000001FF3CC5ACC0>,0.6949009299278259,0.052954547107219696,0.3097696006298065,142742,33,2,False,Left,Front,Left,Centre,58
<_io.BytesIO object at 0x000001FF3FACA4F0>,0.697841227054596,0.11165675520896912,0.3626469671726227,142743,33,2,False,Left,Front,Left,Centre,58
<_io.BytesIO object at 0x000001FF3CC6EAE0>,0.7034446001052856,0.08226402848958969,0.3007947504520416,142743,33,2,False,Left,Front,Left,Centre,58
<_io.BytesIO object at 0x000001FF3CC6E310>,0.7150605320930481,0.12485364079475403,0.28827300667762756,142743,33,2,False,Left,Front,Left,Centre,58
<_io.BytesIO object at 0x000001FF3CC6EA40>,0.7351832985877991,0.056589916348457336,0.28417450189590454,142743,33,2,False,Left,Front,Left,Centre,58
<_io.BytesIO object at 0x000001FF3CC6E540>,0.7446271777153015,0.0326763391494751,0.34001779556274414,142743,33,2,False,Left,Front,Left,Centre,58
<_io.BytesIO object at 0x000001FF3CC6E360>,0.6696902513504028,0.13148780167102814,0.24587315320968628,142743,33,2,False,Left,Front,Left,Centre,58
<_io.BytesIO object at 0x000001FF3CC06F40>,0.6822273135185242,0.12146243453025818,0.2851005494594574,142743,33,2,False,Left,Front,Left,Centre,58
<_io.BytesIO object at 0x000001FF3CC06090>,0.606759786605835,0.08108396083116531,0.28336191177368164,142743,33,2,False,Left,Front,Left,Centre,58
<_io.BytesIO object at 0x000001FF3CC06E00>,0.7183863520622253,0.09653820842504501,0.28456777334213257,142743,33,2,False,Left,Front,Left,Centre,58
<_io.BytesIO object at 0x000001FF3CC063B0>,0.6949009299278259,0.052954547107219696,0.3097696006298065,142743,33,2,False,Left,Front,Left,Centre,58
<_io.BytesIO object at 0x000001FF3CC64E00>,0.697841227054596,0.11165675520896912,0.3626469671726227,142744,33,2,False,Left,Front,Left,Centre,58
<_io.BytesIO object at 0x000001FF3FA91E50>,0.7034446001052856,0.08226402848958969,0.3007947504520416,142744,33,2,False,Left,Front,Left,Centre,58
<_io.BytesIO object at 0x000001FF3FA914A0>,0.7150605320930481,0.12485364079475403,0.28827300667762756,142744,33,2,False,Left,Front,Left,Centre,58
<_io.BytesIO object at 0x000001FF3FA91540>,0.7351832985877991,0.056589916348457336,0.28417450189590454,142744,33,2,False,Left,Front,Left,Centre,58
<_io.BytesIO object at 0x000001FF3FA910E0>,0.7446271777153015,0.0326763391494751,0.34001779556274414,142744,33,2,False,Left,Front,Left,Centre,58
<_io.BytesIO object at 0x000001FF3FA91F90>,0.6696902513504028,0.13148780167102814,0.24587315320968628,142744,33,2,False,Left,Front,Left,Centre,58
<_io.BytesIO object at 0x000001FF3FA91A40>,0.6822273135185242,0.12146243453025818,0.2851005494594574,142744,33,2,False,Left,Front,Left,Centre,58
<_io.BytesIO object at 0x000001FF3CCB1F40>,0.606759786605835,0.08108396083116531,0.28336191177368164,142744,33,2,False,Left,Front,Left,Centre,58
<_io.BytesIO object at 0x000001FF3CCB1D10>,0.7183863520622253,0.09653820842504501,0.28456777334213257,142744,33,2,False,Left,Front,Left,Centre,58
<_io.BytesIO object at 0x000001FF3CCB1720>,0.6949009299278259,0.052954547107219696,0.3097696006298065,142744,33,2,False,Left,Front,Left,Centre,58
<_io.BytesIO object at 0x000001FF3FA9C040>,0.697841227054596,0.11165675520896912,0.3626469671726227,142745,33,2,False,Left,Front,Left,Centre,58
<_io.BytesIO object at 0x000001FF3FC26F90>,0.7034446001052856,0.08226402848958969,0.3007947504520416,142745,33,2,False,Left,Front,Left,Centre,58
<_io.BytesIO object at 0x000001FF3FC26C20>,0.7150605320930481,0.12485364079475403,0.28827300667762756,142745,33,2,False,Left,Front,Left,Centre,58
<_io.BytesIO object at 0x000001FF3FC26040>,0.7351832985877991,0.056589916348457336,0.28417450189590454,142745,33,2,False,Left,Front,Left,Centre,58
<_io.BytesIO object at 0x000001FF3FC26360>,0.7446271777153015,0.0326763391494751,0.34001779556274414,142745,33,2,False,Left,Front,Left,Centre,58
<_io.BytesIO object at 0x000001FF3FC26090>,0.6696902513504028,0.13148780167102814,0.24587315320968628,142745,33,2,False,Left,Front,Left,Centre,58
<_io.BytesIO object at 0x000001FF3CC5E720>,0.6822273135185242,0.12146243453025818,0.2851005494594574,142745,33,2,False,Left,Front,Left,Centre,58
<_io.BytesIO object at 0x000001FF3CC5E2C0>,0.606759786605835,0.08108396083116531,0.28336191177368164,142745,33,2,False,Left,Front,Left,Centre,58
<_io.BytesIO object at 0x000001FF3CC5E090>,0.7183863520622253,0.09653820842504501,0.28456777334213257,142745,33,2,False,Left,Front,Left,Centre,58
<_io.BytesIO object at 0x000001FF3CC5E270>,0.6949009299278259,0.052954547107219696,0.3097696006298065,142745,33,2,False,Left,Front,Left,Centre,58
<_io.BytesIO object at 0x000001FF3CC75B30>,0.697841227054596,0.11165675520896912,0.3626469671726227,142746,33,2,False,Left,Front,Left,Centre,58
<_io.BytesIO object at 0x000001FF3CC73770>,0.7034446001052856,0.08226402848958969,0.3007947504520416,142746,33,2,False,Left,Front,Left,Centre,58
<_io.BytesIO object at 0x000001FF3CC73B80>,0.7150605320930481,0.12485364079475403,0.28827300667762756,142746,33,2,False,Left,Front,Left,Centre,58
<_io.BytesIO object at 0x000001FF3CC73DB0>,0.7351832985877991,0.056589916348457336,0.28417450189590454,142746,33,2,False,Left,Front,Left,Centre,58
<_io.BytesIO object at 0x000001FF3CC732C0>,0.7446271777153015,0.0326763391494751,0.34001779556274414,142746,33,2,False,Left,Front,Left,Centre,58
<_io.BytesIO object at 0x000001FF3CCAAD60>,0.6696902513504028,0.13148780167102814,0.24587315320968628,142746,33,2,False,Left,Front,Left,Centre,58
<_io.BytesIO object at 0x000001FF3CCAA860>,0.6822273135185242,0.12146243453025818,0.2851005494594574,142746,33,2,False,Left,Front,Left,Centre,58
<_io.BytesIO object at 0x000001FF3CC73D60>,0.606759786605835,0.08108396083116531,0.28336191177368164,142746,33,2,False,Left,Front,Left,Centre,58
<_io.BytesIO object at 0x000001FF3CC73D10>,0.7183863520622253,0.09653820842504501,0.28456777334213257,142746,33,2,False,Left,Front,Left,Centre,58
<_io.BytesIO object at 0x000001FF3CC736D0>,0.6949009299278259,0.052954547107219696,0.3097696006298065,142746,33,2,False,Left,Front,Left,Centre,58
<_io.BytesIO object at 0x000001FF3CC5E630>,0.697841227054596,0.11165675520896912,0.3626469671726227,142747,33,2,False,Left,Front,Left,Centre,58
<_io.BytesIO object at 0x000001FF3CC5EC70>,0.7034446001052856,0.08226402848958969,0.3007947504520416,142747,33,2,False,Left,Front,Left,Centre,58
<_io.BytesIO object at 0x000001FF3CC5E2C0>,0.7150605320930481,0.12485364079475403,0.28827300667762756,142747,33,2,False,Left,Front,Left,Centre,58
<_io.BytesIO object at 0x000001FF3CC5E950>,0.7351832985877991,0.056589916348457336,0.28417450189590454,142747,33,2,False,Left,Front,Left,Centre,58
<_io.BytesIO object at 0x000001FF3FC269A0>,0.7446271777153015,0.0326763391494751,0.34001779556274414,142747,33,2,False,Left,Front,Left,Centre,58
<_io.BytesIO object at 0x000001FF3FC26450>,0.6696902513504028,0.13148780167102814,0.24587315320968628,142747,33,2,False,Left,Front,Left,Centre,58
<_io.BytesIO object at 0x000001FF3FC265E0>,0.6822273135185242,0.12146243453025818,0.2851005494594574,142747,33,2,False,Left,Front,Left,Centre,58
<_io.BytesIO object at 0x000001FF3FC26810>,0.606759786605835,0.08108396083116531,0.28336191177368164,142747,33,2,False,Left,Front,Left,Centre,58
<_io.BytesIO object at 0x000001FF3FC26F90>,0.7183863520622253,0.09653820842504501,0.28456777334213257,142747,33,2,False,Left,Front,Left,Centre,58
<_io.BytesIO object at 0x000001FF3FC26EA0>,0.6949009299278259,0.052954547107219696,0.3097696006298065,142747,33,2,False,Left,Front,Left,Centre,58
<_io.BytesIO object at 0x000001FF3FA91220>,0.697841227054596,0.11165675520896912,0.3626469671726227,142748,33,2,False,Left,Front,Left,Centre,58
<_io.BytesIO object at 0x000001FF3FA91C70>,0.7034446001052856,0.08226402848958969,0.3007947504520416,142748,33,2,False,Left,Front,Left,Centre,58
<_io.BytesIO object at 0x000001FF3FA91720>,0.7150605320930481,0.12485364079475403,0.28827300667762756,142748,33,2,False,Left,Front,Left,Centre,58
<_io.BytesIO object at 0x000001FF3FA91EF0>,0.7351832985877991,0.056589916348457336,0.28417450189590454,142748,33,2,False,Left,Front,Left,Centre,58
<_io.BytesIO object at 0x000001FF380156D0>,0.7446271777153015,0.0326763391494751,0.34001779556274414,142748,33,2,False,Left,Front,Left,Centre,58
<_io.BytesIO object at 0x000001FF38015360>,0.6696902513504028,0.13148780167102814,0.24587315320968628,142748,33,2,False,Left,Front,Left,Centre,58
<_io.BytesIO object at 0x000001FF3CC06590>,0.6822273135185242,0.12146243453025818,0.2851005494594574,142748,33,2,False,Left,Front,Left,Centre,58
<_io.BytesIO object at 0x000001FF3CC064A0>,0.606759786605835,0.08108396083116531,0.28336191177368164,142748,33,2,False,Left,Front,Left,Centre,58
<_io.BytesIO object at 0x000001FF3CC06EA0>,0.7183863520622253,0.09653820842504501,0.28456777334213257,142748,33,2,False,Left,Front,Left,Centre,58
<_io.BytesIO object at 0x000001FF3CC06630>,0.6949009299278259,0.052954547107219696,0.3097696006298065,142748,33,2,False,Left,Front,Left,Centre,58
<_io.BytesIO object at 0x000001FF3CC6E590>,0.697841227054596,0.11165675520896912,0.3626469671726227,142749,33,2,False,Left,Front,Left,Centre,58
<_io.BytesIO object at 0x000001FF3CC648B0>,0.7034446001052856,0.08226402848958969,0.3007947504520416,142749,33,2,False,Left,Front,Left,Centre,58
<_io.BytesIO object at 0x000001FF3CC64220>,0.7150605320930481,0.12485364079475403,0.28827300667762756,142749,33,2,False,Left,Front,Left,Centre,58
<_io.BytesIO object at 0x000001FF3CC643B0>,0.7351832985877991,0.056589916348457336,0.28417450189590454,142749,33,2,False,Left,Front,Left,Centre,58
<_io.BytesIO object at 0x000001FF3CC64E50>,0.7446271777153015,0.0326763391494751,0.34001779556274414,142749,33,2,False,Left,Front,Left,Centre,58
<_io.BytesIO object at 0x000001FF3CC64A90>,0.6696902513504028,0.13148780167102814,0.24587315320968628,142749,33,2,False,Left,Front,Left,Centre,58
<_io.BytesIO object at 0x000001FF3FACAAE0>,0.6822273135185242,0.12146243453025818,0.2851005494594574,142749,33,2,False,Left,Front,Left,Centre,58
<_io.BytesIO object at 0x000001FF3FACA900>,0.606759786605835,0.08108396083116531,0.28336191177368164,142749,33,2,False,Left,Front,Left,Centre,58
<_io.BytesIO object at 0x000001FF3FACAC20>,0.7183863520622253,0.09653820842504501,0.28456777334213257,142749,33,2,False,Left,Front,Left,Centre,58
<_io.BytesIO object at 0x000001FF3FACAA90>,0.6949009299278259,0.052954547107219696,0.3097696006298065,142749,33,2,False,Left,Front,Left,Centre,58
<_io.BytesIO object at 0x000001FF3FA9C630>,0.697841227054596,0.11165675520896912,0.3626469671726227,142750,33,2,False,Left,Front,Left,Centre,58
<_io.BytesIO object at 0x000001FF3CC5A6D0>,0.7034446001052856,0.08226402848958969,0.3007947504520416,142750,33,2,False,Left,Front,Left,Centre,58
<_io.BytesIO object at 0x000001FF3CC5A220>,0.7150605320930481,0.12485364079475403,0.28827300667762756,142750,33,2,False,Left,Front,Left,Centre,58
<_io.BytesIO object at 0x000001FF3CC5A590>,0.7351832985877991,0.056589916348457336,0.28417450189590454,142750,33,2,False,Left,Front,Left,Centre,58
<_io.BytesIO object at 0x000001FF3CC5AEF0>,0.7446271777153015,0.0326763391494751,0.34001779556274414,142750,33,2,False,Left,Front,Left,Centre,58
<_io.BytesIO object at 0x000001FF3CC5A4A0>,0.6696902513504028,0.13148780167102814,0.24587315320968628,142750,33,2,False,Left,Front,Left,Centre,58
<_io.BytesIO object at 0x000001FF3CCBA180>,0.6822273135185242,0.12146243453025818,0.2851005494594574,142750,33,2,False,Left,Front,Left,Centre,58
<_io.BytesIO object at 0x000001FF3CCBADB0>,0.606759786605835,0.08108396083116531,0.28336191177368164,142750,33,2,False,Left,Front,Left,Centre,58
<_io.BytesIO object at 0x000001FF3CCBAF90>,0.7183863520622253,0.09653820842504501,0.28456777334213257,142750,33,2,False,Left,Front,Left,Centre,58
<_io.BytesIO object at 0x000001FF3CCBAE50>,0.6949009299278259,0.052954547107219696,0.3097696006298065,142750,33,2,False,Left,Front,Left,Centre,58
<_io.BytesIO object at 0x000001FF3CC61F40>,0.697841227054596,0.11165675520896912,0.3626469671726227,142751,33,2,False,Left,Front,Left,Centre,58
<_io.BytesIO object at 0x000001FF3CC61450>,0.7034446001052856,0.08226402848958969,0.3007947504520416,142751,33,2,False,Left,Front,Left,Centre,58
<_io.BytesIO object at 0x000001FF3CC61860>,0.7150605320930481,0.12485364079475403,0.28827300667762756,142751,33,2,False,Left,Front,Left,Centre,58
<_io.BytesIO object at 0x000001FF3CC61180>,0.7351832985877991,0.056589916348457336,0.28417450189590454,142751,33,2,False,Left,Front,Left,Centre,58
<_io.BytesIO object at 0x000001FF3CC618B0>,0.7446271777153015,0.0326763391494751,0.34001779556274414,142751,33,2,False,Left,Front,Left,Centre,58
<_io.BytesIO object at 0x000001FF3CC61C20>,0.6696902513504028,0.13148780167102814,0.24587315320968628,142751,33,2,False,Left,Front,Left,Centre,58
<_io.BytesIO object at 0x000001FF3CC5A5E0>,0.6822273135185242,0.12146243453025818,0.2851005494594574,142751,33,2,False,Left,Front,Left,Centre,58
<_io.BytesIO object at 0x000001FF3CC5A040>,0.606759786605835,0.08108396083116531,0.28336191177368164,142751,33,2,False,Left,Front,Left,Centre,58
<_io.BytesIO object at 0x000001FF3CC5A630>,0.7183863520622253,0.09653820842504501,0.28456777334213257,142751,33,2,False,Left,Front,Left,Centre,58
<_io.BytesIO object at 0x000001FF3CC5AA40>,0.6949009299278259,0.052954547107219696,0.3097696006298065,142751,33,2,False,Left,Front,Left,Centre,58
<_io.BytesIO object at 0x000001FF3FACAB80>,0.697841227054596,0.11165675520896912,0.3626469671726227,142752,33,2,False,Left,Front,Left,Centre,58
<_io.BytesIO object at 0x000001FF3FACAD10>,0.7034446001052856,0.08226402848958969,0.3007947504520416,142752,33,2,False,Left,Front,Left,Centre,58
<_io.BytesIO object at 0x000001FF3FACA810>,0.7150605320930481,0.12485364079475403,0.28827300667762756,142752,33,2,False,Left,Front,Left,Centre,58
<_io.BytesIO object at 0x000001FF3FACA220>,0.7351832985877991,0.056589916348457336,0.28417450189590454,142752,33,2,False,Left,Front,Left,Centre,58
<_io.BytesIO object at 0x000001FF3CC641D0>,0.7446271777153015,0.0326763391494751,0.34001779556274414,142752,33,2,False,Left,Front,Left,Centre,58
<_io.BytesIO object at 0x000001FF3CC64CC0>,0.6696902513504028,0.13148780167102814,0.24587315320968628,142752,33,2,False,Left,Front,Left,Centre,58
<_io.BytesIO object at 0x000001FF3CC64810>,0.6822273135185242,0.12146243453025818,0.2851005494594574,142752,33,2,False,Left,Front,Left,Centre,58
<_io.BytesIO object at 0x000001FF3CC64AE0>,0.606759786605835,0.08108396083116531,0.28336191177368164,142752,33,2,False,Left,Front,Left,Centre,58
<_io.BytesIO object at 0x000001FF3CC64220>,0.7183863520622253,0.09653820842504501,0.28456777334213257,142752,33,2,False,Left,Front,Left,Centre,58
<_io.BytesIO object at 0x000001FF3CC644F0>,0.6949009299278259,0.052954547107219696,0.3097696006298065,142752,33,2,False,Left,Front,Left,Centre,58
<_io.BytesIO object at 0x000001FF3CC6E090>,0.697841227054596,0.11165675520896912,0.3626469671726227,142753,33,2,False,Left,Front,Left,Centre,58
<_io.BytesIO object at 0x000001FF3CC06950>,0.7034446001052856,0.08226402848958969,0.3007947504520416,142753,33,2,False,Left,Front,Left,Centre,58
<_io.BytesIO object at 0x000001FF3CC06EA0>,0.7150605320930481,0.12485364079475403,0.28827300667762756,142753,33,2,False,Left,Front,Left,Centre,58
<_io.BytesIO object at 0x000001FF3CC06130>,0.7351832985877991,0.056589916348457336,0.28417450189590454,142753,33,2,False,Left,Front,Left,Centre,58
<_io.BytesIO object at 0x000001FF3CC06720>,0.7446271777153015,0.0326763391494751,0.34001779556274414,142753,33,2,False,Left,Front,Left,Centre,58
<_io.BytesIO object at 0x000001FF38015360>,0.6696902513504028,0.13148780167102814,0.24587315320968628,142753,33,2,False,Left,Front,Left,Centre,58
<_io.BytesIO object at 0x000001FF38015770>,0.6822273135185242,0.12146243453025818,0.2851005494594574,142753,33,2,False,Left,Front,Left,Centre,58
<_io.BytesIO object at 0x000001FF3FA914A0>,0.606759786605835,0.08108396083116531,0.28336191177368164,142753,33,2,False,Left,Front,Left,Centre,58
<_io.BytesIO object at 0x000001FF3FA91D60>,0.7183863520622253,0.09653820842504501,0.28456777334213257,142753,33,2,False,Left,Front,Left,Centre,58
<_io.BytesIO object at 0x000001FF3FA91040>,0.6949009299278259,0.052954547107219696,0.3097696006298065,142753,33,2,False,Left,Front,Left,Centre,58
<_io.BytesIO object at 0x000001FF3CCB1EA0>,0.697841227054596,0.11165675520896912,0.3626469671726227,142754,33,2,False,Left,Front,Left,Centre,58
<_io.BytesIO object at 0x000001FF3FC26630>,0.7034446001052856,0.08226402848958969,0.3007947504520416,142754,33,2,False,Left,Front,Left,Centre,58
<_io.BytesIO object at 0x000001FF3FC26720>,0.7150605320930481,0.12485364079475403,0.28827300667762756,142754,33,2,False,Left,Front,Left,Centre,58
<_io.BytesIO object at 0x000001FF3FC269F0>,0.7351832985877991,0.056589916348457336,0.28417450189590454,142754,33,2,False,Left,Front,Left,Centre,58
<_io.BytesIO object at 0x000001FF3FC26B80>,0.7446271777153015,0.0326763391494751,0.34001779556274414,142754,33,2,False,Left,Front,Left,Centre,58
<_io.BytesIO object at 0x000001FF3FC26CC0>,0.6696902513504028,0.13148780167102814,0.24587315320968628,142754,33,2,False,Left,Front,Left,Centre,58
<_io.BytesIO object at 0x000001FF3CC5EDB0>,0.6822273135185242,0.12146243453025818,0.2851005494594574,142754,33,2,False,Left,Front,Left,Centre,58
<_io.BytesIO object at 0x000001FF3CC5E6D0>,0.606759786605835,0.08108396083116531,0.28336191177368164,142754,33,2,False,Left,Front,Left,Centre,58
<_io.BytesIO object at 0x000001FF3CC5E220>,0.7183863520622253,0.09653820842504501,0.28456777334213257,142754,33,2,False,Left,Front,Left,Centre,58
<_io.BytesIO object at 0x000001FF3CC5E4F0>,0.6949009299278259,0.052954547107219696,0.3097696006298065,142754,33,2,False,Left,Front,Left,Centre,58
<_io.BytesIO object at 0x000001FF3CCBAEF0>,0.697841227054596,0.11165675520896912,0.3626469671726227,142755,33,2,False,Left,Front,Left,Centre,58
<_io.BytesIO object at 0x000001FF3CC75CC0>,0.7034446001052856,0.08226402848958969,0.3007947504520416,142755,33,2,False,Left,Front,Left,Centre,58
<_io.BytesIO object at 0x000001FF3CC75770>,0.7150605320930481,0.12485364079475403,0.28827300667762756,142755,33,2,False,Left,Front,Left,Centre,58
<_io.BytesIO object at 0x000001FF3CC75400>,0.7351832985877991,0.056589916348457336,0.28417450189590454,142755,33,2,False,Left,Front,Left,Centre,58
<_io.BytesIO object at 0x000001FF3CC75540>,0.7446271777153015,0.0326763391494751,0.34001779556274414,142755,33,2,False,Left,Front,Left,Centre,58
<_io.BytesIO object at 0x000001FF3CC75360>,0.6696902513504028,0.13148780167102814,0.24587315320968628,142755,33,2,False,Left,Front,Left,Centre,58
<_io.BytesIO object at 0x000001FF3CC75E50>,0.6822273135185242,0.12146243453025818,0.2851005494594574,142755,33,2,False,Left,Front,Left,Centre,58
<_io.BytesIO object at 0x000001FF3CC734A0>,0.606759786605835,0.08108396083116531,0.28336191177368164,142755,33,2,False,Left,Front,Left,Centre,58
<_io.BytesIO object at 0x000001FF3CC73A90>,0.7183863520622253,0.09653820842504501,0.28456777334213257,142755,33,2,False,Left,Front,Left,Centre,58
<_io.BytesIO object at 0x000001FF3CC737C0>,0.6949009299278259,0.052954547107219696,0.3097696006298065,142755,33,2,False,Left,Front,Left,Centre,58
<_io.BytesIO object at 0x000001FF3CC734A0>,0.697841227054596,0.11165675520896912,0.3626469671726227,142756,33,2,False,Left,Front,Left,Centre,58
<_io.BytesIO object at 0x000001FF3CC75B30>,0.7034446001052856,0.08226402848958969,0.3007947504520416,142756,33,2,False,Left,Front,Left,Centre,58
<_io.BytesIO object at 0x000001FF3CC75770>,0.7150605320930481,0.12485364079475403,0.28827300667762756,142756,33,2,False,Left,Front,Left,Centre,58
<_io.BytesIO object at 0x000001FF3CC754F0>,0.7351832985877991,0.056589916348457336,0.28417450189590454,142756,33,2,False,Left,Front,Left,Centre,58
<_io.BytesIO object at 0x000001FF3CC75310>,0.7446271777153015,0.0326763391494751,0.34001779556274414,142756,33,2,False,Left,Front,Left,Centre,58
<_io.BytesIO object at 0x000001FF3CC75680>,0.6696902513504028,0.13148780167102814,0.24587315320968628,142756,33,2,False,Left,Front,Left,Centre,58
<_io.BytesIO object at 0x000001FF3CCBA9A0>,0.6822273135185242,0.12146243453025818,0.2851005494594574,142756,33,2,False,Left,Front,Left,Centre,58
<_io.BytesIO object at 0x000001FF3CCBA040>,0.606759786605835,0.08108396083116531,0.28336191177368164,142756,33,2,False,Left,Front,Left,Centre,58
<_io.BytesIO object at 0x000001FF3CCBAF90>,0.7183863520622253,0.09653820842504501,0.28456777334213257,142756,33,2,False,Left,Front,Left,Centre,58
<_io.BytesIO object at 0x000001FF3CCBA1D0>,0.6949009299278259,0.052954547107219696,0.3097696006298065,142756,33,2,False,Left,Front,Left,Centre,58
<_io.BytesIO object at 0x000001FF3CC5ECC0>,0.697841227054596,0.11165675520896912,0.3626469671726227,142757,33,2,False,Left,Front,Left,Centre,58
<_io.BytesIO object at 0x000001FF3CCB1AE0>,0.7034446001052856,0.08226402848958969,0.3007947504520416,142757,33,2,False,Left,Front,Left,Centre,58
<_io.BytesIO object at 0x000001FF3CCB1720>,0.7150605320930481,0.12485364079475403,0.28827300667762756,142757,33,2,False,Left,Front,Left,Centre,58
<_io.BytesIO object at 0x000001FF3CCB1220>,0.7351832985877991,0.056589916348457336,0.28417450189590454,142757,33,2,False,Left,Front,Left,Centre,58
<_io.BytesIO object at 0x000001FF3CCB1A40>,0.7446271777153015,0.0326763391494751,0.34001779556274414,142757,33,2,False,Left,Front,Left,Centre,58
<_io.BytesIO object at 0x000001FF38015220>,0.6696902513504028,0.13148780167102814,0.24587315320968628,142757,33,2,False,Left,Front,Left,Centre,58
<_io.BytesIO object at 0x000001FF380152C0>,0.6822273135185242,0.12146243453025818,0.2851005494594574,142757,33,2,False,Left,Front,Left,Centre,58
<_io.BytesIO object at 0x000001FF3CC06860>,0.606759786605835,0.08108396083116531,0.28336191177368164,142757,33,2,False,Left,Front,Left,Centre,58
<_io.BytesIO object at 0x000001FF3CC06590>,0.7183863520622253,0.09653820842504501,0.28456777334213257,142757,33,2,False,Left,Front,Left,Centre,58
<_io.BytesIO object at 0x000001FF3CC06770>,0.6949009299278259,0.052954547107219696,0.3097696006298065,142757,33,2,False,Left,Front,Left,Centre,58
<_io.BytesIO object at 0x000001FF3CC6E270>,0.697841227054596,0.11165675520896912,0.3626469671726227,142758,33,2,False,Left,Front,Left,Centre,58
<_io.BytesIO object at 0x000001FF3CC64B80>,0.7034446001052856,0.08226402848958969,0.3007947504520416,142758,33,2,False,Left,Front,Left,Centre,58
<_io.BytesIO object at 0x000001FF3CC64720>,0.7150605320930481,0.12485364079475403,0.28827300667762756,142758,33,2,False,Left,Front,Left,Centre,58
<_io.BytesIO object at 0x000001FF3CC640E0>,0.7351832985877991,0.056589916348457336,0.28417450189590454,142758,33,2,False,Left,Front,Left,Centre,58
<_io.BytesIO object at 0x000001FF3CC64B30>,0.7446271777153015,0.0326763391494751,0.34001779556274414,142758,33,2,False,Left,Front,Left,Centre,58
<_io.BytesIO object at 0x000001FF3CC64810>,0.6696902513504028,0.13148780167102814,0.24587315320968628,142758,33,2,False,Left,Front,Left,Centre,58
<_io.BytesIO object at 0x000001FF3CC64EF0>,0.6822273135185242,0.12146243453025818,0.2851005494594574,142758,33,2,False,Left,Front,Left,Centre,58
<_io.BytesIO object at 0x000001FF3FACA400>,0.606759786605835,0.08108396083116531,0.28336191177368164,142758,33,2,False,Left,Front,Left,Centre,58
<_io.BytesIO object at 0x000001FF3FACAAE0>,0.7183863520622253,0.09653820842504501,0.28456777334213257,142758,33,2,False,Left,Front,Left,Centre,58
<_io.BytesIO object at 0x000001FF3FACA810>,0.6949009299278259,0.052954547107219696,0.3097696006298065,142758,33,2,False,Left,Front,Left,Centre,58
<_io.BytesIO object at 0x000001FF3FC26F40>,0.697841227054596,0.11165675520896912,0.3626469671726227,142759,33,2,False,Left,Front,Left,Centre,58
<_io.BytesIO object at 0x000001FF3FC26040>,0.7034446001052856,0.08226402848958969,0.3007947504520416,142759,33,2,False,Left,Front,Left,Centre,58
<_io.BytesIO object at 0x000001FF3FA9CC70>,0.7150605320930481,0.12485364079475403,0.28827300667762756,142759,33,2,False,Left,Front,Left,Centre,58
<_io.BytesIO object at 0x000001FF3FA9C180>,0.7351832985877991,0.056589916348457336,0.28417450189590454,142759,33,2,False,Left,Front,Left,Centre,58
<_io.BytesIO object at 0x000001FF3FA9C130>,0.7446271777153015,0.0326763391494751,0.34001779556274414,142759,33,2,False,Left,Front,Left,Centre,58
<_io.BytesIO object at 0x000001FF3FA9CAE0>,0.6696902513504028,0.13148780167102814,0.24587315320968628,142759,33,2,False,Left,Front,Left,Centre,58
<_io.BytesIO object at 0x000001FF3FA9C400>,0.6822273135185242,0.12146243453025818,0.2851005494594574,142759,33,2,False,Left,Front,Left,Centre,58
<_io.BytesIO object at 0x000001FF3FA91C20>,0.606759786605835,0.08108396083116531,0.28336191177368164,142759,33,2,False,Left,Front,Left,Centre,58
<_io.BytesIO object at 0x000001FF3FA91A40>,0.7183863520622253,0.09653820842504501,0.28456777334213257,142759,33,2,False,Left,Front,Left,Centre,58
<_io.BytesIO object at 0x000001FF3FA911D0>,0.6949009299278259,0.052954547107219696,0.3097696006298065,142759,33,2,False,Left,Front,Left,Centre,58
<_io.BytesIO object at 0x000001FF3CC5A040>,0.697841227054596,0.11165675520896912,0.3626469671726227,142760,33,2,False,Left,Front,Left,Centre,58
<_io.BytesIO object at 0x000001FF3CC61EA0>,0.7034446001052856,0.08226402848958969,0.3007947504520416,142760,33,2,False,Left,Front,Left,Centre,58
<_io.BytesIO object at 0x000001FF3CC61590>,0.7150605320930481,0.12485364079475403,0.28827300667762756,142760,33,2,False,Left,Front,Left,Centre,58
<_io.BytesIO object at 0x000001FF3CC61860>,0.7351832985877991,0.056589916348457336,0.28417450189590454,142760,33,2,False,Left,Front,Left,Centre,58
<_io.BytesIO object at 0x000001FF3CC61040>,0.7446271777153015,0.0326763391494751,0.34001779556274414,142760,33,2,False,Left,Front,Left,Centre,58
<_io.BytesIO object at 0x000001FF3CC61630>,0.6696902513504028,0.13148780167102814,0.24587315320968628,142760,33,2,False,Left,Front,Left,Centre,58
<_io.BytesIO object at 0x000001FF3CC61360>,0.6822273135185242,0.12146243453025818,0.2851005494594574,142760,33,2,False,Left,Front,Left,Centre,58
<_io.BytesIO object at 0x000001FF3FA71BD0>,0.606759786605835,0.08108396083116531,0.28336191177368164,142760,33,2,False,Left,Front,Left,Centre,58
<_io.BytesIO object at 0x000001FF3CCAA450>,0.7183863520622253,0.09653820842504501,0.28456777334213257,142760,33,2,False,Left,Front,Left,Centre,58
<_io.BytesIO object at 0x000001FF3CCAAE50>,0.6949009299278259,0.052954547107219696,0.3097696006298065,142760,33,2,False,Left,Front,Left,Centre,58
<_io.BytesIO object at 0x000001FF3CC5AC20>,0.697841227054596,0.11165675520896912,0.3626469671726227,142761,33,2,False,Left,Front,Left,Centre,58
<_io.BytesIO object at 0x000001FF3CC5A090>,0.7034446001052856,0.08226402848958969,0.3007947504520416,142761,33,2,False,Left,Front,Left,Centre,58
<_io.BytesIO object at 0x000001FF3FA91D60>,0.7150605320930481,0.12485364079475403,0.28827300667762756,142761,33,2,False,Left,Front,Left,Centre,58
<_io.BytesIO object at 0x000001FF3FA91CC0>,0.7351832985877991,0.056589916348457336,0.28417450189590454,142761,33,2,False,Left,Front,Left,Centre,58
<_io.BytesIO object at 0x000001FF3FA91040>,0.7446271777153015,0.0326763391494751,0.34001779556274414,142761,33,2,False,Left,Front,Left,Centre,58
<_io.BytesIO object at 0x000001FF3FA91450>,0.6696902513504028,0.13148780167102814,0.24587315320968628,142761,33,2,False,Left,Front,Left,Centre,58
<_io.BytesIO object at 0x000001FF3FA911D0>,0.6822273135185242,0.12146243453025818,0.2851005494594574,142761,33,2,False,Left,Front,Left,Centre,58
<_io.BytesIO object at 0x000001FF3FA91310>,0.606759786605835,0.08108396083116531,0.28336191177368164,142761,33,2,False,Left,Front,Left,Centre,58
<_io.BytesIO object at 0x000001FF3FA9C630>,0.7183863520622253,0.09653820842504501,0.28456777334213257,142761,33,2,False,Left,Front,Left,Centre,58
<_io.BytesIO object at 0x000001FF3FA9C860>,0.6949009299278259,0.052954547107219696,0.3097696006298065,142761,33,2,False,Left,Front,Left,Centre,58
<_io.BytesIO object at 0x000001FF3FC26A40>,0.697841227054596,0.11165675520896912,0.3626469671726227,142762,33,2,False,Left,Front,Left,Centre,58
<_io.BytesIO object at 0x000001FF3FC262C0>,0.7034446001052856,0.08226402848958969,0.3007947504520416,142762,33,2,False,Left,Front,Left,Centre,58
<_io.BytesIO object at 0x000001FF3CC649A0>,0.7150605320930481,0.12485364079475403,0.28827300667762756,142762,33,2,False,Left,Front,Left,Centre,58
<_io.BytesIO object at 0x000001FF3CC64310>,0.7351832985877991,0.056589916348457336,0.28417450189590454,142762,33,2,False,Left,Front,Left,Centre,58
<_io.BytesIO object at 0x000001FF3CC64950>,0.7446271777153015,0.0326763391494751,0.34001779556274414,142762,33,2,False,Left,Front,Left,Centre,58
<_io.BytesIO object at 0x000001FF3CC644F0>,0.6696902513504028,0.13148780167102814,0.24587315320968628,142762,33,2,False,Left,Front,Left,Centre,58
<_io.BytesIO object at 0x000001FF3CC64B80>,0.6822273135185242,0.12146243453025818,0.2851005494594574,142762,33,2,False,Left,Front,Left,Centre,58
<_io.BytesIO object at 0x000001FF3CC64360>,0.606759786605835,0.08108396083116531,0.28336191177368164,142762,33,2,False,Left,Front,Left,Centre,58
<_io.BytesIO object at 0x000001FF3CC6E130>,0.7183863520622253,0.09653820842504501,0.28456777334213257,142762,33,2,False,Left,Front,Left,Centre,58
<_io.BytesIO object at 0x000001FF3CC6ED60>,0.6949009299278259,0.052954547107219696,0.3097696006298065,142762,33,2,False,Left,Front,Left,Centre,58
<_io.BytesIO object at 0x000001FF3CC06E00>,0.697841227054596,0.11165675520896912,0.3626469671726227,142763,33,2,False,Left,Front,Left,Centre,58
<_io.BytesIO object at 0x000001FF3CC06900>,0.7034446001052856,0.08226402848958969,0.3007947504520416,142763,33,2,False,Left,Front,Left,Centre,58
<_io.BytesIO object at 0x000001FF38015220>,0.7150605320930481,0.12485364079475403,0.28827300667762756,142763,33,2,False,Left,Front,Left,Centre,58
<_io.BytesIO object at 0x000001FF3CCB10E0>,0.7351832985877991,0.056589916348457336,0.28417450189590454,142763,33,2,False,Left,Front,Left,Centre,58
<_io.BytesIO object at 0x000001FF3CCB1DB0>,0.7446271777153015,0.0326763391494751,0.34001779556274414,142763,33,2,False,Left,Front,Left,Centre,58
<_io.BytesIO object at 0x000001FF3CCB1D10>,0.6696902513504028,0.13148780167102814,0.24587315320968628,142763,33,2,False,Left,Front,Left,Centre,58
<_io.BytesIO object at 0x000001FF3CCB1AE0>,0.6822273135185242,0.12146243453025818,0.2851005494594574,142763,33,2,False,Left,Front,Left,Centre,58
<_io.BytesIO object at 0x000001FF3CCB15E0>,0.606759786605835,0.08108396083116531,0.28336191177368164,142763,33,2,False,Left,Front,Left,Centre,58
<_io.BytesIO object at 0x000001FF3CCB1680>,0.7183863520622253,0.09653820842504501,0.28456777334213257,142763,33,2,False,Left,Front,Left,Centre,58
<_io.BytesIO object at 0x000001FF3CCB1310>,0.6949009299278259,0.052954547107219696,0.3097696006298065,142763,33,2,False,Left,Front,Left,Centre,58
<_io.BytesIO object at 0x000001FF3FACA0E0>,0.697841227054596,0.11165675520896912,0.3626469671726227,142764,33,2,False,Left,Front,Left,Centre,58
<_io.BytesIO object at 0x000001FF3FACAD10>,0.7034446001052856,0.08226402848958969,0.3007947504520416,142764,33,2,False,Left,Front,Left,Centre,58
<_io.BytesIO object at 0x000001FF3FACAC70>,0.7150605320930481,0.12485364079475403,0.28827300667762756,142764,33,2,False,Left,Front,Left,Centre,58
<_io.BytesIO object at 0x000001FF3CCBA4F0>,0.7351832985877991,0.056589916348457336,0.28417450189590454,142764,33,2,False,Left,Front,Left,Centre,58
<_io.BytesIO object at 0x000001FF3CCBA680>,0.7446271777153015,0.0326763391494751,0.34001779556274414,142764,33,2,False,Left,Front,Left,Centre,58
<_io.BytesIO object at 0x000001FF3CCBA720>,0.6696902513504028,0.13148780167102814,0.24587315320968628,142764,33,2,False,Left,Front,Left,Centre,58
<_io.BytesIO object at 0x000001FF3CCBA950>,0.6822273135185242,0.12146243453025818,0.2851005494594574,142764,33,2,False,Left,Front,Left,Centre,58
<_io.BytesIO object at 0x000001FF3CCBA310>,0.606759786605835,0.08108396083116531,0.28336191177368164,142764,33,2,False,Left,Front,Left,Centre,58
<_io.BytesIO object at 0x000001FF3CCBAF40>,0.7183863520622253,0.09653820842504501,0.28456777334213257,142764,33,2,False,Left,Front,Left,Centre,58
<_io.BytesIO object at 0x000001FF3CCBA810>,0.6949009299278259,0.052954547107219696,0.3097696006298065,142764,33,2,False,Left,Front,Left,Centre,58
<_io.BytesIO object at 0x000001FF3CC758B0>,0.697841227054596,0.11165675520896912,0.3626469671726227,142765,33,2,False,Left,Front,Left,Centre,58
<_io.BytesIO object at 0x000001FF3CC75090>,0.7034446001052856,0.08226402848958969,0.3007947504520416,142765,33,2,False,Left,Front,Left,Centre,58
<_io.BytesIO object at 0x000001FF3CC75130>,0.7150605320930481,0.12485364079475403,0.28827300667762756,142765,33,2,False,Left,Front,Left,Centre,58
<_io.BytesIO object at 0x000001FF3CC75540>,0.7351832985877991,0.056589916348457336,0.28417450189590454,142765,33,2,False,Left,Front,Left,Centre,58
<_io.BytesIO object at 0x000001FF3CC757C0>,0.7446271777153015,0.0326763391494751,0.34001779556274414,142765,33,2,False,Left,Front,Left,Centre,58
<_io.BytesIO object at 0x000001FF3CC75900>,0.6696902513504028,0.13148780167102814,0.24587315320968628,142765,33,2,False,Left,Front,Left,Centre,58
<_io.BytesIO object at 0x000001FF3CCBA810>,0.6822273135185242,0.12146243453025818,0.2851005494594574,142765,33,2,False,Left,Front,Left,Centre,58
<_io.BytesIO object at 0x000001FF3CCBAE50>,0.606759786605835,0.08108396083116531,0.28336191177368164,142765,33,2,False,Left,Front,Left,Centre,58
<_io.BytesIO object at 0x000001FF3CCBA770>,0.7183863520622253,0.09653820842504501,0.28456777334213257,142765,33,2,False,Left,Front,Left,Centre,58
<_io.BytesIO object at 0x000001FF3CCBA2C0>,0.6949009299278259,0.052954547107219696,0.3097696006298065,142765,33,2,False,Left,Front,Left,Centre,58
<_io.BytesIO object at 0x000001FF3FACA450>,0.697841227054596,0.11165675520896912,0.3626469671726227,142766,33,2,False,Left,Front,Left,Centre,58
<_io.BytesIO object at 0x000001FF3CC5E9A0>,0.7034446001052856,0.08226402848958969,0.3007947504520416,142766,33,2,False,Left,Front,Left,Centre,58
<_io.BytesIO object at 0x000001FF3CC5ED10>,0.7150605320930481,0.12485364079475403,0.28827300667762756,142766,33,2,False,Left,Front,Left,Centre,58
<_io.BytesIO object at 0x000001FF3CC5E4F0>,0.7351832985877991,0.056589916348457336,0.28417450189590454,142766,33,2,False,Left,Front,Left,Centre,58
<_io.BytesIO object at 0x000001FF3CC5E090>,0.7446271777153015,0.0326763391494751,0.34001779556274414,142766,33,2,False,Left,Front,Left,Centre,58
<_io.BytesIO object at 0x000001FF3CC5E5E0>,0.6696902513504028,0.13148780167102814,0.24587315320968628,142766,33,2,False,Left,Front,Left,Centre,58
<_io.BytesIO object at 0x000001FF3CC5EE00>,0.6822273135185242,0.12146243453025818,0.2851005494594574,142766,33,2,False,Left,Front,Left,Centre,58
<_io.BytesIO object at 0x000001FF38015900>,0.606759786605835,0.08108396083116531,0.28336191177368164,142766,33,2,False,Left,Front,Left,Centre,58
<_io.BytesIO object at 0x000001FF380152C0>,0.7183863520622253,0.09653820842504501,0.28456777334213257,142766,33,2,False,Left,Front,Left,Centre,58
<_io.BytesIO object at 0x000001FF3CC06EF0>,0.6949009299278259,0.052954547107219696,0.3097696006298065,142766,33,2,False,Left,Front,Left,Centre,58
<_io.BytesIO object at 0x000001FF3CC6E4F0>,0.697841227054596,0.11165675520896912,0.3626469671726227,142767,33,2,False,Left,Front,Left,Centre,58
<_io.BytesIO object at 0x000001FF3CC6EE00>,0.7034446001052856,0.08226402848958969,0.3007947504520416,142767,33,2,False,Left,Front,Left,Centre,58
<_io.BytesIO object at 0x000001FF3CC6ED60>,0.7150605320930481,0.12485364079475403,0.28827300667762756,142767,33,2,False,Left,Front,Left,Centre,58
<_io.BytesIO object at 0x000001FF3CC6E540>,0.7351832985877991,0.056589916348457336,0.28417450189590454,142767,33,2,False,Left,Front,Left,Centre,58
<_io.BytesIO object at 0x000001FF3CC640E0>,0.7446271777153015,0.0326763391494751,0.34001779556274414,142767,33,2,False,Left,Front,Left,Centre,58
<_io.BytesIO object at 0x000001FF3CC64360>,0.6696902513504028,0.13148780167102814,0.24587315320968628,142767,33,2,False,Left,Front,Left,Centre,58
<_io.BytesIO object at 0x000001FF3CC64090>,0.6822273135185242,0.12146243453025818,0.2851005494594574,142767,33,2,False,Left,Front,Left,Centre,58
<_io.BytesIO object at 0x000001FF3CC64EA0>,0.606759786605835,0.08108396083116531,0.28336191177368164,142767,33,2,False,Left,Front,Left,Centre,58
<_io.BytesIO object at 0x000001FF3CC64AE0>,0.7183863520622253,0.09653820842504501,0.28456777334213257,142767,33,2,False,Left,Front,Left,Centre,58
<_io.BytesIO object at 0x000001FF3CC64630>,0.6949009299278259,0.052954547107219696,0.3097696006298065,142767,33,2,False,Left,Front,Left,Centre,58
<_io.BytesIO object at 0x000001FF3FC267C0>,0.697841227054596,0.11165675520896912,0.3626469671726227,142768,33,2,False,Left,Front,Left,Centre,58
<_io.BytesIO object at 0x000001FF3FA9C450>,0.7034446001052856,0.08226402848958969,0.3007947504520416,142768,33,2,False,Left,Front,Left,Centre,58
<_io.BytesIO object at 0x000001FF3FA9CB80>,0.7150605320930481,0.12485364079475403,0.28827300667762756,142768,33,2,False,Left,Front,Left,Centre,58
<_io.BytesIO object at 0x000001FF3FA9C9A0>,0.7351832985877991,0.056589916348457336,0.28417450189590454,142768,33,2,False,Left,Front,Left,Centre,58
<_io.BytesIO object at 0x000001FF3FA919A0>,0.7446271777153015,0.0326763391494751,0.34001779556274414,142768,33,2,False,Left,Front,Left,Centre,58
<_io.BytesIO object at 0x000001FF3FA91E50>,0.6696902513504028,0.13148780167102814,0.24587315320968628,142768,33,2,False,Left,Front,Left,Centre,58
<_io.BytesIO object at 0x000001FF3FA91A40>,0.6822273135185242,0.12146243453025818,0.2851005494594574,142768,33,2,False,Left,Front,Left,Centre,58
<_io.BytesIO object at 0x000001FF3FA91F90>,0.606759786605835,0.08108396083116531,0.28336191177368164,142768,33,2,False,Left,Front,Left,Centre,58
<_io.BytesIO object at 0x000001FF3FA91F40>,0.7183863520622253,0.09653820842504501,0.28456777334213257,142768,33,2,False,Left,Front,Left,Centre,58
<_io.BytesIO object at 0x000001FF3FA91CC0>,0.6949009299278259,0.052954547107219696,0.3097696006298065,142768,33,2,False,Left,Front,Left,Centre,58
<_io.BytesIO object at 0x000001FF3CC5AEF0>,0.697841227054596,0.11165675520896912,0.3626469671726227,142769,33,2,False,Left,Front,Left,Centre,58
<_io.BytesIO object at 0x000001FF3CCB15E0>,0.7034446001052856,0.08226402848958969,0.3007947504520416,142769,33,2,False,Left,Front,Left,Centre,58
<_io.BytesIO object at 0x000001FF3CCB1A90>,0.7150605320930481,0.12485364079475403,0.28827300667762756,142769,33,2,False,Left,Front,Left,Centre,58
<_io.BytesIO object at 0x000001FF3CCB10E0>,0.7351832985877991,0.056589916348457336,0.28417450189590454,142769,33,2,False,Left,Front,Left,Centre,58
<_io.BytesIO object at 0x000001FF3CC61B30>,0.7446271777153015,0.0326763391494751,0.34001779556274414,142769,33,2,False,Left,Front,Left,Centre,58
<_io.BytesIO object at 0x000001FF3CC61810>,0.6696902513504028,0.13148780167102814,0.24587315320968628,142769,33,2,False,Left,Front,Left,Centre,58
<_io.BytesIO object at 0x000001FF3CC61F90>,0.6822273135185242,0.12146243453025818,0.2851005494594574,142769,33,2,False,Left,Front,Left,Centre,58
<_io.BytesIO object at 0x000001FF3CC610E0>,0.606759786605835,0.08108396083116531,0.28336191177368164,142769,33,2,False,Left,Front,Left,Centre,58
<_io.BytesIO object at 0x000001FF3CC61220>,0.7183863520622253,0.09653820842504501,0.28456777334213257,142769,33,2,False,Left,Front,Left,Centre,58
<_io.BytesIO object at 0x000001FF3CC618B0>,0.6949009299278259,0.052954547107219696,0.3097696006298065,142769,33,2,False,Left,Front,Left,Centre,58
<_io.BytesIO object at 0x000001FF3CC73F90>,0.697841227054596,0.11165675520896912,0.3626469671726227,142770,33,2,False,Left,Front,Left,Centre,58
<_io.BytesIO object at 0x000001FF3CCAA360>,0.7034446001052856,0.08226402848958969,0.3007947504520416,142770,33,2,False,Left,Front,Left,Centre,58
<_io.BytesIO object at 0x000001FF3CCB3EF0>,0.7150605320930481,0.12485364079475403,0.28827300667762756,142770,33,2,False,Left,Front,Left,Centre,58
<_io.BytesIO object at 0x000001FF3CCB39A0>,0.7351832985877991,0.056589916348457336,0.28417450189590454,142770,33,2,False,Left,Front,Left,Centre,58
<_io.BytesIO object at 0x000001FF3CCAAEA0>,0.7446271777153015,0.0326763391494751,0.34001779556274414,142770,33,2,False,Left,Front,Left,Centre,58
<_io.BytesIO object at 0x000001FF3CCAA9F0>,0.6696902513504028,0.13148780167102814,0.24587315320968628,142770,33,2,False,Left,Front,Left,Centre,58
<_io.BytesIO object at 0x000001FF3CCAA180>,0.6822273135185242,0.12146243453025818,0.2851005494594574,142770,33,2,False,Left,Front,Left,Centre,58
<_io.BytesIO object at 0x000001FF3CCAA8B0>,0.606759786605835,0.08108396083116531,0.28336191177368164,142770,33,2,False,Left,Front,Left,Centre,58
<_io.BytesIO object at 0x000001FF3FA71A90>,0.7183863520622253,0.09653820842504501,0.28456777334213257,142770,33,2,False,Left,Front,Left,Centre,58
<_io.BytesIO object at 0x000001FF3CC61400>,0.6949009299278259,0.052954547107219696,0.3097696006298065,142770,33,2,False,Left,Front,Left,Centre,58
<_io.BytesIO object at 0x000001FF3CCB1630>,0.697841227054596,0.11165675520896912,0.3626469671726227,142771,33,2,False,Left,Front,Left,Centre,58
<_io.BytesIO object at 0x000001FF3CCB1E00>,0.7034446001052856,0.08226402848958969,0.3007947504520416,142771,33,2,False,Left,Front,Left,Centre,58
<_io.BytesIO object at 0x000001FF3CC5A0E0>,0.7150605320930481,0.12485364079475403,0.28827300667762756,142771,33,2,False,Left,Front,Left,Centre,58
<_io.BytesIO object at 0x000001FF3CC5A630>,0.7351832985877991,0.056589916348457336,0.28417450189590454,142771,33,2,False,Left,Front,Left,Centre,58
<_io.BytesIO object at 0x000001FF3CC5AA40>,0.7446271777153015,0.0326763391494751,0.34001779556274414,142771,33,2,False,Left,Front,Left,Centre,58
<_io.BytesIO object at 0x000001FF3CC5AF90>,0.6696902513504028,0.13148780167102814,0.24587315320968628,142771,33,2,False,Left,Front,Left,Centre,58
<_io.BytesIO object at 0x000001FF3CC5AAE0>,0.6822273135185242,0.12146243453025818,0.2851005494594574,142771,33,2,False,Left,Front,Left,Centre,58
<_io.BytesIO object at 0x000001FF3CC5A9F0>,0.606759786605835,0.08108396083116531,0.28336191177368164,142771,33,2,False,Left,Front,Left,Centre,58
<_io.BytesIO object at 0x000001FF3FA91450>,0.7183863520622253,0.09653820842504501,0.28456777334213257,142771,33,2,False,Left,Front,Left,Centre,58
<_io.BytesIO object at 0x000001FF3FA91770>,0.6949009299278259,0.052954547107219696,0.3097696006298065,142771,33,2,False,Left,Front,Left,Centre,58
<_io.BytesIO object at 0x000001FF3FA9C360>,0.697841227054596,0.11165675520896912,0.3626469671726227,142772,33,2,False,Left,Front,Left,Centre,58
<_io.BytesIO object at 0x000001FF3FA9C680>,0.7034446001052856,0.08226402848958969,0.3007947504520416,142772,33,2,False,Left,Front,Left,Centre,58
<_io.BytesIO object at 0x000001FF3FC26860>,0.7150605320930481,0.12485364079475403,0.28827300667762756,142772,33,2,False,Left,Front,Left,Centre,58
<_io.BytesIO object at 0x000001FF3FC26DB0>,0.7351832985877991,0.056589916348457336,0.28417450189590454,142772,33,2,False,Left,Front,Left,Centre,58
<_io.BytesIO object at 0x000001FF3FC26540>,0.7446271777153015,0.0326763391494751,0.34001779556274414,142772,33,2,False,Left,Front,Left,Centre,58
<_io.BytesIO object at 0x000001FF3FC265E0>,0.6696902513504028,0.13148780167102814,0.24587315320968628,142772,33,2,False,Left,Front,Left,Centre,58
<_io.BytesIO object at 0x000001FF3FC26CC0>,0.6822273135185242,0.12146243453025818,0.2851005494594574,142772,33,2,False,Left,Front,Left,Centre,58
<_io.BytesIO object at 0x000001FF3FC26270>,0.606759786605835,0.08108396083116531,0.28336191177368164,142772,33,2,False,Left,Front,Left,Centre,58
<_io.BytesIO object at 0x000001FF3CC64270>,0.7183863520622253,0.09653820842504501,0.28456777334213257,142772,33,2,False,Left,Front,Left,Centre,58
<_io.BytesIO object at 0x000001FF3CC64D10>,0.6949009299278259,0.052954547107219696,0.3097696006298065,142772,33,2,False,Left,Front,Left,Centre,58
<_io.BytesIO object at 0x000001FF3CC6EF90>,0.697841227054596,0.11165675520896912,0.3626469671726227,142773,33,2,False,Left,Front,Left,Centre,58
<_io.BytesIO object at 0x000001FF3CC6EBD0>,0.7034446001052856,0.08226402848958969,0.3007947504520416,142773,33,2,False,Left,Front,Left,Centre,58
<_io.BytesIO object at 0x000001FF3CC6E3B0>,0.7150605320930481,0.12485364079475403,0.28827300667762756,142773,33,2,False,Left,Front,Left,Centre,58
<_io.BytesIO object at 0x000001FF3CC06D10>,0.7351832985877991,0.056589916348457336,0.28417450189590454,142773,33,2,False,Left,Front,Left,Centre,58
<_io.BytesIO object at 0x000001FF3CC065E0>,0.7446271777153015,0.0326763391494751,0.34001779556274414,142773,33,2,False,Left,Front,Left,Centre,58
<_io.BytesIO object at 0x000001FF3CC06090>,0.6696902513504028,0.13148780167102814,0.24587315320968628,142773,33,2,False,Left,Front,Left,Centre,58
<_io.BytesIO object at 0x000001FF3CC061D0>,0.6822273135185242,0.12146243453025818,0.2851005494594574,142773,33,2,False,Left,Front,Left,Centre,58
<_io.BytesIO object at 0x000001FF3CC06AE0>,0.606759786605835,0.08108396083116531,0.28336191177368164,142773,33,2,False,Left,Front,Left,Centre,58
<_io.BytesIO object at 0x000001FF3CC06E00>,0.7183863520622253,0.09653820842504501,0.28456777334213257,142773,33,2,False,Left,Front,Left,Centre,58
<_io.BytesIO object at 0x000001FF3CC06540>,0.6949009299278259,0.052954547107219696,0.3097696006298065,142773,33,2,False,Left,Front,Left,Centre,58
<_io.BytesIO object at 0x000001FF3CC5EF40>,0.697841227054596,0.11165675520896912,0.3626469671726227,142774,33,2,False,Left,Front,Left,Centre,58
<_io.BytesIO object at 0x000001FF3FACA950>,0.7034446001052856,0.08226402848958969,0.3007947504520416,142774,33,2,False,Left,Front,Left,Centre,58
<_io.BytesIO object at 0x000001FF3FACACC0>,0.7150605320930481,0.12485364079475403,0.28827300667762756,142774,33,2,False,Left,Front,Left,Centre,58
<_io.BytesIO object at 0x000001FF3FACAE50>,0.7351832985877991,0.056589916348457336,0.28417450189590454,142774,33,2,False,Left,Front,Left,Centre,58
<_io.BytesIO object at 0x000001FF3FACAA90>,0.7446271777153015,0.0326763391494751,0.34001779556274414,142774,33,2,False,Left,Front,Left,Centre,58
<_io.BytesIO object at 0x000001FF3FACA0E0>,0.6696902513504028,0.13148780167102814,0.24587315320968628,142774,33,2,False,Left,Front,Left,Centre,58
<_io.BytesIO object at 0x000001FF3FACA5E0>,0.6822273135185242,0.12146243453025818,0.2851005494594574,142774,33,2,False,Left,Front,Left,Centre,58
<_io.BytesIO object at 0x000001FF3CCBAC70>,0.606759786605835,0.08108396083116531,0.28336191177368164,142774,33,2,False,Left,Front,Left,Centre,58
<_io.BytesIO object at 0x000001FF3CCBA220>,0.7183863520622253,0.09653820842504501,0.28456777334213257,142774,33,2,False,Left,Front,Left,Centre,58
<_io.BytesIO object at 0x000001FF3CCBAD10>,0.6949009299278259,0.052954547107219696,0.3097696006298065,142774,33,2,False,Left,Front,Left,Centre,58
<_io.BytesIO object at 0x000001FF3CC75E00>,0.697841227054596,0.11165675520896912,0.3626469671726227,142775,33,2,False,Left,Front,Left,Centre,58
<_io.BytesIO object at 0x000001FF3CC75630>,0.7034446001052856,0.08226402848958969,0.3007947504520416,142775,33,2,False,Left,Front,Left,Centre,58
<_io.BytesIO object at 0x000001FF3CC73950>,0.7150605320930481,0.12485364079475403,0.28827300667762756,142775,33,2,False,Left,Front,Left,Centre,58
<_io.BytesIO object at 0x000001FF3CC73BD0>,0.7351832985877991,0.056589916348457336,0.28417450189590454,142775,33,2,False,Left,Front,Left,Centre,58
<_io.BytesIO object at 0x000001FF3CC73090>,0.7446271777153015,0.0326763391494751,0.34001779556274414,142775,33,2,False,Left,Front,Left,Centre,58
<_io.BytesIO object at 0x000001FF3CC731D0>,0.6696902513504028,0.13148780167102814,0.24587315320968628,142775,33,2,False,Left,Front,Left,Centre,58
<_io.BytesIO object at 0x000001FF3CC732C0>,0.6822273135185242,0.12146243453025818,0.2851005494594574,142775,33,2,False,Left,Front,Left,Centre,58
<_io.BytesIO object at 0x000001FF3CC73A40>,0.606759786605835,0.08108396083116531,0.28336191177368164,142775,33,2,False,Left,Front,Left,Centre,58
<_io.BytesIO object at 0x000001FF3CCB33B0>,0.7183863520622253,0.09653820842504501,0.28456777334213257,142775,33,2,False,Left,Front,Left,Centre,58
<_io.BytesIO object at 0x000001FF3CCB3900>,0.6949009299278259,0.052954547107219696,0.3097696006298065,142775,33,2,False,Left,Front,Left,Centre,58
<_io.BytesIO object at 0x000001FF3CC75680>,0.697841227054596,0.11165675520896912,0.3626469671726227,142776,33,2,False,Left,Front,Left,Centre,58
<_io.BytesIO object at 0x000001FF3CC752C0>,0.7034446001052856,0.08226402848958969,0.3007947504520416,142776,33,2,False,Left,Front,Left,Centre,58
<_io.BytesIO object at 0x000001FF3CCBAF40>,0.7150605320930481,0.12485364079475403,0.28827300667762756,142776,33,2,False,Left,Front,Left,Centre,58
<_io.BytesIO object at 0x000001FF3CCBA770>,0.7351832985877991,0.056589916348457336,0.28417450189590454,142776,33,2,False,Left,Front,Left,Centre,58
<_io.BytesIO object at 0x000001FF3CCBAAE0>,0.7446271777153015,0.0326763391494751,0.34001779556274414,142776,33,2,False,Left,Front,Left,Centre,58
<_io.BytesIO object at 0x000001FF3CCBA680>,0.6696902513504028,0.13148780167102814,0.24587315320968628,142776,33,2,False,Left,Front,Left,Centre,58
<_io.BytesIO object at 0x000001FF3CCBAD60>,0.6822273135185242,0.12146243453025818,0.2851005494594574,142776,33,2,False,Left,Front,Left,Centre,58
<_io.BytesIO object at 0x000001FF3CCBA590>,0.606759786605835,0.08108396083116531,0.28336191177368164,142776,33,2,False,Left,Front,Left,Centre,58
<_io.BytesIO object at 0x000001FF3FACAC70>,0.7183863520622253,0.09653820842504501,0.28456777334213257,142776,33,2,False,Left,Front,Left,Centre,58
<_io.BytesIO object at 0x000001FF3FACABD0>,0.6949009299278259,0.052954547107219696,0.3097696006298065,142776,33,2,False,Left,Front,Left,Centre,58
<_io.BytesIO object at 0x000001FF3CC5E1D0>,0.697841227054596,0.11165675520896912,0.3626469671726227,142777,33,2,False,Left,Front,Left,Centre,58
<_io.BytesIO object at 0x000001FF3CC5EBD0>,0.7034446001052856,0.08226402848958969,0.3007947504520416,142777,33,2,False,Left,Front,Left,Centre,58
<_io.BytesIO object at 0x000001FF3CC5ECC0>,0.7150605320930481,0.12485364079475403,0.28827300667762756,142777,33,2,False,Left,Front,Left,Centre,58
<_io.BytesIO object at 0x000001FF38015400>,0.7351832985877991,0.056589916348457336,0.28417450189590454,142777,33,2,False,Left,Front,Left,Centre,58
<_io.BytesIO object at 0x000001FF38015180>,0.7446271777153015,0.0326763391494751,0.34001779556274414,142777,33,2,False,Left,Front,Left,Centre,58
<_io.BytesIO object at 0x000001FF3CC06DB0>,0.6696902513504028,0.13148780167102814,0.24587315320968628,142777,33,2,False,Left,Front,Left,Centre,58
<_io.BytesIO object at 0x000001FF3CC06CC0>,0.6822273135185242,0.12146243453025818,0.2851005494594574,142777,33,2,False,Left,Front,Left,Centre,58
<_io.BytesIO object at 0x000001FF3CC06A90>,0.606759786605835,0.08108396083116531,0.28336191177368164,142777,33,2,False,Left,Front,Left,Centre,58
<_io.BytesIO object at 0x000001FF3CC06590>,0.7183863520622253,0.09653820842504501,0.28456777334213257,142777,33,2,False,Left,Front,Left,Centre,58
<_io.BytesIO object at 0x000001FF3CC06040>,0.6949009299278259,0.052954547107219696,0.3097696006298065,142777,33,2,False,Left,Front,Left,Centre,58
<_io.BytesIO object at 0x000001FF3CC6EAE0>,0.697841227054596,0.11165675520896912,0.3626469671726227,142778,33,2,False,Left,Front,Left,Centre,58
<_io.BytesIO object at 0x000001FF3FC26180>,0.7034446001052856,0.08226402848958969,0.3007947504520416,142778,33,2,False,Left,Front,Left,Centre,58
<_io.BytesIO object at 0x000001FF3FC26400>,0.7150605320930481,0.12485364079475403,0.28827300667762756,142778,33,2,False,Left,Front,Left,Centre,58
<_io.BytesIO object at 0x000001FF3FC265E0>,0.7351832985877991,0.056589916348457336,0.28417450189590454,142778,33,2,False,Left,Front,Left,Centre,58
<_io.BytesIO object at 0x000001FF3FC26A90>,0.7446271777153015,0.0326763391494751,0.34001779556274414,142778,33,2,False,Left,Front,Left,Centre,58
<_io.BytesIO object at 0x000001FF3FC26D10>,0.6696902513504028,0.13148780167102814,0.24587315320968628,142778,33,2,False,Left,Front,Left,Centre,58
<_io.BytesIO object at 0x000001FF3FC26810>,0.6822273135185242,0.12146243453025818,0.2851005494594574,142778,33,2,False,Left,Front,Left,Centre,58
<_io.BytesIO object at 0x000001FF3FC26900>,0.606759786605835,0.08108396083116531,0.28336191177368164,142778,33,2,False,Left,Front,Left,Centre,58
<_io.BytesIO object at 0x000001FF3FA9CEF0>,0.7183863520622253,0.09653820842504501,0.28456777334213257,142778,33,2,False,Left,Front,Left,Centre,58
<_io.BytesIO object at 0x000001FF3FA9CC20>,0.6949009299278259,0.052954547107219696,0.3097696006298065,142778,33,2,False,Left,Front,Left,Centre,58
<_io.BytesIO object at 0x000001FF3FA91040>,0.697841227054596,0.11165675520896912,0.3626469671726227,142779,33,2,False,Left,Front,Left,Centre,58
<_io.BytesIO object at 0x000001FF3FA919F0>,0.7034446001052856,0.08226402848958969,0.3007947504520416,142779,33,2,False,Left,Front,Left,Centre,58
<_io.BytesIO object at 0x000001FF3CC5ACC0>,0.7150605320930481,0.12485364079475403,0.28827300667762756,142779,33,2,False,Left,Front,Left,Centre,58
<_io.BytesIO object at 0x000001FF3CC5A540>,0.7351832985877991,0.056589916348457336,0.28417450189590454,142779,33,2,False,Left,Front,Left,Centre,58
<_io.BytesIO object at 0x000001FF3CC5AF90>,0.7446271777153015,0.0326763391494751,0.34001779556274414,142779,33,2,False,Left,Front,Left,Centre,58
<_io.BytesIO object at 0x000001FF3CC5A8B0>,0.6696902513504028,0.13148780167102814,0.24587315320968628,142779,33,2,False,Left,Front,Left,Centre,58
<_io.BytesIO object at 0x000001FF3CC5A9A0>,0.6822273135185242,0.12146243453025818,0.2851005494594574,142779,33,2,False,Left,Front,Left,Centre,58
<_io.BytesIO object at 0x000001FF3CC5ABD0>,0.606759786605835,0.08108396083116531,0.28336191177368164,142779,33,2,False,Left,Front,Left,Centre,58
<_io.BytesIO object at 0x000001FF3CC5A590>,0.7183863520622253,0.09653820842504501,0.28456777334213257,142779,33,2,False,Left,Front,Left,Centre,58
<_io.BytesIO object at 0x000001FF3CCB1360>,0.6949009299278259,0.052954547107219696,0.3097696006298065,142779,33,2,False,Left,Front,Left,Centre,58
<_io.BytesIO object at 0x000001FF3CC648B0>,0.697841227054596,0.11165675520896912,0.3626469671726227,142780,33,2,False,Left,Front,Left,Centre,58
<_io.BytesIO object at 0x000001FF3CC64810>,0.7034446001052856,0.08226402848958969,0.3007947504520416,142780,33,2,False,Left,Front,Left,Centre,58
<_io.BytesIO object at 0x000001FF3CC61AE0>,0.7150605320930481,0.12485364079475403,0.28827300667762756,142780,33,2,False,Left,Front,Left,Centre,58
<_io.BytesIO object at 0x000001FF3CC61DB0>,0.7351832985877991,0.056589916348457336,0.28417450189590454,142780,33,2,False,Left,Front,Left,Centre,58
<_io.BytesIO object at 0x000001FF3CC616D0>,0.7446271777153015,0.0326763391494751,0.34001779556274414,142780,33,2,False,Left,Front,Left,Centre,58
<_io.BytesIO object at 0x000001FF3CC61C20>,0.6696902513504028,0.13148780167102814,0.24587315320968628,142780,33,2,False,Left,Front,Left,Centre,58
<_io.BytesIO object at 0x000001FF3CC61220>,0.6822273135185242,0.12146243453025818,0.2851005494594574,142780,33,2,False,Left,Front,Left,Centre,58
<_io.BytesIO object at 0x000001FF3CC614F0>,0.606759786605835,0.08108396083116531,0.28336191177368164,142780,33,2,False,Left,Front,Left,Centre,58
<_io.BytesIO object at 0x000001FF3CC61F40>,0.7183863520622253,0.09653820842504501,0.28456777334213257,142780,33,2,False,Left,Front,Left,Centre,58
<_io.BytesIO object at 0x000001FF3CC61400>,0.6949009299278259,0.052954547107219696,0.3097696006298065,142780,33,2,False,Left,Front,Left,Centre,58
<_io.BytesIO object at 0x000001FF3CC615E0>,0.697841227054596,0.11165675520896912,0.3626469671726227,142781,33,2,False,Left,Front,Left,Centre,58
<_io.BytesIO object at 0x000001FF3CC64450>,0.7034446001052856,0.08226402848958969,0.3007947504520416,142781,33,2,False,Left,Front,Left,Centre,58
<_io.BytesIO object at 0x000001FF3CC64630>,0.7150605320930481,0.12485364079475403,0.28827300667762756,142781,33,2,False,Left,Front,Left,Centre,58
<_io.BytesIO object at 0x000001FF3CC64F90>,0.7351832985877991,0.056589916348457336,0.28417450189590454,142781,33,2,False,Left,Front,Left,Centre,58
<_io.BytesIO object at 0x000001FF3CC64BD0>,0.7446271777153015,0.0326763391494751,0.34001779556274414,142781,33,2,False,Left,Front,Left,Centre,58
<_io.BytesIO object at 0x000001FF3CC64130>,0.6696902513504028,0.13148780167102814,0.24587315320968628,142781,33,2,False,Left,Front,Left,Centre,58
<_io.BytesIO object at 0x000001FF3CC64950>,0.6822273135185242,0.12146243453025818,0.2851005494594574,142781,33,2,False,Left,Front,Left,Centre,58
<_io.BytesIO object at 0x000001FF3CCB1450>,0.606759786605835,0.08108396083116531,0.28336191177368164,142781,33,2,False,Left,Front,Left,Centre,58
<_io.BytesIO object at 0x000001FF3CCB10E0>,0.7183863520622253,0.09653820842504501,0.28456777334213257,142781,33,2,False,Left,Front,Left,Centre,58
<_io.BytesIO object at 0x000001FF3CCB1720>,0.6949009299278259,0.052954547107219696,0.3097696006298065,142781,33,2,False,Left,Front,Left,Centre,58
<_io.BytesIO object at 0x000001FF3CC5A220>,0.697841227054596,0.11165675520896912,0.3626469671726227,142782,33,2,False,Left,Front,Left,Centre,58
<_io.BytesIO object at 0x000001FF3CC5A7C0>,0.7034446001052856,0.08226402848958969,0.3007947504520416,142782,33,2,False,Left,Front,Left,Centre,58
<_io.BytesIO object at 0x000001FF3FA912C0>,0.7150605320930481,0.12485364079475403,0.28827300667762756,142782,33,2,False,Left,Front,Left,Centre,58
<_io.BytesIO object at 0x000001FF3FA91130>,0.7351832985877991,0.056589916348457336,0.28417450189590454,142782,33,2,False,Left,Front,Left,Centre,58
<_io.BytesIO object at 0x000001FF3FA91590>,0.7446271777153015,0.0326763391494751,0.34001779556274414,142782,33,2,False,Left,Front,Left,Centre,58
<_io.BytesIO object at 0x000001FF3FA91540>,0.6696902513504028,0.13148780167102814,0.24587315320968628,142782,33,2,False,Left,Front,Left,Centre,58
<_io.BytesIO object at 0x000001FF3FA91310>,0.6822273135185242,0.12146243453025818,0.2851005494594574,142782,33,2,False,Left,Front,Left,Centre,58
<_io.BytesIO object at 0x000001FF3FA91720>,0.606759786605835,0.08108396083116531,0.28336191177368164,142782,33,2,False,Left,Front,Left,Centre,58
<_io.BytesIO object at 0x000001FF3FA9C8B0>,0.7183863520622253,0.09653820842504501,0.28456777334213257,142782,33,2,False,Left,Front,Left,Centre,58
<_io.BytesIO object at 0x000001FF3FA9C9A0>,0.6949009299278259,0.052954547107219696,0.3097696006298065,142782,33,2,False,Left,Front,Left,Centre,58
<_io.BytesIO object at 0x000001FF3FC26AE0>,0.697841227054596,0.11165675520896912,0.3626469671726227,142783,33,2,False,Left,Front,Left,Centre,58
<_io.BytesIO object at 0x000001FF3CC6EAE0>,0.7034446001052856,0.08226402848958969,0.3007947504520416,142783,33,2,False,Left,Front,Left,Centre,58
<_io.BytesIO object at 0x000001FF3CC6EE00>,0.7150605320930481,0.12485364079475403,0.28827300667762756,142783,33,2,False,Left,Front,Left,Centre,58
<_io.BytesIO object at 0x000001FF3CC6E810>,0.7351832985877991,0.056589916348457336,0.28417450189590454,142783,33,2,False,Left,Front,Left,Centre,58
<_io.BytesIO object at 0x000001FF3CC6ECC0>,0.7446271777153015,0.0326763391494751,0.34001779556274414,142783,33,2,False,Left,Front,Left,Centre,58
<_io.BytesIO object at 0x000001FF3CC6EC70>,0.6696902513504028,0.13148780167102814,0.24587315320968628,142783,33,2,False,Left,Front,Left,Centre,58
<_io.BytesIO object at 0x000001FF3CC6EB80>,0.6822273135185242,0.12146243453025818,0.2851005494594574,142783,33,2,False,Left,Front,Left,Centre,58
<_io.BytesIO object at 0x000001FF3CC6E2C0>,0.606759786605835,0.08108396083116531,0.28336191177368164,142783,33,2,False,Left,Front,Left,Centre,58
<_io.BytesIO object at 0x000001FF3CC06130>,0.7183863520622253,0.09653820842504501,0.28456777334213257,142783,33,2,False,Left,Front,Left,Centre,58
<_io.BytesIO object at 0x000001FF3CC06270>,0.6949009299278259,0.052954547107219696,0.3097696006298065,142783,33,2,False,Left,Front,Left,Centre,58
<_io.BytesIO object at 0x000001FF3CC5E270>,0.697841227054596,0.11165675520896912,0.3626469671726227,142784,33,2,False,Left,Front,Left,Centre,58
<_io.BytesIO object at 0x000001FF3CC5E130>,0.7034446001052856,0.08226402848958969,0.3007947504520416,142784,33,2,False,Left,Front,Left,Centre,58
<_io.BytesIO object at 0x000001FF3FACAD10>,0.7150605320930481,0.12485364079475403,0.28827300667762756,142784,33,2,False,Left,Front,Left,Centre,58
<_io.BytesIO object at 0x000001FF3FACA540>,0.7351832985877991,0.056589916348457336,0.28417450189590454,142784,33,2,False,Left,Front,Left,Centre,58
<_io.BytesIO object at 0x000001FF3FACA130>,0.7446271777153015,0.0326763391494751,0.34001779556274414,142784,33,2,False,Left,Front,Left,Centre,58
<_io.BytesIO object at 0x000001FF3FACA360>,0.6696902513504028,0.13148780167102814,0.24587315320968628,142784,33,2,False,Left,Front,Left,Centre,58
<_io.BytesIO object at 0x000001FF3FACAE00>,0.6822273135185242,0.12146243453025818,0.2851005494594574,142784,33,2,False,Left,Front,Left,Centre,58
<_io.BytesIO object at 0x000001FF3FACA860>,0.606759786605835,0.08108396083116531,0.28336191177368164,142784,33,2,False,Left,Front,Left,Centre,58
<_io.BytesIO object at 0x000001FF3FACA220>,0.7183863520622253,0.09653820842504501,0.28456777334213257,142784,33,2,False,Left,Front,Left,Centre,58
<_io.BytesIO object at 0x000001FF3FACA900>,0.6949009299278259,0.052954547107219696,0.3097696006298065,142784,33,2,False,Left,Front,Left,Centre,58
<_io.BytesIO object at 0x000001FF3CC75C70>,0.697841227054596,0.11165675520896912,0.3626469671726227,142785,33,2,False,Left,Front,Left,Centre,58
<_io.BytesIO object at 0x000001FF3CC75400>,0.7034446001052856,0.08226402848958969,0.3007947504520416,142785,33,2,False,Left,Front,Left,Centre,58
<_io.BytesIO object at 0x000001FF3CC754F0>,0.7150605320930481,0.12485364079475403,0.28827300667762756,142785,33,2,False,Left,Front,Left,Centre,58
<_io.BytesIO object at 0x000001FF3CC73F90>,0.7351832985877991,0.056589916348457336,0.28417450189590454,142785,33,2,False,Left,Front,Left,Centre,58
<_io.BytesIO object at 0x000001FF3CC736D0>,0.7446271777153015,0.0326763391494751,0.34001779556274414,142785,33,2,False,Left,Front,Left,Centre,58
<_io.BytesIO object at 0x000001FF3CC73270>,0.6696902513504028,0.13148780167102814,0.24587315320968628,142785,33,2,False,Left,Front,Left,Centre,58
<_io.BytesIO object at 0x000001FF3CC73450>,0.6822273135185242,0.12146243453025818,0.2851005494594574,142785,33,2,False,Left,Front,Left,Centre,58
<_io.BytesIO object at 0x000001FF3CC73040>,0.606759786605835,0.08108396083116531,0.28336191177368164,142785,33,2,False,Left,Front,Left,Centre,58
<_io.BytesIO object at 0x000001FF3CC734F0>,0.7183863520622253,0.09653820842504501,0.28456777334213257,142785,33,2,False,Left,Front,Left,Centre,58
<_io.BytesIO object at 0x000001FF3CC73AE0>,0.6949009299278259,0.052954547107219696,0.3097696006298065,142785,33,2,False,Left,Front,Left,Centre,58
<_io.BytesIO object at 0x000001FF3CCBA450>,0.697841227054596,0.11165675520896912,0.3626469671726227,142786,33,2,False,Left,Front,Left,Centre,58
<_io.BytesIO object at 0x000001FF3FACA6D0>,0.7034446001052856,0.08226402848958969,0.3007947504520416,142786,33,2,False,Left,Front,Left,Centre,58
<_io.BytesIO object at 0x000001FF3FACAE00>,0.7150605320930481,0.12485364079475403,0.28827300667762756,142786,33,2,False,Left,Front,Left,Centre,58
<_io.BytesIO object at 0x000001FF3FACA630>,0.7351832985877991,0.056589916348457336,0.28417450189590454,142786,33,2,False,Left,Front,Left,Centre,58
<_io.BytesIO object at 0x000001FF3FACA590>,0.7446271777153015,0.0326763391494751,0.34001779556274414,142786,33,2,False,Left,Front,Left,Centre,58
<_io.BytesIO object at 0x000001FF3FACADB0>,0.6696902513504028,0.13148780167102814,0.24587315320968628,142786,33,2,False,Left,Front,Left,Centre,58
<_io.BytesIO object at 0x000001FF38015810>,0.6822273135185242,0.12146243453025818,0.2851005494594574,142786,33,2,False,Left,Front,Left,Centre,58
<_io.BytesIO object at 0x000001FF380156D0>,0.606759786605835,0.08108396083116531,0.28336191177368164,142786,33,2,False,Left,Front,Left,Centre,58
<_io.BytesIO object at 0x000001FF3CC06DB0>,0.7183863520622253,0.09653820842504501,0.28456777334213257,142786,33,2,False,Left,Front,Left,Centre,58
<_io.BytesIO object at 0x000001FF3CC06D60>,0.6949009299278259,0.052954547107219696,0.3097696006298065,142786,33,2,False,Left,Front,Left,Centre,58
<_io.BytesIO object at 0x000001FF3CC6EE50>,0.697841227054596,0.11165675520896912,0.3626469671726227,142787,33,2,False,Left,Front,Left,Centre,58
<_io.BytesIO object at 0x000001FF3CC6EB30>,0.7034446001052856,0.08226402848958969,0.3007947504520416,142787,33,2,False,Left,Front,Left,Centre,58
<_io.BytesIO object at 0x000001FF3FA9CD10>,0.7150605320930481,0.12485364079475403,0.28827300667762756,142787,33,2,False,Left,Front,Left,Centre,58
<_io.BytesIO object at 0x000001FF3FA9C2C0>,0.7351832985877991,0.056589916348457336,0.28417450189590454,142787,33,2,False,Left,Front,Left,Centre,58
<_io.BytesIO object at 0x000001FF3FA9C040>,0.7446271777153015,0.0326763391494751,0.34001779556274414,142787,33,2,False,Left,Front,Left,Centre,58
<_io.BytesIO object at 0x000001FF3FA9C9A0>,0.6696902513504028,0.13148780167102814,0.24587315320968628,142787,33,2,False,Left,Front,Left,Centre,58
<_io.BytesIO object at 0x000001FF3FA9C770>,0.6822273135185242,0.12146243453025818,0.2851005494594574,142787,33,2,False,Left,Front,Left,Centre,58
<_io.BytesIO object at 0x000001FF3FA915E0>,0.606759786605835,0.08108396083116531,0.28336191177368164,142787,33,2,False,Left,Front,Left,Centre,58
<_io.BytesIO object at 0x000001FF3FA91860>,0.7183863520622253,0.09653820842504501,0.28456777334213257,142787,33,2,False,Left,Front,Left,Centre,58
<_io.BytesIO object at 0x000001FF3FA91AE0>,0.6949009299278259,0.052954547107219696,0.3097696006298065,142787,33,2,False,Left,Front,Left,Centre,58
<_io.BytesIO object at 0x000001FF3CCB1450>,0.697841227054596,0.11165675520896912,0.3626469671726227,142788,33,2,False,Left,Front,Left,Centre,58
<_io.BytesIO object at 0x000001FF3CC64090>,0.7034446001052856,0.08226402848958969,0.3007947504520416,142788,33,2,False,Left,Front,Left,Centre,58
<_io.BytesIO object at 0x000001FF3CC644F0>,0.7150605320930481,0.12485364079475403,0.28827300667762756,142788,33,2,False,Left,Front,Left,Centre,58
<_io.BytesIO object at 0x000001FF3CC64AE0>,0.7351832985877991,0.056589916348457336,0.28417450189590454,142788,33,2,False,Left,Front,Left,Centre,58
<_io.BytesIO object at 0x000001FF3CC641D0>,0.7446271777153015,0.0326763391494751,0.34001779556274414,142788,33,2,False,Left,Front,Left,Centre,58
<_io.BytesIO object at 0x000001FF3CC64860>,0.6696902513504028,0.13148780167102814,0.24587315320968628,142788,33,2,False,Left,Front,Left,Centre,58
<_io.BytesIO object at 0x000001FF3CC5E180>,0.6822273135185242,0.12146243453025818,0.2851005494594574,142788,33,2,False,Left,Front,Left,Centre,58
<_io.BytesIO object at 0x000001FF3CC5E130>,0.606759786605835,0.08108396083116531,0.28336191177368164,142788,33,2,False,Left,Front,Left,Centre,58
<_io.BytesIO object at 0x000001FF3CC5E4A0>,0.7183863520622253,0.09653820842504501,0.28456777334213257,142788,33,2,False,Left,Front,Left,Centre,58
<_io.BytesIO object at 0x000001FF3CC5ED60>,0.6949009299278259,0.052954547107219696,0.3097696006298065,142788,33,2,False,Left,Front,Left,Centre,58
<_io.BytesIO object at 0x000001FF3CC759A0>,0.697841227054596,0.11165675520896912,0.3626469671726227,142789,33,2,False,Left,Front,Left,Centre,58
<_io.BytesIO object at 0x000001FF3FC26C20>,0.7034446001052856,0.08226402848958969,0.3007947504520416,142789,33,2,False,Left,Front,Left,Centre,58
<_io.BytesIO object at 0x000001FF3FC26770>,0.7150605320930481,0.12485364079475403,0.28827300667762756,142789,33,2,False,Left,Front,Left,Centre,58
<_io.BytesIO object at 0x000001FF3FC26950>,0.7351832985877991,0.056589916348457336,0.28417450189590454,142789,33,2,False,Left,Front,Left,Centre,58
<_io.BytesIO object at 0x000001FF3FC26DB0>,0.7446271777153015,0.0326763391494751,0.34001779556274414,142789,33,2,False,Left,Front,Left,Centre,58
<_io.BytesIO object at 0x000001FF3FC26F40>,0.6696902513504028,0.13148780167102814,0.24587315320968628,142789,33,2,False,Left,Front,Left,Centre,58
<_io.BytesIO object at 0x000001FF3FC26450>,0.6822273135185242,0.12146243453025818,0.2851005494594574,142789,33,2,False,Left,Front,Left,Centre,58
<_io.BytesIO object at 0x000001FF3FC26680>,0.606759786605835,0.08108396083116531,0.28336191177368164,142789,33,2,False,Left,Front,Left,Centre,58
<_io.BytesIO object at 0x000001FF3CC73AE0>,0.7183863520622253,0.09653820842504501,0.28456777334213257,142789,33,2,False,Left,Front,Left,Centre,58
<_io.BytesIO object at 0x000001FF3CC73A40>,0.6949009299278259,0.052954547107219696,0.3097696006298065,142789,33,2,False,Left,Front,Left,Centre,58
<_io.BytesIO object at 0x000001FF3CC5A900>,0.697841227054596,0.11165675520896912,0.3626469671726227,142790,33,2,False,Left,Front,Left,Centre,58
<_io.BytesIO object at 0x000001FF3CC5AF90>,0.7034446001052856,0.08226402848958969,0.3007947504520416,142790,33,2,False,Left,Front,Left,Centre,58
<_io.BytesIO object at 0x000001FF3CC5A090>,0.7150605320930481,0.12485364079475403,0.28827300667762756,142790,33,2,False,Left,Front,Left,Centre,58
<_io.BytesIO object at 0x000001FF3CC5AB80>,0.7351832985877991,0.056589916348457336,0.28417450189590454,142790,33,2,False,Left,Front,Left,Centre,58
<_io.BytesIO object at 0x000001FF3CC613B0>,0.7446271777153015,0.0326763391494751,0.34001779556274414,142790,33,2,False,Left,Front,Left,Centre,58
<_io.BytesIO object at 0x000001FF3CC61E00>,0.6696902513504028,0.13148780167102814,0.24587315320968628,142790,33,2,False,Left,Front,Left,Centre,58
<_io.BytesIO object at 0x000001FF3CC61630>,0.6822273135185242,0.12146243453025818,0.2851005494594574,142790,33,2,False,Left,Front,Left,Centre,58
<_io.BytesIO object at 0x000001FF3CC5A1D0>,0.606759786605835,0.08108396083116531,0.28336191177368164,142790,33,2,False,Left,Front,Left,Centre,58
<_io.BytesIO object at 0x000001FF3CC5ABD0>,0.7183863520622253,0.09653820842504501,0.28456777334213257,142790,33,2,False,Left,Front,Left,Centre,58
<_io.BytesIO object at 0x000001FF3CC5A680>,0.6949009299278259,0.052954547107219696,0.3097696006298065,142790,33,2,False,Left,Front,Left,Centre,58
<_io.BytesIO object at 0x000001FF3FC26EA0>,0.697841227054596,0.11165675520896912,0.3626469671726227,142791,33,2,False,Left,Front,Left,Centre,58
<_io.BytesIO object at 0x000001FF3FC26CC0>,0.7034446001052856,0.08226402848958969,0.3007947504520416,142791,33,2,False,Left,Front,Left,Centre,58
<_io.BytesIO object at 0x000001FF3FA71C20>,0.7150605320930481,0.12485364079475403,0.28827300667762756,142791,33,2,False,Left,Front,Left,Centre,58
<_io.BytesIO object at 0x000001FF3FA71BD0>,0.7351832985877991,0.056589916348457336,0.28417450189590454,142791,33,2,False,Left,Front,Left,Centre,58
<_io.BytesIO object at 0x000001FF3CC75950>,0.7446271777153015,0.0326763391494751,0.34001779556274414,142791,33,2,False,Left,Front,Left,Centre,58
<_io.BytesIO object at 0x000001FF3CC75590>,0.6696902513504028,0.13148780167102814,0.24587315320968628,142791,33,2,False,Left,Front,Left,Centre,58
<_io.BytesIO object at 0x000001FF3CC75EA0>,0.6822273135185242,0.12146243453025818,0.2851005494594574,142791,33,2,False,Left,Front,Left,Centre,58
<_io.BytesIO object at 0x000001FF3CC75F40>,0.606759786605835,0.08108396083116531,0.28336191177368164,142791,33,2,False,Left,Front,Left,Centre,58
<_io.BytesIO object at 0x000001FF3CC75B80>,0.7183863520622253,0.09653820842504501,0.28456777334213257,142791,33,2,False,Left,Front,Left,Centre,58
<_io.BytesIO object at 0x000001FF3CC75540>,0.6949009299278259,0.052954547107219696,0.3097696006298065,142791,33,2,False,Left,Front,Left,Centre,58
<_io.BytesIO object at 0x000001FF3CC64450>,0.697841227054596,0.11165675520896912,0.3626469671726227,142792,33,2,False,Left,Front,Left,Centre,58
<_io.BytesIO object at 0x000001FF3CC64BD0>,0.7034446001052856,0.08226402848958969,0.3007947504520416,142792,33,2,False,Left,Front,Left,Centre,58
<_io.BytesIO object at 0x000001FF3CC64310>,0.7150605320930481,0.12485364079475403,0.28827300667762756,142792,33,2,False,Left,Front,Left,Centre,58
<_io.BytesIO object at 0x000001FF3CCB1E50>,0.7351832985877991,0.056589916348457336,0.28417450189590454,142792,33,2,False,Left,Front,Left,Centre,58
<_io.BytesIO object at 0x000001FF3CCB14A0>,0.7446271777153015,0.0326763391494751,0.34001779556274414,142792,33,2,False,Left,Front,Left,Centre,58
<_io.BytesIO object at 0x000001FF3CCB1DB0>,0.6696902513504028,0.13148780167102814,0.24587315320968628,142792,33,2,False,Left,Front,Left,Centre,58
<_io.BytesIO object at 0x000001FF3CCB1860>,0.6822273135185242,0.12146243453025818,0.2851005494594574,142792,33,2,False,Left,Front,Left,Centre,58
<_io.BytesIO object at 0x000001FF3CCB1D10>,0.606759786605835,0.08108396083116531,0.28336191177368164,142792,33,2,False,Left,Front,Left,Centre,58
<_io.BytesIO object at 0x000001FF3CCB13B0>,0.7183863520622253,0.09653820842504501,0.28456777334213257,142792,33,2,False,Left,Front,Left,Centre,58
<_io.BytesIO object at 0x000001FF3CCB1AE0>,0.6949009299278259,0.052954547107219696,0.3097696006298065,142792,33,2,False,Left,Front,Left,Centre,58
<_io.BytesIO object at 0x000001FF3FA9C590>,0.697841227054596,0.11165675520896912,0.3626469671726227,142793,33,2,False,Left,Front,Left,Centre,58
<_io.BytesIO object at 0x000001FF3FA9CEF0>,0.7034446001052856,0.08226402848958969,0.3007947504520416,142793,33,2,False,Left,Front,Left,Centre,58
<_io.BytesIO object at 0x000001FF3CC6E630>,0.7150605320930481,0.12485364079475403,0.28827300667762756,142793,33,2,False,Left,Front,Left,Centre,58
<_io.BytesIO object at 0x000001FF3CC6EE00>,0.7351832985877991,0.056589916348457336,0.28417450189590454,142793,33,2,False,Left,Front,Left,Centre,58
<_io.BytesIO object at 0x000001FF3CC6E810>,0.7446271777153015,0.0326763391494751,0.34001779556274414,142793,33,2,False,Left,Front,Left,Centre,58
<_io.BytesIO object at 0x000001FF3CC6E5E0>,0.6696902513504028,0.13148780167102814,0.24587315320968628,142793,33,2,False,Left,Front,Left,Centre,58
<_io.BytesIO object at 0x000001FF3CC6E130>,0.6822273135185242,0.12146243453025818,0.2851005494594574,142793,33,2,False,Left,Front,Left,Centre,58
<_io.BytesIO object at 0x000001FF3CC6E180>,0.606759786605835,0.08108396083116531,0.28336191177368164,142793,33,2,False,Left,Front,Left,Centre,58
<_io.BytesIO object at 0x000001FF3CC6ED60>,0.7183863520622253,0.09653820842504501,0.28456777334213257,142793,33,2,False,Left,Front,Left,Centre,58
<_io.BytesIO object at 0x000001FF3CC73130>,0.6949009299278259,0.052954547107219696,0.3097696006298065,142793,33,2,False,Left,Front,Left,Centre,58
<_io.BytesIO object at 0x000001FF3CC066D0>,0.697841227054596,0.11165675520896912,0.3626469671726227,142794,33,2,False,Left,Front,Left,Centre,58
<_io.BytesIO object at 0x000001FF3CC06F40>,0.7034446001052856,0.08226402848958969,0.3007947504520416,142794,33,2,False,Left,Front,Left,Centre,58
<_io.BytesIO object at 0x000001FF3FACA270>,0.7150605320930481,0.12485364079475403,0.28827300667762756,142794,33,2,False,Left,Front,Left,Centre,58
<_io.BytesIO object at 0x000001FF3FACA220>,0.7351832985877991,0.056589916348457336,0.28417450189590454,142794,33,2,False,Left,Front,Left,Centre,58
<_io.BytesIO object at 0x000001FF3FACA540>,0.7446271777153015,0.0326763391494751,0.34001779556274414,142794,33,2,False,Left,Front,Left,Centre,58
<_io.BytesIO object at 0x000001FF3FACA630>,0.6696902513504028,0.13148780167102814,0.24587315320968628,142794,33,2,False,Left,Front,Left,Centre,58
<_io.BytesIO object at 0x000001FF3FACAE50>,0.6822273135185242,0.12146243453025818,0.2851005494594574,142794,33,2,False,Left,Front,Left,Centre,58
<_io.BytesIO object at 0x000001FF3FACA0E0>,0.606759786605835,0.08108396083116531,0.28336191177368164,142794,33,2,False,Left,Front,Left,Centre,58
<_io.BytesIO object at 0x000001FF3FACABD0>,0.7183863520622253,0.09653820842504501,0.28456777334213257,142794,33,2,False,Left,Front,Left,Centre,58
<_io.BytesIO object at 0x000001FF3FACAB80>,0.6949009299278259,0.052954547107219696,0.3097696006298065,142794,33,2,False,Left,Front,Left,Centre,58
<_io.BytesIO object at 0x000001FF3CCBA9F0>,0.697841227054596,0.11165675520896912,0.3626469671726227,142795,33,2,False,Left,Front,Left,Centre,58
<_io.BytesIO object at 0x000001FF3CCBAC70>,0.7034446001052856,0.08226402848958969,0.3007947504520416,142795,33,2,False,Left,Front,Left,Centre,58
<_io.BytesIO object at 0x000001FF3CCBADB0>,0.7150605320930481,0.12485364079475403,0.28827300667762756,142795,33,2,False,Left,Front,Left,Centre,58
<_io.BytesIO object at 0x000001FF380150E0>,0.7351832985877991,0.056589916348457336,0.28417450189590454,142795,33,2,False,Left,Front,Left,Centre,58
<_io.BytesIO object at 0x000001FF38015590>,0.7446271777153015,0.0326763391494751,0.34001779556274414,142795,33,2,False,Left,Front,Left,Centre,58
<_io.BytesIO object at 0x000001FF3CC06F90>,0.6696902513504028,0.13148780167102814,0.24587315320968628,142795,33,2,False,Left,Front,Left,Centre,58
<_io.BytesIO object at 0x000001FF3CC06C20>,0.6822273135185242,0.12146243453025818,0.2851005494594574,142795,33,2,False,Left,Front,Left,Centre,58
<_io.BytesIO object at 0x000001FF3CC067C0>,0.606759786605835,0.08108396083116531,0.28336191177368164,142795,33,2,False,Left,Front,Left,Centre,58
<_io.BytesIO object at 0x000001FF3CC06E00>,0.7183863520622253,0.09653820842504501,0.28456777334213257,142795,33,2,False,Left,Front,Left,Centre,58
<_io.BytesIO object at 0x000001FF3CC06590>,0.6949009299278259,0.052954547107219696,0.3097696006298065,142795,33,2,False,Left,Front,Left,Centre,58
<_io.BytesIO object at 0x000001FF3CC6E090>,0.697841227054596,0.11165675520896912,0.3626469671726227,142796,33,2,False,Left,Front,Left,Centre,58
<_io.BytesIO object at 0x000001FF3CC6E400>,0.7034446001052856,0.08226402848958969,0.3007947504520416,142796,33,2,False,Left,Front,Left,Centre,58
<_io.BytesIO object at 0x000001FF3CC6E950>,0.7150605320930481,0.12485364079475403,0.28827300667762756,142796,33,2,False,Left,Front,Left,Centre,58
<_io.BytesIO object at 0x000001FF3FA9CEF0>,0.7351832985877991,0.056589916348457336,0.28417450189590454,142796,33,2,False,Left,Front,Left,Centre,58
<_io.BytesIO object at 0x000001FF3FA9C180>,0.7446271777153015,0.0326763391494751,0.34001779556274414,142796,33,2,False,Left,Front,Left,Centre,58
<_io.BytesIO object at 0x000001FF3FA9CC70>,0.6696902513504028,0.13148780167102814,0.24587315320968628,142796,33,2,False,Left,Front,Left,Centre,58
<_io.BytesIO object at 0x000001FF3FA9C2C0>,0.6822273135185242,0.12146243453025818,0.2851005494594574,142796,33,2,False,Left,Front,Left,Centre,58
<_io.BytesIO object at 0x000001FF3FA9C040>,0.606759786605835,0.08108396083116531,0.28336191177368164,142796,33,2,False,Left,Front,Left,Centre,58
<_io.BytesIO object at 0x000001FF3FA9C630>,0.7183863520622253,0.09653820842504501,0.28456777334213257,142796,33,2,False,Left,Front,Left,Centre,58
<_io.BytesIO object at 0x000001FF3FA9C090>,0.6949009299278259,0.052954547107219696,0.3097696006298065,142796,33,2,False,Left,Front,Left,Centre,58
<_io.BytesIO object at 0x000001FF3CCB1C70>,0.697841227054596,0.11165675520896912,0.3626469671726227,142797,33,2,False,Left,Front,Left,Centre,58
<_io.BytesIO object at 0x000001FF3CCB1BD0>,0.7034446001052856,0.08226402848958969,0.3007947504520416,142797,33,2,False,Left,Front,Left,Centre,58
<_io.BytesIO object at 0x000001FF3CC64EF0>,0.7150605320930481,0.12485364079475403,0.28827300667762756,142797,33,2,False,Left,Front,Left,Centre,58
<_io.BytesIO object at 0x000001FF3CC64450>,0.7351832985877991,0.056589916348457336,0.28417450189590454,142797,33,2,False,Left,Front,Left,Centre,58
<_io.BytesIO object at 0x000001FF3CC64360>,0.7446271777153015,0.0326763391494751,0.34001779556274414,142797,33,2,False,Left,Front,Left,Centre,58
<_io.BytesIO object at 0x000001FF3CC64AE0>,0.6696902513504028,0.13148780167102814,0.24587315320968628,142797,33,2,False,Left,Front,Left,Centre,58
<_io.BytesIO object at 0x000001FF3CC641D0>,0.6822273135185242,0.12146243453025818,0.2851005494594574,142797,33,2,False,Left,Front,Left,Centre,58
<_io.BytesIO object at 0x000001FF3CC64D10>,0.606759786605835,0.08108396083116531,0.28336191177368164,142797,33,2,False,Left,Front,Left,Centre,58
<_io.BytesIO object at 0x000001FF3CC640E0>,0.7183863520622253,0.09653820842504501,0.28456777334213257,142797,33,2,False,Left,Front,Left,Centre,58
<_io.BytesIO object at 0x000001FF3CC5E180>,0.6949009299278259,0.052954547107219696,0.3097696006298065,142797,33,2,False,Left,Front,Left,Centre,58
<_io.BytesIO object at 0x000001FF3CC754F0>,0.697841227054596,0.11165675520896912,0.3626469671726227,142798,33,2,False,Left,Front,Left,Centre,58
<_io.BytesIO object at 0x000001FF3CC754A0>,0.7034446001052856,0.08226402848958969,0.3007947504520416,142798,33,2,False,Left,Front,Left,Centre,58
<_io.BytesIO object at 0x000001FF3FC26E50>,0.7150605320930481,0.12485364079475403,0.28827300667762756,142798,33,2,False,Left,Front,Left,Centre,58
<_io.BytesIO object at 0x000001FF3FC26EA0>,0.7351832985877991,0.056589916348457336,0.28417450189590454,142798,33,2,False,Left,Front,Left,Centre,58
<_io.BytesIO object at 0x000001FF3FC26180>,0.7446271777153015,0.0326763391494751,0.34001779556274414,142798,33,2,False,Left,Front,Left,Centre,58
<_io.BytesIO object at 0x000001FF3FC269F0>,0.6696902513504028,0.13148780167102814,0.24587315320968628,142798,33,2,False,Left,Front,Left,Centre,58
<_io.BytesIO object at 0x000001FF3FC26DB0>,0.6822273135185242,0.12146243453025818,0.2851005494594574,142798,33,2,False,Left,Front,Left,Centre,58
<_io.BytesIO object at 0x000001FF3FC26F40>,0.606759786605835,0.08108396083116531,0.28336191177368164,142798,33,2,False,Left,Front,Left,Centre,58
<_io.BytesIO object at 0x000001FF3FC267C0>,0.7183863520622253,0.09653820842504501,0.28456777334213257,142798,33,2,False,Left,Front,Left,Centre,58
<_io.BytesIO object at 0x000001FF3FC26630>,0.6949009299278259,0.052954547107219696,0.3097696006298065,142798,33,2,False,Left,Front,Left,Centre,58
<_io.BytesIO object at 0x000001FF3CCAAE00>,0.697841227054596,0.11165675520896912,0.3626469671726227,142799,33,2,False,Left,Front,Left,Centre,58
<_io.BytesIO object at 0x000001FF3CC5A630>,0.7034446001052856,0.08226402848958969,0.3007947504520416,142799,33,2,False,Left,Front,Left,Centre,58
<_io.BytesIO object at 0x000001FF3CC5A3B0>,0.7150605320930481,0.12485364079475403,0.28827300667762756,142799,33,2,False,Left,Front,Left,Centre,58
<_io.BytesIO object at 0x000001FF3CC5ACC0>,0.7351832985877991,0.056589916348457336,0.28417450189590454,142799,33,2,False,Left,Front,Left,Centre,58
<_io.BytesIO object at 0x000001FF3CC5A6D0>,0.7446271777153015,0.0326763391494751,0.34001779556274414,142799,33,2,False,Left,Front,Left,Centre,58
<_io.BytesIO object at 0x000001FF3CC5AB30>,0.6696902513504028,0.13148780167102814,0.24587315320968628,142799,33,2,False,Left,Front,Left,Centre,58
<_io.BytesIO object at 0x000001FF3CC5A1D0>,0.6822273135185242,0.12146243453025818,0.2851005494594574,142799,33,2,False,Left,Front,Left,Centre,58
<_io.BytesIO object at 0x000001FF3CC61E00>,0.606759786605835,0.08108396083116531,0.28336191177368164,142799,33,2,False,Left,Front,Left,Centre,58
<_io.BytesIO object at 0x000001FF3CC615E0>,0.7183863520622253,0.09653820842504501,0.28456777334213257,142799,33,2,False,Left,Front,Left,Centre,58
<_io.BytesIO object at 0x000001FF3CC61720>,0.6949009299278259,0.052954547107219696,0.3097696006298065,142799,33,2,False,Left,Front,Left,Centre,58
<_io.BytesIO object at 0x000001FF3FC264A0>,0.697841227054596,0.11165675520896912,0.3626469671726227,142800,33,2,False,Left,Front,Left,Centre,58
<_io.BytesIO object at 0x000001FF3FC26D10>,0.7034446001052856,0.08226402848958969,0.3007947504520416,142800,33,2,False,Left,Front,Left,Centre,58
<_io.BytesIO object at 0x000001FF3FC26EA0>,0.7150605320930481,0.12485364079475403,0.28827300667762756,142800,33,2,False,Left,Front,Left,Centre,58
<_io.BytesIO object at 0x000001FF3FC26CC0>,0.7351832985877991,0.056589916348457336,0.28417450189590454,142800,33,2,False,Left,Front,Left,Centre,58
<_io.BytesIO object at 0x000001FF3FA71D60>,0.7446271777153015,0.0326763391494751,0.34001779556274414,142800,33,2,False,Left,Front,Left,Centre,58
<_io.BytesIO object at 0x000001FF3CC75B80>,0.6696902513504028,0.13148780167102814,0.24587315320968628,142800,33,2,False,Left,Front,Left,Centre,58
<_io.BytesIO object at 0x000001FF3CC757C0>,0.6822273135185242,0.12146243453025818,0.2851005494594574,142800,33,2,False,Left,Front,Left,Centre,58
<_io.BytesIO object at 0x000001FF3CC759F0>,0.606759786605835,0.08108396083116531,0.28336191177368164,142800,33,2,False,Left,Front,Left,Centre,58
<_io.BytesIO object at 0x000001FF3CC75040>,0.7183863520622253,0.09653820842504501,0.28456777334213257,142800,33,2,False,Left,Front,Left,Centre,58
<_io.BytesIO object at 0x000001FF3CC758B0>,0.6949009299278259,0.052954547107219696,0.3097696006298065,142800,33,2,False,Left,Front,Left,Centre,58
<_io.BytesIO object at 0x000001FF3CC64B80>,0.697841227054596,0.11165675520896912,0.3626469671726227,142801,33,2,False,Left,Front,Left,Centre,58
<_io.BytesIO object at 0x000001FF3CC64AE0>,0.7034446001052856,0.08226402848958969,0.3007947504520416,142801,33,2,False,Left,Front,Left,Centre,58
<_io.BytesIO object at 0x000001FF3CC64E50>,0.7150605320930481,0.12485364079475403,0.28827300667762756,142801,33,2,False,Left,Front,Left,Centre,58
<_io.BytesIO object at 0x000001FF3CC647C0>,0.7351832985877991,0.056589916348457336,0.28417450189590454,142801,33,2,False,Left,Front,Left,Centre,58
<_io.BytesIO object at 0x000001FF3CCB1BD0>,0.7446271777153015,0.0326763391494751,0.34001779556274414,142801,33,2,False,Left,Front,Left,Centre,58
<_io.BytesIO object at 0x000001FF3CCB1810>,0.6696902513504028,0.13148780167102814,0.24587315320968628,142801,33,2,False,Left,Front,Left,Centre,58
<_io.BytesIO object at 0x000001FF3CCB1A40>,0.6822273135185242,0.12146243453025818,0.2851005494594574,142801,33,2,False,Left,Front,Left,Centre,58
<_io.BytesIO object at 0x000001FF3CCB1860>,0.606759786605835,0.08108396083116531,0.28336191177368164,142801,33,2,False,Left,Front,Left,Centre,58
<_io.BytesIO object at 0x000001FF3CCB1D10>,0.7183863520622253,0.09653820842504501,0.28456777334213257,142801,33,2,False,Left,Front,Left,Centre,58
<_io.BytesIO object at 0x000001FF3CCB1630>,0.6949009299278259,0.052954547107219696,0.3097696006298065,142801,33,2,False,Left,Front,Left,Centre,58
<_io.BytesIO object at 0x000001FF3FA9C220>,0.697841227054596,0.11165675520896912,0.3626469671726227,142802,33,2,False,Left,Front,Left,Centre,58
<_io.BytesIO object at 0x000001FF3FA9CBD0>,0.7034446001052856,0.08226402848958969,0.3007947504520416,142802,33,2,False,Left,Front,Left,Centre,58
<_io.BytesIO object at 0x000001FF3CC6E4F0>,0.7150605320930481,0.12485364079475403,0.28827300667762756,142802,33,2,False,Left,Front,Left,Centre,58
<_io.BytesIO object at 0x000001FF3CC6EA90>,0.7351832985877991,0.056589916348457336,0.28417450189590454,142802,33,2,False,Left,Front,Left,Centre,58
<_io.BytesIO object at 0x000001FF3CC6EDB0>,0.7446271777153015,0.0326763391494751,0.34001779556274414,142802,33,2,False,Left,Front,Left,Centre,58
<_io.BytesIO object at 0x000001FF3CC6E310>,0.6696902513504028,0.13148780167102814,0.24587315320968628,142802,33,2,False,Left,Front,Left,Centre,58
<_io.BytesIO object at 0x000001FF3CC6E3B0>,0.6822273135185242,0.12146243453025818,0.2851005494594574,142802,33,2,False,Left,Front,Left,Centre,58
<_io.BytesIO object at 0x000001FF3CC6EF40>,0.606759786605835,0.08108396083116531,0.28336191177368164,142802,33,2,False,Left,Front,Left,Centre,58
<_io.BytesIO object at 0x000001FF3CC6E6D0>,0.7183863520622253,0.09653820842504501,0.28456777334213257,142802,33,2,False,Left,Front,Left,Centre,58
<_io.BytesIO object at 0x000001FF3CC73D60>,0.6949009299278259,0.052954547107219696,0.3097696006298065,142802,33,2,False,Left,Front,Left,Centre,58
<_io.BytesIO object at 0x000001FF3FACAB30>,0.697841227054596,0.11165675520896912,0.3626469671726227,142803,33,2,False,Left,Front,Left,Centre,58
<_io.BytesIO object at 0x000001FF3CC06540>,0.7034446001052856,0.08226402848958969,0.3007947504520416,142803,33,2,False,Left,Front,Left,Centre,58
<_io.BytesIO object at 0x000001FF3CC06130>,0.7150605320930481,0.12485364079475403,0.28827300667762756,142803,33,2,False,Left,Front,Left,Centre,58
<_io.BytesIO object at 0x000001FF3CC06590>,0.7351832985877991,0.056589916348457336,0.28417450189590454,142803,33,2,False,Left,Front,Left,Centre,58
<_io.BytesIO object at 0x000001FF3CC06040>,0.7446271777153015,0.0326763391494751,0.34001779556274414,142803,33,2,False,Left,Front,Left,Centre,58
<_io.BytesIO object at 0x000001FF3CC06D10>,0.6696902513504028,0.13148780167102814,0.24587315320968628,142803,33,2,False,Left,Front,Left,Centre,58
<_io.BytesIO object at 0x000001FF3CC06C70>,0.6822273135185242,0.12146243453025818,0.2851005494594574,142803,33,2,False,Left,Front,Left,Centre,58
<_io.BytesIO object at 0x000001FF3CC06A40>,0.606759786605835,0.08108396083116531,0.28336191177368164,142803,33,2,False,Left,Front,Left,Centre,58
<_io.BytesIO object at 0x000001FF38015090>,0.7183863520622253,0.09653820842504501,0.28456777334213257,142803,33,2,False,Left,Front,Left,Centre,58
<_io.BytesIO object at 0x000001FF38015400>,0.6949009299278259,0.052954547107219696,0.3097696006298065,142803,33,2,False,Left,Front,Left,Centre,58
<_io.BytesIO object at 0x000001FF3CC068B0>,0.697841227054596,0.11165675520896912,0.3626469671726227,142804,33,2,False,Left,Front,Left,Centre,58
<_io.BytesIO object at 0x000001FF3CC06950>,0.7034446001052856,0.08226402848958969,0.3007947504520416,142804,33,2,False,Left,Front,Left,Centre,58
<_io.BytesIO object at 0x000001FF3FACA9A0>,0.7150605320930481,0.12485364079475403,0.28827300667762756,142804,33,2,False,Left,Front,Left,Centre,58
<_io.BytesIO object at 0x000001FF3FACABD0>,0.7351832985877991,0.056589916348457336,0.28417450189590454,142804,33,2,False,Left,Front,Left,Centre,58
<_io.BytesIO object at 0x000001FF3FACA860>,0.7446271777153015,0.0326763391494751,0.34001779556274414,142804,33,2,False,Left,Front,Left,Centre,58
<_io.BytesIO object at 0x000001FF3FACA6D0>,0.6696902513504028,0.13148780167102814,0.24587315320968628,142804,33,2,False,Left,Front,Left,Centre,58
<_io.BytesIO object at 0x000001FF3FACACC0>,0.6822273135185242,0.12146243453025818,0.2851005494594574,142804,33,2,False,Left,Front,Left,Centre,58
<_io.BytesIO object at 0x000001FF3FACA220>,0.606759786605835,0.08108396083116531,0.28336191177368164,142804,33,2,False,Left,Front,Left,Centre,58
<_io.BytesIO object at 0x000001FF3FACAF40>,0.7183863520622253,0.09653820842504501,0.28456777334213257,142804,33,2,False,Left,Front,Left,Centre,58
<_io.BytesIO object at 0x000001FF3CC737C0>,0.6949009299278259,0.052954547107219696,0.3097696006298065,142804,33,2,False,Left,Front,Left,Centre,58
<_io.BytesIO object at 0x000001FF3CC6E630>,0.697841227054596,0.11165675520896912,0.3626469671726227,142805,33,2,False,Left,Front,Left,Centre,58
<_io.BytesIO object at 0x000001FF3FA9C9A0>,0.7034446001052856,0.08226402848958969,0.3007947504520416,142805,33,2,False,Left,Front,Left,Centre,58
<_io.BytesIO object at 0x000001FF3FA9CC70>,0.7150605320930481,0.12485364079475403,0.28827300667762756,142805,33,2,False,Left,Front,Left,Centre,58
<_io.BytesIO object at 0x000001FF3FA9C2C0>,0.7351832985877991,0.056589916348457336,0.28417450189590454,142805,33,2,False,Left,Front,Left,Centre,58
<_io.BytesIO object at 0x000001FF3FA9CAE0>,0.7446271777153015,0.0326763391494751,0.34001779556274414,142805,33,2,False,Left,Front,Left,Centre,58
<_io.BytesIO object at 0x000001FF3FA9C310>,0.713782787322998,0.18936270475387573,0.03161470219492912,142805,33,2,False,Left,Front,Left,Centre,58
<_io.BytesIO object at 0x000001FF3FA9CB30>,0.7512877583503723,0.1672021895647049,0.04200892150402069,142805,33,2,False,Left,Front,Left,Centre,58
<_io.BytesIO object at 0x000001FF3FA913B0>,0.7598716616630554,0.2329862117767334,0.08320506662130356,142805,33,2,False,Left,Front,Left,Centre,58
<_io.BytesIO object at 0x000001FF3FA91720>,0.7417113184928894,0.128193661570549,0.0538509339094162,142805,33,2,False,Left,Front,Left,Centre,58
<_io.BytesIO object at 0x000001FF3FA91B30>,0.7538898587226868,0.1414038985967636,0.11177656054496765,142805,33,2,False,Left,Front,Left,Centre,58
<_io.BytesIO object at 0x000001FF3CCB15E0>,0.697841227054596,0.11165675520896912,0.3626469671726227,142806,33,2,False,Left,Front,Left,Centre,58
<_io.BytesIO object at 0x000001FF3CCB10E0>,0.7034446001052856,0.08226402848958969,0.3007947504520416,142806,33,2,False,Left,Front,Left,Centre,58
<_io.BytesIO object at 0x000001FF3CC64EF0>,0.7150605320930481,0.12485364079475403,0.28827300667762756,142806,33,2,False,Left,Front,Left,Centre,58
<_io.BytesIO object at 0x000001FF3CC64D60>,0.7351832985877991,0.056589916348457336,0.28417450189590454,142806,33,2,False,Left,Front,Left,Centre,58
<_io.BytesIO object at 0x000001FF3CC64F90>,0.7446271777153015,0.0326763391494751,0.34001779556274414,142806,33,2,False,Left,Front,Left,Centre,58
<_io.BytesIO object at 0x000001FF3CC64A40>,0.7123171091079712,0.186892569065094,0.02462797984480858,142806,33,2,False,Left,Front,Left,Centre,58
<_io.BytesIO object at 0x000001FF3CC64CC0>,0.7503559589385986,0.1654820293188095,0.03537459671497345,142806,33,2,False,Left,Front,Left,Centre,58
<_io.BytesIO object at 0x000001FF3CC64310>,0.7568156123161316,0.23060321807861328,0.07716088742017746,142806,33,2,False,Left,Front,Left,Centre,58
<_io.BytesIO object at 0x000001FF3CC5ED10>,0.7402644753456116,0.12568694353103638,0.046701833605766296,142806,33,2,False,Left,Front,Left,Centre,58
<_io.BytesIO object at 0x000001FF3CC5EDB0>,0.7517059445381165,0.1387598216533661,0.10490065813064575,142806,33,2,False,Left,Front,Left,Centre,58
<_io.BytesIO object at 0x000001FF3CC75540>,0.697841227054596,0.11165675520896912,0.3626469671726227,142807,33,2,False,Left,Front,Left,Centre,58
<_io.BytesIO object at 0x000001FF3CC756D0>,0.7034446001052856,0.08226402848958969,0.3007947504520416,142807,33,2,False,Left,Front,Left,Centre,58
<_io.BytesIO object at 0x000001FF3FA71C70>,0.7150605320930481,0.12485364079475403,0.28827300667762756,142807,33,2,False,Left,Front,Left,Centre,58
<_io.BytesIO object at 0x000001FF3FA71F90>,0.7351832985877991,0.056589916348457336,0.28417450189590454,142807,33,2,False,Left,Front,Left,Centre,58
<_io.BytesIO object at 0x000001FF3CCAA130>,0.7446271777153015,0.0326763391494751,0.34001779556274414,142807,33,2,False,Left,Front,Left,Centre,58
<_io.BytesIO object at 0x000001FF3CCAA3B0>,0.7104223966598511,0.18406975269317627,0.01750120334327221,142807,33,2,False,Left,Front,Left,Centre,58
<_io.BytesIO object at 0x000001FF3CCAA360>,0.7482818961143494,0.16289649903774261,0.0287798922508955,142807,33,2,False,Left,Front,Left,Centre,58
<_io.BytesIO object at 0x000001FF3CCAAB30>,0.7532537579536438,0.22816595435142517,0.0712936669588089,142807,33,2,False,Left,Front,Left,Centre,58
<_io.BytesIO object at 0x000001FF3CCAABD0>,0.7388814687728882,0.1232919842004776,0.039527375251054764,142807,33,2,False,Left,Front,Left,Centre,58
<_io.BytesIO object at 0x000001FF3FC26450>,0.749328076839447,0.1360287219285965,0.0981191098690033,142807,33,2,False,Left,Front,Left,Centre,58
<_io.BytesIO object at 0x000001FF3CC5A9A0>,0.697841227054596,0.11165675520896912,0.3626469671726227,142808,33,2,False,Left,Front,Left,Centre,58
<_io.BytesIO object at 0x000001FF3CC5A040>,0.7034446001052856,0.08226402848958969,0.3007947504520416,142808,33,2,False,Left,Front,Left,Centre,58
<_io.BytesIO object at 0x000001FF3CC5A540>,0.7150605320930481,0.12485364079475403,0.28827300667762756,142808,33,2,False,Left,Front,Left,Centre,58
<_io.BytesIO object at 0x000001FF3CC5AA90>,0.7351832985877991,0.056589916348457336,0.28417450189590454,142808,33,2,False,Left,Front,Left,Centre,58
<_io.BytesIO object at 0x000001FF3CCBA310>,0.7446271777153015,0.0326763391494751,0.34001779556274414,142808,33,2,False,Left,Front,Left,Centre,58
<_io.BytesIO object at 0x000001FF3CCBA8B0>,0.7084406018257141,0.18114882707595825,0.010489645414054394,142808,33,2,False,Left,Front,Left,Centre,58
<_io.BytesIO object at 0x000001FF3CCBA400>,0.7461708784103394,0.16040365397930145,0.02213016338646412,142808,33,2,False,Left,Front,Left,Centre,58
<_io.BytesIO object at 0x000001FF3CCBAB80>,0.7493171095848083,0.22565041482448578,0.06526430696249008,142808,33,2,False,Left,Front,Left,Centre,58
<_io.BytesIO object at 0x000001FF3CCBA130>,0.7376624941825867,0.12062353640794754,0.03248555585741997,142808,33,2,False,Left,Front,Left,Centre,58
<_io.BytesIO object at 0x000001FF3CCBA770>,0.7469170689582825,0.13316883146762848,0.09135393053293228,142808,33,2,False,Left,Front,Left,Centre,58
<_io.BytesIO object at 0x000001FF3CC61BD0>,0.697841227054596,0.11165675520896912,0.3626469671726227,142809,33,2,False,Left,Front,Left,Centre,58
<_io.BytesIO object at 0x000001FF3CC619A0>,0.7034446001052856,0.08226402848958969,0.3007947504520416,142809,33,2,False,Left,Front,Left,Centre,58
<_io.BytesIO object at 0x000001FF3CC610E0>,0.7150605320930481,0.12485364079475403,0.28827300667762756,142809,33,2,False,Left,Front,Left,Centre,58
<_io.BytesIO object at 0x000001FF3CC61360>,0.7351832985877991,0.056589916348457336,0.28417450189590454,142809,33,2,False,Left,Front,Left,Centre,58
<_io.BytesIO object at 0x000001FF3CC61310>,0.7446271777153015,0.0326763391494751,0.34001779556274414,142809,33,2,False,Left,Front,Left,Centre,58
<_io.BytesIO object at 0x000001FF3CC61900>,0.7062020897865295,0.17781342566013336,0.0036242210771888494,142809,33,2,False,Left,Front,Left,Centre,58
<_io.BytesIO object at 0x000001FF3CCBA720>,0.7442904710769653,0.1578681915998459,0.01570935919880867,142809,33,2,False,Left,Front,Left,Centre,58
<_io.BytesIO object at 0x000001FF3CCBA040>,0.7450233101844788,0.22303341329097748,0.05911577492952347,142809,33,2,False,Left,Front,Left,Centre,58
<_io.BytesIO object at 0x000001FF3CCBA9F0>,0.7366657853126526,0.11785954982042313,0.025458071380853653,142809,33,2,False,Left,Front,Left,Centre,58
<_io.BytesIO object at 0x000001FF3CCBA6D0>,0.7445030808448792,0.1302333027124405,0.08460155874490738,142809,33,2,False,Left,Front,Left,Centre,58
<_io.BytesIO object at 0x000001FF3CC5A3B0>,0.697841227054596,0.11165675520896912,0.3626469671726227,142810,33,2,False,Left,Front,Left,Centre,58
<_io.BytesIO object at 0x000001FF3FC26540>,0.7034446001052856,0.08226402848958969,0.3007947504520416,142810,33,2,False,Left,Front,Left,Centre,58
<_io.BytesIO object at 0x000001FF3FC26360>,0.7150605320930481,0.12485364079475403,0.28827300667762756,142810,33,2,False,Left,Front,Left,Centre,58
<_io.BytesIO object at 0x000001FF3FC26270>,0.7351832985877991,0.056589916348457336,0.28417450189590454,142810,33,2,False,Left,Front,Left,Centre,58
<_io.BytesIO object at 0x000001FF3FC26EA0>,0.7446271777153015,0.0326763391494751,0.34001779556274414,142810,33,2,False,Left,Front,Left,Centre,58
<_io.BytesIO object at 0x000001FF3FC26EF0>,0.703829288482666,0.17392748594284058,-0.003451150143519044,142810,33,2,False,Left,Front,Left,Centre,58
<_io.BytesIO object at 0x000001FF3CCAADB0>,0.7424293756484985,0.15547187626361847,0.009115968830883503,142810,33,2,False,Left,Front,Left,Centre,58
<_io.BytesIO object at 0x000001FF3CCAA310>,0.7402652502059937,0.2203330099582672,0.053018875420093536,142810,33,2,False,Left,Front,Left,Centre,58
<_io.BytesIO object at 0x000001FF3CCAA860>,0.7357965707778931,0.11498936265707016,0.018502045422792435,142810,33,2,False,Left,Front,Left,Centre,58
<_io.BytesIO object at 0x000001FF3CCAA360>,0.7421669960021973,0.1272844672203064,0.0778835117816925,142810,33,2,False,Left,Front,Left,Centre,58
<_io.BytesIO object at 0x000001FF3CC754F0>,0.697841227054596,0.11165675520896912,0.3626469671726227,142811,33,2,False,Left,Front,Left,Centre,58
<_io.BytesIO object at 0x000001FF3CC75C70>,0.7034446001052856,0.08226402848958969,0.3007947504520416,142811,33,2,False,Left,Front,Left,Centre,58
<_io.BytesIO object at 0x000001FF3CC5E040>,0.7150605320930481,0.12485364079475403,0.28827300667762756,142811,33,2,False,Left,Front,Left,Centre,58
<_io.BytesIO object at 0x000001FF3CC5E6D0>,0.7351832985877991,0.056589916348457336,0.28417450189590454,142811,33,2,False,Left,Front,Left,Centre,58
<_io.BytesIO object at 0x000001FF3CC5EC70>,0.7446271777153015,0.0326763391494751,0.34001779556274414,142811,33,2,False,Left,Front,Left,Centre,58
<_io.BytesIO object at 0x000001FF3CC5E7C0>,0.7016587853431702,0.1701832115650177,-0.010514662601053715,142811,33,2,False,Left,Front,Left,Centre,58
<_io.BytesIO object at 0x000001FF3CC5E310>,0.7406859397888184,0.15310455858707428,0.0029230781365185976,142811,33,2,False,Left,Front,Left,Centre,58
<_io.BytesIO object at 0x000001FF3CC5E680>,0.7351242899894714,0.21740791201591492,0.046918127685785294,142811,33,2,False,Left,Front,Left,Centre,58
<_io.BytesIO object at 0x000001FF3CC648B0>,0.7351926565170288,0.11218557506799698,0.011658597737550735,142811,33,2,False,Left,Front,Left,Centre,58
<_io.BytesIO object at 0x000001FF3CC64900>,0.7397781610488892,0.12442522495985031,0.07130653411149979,142811,33,2,False,Left,Front,Left,Centre,58
<_io.BytesIO object at 0x000001FF3CCB1180>,0.697841227054596,0.11165675520896912,0.3626469671726227,142812,33,2,False,Left,Front,Left,Centre,58
<_io.BytesIO object at 0x000001FF3CCB1900>,0.7034446001052856,0.08226402848958969,0.3007947504520416,142812,33,2,False,Left,Front,Left,Centre,58
<_io.BytesIO object at 0x000001FF3FA91220>,0.7150605320930481,0.12485364079475403,0.28827300667762756,142812,33,2,False,Left,Front,Left,Centre,58
<_io.BytesIO object at 0x000001FF3FA91090>,0.7351832985877991,0.056589916348457336,0.28417450189590454,142812,33,2,False,Left,Front,Left,Centre,58
<_io.BytesIO object at 0x000001FF3FA91E00>,0.7446271777153015,0.0326763391494751,0.34001779556274414,142812,33,2,False,Left,Front,Left,Centre,58
<_io.BytesIO object at 0x000001FF3FA910E0>,0.6995854377746582,0.16612303256988525,-0.017458487302064896,142812,33,2,False,Left,Front,Left,Centre,58
<_io.BytesIO object at 0x000001FF3FA91B30>,0.7388297915458679,0.15041165053844452,-0.003421882400289178,142812,33,2,False,Left,Front,Left,Centre,58
<_io.BytesIO object at 0x000001FF3FA91310>,0.72987961769104,0.2143615037202835,0.04065129533410072,142812,33,2,False,Left,Front,Left,Centre,58
<_io.BytesIO object at 0x000001FF3FA91E50>,0.7346634268760681,0.10926247388124466,0.00494401203468442,142812,33,2,False,Left,Front,Left,Centre,58
<_io.BytesIO object at 0x000001FF3FA9C6D0>,0.7376685738563538,0.12152848392724991,0.06478988379240036,142812,33,2,False,Left,Front,Left,Centre,58
<_io.BytesIO object at 0x000001FF3CC6E8B0>,0.697841227054596,0.11165675520896912,0.3626469671726227,142813,33,2,False,Left,Front,Left,Centre,58
<_io.BytesIO object at 0x000001FF3CC6E040>,0.7034446001052856,0.08226402848958969,0.3007947504520416,142813,33,2,False,Left,Front,Left,Centre,58
<_io.BytesIO object at 0x000001FF3CC6E1D0>,0.7150605320930481,0.12485364079475403,0.28827300667762756,142813,33,2,False,Left,Front,Left,Centre,58
<_io.BytesIO object at 0x000001FF3CC73130>,0.7351832985877991,0.056589916348457336,0.28417450189590454,142813,33,2,False,Left,Front,Left,Centre,58
<_io.BytesIO object at 0x000001FF3CC733B0>,0.7446271777153015,0.0326763391494751,0.34001779556274414,142813,33,2,False,Left,Front,Left,Centre,58
<_io.BytesIO object at 0x000001FF3CC73F90>,0.6973753571510315,0.16193342208862305,-0.024488011375069618,142813,33,2,False,Left,Front,Left,Centre,58
<_io.BytesIO object at 0x000001FF3CC73450>,0.7368242144584656,0.14799000322818756,-0.009698254987597466,142813,33,2,False,Left,Front,Left,Centre,58
<_io.BytesIO object at 0x000001FF3CC73950>,0.7244309186935425,0.21116012334823608,0.034217189997434616,142813,33,2,False,Left,Front,Left,Centre,58
<_io.BytesIO object at 0x000001FF3CC73810>,0.7342979907989502,0.10639475286006927,-0.0016843745252117515,142813,33,2,False,Left,Front,Left,Centre,58
<_io.BytesIO object at 0x000001FF3CC737C0>,0.7353429794311523,0.11863244324922562,0.05850740149617195,142813,33,2,False,Left,Front,Left,Centre,58
<_io.BytesIO object at 0x000001FF3FACA9A0>,0.697841227054596,0.11165675520896912,0.3626469671726227,142814,33,2,False,Left,Front,Left,Centre,58
<_io.BytesIO object at 0x000001FF3CC06630>,0.7034446001052856,0.08226402848958969,0.3007947504520416,142814,33,2,False,Left,Front,Left,Centre,58
<_io.BytesIO object at 0x000001FF3CC06400>,0.7150605320930481,0.12485364079475403,0.28827300667762756,142814,33,2,False,Left,Front,Left,Centre,58
<_io.BytesIO object at 0x000001FF3CC06180>,0.7351832985877991,0.056589916348457336,0.28417450189590454,142814,33,2,False,Left,Front,Left,Centre,58
<_io.BytesIO object at 0x000001FF3CC06DB0>,0.7446271777153015,0.0326763391494751,0.34001779556274414,142814,33,2,False,Left,Front,Left,Centre,58
<_io.BytesIO object at 0x000001FF38015220>,0.6952639222145081,0.15764327347278595,-0.03143708035349846,142814,33,2,False,Left,Front,Left,Centre,58
<_io.BytesIO object at 0x000001FF38015090>,0.7350770831108093,0.14506784081459045,-0.015904949977993965,142814,33,2,False,Left,Front,Left,Centre,58
<_io.BytesIO object at 0x000001FF3CCB3E00>,0.7187343239784241,0.20783530175685883,0.027902593836188316,142814,33,2,False,Left,Front,Left,Centre,58
<_io.BytesIO object at 0x000001FF3CCB3A90>,0.7339606881141663,0.10357078164815903,-0.008160154335200787,142814,33,2,False,Left,Front,Left,Centre,58
<_io.BytesIO object at 0x000001FF3CCB3CC0>,0.7329816818237305,0.11547933518886566,0.05220184475183487,142814,33,2,False,Left,Front,Left,Centre,58
<_io.BytesIO object at 0x000001FF3CC06CC0>,0.697841227054596,0.11165675520896912,0.3626469671726227,142815,33,2,False,Left,Front,Left,Centre,58
<_io.BytesIO object at 0x000001FF3FACAAE0>,0.7034446001052856,0.08226402848958969,0.3007947504520416,142815,33,2,False,Left,Front,Left,Centre,58
<_io.BytesIO object at 0x000001FF3FACA630>,0.7150605320930481,0.12485364079475403,0.28827300667762756,142815,33,2,False,Left,Front,Left,Centre,58
<_io.BytesIO object at 0x000001FF3FACA4F0>,0.7351832985877991,0.056589916348457336,0.28417450189590454,142815,33,2,False,Left,Front,Left,Centre,58
<_io.BytesIO object at 0x000001FF3FACA540>,0.7446271777153015,0.0326763391494751,0.34001779556274414,142815,33,2,False,Left,Front,Left,Centre,58
<_io.BytesIO object at 0x000001FF3FACA810>,0.6931641101837158,0.15321725606918335,-0.038395799696445465,142815,33,2,False,Left,Front,Left,Centre,58
<_io.BytesIO object at 0x000001FF3FACA1D0>,0.7331588864326477,0.1423262059688568,-0.022089717909693718,142815,33,2,False,Left,Front,Left,Centre,58
<_io.BytesIO object at 0x000001FF3CC73AE0>,0.7131584882736206,0.20414458215236664,0.02156098745763302,142815,33,2,False,Left,Front,Left,Centre,58
<_io.BytesIO object at 0x000001FF3CC73540>,0.7336301803588867,0.10074742138385773,-0.014578472822904587,142815,33,2,False,Left,Front,Left,Centre,58
<_io.BytesIO object at 0x000001FF3CC73A40>,0.7306191921234131,0.11269921809434891,0.04587753117084503,142815,33,2,False,Left,Front,Left,Centre,58
<_io.BytesIO object at 0x000001FF3CC6E4A0>,0.697841227054596,0.11165675520896912,0.3626469671726227,142816,33,2,False,Left,Front,Left,Centre,58
<_io.BytesIO object at 0x000001FF3CC6EE00>,0.7034446001052856,0.08226402848958969,0.3007947504520416,142816,33,2,False,Left,Front,Left,Centre,58
<_io.BytesIO object at 0x000001FF3FA9C220>,0.7150605320930481,0.12485364079475403,0.28827300667762756,142816,33,2,False,Left,Front,Left,Centre,58
<_io.BytesIO object at 0x000001FF3FA9C9F0>,0.7351832985877991,0.056589916348457336,0.28417450189590454,142816,33,2,False,Left,Front,Left,Centre,58
<_io.BytesIO object at 0x000001FF3FA9CA40>,0.7446271777153015,0.0326763391494751,0.34001779556274414,142816,33,2,False,Left,Front,Left,Centre,58
<_io.BytesIO object at 0x000001FF3FA9CCC0>,0.6911309361457825,0.14873787760734558,-0.04533849284052849,142816,33,2,False,Left,Front,Left,Centre,58
<_io.BytesIO object at 0x000001FF3FA9CDB0>,0.7312853336334229,0.1396673023700714,-0.0284687802195549,142816,33,2,False,Left,Front,Left,Centre,58
<_io.BytesIO object at 0x000001FF3FA9C4A0>,0.7075678706169128,0.2002929300069809,0.015110391192138195,142816,33,2,False,Left,Front,Left,Centre,58
<_io.BytesIO object at 0x000001FF3FA911D0>,0.7332338690757751,0.09795929491519928,-0.020836379379034042,142816,33,2,False,Left,Front,Left,Centre,58
<_io.BytesIO object at 0x000001FF3FA91E50>,0.7281964421272278,0.10951125621795654,0.039796728640794754,142816,33,2,False,Left,Front,Left,Centre,58
<_io.BytesIO object at 0x000001FF3CCB1770>,0.697841227054596,0.11165675520896912,0.3626469671726227,142817,33,2,False,Left,Front,Left,Centre,58
<_io.BytesIO object at 0x000001FF3CCB1040>,0.7034446001052856,0.08226402848958969,0.3007947504520416,142817,33,2,False,Left,Front,Left,Centre,58
<_io.BytesIO object at 0x000001FF3CC645E0>,0.7150605320930481,0.12485364079475403,0.28827300667762756,142817,33,2,False,Left,Front,Left,Centre,58
<_io.BytesIO object at 0x000001FF3CC64EA0>,0.7351832985877991,0.056589916348457336,0.28417450189590454,142817,33,2,False,Left,Front,Left,Centre,58
<_io.BytesIO object at 0x000001FF3CC64AE0>,0.7446271777153015,0.0326763391494751,0.34001779556274414,142817,33,2,False,Left,Front,Left,Centre,58
<_io.BytesIO object at 0x000001FF3CC64590>,0.688941240310669,0.14417798817157745,-0.052208416163921356,142817,33,2,False,Left,Front,Left,Centre,58
<_io.BytesIO object at 0x000001FF3CC644A0>,0.7290384769439697,0.1365925371646881,-0.034536343067884445,142817,33,2,False,Left,Front,Left,Centre,58
<_io.BytesIO object at 0x000001FF3CC64CC0>,0.7017216682434082,0.19602146744728088,0.008491357788443565,142817,33,2,False,Left,Front,Left,Centre,58
<_io.BytesIO object at 0x000001FF3CC648B0>,0.7325944900512695,0.09502377361059189,-0.027149813249707222,142817,33,2,False,Left,Front,Left,Centre,58
<_io.BytesIO object at 0x000001FF3CC5EE50>,0.7256861329078674,0.1062324047088623,0.03363627940416336,142817,33,2,False,Left,Front,Left,Centre,58
<_io.BytesIO object at 0x000001FF3CC75270>,0.697841227054596,0.11165675520896912,0.3626469671726227,142818,33,2,False,Left,Front,Left,Centre,58
<_io.BytesIO object at 0x000001FF3CC75C20>,0.7034446001052856,0.08226402848958969,0.3007947504520416,142818,33,2,False,Left,Front,Left,Centre,58
<_io.BytesIO object at 0x000001FF3CC752C0>,0.7150605320930481,0.12485364079475403,0.28827300667762756,142818,33,2,False,Left,Front,Left,Centre,58
<_io.BytesIO object at 0x000001FF3CC75680>,0.7351832985877991,0.056589916348457336,0.28417450189590454,142818,33,2,False,Left,Front,Left,Centre,58
<_io.BytesIO object at 0x000001FF3FA71D60>,0.7446271777153015,0.0326763391494751,0.34001779556274414,142818,33,2,False,Left,Front,Left,Centre,58
<_io.BytesIO object at 0x000001FF3CCAAD10>,0.6870264410972595,0.1395435929298401,-0.05923210829496384,142818,33,2,False,Left,Front,Left,Centre,58
<_io.BytesIO object at 0x000001FF3CCAABD0>,0.7269567251205444,0.13369061052799225,-0.04049190878868103,142818,33,2,False,Left,Front,Left,Centre,58
<_io.BytesIO object at 0x000001FF3CCAAE50>,0.6959974765777588,0.1917235106229782,0.0019435703288763762,142818,33,2,False,Left,Front,Left,Centre,58
<_io.BytesIO object at 0x000001FF3CCAAD60>,0.7321215271949768,0.09222999215126038,-0.03317638859152794,142818,33,2,False,Left,Front,Left,Centre,58
<_io.BytesIO object at 0x000001FF3CCAA310>,0.7231505513191223,0.10289207100868225,0.027545005083084106,142818,33,2,False,Left,Front,Left,Centre,58
<_io.BytesIO object at 0x000001FF3FC26090>,0.697841227054596,0.11165675520896912,0.3626469671726227,142819,33,2,False,Left,Front,Left,Centre,58
<_io.BytesIO object at 0x000001FF3CC5AD60>,0.7034446001052856,0.08226402848958969,0.3007947504520416,142819,33,2,False,Left,Front,Left,Centre,58
<_io.BytesIO object at 0x000001FF3CC5AC70>,0.7150605320930481,0.12485364079475403,0.28827300667762756,142819,33,2,False,Left,Front,Left,Centre,58
<_io.BytesIO object at 0x000001FF3CC5A720>,0.7351832985877991,0.056589916348457336,0.28417450189590454,142819,33,2,False,Left,Front,Left,Centre,58
<_io.BytesIO object at 0x000001FF3CC5A400>,0.7446271777153015,0.0326763391494751,0.34001779556274414,142819,33,2,False,Left,Front,Left,Centre,58
<_io.BytesIO object at 0x000001FF3CCBA4F0>,0.6852930784225464,0.13474665582180023,-0.06582019478082657,142819,33,2,False,Left,Front,Left,Centre,58
<_io.BytesIO object at 0x000001FF3CCBAF40>,0.7249768376350403,0.1308320313692093,-0.046326570212841034,142819,33,2,False,Left,Front,Left,Centre,58
<_io.BytesIO object at 0x000001FF3CCBA2C0>,0.6901667714118958,0.1872124820947647,-0.004628702066838741,142819,33,2,False,Left,Front,Left,Centre,58
<_io.BytesIO object at 0x000001FF3CCBACC0>,0.7317355275154114,0.08950091898441315,-0.03896357864141464,142819,33,2,False,Left,Front,Left,Centre,58
<_io.BytesIO object at 0x000001FF3CCBAD60>,0.7206940650939941,0.0997021496295929,0.02157517336308956,142819,33,2,False,Left,Front,Left,Centre,58
<_io.BytesIO object at 0x000001FF3CC61040>,0.697841227054596,0.11165675520896912,0.3626469671726227,142820,33,2,False,Left,Front,Left,Centre,58
<_io.BytesIO object at 0x000001FF3CCB3F90>,0.7034446001052856,0.08226402848958969,0.3007947504520416,142820,33,2,False,Left,Front,Left,Centre,58
<_io.BytesIO object at 0x000001FF3CCB3A90>,0.7150605320930481,0.12485364079475403,0.28827300667762756,142820,33,2,False,Left,Front,Left,Centre,58
<_io.BytesIO object at 0x000001FF3CC61BD0>,0.7351832985877991,0.056589916348457336,0.28417450189590454,142820,33,2,False,Left,Front,Left,Centre,58
<_io.BytesIO object at 0x000001FF3CC61450>,0.7446271777153015,0.0326763391494751,0.34001779556274414,142820,33,2,False,Left,Front,Left,Centre,58
<_io.BytesIO object at 0x000001FF3CC614A0>,0.6838921904563904,0.13053269684314728,-0.07267580181360245,142820,33,2,False,Left,Front,Left,Centre,58
<_io.BytesIO object at 0x000001FF3CC61D10>,0.7228248119354248,0.1278965026140213,-0.052015308290719986,142820,33,2,False,Left,Front,Left,Centre,58
<_io.BytesIO object at 0x000001FF3CC61220>,0.6841915845870972,0.18245698511600494,-0.011137467809021473,142820,33,2,False,Left,Front,Left,Centre,58
<_io.BytesIO object at 0x000001FF3CC61310>,0.7314392924308777,0.08684686571359634,-0.04462005943059921,142820,33,2,False,Left,Front,Left,Centre,58
<_io.BytesIO object at 0x000001FF3CC61540>,0.7182368040084839,0.0964798554778099,0.01578897424042225,142820,33,2,False,Left,Front,Left,Centre,58
<_io.BytesIO object at 0x000001FF3CC5A7C0>,0.697841227054596,0.11165675520896912,0.3626469671726227,142821,33,2,False,Left,Front,Left,Centre,58
<_io.BytesIO object at 0x000001FF3CC5AD10>,0.7034446001052856,0.08226402848958969,0.3007947504520416,142821,33,2,False,Left,Front,Left,Centre,58
<_io.BytesIO object at 0x000001FF3FC26A90>,0.7150605320930481,0.12485364079475403,0.28827300667762756,142821,33,2,False,Left,Front,Left,Centre,58
<_io.BytesIO object at 0x000001FF3FC26900>,0.7351832985877991,0.056589916348457336,0.28417450189590454,142821,33,2,False,Left,Front,Left,Centre,58
<_io.BytesIO object at 0x000001FF3FC26310>,0.7446271777153015,0.0326763391494751,0.34001779556274414,142821,33,2,False,Left,Front,Left,Centre,58
<_io.BytesIO object at 0x000001FF3FC26220>,0.6821978688240051,0.12555326521396637,-0.07903353124856949,142821,33,2,False,Left,Front,Left,Centre,58
<_io.BytesIO object at 0x000001FF3FC26B30>,0.7209295630455017,0.12514415383338928,-0.05750422552227974,142821,33,2,False,Left,Front,Left,Centre,58
<_io.BytesIO object at 0x000001FF3FC263B0>,0.6782016754150391,0.17752836644649506,-0.017630560323596,142821,33,2,False,Left,Front,Left,Centre,58
<_io.BytesIO object at 0x000001FF3FC26AE0>,0.7313156127929688,0.08445119857788086,-0.049919866025447845,142821,33,2,False,Left,Front,Left,Centre,58
<_io.BytesIO object at 0x000001FF3FC26F40>,0.7158904075622559,0.09331813454627991,0.010217424482107162,142821,33,2,False,Left,Front,Left,Centre,58
<_io.BytesIO object at 0x000001FF3CC75680>,0.697841227054596,0.11165675520896912,0.3626469671726227,142822,33,2,False,Left,Front,Left,Centre,58
<_io.BytesIO object at 0x000001FF3CC75F90>,0.7034446001052856,0.08226402848958969,0.3007947504520416,142822,33,2,False,Left,Front,Left,Centre,58
<_io.BytesIO object at 0x000001FF3CC75D10>,0.7150605320930481,0.12485364079475403,0.28827300667762756,142822,33,2,False,Left,Front,Left,Centre,58
<_io.BytesIO object at 0x000001FF3CC75540>,0.7351832985877991,0.056589916348457336,0.28417450189590454,142822,33,2,False,Left,Front,Left,Centre,58
<_io.BytesIO object at 0x000001FF3CC5E450>,0.7446271777153015,0.0326763391494751,0.34001779556274414,142822,33,2,False,Left,Front,Left,Centre,58
<_io.BytesIO object at 0x000001FF3CC5E1D0>,0.6811299920082092,0.12103258818387985,-0.0855407863855362,142822,33,2,False,Left,Front,Left,Centre,58
<_io.BytesIO object at 0x000001FF3CC5EEA0>,0.7189081907272339,0.12239416688680649,-0.0627659484744072,142822,33,2,False,Left,Front,Left,Centre,58
<_io.BytesIO object at 0x000001FF3CC5E0E0>,0.6725670695304871,0.1724797785282135,-0.024178126826882362,142822,33,2,False,Left,Front,Left,Centre,58
<_io.BytesIO object at 0x000001FF3CC5E770>,0.7312572002410889,0.08218022435903549,-0.05493147671222687,142822,33,2,False,Left,Front,Left,Centre,58
<_io.BytesIO object at 0x000001FF3CC5E310>,0.7135106325149536,0.0903252586722374,0.004753402434289455,142822,33,2,False,Left,Front,Left,Centre,58
<_io.BytesIO object at 0x000001FF3CC64C70>,0.697841227054596,0.11165675520896912,0.3626469671726227,142823,33,2,False,Left,Front,Left,Centre,58
<_io.BytesIO object at 0x000001FF3CCB13B0>,0.7034446001052856,0.08226402848958969,0.3007947504520416,142823,33,2,False,Left,Front,Left,Centre,58
<_io.BytesIO object at 0x000001FF3CCB1CC0>,0.7150605320930481,0.12485364079475403,0.28827300667762756,142823,33,2,False,Left,Front,Left,Centre,58
<_io.BytesIO object at 0x000001FF3CCB1EF0>,0.7351832985877991,0.056589916348457336,0.28417450189590454,142823,33,2,False,Left,Front,Left,Centre,58
<_io.BytesIO object at 0x000001FF3CCB1BD0>,0.7446271777153015,0.0326763391494751,0.34001779556274414,142823,33,2,False,Left,Front,Left,Centre,58
<_io.BytesIO object at 0x000001FF3FA91450>,0.6797543168067932,0.11615579575300217,-0.09136345982551575,142823,33,2,False,Left,Front,Left,Centre,58
<_io.BytesIO object at 0x000001FF3FA91900>,0.7170419692993164,0.11974149942398071,-0.0678335651755333,142823,33,2,False,Left,Front,Left,Centre,58
<_io.BytesIO object at 0x000001FF3FA91090>,0.6670272350311279,0.16739946603775024,-0.03063076362013817,142823,33,2,False,Left,Front,Left,Centre,58
<_io.BytesIO object at 0x000001FF3FA91770>,0.7312288880348206,0.08010006695985794,-0.059620629996061325,142823,33,2,False,Left,Front,Left,Centre,58
<_io.BytesIO object at 0x000001FF3FA91F90>,0.7112465500831604,0.087406687438488,-0.0004295620892662555,142823,33,2,False,Left,Front,Left,Centre,58
<_io.BytesIO object at 0x000001FF3FA9CC20>,0.697841227054596,0.11165675520896912,0.3626469671726227,142824,33,2,False,Left,Front,Left,Centre,58
<_io.BytesIO object at 0x000001FF3CC6EC70>,0.7034446001052856,0.08226402848958969,0.3007947504520416,142824,33,2,False,Left,Front,Left,Centre,58
<_io.BytesIO object at 0x000001FF3CC6E720>,0.7150605320930481,0.12485364079475403,0.28827300667762756,142824,33,2,False,Left,Front,Left,Centre,58
<_io.BytesIO object at 0x000001FF3CC6E310>,0.7351832985877991,0.056589916348457336,0.28417450189590454,142824,33,2,False,Left,Front,Left,Centre,58
<_io.BytesIO object at 0x000001FF3CC6EE50>,0.7446271777153015,0.0326763391494751,0.34001779556274414,142824,33,2,False,Left,Front,Left,Centre,58
<_io.BytesIO object at 0x000001FF3CC6E6D0>,0.6788375973701477,0.11160791665315628,-0.09718263149261475,142824,33,2,False,Left,Front,Left,Centre,58
<_io.BytesIO object at 0x000001FF3CC6E400>,0.7153694033622742,0.11733857542276382,-0.07272505760192871,142824,33,2,False,Left,Front,Left,Centre,58
<_io.BytesIO object at 0x000001FF3CC73090>,0.6616456508636475,0.16210149228572845,-0.03711408004164696,142824,33,2,False,Left,Front,Left,Centre,58
<_io.BytesIO object at 0x000001FF3CC733B0>,0.7311203479766846,0.07819455116987228,-0.06413720548152924,142824,33,2,False,Left,Front,Left,Centre,58
<_io.BytesIO object at 0x000001FF3CC732C0>,0.7090457677841187,0.08460469543933868,-0.005427002441138029,142824,33,2,False,Left,Front,Left,Centre,58
<_io.BytesIO object at 0x000001FF3FACA630>,0.697841227054596,0.11165675520896912,0.3626469671726227,142825,33,2,False,Left,Front,Left,Centre,58
<_io.BytesIO object at 0x000001FF3FACAA40>,0.7034446001052856,0.08226402848958969,0.3007947504520416,142825,33,2,False,Left,Front,Left,Centre,58
<_io.BytesIO object at 0x000001FF3CC06B80>,0.7150605320930481,0.12485364079475403,0.28827300667762756,142825,33,2,False,Left,Front,Left,Centre,58
<_io.BytesIO object at 0x000001FF3CC06220>,0.7351832985877991,0.056589916348457336,0.28417450189590454,142825,33,2,False,Left,Front,Left,Centre,58
<_io.BytesIO object at 0x000001FF3CC06630>,0.7446271777153015,0.0326763391494751,0.34001779556274414,142825,33,2,False,Left,Front,Left,Centre,58
<_io.BytesIO object at 0x000001FF3CC06040>,0.6779847145080566,0.10729982703924179,-0.10292233526706696,142825,33,2,False,Left,Front,Left,Centre,58
<_io.BytesIO object at 0x000001FF3CC06810>,0.7134895324707031,0.11469124257564545,-0.0776832327246666,142825,33,2,False,Left,Front,Left,Centre,58
<_io.BytesIO object at 0x000001FF3CC06BD0>,0.6566535234451294,0.1569250524044037,-0.04344528168439865,142825,33,2,False,Left,Front,Left,Centre,58
<_io.BytesIO object at 0x000001FF3CC06DB0>,0.7310579419136047,0.07656780630350113,-0.06822551786899567,142825,33,2,False,Left,Front,Left,Centre,58
<_io.BytesIO object at 0x000001FF38015770>,0.7068741321563721,0.08190783113241196,-0.010265356861054897,142825,33,2,False,Left,Front,Left,Centre,58
<_io.BytesIO object at 0x000001FF3CC06270>,0.697841227054596,0.11165675520896912,0.3626469671726227,142826,33,2,False,Left,Front,Left,Centre,58
<_io.BytesIO object at 0x000001FF3CC06900>,0.7034446001052856,0.08226402848958969,0.3007947504520416,142826,33,2,False,Left,Front,Left,Centre,58
<_io.BytesIO object at 0x000001FF3FACA900>,0.7150605320930481,0.12485364079475403,0.28827300667762756,142826,33,2,False,Left,Front,Left,Centre,58
<_io.BytesIO object at 0x000001FF3FACA180>,0.7351832985877991,0.056589916348457336,0.28417450189590454,142826,33,2,False,Left,Front,Left,Centre,58
<_io.BytesIO object at 0x000001FF3FACA6D0>,0.7446271777153015,0.0326763391494751,0.34001779556274414,142826,33,2,False,Left,Front,Left,Centre,58
<_io.BytesIO object at 0x000001FF3FACA540>,0.6773114204406738,0.10316664725542068,-0.10833658277988434,142826,33,2,False,Left,Front,Left,Centre,58
<_io.BytesIO object at 0x000001FF3FACAE50>,0.7115521430969238,0.1122312918305397,-0.08242593705654144,142826,33,2,False,Left,Front,Left,Centre,58
<_io.BytesIO object at 0x000001FF3FACAC20>,0.6519666314125061,0.1517479419708252,-0.04970462620258331,142826,33,2,False,Left,Front,Left,Centre,58
<_io.BytesIO object at 0x000001FF3CC73EA0>,0.7305085062980652,0.07469969987869263,-0.07251985371112823,142826,33,2,False,Left,Front,Left,Centre,58
<_io.BytesIO object at 0x000001FF3CC73180>,0.7046853303909302,0.07929462939500809,-0.01499287411570549,142826,33,2,False,Left,Front,Left,Centre,58
<_io.BytesIO object at 0x000001FF3CC6E3B0>,0.697841227054596,0.11165675520896912,0.3626469671726227,142827,33,2,False,Left,Front,Left,Centre,58
<_io.BytesIO object at 0x000001FF3CC6E090>,0.7034446001052856,0.08226402848958969,0.3007947504520416,142827,33,2,False,Left,Front,Left,Centre,58
<_io.BytesIO object at 0x000001FF3CC6E680>,0.7150605320930481,0.12485364079475403,0.28827300667762756,142827,33,2,False,Left,Front,Left,Centre,58
<_io.BytesIO object at 0x000001FF3FA9C7C0>,0.7351832985877991,0.056589916348457336,0.28417450189590454,142827,33,2,False,Left,Front,Left,Centre,58
<_io.BytesIO object at 0x000001FF3FA9C590>,0.7446271777153015,0.0326763391494751,0.34001779556274414,142827,33,2,False,Left,Front,Left,Centre,58
<_io.BytesIO object at 0x000001FF3FA9CC70>,0.6765520572662354,0.09922667592763901,-0.1134793683886528,142827,33,2,False,Left,Front,Left,Centre,58
<_io.BytesIO object at 0x000001FF3FA9CA40>,0.7097586393356323,0.10988830775022507,-0.08691095560789108,142827,33,2,False,Left,Front,Left,Centre,58
<_io.BytesIO object at 0x000001FF3FA9C310>,0.6476734280586243,0.14664465188980103,-0.05589708313345909,142827,33,2,False,Left,Front,Left,Centre,58
<_io.BytesIO object at 0x000001FF3FA9CD10>,0.7301294207572937,0.07312436401844025,-0.07634181529283524,142827,33,2,False,Left,Front,Left,Centre,58
<_io.BytesIO object at 0x000001FF3FA9C090>,0.7025476098060608,0.07677018642425537,-0.01950015500187874,142827,33,2,False,Left,Front,Left,Centre,58
<_io.BytesIO object at 0x000001FF3CCB1900>,0.697841227054596,0.11165675520896912,0.3626469671726227,142828,33,2,False,Left,Front,Left,Centre,58
<_io.BytesIO object at 0x000001FF3CCB1630>,0.7034446001052856,0.08226402848958969,0.3007947504520416,142828,33,2,False,Left,Front,Left,Centre,58
<_io.BytesIO object at 0x000001FF3CCB19F0>,0.7150605320930481,0.12485364079475403,0.28827300667762756,142828,33,2,False,Left,Front,Left,Centre,58
<_io.BytesIO object at 0x000001FF3CC64C70>,0.7351832985877991,0.056589916348457336,0.28417450189590454,142828,33,2,False,Left,Front,Left,Centre,58
<_io.BytesIO object at 0x000001FF3CC649A0>,0.7446271777153015,0.0326763391494751,0.34001779556274414,142828,33,2,False,Left,Front,Left,Centre,58
<_io.BytesIO object at 0x000001FF3CC64EF0>,0.6761190295219421,0.09586212784051895,-0.11814869940280914,142828,33,2,False,Left,Front,Left,Centre,58
<_io.BytesIO object at 0x000001FF3CC64360>,0.7081615328788757,0.10757305473089218,-0.09113084524869919,142828,33,2,False,Left,Front,Left,Centre,58
<_io.BytesIO object at 0x000001FF3CC64720>,0.6435807347297668,0.14165440201759338,-0.0618622750043869,142828,33,2,False,Left,Front,Left,Centre,58
<_io.BytesIO object at 0x000001FF3CC640E0>,0.729709804058075,0.07159832119941711,-0.07996125519275665,142828,33,2,False,Left,Front,Left,Centre,58
<_io.BytesIO object at 0x000001FF3CC64270>,0.7005788087844849,0.07445874810218811,-0.023685356602072716,142828,33,2,False,Left,Front,Left,Centre,58
<_io.BytesIO object at 0x000001FF3CC5E1D0>,0.697841227054596,0.11165675520896912,0.3626469671726227,142829,33,2,False,Left,Front,Left,Centre,58
<_io.BytesIO object at 0x000001FF3CC75090>,0.7034446001052856,0.08226402848958969,0.3007947504520416,142829,33,2,False,Left,Front,Left,Centre,58
<_io.BytesIO object at 0x000001FF3CC75270>,0.7150605320930481,0.12485364079475403,0.28827300667762756,142829,33,2,False,Left,Front,Left,Centre,58
<_io.BytesIO object at 0x000001FF3CC75950>,0.7351832985877991,0.056589916348457336,0.28417450189590454,142829,33,2,False,Left,Front,Left,Centre,58
<_io.BytesIO object at 0x000001FF3CC75E00>,0.7446271777153015,0.0326763391494751,0.34001779556274414,142829,33,2,False,Left,Front,Left,Centre,58
<_io.BytesIO object at 0x000001FF3FA71BD0>,0.675509512424469,0.09201013296842575,-0.12334516644477844,142829,33,2,False,Left,Front,Left,Centre,58
<_io.BytesIO object at 0x000001FF3FA71F90>,0.706503689289093,0.10537229478359222,-0.09532362222671509,142829,33,2,False,Left,Front,Left,Centre,58
<_io.BytesIO object at 0x000001FF3CCAA1D0>,0.6397721171379089,0.13677795231342316,-0.06778600811958313,142829,33,2,False,Left,Front,Left,Centre,58
<_io.BytesIO object at 0x000001FF3CCAA630>,0.7292660474777222,0.07016118615865707,-0.08330996334552765,142829,33,2,False,Left,Front,Left,Centre,58
<_io.BytesIO object at 0x000001FF3CCAAEF0>,0.6985297799110413,0.07232677936553955,-0.02785571850836277,142829,33,2,False,Left,Front,Left,Centre,58
<_io.BytesIO object at 0x000001FF3FC26900>,0.697841227054596,0.11165675520896912,0.3626469671726227,142830,33,2,False,Left,Front,Left,Centre,58
<_io.BytesIO object at 0x000001FF3CC5AA40>,0.7034446001052856,0.08226402848958969,0.3007947504520416,142830,33,2,False,Left,Front,Left,Centre,58
<_io.BytesIO object at 0x000001FF3CC5A2C0>,0.7150605320930481,0.12485364079475403,0.28827300667762756,142830,33,2,False,Left,Front,Left,Centre,58
<_io.BytesIO object at 0x000001FF3CC5A220>,0.7351832985877991,0.056589916348457336,0.28417450189590454,142830,33,2,False,Left,Front,Left,Centre,58
<_io.BytesIO object at 0x000001FF3CC5A8B0>,0.7446271777153015,0.0326763391494751,0.34001779556274414,142830,33,2,False,Left,Front,Left,Centre,58
<_io.BytesIO object at 0x000001FF3CC5A590>,0.6751816272735596,0.0888073742389679,-0.1275309920310974,142830,33,2,False,Left,Front,Left,Centre,58
<_io.BytesIO object at 0x000001FF3CC5A450>,0.7049791216850281,0.10331648588180542,-0.09904352575540543,142830,33,2,False,Left,Front,Left,Centre,58
<_io.BytesIO object at 0x000001FF3CCBA4F0>,0.6363149881362915,0.13207362592220306,-0.07344866544008255,142830,33,2,False,Left,Front,Left,Centre,58
<_io.BytesIO object at 0x000001FF3CCBAE00>,0.7289360165596008,0.0690857544541359,-0.08640322834253311,142830,33,2,False,Left,Front,Left,Centre,58
<_io.BytesIO object at 0x000001FF3CCBA8B0>,0.6966756582260132,0.07031477987766266,-0.03174475207924843,142830,33,2,False,Left,Front,Left,Centre,58
<_io.BytesIO object at 0x000001FF3CC61C70>,0.697841227054596,0.11165675520896912,0.3626469671726227,142831,33,2,False,Left,Front,Left,Centre,58
<_io.BytesIO object at 0x000001FF3CC617C0>,0.7034446001052856,0.08226402848958969,0.3007947504520416,142831,33,2,False,Left,Front,Left,Centre,58
<_io.BytesIO object at 0x000001FF3CCB30E0>,0.7150605320930481,0.12485364079475403,0.28827300667762756,142831,33,2,False,Left,Front,Left,Centre,58
<_io.BytesIO object at 0x000001FF3CCB3C70>,0.7351832985877991,0.056589916348457336,0.28417450189590454,142831,33,2,False,Left,Front,Left,Centre,58
<_io.BytesIO object at 0x000001FF3CCB3860>,0.7446271777153015,0.0326763391494751,0.34001779556274414,142831,33,2,False,Left,Front,Left,Centre,58
<_io.BytesIO object at 0x000001FF3CC61450>,0.6750710010528564,0.08581913262605667,-0.13121378421783447,142831,33,2,False,Left,Front,Left,Centre,58
<_io.BytesIO object at 0x000001FF3CC61BD0>,0.7037752866744995,0.10149811208248138,-0.10267137736082077,142831,33,2,False,Left,Front,Left,Centre,58
<_io.BytesIO object at 0x000001FF3CC610E0>,0.6332182288169861,0.12747617065906525,-0.07869470119476318,142831,33,2,False,Left,Front,Left,Centre,58
<_io.BytesIO object at 0x000001FF3CC61D10>,0.7284496426582336,0.068025141954422,-0.08930344134569168,142831,33,2,False,Left,Front,Left,Centre,58
<_io.BytesIO object at 0x000001FF3CC616D0>,0.6950699687004089,0.06863110512495041,-0.03520381823182106,142831,33,2,False,Left,Front,Left,Centre,58
<_io.BytesIO object at 0x000001FF3CC5A900>,0.697841227054596,0.11165675520896912,0.3626469671726227,142832,33,2,False,Left,Front,Left,Centre,58
<_io.BytesIO object at 0x000001FF3CC5A040>,0.7034446001052856,0.08226402848958969,0.3007947504520416,142832,33,2,False,Left,Front,Left,Centre,58
<_io.BytesIO object at 0x000001FF3CC5A5E0>,0.7150605320930481,0.12485364079475403,0.28827300667762756,142832,33,2,False,Left,Front,Left,Centre,58
<_io.BytesIO object at 0x000001FF3CC5AEF0>,0.7351832985877991,0.056589916348457336,0.28417450189590454,142832,33,2,False,Left,Front,Left,Centre,58
<_io.BytesIO object at 0x000001FF3FC26DB0>,0.7446271777153015,0.0326763391494751,0.34001779556274414,142832,33,2,False,Left,Front,Left,Centre,58
<_io.BytesIO object at 0x000001FF3FC26A40>,0.6772766709327698,0.08440784364938736,-0.13575579226016998,142832,33,2,False,Left,Front,Left,Centre,58
<_io.BytesIO object at 0x000001FF3FC261D0>,0.7025408744812012,0.09973442554473877,-0.10588521510362625,142832,33,2,False,Left,Front,Left,Centre,58
<_io.BytesIO object at 0x000001FF3FC26220>,0.6307600140571594,0.12322116643190384,-0.08343128859996796,142832,33,2,False,Left,Front,Left,Centre,58
<_io.BytesIO object at 0x000001FF3FC26D60>,0.7280712127685547,0.06712056696414948,-0.09181594848632812,142832,33,2,False,Left,Front,Left,Centre,58
<_io.BytesIO object at 0x000001FF3FC262C0>,0.6936362981796265,0.06702926754951477,-0.03833197057247162,142832,33,2,False,Left,Front,Left,Centre,58
<_io.BytesIO object at 0x000001FF3CCAA860>,0.697841227054596,0.11165675520896912,0.3626469671726227,142833,33,2,False,Left,Front,Left,Centre,58
<_io.BytesIO object at 0x000001FF3CC75B80>,0.7034446001052856,0.08226402848958969,0.3007947504520416,142833,33,2,False,Left,Front,Left,Centre,58
<_io.BytesIO object at 0x000001FF3CC755E0>,0.7150605320930481,0.12485364079475403,0.28827300667762756,142833,33,2,False,Left,Front,Left,Centre,58
<_io.BytesIO object at 0x000001FF3CC75720>,0.7351832985877991,0.056589916348457336,0.28417450189590454,142833,33,2,False,Left,Front,Left,Centre,58
<_io.BytesIO object at 0x000001FF3CC75310>,0.7446271777153015,0.0326763391494751,0.34001779556274414,142833,33,2,False,Left,Front,Left,Centre,58
<_io.BytesIO object at 0x000001FF3CC759F0>,0.67962646484375,0.08415688574314117,-0.13982634246349335,142833,33,2,False,Left,Front,Left,Centre,58
<_io.BytesIO object at 0x000001FF3CC5E680>,0.7015854716300964,0.09803026169538498,-0.1089356541633606,142833,33,2,False,Left,Front,Left,Centre,58
<_io.BytesIO object at 0x000001FF3CC5EBD0>,0.6285678148269653,0.11933057755231857,-0.08778858184814453,142833,33,2,False,Left,Front,Left,Centre,58
<_io.BytesIO object at 0x000001FF3CC5E8B0>,0.7276600003242493,0.0661805048584938,-0.09415268152952194,142833,33,2,False,Left,Front,Left,Centre,58
<_io.BytesIO object at 0x000001FF3CC5E950>,0.6923866271972656,0.06546947360038757,-0.04125058650970459,142833,33,2,False,Left,Front,Left,Centre,58
<_io.BytesIO object at 0x000001FF3CC64EF0>,0.697841227054596,0.11165675520896912,0.3626469671726227,142834,33,2,False,Left,Front,Left,Centre,58
<_io.BytesIO object at 0x000001FF37F5FB30>,0.7034446001052856,0.08226402848958969,0.3007947504520416,142834,33,2,False,Left,Front,Left,Centre,58
<_io.BytesIO object at 0x000001FF3CCB1810>,0.7150605320930481,0.12485364079475403,0.28827300667762756,142834,33,2,False,Left,Front,Left,Centre,58
<_io.BytesIO object at 0x000001FF3CCB1950>,0.7351832985877991,0.056589916348457336,0.28417450189590454,142834,33,2,False,Left,Front,Left,Centre,58
<_io.BytesIO object at 0x000001FF3CCB1CC0>,0.7446271777153015,0.0326763391494751,0.34001779556274414,142834,33,2,False,Left,Front,Left,Centre,58
<_io.BytesIO object at 0x000001FF3CCB19A0>,0.6822178959846497,0.08442042768001556,-0.1436183899641037,142834,33,2,False,Left,Front,Left,Centre,58
<_io.BytesIO object at 0x000001FF3CCB1220>,0.7006682753562927,0.09648562222719193,-0.11161021888256073,142834,33,2,False,Left,Front,Left,Centre,58
<_io.BytesIO object at 0x000001FF3FA91950>,0.6268278360366821,0.11594236642122269,-0.09152181446552277,142834,33,2,False,Left,Front,Left,Centre,58
<_io.BytesIO object at 0x000001FF3FA91450>,0.7273080945014954,0.06526722013950348,-0.09616970270872116,142834,33,2,False,Left,Front,Left,Centre,58
<_io.BytesIO object at 0x000001FF3FA918B0>,0.6912932395935059,0.06385543942451477,-0.04391388222575188,142834,33,2,False,Left,Front,Left,Centre,58
<_io.BytesIO object at 0x000001FF3FA9CC70>,0.697841227054596,0.11165675520896912,0.3626469671726227,142835,33,2,False,Left,Front,Left,Centre,58
<_io.BytesIO object at 0x000001FF3FA9C4F0>,0.7034446001052856,0.08226402848958969,0.3007947504520416,142835,33,2,False,Left,Front,Left,Centre,58
<_io.BytesIO object at 0x000001FF3CC6ED10>,0.7150605320930481,0.12485364079475403,0.28827300667762756,142835,33,2,False,Left,Front,Left,Centre,58
<_io.BytesIO object at 0x000001FF3CC6EB80>,0.7351832985877991,0.056589916348457336,0.28417450189590454,142835,33,2,False,Left,Front,Left,Centre,58
<_io.BytesIO object at 0x000001FF3CC6E810>,0.7446271777153015,0.0326763391494751,0.34001779556274414,142835,33,2,False,Left,Front,Left,Centre,58
<_io.BytesIO object at 0x000001FF3CC6E180>,0.684598445892334,0.08494116365909576,-0.14720085263252258,142835,33,2,False,Left,Front,Left,Centre,58
<_io.BytesIO object at 0x000001FF3CC6E040>,0.6997179985046387,0.09478789567947388,-0.11404993385076523,142835,33,2,False,Left,Front,Left,Centre,58
<_io.BytesIO object at 0x000001FF3CC6E220>,0.6253684163093567,0.11289667338132858,-0.09468062967061996,142835,33,2,False,Left,Front,Left,Centre,58
<_io.BytesIO object at 0x000001FF3CC73D10>,0.7268324494361877,0.06412564218044281,-0.09824845939874649,142835,33,2,False,Left,Front,Left,Centre,58
<_io.BytesIO object at 0x000001FF3CC73D60>,0.6903238296508789,0.06207816302776337,-0.046292003244161606,142835,33,2,False,Left,Front,Left,Centre,58
<_io.BytesIO object at 0x000001FF3FACA810>,0.697841227054596,0.11165675520896912,0.3626469671726227,142836,33,2,False,Left,Front,Left,Centre,58
<_io.BytesIO object at 0x000001FF3FACAEF0>,0.7034446001052856,0.08226402848958969,0.3007947504520416,142836,33,2,False,Left,Front,Left,Centre,58
<_io.BytesIO object at 0x000001FF3FACA630>,0.7150605320930481,0.12485364079475403,0.28827300667762756,142836,33,2,False,Left,Front,Left,Centre,58
<_io.BytesIO object at 0x000001FF3CC06810>,0.7351832985877991,0.056589916348457336,0.28417450189590454,142836,33,2,False,Left,Front,Left,Centre,58
<_io.BytesIO object at 0x000001FF3CC06900>,0.7446271777153015,0.0326763391494751,0.34001779556274414,142836,33,2,False,Left,Front,Left,Centre,58
<_io.BytesIO object at 0x000001FF3CC06D60>,0.6865940690040588,0.08549011498689651,-0.15015845000743866,142836,33,2,False,Left,Front,Left,Centre,58
<_io.BytesIO object at 0x000001FF3CC066D0>,0.6990905404090881,0.09330568462610245,-0.11604563891887665,142836,33,2,False,Left,Front,Left,Centre,58
<_io.BytesIO object at 0x000001FF3CC063B0>,0.6242757439613342,0.11007574945688248,-0.09728121757507324,142836,33,2,False,Left,Front,Left,Centre,58
<_io.BytesIO object at 0x000001FF3CC06040>,0.726371169090271,0.06280768662691116,-0.10015758126974106,142836,33,2,False,Left,Front,Left,Centre,58
<_io.BytesIO object at 0x000001FF3CC06400>,0.6894517540931702,0.06015998125076294,-0.04855678230524063,142836,33,2,False,Left,Front,Left,Centre,58
<_io.BytesIO object at 0x000001FF3CC06B30>,0.697841227054596,0.11165675520896912,0.3626469671726227,142837,33,2,False,Left,Front,Left,Centre,58
<_io.BytesIO object at 0x000001FF3CC069F0>,0.7034446001052856,0.08226402848958969,0.3007947504520416,142837,33,2,False,Left,Front,Left,Centre,58
<_io.BytesIO object at 0x000001FF3FACA860>,0.7150605320930481,0.12485364079475403,0.28827300667762756,142837,33,2,False,Left,Front,Left,Centre,58
<_io.BytesIO object at 0x000001FF3FACABD0>,0.7351832985877991,0.056589916348457336,0.28417450189590454,142837,33,2,False,Left,Front,Left,Centre,58
<_io.BytesIO object at 0x000001FF3FACA130>,0.7446271777153015,0.0326763391494751,0.34001779556274414,142837,33,2,False,Left,Front,Left,Centre,58
<_io.BytesIO object at 0x000001FF3FACAE50>,0.6882761120796204,0.08564256876707077,-0.15283143520355225,142837,33,2,False,Left,Front,Left,Centre,58
<_io.BytesIO object at 0x000001FF3FACAC20>,0.6983675956726074,0.09182189404964447,-0.11786160618066788,142837,33,2,False,Left,Front,Left,Centre,58
<_io.BytesIO object at 0x000001FF3FACA310>,0.6231600046157837,0.1075560450553894,-0.0995100736618042,142837,33,2,False,Left,Front,Left,Centre,58
<_io.BytesIO object at 0x000001FF3CC73360>,0.7258470058441162,0.0613979808986187,-0.10193675756454468,142837,33,2,False,Left,Front,Left,Centre,58
<_io.BytesIO object at 0x000001FF3CC73AE0>,0.6886664628982544,0.058093562722206116,-0.05058218538761139,142837,33,2,False,Left,Front,Left,Centre,58
<_io.BytesIO object at 0x000001FF3CC6EBD0>,0.697841227054596,0.11165675520896912,0.3626469671726227,142838,33,2,False,Left,Front,Left,Centre,58
<_io.BytesIO object at 0x000001FF3CC6EB80>,0.7034446001052856,0.08226402848958969,0.3007947504520416,142838,33,2,False,Left,Front,Left,Centre,58
<_io.BytesIO object at 0x000001FF3CC6E680>,0.7150605320930481,0.12485364079475403,0.28827300667762756,142838,33,2,False,Left,Front,Left,Centre,58
<_io.BytesIO object at 0x000001FF3FA9C2C0>,0.7351832985877991,0.056589916348457336,0.28417450189590454,142838,33,2,False,Left,Front,Left,Centre,58
<_io.BytesIO object at 0x000001FF3FA9C540>,0.7446271777153015,0.0326763391494751,0.34001779556274414,142838,33,2,False,Left,Front,Left,Centre,58
<_io.BytesIO object at 0x000001FF3FA9C180>,0.689422070980072,0.08572152256965637,-0.1550809144973755,142838,33,2,False,Left,Front,Left,Centre,58
<_io.BytesIO object at 0x000001FF3FA9CA40>,0.6975618600845337,0.09017138183116913,-0.11914362013339996,142838,33,2,False,Left,Front,Left,Centre,58
<_io.BytesIO object at 0x000001FF3FA9CDB0>,0.6222866773605347,0.10524838417768478,-0.10118748992681503,142838,33,2,False,Left,Front,Left,Centre,58
<_io.BytesIO object at 0x000001FF3FA9C720>,0.725350558757782,0.05993938446044922,-0.10354819893836975,142838,33,2,False,Left,Front,Left,Centre,58
<_io.BytesIO object at 0x000001FF3FA9C680>,0.6879618763923645,0.05596654862165451,-0.05242543667554855,142838,33,2,False,Left,Front,Left,Centre,58
<_io.BytesIO object at 0x000001FF3CCB1310>,0.697841227054596,0.11165675520896912,0.3626469671726227,142839,33,2,False,Left,Front,Left,Centre,58
<_io.BytesIO object at 0x000001FF3CCB1D10>,0.7034446001052856,0.08226402848958969,0.3007947504520416,142839,33,2,False,Left,Front,Left,Centre,58
<_io.BytesIO object at 0x000001FF3CCB1860>,0.7150605320930481,0.12485364079475403,0.28827300667762756,142839,33,2,False,Left,Front,Left,Centre,58
<_io.BytesIO object at 0x000001FF3CC64EF0>,0.7351832985877991,0.056589916348457336,0.28417450189590454,142839,33,2,False,Left,Front,Left,Centre,58
<_io.BytesIO object at 0x000001FF3CC64A90>,0.7446271777153015,0.0326763391494751,0.34001779556274414,142839,33,2,False,Left,Front,Left,Centre,58
<_io.BytesIO object at 0x000001FF3CC64770>,0.6901633739471436,0.08548689633607864,-0.1570187509059906,142839,33,2,False,Left,Front,Left,Centre,58
<_io.BytesIO object at 0x000001FF3CC64360>,0.6969591379165649,0.08866209536790848,-0.12071576714515686,142839,33,2,False,Left,Front,Left,Centre,58
<_io.BytesIO object at 0x000001FF3CC644F0>,0.6214426755905151,0.10305062681436539,-0.10255690664052963,142839,33,2,False,Left,Front,Left,Centre,58
<_io.BytesIO object at 0x000001FF3CC64450>,0.7247982621192932,0.05846844241023064,-0.10501635074615479,142839,33,2,False,Left,Front,Left,Centre,58
<_io.BytesIO object at 0x000001FF3CC64CC0>,0.6873259544372559,0.05374021828174591,-0.05413588508963585,142839,33,2,False,Left,Front,Left,Centre,58
<_io.BytesIO object at 0x000001FF3CC5EE00>,0.697841227054596,0.11165675520896912,0.3626469671726227,142840,33,2,False,Left,Front,Left,Centre,58
<_io.BytesIO object at 0x000001FF3CC75450>,0.7034446001052856,0.08226402848958969,0.3007947504520416,142840,33,2,False,Left,Front,Left,Centre,58
<_io.BytesIO object at 0x000001FF3CC757C0>,0.7150605320930481,0.12485364079475403,0.28827300667762756,142840,33,2,False,Left,Front,Left,Centre,58
<_io.BytesIO object at 0x000001FF3CC75040>,0.7351832985877991,0.056589916348457336,0.28417450189590454,142840,33,2,False,Left,Front,Left,Centre,58
<_io.BytesIO object at 0x000001FF3CC754A0>,0.7446271777153015,0.0326763391494751,0.34001779556274414,142840,33,2,False,Left,Front,Left,Centre,58
<_io.BytesIO object at 0x000001FF3FA71BD0>,0.6905052065849304,0.0849088728427887,-0.15863102674484253,142840,33,2,False,Left,Front,Left,Centre,58
<_io.BytesIO object at 0x000001FF3CCAA860>,0.6960991024971008,0.08702292293310165,-0.12189475446939468,142840,33,2,False,Left,Front,Left,Centre,58
<_io.BytesIO object at 0x000001FF3CCAA3B0>,0.6205951571464539,0.10083901137113571,-0.10367793589830399,142840,33,2,False,Left,Front,Left,Centre,58
<_io.BytesIO object at 0x000001FF3CCAAF40>,0.7242748737335205,0.05696756765246391,-0.10635540634393692,142840,33,2,False,Left,Front,Left,Centre,58
<_io.BytesIO object at 0x000001FF3CCAAD60>,0.6866795420646667,0.05154323950409889,-0.055648740381002426,142840,33,2,False,Left,Front,Left,Centre,58
