_io,asset_ID,pos_x,pos_y,pos_z,rot_w,rot_x,rot_y,rot_z,error,tracking_valid,frame,trial_num,block_num,practicing,left_right_hand,palm_back_hand,target_loc,distractor_loc,participant_id
<_io.BytesIO object at 0x00000178E5F72CC0>,1056854481,0.08461549133062363,-0.0883907601237297,0.5745978355407715,0.0775296613574028,-0.08444944024085999,0.4689667820930481,0.05844859033823013,-0.05818384885787964,2254,204180,55,4,False,Right,Back,Right,Left,62
<_io.BytesIO object at 0x00000178E5FEBE00>,3682811656,-6.947972320412146e+31,2.5119255881947373e-40,6.979497708007332e-39,1.8367099231598242e-40,-4.661160346586257e-12,6.4708330121517044e+35,1.3908221730676998e-26,-2.909441076063057e-19,16078,204180,55,4,False,Right,Back,Right,Left,62
<_io.BytesIO object at 0x00000178E5F72900>,1054973973,-0.15364329516887665,0.7869760990142822,0.004980983212590218,9.183689745645554e-41,-1.2331705039020216e+35,4.8366336101758446e-29,-4.432776301105444e+20,2.07965367405141e+31,16042,204180,55,4,False,Right,Back,Right,Left,62
<_io.BytesIO object at 0x00000178E5F72C70>,1054243605,0.7529463768005371,0.383089154958725,0.0,0.0,0.0,0.0,0.0,8.265194654219209e-40,0,204180,55,4,False,Right,Back,Right,Left,62
<_io.BytesIO object at 0x00000178E5FC2130>,1056855099,0.08444249629974365,-0.08830005675554276,0.574700653553009,0.07731559872627258,-0.08425021171569824,0.4689056873321533,0.05820851027965546,-0.05837036669254303,-674,204181,55,4,False,Right,Back,Right,Left,62
<_io.BytesIO object at 0x00000178E5FC26D0>,4178198279,2.2900831405530098e+30,2.511953614164024e-40,6.979497708007332e-39,1.8367099231598242e-40,-2.9569491744041443e-08,1.6501601084037688e+35,9.353626305123216e-25,5729248870400.0,16078,204181,55,4,False,Right,Back,Right,Left,62
<_io.BytesIO object at 0x00000178E5FC2EA0>,1054981161,-0.15256726741790771,0.7873625755310059,0.004944071639329195,9.183689745645554e-41,-1.2331705039020216e+35,4.8366336101758446e-29,-4.432776301105444e+20,2.07965367405141e+31,16042,204181,55,4,False,Right,Back,Right,Left,62
<_io.BytesIO object at 0x00000178E5FC2E50>,1054243605,0.7529463768005371,0.383089154958725,0.0,0.0,0.0,0.0,0.0,8.265194654219209e-40,0,204181,55,4,False,Right,Back,Right,Left,62
<_io.BytesIO object at 0x00000178E5FC2180>,1056854963,0.0842953696846962,-0.08821064978837967,0.574833333492279,0.07693345844745636,-0.08404522389173508,0.4688557982444763,0.05804355815052986,-0.05850045755505562,-3658,204182,55,4,False,Right,Back,Right,Left,62
<_io.BytesIO object at 0x00000178E5FC29F0>,3854122759,-3.1775071922188024e+37,2.511953614164024e-40,6.979497708007332e-39,1.8367099231598242e-40,-8.344650268554688e-07,-7.758165714184281e-35,2.3523740307172332e-21,7.198354412882048e+19,16078,204182,55,4,False,Right,Back,Right,Left,62
<_io.BytesIO object at 0x00000178E5FC28B0>,1054982919,-0.15254013240337372,0.7872923016548157,0.00495134387165308,9.183689745645554e-41,-1.2331705039020216e+35,4.8366336101758446e-29,-4.432776301105444e+20,2.07965367405141e+31,16042,204182,55,4,False,Right,Back,Right,Left,62
<_io.BytesIO object at 0x00000178E5FC2180>,1054243605,0.7529463768005371,0.383089154958725,0.0,0.0,0.0,0.0,0.0,8.265194654219209e-40,0,204182,55,4,False,Right,Back,Right,Left,62
<_io.BytesIO object at 0x00000178E5FC2EF0>,1056854906,0.08416011929512024,-0.08816518634557724,0.5748383402824402,0.07656127959489822,-0.08394453674554825,0.46880608797073364,0.05784737691283226,-0.05861900746822357,-8384,204183,55,4,False,Right,Back,Right,Left,62
<_io.BytesIO object at 0x00000178E5FC2EA0>,2507357959,55361916928.0,2.5119816401333103e-40,6.979497708007332e-39,1.8367099231598242e-40,-2.1904706954956055e-06,-6.784646536554745e-19,2.3618924199254876e-14,-4.899395378860033e-30,16078,204183,55,4,False,Right,Back,Right,Left,62
<_io.BytesIO object at 0x00000178E5FC28B0>,1054977095,-0.15269245207309723,0.7871790528297424,0.0049393391236662865,9.183689745645554e-41,-1.2331705039020216e+35,4.8366336101758446e-29,-4.432776301105444e+20,2.07965367405141e+31,16042,204183,55,4,False,Right,Back,Right,Left,62
<_io.BytesIO object at 0x00000178E5FC2EF0>,1054243605,0.7529463768005371,0.383089154958725,0.0,0.0,0.0,0.0,0.0,8.265194654219209e-40,0,204183,55,4,False,Right,Back,Right,Left,62
<_io.BytesIO object at 0x00000178E5F72540>,1056852921,0.08409927040338516,-0.08813908696174622,0.5747672915458679,0.07657171040773392,-0.08386567234992981,0.46875423192977905,0.057720333337783813,-0.05871203541755676,-11428,204184,55,4,False,Right,Back,Right,Left,62
<_io.BytesIO object at 0x00000178E5F72090>,109330183,-5.96553826953199e+31,2.5119956531179536e-40,6.979497708007332e-39,1.8367099231598242e-40,-1.6167759895324707e-06,-9.883540741384422e-08,1.2790572156973212e-08,-7.312085337755346e+22,16078,204184,55,4,False,Right,Back,Right,Left,62
<_io.BytesIO object at 0x00000178E5F72360>,1054966031,-0.1529301255941391,0.7869781851768494,0.00494029838591814,9.183689745645554e-41,-1.2331705039020216e+35,4.8366336101758446e-29,-4.432776301105444e+20,2.07965367405141e+31,16042,204184,55,4,False,Right,Back,Right,Left,62
<_io.BytesIO object at 0x00000178E5F72450>,1054243605,0.7529463768005371,0.383089154958725,0.0,0.0,0.0,0.0,0.0,8.265194654219209e-40,0,204184,55,4,False,Right,Back,Right,Left,62
<_io.BytesIO object at 0x00000178E5FC2950>,1056852634,0.08414330333471298,-0.08818277716636658,0.5747659206390381,0.07678403705358505,-0.08378814905881882,0.4687008857727051,0.05773817002773285,-0.05876685306429863,-14317,204185,55,4,False,Right,Back,Right,Left,62
<_io.BytesIO object at 0x00000178E5FC28B0>,3118350087,1.8425575509795067e-09,2.512009666102597e-40,6.979497708007332e-39,1.8367099231598242e-40,-2.0384788513183594e-05,-239.24742126464844,0.0023916680365800858,-2.417955896991942e+32,16078,204185,55,4,False,Right,Back,Right,Left,62
<_io.BytesIO object at 0x00000178E5F72680>,1054961419,-0.1527131199836731,0.7870354056358337,0.004943758714944124,9.183689745645554e-41,-1.2331705039020216e+35,4.8366336101758446e-29,-4.432776301105444e+20,2.07965367405141e+31,16042,204185,55,4,False,Right,Back,Right,Left,62
<_io.BytesIO object at 0x00000178E5F729A0>,1054243605,0.7529463768005371,0.383089154958725,0.0,0.0,0.0,0.0,0.0,8.265194654219209e-40,0,204185,55,4,False,Right,Back,Right,Left,62
<_io.BytesIO object at 0x00000178E5FC2C70>,1056852163,0.0842454805970192,-0.08814393728971481,0.5748013257980347,0.07707009464502335,-0.08373140543699265,0.46867746114730835,0.05786602571606636,-0.05877228081226349,-13457,204186,55,4,False,Right,Back,Right,Left,62
<_io.BytesIO object at 0x00000178E5FC2D10>,681721607,-8.103490416629982e-39,2.512009666102597e-40,6.979497708007332e-39,1.8367099231598242e-40,-5.14984130859375e-05,-49546033889280.0,2203.845703125,2.5667737007959344e-17,16079,204186,55,4,False,Right,Back,Right,Left,62
<_io.BytesIO object at 0x00000178E5FC2090>,1054951442,-0.15271790325641632,0.787017822265625,0.004949027206748724,9.183689745645554e-41,-1.2331705039020216e+35,4.8366336101758446e-29,-4.432776301105444e+20,2.07965367405141e+31,16042,204186,55,4,False,Right,Back,Right,Left,62
<_io.BytesIO object at 0x00000178E5FC29A0>,1054243605,0.7529463768005371,0.383089154958725,0.0,0.0,0.0,0.0,0.0,8.265194654219209e-40,0,204186,55,4,False,Right,Back,Right,Left,62
<_io.BytesIO object at 0x00000178E5F72630>,1056851641,0.08448203653097153,-0.0881098285317421,0.5747893452644348,0.07742899656295776,-0.08377033472061157,0.4687086343765259,0.05809137970209122,-0.058728769421577454,-13466,204187,55,4,False,Right,Back,Right,Left,62
<_io.BytesIO object at 0x00000178E5F72400>,1094467335,-4.2211132887452245e+36,2.5119816401333103e-40,6.979497708007332e-39,1.8367099231598242e-40,-0.00018978118896484375,-1.5418283011901543e+24,4688908288.0,167502768.0,16079,204187,55,4,False,Right,Back,Right,Left,62
<_io.BytesIO object at 0x00000178E5F72680>,1054943858,-0.15260544419288635,0.7870042324066162,0.004946005530655384,9.183689745645554e-41,-1.2331705039020216e+35,4.8366336101758446e-29,-4.432776301105444e+20,2.07965367405141e+31,16042,204187,55,4,False,Right,Back,Right,Left,62
<_io.BytesIO object at 0x00000178E5F722C0>,1054243605,0.7529463768005371,0.383089154958725,0.0,0.0,0.0,0.0,0.0,8.265194654219209e-40,0,204187,55,4,False,Right,Back,Right,Left,62
<_io.BytesIO object at 0x00000178E5FC2180>,1056854835,0.08482545614242554,-0.0880240797996521,0.5748934149742126,0.07768703997135162,-0.08377621322870255,0.4687248766422272,0.05843846872448921,-0.05866661295294762,-12012,204188,55,4,False,Right,Back,Right,Left,62
<_io.BytesIO object at 0x00000178E5FC2220>,2224897799,-5.012821269190226e-09,2.5119816401333103e-40,6.979497708007332e-39,1.8367099231598242e-40,-1.6808509826660156e-05,-2.0545871716632503e+34,7.082983537388814e+19,-2658466004992.0,16079,204188,55,4,False,Right,Back,Right,Left,62
<_io.BytesIO object at 0x00000178E5FC2180>,1054922904,-0.15296654403209686,0.7867524027824402,0.0049574412405490875,9.183689745645554e-41,-1.2331705039020216e+35,4.8366336101758446e-29,-4.432776301105444e+20,2.07965367405141e+31,16042,204188,55,4,False,Right,Back,Right,Left,62
<_io.BytesIO object at 0x00000178E5FC2630>,1054243605,0.7529463768005371,0.383089154958725,0.0,0.0,0.0,0.0,0.0,8.265194654219209e-40,0,204188,55,4,False,Right,Back,Right,Left,62
<_io.BytesIO object at 0x00000178E5FC2450>,1056857850,0.08523789048194885,-0.08802074193954468,0.5750866532325745,0.07779671251773834,-0.08369152992963791,0.4688119888305664,0.05893001705408096,-0.058564722537994385,-10621,204189,55,4,False,Right,Back,Right,Left,62
<_io.BytesIO object at 0x00000178E5FC2B30>,286932743,2.108126629283758e+17,2.511953614164024e-40,6.979497708007332e-39,1.8367099231598242e-40,-4.1961669921875e-05,4.7018998022948965e-34,8.075251998369387e+27,2.4207865502410564e-26,16080,204189,55,4,False,Right,Back,Right,Left,62
<_io.BytesIO object at 0x00000178E5FC2450>,1054912247,-0.15284976363182068,0.7866969108581543,0.004965272732079029,9.183689745645554e-41,-1.2331705039020216e+35,4.8366336101758446e-29,-4.432776301105444e+20,2.07965367405141e+31,16042,204189,55,4,False,Right,Back,Right,Left,62
<_io.BytesIO object at 0x00000178E5FC2A90>,1054243605,0.7529463768005371,0.383089154958725,0.0,0.0,0.0,0.0,0.0,8.265194654219209e-40,0,204189,55,4,False,Right,Back,Right,Left,62
<_io.BytesIO object at 0x00000178E5FCFA90>,1056862059,0.0856606513261795,-0.08799347281455994,0.5752267837524414,0.07790634781122208,-0.08368292450904846,0.4689173400402069,0.05945728346705437,-0.058413900434970856,-8697,204190,55,4,False,Right,Back,Right,Left,62
<_io.BytesIO object at 0x00000178E5F725E0>,1580809991,-2.931534020118561e-15,2.5119255881947373e-40,6.979497708007332e-39,1.8367099231598242e-40,-5.316734313964844e-05,6.261671913830911e-22,1.1526099138418573e+37,2.0850482920704754e+28,16080,204190,55,4,False,Right,Back,Right,Left,62
<_io.BytesIO object at 0x00000178E5F72DB0>,1054898969,-0.15287020802497864,0.7865602374076843,0.004981445148587227,9.183689745645554e-41,-1.2331705039020216e+35,4.8366336101758446e-29,-4.432776301105444e+20,2.07965367405141e+31,16042,204190,55,4,False,Right,Back,Right,Left,62
<_io.BytesIO object at 0x00000178E5F72360>,1054243605,0.7529463768005371,0.383089154958725,0.0,0.0,0.0,0.0,0.0,8.265194654219209e-40,0,204190,55,4,False,Right,Back,Right,Left,62
<_io.BytesIO object at 0x00000178E5FC2EF0>,1056865845,0.08605684340000153,-0.08789554238319397,0.5753854513168335,0.0780891478061676,-0.08367528021335602,0.46898797154426575,0.05997967720031738,-0.058263182640075684,-7413,204191,55,4,False,Right,Back,Right,Left,62
<_io.BytesIO object at 0x00000178E5FC2630>,953696007,6.421748239560606e+18,2.511897562225451e-40,6.979497708007332e-39,1.8367099231598242e-40,-0.0020599365234375,6.657712142005279e-12,-3.172784149144129e-32,-1.0481571970705332e-23,16080,204191,55,4,False,Right,Back,Right,Left,62
<_io.BytesIO object at 0x00000178E5FC2D10>,1054891951,-0.15261226892471313,0.7865579128265381,0.0049781110137701035,9.183689745645554e-41,-1.2331705039020216e+35,4.8366336101758446e-29,-4.432776301105444e+20,2.07965367405141e+31,16042,204191,55,4,False,Right,Back,Right,Left,62
<_io.BytesIO object at 0x00000178E5FC2AE0>,1054243605,0.7529463768005371,0.383089154958725,0.0,0.0,0.0,0.0,0.0,8.265194654219209e-40,0,204191,55,4,False,Right,Back,Right,Left,62
<_io.BytesIO object at 0x00000178E5F72720>,1056870076,0.08646179735660553,-0.08781488239765167,0.5754920840263367,0.07830110937356949,-0.08361847698688507,0.46906232833862305,0.06046515330672264,-0.05806886404752731,-6416,204192,55,4,False,Right,Back,Right,Left,62
<_io.BytesIO object at 0x00000178E5FCF4A0>,735264519,-3.257796579491916e-17,2.511841510286878e-40,6.979497708007332e-39,1.8367099231598242e-40,-0.0002422332763671875,29916846.0,-2.4053137918690187e-21,6.210118191034416e-15,16081,204192,55,4,False,Right,Back,Right,Left,62
<_io.BytesIO object at 0x00000178E5FCFE00>,1054873012,-0.15296651422977448,0.7862390875816345,0.004978346172720194,9.183689745645554e-41,-1.2331705039020216e+35,4.8366336101758446e-29,-4.432776301105444e+20,2.07965367405141e+31,16042,204192,55,4,False,Right,Back,Right,Left,62
<_io.BytesIO object at 0x00000178E5FCFC70>,1054243605,0.7529463768005371,0.383089154958725,0.0,0.0,0.0,0.0,0.0,8.265194654219209e-40,0,204192,55,4,False,Right,Back,Right,Left,62
<_io.BytesIO object at 0x00000178E5F722C0>,1056873019,0.08679965138435364,-0.08768997341394424,0.5755996108055115,0.07855498790740967,-0.08352559804916382,0.46917015314102173,0.0609583705663681,-0.05785324424505234,-4633,204193,55,4,False,Right,Back,Right,Left,62
<_io.BytesIO object at 0x00000178E5F724F0>,1831943943,3.901604185755822e+23,2.511799471332948e-40,6.979497708007332e-39,1.8367099231598242e-40,-3.25,2042869921611776.0,-9.218607864916462e-13,-4.1600445061686886e+17,16080,204193,55,4,False,Right,Back,Right,Left,62
<_io.BytesIO object at 0x00000178E5F72220>,1054878472,-0.15206460654735565,0.7866210341453552,0.004977361764758825,9.183689745645554e-41,-1.2331705039020216e+35,4.8366336101758446e-29,-4.432776301105444e+20,2.07965367405141e+31,16042,204193,55,4,False,Right,Back,Right,Left,62
<_io.BytesIO object at 0x00000178E5F72EF0>,1054243605,0.7529463768005371,0.383089154958725,0.0,0.0,0.0,0.0,0.0,8.265194654219209e-40,0,204193,55,4,False,Right,Back,Right,Left,62
<_io.BytesIO object at 0x00000178E5FCFBD0>,1056873504,0.08712197095155716,-0.08751989156007767,0.5757064819335938,0.07888437062501907,-0.08335141092538834,0.4692303240299225,0.061252661049366,-0.057712372392416,-3546,204194,55,4,False,Right,Back,Right,Left,62
<_io.BytesIO object at 0x00000178E5FC25E0>,2464497415,696.95751953125,2.5117714453636616e-40,6.979497708007332e-39,1.8367099231598242e-40,-200.0,3.1226718258999475e+29,-0.0002314952580491081,-2.2278083069577075e+32,16080,204194,55,4,False,Right,Back,Right,Left,62
<_io.BytesIO object at 0x00000178E5FEBF90>,1054876494,-0.15197601914405823,0.786574125289917,0.004977772943675518,9.183689745645554e-41,-1.2331705039020216e+35,4.8366336101758446e-29,-4.432776301105444e+20,2.07965367405141e+31,16042,204194,55,4,False,Right,Back,Right,Left,62
<_io.BytesIO object at 0x00000178E5FC2CC0>,1054243605,0.7529463768005371,0.383089154958725,0.0,0.0,0.0,0.0,0.0,8.265194654219209e-40,0,204194,55,4,False,Right,Back,Right,Left,62
<_io.BytesIO object at 0x00000178E5FCF270>,1056873702,0.08749702572822571,-0.08733180910348892,0.5757462978363037,0.0792163610458374,-0.08320935815572739,0.469259649515152,0.06149808317422867,-0.05754513666033745,-2352,204195,55,4,False,Right,Back,Right,Left,62
<_io.BytesIO object at 0x00000178E5FC2EF0>,1396195079,4.51544829305206e-10,2.511743419394375e-40,6.979497708007332e-39,1.8367099231598242e-40,-1392.0,-2.899648338902176e-30,-6184644.5,0.0609724335372448,16081,204195,55,4,False,Right,Back,Right,Left,62
<_io.BytesIO object at 0x00000178E5FC2DB0>,1054872720,-0.15224069356918335,0.7862991690635681,0.004974761046469212,9.183689745645554e-41,-1.2331705039020216e+35,4.8366336101758446e-29,-4.432776301105444e+20,2.07965367405141e+31,16042,204195,55,4,False,Right,Back,Right,Left,62
<_io.BytesIO object at 0x00000178E5FC2F90>,1054243605,0.7529463768005371,0.383089154958725,0.0,0.0,0.0,0.0,0.0,8.265194654219209e-40,0,204195,55,4,False,Right,Back,Right,Left,62
<_io.BytesIO object at 0x00000178E5FCFD10>,1056874379,0.08775777369737625,-0.08717238903045654,0.5757713317871094,0.07949291914701462,-0.08308342099189758,0.4693102240562439,0.06170254200696945,-0.05740337818861008,-1102,204196,55,4,False,Right,Back,Right,Left,62
<_io.BytesIO object at 0x00000178E5FCF630>,289423111,5.829688652906009e-21,2.5117153934250886e-40,6.979497708007332e-39,1.8367099231598242e-40,-45568.0,-6.758946158834378e-13,-159143721697280.0,750936041455616.0,16081,204196,55,4,False,Right,Back,Right,Left,62
<_io.BytesIO object at 0x00000178E5FCF6D0>,1054872315,-0.1522129476070404,0.7862053513526917,0.004973454866558313,9.183689745645554e-41,-1.2331705039020216e+35,4.8366336101758446e-29,-4.432776301105444e+20,2.07965367405141e+31,16042,204196,55,4,False,Right,Back,Right,Left,62
<_io.BytesIO object at 0x00000178E5FCFEA0>,1054243605,0.7529463768005371,0.383089154958725,0.0,0.0,0.0,0.0,0.0,8.265194654219209e-40,0,204196,55,4,False,Right,Back,Right,Left,62
<_io.BytesIO object at 0x00000178E5FC2270>,1056874796,0.08797246962785721,-0.08702399581670761,0.5757909417152405,0.07970621436834335,-0.08297272771596909,0.4693642854690552,0.06188174709677696,-0.057253770530223846,-61,204197,55,4,False,Right,Back,Right,Left,62
<_io.BytesIO object at 0x00000178E5FC2DB0>,3151642375,4.64145351928101e-18,2.511687367455802e-40,6.979497708007332e-39,1.8367099231598242e-40,-8126464.0,-128638.6796875,-5.306531993415574e+23,4.2380119427703196e+21,16081,204197,55,4,False,Right,Back,Right,Left,62
<_io.BytesIO object at 0x00000178E5FCF1D0>,1054873556,-0.152206152677536,0.7861415147781372,0.004972654394805431,9.183689745645554e-41,-1.2331705039020216e+35,4.8366336101758446e-29,-4.432776301105444e+20,2.07965367405141e+31,16042,204197,55,4,False,Right,Back,Right,Left,62
<_io.BytesIO object at 0x00000178E5FCF3B0>,1054243605,0.7529463768005371,0.383089154958725,0.0,0.0,0.0,0.0,0.0,8.265194654219209e-40,0,204197,55,4,False,Right,Back,Right,Left,62
<_io.BytesIO object at 0x00000178E5F72360>,1056875061,0.08820595592260361,-0.08685214817523956,0.5758219361305237,0.07988470792770386,-0.0828920379281044,0.46940645575523376,0.06205268204212189,-0.057120468467473984,866,204198,55,4,False,Right,Back,Right,Left,62
<_io.BytesIO object at 0x00000178E5F72040>,2628468488,1.2663751991492944e-10,2.5116593414865156e-40,6.979497708007332e-39,1.8367099231598242e-40,-63700992.0,-1.12484205279687e+38,-1.1091454539394014e+33,-2.309714934785938e-26,16081,204198,55,4,False,Right,Back,Right,Left,62
<_io.BytesIO object at 0x00000178E5F72D60>,1054882825,-0.15257489681243896,0.7857195734977722,0.0049822055734694,9.183689745645554e-41,-1.2331705039020216e+35,4.8366336101758446e-29,-4.432776301105444e+20,2.07965367405141e+31,16042,204198,55,4,False,Right,Back,Right,Left,62
<_io.BytesIO object at 0x00000178E5F72310>,1054243605,0.7529463768005371,0.383089154958725,0.0,0.0,0.0,0.0,0.0,8.265194654219209e-40,0,204198,55,4,False,Right,Back,Right,Left,62
<_io.BytesIO object at 0x00000178E5FC2C70>,1056876182,0.08837763220071793,-0.0867953971028328,0.575883686542511,0.07998925447463989,-0.08287664502859116,0.46941515803337097,0.06226472556591034,-0.05697077885270119,1728,204199,55,4,False,Right,Back,Right,Left,62
<_io.BytesIO object at 0x00000178E5FC2EA0>,3698933512,0.13304632902145386,2.511631315517229e-40,6.979497708007332e-39,1.8367099231598242e-40,-977272832.0,3.1675692799916283e-15,4.355622584594171e-34,-3.4199245699141723e+22,16081,204199,55,4,False,Right,Back,Right,Left,62
<_io.BytesIO object at 0x00000178E5F72D10>,1054874085,-0.15270987153053284,0.7855201959609985,0.0049949390813708305,9.183689745645554e-41,-1.2331705039020216e+35,4.8366336101758446e-29,-4.432776301105444e+20,2.07965367405141e+31,16042,204199,55,4,False,Right,Back,Right,Left,62
<_io.BytesIO object at 0x00000178E5F720E0>,1054243605,0.7529463768005371,0.383089154958725,0.0,0.0,0.0,0.0,0.0,8.265194654219209e-40,0,204199,55,4,False,Right,Back,Right,Left,62
<_io.BytesIO object at 0x00000178E5FC28B0>,1056875906,0.0885261818766594,-0.0867646262049675,0.5758817195892334,0.08008002489805222,-0.08295215666294098,0.4693802297115326,0.06252696365118027,-0.05682837590575218,2375,204200,55,4,False,Right,Back,Right,Left,62
<_io.BytesIO object at 0x00000178E5FC2D10>,3490266888,-3.372026970231706e-20,2.5116032895479426e-40,6.979497708007332e-39,1.8367099231598242e-40,-25769803776.0,23625390.0,4.4393849527518086e-24,-54155001856.0,16081,204200,55,4,False,Right,Back,Right,Left,62
<_io.BytesIO object at 0x00000178E5FC2900>,1054882596,-0.15274734795093536,0.7854496240615845,0.004989248234778643,9.183689745645554e-41,-1.2331705039020216e+35,4.8366336101758446e-29,-4.432776301105444e+20,2.07965367405141e+31,16042,204200,55,4,False,Right,Back,Right,Left,62
<_io.BytesIO object at 0x00000178E5FC2DB0>,1054243605,0.7529463768005371,0.383089154958725,0.0,0.0,0.0,0.0,0.0,8.265194654219209e-40,0,204200,55,4,False,Right,Back,Right,Left,62
<_io.BytesIO object at 0x00000178E5F724A0>,1056874405,0.08864609897136688,-0.086786188185215,0.5758952498435974,0.08020256459712982,-0.08311677724123001,0.4693886637687683,0.06272812187671661,-0.05667923390865326,4464,204201,55,4,False,Right,Back,Right,Left,62
<_io.BytesIO object at 0x00000178E5FCFBD0>,1841184520,-31506439340032.0,2.5115892765632994e-40,6.979497708007332e-39,1.8367099231598242e-40,-131533373440.0,9.29651485284656e+26,2.9792208103786755e-16,1.411044745632557e-26,16082,204201,55,4,False,Right,Back,Right,Left,62
<_io.BytesIO object at 0x00000178E5FCFD10>,1054879049,-0.1529580056667328,0.7851997017860413,0.004991303198039532,9.183689745645554e-41,-1.2331705039020216e+35,4.8366336101758446e-29,-4.432776301105444e+20,2.07965367405141e+31,16042,204201,55,4,False,Right,Back,Right,Left,62
<_io.BytesIO object at 0x00000178E5FCF3B0>,1054243605,0.7529463768005371,0.383089154958725,0.0,0.0,0.0,0.0,0.0,8.265194654219209e-40,0,204201,55,4,False,Right,Back,Right,Left,62
<_io.BytesIO object at 0x00000178E5FCF590>,1056873207,0.08876094967126846,-0.08678986877202988,0.5758521556854248,0.08037333190441132,-0.08334295451641083,0.46938356757164,0.06291983276605606,-0.05653594434261322,7415,204202,55,4,False,Right,Back,Right,Left,62
<_io.BytesIO object at 0x00000178E5FCF680>,3952688904,6.807447621212618e+25,2.5115892765632994e-40,6.979497708007332e-39,1.8367099231598242e-40,-6597069766656.0,-2.9386873764343103e-35,1.3891657268949587e-10,3.3447689759596417e-23,16082,204202,55,4,False,Right,Back,Right,Left,62
<_io.BytesIO object at 0x00000178E5FCF810>,1054876123,-0.15262794494628906,0.7852901816368103,0.004988262429833412,9.183689745645554e-41,-1.2331705039020216e+35,4.8366336101758446e-29,-4.432776301105444e+20,2.07965367405141e+31,16042,204202,55,4,False,Right,Back,Right,Left,62
<_io.BytesIO object at 0x00000178E5FCF590>,1054243605,0.7529463768005371,0.383089154958725,0.0,0.0,0.0,0.0,0.0,8.265194654219209e-40,0,204202,55,4,False,Right,Back,Right,Left,62
<_io.BytesIO object at 0x00000178E5FCF040>,1056870992,0.08882137387990952,-0.08685827255249023,0.5757572054862976,0.08064169436693192,-0.08359557390213013,0.46938496828079224,0.06302809715270996,-0.056419070810079575,11386,204203,55,4,False,Right,Back,Right,Left,62
<_io.BytesIO object at 0x00000178E5FCF310>,1511145224,1.2643943699434434e-17,2.5115892765632994e-40,6.979497708007332e-39,1.8367099231598242e-40,-137438953472000.0,-1.2251260879448566e-16,1.1369013009243645e-05,1.7765931872351334e-19,16082,204203,55,4,False,Right,Back,Right,Left,62
<_io.BytesIO object at 0x00000178E5FCF040>,1054876223,-0.15245382487773895,0.785297691822052,0.004989089909940958,9.183689745645554e-41,-1.2331705039020216e+35,4.8366336101758446e-29,-4.432776301105444e+20,2.07965367405141e+31,16042,204203,55,4,False,Right,Back,Right,Left,62
<_io.BytesIO object at 0x00000178E5FCF5E0>,1054243605,0.7529463768005371,0.383089154958725,0.0,0.0,0.0,0.0,0.0,8.265194654219209e-40,0,204203,55,4,False,Right,Back,Right,Left,62
<_io.BytesIO object at 0x00000178E5F72C70>,1056867422,0.08886576443910599,-0.08695384114980698,0.575563371181488,0.08112800866365433,-0.0838780403137207,0.46938514709472656,0.06314495205879211,-0.056381843984127045,15710,204204,55,4,False,Right,Back,Right,Left,62
<_io.BytesIO object at 0x00000178E5F724F0>,1068318472,1302244480.0,2.5116032895479426e-40,6.979497708007332e-39,1.8367099231598242e-40,-743269860376576.0,-3.050740957260132,0.06121591478586197,144853073657856.0,16082,204204,55,4,False,Right,Back,Right,Left,62
<_io.BytesIO object at 0x00000178E5F72720>,1054873524,-0.15263007581233978,0.7850900888442993,0.0049844179302453995,9.183689745645554e-41,-1.2331705039020216e+35,4.8366336101758446e-29,-4.432776301105444e+20,2.07965367405141e+31,16042,204204,55,4,False,Right,Back,Right,Left,62
<_io.BytesIO object at 0x00000178E5F72310>,1054243605,0.7529463768005371,0.383089154958725,0.0,0.0,0.0,0.0,0.0,8.265194654219209e-40,0,204204,55,4,False,Right,Back,Right,Left,62
<_io.BytesIO object at 0x00000178E5FCFE50>,1056864103,0.08891776204109192,-0.08711502701044083,0.5753691792488098,0.08178307861089706,-0.08416970074176788,0.469393789768219,0.06317932903766632,-0.05639565363526344,18053,204205,55,4,False,Right,Back,Right,Left,62
<_io.BytesIO object at 0x00000178E5FCFBD0>,729956104,-6.102778664498049e-35,2.511617302532586e-40,6.979497708007332e-39,1.8367099231598242e-40,-958774139420672.0,-1400755130990592.0,75.37019348144531,-3.9662169363504365e-22,16082,204205,55,4,False,Right,Back,Right,Left,62
<_io.BytesIO object at 0x00000178E5FCFC70>,1054864174,-0.1527988761663437,0.7849370837211609,0.004988976754248142,9.183689745645554e-41,-1.2331705039020216e+35,4.8366336101758446e-29,-4.432776301105444e+20,2.07965367405141e+31,16042,204205,55,4,False,Right,Back,Right,Left,62
<_io.BytesIO object at 0x00000178E5FCF590>,1054243605,0.7529463768005371,0.383089154958725,0.0,0.0,0.0,0.0,0.0,8.265194654219209e-40,0,204205,55,4,False,Right,Back,Right,Left,62
<_io.BytesIO object at 0x00000178E5F72CC0>,1056862217,0.08898495882749557,-0.0873371884226799,0.5752114057540894,0.08244841545820236,-0.08432850241661072,0.46940192580223083,0.06322771310806274,-0.056453388184309006,20077,204206,55,4,False,Right,Back,Right,Left,62
<_io.BytesIO object at 0x00000178E5FC2C70>,826752776,-2.098964335672804e-09,2.511631315517229e-40,6.979497708007332e-39,1.8367099231598242e-40,-2427721674129408.0,-4.917046758925652e+30,127.37019348144531,-4.510838319466537e+37,16082,204206,55,4,False,Right,Back,Right,Left,62
<_io.BytesIO object at 0x00000178E5FC2860>,1054856632,-0.1530742645263672,0.7846161723136902,0.004986911080777645,9.183689745645554e-41,-1.2331705039020216e+35,4.8366336101758446e-29,-4.432776301105444e+20,2.07965367405141e+31,16042,204206,55,4,False,Right,Back,Right,Left,62
<_io.BytesIO object at 0x00000178E5FC2180>,1054243605,0.7529463768005371,0.383089154958725,0.0,0.0,0.0,0.0,0.0,8.265194654219209e-40,0,204206,55,4,False,Right,Back,Right,Left,62
<_io.BytesIO object at 0x00000178E5FCF9A0>,1056859531,0.08907582610845566,-0.0874716117978096,0.5751311182975769,0.0831812173128128,-0.08444608747959137,0.46942371129989624,0.06328166276216507,-0.05654965713620186,17606,204207,55,4,False,Right,Back,Right,Left,62
<_io.BytesIO object at 0x00000178E5FCFE50>,3945742088,2.5450727815382393e-14,2.511631315517229e-40,6.979497708007332e-39,1.8367099231598242e-40,-7.712414361871974e+16,8.127346682206034e-38,1429.9232177734375,2.0090621085836033e-29,16083,204207,55,4,False,Right,Back,Right,Left,62
<_io.BytesIO object at 0x00000178E5FCF1D0>,1054851541,-0.15283584594726562,0.7846759557723999,0.005004109814763069,9.183689745645554e-41,-1.2331705039020216e+35,4.8366336101758446e-29,-4.432776301105444e+20,2.07965367405141e+31,16042,204207,55,4,False,Right,Back,Right,Left,62
<_io.BytesIO object at 0x00000178E5FCFB30>,1054243605,0.7529463768005371,0.383089154958725,0.0,0.0,0.0,0.0,0.0,8.265194654219209e-40,0,204207,55,4,False,Right,Back,Right,Left,62
<_io.BytesIO object at 0x00000178E5FC2180>,1056859264,0.08923652768135071,-0.08756105601787567,0.5750753283500671,0.08375594019889832,-0.08448205888271332,0.46946457028388977,0.06335090845823288,-0.05665729194879532,16168,204208,55,4,False,Right,Back,Right,Left,62
<_io.BytesIO object at 0x00000178E5FC2400>,1113734920,-4264727674880.0,2.511631315517229e-40,6.979497708007332e-39,1.8367099231598242e-40,-3.6303192337060398e+22,-2675.958740234375,3.5069617434630554e+17,-353783119872.0,16080,204208,55,4,False,Right,Back,Right,Left,62
<_io.BytesIO object at 0x00000178E5FC2220>,1054856698,-0.1495063453912735,0.7875115871429443,0.005159808788448572,9.183689745645554e-41,-1.2331705039020216e+35,4.8366336101758446e-29,-4.432776301105444e+20,2.07965367405141e+31,16042,204208,55,4,False,Right,Back,Right,Left,62
<_io.BytesIO object at 0x00000178E5FC29A0>,1054243605,0.7529463768005371,0.383089154958725,0.0,0.0,0.0,0.0,0.0,8.265194654219209e-40,0,204208,55,4,False,Right,Back,Right,Left,62
<_io.BytesIO object at 0x00000178E5FC2680>,1056858600,0.08933699131011963,-0.08765655755996704,0.5750070214271545,0.08416907489299774,-0.08454126119613647,0.46949028968811035,0.0633435919880867,-0.05677497014403343,20686,204209,55,4,False,Right,Back,Right,Left,62
<_io.BytesIO object at 0x00000178E5FC20E0>,400113416,-6.193497388149749e-20,2.511673354471159e-40,6.979497708007332e-39,1.8367099231598242e-40,-1.1702153271759497e+20,6.22303697121045e-33,0.7841421961784363,-1.7011158573645824e+16,16082,204209,55,4,False,Right,Back,Right,Left,62
<_io.BytesIO object at 0x00000178E5FC2680>,1054854998,-0.15233217179775238,0.7849302291870117,0.00499714445322752,9.183689745645554e-41,-1.2331705039020216e+35,4.8366336101758446e-29,-4.432776301105444e+20,2.07965367405141e+31,16042,204209,55,4,False,Right,Back,Right,Left,62
<_io.BytesIO object at 0x00000178E5FC2590>,1054243605,0.7529463768005371,0.383089154958725,0.0,0.0,0.0,0.0,0.0,8.265194654219209e-40,0,204209,55,4,False,Right,Back,Right,Left,62
<_io.BytesIO object at 0x00000178E5FCFC70>,1056857206,0.08946622908115387,-0.08773454278707504,0.5749567747116089,0.08456726372241974,-0.08464079350233078,0.469525545835495,0.06334517896175385,-0.05693402513861656,20992,204210,55,4,False,Right,Back,Right,Left,62
<_io.BytesIO object at 0x00000178E5FCF680>,2940747528,-6.119618370824309e-37,2.5117153934250886e-40,6.979497708007332e-39,1.8367099231598242e-40,-1.1450945363389768e+28,-153.24742126464844,84274256.0,7.304438251484212e-18,16080,204210,55,4,False,Right,Back,Right,Left,62
<_io.BytesIO object at 0x00000178E5FCF3B0>,1054882551,-0.14853060245513916,0.787960946559906,0.005158254411071539,9.183689745645554e-41,-1.2331705039020216e+35,4.8366336101758446e-29,-4.432776301105444e+20,2.07965367405141e+31,16042,204210,55,4,False,Right,Back,Right,Left,62
<_io.BytesIO object at 0x00000178E5FCF630>,1054243605,0.7529463768005371,0.383089154958725,0.0,0.0,0.0,0.0,0.0,8.265194654219209e-40,0,204210,55,4,False,Right,Back,Right,Left,62
<_io.BytesIO object at 0x00000178E5FCF540>,1056857716,0.08954397588968277,-0.08784651756286621,0.5749708414077759,0.08491120487451553,-0.08474782854318619,0.4695861041545868,0.06333360075950623,-0.05707729980349541,22666,204211,55,4,False,Right,Back,Right,Left,62
<_io.BytesIO object at 0x00000178E5FC27C0>,2363506440,-391357071360.0,2.511743419394375e-40,6.979497708007332e-39,1.8367099231598242e-40,-2.7448755181679813e+22,8.529456824527002e-29,4.268722528233404e-11,-2.8568933606044467e+17,16082,204211,55,4,False,Right,Back,Right,Left,62
<_io.BytesIO object at 0x00000178E5FC2EA0>,1054878362,-0.15310068428516388,0.7843841910362244,0.005002553574740887,9.183689745645554e-41,-1.2331705039020216e+35,4.8366336101758446e-29,-4.432776301105444e+20,2.07965367405141e+31,16042,204211,55,4,False,Right,Back,Right,Left,62
<_io.BytesIO object at 0x00000178E5FC24F0>,1054243605,0.7529463768005371,0.383089154958725,0.0,0.0,0.0,0.0,0.0,8.265194654219209e-40,0,204211,55,4,False,Right,Back,Right,Left,62
<_io.BytesIO object at 0x00000178E5F72C70>,1056859708,0.08961645513772964,-0.08799244463443756,0.5750024318695068,0.08520864695310593,-0.08487477898597717,0.4697001874446869,0.0633145123720169,-0.05727916210889816,24552,204212,55,4,False,Right,Back,Right,Left,62
<_io.BytesIO object at 0x00000178E5F72400>,1566523144,-1.2149213803734663e+27,2.5117714453636616e-40,6.979497708007332e-39,1.8367099231598242e-40,-513802240.0,115023208448.0,-1.8840531076687113e+38,-2004935.375,16087,204212,55,4,False,Right,Back,Right,Left,62
<_io.BytesIO object at 0x00000178E5F726D0>,1054832315,-0.16205167770385742,0.7782143950462341,0.004847829230129719,9.183689745645554e-41,-1.2331705039020216e+35,4.8366336101758446e-29,-4.432776301105444e+20,2.07965367405141e+31,16042,204212,55,4,False,Right,Back,Right,Left,62
<_io.BytesIO object at 0x00000178E5F72C70>,1054243605,0.7529463768005371,0.383089154958725,0.0,0.0,0.0,0.0,0.0,8.265194654219209e-40,0,204212,55,4,False,Right,Back,Right,Left,62
<_io.BytesIO object at 0x00000178E5FC27C0>,1056862279,0.08965305238962173,-0.08815290778875351,0.5750517249107361,0.08541668951511383,-0.0849694013595581,0.4698026478290558,0.06328266113996506,-0.05744610354304314,26441,204213,55,4,False,Right,Back,Right,Left,62
<_io.BytesIO object at 0x00000178E5FC2720>,4118036232,-3.3630747115965124e+31,2.511799471332948e-40,6.979497708007332e-39,1.8367099231598242e-40,-9499780463984640.0,8.207661887941969e-19,4.4154221945369443e-10,2.144071031828787e-10,16084,204213,55,4,False,Right,Back,Right,Left,62
<_io.BytesIO object at 0x00000178E5FC2B80>,1054830753,-0.15547075867652893,0.7833459973335266,0.00506413821130991,9.183689745645554e-41,-1.2331705039020216e+35,4.8366336101758446e-29,-4.432776301105444e+20,2.07965367405141e+31,16042,204213,55,4,False,Right,Back,Right,Left,62
<_io.BytesIO object at 0x00000178E5FC27C0>,1054243605,0.7529463768005371,0.383089154958725,0.0,0.0,0.0,0.0,0.0,8.265194654219209e-40,0,204213,55,4,False,Right,Back,Right,Left,62
<_io.BytesIO object at 0x00000178E5FCF680>,1056866080,0.08966661989688873,-0.08836767822504044,0.5751035213470459,0.08556223660707474,-0.08504792302846909,0.4698915481567383,0.0632481500506401,-0.057624634355306625,27942,204214,55,4,False,Right,Back,Right,Left,62
<_io.BytesIO object at 0x00000178E5FCFE00>,824983304,51.309967041015625,2.511841510286878e-40,6.979497708007332e-39,1.8367099231598242e-40,-285873023221760.0,1.9879573163273994e-15,5.202030362028154e-09,56302485504.0,16084,204214,55,4,False,Right,Back,Right,Left,62
<_io.BytesIO object at 0x00000178E5FCF400>,1054804941,-0.15495313704013824,0.7837398052215576,0.00505487434566021,9.183689745645554e-41,-1.2331705039020216e+35,4.8366336101758446e-29,-4.432776301105444e+20,2.07965367405141e+31,16042,204214,55,4,False,Right,Back,Right,Left,62
<_io.BytesIO object at 0x00000178E5FCFC70>,1054243605,0.7529463768005371,0.383089154958725,0.0,0.0,0.0,0.0,0.0,8.265194654219209e-40,0,204214,55,4,False,Right,Back,Right,Left,62
<_io.BytesIO object at 0x00000178E5FCFEA0>,1056869227,0.08963829278945923,-0.08852412551641464,0.5751633048057556,0.0856919214129448,-0.08511947840452194,0.47000133991241455,0.0631493479013443,-0.05780191347002983,29170,204215,55,4,False,Right,Back,Right,Left,62
<_io.BytesIO object at 0x00000178E5FCFBD0>,366558984,9.560602309832689e-11,2.5118695362561643e-40,6.979497708007332e-39,1.8367099231598242e-40,-17448304640.0,139517.359375,8.394286932222883e-10,-2.7530693604765926e+31,16084,204215,55,4,False,Right,Back,Right,Left,62
<_io.BytesIO object at 0x00000178E5FCF540>,1054768747,-0.15561167895793915,0.7835516929626465,0.005112231709063053,9.183689745645554e-41,-1.2331705039020216e+35,4.8366336101758446e-29,-4.432776301105444e+20,2.07965367405141e+31,16042,204215,55,4,False,Right,Back,Right,Left,62
<_io.BytesIO object at 0x00000178E5FCFEA0>,1054243605,0.7529463768005371,0.383089154958725,0.0,0.0,0.0,0.0,0.0,8.265194654219209e-40,0,204215,55,4,False,Right,Back,Right,Left,62
<_io.BytesIO object at 0x00000178E5F72D60>,1056872454,0.08959969878196716,-0.08862774074077606,0.5752592086791992,0.08573683351278305,-0.08518064022064209,0.4700878858566284,0.06307671964168549,-0.05796923115849495,30167,204216,55,4,False,Right,Back,Right,Left,62
<_io.BytesIO object at 0x00000178E5F72E50>,3120447240,-1.8837801480978317e+21,2.5118835492408076e-40,6.979497708007332e-39,1.8367099231598242e-40,-382252089344.0,45.31185531616211,8.034706357000748e-15,-2.8118573643307418e+17,16084,204216,55,4,False,Right,Back,Right,Left,62
<_io.BytesIO object at 0x00000178E5FEE900>,1054761623,-0.15451069176197052,0.783981204032898,0.005071595311164856,9.183689745645554e-41,-1.2331705039020216e+35,4.8366336101758446e-29,-4.432776301105444e+20,2.07965367405141e+31,16042,204216,55,4,False,Right,Back,Right,Left,62
<_io.BytesIO object at 0x00000178E5F72310>,1054243605,0.7529463768005371,0.383089154958725,0.0,0.0,0.0,0.0,0.0,8.265194654219209e-40,0,204216,55,4,False,Right,Back,Right,Left,62
<_io.BytesIO object at 0x00000178E5FE59F0>,1056875914,0.08953573554754257,-0.08872730284929276,0.5754038095474243,0.08565381914377213,-0.08520933240652084,0.47017183899879456,0.06298494338989258,-0.05813909322023392,32102,204217,55,4,False,Right,Back,Right,Left,62
<_io.BytesIO object at 0x00000178E5FE52C0>,778714888,1.802484554331154e-20,2.5119255881947373e-40,6.979497708007332e-39,1.8367099231598242e-40,-7.20519788490319e+26,1.306336250903378e-38,1.8281094347287561e-28,5.648618725540011e-12,16081,204217,55,4,False,Right,Back,Right,Left,62
<_io.BytesIO object at 0x00000178E5FE5AE0>,1054840662,-0.1482531875371933,0.7876573801040649,0.00519794225692749,9.183689745645554e-41,-1.2331705039020216e+35,4.8366336101758446e-29,-4.432776301105444e+20,2.07965367405141e+31,16042,204217,55,4,False,Right,Back,Right,Left,62
<_io.BytesIO object at 0x00000178E5FE5B30>,1054243605,0.7529463768005371,0.383089154958725,0.0,0.0,0.0,0.0,0.0,8.265194654219209e-40,0,204217,55,4,False,Right,Back,Right,Left,62
<_io.BytesIO object at 0x00000178E5FE5270>,1056880589,0.08941150456666946,-0.0888095423579216,0.575529932975769,0.08551916480064392,-0.08525566011667252,0.47024962306022644,0.06288556754589081,-0.05828648433089256,-32097,204218,55,4,False,Right,Back,Right,Left,62
<_io.BytesIO object at 0x00000178E5FE5590>,1093746440,-2.82220187340997e+22,2.5119396011793806e-40,6.979497708007332e-39,1.8367099231598242e-40,-9.74877780937237e+27,9.379922059674609e-30,4.2021666615057584e-36,-45.18577575683594,16080,204218,55,4,False,Right,Back,Right,Left,62
<_io.BytesIO object at 0x00000178E5FCAD60>,1054852753,-0.14776842296123505,0.7879697680473328,0.00519898533821106,9.183689745645554e-41,-1.2331705039020216e+35,4.8366336101758446e-29,-4.432776301105444e+20,2.07965367405141e+31,16042,204218,55,4,False,Right,Back,Right,Left,62
<_io.BytesIO object at 0x00000178E5FCAC20>,1054243605,0.7529463768005371,0.383089154958725,0.0,0.0,0.0,0.0,0.0,8.265194654219209e-40,0,204218,55,4,False,Right,Back,Right,Left,62
<_io.BytesIO object at 0x00000178E5F72040>,1056884963,0.08926473557949066,-0.0888853520154953,0.5756851434707642,0.08531210571527481,-0.08526153862476349,0.47034335136413574,0.0627356693148613,-0.058444492518901825,-31517,204219,55,4,False,Right,Back,Right,Left,62
<_io.BytesIO object at 0x00000178E5F72900>,725303048,4.7103832039465496e+33,2.511967627148667e-40,6.979497708007332e-39,1.8367099231598242e-40,-2.005462863642316e+29,3.272479971415723e-23,-1.978647317359698e+31,1.974929536800857e+33,16080,204219,55,4,False,Right,Back,Right,Left,62
<_io.BytesIO object at 0x00000178E5FC29F0>,1054870137,-0.14763714373111725,0.788004457950592,0.005187011789530516,9.183689745645554e-41,-1.2331705039020216e+35,4.8366336101758446e-29,-4.432776301105444e+20,2.07965367405141e+31,16042,204219,55,4,False,Right,Back,Right,Left,62
<_io.BytesIO object at 0x00000178E5F72720>,1054243605,0.7529463768005371,0.383089154958725,0.0,0.0,0.0,0.0,0.0,8.265194654219209e-40,0,204219,55,4,False,Right,Back,Right,Left,62
<_io.BytesIO object at 0x00000178E5FF4400>,1056887711,0.08910392969846725,-0.08893729001283646,0.5758299827575684,0.08501358330249786,-0.08524606376886368,0.47039708495140076,0.06257413327693939,-0.058553893119096756,-30949,204220,55,4,False,Right,Back,Right,Left,62
<_io.BytesIO object at 0x00000178E5FF4360>,3695001352,82269986816.0,2.5119816401333103e-40,6.979497708007332e-39,1.8367099231598242e-40,-1.3772082937049856e+28,0.0022925937082618475,-2.534821290479146e+25,5.875595576816435e+16,16080,204220,55,4,False,Right,Back,Right,Left,62
<_io.BytesIO object at 0x00000178E5FF4F40>,1054887093,-0.148605614900589,0.7876497507095337,0.005212773568928242,9.183689745645554e-41,-1.2331705039020216e+35,4.8366336101758446e-29,-4.432776301105444e+20,2.07965367405141e+31,16042,204220,55,4,False,Right,Back,Right,Left,62
<_io.BytesIO object at 0x00000178E5FF4BD0>,1054243605,0.7529463768005371,0.383089154958725,0.0,0.0,0.0,0.0,0.0,8.265194654219209e-40,0,204220,55,4,False,Right,Back,Right,Left,62
<_io.BytesIO object at 0x00000178E3216950>,1056891366,0.08890077471733093,-0.08897154033184052,0.5759559273719788,0.08470780402421951,-0.08521408587694168,0.47042742371559143,0.06237836182117462,-0.05867300182580948,-30798,204221,55,4,False,Right,Back,Right,Left,62
<_io.BytesIO object at 0x00000178E3216BD0>,2028945160,-4.592346414256099e-08,2.5119816401333103e-40,6.979497708007332e-39,1.8367099231598242e-40,-8.616062673426247e+29,23673505316864.0,-3373132828114944.0,-6324147680444416.0,16079,204221,55,4,False,Right,Back,Right,Left,62
<_io.BytesIO object at 0x00000178E3216B80>,1054918852,-0.14881306886672974,0.7875939011573792,0.005172411911189556,9.183689745645554e-41,-1.2331705039020216e+35,4.8366336101758446e-29,-4.432776301105444e+20,2.07965367405141e+31,16042,204221,55,4,False,Right,Back,Right,Left,62
<_io.BytesIO object at 0x00000178E3216590>,1054243605,0.7529463768005371,0.383089154958725,0.0,0.0,0.0,0.0,0.0,8.265194654219209e-40,0,204221,55,4,False,Right,Back,Right,Left,62
<_io.BytesIO object at 0x00000178E5F777C0>,1056894107,0.08864253759384155,-0.08908494561910629,0.5760545134544373,0.08438906818628311,-0.085196353495121,0.4704371392726898,0.06215962767601013,-0.05877939239144325,-31284,204222,55,4,False,Right,Back,Right,Left,62
<_io.BytesIO object at 0x00000178E5F77A40>,677265160,-2.384577181980402e-13,2.5119956531179536e-40,6.979497708007332e-39,1.8367099231598242e-40,-6.940387036249556e+31,8.232660131585686e+26,-458220.34375,233913498730496.0,16079,204222,55,4,False,Right,Back,Right,Left,62
<_io.BytesIO object at 0x00000178E5F77CC0>,1054958872,-0.14915968477725983,0.7873746156692505,0.005166071932762861,9.183689745645554e-41,-1.2331705039020216e+35,4.8366336101758446e-29,-4.432776301105444e+20,2.07965367405141e+31,16042,204222,55,4,False,Right,Back,Right,Left,62
<_io.BytesIO object at 0x00000178E5F77D10>,1054243605,0.7529463768005371,0.383089154958725,0.0,0.0,0.0,0.0,0.0,8.265194654219209e-40,0,204222,55,4,False,Right,Back,Right,Left,62
<_io.BytesIO object at 0x00000178E5F944A0>,1056895033,0.08841270953416824,-0.08911207318305969,0.5760651230812073,0.08408121019601822,-0.08522440493106842,0.4704320430755615,0.06188931316137314,-0.05887418985366821,-31915,204223,55,4,False,Right,Back,Right,Left,62
<_io.BytesIO object at 0x00000178E5F94360>,3246866184,-7.079394832288545e-17,2.512009666102597e-40,6.979497708007332e-39,1.8367099231598242e-40,-4.320153245577806e+33,-4.7254387896841873e-35,-6.85407649143599e-05,-1.4793811898780755e+26,16078,204223,55,4,False,Right,Back,Right,Left,62
<_io.BytesIO object at 0x00000178E5F944F0>,1054999001,-0.14976736903190613,0.7870144248008728,0.005149841774255037,9.183689745645554e-41,-1.2331705039020216e+35,4.8366336101758446e-29,-4.432776301105444e+20,2.07965367405141e+31,16042,204223,55,4,False,Right,Back,Right,Left,62
<_io.BytesIO object at 0x00000178E5F94540>,1054243605,0.7529463768005371,0.383089154958725,0.0,0.0,0.0,0.0,0.0,8.265194654219209e-40,0,204223,55,4,False,Right,Back,Right,Left,62
<_io.BytesIO object at 0x00000178E5FC23B0>,1056895392,0.08817418664693832,-0.0891292467713356,0.5760781168937683,0.08383418619632721,-0.0852203518152237,0.4704054296016693,0.061574794352054596,-0.05895523726940155,-32696,204224,55,4,False,Right,Back,Right,Left,62
<_io.BytesIO object at 0x00000178E5FCF270>,2826125064,-1.8846363948116133e+29,2.512009666102597e-40,6.979497708007332e-39,1.8367099231598242e-40,-2.0606928157310097e+34,-1.3240679237955701e-17,-5.183087354356788e-15,-1.3197392499306442e-14,16078,204224,55,4,False,Right,Back,Right,Left,62
<_io.BytesIO object at 0x00000178E5FC2DB0>,1055034678,-0.1505604386329651,0.7865263819694519,0.005133996717631817,9.183689745645554e-41,-1.2331705039020216e+35,4.8366336101758446e-29,-4.432776301105444e+20,2.07965367405141e+31,16042,204224,55,4,False,Right,Back,Right,Left,62
<_io.BytesIO object at 0x00000178E5FC2400>,1054243605,0.7529463768005371,0.383089154958725,0.0,0.0,0.0,0.0,0.0,8.265194654219209e-40,0,204224,55,4,False,Right,Back,Right,Left,62
<_io.BytesIO object at 0x00000178E5FC9720>,1056895639,0.0879599004983902,-0.08913061022758484,0.5760623216629028,0.0836070328950882,-0.0851900577545166,0.4703548550605774,0.06130686402320862,-0.05904311314225197,31880,204225,55,4,False,Right,Back,Right,Left,62
<_io.BytesIO object at 0x00000178E5FC9BD0>,2476687112,8.967805686750847e-16,2.51202367908724e-40,6.979497708007332e-39,1.8367099231598242e-40,-4.056481920730334e+31,-365603553280.0,-6.841701391091932e-25,2.150692601787796e-08,16079,204225,55,4,False,Right,Back,Right,Left,62
<_io.BytesIO object at 0x00000178E5FC9A40>,1055047753,-0.15214678645133972,0.7854588627815247,0.005079855676740408,9.183689745645554e-41,-1.2331705039020216e+35,4.8366336101758446e-29,-4.432776301105444e+20,2.07965367405141e+31,16042,204225,55,4,False,Right,Back,Right,Left,62
<_io.BytesIO object at 0x00000178E5FC9360>,1054243605,0.7529463768005371,0.383089154958725,0.0,0.0,0.0,0.0,0.0,8.265194654219209e-40,0,204225,55,4,False,Right,Back,Right,Left,62
<_io.BytesIO object at 0x00000178E5FCBEA0>,1056895279,0.08771499991416931,-0.0891207829117775,0.5760380029678345,0.08338122069835663,-0.08513431251049042,0.47032174468040466,0.061048723757267,-0.05914723128080368,30339,204226,55,4,False,Right,Back,Right,Left,62
<_io.BytesIO object at 0x00000178E5FCBAE0>,2641313544,-4.0194289502387655e+26,2.512009666102597e-40,6.979497708007332e-39,1.8367099231598242e-40,-9.000319261620429e+31,-2.429915957427417e+27,-2.5848435681780764e-33,-4.275307629714654e+34,16078,204226,55,4,False,Right,Back,Right,Left,62
<_io.BytesIO object at 0x00000178E5FCB220>,1055065624,-0.1522037833929062,0.785374104976654,0.005088204052299261,9.183689745645554e-41,-1.2331705039020216e+35,4.8366336101758446e-29,-4.432776301105444e+20,2.07965367405141e+31,16042,204226,55,4,False,Right,Back,Right,Left,62
<_io.BytesIO object at 0x00000178E5FCB7C0>,1054243605,0.7529463768005371,0.383089154958725,0.0,0.0,0.0,0.0,0.0,8.265194654219209e-40,0,204226,55,4,False,Right,Back,Right,Left,62
<_io.BytesIO object at 0x00000178E5FC96D0>,1056894865,0.08748932927846909,-0.08910253643989563,0.576060950756073,0.0831671878695488,-0.08506368845701218,0.4702979326248169,0.06078743934631348,-0.05921760946512222,29156,204227,55,4,False,Right,Back,Right,Left,62
<_io.BytesIO object at 0x00000178E5FCA360>,1801928456,2.3122963266342111e-10,2.51202367908724e-40,6.979497708007332e-39,1.8367099231598242e-40,-4.65465454771303e+29,9.278874684486963e-29,3.646621761467636e+34,2.527235746383667,16079,204227,55,4,False,Right,Back,Right,Left,62
<_io.BytesIO object at 0x00000178E5FC9770>,1055062774,-0.15247339010238647,0.7850902676582336,0.00509154237806797,9.183689745645554e-41,-1.2331705039020216e+35,4.8366336101758446e-29,-4.432776301105444e+20,2.07965367405141e+31,16042,204227,55,4,False,Right,Back,Right,Left,62
<_io.BytesIO object at 0x00000178E5FC9D60>,1054243605,0.7529463768005371,0.383089154958725,0.0,0.0,0.0,0.0,0.0,8.265194654219209e-40,0,204227,55,4,False,Right,Back,Right,Left,62
<_io.BytesIO object at 0x00000178E5FC27C0>,1056895133,0.08724402636289597,-0.08909056335687637,0.5760834813117981,0.08293643593788147,-0.08494779467582703,0.4702583849430084,0.060570232570171356,-0.05921968072652817,27221,204228,55,4,False,Right,Back,Right,Left,62
<_io.BytesIO object at 0x00000178E5FC2EF0>,726548232,-2.1059911215077278e+35,2.512009666102597e-40,6.979497708007332e-39,1.8367099231598242e-40,-1.2147286635487794e+28,2.598942039355734e-08,1.573928740696021e+27,-2.2108760911832045e-38,16079,204228,55,4,False,Right,Back,Right,Left,62
<_io.BytesIO object at 0x00000178E5FC2310>,1055048150,-0.15234729647636414,0.7851055860519409,0.005106319673359394,9.183689745645554e-41,-1.2331705039020216e+35,4.8366336101758446e-29,-4.432776301105444e+20,2.07965367405141e+31,16042,204228,55,4,False,Right,Back,Right,Left,62
<_io.BytesIO object at 0x00000178E5FC2DB0>,1054243605,0.7529463768005371,0.383089154958725,0.0,0.0,0.0,0.0,0.0,8.265194654219209e-40,0,204228,55,4,False,Right,Back,Right,Left,62
<_io.BytesIO object at 0x00000178E5F94220>,1056895539,0.08697007596492767,-0.0890822559595108,0.5761226415634155,0.08269920945167542,-0.0848025232553482,0.4702816605567932,0.06028232350945473,-0.05927801877260208,26218,204229,55,4,False,Right,Back,Right,Left,62
<_io.BytesIO object at 0x00000178E5F94D60>,2528591624,2.174566973806564e-35,2.512009666102597e-40,6.979497708007332e-39,1.8367099231598242e-40,-1.2739782625905659e+20,5.117157008641884e+17,2.414713479127439e+26,-3.500631740222719e+34,16080,204229,55,4,False,Right,Back,Right,Left,62
<_io.BytesIO object at 0x00000178E5F94D10>,1054988787,-0.15369637310504913,0.7843526005744934,0.005108433309942484,9.183689745645554e-41,-1.2331705039020216e+35,4.8366336101758446e-29,-4.432776301105444e+20,2.07965367405141e+31,16042,204229,55,4,False,Right,Back,Right,Left,62
<_io.BytesIO object at 0x00000178E5F94040>,1054243605,0.7529463768005371,0.383089154958725,0.0,0.0,0.0,0.0,0.0,8.265194654219209e-40,0,204229,55,4,False,Right,Back,Right,Left,62
<_io.BytesIO object at 0x00000178E5FCBF90>,1056894506,0.0868365541100502,-0.0889674574136734,0.5761134028434753,0.08247486501932144,-0.08468982577323914,0.47024762630462646,0.060077566653490067,-0.05928576737642288,25123,204230,55,4,False,Right,Back,Right,Left,62
<_io.BytesIO object at 0x00000178DE5E5770>,485768968,230.23960876464844,2.5119816401333103e-40,6.979497708007332e-39,1.8367099231598242e-40,-3729543441416192.0,-7.98386062954216e-35,2.5564929575373242e+20,-2.6968119770447765e+22,16081,204230,55,4,False,Right,Back,Right,Left,62
<_io.BytesIO object at 0x00000178E5FCBE00>,1054940814,-0.1538393199443817,0.7841888070106506,0.005112762562930584,9.183689745645554e-41,-1.2331705039020216e+35,4.8366336101758446e-29,-4.432776301105444e+20,2.07965367405141e+31,16042,204230,55,4,False,Right,Back,Right,Left,62
<_io.BytesIO object at 0x00000178E5FCB810>,1054243605,0.7529463768005371,0.383089154958725,0.0,0.0,0.0,0.0,0.0,8.265194654219209e-40,0,204230,55,4,False,Right,Back,Right,Left,62
<_io.BytesIO object at 0x00000178E5FCBD60>,1056894135,0.08667062222957611,-0.08888918161392212,0.5761165618896484,0.08223336189985275,-0.08458730578422546,0.47020143270492554,0.05989103764295578,-0.059268560260534286,23800,204231,55,4,False,Right,Back,Right,Left,62
<_io.BytesIO object at 0x00000178E5F778B0>,3454156552,-4.1856876454927413e-29,2.511967627148667e-40,6.979497708007332e-39,1.8367099231598242e-40,-2.443202797848494e+17,-4.047791663327723e-29,580568.75,1.3463993497204663e+26,16081,204231,55,4,False,Right,Back,Right,Left,62
<_io.BytesIO object at 0x00000178E5FCB180>,1054919567,-0.15147769451141357,0.7854876518249512,0.005157685372978449,9.183689745645554e-41,-1.2331705039020216e+35,4.8366336101758446e-29,-4.432776301105444e+20,2.07965367405141e+31,16042,204231,55,4,False,Right,Back,Right,Left,62
<_io.BytesIO object at 0x00000178E5FCB8B0>,1054243605,0.7529463768005371,0.383089154958725,0.0,0.0,0.0,0.0,0.0,8.265194654219209e-40,0,204231,55,4,False,Right,Back,Right,Left,62
<_io.BytesIO object at 0x00000178E5F94950>,1056894249,0.08650357276201248,-0.08878304809331894,0.5761118531227112,0.08200996369123459,-0.08447211235761642,0.470171719789505,0.05965113267302513,-0.059209588915109634,21973,204232,55,4,False,Right,Back,Right,Left,62
<_io.BytesIO object at 0x00000178E5F948B0>,1886666504,-3.2655168852742318e-37,2.511953614164024e-40,6.979497708007332e-39,1.8367099231598242e-40,-4.684587551006688e+24,-2.816340864144448e-19,2.0774473212696507e-26,1.7173408699965793e+22,16080,204232,55,4,False,Right,Back,Right,Left,62
<_io.BytesIO object at 0x00000178E5F94040>,1054946291,-0.14822044968605042,0.7867026925086975,0.005131840705871582,9.183689745645554e-41,-1.2331705039020216e+35,4.8366336101758446e-29,-4.432776301105444e+20,2.07965367405141e+31,16042,204232,55,4,False,Right,Back,Right,Left,62
<_io.BytesIO object at 0x00000178E5F94720>,1054243605,0.7529463768005371,0.383089154958725,0.0,0.0,0.0,0.0,0.0,8.265194654219209e-40,0,204232,55,4,False,Right,Back,Right,Left,62
<_io.BytesIO object at 0x00000178E5FCF040>,1056893715,0.08634886890649796,-0.08865372836589813,0.576112687587738,0.08169165253639221,-0.08432639390230179,0.4701213836669922,0.05948404595255852,-0.059179581701755524,20504,204233,55,4,False,Right,Back,Right,Left,62
<_io.BytesIO object at 0x00000178E5FCFAE0>,3891740424,-2.056591045774463e-20,2.5119396011793806e-40,6.979497708007332e-39,1.8367099231598242e-40,-1.36358332192861e+23,-4.988336499422985e-08,-4.176665782019306e+32,-11.046442031860352,16080,204233,55,4,False,Right,Back,Right,Left,62
<_io.BytesIO object at 0x00000178E5FCF5E0>,1054924978,-0.14756561815738678,0.7868141531944275,0.005112173967063427,9.183689745645554e-41,-1.2331705039020216e+35,4.8366336101758446e-29,-4.432776301105444e+20,2.07965367405141e+31,16042,204233,55,4,False,Right,Back,Right,Left,62
<_io.BytesIO object at 0x00000178E5FCF270>,1054243605,0.7529463768005371,0.383089154958725,0.0,0.0,0.0,0.0,0.0,8.265194654219209e-40,0,204233,55,4,False,Right,Back,Right,Left,62
<_io.BytesIO object at 0x00000178E5FC9540>,1056893014,0.08621661365032196,-0.08852728456258774,0.576077401638031,0.08149845898151398,-0.08422376960515976,0.47008031606674194,0.05930459871888161,-0.059101998805999756,20244,204234,55,4,False,Right,Back,Right,Left,62
<_io.BytesIO object at 0x00000178E5FC9270>,3009560328,2.2260480897862957e-39,2.5119396011793806e-40,6.979497708007332e-39,1.8367099231598242e-40,-3.704106210000878e+22,-0.00032281383755616844,-83075629056.0,-2.9516060834519175e+28,16080,204234,55,4,False,Right,Back,Right,Left,62
<_io.BytesIO object at 0x00000178E5FC9D60>,1054913026,-0.1472124606370926,0.7868988513946533,0.0050940560176968575,9.183689745645554e-41,-1.2331705039020216e+35,4.8366336101758446e-29,-4.432776301105444e+20,2.07965367405141e+31,16042,204234,55,4,False,Right,Back,Right,Left,62
<_io.BytesIO object at 0x00000178E5FC9F40>,1054243605,0.7529463768005371,0.383089154958725,0.0,0.0,0.0,0.0,0.0,8.265194654219209e-40,0,204234,55,4,False,Right,Back,Right,Left,62
<_io.BytesIO object at 0x00000178E5F8B1D0>,1056890757,0.08612289279699326,-0.08837471157312393,0.576012134552002,0.08140996098518372,-0.08412965387105942,0.47006112337112427,0.059132277965545654,-0.059037163853645325,20486,204235,55,4,False,Right,Back,Right,Left,62
<_io.BytesIO object at 0x00000178E5F76220>,3647946504,-2.8315925057141443e-33,2.511911575210094e-40,6.979497708007332e-39,1.8367099231598242e-40,-5.644703686555123e+21,-60.31185531616211,-4.347463144691033e-13,3.406041182603403e-13,16081,204235,55,4,False,Right,Back,Right,Left,62
<_io.BytesIO object at 0x00000178E5F8B680>,1054903982,-0.1472044736146927,0.7868131399154663,0.005087379366159439,9.183689745645554e-41,-1.2331705039020216e+35,4.8366336101758446e-29,-4.432776301105444e+20,2.07965367405141e+31,16042,204235,55,4,False,Right,Back,Right,Left,62
<_io.BytesIO object at 0x00000178E5F8B3B0>,1054243605,0.7529463768005371,0.383089154958725,0.0,0.0,0.0,0.0,0.0,8.265194654219209e-40,0,204235,55,4,False,Right,Back,Right,Left,62
<_io.BytesIO object at 0x00000178E5FC9310>,1056889751,0.08600737154483795,-0.08827123045921326,0.5759416222572327,0.08145139366388321,-0.08403679728507996,0.4700404703617096,0.059008464217185974,-0.05895606428384781,20500,204236,55,4,False,Right,Back,Right,Left,62
<_io.BytesIO object at 0x00000178E5FC9180>,2286763784,147597893304320.0,2.511897562225451e-40,6.979497708007332e-39,1.8367099231598242e-40,-1.4296226657124903e+21,-103550.6796875,-7.153633144533277e-38,8.629797605967344e+23,16081,204236,55,4,False,Right,Back,Right,Left,62
<_io.BytesIO object at 0x00000178E5FC94F0>,1054890605,-0.14711053669452667,0.7868131399154663,0.00509301433339715,9.183689745645554e-41,-1.2331705039020216e+35,4.8366336101758446e-29,-4.432776301105444e+20,2.07965367405141e+31,16042,204236,55,4,False,Right,Back,Right,Left,62
<_io.BytesIO object at 0x00000178E5FC92C0>,1054243605,0.7529463768005371,0.383089154958725,0.0,0.0,0.0,0.0,0.0,8.265194654219209e-40,0,204236,55,4,False,Right,Back,Right,Left,62
<_io.BytesIO object at 0x00000178E5FCFE50>,1056888582,0.08596647530794144,-0.08811544626951218,0.5758865475654602,0.08155370503664017,-0.0839051753282547,0.4700183868408203,0.05890844762325287,-0.05886685475707054,20944,204237,55,4,False,Right,Back,Right,Left,62
<_io.BytesIO object at 0x00000178E5FC2F40>,1597390600,-0.9189043045043945,2.5118695362561643e-40,6.979497708007332e-39,1.8367099231598242e-40,-2.1132590010841662e+23,-0.01051314827054739,6175833718784.0,2.6153061295908116e-31,16081,204237,55,4,False,Right,Back,Right,Left,62
<_io.BytesIO object at 0x00000178E5FCFAE0>,1054899707,-0.1466461569070816,0.7871074676513672,0.005107520613819361,9.183689745645554e-41,-1.2331705039020216e+35,4.8366336101758446e-29,-4.432776301105444e+20,2.07965367405141e+31,16042,204237,55,4,False,Right,Back,Right,Left,62
<_io.BytesIO object at 0x00000178E5FCFD10>,1054243605,0.7529463768005371,0.383089154958725,0.0,0.0,0.0,0.0,0.0,8.265194654219209e-40,0,204237,55,4,False,Right,Back,Right,Left,62
<_io.BytesIO object at 0x00000178E5F94C70>,1056888491,0.08596520870923996,-0.08795922994613647,0.5758765339851379,0.08168859034776688,-0.08373943716287613,0.4700315296649933,0.05880838632583618,-0.05876379832625389,21750,204238,55,4,False,Right,Back,Right,Left,62
<_io.BytesIO object at 0x00000178E5F94D60>,868237064,nan,2.511841510286878e-40,6.979497708007332e-39,1.8367099231598242e-40,-1.5111572745182865e+24,-6.32546607448603e-06,1.953165649777166e-15,-392689.8125,16080,204238,55,4,False,Right,Back,Right,Left,62
<_io.BytesIO object at 0x00000178E5F94310>,1054919875,-0.14691658318042755,0.7869904637336731,0.005109281279146671,9.183689745645554e-41,-1.2331705039020216e+35,4.8366336101758446e-29,-4.432776301105444e+20,2.07965367405141e+31,16042,204238,55,4,False,Right,Back,Right,Left,62
<_io.BytesIO object at 0x00000178E5F944A0>,1054243605,0.7529463768005371,0.383089154958725,0.0,0.0,0.0,0.0,0.0,8.265194654219209e-40,0,204238,55,4,False,Right,Back,Right,Left,62
<_io.BytesIO object at 0x00000178E5FCB540>,1056889986,0.08595959842205048,-0.08780258148908615,0.5758720636367798,0.08183775842189789,-0.08357804268598557,0.4700644910335541,0.058791257441043854,-0.05860667675733566,22404,204239,55,4,False,Right,Back,Right,Left,62
<_io.BytesIO object at 0x00000178E5FCBBD0>,209534728,-8.560728627695317e-34,2.5118134843175914e-40,6.979497708007332e-39,1.8367099231598242e-40,-3.659834024223975e+22,-0.04351743683218956,-3.379986233761937e+36,1.7249563482091446e-36,16081,204239,55,4,False,Right,Back,Right,Left,62
<_io.BytesIO object at 0x00000178E5FCBAE0>,1054934329,-0.14837554097175598,0.786241352558136,0.005136602558195591,9.183689745645554e-41,-1.2331705039020216e+35,4.8366336101758446e-29,-4.432776301105444e+20,2.07965367405141e+31,16042,204239,55,4,False,Right,Back,Right,Left,62
<_io.BytesIO object at 0x00000178E5FCB220>,1054243605,0.7529463768005371,0.383089154958725,0.0,0.0,0.0,0.0,0.0,8.265194654219209e-40,0,204239,55,4,False,Right,Back,Right,Left,62
<_io.BytesIO object at 0x00000178E5FCB2C0>,1056892139,0.0860215574502945,-0.0876077339053154,0.5759415626525879,0.08202902227640152,-0.0833168774843216,0.4701143801212311,0.05879601463675499,-0.05845057964324951,23268,204240,55,4,False,Right,Back,Right,Left,62
<_io.BytesIO object at 0x00000178E5FCB7C0>,4155326216,4.487272345568968e+29,2.5117714453636616e-40,6.979497708007332e-39,1.8367099231598242e-40,-5.792277639144799e+21,-0.2934519946575165,-1025382285312.0,-4.6788910110893987e-38,16081,204240,55,4,False,Right,Back,Right,Left,62
<_io.BytesIO object at 0x00000178E5FCBB80>,1054933521,-0.14942532777786255,0.78555828332901,0.005116899497807026,9.183689745645554e-41,-1.2331705039020216e+35,4.8366336101758446e-29,-4.432776301105444e+20,2.07965367405141e+31,16042,204240,55,4,False,Right,Back,Right,Left,62
<_io.BytesIO object at 0x00000178E5FCBF90>,1054243605,0.7529463768005371,0.383089154958725,0.0,0.0,0.0,0.0,0.0,8.265194654219209e-40,0,204240,55,4,False,Right,Back,Right,Left,62
<_io.BytesIO object at 0x00000178E5F94540>,1056893696,0.08614467084407806,-0.08738410472869873,0.576002836227417,0.08227265626192093,-0.08305072784423828,0.4703291952610016,0.05874352157115936,-0.058137692511081696,24316,204241,55,4,False,Right,Back,Right,Left,62
<_io.BytesIO object at 0x00000178E5F94BD0>,4093787912,-2.8638075249965526e-20,2.5117153934250886e-40,6.979497708007332e-39,1.8367099231598242e-40,-2.0872859854283832e+24,-7.338459673917816e-14,-5.713329873458862e-17,2388017117396992.0,16081,204241,55,4,False,Right,Back,Right,Left,62
<_io.BytesIO object at 0x00000178E5FFCEA0>,1054949900,-0.1496637761592865,0.785400390625,0.005095704458653927,9.183689745645554e-41,-1.2331705039020216e+35,4.8366336101758446e-29,-4.432776301105444e+20,2.07965367405141e+31,16042,204241,55,4,False,Right,Back,Right,Left,62
<_io.BytesIO object at 0x00000178E5F942C0>,1054243605,0.7529463768005371,0.383089154958725,0.0,0.0,0.0,0.0,0.0,8.265194654219209e-40,0,204241,55,4,False,Right,Back,Right,Left,62
<_io.BytesIO object at 0x00000178E5FC2C70>,1056895732,0.08628691732883453,-0.08711596578359604,0.576055109500885,0.08258579671382904,-0.08266963809728622,0.4704148471355438,0.05880032852292061,-0.05785398930311203,26707,204242,55,4,False,Right,Back,Right,Left,62
<_io.BytesIO object at 0x00000178E5FC2360>,219627272,10.452468872070312,2.5116453285018724e-40,6.979497708007332e-39,1.8367099231598242e-40,-4.8357032784585167e+27,-6.5395755337420375e-28,9.773100236294229e+32,3.321015301252606e-22,16081,204242,55,4,False,Right,Back,Right,Left,62
<_io.BytesIO object at 0x00000178E5FC2680>,1054963476,-0.14971080422401428,0.7854078412055969,0.0050813136622309685,9.183689745645554e-41,-1.2331705039020216e+35,4.8366336101758446e-29,-4.432776301105444e+20,2.07965367405141e+31,16042,204242,55,4,False,Right,Back,Right,Left,62
<_io.BytesIO object at 0x00000178E5FC27C0>,1054243605,0.7529463768005371,0.383089154958725,0.0,0.0,0.0,0.0,0.0,8.265194654219209e-40,0,204242,55,4,False,Right,Back,Right,Left,62
<_io.BytesIO object at 0x00000178E5FCA860>,1056896259,0.08654900640249252,-0.08663573116064072,0.5760682225227356,0.08308307081460953,-0.08219169080257416,0.4705173075199127,0.05888652428984642,-0.05746893212199211,28857,204243,55,4,False,Right,Back,Right,Left,62
<_io.BytesIO object at 0x00000178E5FC9220>,2384543496,-3.066577547470236e+21,2.5115472376093696e-40,6.979497708007332e-39,1.8367099231598242e-40,-2.139160387885137e+31,8.325824536365691e+33,382444.375,-2.8596606939326054e+18,16080,204243,55,4,False,Right,Back,Right,Left,62
<_io.BytesIO object at 0x00000178E5FCA360>,1054975629,-0.14976449310779572,0.7854389548301697,0.005065445322543383,9.183689745645554e-41,-1.2331705039020216e+35,4.8366336101758446e-29,-4.432776301105444e+20,2.07965367405141e+31,16042,204243,55,4,False,Right,Back,Right,Left,62
<_io.BytesIO object at 0x00000178E5FCAD10>,1054243605,0.7529463768005371,0.383089154958725,0.0,0.0,0.0,0.0,0.0,8.265194654219209e-40,0,204243,55,4,False,Right,Back,Right,Left,62
<_io.BytesIO object at 0x00000178E5F8B4A0>,1056894408,0.0868934914469719,-0.08598268777132034,0.5759891867637634,0.08379802852869034,-0.08176153898239136,0.47060468792915344,0.058961812406778336,-0.0569455549120903,30846,204244,55,4,False,Right,Back,Right,Left,62
<_io.BytesIO object at 0x00000178E5F76B80>,1231634184,-1.5660736041311907e-09,2.5114351337322237e-40,6.979497708007332e-39,1.8367099231598242e-40,-6.360563651705164e+35,513779924992.0,1.5945225755709681e-24,-11.421441078186035,16080,204244,55,4,False,Right,Back,Right,Left,62
<_io.BytesIO object at 0x00000178E5F76220>,1054981220,-0.14979203045368195,0.7854546904563904,0.005056186579167843,9.183689745645554e-41,-1.2331705039020216e+35,4.8366336101758446e-29,-4.432776301105444e+20,2.07965367405141e+31,16042,204244,55,4,False,Right,Back,Right,Left,62
<_io.BytesIO object at 0x00000178E5F76C20>,1054243605,0.7529463768005371,0.383089154958725,0.0,0.0,0.0,0.0,0.0,8.265194654219209e-40,0,204244,55,4,False,Right,Back,Right,Left,62
<_io.BytesIO object at 0x00000178E31CABD0>,1056892643,0.08725930005311966,-0.0851830393075943,0.5760620832443237,0.0847618356347084,-0.08078587800264359,0.4706425964832306,0.05908071994781494,-0.05630900710821152,-32166,204245,55,4,False,Right,Back,Right,Left,62
<_io.BytesIO object at 0x00000178E5FC9630>,1076510472,-4.323925868889387e-19,2.511280990901148e-40,6.979497708007332e-39,1.8367099231598242e-40,-8.224598223919167e+36,167.24742126464844,-3.2917783113847396e+31,9.005641142712864e-23,16081,204245,55,4,False,Right,Back,Right,Left,62
<_io.BytesIO object at 0x00000178E5FEE180>,1054980148,-0.1508856862783432,0.7849078178405762,0.00504548754543066,9.183689745645554e-41,-1.2331705039020216e+35,4.8366336101758446e-29,-4.432776301105444e+20,2.07965367405141e+31,16042,204245,55,4,False,Right,Back,Right,Left,62
<_io.BytesIO object at 0x00000178E5FEE630>,1054243605,0.7529463768005371,0.383089154958725,0.0,0.0,0.0,0.0,0.0,8.265194654219209e-40,0,204245,55,4,False,Right,Back,Right,Left,62
<_io.BytesIO object at 0x00000178E5FCFF40>,1056892136,0.08771174401044846,-0.08421123027801514,0.5759183168411255,0.08583361655473709,-0.07961428165435791,0.4705948233604431,0.059183165431022644,-0.05551541969180107,-28935,204246,55,4,False,Right,Back,Right,Left,62
<_io.BytesIO object at 0x00000178E5FCF590>,1307459336,-6.53384768156684e-06,2.511056783146856e-40,6.979497708007332e-39,1.8367099231598242e-40,2.8990638266872184e-29,-78462.6875,-429371744.0,797667.5,16078,204246,55,4,False,Right,Back,Right,Left,62
<_io.BytesIO object at 0x00000178E5FCFA40>,1054981601,-0.14573760330677032,0.7886922955513,0.00528809055685997,9.183689745645554e-41,-1.2331705039020216e+35,4.8366336101758446e-29,-4.432776301105444e+20,2.07965367405141e+31,16042,204246,55,4,False,Right,Back,Right,Left,62
<_io.BytesIO object at 0x00000178E5FCFB80>,1054243605,0.7529463768005371,0.383089154958725,0.0,0.0,0.0,0.0,0.0,8.265194654219209e-40,0,204246,55,4,False,Right,Back,Right,Left,62
<_io.BytesIO object at 0x00000178E3216950>,1056887433,0.08829938620328903,-0.08298313617706299,0.5758047103881836,0.08713874220848083,-0.07797524333000183,0.4706679582595825,0.05936739593744278,-0.05451981723308563,-30065,204247,55,4,False,Right,Back,Right,Left,62
<_io.BytesIO object at 0x00000178E5F94900>,3129687816,-5.751752663200865e+34,2.5104822507764828e-40,6.979497708007332e-39,1.8367099231598242e-40,2.3326216024129768e-38,-3.570070322886897e+25,-1.7034580126681909e-12,1221.9443359375,16082,204247,55,4,False,Right,Back,Right,Left,62
<_io.BytesIO object at 0x00000178E3216310>,1054934046,-0.15305005013942719,0.784073531627655,0.005067061632871628,9.183689745645554e-41,-1.2331705039020216e+35,4.8366336101758446e-29,-4.432776301105444e+20,2.07965367405141e+31,16042,204247,55,4,False,Right,Back,Right,Left,62
<_io.BytesIO object at 0x00000178E32164A0>,1054243605,0.7529463768005371,0.383089154958725,0.0,0.0,0.0,0.0,0.0,8.265194654219209e-40,0,204247,55,4,False,Right,Back,Right,Left,62
<_io.BytesIO object at 0x00000178E5F77D60>,1056882269,0.0890066921710968,-0.08136283606290817,0.5755128860473633,0.08878079056739807,-0.07580097764730453,0.4706471562385559,0.05948357284069061,-0.053289126604795456,-30642,204248,55,4,False,Right,Back,Right,Left,62
<_io.BytesIO object at 0x00000178E5FCB6D0>,791363336,0.010024389252066612,2.5097956145289636e-40,6.979497708007332e-39,1.8367099231598242e-40,4.610141907131159e-38,-2.3136448871029515e+37,2.128204573624064e+21,-1.936913667082943e+34,16084,204248,55,4,False,Right,Back,Right,Left,62
<_io.BytesIO object at 0x00000178E5F77680>,1054935979,-0.15731213986873627,0.7804067134857178,0.004935139790177345,9.183689745645554e-41,-1.2331705039020216e+35,4.8366336101758446e-29,-4.432776301105444e+20,2.07965367405141e+31,16042,204248,55,4,False,Right,Back,Right,Left,62
<_io.BytesIO object at 0x00000178E5F77130>,1054243605,0.7529463768005371,0.383089154958725,0.0,0.0,0.0,0.0,0.0,8.265194654219209e-40,0,204248,55,4,False,Right,Back,Right,Left,62
<_io.BytesIO object at 0x00000178DE5E5770>,1056873226,0.08975669741630554,-0.07946822792291641,0.5751765966415405,0.09079737961292267,-0.07305926084518433,0.4706420600414276,0.059689607471227646,-0.05180393531918526,30670,204249,55,4,False,Right,Back,Right,Left,62
<_io.BytesIO object at 0x00000178E5F74090>,1715289864,3.996101764230595e-23,2.508464380987855e-40,6.979497708007332e-39,1.8367099231598242e-40,1.887411345499491e-32,-1353707.0,1669.9232177734375,-8623.5546875,16084,204249,55,4,False,Right,Back,Right,Left,62
<_io.BytesIO object at 0x00000178DE5E58B0>,1054920041,-0.15605929493904114,0.7811301946640015,0.004966501146554947,9.183689745645554e-41,-1.2331705039020216e+35,4.8366336101758446e-29,-4.432776301105444e+20,2.07965367405141e+31,16042,204249,55,4,False,Right,Back,Right,Left,62
<_io.BytesIO object at 0x00000178DE5E5720>,1054243605,0.7529463768005371,0.383089154958725,0.0,0.0,0.0,0.0,0.0,8.265194654219209e-40,0,204249,55,4,False,Right,Back,Right,Left,62
<_io.BytesIO object at 0x00000178E5FFCC70>,1056860577,0.09070906788110733,-0.07698903977870941,0.5748169422149658,0.09305988252162933,-0.06963446736335754,0.47059759497642517,0.05985146388411522,-0.050072990357875824,23879,204250,55,4,False,Right,Back,Right,Left,62
<_io.BytesIO object at 0x00000178E5FFC860>,3174448904,-6.146116153893882e+29,2.503896147994156e-40,6.979497708007332e-39,1.8367099231598242e-40,3.4974887790072203e-31,-1.1210428117351462e-16,5.678439315981443e-11,3.5181847416084584e+37,16085,204250,55,4,False,Right,Back,Right,Left,62
<_io.BytesIO object at 0x00000178E5FF4630>,1054885854,-0.15682142972946167,0.7808022499084473,0.0049690548330545425,9.183689745645554e-41,-1.2331705039020216e+35,4.8366336101758446e-29,-4.432776301105444e+20,2.07965367405141e+31,16042,204250,55,4,False,Right,Back,Right,Left,62
<_io.BytesIO object at 0x00000178E5FFC540>,1054243605,0.7529463768005371,0.383089154958725,0.0,0.0,0.0,0.0,0.0,8.265194654219209e-40,0,204250,55,4,False,Right,Back,Right,Left,62
<_io.BytesIO object at 0x00000178E5F72EF0>,1056850454,0.09180177748203278,-0.07412716001272202,0.5744497179985046,0.09555935859680176,-0.06548025459051132,0.4705505073070526,0.060068901628255844,-0.04800604283809662,13852,204251,55,4,False,Right,Back,Right,Left,62
<_io.BytesIO object at 0x00000178E5F72900>,2693283592,-3.118489603133238e+35,2.048726380812169e-40,6.979497708007332e-39,1.8367099231598242e-40,3.150394911090633e-26,3.6209111463042075e+29,2.2520464581641113e-28,-8.409583642787766e-07,16085,204251,55,4,False,Right,Back,Right,Left,62
<_io.BytesIO object at 0x00000178E5F721D0>,1054873394,-0.1567302644252777,0.780802309513092,0.004959442187100649,9.183689745645554e-41,-1.2331705039020216e+35,4.8366336101758446e-29,-4.432776301105444e+20,2.07965367405141e+31,16042,204251,55,4,False,Right,Back,Right,Left,62
<_io.BytesIO object at 0x00000178E5F72F90>,1054243605,0.7529463768005371,0.383089154958725,0.0,0.0,0.0,0.0,0.0,8.265194654219209e-40,0,204251,55,4,False,Right,Back,Right,Left,62
<_io.BytesIO object at 0x00000178E5FE5D60>,1056846197,0.09296320378780365,-0.07106334716081619,0.5739968419075012,0.0982682853937149,-0.06072888895869255,0.4705391824245453,0.06051384285092354,-0.04561794176697731,2092,204252,55,4,False,Right,Back,Right,Left,62
<_io.BytesIO object at 0x00000178E5FE5A40>,1649360648,5.257554722728859e-23,2.0510104973090185e-40,6.979497708007332e-39,1.8367099231598242e-40,9.825582188149884e-20,5.477281206367479e-08,-3.2547965069084664e+35,-7.017424964851054e-26,16085,204252,55,4,False,Right,Back,Right,Left,62
<_io.BytesIO object at 0x00000178E5FE5AE0>,1054873416,-0.15636448562145233,0.7810044288635254,0.004963827319443226,9.183689745645554e-41,-1.2331705039020216e+35,4.8366336101758446e-29,-4.432776301105444e+20,2.07965367405141e+31,16042,204252,55,4,False,Right,Back,Right,Left,62
<_io.BytesIO object at 0x00000178E5FE5BD0>,1054243605,0.7529463768005371,0.383089154958725,0.0,0.0,0.0,0.0,0.0,8.265194654219209e-40,0,204252,55,4,False,Right,Back,Right,Left,62
<_io.BytesIO object at 0x00000178E5F76220>,1056839584,0.09416792541742325,-0.06733252853155136,0.5735379457473755,0.10106838494539261,-0.05527718365192413,0.47076383233070374,0.06091323494911194,-0.04279404878616333,-11424,204253,55,4,False,Right,Back,Right,Left,62
<_io.BytesIO object at 0x00000178E5F769A0>,3429121799,-6.479456181601774e-19,2.052341730850127e-40,6.979497708007332e-39,1.8367099231598242e-40,9.992007221626409e-15,-1.7887196471026433e+36,-3.257822654886097e+26,-0.9013399481773376,16085,204253,55,4,False,Right,Back,Right,Left,62
<_io.BytesIO object at 0x00000178E5F76A40>,1054870082,-0.156612828373909,0.780840277671814,0.005016644019633532,9.183689745645554e-41,-1.2331705039020216e+35,4.8366336101758446e-29,-4.432776301105444e+20,2.07965367405141e+31,16042,204253,55,4,False,Right,Back,Right,Left,62
<_io.BytesIO object at 0x00000178E5F762C0>,1054243605,0.7529463768005371,0.383089154958725,0.0,0.0,0.0,0.0,0.0,8.265194654219209e-40,0,204253,55,4,False,Right,Back,Right,Left,62
<_io.BytesIO object at 0x00000178E5FEE3B0>,1056838908,0.09553944319486618,-0.06345223635435104,0.5730383992195129,0.10401848703622818,-0.049172915518283844,0.4709455966949463,0.06138193607330322,-0.03966459259390831,-26455,204254,55,4,False,Right,Back,Right,Left,62
<_io.BytesIO object at 0x00000178E5FEBE00>,956382983,-56161692.0,-3.684215599264462e-08,1.0464163204904189e+28,3.338080880605266e+17,2.51750275608275e-40,6.979497708007332e-39,1.8367099231598242e-40,1.8533319234848022e-07,16216,204254,55,4,False,Right,Back,Right,Left,62
<_io.BytesIO object at 0x00000178E5FEEC20>,3179988200,-0.17959581315517426,0.4168444275856018,0.43801215291023254,-0.15647980570793152,0.7809610366821289,0.005035553593188524,9.183689745645554e-41,-1.2331705039020216e+35,16152,204254,55,4,False,Right,Back,Right,Left,62
<_io.BytesIO object at 0x00000178E5FEEEF0>,1035210869,0.3103160858154297,0.33291253447532654,0.4189077913761139,0.7529463768005371,0.383089154958725,0.0,0.0,0.0,0,204254,55,4,False,Right,Back,Right,Left,62
<_io.BytesIO object at 0x00000178E5FEE680>,0,0.0,1.401298464324817e-44,3.643376007244524e-43,1.8367239361444675e-40,0.8573470711708069,-0.035201627761125565,-0.18325495719909668,0.01044746395200491,586,204254,55,4,False,Right,Back,Right,Left,62
<_io.BytesIO object at 0x00000178E5FCF180>,1056833698,0.0971008837223053,-0.058848798274993896,0.5725409388542175,0.1070825532078743,-0.04242544621229172,0.47119712829589844,0.06208941340446472,-0.03614890202879906,23469,204255,55,4,False,Right,Back,Right,Left,62
<_io.BytesIO object at 0x00000178E5FCFB80>,446447367,-2.5020544931142364e-22,-4.453584860300188e+34,1.0097354650497437,-5.068736973826519e+35,2.5173626262363176e-40,6.979497708007332e-39,1.8367099231598242e-40,56.25,16216,204255,55,4,False,Right,Back,Right,Left,62
<_io.BytesIO object at 0x00000178E5FF43B0>,3179972484,-0.179602712392807,0.4158647358417511,0.43876394629478455,-0.1562211811542511,0.7811130881309509,0.005035613663494587,9.183689745645554e-41,-1.2331705039020216e+35,16152,204255,55,4,False,Right,Back,Right,Left,62
<_io.BytesIO object at 0x00000178E5FF4900>,1035210869,0.3103160858154297,0.33291253447532654,0.4189077913761139,0.7529463768005371,0.383089154958725,0.0,0.0,0.0,0,204255,55,4,False,Right,Back,Right,Left,62
<_io.BytesIO object at 0x00000178E5FF44A0>,0,0.0,1.401298464324817e-44,3.643376007244524e-43,1.8367239361444675e-40,0.8575273752212524,-0.035104501992464066,-0.1833028793334961,0.010447514243423939,586,204255,55,4,False,Right,Back,Right,Left,62
<_io.BytesIO object at 0x00000178E3216F40>,1056832536,0.09872803092002869,-0.0539214126765728,0.5717483162879944,0.11012763530015945,-0.035477183759212494,0.4714986979961395,0.06291424483060837,-0.03216385841369629,7428,204256,55,4,False,Right,Back,Right,Left,62
<_io.BytesIO object at 0x00000178E3216220>,1212432135,0.10900390148162842,96.11865234375,20217352.0,-6.3393240996795015e-24,2.517222496389885e-40,6.979497708007332e-39,1.8367099231598242e-40,4362076160.0,16216,204256,55,4,False,Right,Back,Right,Left,62
<_io.BytesIO object at 0x00000178E3216B80>,3179958594,-0.1796213835477829,0.41530871391296387,0.43953952193260193,-0.15639865398406982,0.7809374332427979,0.005026587750762701,9.183689745645554e-41,-1.2331705039020216e+35,16152,204256,55,4,False,Right,Back,Right,Left,62
<_io.BytesIO object at 0x00000178E3216310>,1035210869,0.3103160858154297,0.33291253447532654,0.4189077913761139,0.7529463768005371,0.383089154958725,0.0,0.0,0.0,0,204256,55,4,False,Right,Back,Right,Left,62
<_io.BytesIO object at 0x00000178E32164A0>,0,0.0,1.401298464324817e-44,3.643376007244524e-43,1.8367239361444675e-40,0.857681930065155,-0.03501860424876213,-0.18333587050437927,0.010447411797940731,586,204256,55,4,False,Right,Back,Right,Left,62
<_io.BytesIO object at 0x00000178E5F77E50>,1056834069,0.10045573860406876,-0.0486699603497982,0.5711203217506409,0.113212950527668,-0.027840880677103996,0.47194987535476685,0.06379207223653793,-0.027838651090860367,-15475,204257,55,4,False,Right,Back,Right,Left,62
<_io.BytesIO object at 0x00000178E5F77270>,3186900742,-7.508735449883655e-24,-1.1624044935102426e-26,-3.825646719314356e-22,3.3895219818418825e-15,2.5170683535588094e-40,6.979497708007332e-39,1.8367099231598242e-40,2.0356270315714642e+18,16216,204257,55,4,False,Right,Back,Right,Left,62
<_io.BytesIO object at 0x00000178E5F77A40>,3179944677,-0.1796792447566986,0.41419631242752075,0.44057515263557434,-0.1564496010541916,0.7809343934059143,0.00500898202881217,9.183689745645554e-41,-1.2331705039020216e+35,16152,204257,55,4,False,Right,Back,Right,Left,62
<_io.BytesIO object at 0x00000178E5F77C20>,1035210869,0.3103160858154297,0.33291253447532654,0.4189077913761139,0.7529463768005371,0.383089154958725,0.0,0.0,0.0,0,204257,55,4,False,Right,Back,Right,Left,62
<_io.BytesIO object at 0x00000178E5F77720>,0,0.0,1.401298464324817e-44,3.643376007244524e-43,1.8367239361444675e-40,0.8578643798828125,-0.03495582565665245,-0.18340907990932465,0.010447759181261063,586,204257,55,4,False,Right,Back,Right,Left,62
<_io.BytesIO object at 0x00000178E3216590>,1056838028,0.10231521725654602,-0.04301983490586281,0.570526659488678,0.1163174957036972,-0.019651446491479874,0.47253674268722534,0.0647663027048111,-0.02301628887653351,-30029,204258,55,4,False,Right,Back,Right,Left,62
<_io.BytesIO object at 0x00000178E3216180>,3231399686,9.292128291859061e-14,-2.789857527541153e+21,1.5014486793253168e+27,5.187709864612861e-17,2.5169001977430904e-40,6.979497708007332e-39,1.8367099231598242e-40,2.1458433298159668e+25,16216,204258,55,4,False,Right,Back,Right,Left,62
<_io.BytesIO object at 0x00000178E3216220>,3179936500,-0.17977072298526764,0.4135810434818268,0.4419035315513611,-0.15744617581367493,0.7803093791007996,0.005013980902731419,9.183689745645554e-41,-1.2331705039020216e+35,16152,204258,55,4,False,Right,Back,Right,Left,62
<_io.BytesIO object at 0x00000178E3216B80>,1035210869,0.3103160858154297,0.33291253447532654,0.4189077913761139,0.7529463768005371,0.383089154958725,0.0,0.0,0.0,0,204258,55,4,False,Right,Back,Right,Left,62
<_io.BytesIO object at 0x00000178E3216D60>,0,0.0,1.401298464324817e-44,3.643376007244524e-43,1.8367239361444675e-40,0.8580449819564819,-0.03488777205348015,-0.18352514505386353,0.010447876527905464,586,204258,55,4,False,Right,Back,Right,Left,62
<_io.BytesIO object at 0x00000178E5FF42C0>,1056841491,0.10431477427482605,-0.03686930611729622,0.5698640942573547,0.11947903037071228,-0.011127862147986889,0.4731887876987457,0.06596308201551437,-0.017907435074448586,26842,204259,55,4,False,Right,Back,Right,Left,62
<_io.BytesIO object at 0x00000178E5FF4680>,3663019782,3.2605991537625624e+37,6.00376996381935e-12,5.495691116596429e+16,-1.911307973140688e+31,2.516704015958085e-40,6.979497708007332e-39,1.8367099231598242e-40,3.0265158080448977e+31,16216,204259,55,4,False,Right,Back,Right,Left,62
<_io.BytesIO object at 0x00000178E5FF40E0>,3179929221,-0.17990681529045105,0.4132674038410187,0.44306680560112,-0.15847386419773102,0.7796075344085693,0.004998483695089817,9.183689745645554e-41,-1.2331705039020216e+35,16152,204259,55,4,False,Right,Back,Right,Left,62
<_io.BytesIO object at 0x00000178E5FF4CC0>,1035210869,0.3103160858154297,0.33291253447532654,0.4189077913761139,0.7529463768005371,0.383089154958725,0.0,0.0,0.0,0,204259,55,4,False,Right,Back,Right,Left,62
<_io.BytesIO object at 0x00000178E5FF4310>,0,0.0,1.401298464324817e-44,3.643376007244524e-43,1.8367239361444675e-40,0.858193576335907,-0.03484545275568962,-0.18367525935173035,0.010448013432323933,586,204259,55,4,False,Right,Back,Right,Left,62
<_io.BytesIO object at 0x00000178E5FEE310>,1056849169,0.1061629131436348,-0.0303147342056036,0.5692416429519653,0.12277694046497345,-0.0023057344369590282,0.4739173650741577,0.06719797104597092,-0.012292340397834778,18015,204260,55,4,False,Right,Back,Right,Left,62
<_io.BytesIO object at 0x00000178E5FEEEA0>,2000043782,-8.173763107699808e+20,8.215934592656967e+37,-1.7891594134275365e-31,-5.912048016824739e+30,2.5165078341730795e-40,6.979497708007332e-39,1.8367099231598242e-40,2.498948632075642e+38,16216,204260,55,4,False,Right,Back,Right,Left,62
<_io.BytesIO object at 0x00000178E5FEEF40>,3179920411,-0.18005287647247314,0.4125809669494629,0.4446033835411072,-0.15923283994197845,0.7789414525032043,0.0049901725724339485,9.183689745645554e-41,-1.2331705039020216e+35,16152,204260,55,4,False,Right,Back,Right,Left,62
<_io.BytesIO object at 0x00000178E5FEEE00>,1035210869,0.3103160858154297,0.33291253447532654,0.4189077913761139,0.7529463768005371,0.383089154958725,0.0,0.0,0.0,0,204260,55,4,False,Right,Back,Right,Left,62
<_io.BytesIO object at 0x00000178E5FEE7C0>,0,0.0,1.401298464324817e-44,3.643376007244524e-43,1.8367239361444675e-40,0.8583527207374573,-0.0347931832075119,-0.18383826315402985,0.01044846698641777,586,204260,55,4,False,Right,Back,Right,Left,62
<_io.BytesIO object at 0x00000178E5F76680>,1056861464,0.10819940268993378,-0.023456387221813202,0.568606436252594,0.12574103474617004,0.006909206043928862,0.47476503252983093,0.0684494897723198,-0.006355657707899809,9108,204261,55,4,False,Right,Back,Right,Left,62
<_io.BytesIO object at 0x00000178E5F76EF0>,3655810822,7.254051864405233e-22,-14712929280.0,3.0011277382968255e-37,3.8440411569026085e+22,2.5161154706030685e-40,6.979497708007332e-39,1.8367099231598242e-40,-4.930380657631324e-30,16216,204261,55,4,False,Right,Back,Right,Left,62
<_io.BytesIO object at 0x00000178E5F76270>,3179910672,-0.18023735284805298,0.41132909059524536,0.44621899724006653,-0.1590660959482193,0.7787138223648071,0.004958586301654577,9.183689745645554e-41,-1.2331705039020216e+35,16152,204261,55,4,False,Right,Back,Right,Left,62
<_io.BytesIO object at 0x00000178E5F76630>,1035210869,0.3103160858154297,0.33291253447532654,0.4189077913761139,0.7529463768005371,0.383089154958725,0.0,0.0,0.0,0,204261,55,4,False,Right,Back,Right,Left,62
<_io.BytesIO object at 0x00000178E5F76950>,0,0.0,1.401298464324817e-44,3.643376007244524e-43,1.8367239361444675e-40,0.8585277795791626,-0.0348006896674633,-0.18410570919513702,0.010448924265801907,586,204261,55,4,False,Right,Back,Right,Left,62
<_io.BytesIO object at 0x00000178E5FEEE50>,1056873905,0.11007606983184814,-0.016130125150084496,0.5680127739906311,0.12884843349456787,0.01639186404645443,0.47551941871643066,0.06997490674257278,-2.8031050533172674e-05,-735,204262,55,4,False,Right,Back,Right,Left,62
<_io.BytesIO object at 0x00000178E5FEEEA0>,2056470277,-6.922477789558169e-25,3.583800070446913e-20,8.482009383042472e+37,-5.953673691978158e-36,2.515681068079128e-40,6.979497708007332e-39,1.8367099231598242e-40,-1.4378725491644426e-25,16216,204262,55,4,False,Right,Back,Right,Left,62
<_io.BytesIO object at 0x00000178E5FEEEF0>,3179909903,-0.18048922717571259,0.41141170263290405,0.4470698833465576,-0.15984459221363068,0.778022289276123,0.004967458080500364,9.183689745645554e-41,-1.2331705039020216e+35,16152,204262,55,4,False,Right,Back,Right,Left,62
<_io.BytesIO object at 0x00000178E5FEE180>,1035210869,0.3103160858154297,0.33291253447532654,0.4189077913761139,0.7529463768005371,0.383089154958725,0.0,0.0,0.0,0,204262,55,4,False,Right,Back,Right,Left,62
<_io.BytesIO object at 0x00000178E5FEE040>,0,0.0,1.401298464324817e-44,3.643376007244524e-43,1.8367239361444675e-40,0.858640730381012,-0.034778449684381485,-0.18435871601104736,0.010449379682540894,586,204262,55,4,False,Right,Back,Right,Left,62
<_io.BytesIO object at 0x00000178E5FF4860>,1056881336,0.11212697625160217,-0.008732561953365803,0.567396879196167,0.1318654716014862,0.026156311854720116,0.47594135999679565,0.07196638733148575,0.0067576030269265175,-6656,204263,55,4,False,Right,Back,Right,Left,62
<_io.BytesIO object at 0x00000178E5FF4BD0>,3875028741,-6.775844693772206e-17,5.6262006046492726e+29,6.786930739632879e-11,-1.2988874850085313e-23,2.515232652570544e-40,6.979497708007332e-39,1.8367099231598242e-40,-5.773159728050814e-15,16216,204263,55,4,False,Right,Back,Right,Left,62
<_io.BytesIO object at 0x00000178E5FF4A40>,3179907038,-0.1807727962732315,0.41065090894699097,0.44819873571395874,-0.15908318758010864,0.7779307961463928,0.004973850678652525,9.183689745645554e-41,-1.2331705039020216e+35,16152,204263,55,4,False,Right,Back,Right,Left,62
<_io.BytesIO object at 0x00000178E5FF4E00>,1035210869,0.3103160858154297,0.33291253447532654,0.4189077913761139,0.7529463768005371,0.383089154958725,0.0,0.0,0.0,0,204263,55,4,False,Right,Back,Right,Left,62
<_io.BytesIO object at 0x00000178E5FF4220>,0,0.0,1.401298464324817e-44,3.643376007244524e-43,1.8367239361444675e-40,0.858782947063446,-0.034756001085042953,-0.18462999165058136,0.010449666529893875,586,204263,55,4,False,Right,Back,Right,Left,62
<_io.BytesIO object at 0x00000178E5F8B8B0>,1056981162,0.13500307500362396,0.21970440447330475,0.5379090309143066,0.16323009133338928,0.293469101190567,0.5010989904403687,0.08770174533128738,0.21869322657585144,-3473,204293,55,4,False,Right,Back,Right,Left,62
<_io.BytesIO object at 0x00000178E5F8BE50>,1615478537,-13760562462720.0,2.060245054188919e-40,6.979497708007332e-39,1.8367099231598242e-40,2.2499696558707847e-38,-3.801627321741777e-26,2.7154875066183844e+18,-5.611595393142108e-16,16062,204293,55,4,False,Right,Back,Right,Left,62
<_io.BytesIO object at 0x00000178E5F76180>,1057064514,-0.16672436892986298,0.7599735856056213,0.0050819688476622105,9.183689745645554e-41,-32614907904.0,-1.4255355755807286e+28,-3.5763222404963655e+37,-0.000721908756531775,16102,204293,55,4,False,Right,Back,Right,Left,62
<_io.BytesIO object at 0x00000178E5F76220>,1055335720,0.5413428544998169,0.5477773547172546,0.0,0.0,0.0,0.0,0.0,8.265194654219209e-40,0,204293,55,4,False,Right,Back,Right,Left,62
<_io.BytesIO object at 0x00000178E5FCAF90>,1057576835,0.16318152844905853,0.2984444499015808,0.5380357503890991,0.14844360947608948,0.2087089717388153,2.802596928649634e-45,1.064986832886861e-43,2.802596928649634e-45,-3202,204294,55,4,False,Right,Back,Right,Left,62
<_io.BytesIO object at 0x00000178E5FCA1D0>,441007961,-5.4965268447837445e-11,-2.1604949059359048e-35,1.765254290103895e+30,-0.35985568165779114,-6.988465507389981e-30,1.9857275800457633e+24,1.132235146189809e-40,1.401298464324817e-45,-12045,204294,55,4,False,Right,Back,Right,Left,62
<_io.BytesIO object at 0x00000178E5FEE3B0>,1057551487,0.16332308948040009,0.3030978739261627,0.5372758507728577,0.14906705915927887,0.21315135061740875,2.802596928649634e-45,1.064986832886861e-43,2.802596928649634e-45,361,204295,55,4,False,Right,Back,Right,Left,62
<_io.BytesIO object at 0x00000178E5FEE540>,3185852250,9.613987178066434e-34,1.923316023427467e-16,-9387713.0,1.1991688988833445e-33,6.882515522122112e+23,-1.7603852586319254e-33,1.1322631721590954e-40,1.401298464324817e-45,-12045,204295,55,4,False,Right,Back,Right,Left,62
<_io.BytesIO object at 0x00000178E5FFC180>,1057523713,0.1634369045495987,0.30748042464256287,2.802596928649634e-45,1.064986832886861e-43,2.802596928649634e-45,0.8518335819244385,-0.05451979488134384,-0.1927478313446045,-16471,204296,55,4,False,Right,Back,Right,Left,62
<_io.BytesIO object at 0x00000178E5F77C20>,1057494480,0.16354221105575562,0.31157416105270386,2.802596928649634e-45,1.064986832886861e-43,2.802596928649634e-45,0.8520959615707397,-0.0539834089577198,-0.19308345019817352,30921,204297,55,4,False,Right,Back,Right,Left,62
<_io.BytesIO object at 0x00000178E5F940E0>,1057462623,0.1637541651725769,0.3154892325401306,2.802596928649634e-45,1.064986832886861e-43,2.802596928649634e-45,0.8523436188697815,-0.05347137898206711,-0.1934289187192917,-21640,204298,55,4,False,Right,Back,Right,Left,62
<_io.BytesIO object at 0x00000178E5FF4680>,1057430619,0.16395650804042816,0.3189987242221832,2.802596928649634e-45,1.064986832886861e-43,2.802596928649634e-45,0.8526053428649902,-0.052928291261196136,-0.1937466561794281,-24404,204299,55,4,False,Right,Back,Right,Left,62
<_io.BytesIO object at 0x00000178E5FE5EF0>,1057387081,0.16443060338497162,0.3223493993282318,2.802596928649634e-45,1.064986832886861e-43,2.802596928649634e-45,0.8528419137001038,-0.052520524710416794,-0.19405381381511688,-22297,204300,55,4,False,Right,Back,Right,Left,62
<_io.BytesIO object at 0x00000178E5F74BD0>,1057347515,0.16496574878692627,0.3251899480819702,0.5246308445930481,0.07380775362253189,0.32564783096313477,2.802596928649634e-45,1.064986832886861e-43,2.802596928649634e-45,25731,204301,55,4,False,Right,Back,Right,Left,62
<_io.BytesIO object at 0x00000178E5F74EF0>,344342362,1.1304405910911463e-31,3.06957409598285e+37,2.648463738507339e-37,0.0010776226408779621,70644104.0,1.3963731529381723e+31,1.1322631721590954e-40,1.401298464324817e-45,-12045,204301,55,4,False,Right,Back,Right,Left,62
<_io.BytesIO object at 0x00000178E5FCB680>,1057307021,0.16547778248786926,0.32790622115135193,0.5234581828117371,0.0743592232465744,0.328424334526062,2.802596928649634e-45,1.064986832886861e-43,2.802596928649634e-45,29697,204302,55,4,False,Right,Back,Right,Left,62
<_io.BytesIO object at 0x00000178E5FCBDB0>,150224730,2.091303204177297e+21,4.057679938245394e-35,5.058317707160335e-15,1.2245257352807531e+38,8.429776979519078e+16,1.2089031522555114e+28,1.132291198128382e-40,1.401298464324817e-45,-12045,204302,55,4,False,Right,Back,Right,Left,62
<_io.BytesIO object at 0x00000178E5FCA450>,1057259899,0.1663418561220169,0.330236554145813,0.5219523906707764,0.07514721900224686,0.3310873806476593,2.802596928649634e-45,1.064986832886861e-43,2.802596928649634e-45,-32455,204303,55,4,False,Right,Back,Right,Left,62
<_io.BytesIO object at 0x00000178E5FCAF90>,1730953050,-0.0003790655464399606,-2.0866162461205977e+23,3.170482490572005e+35,-6.00234564517888e+16,1.8018826007822324e-16,3.179643500562625e-21,1.1323052111130252e-40,1.401298464324817e-45,-12045,204303,55,4,False,Right,Back,Right,Left,62
<_io.BytesIO object at 0x00000178E5FC24F0>,1057223402,0.16660194098949432,0.33305156230926514,0.5201437473297119,0.07606305927038193,0.3334595859050751,2.802596928649634e-45,1.064986832886861e-43,2.802596928649634e-45,-27879,204304,55,4,False,Right,Back,Right,Left,62
<_io.BytesIO object at 0x00000178E5FC24A0>,2801549146,5.19968688360245e-31,3.6394107336588604e+30,-58174.7421875,3.7372536039782503e+22,3.1813595901409428e-18,9165322770710528.0,1.1322771851437387e-40,1.401298464324817e-45,-12045,204304,55,4,False,Right,Back,Right,Left,62
<_io.BytesIO object at 0x00000178E5FCF630>,1057190833,0.16678640246391296,0.3350997865200043,0.5181693434715271,0.07711353898048401,0.3359021544456482,2.802596928649634e-45,1.064986832886861e-43,2.802596928649634e-45,-23438,204305,55,4,False,Right,Back,Right,Left,62
<_io.BytesIO object at 0x00000178E5FCF9A0>,3487711066,1.6009346972133622e+18,-4.0173653923337915e+35,3.8327405927826295e-19,3.0656589436397746e-23,4.1140967794226517e-35,-73.12353515625,1.132291198128382e-40,1.401298464324817e-45,-12045,204305,55,4,False,Right,Back,Right,Left,62
<_io.BytesIO object at 0x00000178E3216130>,1057105221,0.1667819619178772,0.34070777893066406,0.5138537287712097,0.07955998927354813,0.3400619328022003,2.802596928649634e-45,1.064986832886861e-43,2.802596928649634e-45,-16067,204307,55,4,False,Right,Back,Right,Left,62
<_io.BytesIO object at 0x00000178E3216770>,3650764634,-3.2765086753665353e+28,-4.5121148960290815e-27,-0.2062940150499344,5.2783670822191237e-23,-1.1626567264499954e-08,-1168088960.0,1.132291198128382e-40,1.401298464324817e-45,-12045,204307,55,4,False,Right,Back,Right,Left,62
<_io.BytesIO object at 0x00000178E5F8C3B0>,1057063087,0.1665169894695282,0.3432336449623108,0.5116612315177917,0.08084924519062042,0.3418777287006378,2.802596928649634e-45,1.064986832886861e-43,2.802596928649634e-45,-10972,204308,55,4,False,Right,Back,Right,Left,62
<_io.BytesIO object at 0x00000178E5F8C720>,86261594,7.006438540457793e-09,-7.424706258398053e+36,1.8736915034907963e-35,1.2823951300061512e+23,-0.23998327553272247,6.011652842197179e-10,1.1323052111130252e-40,1.401298464324817e-45,-12045,204308,55,4,False,Right,Back,Right,Left,62
<_io.BytesIO object at 0x00000178E3216AE0>,1057121670,0.08218406140804291,0.34357622265815735,2.802596928649634e-45,1.064986832886861e-43,2.802596928649634e-45,0.8550711274147034,-0.04868948459625244,-0.19671152532100677,-31066,204309,55,4,False,Right,Back,Right,Left,62
<_io.BytesIO object at 0x00000178E5FCF9A0>,1057083174,0.08352591097354889,0.3450759947299957,2.802596928649634e-45,1.064986832886861e-43,2.802596928649634e-45,0.8553093075752258,-0.048321980983018875,-0.1969088464975357,5128,204310,55,4,False,Right,Back,Right,Left,62
<_io.BytesIO object at 0x00000178E5FC2680>,1057043699,0.0847763791680336,0.3463839888572693,2.802596928649634e-45,1.064986832886861e-43,2.802596928649634e-45,0.8555320501327515,-0.047955695539712906,-0.197091206908226,-12288,204311,55,4,False,Right,Back,Right,Left,62
<_io.BytesIO object at 0x00000178E5F74F40>,1057001063,0.08587083220481873,0.3474982678890228,2.802596928649634e-45,1.064986832886861e-43,2.802596928649634e-45,0.8557500243186951,-0.0475945770740509,-0.19727128744125366,-22770,204312,55,4,False,Right,Back,Right,Left,62
<_io.BytesIO object at 0x00000178E5F74F40>,1056951644,0.08701625466346741,0.3486800193786621,2.802596928649634e-45,1.064986832886861e-43,2.802596928649634e-45,0.8559370636940002,-0.04724510759115219,-0.19743311405181885,-30138,204313,55,4,False,Right,Back,Right,Left,62
<_io.BytesIO object at 0x00000178E5FC2A90>,1056864424,0.0879916176199913,0.3494376540184021,2.802596928649634e-45,1.064986832886861e-43,2.802596928649634e-45,0.8561139106750488,-0.04690156131982803,-0.19756905734539032,23699,204314,55,4,False,Right,Back,Right,Left,62
<_io.BytesIO object at 0x00000178E5FF4CC0>,1056783070,0.08911754935979843,0.350435346364975,2.802596928649634e-45,1.064986832886861e-43,2.802596928649634e-45,0.8562415838241577,-0.04661446809768677,-0.19767291843891144,12143,204315,55,4,False,Right,Back,Right,Left,62
<_io.BytesIO object at 0x00000178E3216B30>,1056696361,0.09006966650485992,0.35123497247695923,2.802596928649634e-45,1.064986832886861e-43,2.802596928649634e-45,0.856333315372467,-0.04631960019469261,-0.19776475429534912,4640,204316,55,4,False,Right,Back,Right,Left,62
<_io.BytesIO object at 0x00000178E5F76630>,1056613205,0.09089948982000351,0.35203099250793457,2.802596928649634e-45,1.064986832886861e-43,2.802596928649634e-45,0.8564268350601196,-0.04595737159252167,-0.19783951342105865,-19447,204317,55,4,False,Right,Back,Right,Left,62
<_io.BytesIO object at 0x00000178E5F77EF0>,1056525480,0.09129175543785095,0.35266679525375366,2.802596928649634e-45,1.064986832886861e-43,2.802596928649634e-45,0.8564611077308655,-0.04562605917453766,-0.19785863161087036,20639,204318,55,4,False,Right,Back,Right,Left,62
<_io.BytesIO object at 0x00000178E5FFCA40>,1056438483,0.09160364419221878,0.3532339930534363,2.802596928649634e-45,1.064986832886861e-43,2.802596928649634e-45,0.8562537431716919,-0.04546002298593521,-0.1978977471590042,-6645,204319,55,4,False,Right,Back,Right,Left,62
<_io.BytesIO object at 0x00000178E5FEE810>,1056357547,0.09224418550729752,0.3540993630886078,2.802596928649634e-45,1.064986832886861e-43,2.802596928649634e-45,0.8562847375869751,-0.04521502926945686,-0.19786855578422546,-12124,204320,55,4,False,Right,Back,Right,Left,62
<_io.BytesIO object at 0x00000178E5FC9180>,1056280522,0.09253084659576416,0.35434845089912415,2.802596928649634e-45,1.064986832886861e-43,2.802596928649634e-45,0.8562914729118347,-0.0449952557682991,-0.19780467450618744,-5003,204321,55,4,False,Right,Back,Right,Left,62
<_io.BytesIO object at 0x00000178E5FFC310>,1055372812,0.09593619406223297,0.27453258633613586,2.802596928649634e-45,1.064986832886861e-43,2.802596928649634e-45,0.8564587831497192,-0.04271601885557175,-0.1953699290752411,-9353,204329,55,4,False,Right,Back,Right,Left,62
<_io.BytesIO object at 0x00000178E5FE5810>,1055285797,0.09557909518480301,0.2748123109340668,2.802596928649634e-45,1.064986832886861e-43,2.802596928649634e-45,0.8564552664756775,-0.04238247871398926,-0.19487407803535461,27415,204330,55,4,False,Right,Back,Right,Left,62
<_io.BytesIO object at 0x00000178E5FCAE00>,1055199142,0.09520266950130463,0.27492859959602356,2.802596928649634e-45,1.064986832886861e-43,2.802596928649634e-45,0.8565292358398438,-0.04200555384159088,-0.1942712366580963,-28933,204331,55,4,False,Right,Back,Right,Left,62
<_io.BytesIO object at 0x00000178E5FC9860>,1055117001,0.09446131438016891,0.2752068340778351,2.802596928649634e-45,1.064986832886861e-43,2.802596928649634e-45,0.8565695285797119,-0.041600439697504044,-0.193596750497818,-8740,204332,55,4,False,Right,Back,Right,Left,62
<_io.BytesIO object at 0x00000178E5F8B310>,1055025692,0.09397017955780029,0.27525460720062256,2.802596928649634e-45,1.064986832886861e-43,2.802596928649634e-45,0.8565094470977783,-0.04116874933242798,-0.19288519024848938,3417,204333,55,4,False,Right,Back,Right,Left,62
<_io.BytesIO object at 0x00000178E5F76090>,1054940857,0.09316274523735046,0.2754269242286682,2.802596928649634e-45,1.064986832886861e-43,2.802596928649634e-45,0.8565654754638672,-0.040758032351732254,-0.1921706199645996,6572,204334,55,4,False,Right,Back,Right,Left,62
<_io.BytesIO object at 0x00000178E5FF44A0>,1054862809,0.09243305027484894,0.27572473883628845,2.802596928649634e-45,1.064986832886861e-43,2.802596928649634e-45,0.8565449118614197,-0.04032643511891365,-0.19140993058681488,-18989,204335,55,4,False,Right,Back,Right,Left,62
<_io.BytesIO object at 0x00000178E5F721D0>,1054791075,0.0916365310549736,0.27566492557525635,2.802596928649634e-45,1.064986832886861e-43,2.802596928649634e-45,0.8565784692764282,-0.03987885266542435,-0.1906730681657791,5919,204336,55,4,False,Right,Back,Right,Left,62
<_io.BytesIO object at 0x00000178E5FFCE00>,1054710136,0.09092831611633301,0.2757377326488495,2.802596928649634e-45,1.064986832886861e-43,2.802596928649634e-45,0.8565838932991028,-0.03939178213477135,-0.18992555141448975,27756,204337,55,4,False,Right,Back,Right,Left,62
<_io.BytesIO object at 0x00000178E5FFCCC0>,1054665576,0.09072668850421906,0.2762203812599182,2.802596928649634e-45,1.064986832886861e-43,2.802596928649634e-45,0.8565654158592224,-0.03889208287000656,-0.18913684785366058,28,204338,55,4,False,Right,Back,Right,Left,62
<_io.BytesIO object at 0x00000178E5F72DB0>,1054632139,0.0901593342423439,0.27682897448539734,2.802596928649634e-45,1.064986832886861e-43,2.802596928649634e-45,0.8565354943275452,-0.038402359932661057,-0.18834339082241058,22184,204339,55,4,False,Right,Back,Right,Left,62
<_io.BytesIO object at 0x00000178E5FF4D10>,1054537910,0.08886799961328506,0.2763627767562866,2.802596928649634e-45,1.064986832886861e-43,2.802596928649634e-45,0.8563684821128845,-0.037909477949142456,-0.1875036209821701,4393,204340,55,4,False,Right,Back,Right,Left,62
<_io.BytesIO object at 0x00000178E5F761D0>,1054451919,0.08741297572851181,0.276338130235672,2.802596928649634e-45,1.064986832886861e-43,2.802596928649634e-45,0.8563317060470581,-0.03740473836660385,-0.18670666217803955,-21572,204341,55,4,False,Right,Back,Right,Left,62
<_io.BytesIO object at 0x00000178E5F8CF40>,1054412665,0.08686824142932892,0.27641379833221436,2.802596928649634e-45,1.064986832886861e-43,2.802596928649634e-45,0.8562213182449341,-0.03686681389808655,-0.1858683079481125,-2083,204342,55,4,False,Right,Back,Right,Left,62
<_io.BytesIO object at 0x00000178E5F94450>,1054333103,0.0851493701338768,0.27633821964263916,2.802596928649634e-45,1.064986832886861e-43,2.802596928649634e-45,0.8560810089111328,-0.03635318577289581,-0.1850489228963852,-14558,204343,55,4,False,Right,Back,Right,Left,62
<_io.BytesIO object at 0x00000178E3216D60>,1054296868,0.08450055867433548,0.2763223946094513,2.802596928649634e-45,1.064986832886861e-43,2.802596928649634e-45,0.8559935092926025,-0.03581707552075386,-0.18421176075935364,-8194,204344,55,4,False,Right,Back,Right,Left,62
<_io.BytesIO object at 0x00000178E5F746D0>,1054223161,0.08325503021478653,0.2763007879257202,2.802596928649634e-45,1.064986832886861e-43,2.802596928649634e-45,0.8557966947555542,-0.03528914973139763,-0.18337863683700562,-30922,204345,55,4,False,Right,Back,Right,Left,62
<_io.BytesIO object at 0x00000178E5FCF4A0>,1054192398,0.08262280374765396,0.2762310206890106,2.802596928649634e-45,1.064986832886861e-43,2.802596928649634e-45,0.8555138111114502,-0.034772686660289764,-0.1825086772441864,7408,204346,55,4,False,Right,Back,Right,Left,62
<_io.BytesIO object at 0x00000178E5FEE130>,1054134979,0.08114669471979141,0.27615323662757874,0.34047645330429077,0.11737486720085144,0.3481981158256531,2.802596928649634e-45,1.064986832886861e-43,2.802596928649634e-45,-3563,204347,55,4,False,Right,Back,Right,Left,62
<_io.BytesIO object at 0x00000178E5FEE680>,1208368986,1.560333149866791e-36,-1.5697668048169122e+22,4.014420740272584e-12,3674051.25,1.1695839474332257e-35,5.529821056514504e-28,1.1328236915448254e-40,1.401298464324817e-45,-12045,204347,55,4,False,Right,Back,Right,Left,62
<_io.BytesIO object at 0x00000178E5FCFA90>,1054093276,0.07982101291418076,0.2759917676448822,0.338451623916626,0.11494933068752289,0.34770289063453674,2.802596928649634e-45,1.064986832886861e-43,2.802596928649634e-45,-4613,204348,55,4,False,Right,Back,Right,Left,62
<_io.BytesIO object at 0x00000178E5FCFE00>,3214360410,5.386815629494886e-18,-758091328.0,2.6933872612573484e+27,-5.247409871700977e-16,1.0280565129266434e-19,-2.44414166545809e+31,1.1327956655755389e-40,1.401298464324817e-45,-12045,204348,55,4,False,Right,Back,Right,Left,62
<_io.BytesIO object at 0x00000178E5F74310>,1054060521,0.07938756048679352,0.27583789825439453,0.336596816778183,0.11258180439472198,0.34721991419792175,2.802596928649634e-45,1.064986832886861e-43,2.802596928649634e-45,-10638,204349,55,4,False,Right,Back,Right,Left,62
<_io.BytesIO object at 0x00000178E5FE5270>,2114666330,4.445272150377377e-09,-1.3941690818856628e-18,-16165903532032.0,13348503552000.0,-2.836656185362289e-27,1.1012485535622861e+22,1.1328236915448254e-40,1.401298464324817e-45,-12045,204349,55,4,False,Right,Back,Right,Left,62
<_io.BytesIO object at 0x00000178E3216180>,1054027639,0.0782390683889389,0.27539804577827454,0.33481886982917786,0.110486701130867,0.34667307138442993,2.802596928649634e-45,1.064986832886861e-43,2.802596928649634e-45,-16032,204350,55,4,False,Right,Back,Right,Left,62
<_io.BytesIO object at 0x00000178E3216450>,344538970,203149392.0,2.628174455033037e+16,1.635988111474418e-12,-6.771734032933014e+24,1.0247052230176468e-13,-3.1589497535273254e+21,1.1327956655755389e-40,1.401298464324817e-45,-12045,204350,55,4,False,Right,Back,Right,Left,62
<_io.BytesIO object at 0x00000178E5F94360>,1053992858,0.07749509811401367,0.2753917872905731,0.333149790763855,0.10859492421150208,0.3460828363895416,0.41393938660621643,0.07304967939853668,0.35709235072135925,2,204351,55,4,False,Right,Back,Right,Left,62
<_io.BytesIO object at 0x00000178E5F94F40>,4980736,1.8367099231598242e-40,-3.890625,-3.9421151593231553e-16,-1.3153333555599496e-28,-2.4224195169671616e-18,-2.6081505419590724e-23,5.154455556380862e-36,2.0682260746220715e-29,16189,204351,55,4,False,Right,Back,Right,Left,62
<_io.BytesIO object at 0x00000178E5F94D10>,1003100032,9.183689745645554e-41,-32614907904.0,-1.4255355755807286e+28,-3.5763222404963655e+37,-0.0007257234537974,1.4679724191561346e-16,-4.892113200008327e-26,0.002490940038114786,16140,204351,55,4,False,Right,Back,Right,Left,62
<_io.BytesIO object at 0x00000178E5F8BCC0>,1053957598,0.07658027112483978,0.2750621438026428,0.3316163420677185,0.10703857988119125,0.34553298354148865,0.41307809948921204,0.07289019972085953,0.35709813237190247,2,204352,55,4,False,Right,Back,Right,Left,62
<_io.BytesIO object at 0x00000178E5F77E50>,4980736,1.8367099231598242e-40,-7.318590178329032e-13,3.2031281978015744e+17,-1.1769043339882046e-07,-0.002544296206906438,-0.29735320806503296,227799248.0,-0.00188250036444515,16188,204352,55,4,False,Right,Back,Right,Left,62
<_io.BytesIO object at 0x00000178E5F77810>,1003133949,9.183689745645554e-41,-32614907904.0,-1.4255355755807286e+28,-3.5763222404963655e+37,-0.0007257234537974,1.4679724191561346e-16,-4.892113200008327e-26,0.002490940038114786,16140,204352,55,4,False,Right,Back,Right,Left,62
<_io.BytesIO object at 0x00000178E5FEEC20>,1053923753,0.07611645013093948,0.2749578356742859,0.33024436235427856,0.10583177953958511,0.34494638442993164,0.4119851887226105,0.07270833849906921,0.35705843567848206,2,204353,55,4,False,Right,Back,Right,Left,62
<_io.BytesIO object at 0x00000178E5FEE900>,4980736,1.8367099231598242e-40,-2.905661822261152e-17,-74878.703125,-7.885547931196839e+21,-7.169290254554448e+37,-4.985719922402499e-30,2.9587981598510285e+18,2.5173536283393423e-14,16189,204353,55,4,False,Right,Back,Right,Left,62
<_io.BytesIO object at 0x00000178E5FEE1D0>,1003091182,9.183689745645554e-41,-32614907904.0,-1.4255355755807286e+28,-3.5763222404963655e+37,-0.0007257234537974,1.4679724191561346e-16,-4.892113200008327e-26,0.002490940038114786,16140,204353,55,4,False,Right,Back,Right,Left,62
<_io.BytesIO object at 0x00000178E5FCA720>,1053901317,0.07584087550640106,0.2747710347175598,0.32910120487213135,0.1052413135766983,0.34443455934524536,0.41090282797813416,0.07266977429389954,0.35686883330345154,2,204354,55,4,False,Right,Back,Right,Left,62
<_io.BytesIO object at 0x00000178E5FCABD0>,4980736,1.8367099231598242e-40,-1.7577588016751838e-24,2.4855060180266822e-17,1.5945078830366084e-24,-1.2255388652403872e-26,2.1216090217990313e-08,-9.964047187228754e+17,-2.8950398535205732e-21,16189,204354,55,4,False,Right,Back,Right,Left,62
<_io.BytesIO object at 0x00000178E5FF4A40>,1003226005,9.183689745645554e-41,-32614907904.0,-1.4255355755807286e+28,-3.5763222404963655e+37,-0.0007257234537974,1.4679724191561346e-16,-4.892113200008327e-26,0.002490940038114786,16140,204354,55,4,False,Right,Back,Right,Left,62
<_io.BytesIO object at 0x00000178E5F72680>,1053871456,0.07562515139579773,0.2743889093399048,0.3282231390476227,0.10491602122783661,0.34414753317832947,0.4100286364555359,0.07253424823284149,0.3564106523990631,2,204355,55,4,False,Right,Back,Right,Left,62
<_io.BytesIO object at 0x00000178E5F72900>,4980736,1.8367099231598242e-40,-7.714181677271262e-38,-4.003654438999818e+18,71.86903381347656,2.0044239601446634e-09,-1.7089360338507082e-26,-1.71904824457951e-26,3.3668391260743207e-19,16189,204355,55,4,False,Right,Back,Right,Left,62
<_io.BytesIO object at 0x00000178E5F721D0>,1003133985,9.183689745645554e-41,-32614907904.0,-1.4255355755807286e+28,-3.5763222404963655e+37,-0.0007257234537974,1.4679724191561346e-16,-4.892113200008327e-26,0.002490940038114786,16140,204355,55,4,False,Right,Back,Right,Left,62
<_io.BytesIO object at 0x00000178E5FC9E50>,1053855154,0.0753016397356987,0.27402767539024353,0.3274114429950714,0.10463451594114304,0.3437795042991638,0.40891921520233154,0.07235294580459595,0.3559763729572296,2,204356,55,4,False,Right,Back,Right,Left,62
<_io.BytesIO object at 0x00000178E5FC94A0>,4980736,1.8367099231598242e-40,2.066270478372014e+32,1.917331852632672e+27,-1.2502776483826706e-33,4375932261367808.0,334789882150912.0,21.530786514282227,-1.5423110461869377e-26,16189,204356,55,4,False,Right,Back,Right,Left,62
<_io.BytesIO object at 0x00000178E5FFC630>,1003136842,9.183689745645554e-41,-32614907904.0,-1.4255355755807286e+28,-3.5763222404963655e+37,-0.0007257234537974,1.4679724191561346e-16,-4.892113200008327e-26,0.002490940038114786,16140,204356,55,4,False,Right,Back,Right,Left,62
<_io.BytesIO object at 0x00000178E5FCFB80>,1053821223,0.07588841021060944,0.27347052097320557,0.32686111330986023,0.10445139557123184,0.34348589181900024,0.40811970829963684,0.07214007526636124,0.35608023405075073,2,204357,55,4,False,Right,Back,Right,Left,62
<_io.BytesIO object at 0x00000178E5FCFD10>,4980736,1.8367099231598242e-40,2.553855793935904e+25,-8.926103129205942e-13,-1.316765559673376e+19,-145482512.0,-8770144436224.0,0.0007181025575846434,1685.9443359375,16190,204357,55,4,False,Right,Back,Right,Left,62
<_io.BytesIO object at 0x00000178E5FCFB30>,1003254967,9.183689745645554e-41,-32614907904.0,-1.4255355755807286e+28,-3.5763222404963655e+37,-0.0007257234537974,1.4679724191561346e-16,-4.892113200008327e-26,0.002490940038114786,16140,204357,55,4,False,Right,Back,Right,Left,62
<_io.BytesIO object at 0x00000178E5F747C0>,1053830185,0.07591868191957474,0.27346450090408325,0.32628920674324036,0.1042536124587059,0.3431415557861328,0.40779969096183777,0.0721781775355339,0.3555299639701843,2,204358,55,4,False,Right,Back,Right,Left,62
<_io.BytesIO object at 0x00000178E5F74B80>,4980736,1.8367099231598242e-40,8.736983277098762e+17,0.5048729181289673,3.517748980996771e-09,-88444.3828125,-59833000.0,1.6415285290718986e+18,-2.4706243401537505e-27,16190,204358,55,4,False,Right,Back,Right,Left,62
<_io.BytesIO object at 0x00000178E5F748B0>,1003225776,9.183689745645554e-41,-32614907904.0,-1.4255355755807286e+28,-3.5763222404963655e+37,-0.0007257234537974,1.4679724191561346e-16,-4.892113200008327e-26,0.002490940038114786,16140,204358,55,4,False,Right,Back,Right,Left,62
<_io.BytesIO object at 0x00000178E3216590>,1053832976,0.07598651200532913,0.2733469009399414,0.3258956968784332,0.10413078218698502,0.34290611743927,0.40770119428634644,0.07252553850412369,0.3553142249584198,2,204359,55,4,False,Right,Back,Right,Left,62
<_io.BytesIO object at 0x00000178E3216180>,4980736,1.8367099231598242e-40,556.0,4.692339122848986e-16,-2.5594956353189876e-36,-5.064636895090888e-25,-1.2331755197431808e+16,2.6325963550800697e+34,1.6934469676176078e+31,16190,204359,55,4,False,Right,Back,Right,Left,62
<_io.BytesIO object at 0x00000178E3216EA0>,1003257873,9.183689745645554e-41,-32614907904.0,-1.4255355755807286e+28,-3.5763222404963655e+37,-0.0007257234537974,1.4679724191561346e-16,-4.892113200008327e-26,0.002490940038114786,16140,204359,55,4,False,Right,Back,Right,Left,62
<_io.BytesIO object at 0x00000178E5F8C720>,1053844308,0.0763222724199295,0.27341777086257935,0.3255368769168854,0.10396663844585419,0.3426647484302521,0.40763139724731445,0.07281547039747238,0.3550901710987091,2,204360,55,4,False,Right,Back,Right,Left,62
<_io.BytesIO object at 0x00000178E5F8C9A0>,4980736,1.8367099231598242e-40,7.200241088867188e-05,-3.4601379787736707e+34,-2.474026919138427e+17,296302780874752.0,-9.794876606504847e+28,2.1220093476108578e+33,-0.0008611413650214672,16190,204360,55,4,False,Right,Back,Right,Left,62
<_io.BytesIO object at 0x00000178E5F8CA40>,1003201513,9.183689745645554e-41,-32614907904.0,-1.4255355755807286e+28,-3.5763222404963655e+37,-0.0007257234537974,1.4679724191561346e-16,-4.892113200008327e-26,0.002490940038114786,16140,204360,55,4,False,Right,Back,Right,Left,62
<_io.BytesIO object at 0x00000178E5F77B80>,1053845876,0.07643060386180878,0.2733754813671112,0.325179785490036,0.10376765578985214,0.3424166738986969,0.4074932038784027,0.07320698350667953,0.35475948452949524,2,204361,55,4,False,Right,Back,Right,Left,62
<_io.BytesIO object at 0x00000178E5F77EF0>,4980736,1.8367099231598242e-40,4.37069000783219e-19,4.57138470439863e+31,0.004233938176184893,4.325919838646941e-22,-0.793924868106842,8.943736387580913e-23,-2.429702026512428e+20,16190,204361,55,4,False,Right,Back,Right,Left,62
<_io.BytesIO object at 0x00000178E5F77450>,1003157054,9.183689745645554e-41,-32614907904.0,-1.4255355755807286e+28,-3.5763222404963655e+37,-0.0007257234537974,1.4679724191561346e-16,-4.892113200008327e-26,0.002490940038114786,16140,204361,55,4,False,Right,Back,Right,Left,62
<_io.BytesIO object at 0x00000178DE5E5680>,1053821687,0.07748192548751831,0.2733214199542999,0.32497817277908325,0.10365957766771317,0.3422926962375641,0.40722891688346863,0.07343623042106628,0.3544892370700836,2,204362,55,4,False,Right,Back,Right,Left,62
<_io.BytesIO object at 0x00000178DE5E5540>,4980736,1.8367099231598242e-40,6.259272319258517e-33,-41137053696.0,-2.408793991122035e-18,-0.01791295036673546,-7.794974408170674e-07,1.535418191294444e+32,-7.168290607814576e+24,16190,204362,55,4,False,Right,Back,Right,Left,62
<_io.BytesIO object at 0x00000178E3216C20>,1003359210,9.183689745645554e-41,-32614907904.0,-1.4255355755807286e+28,-3.5763222404963655e+37,-0.0007257234537974,1.4679724191561346e-16,-4.892113200008327e-26,0.002490940038114786,16140,204362,55,4,False,Right,Back,Right,Left,62
<_io.BytesIO object at 0x00000178E5F740E0>,1053822220,0.07758055627346039,0.2733103632926941,0.32481589913368225,0.10357590764760971,0.34217989444732666,2.802596928649634e-45,1.064986832886861e-43,2.802596928649634e-45,-1916,204363,55,4,False,Right,Back,Right,Left,62
<_io.BytesIO object at 0x00000178E5F74360>,2064727897,7.4385664094904585e-28,3.572291971873557e-17,-1577.9580078125,-12.265392303466797,-2.6577170304980612e+35,0.009597597643733025,1.1328657304987551e-40,1.401298464324817e-45,-12045,204363,55,4,False,Right,Back,Right,Left,62
<_io.BytesIO object at 0x00000178E5FE5720>,1051082374,0.10354898869991302,0.34209951758384705,2.802596928649634e-45,1.064986832886861e-43,2.802596928649634e-45,0.8511569499969482,-0.025333043187856674,-0.16945677995681763,-19626,204364,55,4,False,Right,Back,Right,Left,62
<_io.BytesIO object at 0x00000178E5FC9CC0>,1051080083,0.10355901718139648,0.3420693874359131,2.802596928649634e-45,1.064986832886861e-43,2.802596928649634e-45,0.8507629632949829,-0.02504201978445053,-0.16894195973873138,-4416,204365,55,4,False,Right,Back,Right,Left,62
<_io.BytesIO object at 0x00000178E5FC9090>,1051078626,0.10354496538639069,0.3420630991458893,2.802596928649634e-45,1.064986832886861e-43,2.802596928649634e-45,0.8504732251167297,-0.024785540997982025,-0.1684751808643341,20400,204366,55,4,False,Right,Back,Right,Left,62
<_io.BytesIO object at 0x00000178E5F725E0>,1051076927,0.10348047316074371,0.34205788373947144,2.802596928649634e-45,1.064986832886861e-43,2.802596928649634e-45,0.8500676155090332,-0.024562876671552658,-0.1680116206407547,30744,204367,55,4,False,Right,Back,Right,Left,62
<_io.BytesIO object at 0x00000178E5FCA360>,1051075582,0.10331995785236359,0.3420114517211914,2.802596928649634e-45,1.064986832886861e-43,2.802596928649634e-45,0.8497912287712097,-0.024348370730876923,-0.16756226122379303,3456,204368,55,4,False,Right,Back,Right,Left,62
<_io.BytesIO object at 0x00000178E5F8C090>,1051074049,0.1031680628657341,0.3420056402683258,2.802596928649634e-45,1.064986832886861e-43,2.802596928649634e-45,0.8493892550468445,-0.024178652092814445,-0.1671646535396576,12004,204369,55,4,False,Right,Back,Right,Left,62
<_io.BytesIO object at 0x00000178E5F77A40>,1051072572,0.10299504548311234,0.34203654527664185,2.802596928649634e-45,1.064986832886861e-43,2.802596928649634e-45,0.8490372896194458,-0.024039490148425102,-0.16678716242313385,6986,204370,55,4,False,Right,Back,Right,Left,62
<_io.BytesIO object at 0x00000178E5FEE0E0>,1051070831,0.10278930515050888,0.34207919239997864,2.802596928649634e-45,1.064986832886861e-43,2.802596928649634e-45,0.8487161993980408,-0.023948589339852333,-0.16639897227287292,-12221,204371,55,4,False,Right,Back,Right,Left,62
<_io.BytesIO object at 0x00000178E5FCAF40>,1051067836,0.1025998592376709,0.34210121631622314,2.802596928649634e-45,1.064986832886861e-43,2.802596928649634e-45,0.8483912348747253,-0.023922782391309738,-0.16605977714061737,-20929,204372,55,4,False,Right,Back,Right,Left,62
<_io.BytesIO object at 0x00000178E5F72900>,1051065280,0.10254918783903122,0.3420257568359375,2.802596928649634e-45,1.064986832886861e-43,2.802596928649634e-45,0.8479903936386108,-0.02389824017882347,-0.16573326289653778,-6429,204373,55,4,False,Right,Back,Right,Left,62
<_io.BytesIO object at 0x00000178E5FCF590>,1051060975,0.10251717269420624,0.3419204354286194,2.802596928649634e-45,1.064986832886861e-43,2.802596928649634e-45,0.8477062582969666,-0.023904168978333473,-0.16544874012470245,-2055,204374,55,4,False,Right,Back,Right,Left,62
<_io.BytesIO object at 0x00000178E5F8B9F0>,1051058453,0.10260917991399765,0.3418349325656891,2.802596928649634e-45,1.064986832886861e-43,2.802596928649634e-45,0.8475131392478943,-0.02391006052494049,-0.16513700783252716,22628,204375,55,4,False,Right,Back,Right,Left,62
<_io.BytesIO object at 0x00000178E5F762C0>,1051056881,0.1028076782822609,0.34167638421058655,2.802596928649634e-45,1.064986832886861e-43,2.802596928649634e-45,0.847212553024292,-0.02400641143321991,-0.16482354700565338,31043,204376,55,4,False,Right,Back,Right,Left,62
<_io.BytesIO object at 0x00000178E5F72E50>,1051052821,0.1031053364276886,0.34142935276031494,2.802596928649634e-45,1.064986832886861e-43,2.802596928649634e-45,0.846867024898529,-0.02410099282860756,-0.16455596685409546,-24591,204377,55,4,False,Right,Back,Right,Left,62
<_io.BytesIO object at 0x00000178E5FCAEA0>,1051046810,0.1035410463809967,0.3410491347312927,2.802596928649634e-45,1.064986832886861e-43,2.802596928649634e-45,0.8465455174446106,-0.024189544841647148,-0.16429871320724487,-24755,204378,55,4,False,Right,Back,Right,Left,62
<_io.BytesIO object at 0x00000178E5FEEE50>,1051036794,0.10426153987646103,0.3403724730014801,2.802596928649634e-45,1.064986832886861e-43,2.802596928649634e-45,0.8462607264518738,-0.024231527000665665,-0.16403253376483917,29537,204379,55,4,False,Right,Back,Right,Left,62
<_io.BytesIO object at 0x00000178E5F8B3B0>,1051012145,0.10662393271923065,0.33856385946273804,2.802596928649634e-45,1.064986832886861e-43,2.802596928649634e-45,0.8456688523292542,-0.024467792361974716,-0.16357146203517914,30976,204381,55,4,False,Right,Back,Right,Left,62
<_io.BytesIO object at 0x00000178E5F8C4A0>,1050996536,0.1083637997508049,0.3373149633407593,2.802596928649634e-45,1.064986832886861e-43,2.802596928649634e-45,0.8453628420829773,-0.024592721834778786,-0.16332493722438812,27039,204382,55,4,False,Right,Back,Right,Left,62
<_io.BytesIO object at 0x00000178E5FF4360>,1050981692,0.1103961393237114,0.3357922434806824,2.802596928649634e-45,1.064986832886861e-43,2.802596928649634e-45,0.8450765013694763,-0.024745739996433258,-0.16307432949543,3866,204383,55,4,False,Right,Back,Right,Left,62
<_io.BytesIO object at 0x00000178E5FC2310>,1050968777,0.11292681097984314,0.33422961831092834,2.802596928649634e-45,1.064986832886861e-43,2.802596928649634e-45,0.8447619080543518,-0.024936618283391,-0.1628286987543106,2707,204384,55,4,False,Right,Back,Right,Left,62
<_io.BytesIO object at 0x00000178E5F76F40>,1050961199,0.11590185761451721,0.3324415683746338,2.802596928649634e-45,1.064986832886861e-43,2.802596928649634e-45,0.8445258736610413,-0.02508603222668171,-0.16260327398777008,-23556,204385,55,4,False,Right,Back,Right,Left,62
<_io.BytesIO object at 0x00000178E5F8B770>,1050959618,0.1195235624909401,0.33038896322250366,2.802596928649634e-45,1.064986832886861e-43,2.802596928649634e-45,0.8442285656929016,-0.025256594642996788,-0.16238610446453094,-26528,204386,55,4,False,Right,Back,Right,Left,62
<_io.BytesIO object at 0x00000178E5FC28B0>,1050962939,0.1235426589846611,0.32812967896461487,2.802596928649634e-45,1.064986832886861e-43,2.802596928649634e-45,0.8439688086509705,-0.025464316830039024,-0.16215880215168,23869,204387,55,4,False,Right,Back,Right,Left,62
<_io.BytesIO object at 0x00000178E3216DB0>,1050978556,0.12811893224716187,0.32570451498031616,2.802596928649634e-45,1.064986832886861e-43,2.802596928649634e-45,0.8437108397483826,-0.025698985904455185,-0.16194795072078705,11870,204388,55,4,False,Right,Back,Right,Left,62
<_io.BytesIO object at 0x00000178E5FEE630>,1050999826,0.1330684870481491,0.3228929042816162,2.802596928649634e-45,1.064986832886861e-43,2.802596928649634e-45,0.8433528542518616,-0.026002343744039536,-0.16173811256885529,26203,204389,55,4,False,Right,Back,Right,Left,62
<_io.BytesIO object at 0x00000178E5F744A0>,1051034419,0.13834507763385773,0.3197938799858093,2.802596928649634e-45,1.064986832886861e-43,2.802596928649634e-45,0.8431156277656555,-0.026302719488739967,-0.16151778399944305,3771,204390,55,4,False,Right,Back,Right,Left,62
<_io.BytesIO object at 0x00000178E5F74680>,1051086391,0.14352567493915558,0.31670519709587097,2.802596928649634e-45,1.064986832886861e-43,2.802596928649634e-45,0.8427817225456238,-0.02663128823041916,-0.1613330990076065,26030,204391,55,4,False,Right,Back,Right,Left,62
<_io.BytesIO object at 0x00000178E5FEE7C0>,1051164831,0.1488252878189087,0.3134711980819702,2.802596928649634e-45,1.064986832886861e-43,2.802596928649634e-45,0.8425202965736389,-0.02705053612589836,-0.16116194427013397,-20071,204392,55,4,False,Right,Back,Right,Left,62
<_io.BytesIO object at 0x00000178E5FC2810>,1052627887,0.1759154200553894,0.22061744332313538,2.802596928649634e-45,1.064986832886861e-43,2.802596928649634e-45,0.841863751411438,-0.028081944212317467,-0.1608111411333084,-23208,204394,55,4,False,Right,Back,Right,Left,62
<_io.BytesIO object at 0x00000178E5FCAAE0>,1053652011,0.19285306334495544,0.16852587461471558,2.802596928649634e-45,1.064986832886861e-43,2.802596928649634e-45,0.839810848236084,-0.03450525179505348,-0.16012181341648102,-6067,204402,55,4,False,Right,Back,Right,Left,62
<_io.BytesIO object at 0x00000178E5FEE4F0>,1053821039,0.19355963170528412,0.1610300987958908,2.802596928649634e-45,1.064986832886861e-43,2.802596928649634e-45,0.8389359712600708,-0.035544365644454956,-0.16017834842205048,9851,204403,55,4,False,Right,Back,Right,Left,62
<_io.BytesIO object at 0x00000178E3216F40>,1053985098,0.19377097487449646,0.1527910828590393,2.802596928649634e-45,1.064986832886861e-43,2.802596928649634e-45,0.8381655812263489,-0.03669068217277527,-0.16028398275375366,-27402,204404,55,4,False,Right,Back,Right,Left,62
<_io.BytesIO object at 0x00000178E5FE5CC0>,1054159358,0.19331417977809906,0.1445564478635788,2.802596928649634e-45,1.064986832886861e-43,2.802596928649634e-45,0.8374123573303223,-0.037943512201309204,-0.16050462424755096,28970,204405,55,4,False,Right,Back,Right,Left,62
<_io.BytesIO object at 0x00000178E5F772C0>,1054325552,0.19270524382591248,0.13621388375759125,0.4092139005661011,0.2193283587694168,0.2246917337179184,2.802596928649634e-45,1.064986832886861e-43,2.802596928649634e-45,16757,204406,55,4,False,Right,Back,Right,Left,62
<_io.BytesIO object at 0x00000178E5F77310>,893009750,4.8882543629757005e+25,-1.2151245960061225e-36,0.6064264178276062,2.9335646939578627e+36,-9.510567665956103e+24,-9.887244953572727e-24,1.1327396136369659e-40,1.401298464324817e-45,-12045,204406,55,4,False,Right,Back,Right,Left,62
<_io.BytesIO object at 0x00000178E5FE5DB0>,1054493892,0.19176702201366425,0.12769591808319092,0.4188176095485687,0.21977585554122925,0.21463724970817566,0.3928234577178955,0.17188943922519684,0.14618675410747528,2,204407,55,4,False,Right,Back,Right,Left,62
<_io.BytesIO object at 0x00000178E5FEBE00>,4980736,1.8367099231598242e-40,1.454392162258955e-14,-4.3657360547343524e+33,-3.0637947778064807e-27,-1.9780114234258416e-28,-20434003968.0,2.2029459178490375e+24,-6.837155893372007e+31,16196,204407,55,4,False,Right,Back,Right,Left,62
<_io.BytesIO object at 0x00000178E5FE5D60>,1002689501,9.183689745645554e-41,-32614907904.0,-1.4255355755807286e+28,-3.5763222404963655e+37,-0.0007257234537974,1.4679724191561346e-16,-4.892113200008327e-26,0.002490940038114786,16140,204407,55,4,False,Right,Back,Right,Left,62
<_io.BytesIO object at 0x00000178E5F8C680>,1054657928,0.19008170068264008,0.11878862977027893,0.4278366267681122,0.22031547129154205,0.20532108843326569,0.39723414182662964,0.17285504937171936,0.13852693140506744,2,204408,55,4,False,Right,Back,Right,Left,62
<_io.BytesIO object at 0x00000178E5F8C9A0>,4980736,1.8367099231598242e-40,2.3953753683316246e-33,2.280177538832543e-18,-32537149702144.0,8.794549533064355e-10,-1.047584541129007e-17,4.8243900475139686e+17,-2.0316424053073295e-13,16196,204408,55,4,False,Right,Back,Right,Left,62
<_io.BytesIO object at 0x00000178E5F8C540>,1002793771,9.183689745645554e-41,-32614907904.0,-1.4255355755807286e+28,-3.5763222404963655e+37,-0.0007257234537974,1.4679724191561346e-16,-4.892113200008327e-26,0.002490940038114786,16140,204408,55,4,False,Right,Back,Right,Left,62
<_io.BytesIO object at 0x00000178E5FFC8B0>,1054821084,0.1883048713207245,0.10999174416065216,0.4370763897895813,0.22009243071079254,0.1959390938282013,0.40140432119369507,0.1735309362411499,0.13089512288570404,2,204409,55,4,False,Right,Back,Right,Left,62
<_io.BytesIO object at 0x00000178E5FFC090>,4980736,1.8367099231598242e-40,-3.0948500982134507e+29,-1582673035264.0,2.06733541868964e-26,2.799159712571487e+21,-9.825263026135359e-14,6.631854036503762e-25,-32095.048828125,16196,204409,55,4,False,Right,Back,Right,Left,62
<_io.BytesIO object at 0x00000178E5FCA1D0>,1002705578,9.183689745645554e-41,-32614907904.0,-1.4255355755807286e+28,-3.5763222404963655e+37,-0.0007257234537974,1.4679724191561346e-16,-4.892113200008327e-26,0.002490940038114786,16140,204409,55,4,False,Right,Back,Right,Left,62
<_io.BytesIO object at 0x00000178E5FC2270>,1054977103,0.18630383908748627,0.10122060775756836,0.446275532245636,0.219360813498497,0.18631529808044434,0.40578216314315796,0.1738092452287674,0.12316930294036865,2,204410,55,4,False,Right,Back,Right,Left,62
<_io.BytesIO object at 0x00000178E5FC2F90>,4980736,1.8367099231598242e-40,-527765581332480.0,4.202338719015685e+20,2.2588479031216177e+19,3.4415626273300026e-13,1.3446830890015505e+29,-1.5313913971910647e-17,8.771755783788551e-27,16197,204410,55,4,False,Right,Back,Right,Left,62
<_io.BytesIO object at 0x00000178E5FC2900>,1002694153,9.183689745645554e-41,-32614907904.0,-1.4255355755807286e+28,-3.5763222404963655e+37,-0.0007257234537974,1.4679724191561346e-16,-4.892113200008327e-26,0.002490940038114786,16140,204410,55,4,False,Right,Back,Right,Left,62
<_io.BytesIO object at 0x00000178E5FC2F40>,1055130512,0.18387898802757263,0.09238941222429276,0.4554414749145508,0.21783313155174255,0.17637239396572113,0.4103271961212158,0.17395134270191193,0.11542191356420517,2,204411,55,4,False,Right,Back,Right,Left,62
<_io.BytesIO object at 0x00000178E5FC2590>,4980736,1.8367099231598242e-40,-0.58984375,1.1711935843346134e-32,-6.929347991943359,-7.634162955624347e-31,-4.315466317628136e-10,5.733119210084682e-16,314864.65625,16197,204411,55,4,False,Right,Back,Right,Left,62
<_io.BytesIO object at 0x00000178E5FC2950>,1002707755,9.183689745645554e-41,-32614907904.0,-1.4255355755807286e+28,-3.5763222404963655e+37,-0.0007257234537974,1.4679724191561346e-16,-4.892113200008327e-26,0.002490940038114786,16140,204411,55,4,False,Right,Back,Right,Left,62
<_io.BytesIO object at 0x00000178E5FCACC0>,1055278085,0.1811838150024414,0.08356092870235443,0.4644937515258789,0.2158147692680359,0.16628244519233704,0.4150002598762512,0.17342282831668854,0.10756005346775055,2,204412,55,4,False,Right,Back,Right,Left,62
<_io.BytesIO object at 0x00000178E5FCA720>,4980736,1.8367099231598242e-40,-2.2315482794965646e-14,-7.989451514470211e-27,6.42887548795109e-28,-1.3757845400977408e+18,1.3616641869887289e-33,6.973548443056643e-05,1.5136083840604e+38,16197,204412,55,4,False,Right,Back,Right,Left,62
<_io.BytesIO object at 0x00000178E5FCA590>,1002662995,9.183689745645554e-41,-32614907904.0,-1.4255355755807286e+28,-3.5763222404963655e+37,-0.0007257234537974,1.4679724191561346e-16,-4.892113200008327e-26,0.002490940038114786,16140,204412,55,4,False,Right,Back,Right,Left,62
<_io.BytesIO object at 0x00000178E5FEE310>,1055416023,0.17825856804847717,0.07476019859313965,0.4732804000377655,0.21330751478672028,0.1558770388364792,0.41934534907341003,0.17282433807849884,0.10000106692314148,2,204413,55,4,False,Right,Back,Right,Left,62
<_io.BytesIO object at 0x00000178E5FEED10>,4980736,1.8367099231598242e-40,-2.948446519354054e-26,-1.0709975975958938e+17,7.885946198022686e+24,-4359267549184.0,3.06129963345492e+37,2.900387254651103e-31,-6807.75830078125,16197,204413,55,4,False,Right,Back,Right,Left,62
<_io.BytesIO object at 0x00000178E5F8CC20>,1002551357,9.183689745645554e-41,-32614907904.0,-1.4255355755807286e+28,-3.5763222404963655e+37,-0.0007257234537974,1.4679724191561346e-16,-4.892113200008327e-26,0.002490940038114786,16140,204413,55,4,False,Right,Back,Right,Left,62
<_io.BytesIO object at 0x00000178E3216A90>,1055545831,0.1751631796360016,0.0661110207438469,0.481777161359787,0.21039456129074097,0.14547325670719147,0.42360857129096985,0.17213991284370422,0.09240145236253738,2,204414,55,4,False,Right,Back,Right,Left,62
<_io.BytesIO object at 0x00000178E3216D10>,4980736,1.8367099231598242e-40,-1.5336527858384532e-38,6.779226922800372e-15,-37156116.0,4.0664867263275754e+37,8.759449600121566e-14,2.3267447487916288e+35,4.807073485914874e-34,16198,204414,55,4,False,Right,Back,Right,Left,62
<_io.BytesIO object at 0x00000178E5FEBE00>,1002534333,9.183689745645554e-41,-32614907904.0,-1.4255355755807286e+28,-3.5763222404963655e+37,-0.0007257234537974,1.4679724191561346e-16,-4.892113200008327e-26,0.002490940038114786,16140,204414,55,4,False,Right,Back,Right,Left,62
<_io.BytesIO object at 0x00000178E5FCFE50>,1055668603,0.17197301983833313,0.05753779411315918,0.4898661673069,0.20705822110176086,0.13499557971954346,0.4278188645839691,0.17095474898815155,0.0849509909749031,2,204415,55,4,False,Right,Back,Right,Left,62
<_io.BytesIO object at 0x00000178E5FCFF40>,4980736,1.8367099231598242e-40,1.6558685965481247e+31,9.393158642849481e+32,1.2020516696907306e-17,3.586045867337516e+28,-1.765962238952808e+28,1.0167602139048827e+23,2.3058412352838786e-06,16198,204415,55,4,False,Right,Back,Right,Left,62
<_io.BytesIO object at 0x00000178E5FCF3B0>,1002558930,9.183689745645554e-41,-32614907904.0,-1.4255355755807286e+28,-3.5763222404963655e+37,-0.0007257234537974,1.4679724191561346e-16,-4.892113200008327e-26,0.002490940038114786,16140,204415,55,4,False,Right,Back,Right,Left,62
<_io.BytesIO object at 0x00000178E5FE59A0>,1055783851,0.16872550547122955,0.04923252761363983,0.4974355697631836,0.2035878300666809,0.12462637573480606,0.43227148056030273,0.16928835213184357,0.07735848426818848,2,204416,55,4,False,Right,Back,Right,Left,62
<_io.BytesIO object at 0x00000178E5FE5BD0>,4980736,1.8367099231598242e-40,3.0105086328293988e+23,-7.199354778522485e-26,4.091762283394938e+33,0.2573101222515106,-3.420437829361232e-39,1935326.25,2.90233517068329e+36,16198,204416,55,4,False,Right,Back,Right,Left,62
<_io.BytesIO object at 0x00000178E5FE54F0>,1002440482,9.183689745645554e-41,-32614907904.0,-1.4255355755807286e+28,-3.5763222404963655e+37,-0.0007257234537974,1.4679724191561346e-16,-4.892113200008327e-26,0.002490940038114786,16140,204416,55,4,False,Right,Back,Right,Left,62
<_io.BytesIO object at 0x00000178E5F8CE50>,1055894610,0.16535797715187073,0.0409054197371006,0.5048007369041443,0.1995411068201065,0.11415810137987137,0.436485230922699,0.1677275002002716,0.0700887143611908,2,204417,55,4,False,Right,Back,Right,Left,62
<_io.BytesIO object at 0x00000178E5F8C900>,4980736,1.8367099231598242e-40,21028159881216.0,-3.109189140693315e-30,-13451117199360.0,-1298076544.0,-1523881508601856.0,-2.0378415854287585e+18,-3.965138342611946e-23,16198,204417,55,4,False,Right,Back,Right,Left,62
<_io.BytesIO object at 0x00000178E5F8C770>,1002435196,9.183689745645554e-41,-32614907904.0,-1.4255355755807286e+28,-3.5763222404963655e+37,-0.0007257234537974,1.4679724191561346e-16,-4.892113200008327e-26,0.002490940038114786,16140,204417,55,4,False,Right,Back,Right,Left,62
<_io.BytesIO object at 0x00000178E5FFC860>,1056003067,0.16205133497714996,0.03275246545672417,0.5116648077964783,0.19535037875175476,0.10402360558509827,0.4406217932701111,0.16589364409446716,0.06276258081197739,2,204418,55,4,False,Right,Back,Right,Left,62
<_io.BytesIO object at 0x00000178E5FFC810>,4980736,1.8367099231598242e-40,20096.0,-3.495860455593738e+17,4.70100576421828e-06,-4.463203937784022e-32,-8.20283031463623,5.4455521174149105e-14,8.500870035033272e+27,16198,204418,55,4,False,Right,Back,Right,Left,62
<_io.BytesIO object at 0x00000178E5FFC450>,1002409766,9.183689745645554e-41,-32614907904.0,-1.4255355755807286e+28,-3.5763222404963655e+37,-0.0007257234537974,1.4679724191561346e-16,-4.892113200008327e-26,0.002490940038114786,16140,204418,55,4,False,Right,Back,Right,Left,62
<_io.BytesIO object at 0x00000178E5F8B0E0>,1056106773,0.15853102505207062,0.024755926802754402,0.518103301525116,0.1909715235233307,0.09414379298686981,0.4447851777076721,0.16380347311496735,0.05563484877347946,2,204419,55,4,False,Right,Back,Right,Left,62
<_io.BytesIO object at 0x00000178E5F8B720>,4980736,1.8367099231598242e-40,1.2514647096395493e-09,1.5008635854844062e-24,-7.811029512562289e-25,1.8416685104241442e+25,1273417564160.0,-1.1348192859046313e+23,1.01700791489669e-38,16198,204419,55,4,False,Right,Back,Right,Left,62
<_io.BytesIO object at 0x00000178E5F8B220>,1002349333,9.183689745645554e-41,-32614907904.0,-1.4255355755807286e+28,-3.5763222404963655e+37,-0.0007257234537974,1.4679724191561346e-16,-4.892113200008327e-26,0.002490940038114786,16140,204419,55,4,False,Right,Back,Right,Left,62
