_io,asset_ID,pos_x,pos_y,pos_z,rot_w,rot_x,rot_y,rot_z,error,tracking_valid,frame,trial_num,block_num,practicing,left_right_hand,palm_back_hand,target_loc,distractor_loc,participant_id
<_io.BytesIO object at 0x0000018E002ACD60>,1057300397,0.03749469295144081,-0.15255410969257355,0.5582308173179626,0.06377740949392319,-0.091938816010952,0.4899608790874481,0.053785648196935654,-0.12714454531669617,4304,551105,9,2,False,Right,Back,Centre,Left,69
<_io.BytesIO object at 0x0000018E002AC860>,494157550,-3.143412095780217e-28,-0.00036381144309416413,1.2755299594324754e-10,7.526177342580408e-31,2.51590527583342e-40,6.979497708007332e-39,9.183549615799121e-41,595591168.0,16127,551105,9,2,False,Right,Back,Centre,Left,69
<_io.BytesIO object at 0x0000018E002AC630>,1025455694,-0.11136136204004288,-0.8933780193328857,-0.1384778916835785,-0.42554759979248047,0.04010991379618645,0.0,1.8367099231598242e-40,-1.910178320086217e-37,16137,551105,9,2,False,Right,Back,Centre,Left,69
<_io.BytesIO object at 0x0000018E002ACAE0>,1041907607,0.12499324232339859,-0.2805018424987793,0.4253242015838623,0.8461819887161255,-0.15618599951267242,0.0,0.0,0.0,0,551105,9,2,False,Right,Back,Centre,Left,69
<_io.BytesIO object at 0x0000018E002AC860>,0,0.0,7.006492321624085e-45,1.821688003622262e-43,6.579096290005016e-42,0.5200145840644836,0.03749469295144081,-0.15255410969257355,0.009120754897594452,18,551105,9,2,False,Right,Back,Centre,Left,69
<_io.BytesIO object at 0x0000018E00209AE0>,1057303005,0.036937881261110306,-0.15270628035068512,0.55843585729599,0.06267062574625015,-0.09196432679891586,0.4900820851325989,0.05326376110315323,-0.12715575098991394,4146,551106,9,2,False,Right,Back,Centre,Left,69
<_io.BytesIO object at 0x0000018E00209A90>,1611087598,-3.665855518867456e+16,-6.472816206637422e-12,3.901760911022855e+23,-4.892834179580272e+37,2.5158912628487766e-40,6.979497708007332e-39,9.183549615799121e-41,595591168.0,16127,551106,9,2,False,Right,Back,Centre,Left,69
<_io.BytesIO object at 0x0000018E00209B80>,1025455694,-0.11136136204004288,-0.8933780193328857,-0.1384778916835785,-0.42554759979248047,0.04010991379618645,0.0,1.8367099231598242e-40,-1.910178320086217e-37,16137,551106,9,2,False,Right,Back,Centre,Left,69
<_io.BytesIO object at 0x0000018E002093B0>,1041907607,0.12499324232339859,-0.2805018424987793,0.4253242015838623,0.8461819887161255,-0.15618599951267242,0.0,0.0,0.0,0,551106,9,2,False,Right,Back,Centre,Left,69
<_io.BytesIO object at 0x0000018E00209130>,0,0.0,7.006492321624085e-45,1.821688003622262e-43,6.579096290005016e-42,0.5201700329780579,0.036937881261110306,-0.15270628035068512,0.009120658971369267,18,551106,9,2,False,Right,Back,Centre,Left,69
<_io.BytesIO object at 0x0000018E002AC810>,1057304702,0.0363546721637249,-0.15282317996025085,0.558594286441803,0.06178376451134682,-0.09204714000225067,0.4901832938194275,0.05251378193497658,-0.12715433537960052,5061,551107,9,2,False,Right,Back,Centre,Left,69
<_io.BytesIO object at 0x0000018E00146360>,1098399470,4.098313667025888e-33,-4.786997079113398e-13,5.827249207144039e+24,1511948672.0,2.51590527583342e-40,6.979497708007332e-39,9.183549615799121e-41,595591168.0,16127,551107,9,2,False,Right,Back,Centre,Left,69
<_io.BytesIO object at 0x0000018E00146900>,1025455694,-0.11136136204004288,-0.8933780193328857,-0.1384778916835785,-0.42554759979248047,0.04010991379618645,0.0,1.8367099231598242e-40,-1.910178320086217e-37,16137,551107,9,2,False,Right,Back,Centre,Left,69
<_io.BytesIO object at 0x0000018E001469F0>,1041907607,0.12499324232339859,-0.2805018424987793,0.4253242015838623,0.8461819887161255,-0.15618599951267242,0.0,0.0,0.0,0,551107,9,2,False,Right,Back,Centre,Left,69
<_io.BytesIO object at 0x0000018E001468B0>,0,0.0,7.006492321624085e-45,1.821688003622262e-43,6.579096290005016e-42,0.5202711820602417,0.0363546721637249,-0.15282317996025085,0.009120876900851727,18,551107,9,2,False,Right,Back,Centre,Left,69
<_io.BytesIO object at 0x0000018E002ACF40>,1057305873,0.03581482917070389,-0.15295781195163727,0.558424711227417,0.061249326914548874,-0.09202976524829865,0.4902389943599701,0.051915258169174194,-0.12705743312835693,8912,551108,9,2,False,Right,Back,Centre,Left,69
<_io.BytesIO object at 0x0000018E002AC720>,3445636846,0.029081689193844795,-3.415945526441533e-09,-2.5976186506580066e+19,-1.433808453910057e-11,2.51590527583342e-40,6.979497708007332e-39,9.183549615799121e-41,595591168.0,16127,551108,9,2,False,Right,Back,Centre,Left,69
<_io.BytesIO object at 0x0000018E002ACD10>,1025455694,-0.11136136204004288,-0.8933780193328857,-0.1384778916835785,-0.42554759979248047,0.04010991379618645,0.0,1.8367099231598242e-40,-1.910178320086217e-37,16137,551108,9,2,False,Right,Back,Centre,Left,69
<_io.BytesIO object at 0x0000018E002AC310>,1041907607,0.12499324232339859,-0.2805018424987793,0.4253242015838623,0.8461819887161255,-0.15618599951267242,0.0,0.0,0.0,0,551108,9,2,False,Right,Back,Centre,Left,69
<_io.BytesIO object at 0x0000018E002ACDB0>,0,0.0,7.006492321624085e-45,1.821688003622262e-43,6.579096290005016e-42,0.5203409790992737,0.03581482917070389,-0.15295781195163727,0.009121098555624485,18,551108,9,2,False,Right,Back,Centre,Left,69
<_io.BytesIO object at 0x0000018E002091D0>,1057307929,0.035443246364593506,-0.15301412343978882,0.5583105087280273,0.06091855466365814,-0.09201185405254364,0.49034032225608826,0.051428865641355515,-0.12696413695812225,15419,551109,9,2,False,Right,Back,Centre,Left,69
<_io.BytesIO object at 0x0000018E00209B30>,3643883246,8.530634752452736e+32,-494386784.0,-185.24600219726562,-9.192297081332822e-38,2.51590527583342e-40,6.979497708007332e-39,9.183549615799121e-41,595591168.0,16127,551109,9,2,False,Right,Back,Centre,Left,69
<_io.BytesIO object at 0x0000018E002094F0>,1025455694,-0.11136136204004288,-0.8933780193328857,-0.1384778916835785,-0.42554759979248047,0.04010991379618645,0.0,1.8367099231598242e-40,-1.910178320086217e-37,16137,551109,9,2,False,Right,Back,Centre,Left,69
<_io.BytesIO object at 0x0000018E00209810>,1041907607,0.12499324232339859,-0.2805018424987793,0.4253242015838623,0.8461819887161255,-0.15618599951267242,0.0,0.0,0.0,0,551109,9,2,False,Right,Back,Centre,Left,69
<_io.BytesIO object at 0x0000018E00209220>,0,0.0,7.006492321624085e-45,1.821688003622262e-43,6.579096290005016e-42,0.5204635262489319,0.035443246364593506,-0.15301412343978882,0.009121323935687542,18,551109,9,2,False,Right,Back,Centre,Left,69
<_io.BytesIO object at 0x0000018E00146E50>,1057311195,0.03515888378024101,-0.15299715101718903,0.5583227276802063,0.06065117195248604,-0.09192203730344772,0.4904705286026001,0.05097952485084534,-0.12686464190483093,17195,551110,9,2,False,Right,Back,Centre,Left,69
<_io.BytesIO object at 0x0000018E002AC950>,4204740334,-3.9238019175823946e-21,-7.25596882217751e+19,-3.194234602479174e+37,3.874317637982929e+26,2.51590527583342e-40,6.979497708007332e-39,9.183549615799121e-41,595591168.0,16127,551110,9,2,False,Right,Back,Centre,Left,69
<_io.BytesIO object at 0x0000018E002ACEA0>,1025455694,-0.11136136204004288,-0.8933780193328857,-0.1384778916835785,-0.42554759979248047,0.04010991379618645,0.0,1.8367099231598242e-40,-1.910178320086217e-37,16137,551110,9,2,False,Right,Back,Centre,Left,69
<_io.BytesIO object at 0x0000018E002AC7C0>,1041907607,0.12499324232339859,-0.2805018424987793,0.4253242015838623,0.8461819887161255,-0.15618599951267242,0.0,0.0,0.0,0,551110,9,2,False,Right,Back,Centre,Left,69
<_io.BytesIO object at 0x0000018E002AC540>,0,0.0,7.006492321624085e-45,1.821688003622262e-43,6.579096290005016e-42,0.5206581950187683,0.03515888378024101,-0.15299715101718903,0.009121550247073174,18,551110,9,2,False,Right,Back,Centre,Left,69
<_io.BytesIO object at 0x0000018E001469A0>,1057314264,0.03498489409685135,-0.15297992527484894,0.5583791732788086,0.060529764741659164,-0.09172872453927994,0.4907231628894806,0.050673242658376694,-0.12674003839492798,21356,551111,9,2,False,Right,Back,Centre,Left,69
<_io.BytesIO object at 0x0000018E00209450>,1531789038,-3.8777079325313935e-09,-1.798534906867876e+17,0.4594648480415344,-1.0954122586781523e-07,2.51590527583342e-40,6.979497708007332e-39,9.183549615799121e-41,595591168.0,16127,551111,9,2,False,Right,Back,Centre,Left,69
<_io.BytesIO object at 0x0000018E002097C0>,1025455694,-0.11136136204004288,-0.8933780193328857,-0.1384778916835785,-0.42554759979248047,0.04010991379618645,0.0,1.8367099231598242e-40,-1.910178320086217e-37,16137,551111,9,2,False,Right,Back,Centre,Left,69
<_io.BytesIO object at 0x0000018E00209EA0>,1041907607,0.12499324232339859,-0.2805018424987793,0.4253242015838623,0.8461819887161255,-0.15618599951267242,0.0,0.0,0.0,0,551111,9,2,False,Right,Back,Centre,Left,69
<_io.BytesIO object at 0x0000018E00209310>,0,0.0,7.006492321624085e-45,1.821688003622262e-43,6.579096290005016e-42,0.520841121673584,0.03498489409685135,-0.15297992527484894,0.009121473878622055,18,551111,9,2,False,Right,Back,Centre,Left,69
<_io.BytesIO object at 0x0000018E00146450>,1057316992,0.035013627260923386,-0.15293653309345245,0.5585293173789978,0.06057293340563774,-0.09154008328914642,0.49092355370521545,0.050766777247190475,-0.1266206055879593,26294,551112,9,2,False,Right,Back,Centre,Left,69
<_io.BytesIO object at 0x0000018E00146E50>,821706478,-1.7144371985140977e-25,-1.896324912696525e+16,0.0615834966301918,-1.564885048800646e-12,2.51590527583342e-40,6.979497708007332e-39,9.183549615799121e-41,595591168.0,16127,551112,9,2,False,Right,Back,Centre,Left,69
<_io.BytesIO object at 0x0000018E001466D0>,1025455694,-0.11136136204004288,-0.8933780193328857,-0.1384778916835785,-0.42554759979248047,0.04010991379618645,0.0,1.8367099231598242e-40,-1.910178320086217e-37,16137,551112,9,2,False,Right,Back,Centre,Left,69
<_io.BytesIO object at 0x0000018E001462C0>,1041907607,0.12499324232339859,-0.2805018424987793,0.4253242015838623,0.8461819887161255,-0.15618599951267242,0.0,0.0,0.0,0,551112,9,2,False,Right,Back,Centre,Left,69
<_io.BytesIO object at 0x0000018E00146E00>,0,0.0,7.006492321624085e-45,1.821688003622262e-43,6.579096290005016e-42,0.5210037231445312,0.035013627260923386,-0.15293653309345245,0.009121398441493511,18,551112,9,2,False,Right,Back,Centre,Left,69
<_io.BytesIO object at 0x0000018E002ACE00>,1057319291,0.03528035059571266,-0.1528611034154892,0.5587698221206665,0.06074070185422897,-0.0913417637348175,0.4911053776741028,0.05113881826400757,-0.126541405916214,31341,551113,9,2,False,Right,Back,Centre,Left,69
<_io.BytesIO object at 0x0000018E00209EF0>,1181564654,2066326.375,-2.1456306950617203e+23,-0.00011026668653357774,0.6571797728538513,2.51590527583342e-40,6.979497708007332e-39,9.183549615799121e-41,595591168.0,16127,551113,9,2,False,Right,Back,Centre,Left,69
<_io.BytesIO object at 0x0000018E00209540>,1025455694,-0.11136136204004288,-0.8933780193328857,-0.1384778916835785,-0.42554759979248047,0.04010991379618645,0.0,1.8367099231598242e-40,-1.910178320086217e-37,16137,551113,9,2,False,Right,Back,Centre,Left,69
<_io.BytesIO object at 0x0000018E00209A40>,1041907607,0.12499324232339859,-0.2805018424987793,0.4253242015838623,0.8461819887161255,-0.15618599951267242,0.0,0.0,0.0,0,551113,9,2,False,Right,Back,Centre,Left,69
<_io.BytesIO object at 0x0000018E00209130>,0,0.0,7.006492321624085e-45,1.821688003622262e-43,6.579096290005016e-42,0.5211407542228699,0.03528035059571266,-0.1528611034154892,0.009121621958911419,18,551113,9,2,False,Right,Back,Centre,Left,69
<_io.BytesIO object at 0x0000018E002AC950>,1057322426,0.03597874566912651,-0.1526980847120285,0.5591449737548828,0.06110718101263046,-0.09111087769269943,0.49129799008369446,0.052120186388492584,-0.1264854222536087,-29801,551114,9,2,False,Right,Back,Centre,Left,69
<_io.BytesIO object at 0x0000018E00146310>,1348091630,-3.8151225527592294e+27,-1.9742640666584885e+32,-3.7410132219368577e-26,-79047868416.0,2.5158912628487766e-40,6.979497708007332e-39,9.183549615799121e-41,595591168.0,16127,551114,9,2,False,Right,Back,Centre,Left,69
<_io.BytesIO object at 0x0000018E001460E0>,1025455694,-0.11136136204004288,-0.8933780193328857,-0.1384778916835785,-0.42554759979248047,0.04010991379618645,0.0,1.8367099231598242e-40,-1.910178320086217e-37,16137,551114,9,2,False,Right,Back,Centre,Left,69
<_io.BytesIO object at 0x0000018E00146E50>,1041907607,0.12499324232339859,-0.2805018424987793,0.4253242015838623,0.8461819887161255,-0.15618599951267242,0.0,0.0,0.0,0,551114,9,2,False,Right,Back,Centre,Left,69
<_io.BytesIO object at 0x0000018E00146B80>,0,0.0,7.006492321624085e-45,1.821688003622262e-43,6.579096290005016e-42,0.5213276147842407,0.03597874566912651,-0.1526980847120285,0.00912183802574873,18,551114,9,2,False,Right,Back,Centre,Left,69
<_io.BytesIO object at 0x0000018E00209590>,1057323769,0.036895155906677246,-0.15254071354866028,0.5595811605453491,0.061733778566122055,-0.09092262387275696,0.49154457449913025,0.05318153277039528,-0.12639401853084564,-29493,551115,9,2,False,Right,Back,Centre,Left,69
<_io.BytesIO object at 0x0000018E00209900>,54214382,534884657397760.0,2.0788706463405142e-17,-2.8466130567447522e-24,1.2528335020520912e+23,2.5158912628487766e-40,6.979497708007332e-39,9.183549615799121e-41,595591168.0,16127,551115,9,2,False,Right,Back,Centre,Left,69
<_io.BytesIO object at 0x0000018E00209040>,1025455694,-0.11136136204004288,-0.8933780193328857,-0.1384778916835785,-0.42554759979248047,0.04010991379618645,0.0,1.8367099231598242e-40,-1.910178320086217e-37,16137,551115,9,2,False,Right,Back,Centre,Left,69
<_io.BytesIO object at 0x0000018E00209810>,1041907607,0.12499324232339859,-0.2805018424987793,0.4253242015838623,0.8461819887161255,-0.15618599951267242,0.0,0.0,0.0,0,551115,9,2,False,Right,Back,Centre,Left,69
<_io.BytesIO object at 0x0000018E002099A0>,0,0.0,7.006492321624085e-45,1.821688003622262e-43,6.579096290005016e-42,0.5214076638221741,0.036895155906677246,-0.15254071354866028,0.009121883660554886,18,551115,9,2,False,Right,Back,Centre,Left,69
<_io.BytesIO object at 0x0000018E002AC4A0>,1057323459,0.0381721667945385,-0.15231750905513763,0.5599890351295471,0.06258243322372437,-0.09062676876783371,0.49169278144836426,0.05461104214191437,-0.12652547657489777,-23986,551116,9,2,False,Right,Back,Centre,Left,69
<_io.BytesIO object at 0x0000018E002094F0>,1043611374,-5.6865985698095756e-08,23.342744827270508,2.104357546348676e+23,2.0946450312130905e+32,2.5158772498641333e-40,6.979497708007332e-39,9.183549615799121e-41,595591168.0,16127,551116,9,2,False,Right,Back,Centre,Left,69
<_io.BytesIO object at 0x0000018E00209B30>,1025455694,-0.11136136204004288,-0.8933780193328857,-0.1384778916835785,-0.42554759979248047,0.04010991379618645,0.0,1.8367099231598242e-40,-1.910178320086217e-37,16137,551116,9,2,False,Right,Back,Centre,Left,69
<_io.BytesIO object at 0x0000018E00209E50>,1041907607,0.12499324232339859,-0.2805018424987793,0.4253242015838623,0.8461819887161255,-0.15618599951267242,0.0,0.0,0.0,0,551116,9,2,False,Right,Back,Centre,Left,69
<_io.BytesIO object at 0x0000018E002094F0>,0,0.0,7.006492321624085e-45,1.821688003622262e-43,6.579096290005016e-42,0.5213891863822937,0.0381721667945385,-0.15231750905513763,0.009122367948293686,18,551116,9,2,False,Right,Back,Centre,Left,69
<_io.BytesIO object at 0x0000018E002ACA90>,1057322903,0.0396076925098896,-0.15196175873279572,0.5605924725532532,0.06349214911460876,-0.09050261974334717,0.49173253774642944,0.05591278895735741,-0.12642230093479156,-23839,551117,9,2,False,Right,Back,Centre,Left,69
<_io.BytesIO object at 0x0000018E00209D10>,4101652206,-1.1912390559356242e+38,8.133210655961383e+18,5.364823377187963e+17,53053.046875,2.51586323687949e-40,6.979497708007332e-39,9.183549615799121e-41,595591168.0,16127,551117,9,2,False,Right,Back,Centre,Left,69
<_io.BytesIO object at 0x0000018E00209A40>,1025455694,-0.11136136204004288,-0.8933780193328857,-0.1384778916835785,-0.42554759979248047,0.04010991379618645,0.0,1.8367099231598242e-40,-1.910178320086217e-37,16137,551117,9,2,False,Right,Back,Centre,Left,69
<_io.BytesIO object at 0x0000018E00209900>,1041907607,0.12499324232339859,-0.2805018424987793,0.4253242015838623,0.8461819887161255,-0.15618599951267242,0.0,0.0,0.0,0,551117,9,2,False,Right,Back,Centre,Left,69
<_io.BytesIO object at 0x0000018E00209D10>,0,0.0,7.006492321624085e-45,1.821688003622262e-43,6.579096290005016e-42,0.5213560461997986,0.0396076925098896,-0.15196175873279572,0.009122543036937714,18,551117,9,2,False,Right,Back,Centre,Left,69
<_io.BytesIO object at 0x0000018E002ACEA0>,1057321118,0.04107927903532982,-0.1516142040491104,0.5610495805740356,0.06436070054769516,-0.09044934809207916,0.4914699196815491,0.05754659324884415,-0.12636275589466095,-21309,551118,9,2,False,Right,Back,Centre,Left,69
<_io.BytesIO object at 0x0000018E00146860>,3077586670,3.5505921840667725,1.327512915228831e+38,-8863483.0,1.7130273298407596e-19,2.515849223894847e-40,6.979497708007332e-39,9.183549615799121e-41,595591168.0,16127,551118,9,2,False,Right,Back,Centre,Left,69
<_io.BytesIO object at 0x0000018E00146C20>,1025455694,-0.11136136204004288,-0.8933780193328857,-0.1384778916835785,-0.42554759979248047,0.04010991379618645,0.0,1.8367099231598242e-40,-1.910178320086217e-37,16137,551118,9,2,False,Right,Back,Centre,Left,69
<_io.BytesIO object at 0x0000018E00146C70>,1041907607,0.12499324232339859,-0.2805018424987793,0.4253242015838623,0.8461819887161255,-0.15618599951267242,0.0,0.0,0.0,0,551118,9,2,False,Right,Back,Centre,Left,69
<_io.BytesIO object at 0x0000018E001469F0>,0,0.0,7.006492321624085e-45,1.821688003622262e-43,6.579096290005016e-42,0.5212496519088745,0.04107927903532982,-0.1516142040491104,0.009122701361775398,18,551118,9,2,False,Right,Back,Centre,Left,69
<_io.BytesIO object at 0x0000018E002AC9F0>,1057318938,0.04241609200835228,-0.1514490842819214,0.5613809823989868,0.0654931515455246,-0.09056713432073593,0.491353303194046,0.05895809456706047,-0.12607108056545258,-20088,551119,9,2,False,Right,Back,Centre,Left,69
<_io.BytesIO object at 0x0000018E002099A0>,3625271022,-5.724768609454891e-34,-7.326426835066298e-25,-6.117574944806142e+19,1.137045959683601e-19,2.5158352109102036e-40,6.979497708007332e-39,9.183549615799121e-41,595591168.0,16127,551119,9,2,False,Right,Back,Centre,Left,69
<_io.BytesIO object at 0x0000018E00209590>,1025455694,-0.11136136204004288,-0.8933780193328857,-0.1384778916835785,-0.42554759979248047,0.04010991379618645,0.0,1.8367099231598242e-40,-1.910178320086217e-37,16137,551119,9,2,False,Right,Back,Centre,Left,69
<_io.BytesIO object at 0x0000018E00209310>,1041907607,0.12499324232339859,-0.2805018424987793,0.4253242015838623,0.8461819887161255,-0.15618599951267242,0.0,0.0,0.0,0,551119,9,2,False,Right,Back,Centre,Left,69
<_io.BytesIO object at 0x0000018E002090E0>,0,0.0,7.006492321624085e-45,1.821688003622262e-43,6.579096290005016e-42,0.5211197137832642,0.04241609200835228,-0.1514490842819214,0.009122846648097038,18,551119,9,2,False,Right,Back,Centre,Left,69
<_io.BytesIO object at 0x0000018E002AC810>,1057314779,0.04343089461326599,-0.15132060647010803,0.5615366101264954,0.06688352674245834,-0.0909888967871666,0.4912845194339752,0.0601518489420414,-0.1259157508611679,-21354,551120,9,2,False,Right,Back,Centre,Left,69
<_io.BytesIO object at 0x0000018E00209900>,4110106350,-1886111.375,-3.579582852353269e-08,-1.1402827283967246e+19,-1.7896546852334927e-26,2.5158211979255603e-40,6.979497708007332e-39,9.183549615799121e-41,595591168.0,16127,551120,9,2,False,Right,Back,Centre,Left,69
<_io.BytesIO object at 0x0000018E00209C70>,1025455694,-0.11136136204004288,-0.8933780193328857,-0.1384778916835785,-0.42554759979248047,0.04010991379618645,0.0,1.8367099231598242e-40,-1.910178320086217e-37,16137,551120,9,2,False,Right,Back,Centre,Left,69
<_io.BytesIO object at 0x0000018E00209360>,1041907607,0.12499324232339859,-0.2805018424987793,0.4253242015838623,0.8461819887161255,-0.15618599951267242,0.0,0.0,0.0,0,551120,9,2,False,Right,Back,Centre,Left,69
<_io.BytesIO object at 0x0000018E00209B30>,0,0.0,7.006492321624085e-45,1.821688003622262e-43,6.579096290005016e-42,0.5208718180656433,0.04343089461326599,-0.15132060647010803,0.009122386574745178,18,551120,9,2,False,Right,Back,Centre,Left,69
<_io.BytesIO object at 0x0000018E00146450>,1057312839,0.044551365077495575,-0.15142875909805298,0.5614385604858398,0.06866081058979034,-0.09149102866649628,0.4911452829837799,0.06143321469426155,-0.125869482755661,-21584,551121,9,2,False,Right,Back,Centre,Left,69
<_io.BytesIO object at 0x0000018E00146D60>,3503505134,3.298820818077468e+29,-2579361280.0,1.956003459334844e+27,469481.34375,2.5158211979255603e-40,6.979497708007332e-39,9.183549615799121e-41,595591168.0,16127,551121,9,2,False,Right,Back,Centre,Left,69
<_io.BytesIO object at 0x0000018E00146E50>,1025455694,-0.11136136204004288,-0.8933780193328857,-0.1384778916835785,-0.42554759979248047,0.04010991379618645,0.0,1.8367099231598242e-40,-1.910178320086217e-37,16137,551121,9,2,False,Right,Back,Centre,Left,69
<_io.BytesIO object at 0x0000018E00146180>,1041907607,0.12499324232339859,-0.2805018424987793,0.4253242015838623,0.8461819887161255,-0.15618599951267242,0.0,0.0,0.0,0,551121,9,2,False,Right,Back,Centre,Left,69
<_io.BytesIO object at 0x0000018E00146EA0>,0,0.0,7.006492321624085e-45,1.821688003622262e-43,6.579096290005016e-42,0.520756185054779,0.044551365077495575,-0.15142875909805298,0.009122510440647602,18,551121,9,2,False,Right,Back,Centre,Left,69
<_io.BytesIO object at 0x0000018E002AC090>,1057309891,0.04552493244409561,-0.15147578716278076,0.5612715482711792,0.07045567035675049,-0.09197600185871124,0.4909191131591797,0.062473833560943604,-0.12603799998760223,-25856,551122,9,2,False,Right,Back,Centre,Left,69
<_io.BytesIO object at 0x0000018E002AC1D0>,2953527022,500875624448.0,-1.898601054666857e+19,2.0041604664118608e-29,1.1489490082975357e-23,2.5158211979255603e-40,6.979497708007332e-39,9.183549615799121e-41,595591168.0,16127,551122,9,2,False,Right,Back,Centre,Left,69
<_io.BytesIO object at 0x0000018E002ACAE0>,1025455694,-0.11136136204004288,-0.8933780193328857,-0.1384778916835785,-0.42554759979248047,0.04010991379618645,0.0,1.8367099231598242e-40,-1.910178320086217e-37,16137,551122,9,2,False,Right,Back,Centre,Left,69
<_io.BytesIO object at 0x0000018E002ACD60>,1041907607,0.12499324232339859,-0.2805018424987793,0.4253242015838623,0.8461819887161255,-0.15618599951267242,0.0,0.0,0.0,0,551122,9,2,False,Right,Back,Centre,Left,69
<_io.BytesIO object at 0x0000018E002AC040>,0,0.0,7.006492321624085e-45,1.821688003622262e-43,6.579096290005016e-42,0.5205804705619812,0.04552493244409561,-0.15147578716278076,0.009121880866587162,18,551122,9,2,False,Right,Back,Centre,Left,69
<_io.BytesIO object at 0x0000018E00146D10>,1057306258,0.04676659405231476,-0.15178348124027252,0.5611339807510376,0.07217640429735184,-0.09261784702539444,0.4910319149494171,0.0637880340218544,-0.1260782778263092,-20352,551123,9,2,False,Right,Back,Centre,Left,69
<_io.BytesIO object at 0x0000018E00146360>,3423289070,5.592357402846667e-38,-1.622544018674266e+25,2.217131436371604e+27,-2.0973276736546797e-33,2.5158211979255603e-40,6.979497708007332e-39,9.183549615799121e-41,595591168.0,16127,551123,9,2,False,Right,Back,Centre,Left,69
<_io.BytesIO object at 0x0000018E00146540>,1025455694,-0.11136136204004288,-0.8933780193328857,-0.1384778916835785,-0.42554759979248047,0.04010991379618645,0.0,1.8367099231598242e-40,-1.910178320086217e-37,16137,551123,9,2,False,Right,Back,Centre,Left,69
<_io.BytesIO object at 0x0000018E001460E0>,1041907607,0.12499324232339859,-0.2805018424987793,0.4253242015838623,0.8461819887161255,-0.15618599951267242,0.0,0.0,0.0,0,551123,9,2,False,Right,Back,Centre,Left,69
<_io.BytesIO object at 0x0000018E00146450>,0,0.0,7.006492321624085e-45,1.821688003622262e-43,6.579096290005016e-42,0.5203639268875122,0.04676659405231476,-0.15178348124027252,0.009115922264754772,18,551123,9,2,False,Right,Back,Centre,Left,69
<_io.BytesIO object at 0x0000018E002AC6D0>,1057307674,0.04767157509922981,-0.1519629955291748,0.5609003305435181,0.07388819754123688,-0.09315196424722672,0.49087241291999817,0.06468945741653442,-0.12638454139232635,-21270,551124,9,2,False,Right,Back,Centre,Left,69
<_io.BytesIO object at 0x0000018E00209680>,2173583086,0.0036504899617284536,1.9445423623268547e-38,229.24603271484375,99740160.0,2.5158352109102036e-40,6.979497708007332e-39,9.183549615799121e-41,595591168.0,16127,551124,9,2,False,Right,Back,Centre,Left,69
<_io.BytesIO object at 0x0000018E002097C0>,1025455694,-0.11136136204004288,-0.8933780193328857,-0.1384778916835785,-0.42554759979248047,0.04010991379618645,0.0,1.8367099231598242e-40,-1.910178320086217e-37,16137,551124,9,2,False,Right,Back,Centre,Left,69
<_io.BytesIO object at 0x0000018E00209C70>,1041907607,0.12499324232339859,-0.2805018424987793,0.4253242015838623,0.8461819887161255,-0.15618599951267242,0.0,0.0,0.0,0,551124,9,2,False,Right,Back,Centre,Left,69
<_io.BytesIO object at 0x0000018E002096D0>,0,0.0,7.006492321624085e-45,1.821688003622262e-43,6.579096290005016e-42,0.5204483270645142,0.04767157509922981,-0.1519629955291748,0.009111354127526283,18,551124,9,2,False,Right,Back,Centre,Left,69
<_io.BytesIO object at 0x0000018E00146F40>,1057304794,0.04867096245288849,-0.1522696316242218,0.5605954527854919,0.07568607479333878,-0.0936264842748642,0.4906971752643585,0.06565164029598236,-0.12684769928455353,-23686,551125,9,2,False,Right,Back,Centre,Left,69
<_io.BytesIO object at 0x0000018E00146770>,1643396846,6728609045676032.0,2.7123581504346086e-36,-2.3165139568252559e-38,1.6781638123575249e-06,2.515849223894847e-40,6.979497708007332e-39,9.183549615799121e-41,595591168.0,16127,551125,9,2,False,Right,Back,Centre,Left,69
<_io.BytesIO object at 0x0000018E00146E00>,1025455694,-0.11136136204004288,-0.8933780193328857,-0.1384778916835785,-0.42554759979248047,0.04010991379618645,0.0,1.8367099231598242e-40,-1.910178320086217e-37,16137,551125,9,2,False,Right,Back,Centre,Left,69
<_io.BytesIO object at 0x0000018E00146C20>,1041907607,0.12499324232339859,-0.2805018424987793,0.4253242015838623,0.8461819887161255,-0.15618599951267242,0.0,0.0,0.0,0,551125,9,2,False,Right,Back,Centre,Left,69
<_io.BytesIO object at 0x0000018E00146AE0>,0,0.0,7.006492321624085e-45,1.821688003622262e-43,6.579096290005016e-42,0.520276665687561,0.04867096245288849,-0.1522696316242218,0.009107492864131927,18,551125,9,2,False,Right,Back,Centre,Left,69
<_io.BytesIO object at 0x0000018E002AC860>,1057303615,0.049590833485126495,-0.15246903896331787,0.5602136254310608,0.07730770111083984,-0.09399810433387756,0.49050089716911316,0.06637892127037048,-0.1270727664232254,-23212,551126,9,2,False,Right,Back,Centre,Left,69
<_io.BytesIO object at 0x0000018E00209EF0>,1935294190,-1481.908935546875,-2.4616954521156188e+33,5.431354566098889e-06,1.2031789670827659e+25,2.51586323687949e-40,6.979497708007332e-39,9.183549615799121e-41,595591168.0,16127,551126,9,2,False,Right,Back,Centre,Left,69
<_io.BytesIO object at 0x0000018E00209040>,1025455694,-0.11136136204004288,-0.8933780193328857,-0.1384778916835785,-0.42554759979248047,0.04010991379618645,0.0,1.8367099231598242e-40,-1.910178320086217e-37,16137,551126,9,2,False,Right,Back,Centre,Left,69
<_io.BytesIO object at 0x0000018E00209810>,1041907607,0.12499324232339859,-0.2805018424987793,0.4253242015838623,0.8461819887161255,-0.15618599951267242,0.0,0.0,0.0,0,551126,9,2,False,Right,Back,Centre,Left,69
<_io.BytesIO object at 0x0000018E00209900>,0,0.0,7.006492321624085e-45,1.821688003622262e-43,6.579096290005016e-42,0.5202063918113708,0.049590833485126495,-0.15246903896331787,0.00910363718867302,18,551126,9,2,False,Right,Back,Centre,Left,69
<_io.BytesIO object at 0x0000018E002AC630>,1057302441,0.05055958405137062,-0.1527116596698761,0.5598372220993042,0.0789455845952034,-0.09425295889377594,0.4903322458267212,0.06732145696878433,-0.12736214697360992,-23426,551127,9,2,False,Right,Back,Centre,Left,69
<_io.BytesIO object at 0x0000018E00146EF0>,465780462,7.042852087114915e-13,-6.334459028296977e+27,-9.862839696248905e-38,119930.6015625,2.5158772498641333e-40,6.979497708007332e-39,9.183549615799121e-41,595591168.0,16127,551127,9,2,False,Right,Back,Centre,Left,69
<_io.BytesIO object at 0x0000018E00146A90>,1025455694,-0.11136136204004288,-0.8933780193328857,-0.1384778916835785,-0.42554759979248047,0.04010991379618645,0.0,1.8367099231598242e-40,-1.910178320086217e-37,16137,551127,9,2,False,Right,Back,Centre,Left,69
<_io.BytesIO object at 0x0000018E00146450>,1041907607,0.12499324232339859,-0.2805018424987793,0.4253242015838623,0.8461819887161255,-0.15618599951267242,0.0,0.0,0.0,0,551127,9,2,False,Right,Back,Centre,Left,69
<_io.BytesIO object at 0x0000018E00146F40>,0,0.0,7.006492321624085e-45,1.821688003622262e-43,6.579096290005016e-42,0.5201364159584045,0.05055958405137062,-0.1527116596698761,0.009100311435759068,18,551127,9,2,False,Right,Back,Centre,Left,69
<_io.BytesIO object at 0x0000018E002092C0>,1057301159,0.051363229751586914,-0.15291693806648254,0.5593949556350708,0.08030177652835846,-0.09445119649171829,0.4901654124259949,0.06802084296941757,-0.12751948833465576,-27832,551128,9,2,False,Right,Back,Centre,Left,69
<_io.BytesIO object at 0x0000018E00209360>,3758178030,-1.520278800626329e-07,-3109276880994304.0,6.421989582362903e+18,-90841376882688.0,2.5158772498641333e-40,6.979497708007332e-39,9.183549615799121e-41,595591168.0,16127,551128,9,2,False,Right,Back,Centre,Left,69
<_io.BytesIO object at 0x0000018E00209860>,1025455694,-0.11136136204004288,-0.8933780193328857,-0.1384778916835785,-0.42554759979248047,0.04010991379618645,0.0,1.8367099231598242e-40,-1.910178320086217e-37,16137,551128,9,2,False,Right,Back,Centre,Left,69
<_io.BytesIO object at 0x0000018E002099F0>,1041907607,0.12499324232339859,-0.2805018424987793,0.4253242015838623,0.8461819887161255,-0.15618599951267242,0.0,0.0,0.0,0,551128,9,2,False,Right,Back,Centre,Left,69
<_io.BytesIO object at 0x0000018E00209E50>,0,0.0,7.006492321624085e-45,1.821688003622262e-43,6.579096290005016e-42,0.5200600028038025,0.051363229751586914,-0.15291693806648254,0.009097069501876831,18,551128,9,2,False,Right,Back,Centre,Left,69
<_io.BytesIO object at 0x0000018E002AC040>,1057300000,0.05219750106334686,-0.15323671698570251,0.5589025020599365,0.08168548345565796,-0.09457622468471527,0.48983439803123474,0.06857188791036606,-0.12807413935661316,-31070,551129,9,2,False,Right,Back,Centre,Left,69
<_io.BytesIO object at 0x0000018E00209770>,90390254,18724509712384.0,-407023.5,-1.619105591233909e-28,-1.3052458669449152e-08,2.5158912628487766e-40,6.979497708007332e-39,9.183549615799121e-41,595591168.0,16127,551129,9,2,False,Right,Back,Centre,Left,69
<_io.BytesIO object at 0x0000018E00209EF0>,1025455694,-0.11136136204004288,-0.8933780193328857,-0.1384778916835785,-0.42554759979248047,0.04010991379618645,0.0,1.8367099231598242e-40,-1.910178320086217e-37,16137,551129,9,2,False,Right,Back,Centre,Left,69
<_io.BytesIO object at 0x0000018E002091D0>,1041907607,0.12499324232339859,-0.2805018424987793,0.4253242015838623,0.8461819887161255,-0.15618599951267242,0.0,0.0,0.0,0,551129,9,2,False,Right,Back,Centre,Left,69
<_io.BytesIO object at 0x0000018E00209770>,0,0.0,7.006492321624085e-45,1.821688003622262e-43,6.579096290005016e-42,0.5199909210205078,0.05219750106334686,-0.15323671698570251,0.00909445621073246,18,551129,9,2,False,Right,Back,Centre,Left,69
<_io.BytesIO object at 0x0000018E002AC130>,1057297078,0.05294095352292061,-0.15340393781661987,0.5582712292671204,0.08293159306049347,-0.0947161540389061,0.4896274209022522,0.06906944513320923,-0.12829549610614777,31842,551130,9,2,False,Right,Back,Centre,Left,69
<_io.BytesIO object at 0x0000018E002094A0>,2071150318,-2.6033686259171716e+28,-9.210822615691658e-16,3.260548735709269e+19,3.842126260713661e+37,2.51590527583342e-40,6.979497708007332e-39,9.183549615799121e-41,595591168.0,16127,551130,9,2,False,Right,Back,Centre,Left,69
<_io.BytesIO object at 0x0000018E00209D10>,1025455694,-0.11136136204004288,-0.8933780193328857,-0.1384778916835785,-0.42554759979248047,0.04010991379618645,0.0,1.8367099231598242e-40,-1.910178320086217e-37,16137,551130,9,2,False,Right,Back,Centre,Left,69
<_io.BytesIO object at 0x0000018E002093B0>,1041907607,0.12499324232339859,-0.2805018424987793,0.4253242015838623,0.8461819887161255,-0.15618599951267242,0.0,0.0,0.0,0,551130,9,2,False,Right,Back,Centre,Left,69
<_io.BytesIO object at 0x0000018E002094A0>,0,0.0,7.006492321624085e-45,1.821688003622262e-43,6.579096290005016e-42,0.5198167562484741,0.05294095352292061,-0.15340393781661987,0.009090974926948547,18,551130,9,2,False,Right,Back,Centre,Left,69
<_io.BytesIO object at 0x0000018E002AC180>,1057295774,0.053562529385089874,-0.15354977548122406,0.5577489733695984,0.08398889005184174,-0.09501112252473831,0.48937472701072693,0.06948528438806534,-0.1284266859292984,29851,551131,9,2,False,Right,Back,Centre,Left,69
<_io.BytesIO object at 0x0000018E00209090>,2137276142,-5.050739374751428e-23,1.879441101218826e+25,1.0375283743258024e-08,7.459506150553352e-07,2.515919288818063e-40,6.979497708007332e-39,9.183549615799121e-41,595591168.0,16127,551131,9,2,False,Right,Back,Centre,Left,69
<_io.BytesIO object at 0x0000018E00209E00>,1025455694,-0.11136136204004288,-0.8933780193328857,-0.1384778916835785,-0.42554759979248047,0.04010991379618645,0.0,1.8367099231598242e-40,-1.910178320086217e-37,16137,551131,9,2,False,Right,Back,Centre,Left,69
<_io.BytesIO object at 0x0000018E00209BD0>,1041907607,0.12499324232339859,-0.2805018424987793,0.4253242015838623,0.8461819887161255,-0.15618599951267242,0.0,0.0,0.0,0,551131,9,2,False,Right,Back,Centre,Left,69
<_io.BytesIO object at 0x0000018E00209090>,0,0.0,7.006492321624085e-45,1.821688003622262e-43,6.579096290005016e-42,0.519739031791687,0.053562529385089874,-0.15354977548122406,0.009087844751775265,18,551131,9,2,False,Right,Back,Centre,Left,69
<_io.BytesIO object at 0x0000018E002AC450>,1057292227,0.05411156266927719,-0.15377089381217957,0.5570921301841736,0.08507881313562393,-0.09522911161184311,0.4891130328178406,0.06988537311553955,-0.1287335753440857,19455,551132,9,2,False,Right,Back,Centre,Left,69
<_io.BytesIO object at 0x0000018E002ACC20>,1162690286,7.359718837567245e-28,6.558081334928634e-12,1.1351712954222612e+30,548.95849609375,2.5159333018027063e-40,6.979497708007332e-39,9.183549615799121e-41,595591168.0,16127,551132,9,2,False,Right,Back,Centre,Left,69
<_io.BytesIO object at 0x0000018E002AC810>,1025455694,-0.11136136204004288,-0.8933780193328857,-0.1384778916835785,-0.42554759979248047,0.04010991379618645,0.0,1.8367099231598242e-40,-1.910178320086217e-37,16137,551132,9,2,False,Right,Back,Centre,Left,69
<_io.BytesIO object at 0x0000018E002AC3B0>,1041907607,0.12499324232339859,-0.2805018424987793,0.4253242015838623,0.8461819887161255,-0.15618599951267242,0.0,0.0,0.0,0,551132,9,2,False,Right,Back,Centre,Left,69
<_io.BytesIO object at 0x0000018E002AC4A0>,0,0.0,7.006492321624085e-45,1.821688003622262e-43,6.579096290005016e-42,0.5195276141166687,0.05411156266927719,-0.15377089381217957,0.009085288271307945,18,551132,9,2,False,Right,Back,Centre,Left,69
<_io.BytesIO object at 0x0000018E00209900>,1057289371,0.054602596908807755,-0.15392997860908508,0.5563901662826538,0.08611040562391281,-0.09546175599098206,0.4886038899421692,0.0702890157699585,-0.1291065216064453,10675,551133,9,2,False,Right,Back,Centre,Left,69
<_io.BytesIO object at 0x0000018E00146630>,1831878382,-1.049537209330902e+22,-3.32064682341165e+25,-475639.8125,-72314.703125,2.5159473147873496e-40,6.979497708007332e-39,9.183549615799121e-41,595591168.0,16127,551133,9,2,False,Right,Back,Centre,Left,69
<_io.BytesIO object at 0x0000018E001469F0>,1025455694,-0.11136136204004288,-0.8933780193328857,-0.1384778916835785,-0.42554759979248047,0.04010991379618645,0.0,1.8367099231598242e-40,-1.910178320086217e-37,16137,551133,9,2,False,Right,Back,Centre,Left,69
<_io.BytesIO object at 0x0000018E00146D10>,1041907607,0.12499324232339859,-0.2805018424987793,0.4253242015838623,0.8461819887161255,-0.15618599951267242,0.0,0.0,0.0,0,551133,9,2,False,Right,Back,Centre,Left,69
<_io.BytesIO object at 0x0000018E00146D60>,0,0.0,7.006492321624085e-45,1.821688003622262e-43,6.579096290005016e-42,0.5193573832511902,0.054602596908807755,-0.15392997860908508,0.009082894772291183,18,551133,9,2,False,Right,Back,Centre,Left,69
<_io.BytesIO object at 0x0000018E00209540>,1057285137,0.05512292683124542,-0.15407243371009827,0.5557850003242493,0.08695319294929504,-0.09569349139928818,0.4882003664970398,0.07062868773937225,-0.12928931415081024,-546,551134,9,2,False,Right,Back,Centre,Left,69
<_io.BytesIO object at 0x0000018E002ACA90>,3342679789,-7.751437795226223e-32,-1.4293232057454273e-14,-4.569191798178738e-32,-1.0724668720437758e+35,2.515961327771993e-40,6.979497708007332e-39,9.183549615799121e-41,595591168.0,16127,551134,9,2,False,Right,Back,Centre,Left,69
<_io.BytesIO object at 0x0000018E002AC950>,1025455694,-0.11136136204004288,-0.8933780193328857,-0.1384778916835785,-0.42554759979248047,0.04010991379618645,0.0,1.8367099231598242e-40,-1.910178320086217e-37,16137,551134,9,2,False,Right,Back,Centre,Left,69
<_io.BytesIO object at 0x0000018E002AC360>,1041907607,0.12499324232339859,-0.2805018424987793,0.4253242015838623,0.8461819887161255,-0.15618599951267242,0.0,0.0,0.0,0,551134,9,2,False,Right,Back,Centre,Left,69
<_io.BytesIO object at 0x0000018E002ACB80>,0,0.0,7.006492321624085e-45,1.821688003622262e-43,6.579096290005016e-42,0.5191050171852112,0.05512292683124542,-0.15407243371009827,0.009080282412469387,18,551134,9,2,False,Right,Back,Centre,Left,69
<_io.BytesIO object at 0x0000018E00209770>,1057282896,0.055422283709049225,-0.1541903167963028,0.5549022555351257,0.08791965991258621,-0.09580928832292557,0.4879958927631378,0.07078105956315994,-0.1295185387134552,-11166,551135,9,2,False,Right,Back,Centre,Left,69
<_io.BytesIO object at 0x0000018E002AC130>,3357556461,1.8320414614514657e-28,-1.202476050821133e-05,22.155750274658203,2.7181904293679154e+23,2.5160033667259226e-40,6.979497708007332e-39,9.183549615799121e-41,595591168.0,16127,551135,9,2,False,Right,Back,Centre,Left,69
<_io.BytesIO object at 0x0000018E002ACC20>,1025455694,-0.11136136204004288,-0.8933780193328857,-0.1384778916835785,-0.42554759979248047,0.04010991379618645,0.0,1.8367099231598242e-40,-1.910178320086217e-37,16137,551135,9,2,False,Right,Back,Centre,Left,69
<_io.BytesIO object at 0x0000018E002AC360>,1041907607,0.12499324232339859,-0.2805018424987793,0.4253242015838623,0.8461819887161255,-0.15618599951267242,0.0,0.0,0.0,0,551135,9,2,False,Right,Back,Centre,Left,69
<_io.BytesIO object at 0x0000018E002AC720>,0,0.0,7.006492321624085e-45,1.821688003622262e-43,6.579096290005016e-42,0.5189714431762695,0.055422283709049225,-0.1541903167963028,0.009077690541744232,18,551135,9,2,False,Right,Back,Centre,Left,69
<_io.BytesIO object at 0x0000018E002097C0>,1057279957,0.055807314813137054,-0.15444503724575043,0.5542260408401489,0.08870826661586761,-0.09592531621456146,0.4876626133918762,0.07094434648752213,-0.12978804111480713,-26803,551136,9,2,False,Right,Back,Centre,Left,69
<_io.BytesIO object at 0x0000018E002AC450>,1284652781,7.823737578900129e+27,5.6664248290329074e+20,1.535213354192093e-19,-1.0282869865384063e-14,2.516017379710566e-40,6.979497708007332e-39,9.183549615799121e-41,595591168.0,16127,551136,9,2,False,Right,Back,Centre,Left,69
<_io.BytesIO object at 0x0000018E002AC310>,1025455694,-0.11136136204004288,-0.8933780193328857,-0.1384778916835785,-0.42554759979248047,0.04010991379618645,0.0,1.8367099231598242e-40,-1.910178320086217e-37,16137,551136,9,2,False,Right,Back,Centre,Left,69
<_io.BytesIO object at 0x0000018E002AC590>,1041907607,0.12499324232339859,-0.2805018424987793,0.4253242015838623,0.8461819887161255,-0.15618599951267242,0.0,0.0,0.0,0,551136,9,2,False,Right,Back,Centre,Left,69
<_io.BytesIO object at 0x0000018E002AC270>,0,0.0,7.006492321624085e-45,1.821688003622262e-43,6.579096290005016e-42,0.5187962651252747,0.055807314813137054,-0.15444503724575043,0.009075799956917763,18,551136,9,2,False,Right,Back,Centre,Left,69
<_io.BytesIO object at 0x0000018E00209590>,1057275380,0.05621730536222458,-0.15461507439613342,0.5534873604774475,0.08959876000881195,-0.09614885598421097,0.48707115650177,0.07137271761894226,-0.130153626203537,-24285,551137,9,2,False,Right,Back,Centre,Left,69
<_io.BytesIO object at 0x0000018E00209AE0>,1724530413,-1.1152252401699422e-34,8.768052454516152e-18,1.5165535531845559e-28,-1.8478256610519344e-28,2.516031392695209e-40,6.979497708007332e-39,9.183549615799121e-41,595591168.0,16127,551137,9,2,False,Right,Back,Centre,Left,69
<_io.BytesIO object at 0x0000018E00209040>,1025455694,-0.11136136204004288,-0.8933780193328857,-0.1384778916835785,-0.42554759979248047,0.04010991379618645,0.0,1.8367099231598242e-40,-1.910178320086217e-37,16137,551137,9,2,False,Right,Back,Centre,Left,69
<_io.BytesIO object at 0x0000018E00209BD0>,1041907607,0.12499324232339859,-0.2805018424987793,0.4253242015838623,0.8461819887161255,-0.15618599951267242,0.0,0.0,0.0,0,551137,9,2,False,Right,Back,Centre,Left,69
<_io.BytesIO object at 0x0000018E00209450>,0,0.0,7.006492321624085e-45,1.821688003622262e-43,6.579096290005016e-42,0.5185234546661377,0.05621730536222458,-0.15461507439613342,0.00907361600548029,18,551137,9,2,False,Right,Back,Centre,Left,69
<_io.BytesIO object at 0x0000018E002AC0E0>,1057271590,0.0567932091653347,-0.1546986848115921,0.5527778267860413,0.09027784317731857,-0.09606603533029556,0.48684167861938477,0.0716712474822998,-0.1304178088903427,-31589,551138,9,2,False,Right,Back,Centre,Left,69
<_io.BytesIO object at 0x0000018E002AC400>,775306989,4.805292974197073e-06,-6.494810890305536e+16,-9.102786725412899e-34,-8.45026740003866e-29,2.5160454056798523e-40,6.979497708007332e-39,9.183549615799121e-41,595591168.0,16127,551138,9,2,False,Right,Back,Centre,Left,69
<_io.BytesIO object at 0x0000018E002AC590>,1025455694,-0.11136136204004288,-0.8933780193328857,-0.1384778916835785,-0.42554759979248047,0.04010991379618645,0.0,1.8367099231598242e-40,-1.910178320086217e-37,16137,551138,9,2,False,Right,Back,Centre,Left,69
<_io.BytesIO object at 0x0000018E002ACF90>,1041907607,0.12499324232339859,-0.2805018424987793,0.4253242015838623,0.8461819887161255,-0.15618599951267242,0.0,0.0,0.0,0,551138,9,2,False,Right,Back,Centre,Left,69
<_io.BytesIO object at 0x0000018E002AC180>,0,0.0,7.006492321624085e-45,1.821688003622262e-43,6.579096290005016e-42,0.518297553062439,0.0567932091653347,-0.1546986848115921,0.009070796892046928,18,551138,9,2,False,Right,Back,Centre,Left,69
<_io.BytesIO object at 0x0000018E00209F40>,1057269618,0.057247262448072433,-0.15483248233795166,0.5521518588066101,0.09105437994003296,-0.09593319147825241,0.48653972148895264,0.07189694792032242,-0.1305185854434967,23621,551139,9,2,False,Right,Back,Centre,Left,69
<_io.BytesIO object at 0x0000018E002AC040>,3585490669,-9256231.0,-4.842737112081609e-35,-1.8517514389903643e+34,-3.864958067889924e-17,2.5160594186644955e-40,6.979497708007332e-39,9.183549615799121e-41,595591168.0,16127,551139,9,2,False,Right,Back,Centre,Left,69
<_io.BytesIO object at 0x0000018E00146B80>,1025455694,-0.11136136204004288,-0.8933780193328857,-0.1384778916835785,-0.42554759979248047,0.04010991379618645,0.0,1.8367099231598242e-40,-1.910178320086217e-37,16137,551139,9,2,False,Right,Back,Centre,Left,69
<_io.BytesIO object at 0x0000018E00146AE0>,1041907607,0.12499324232339859,-0.2805018424987793,0.4253242015838623,0.8461819887161255,-0.15618599951267242,0.0,0.0,0.0,0,551139,9,2,False,Right,Back,Centre,Left,69
<_io.BytesIO object at 0x0000018E00146360>,0,0.0,7.006492321624085e-45,1.821688003622262e-43,6.579096290005016e-42,0.5181800127029419,0.057247262448072433,-0.15483248233795166,0.009069242514669895,18,551139,9,2,False,Right,Back,Centre,Left,69
<_io.BytesIO object at 0x0000018E002AC9F0>,1057264414,0.057799991220235825,-0.15493784844875336,0.5516082048416138,0.09155022352933884,-0.09577628970146179,0.48615550994873047,0.07208199054002762,-0.1306617110967636,14392,551140,9,2,False,Right,Back,Centre,Left,69
<_io.BytesIO object at 0x0000018E002AC6D0>,935214829,9.491446718230102e+34,6.648189067840576,-9.024366249832383e-07,3.393208286909319e-20,2.5160734316491388e-40,6.979497708007332e-39,9.183549615799121e-41,595591168.0,16127,551140,9,2,False,Right,Back,Centre,Left,69
<_io.BytesIO object at 0x0000018E002ACEA0>,1025455694,-0.11136136204004288,-0.8933780193328857,-0.1384778916835785,-0.42554759979248047,0.04010991379618645,0.0,1.8367099231598242e-40,-1.910178320086217e-37,16137,551140,9,2,False,Right,Back,Centre,Left,69
<_io.BytesIO object at 0x0000018E002AC680>,1041907607,0.12499324232339859,-0.2805018424987793,0.4253242015838623,0.8461819887161255,-0.15618599951267242,0.0,0.0,0.0,0,551140,9,2,False,Right,Back,Centre,Left,69
<_io.BytesIO object at 0x0000018E002AC810>,0,0.0,7.006492321624085e-45,1.821688003622262e-43,6.579096290005016e-42,0.5178698301315308,0.057799991220235825,-0.15493784844875336,0.009067694656550884,18,551140,9,2,False,Right,Back,Centre,Left,69
<_io.BytesIO object at 0x0000018E00150270>,1057260358,0.058403387665748596,-0.1549089252948761,0.5508993268013,0.09216724336147308,-0.09543029963970184,0.48571643233299255,0.07237006723880768,-0.13088852167129517,7016,551141,9,2,False,Right,Back,Centre,Left,69
<_io.BytesIO object at 0x0000018E001509A0>,882589421,2.384561732099444e-13,-2.0846247914127185e+36,-0.00015568349044770002,-2.5796633378701274e+30,2.5160734316491388e-40,6.979497708007332e-39,9.183549615799121e-41,595591168.0,16127,551141,9,2,False,Right,Back,Centre,Left,69
<_io.BytesIO object at 0x0000018E00150DB0>,1025455694,-0.11136136204004288,-0.8933780193328857,-0.1384778916835785,-0.42554759979248047,0.04010991379618645,0.0,1.8367099231598242e-40,-1.910178320086217e-37,16137,551141,9,2,False,Right,Back,Centre,Left,69
<_io.BytesIO object at 0x0000018E001504A0>,1041907607,0.12499324232339859,-0.2805018424987793,0.4253242015838623,0.8461819887161255,-0.15618599951267242,0.0,0.0,0.0,0,551141,9,2,False,Right,Back,Centre,Left,69
<_io.BytesIO object at 0x0000018E00150F90>,0,0.0,7.006492321624085e-45,1.821688003622262e-43,6.579096290005016e-42,0.5176280736923218,0.058403387665748596,-0.1549089252948761,0.009065909311175346,18,551141,9,2,False,Right,Back,Centre,Left,69
<_io.BytesIO object at 0x0000018E00146F40>,1057257264,0.05897003784775734,-0.15497876703739166,0.5502198934555054,0.0927095040678978,-0.09507168084383011,0.485300749540329,0.07247157394886017,-0.13103559613227844,3459,551142,9,2,False,Right,Back,Centre,Left,69
<_io.BytesIO object at 0x0000018E00146B80>,3073195757,-4.085954107474571e+27,-4.48300392966015e-17,-8.428319233644288e-07,-4.4103557666587206e-16,2.516087444633782e-40,6.979497708007332e-39,9.183549615799121e-41,595591168.0,16127,551142,9,2,False,Right,Back,Centre,Left,69
<_io.BytesIO object at 0x0000018E001468B0>,1025455694,-0.11136136204004288,-0.8933780193328857,-0.1384778916835785,-0.42554759979248047,0.04010991379618645,0.0,1.8367099231598242e-40,-1.910178320086217e-37,16137,551142,9,2,False,Right,Back,Centre,Left,69
<_io.BytesIO object at 0x0000018E00146540>,1041907607,0.12499324232339859,-0.2805018424987793,0.4253242015838623,0.8461819887161255,-0.15618599951267242,0.0,0.0,0.0,0,551142,9,2,False,Right,Back,Centre,Left,69
<_io.BytesIO object at 0x0000018E00146310>,0,0.0,7.006492321624085e-45,1.821688003622262e-43,6.579096290005016e-42,0.5174436569213867,0.05897003784775734,-0.15497876703739166,0.009068633429706097,18,551142,9,2,False,Right,Back,Centre,Left,69
<_io.BytesIO object at 0x0000018E0020B180>,1057255056,0.059564005583524704,-0.15508225560188293,0.5495148301124573,0.09333407133817673,-0.09474289417266846,0.48487991094589233,0.07274763286113739,-0.13111090660095215,484,551143,9,2,False,Right,Back,Centre,Left,69
<_io.BytesIO object at 0x0000018E0020B450>,650657517,-5.420624933040929e-16,1.0377026367192989e+24,4.911483546254924e-13,6.993850450803611e+29,2.5161014576184253e-40,6.979497708007332e-39,9.183549615799121e-41,595591168.0,16127,551143,9,2,False,Right,Back,Centre,Left,69
<_io.BytesIO object at 0x0000018E0020B810>,1025455694,-0.11136136204004288,-0.8933780193328857,-0.1384778916835785,-0.42554759979248047,0.04010991379618645,0.0,1.8367099231598242e-40,-1.910178320086217e-37,16137,551143,9,2,False,Right,Back,Centre,Left,69
<_io.BytesIO object at 0x0000018E0020B310>,1041907607,0.12499324232339859,-0.2805018424987793,0.4253242015838623,0.8461819887161255,-0.15618599951267242,0.0,0.0,0.0,0,551143,9,2,False,Right,Back,Centre,Left,69
<_io.BytesIO object at 0x0000018E0014A130>,0,0.0,7.006492321624085e-45,1.821688003622262e-43,6.579096290005016e-42,0.5173120498657227,0.059564005583524704,-0.15508225560188293,0.009071847423911095,18,551143,9,2,False,Right,Back,Centre,Left,69
<_io.BytesIO object at 0x0000018E0015EE50>,1057251677,0.060101453214883804,-0.1549758017063141,0.5486335158348083,0.09396228194236755,-0.0943671464920044,0.48456820845603943,0.07279036194086075,-0.13122548162937164,-4047,551144,9,2,False,Right,Back,Centre,Left,69
<_io.BytesIO object at 0x0000018E0015E590>,3126410988,14031.287109375,3.3450137878975244e-21,-3.077950282395894e+31,1.8836692636175467e-27,2.5161154706030685e-40,6.979497708007332e-39,9.183549615799121e-41,595591168.0,16127,551144,9,2,False,Right,Back,Centre,Left,69
<_io.BytesIO object at 0x0000018E0015E630>,1025455694,-0.11136136204004288,-0.8933780193328857,-0.1384778916835785,-0.42554759979248047,0.04010991379618645,0.0,1.8367099231598242e-40,-1.910178320086217e-37,16137,551144,9,2,False,Right,Back,Centre,Left,69
<_io.BytesIO object at 0x0000018E0015E3B0>,1041907607,0.12499324232339859,-0.2805018424987793,0.4253242015838623,0.8461819887161255,-0.15618599951267242,0.0,0.0,0.0,0,551144,9,2,False,Right,Back,Centre,Left,69
<_io.BytesIO object at 0x0000018E0015ED60>,0,0.0,7.006492321624085e-45,1.821688003622262e-43,6.579096290005016e-42,0.5171106457710266,0.060101453214883804,-0.1549758017063141,0.009074682369828224,18,551144,9,2,False,Right,Back,Centre,Left,69
<_io.BytesIO object at 0x0000018E00203F40>,1057249570,0.060523681342601776,-0.1549127995967865,0.5477617383003235,0.09471385180950165,-0.09417153149843216,0.4840625822544098,0.07288166135549545,-0.13123655319213867,-11741,551145,9,2,False,Right,Back,Centre,Left,69
<_io.BytesIO object at 0x0000018E002039A0>,1308245740,2.5014943224263034e-39,-109947.9609375,-0.19848237931728363,-3.961145450311131e+32,2.5161154706030685e-40,6.979497708007332e-39,9.183549615799121e-41,595591168.0,16127,551145,9,2,False,Right,Back,Centre,Left,69
<_io.BytesIO object at 0x0000018E00203720>,1025455694,-0.11136136204004288,-0.8933780193328857,-0.1384778916835785,-0.42554759979248047,0.04010991379618645,0.0,1.8367099231598242e-40,-1.910178320086217e-37,16137,551145,9,2,False,Right,Back,Centre,Left,69
<_io.BytesIO object at 0x0000018E00203360>,1041907607,0.12499324232339859,-0.2805018424987793,0.4253242015838623,0.8461819887161255,-0.15618599951267242,0.0,0.0,0.0,0,551145,9,2,False,Right,Back,Centre,Left,69
<_io.BytesIO object at 0x0000018E002032C0>,0,0.0,7.006492321624085e-45,1.821688003622262e-43,6.579096290005016e-42,0.5169850587844849,0.060523681342601776,-0.1549127995967865,0.009078165516257286,18,551145,9,2,False,Right,Back,Centre,Left,69
<_io.BytesIO object at 0x0000018E0014FBD0>,1057245491,0.06107613816857338,-0.1550016701221466,0.546913743019104,0.09529303014278412,-0.0940040573477745,0.4835736155509949,0.07293587923049927,-0.1314152330160141,-18254,551146,9,2,False,Right,Back,Centre,Left,69
<_io.BytesIO object at 0x0000018E0014F090>,3340451564,-4.270044821202967e-12,-5.578988391840719e-33,-1.7921836437068924e+26,-2.8957723045601837e-25,2.5161294835877118e-40,6.979497708007332e-39,9.183549615799121e-41,595591168.0,16127,551146,9,2,False,Right,Back,Centre,Left,69
<_io.BytesIO object at 0x0000018E00203130>,1025455694,-0.11136136204004288,-0.8933780193328857,-0.1384778916835785,-0.42554759979248047,0.04010991379618645,0.0,1.8367099231598242e-40,-1.910178320086217e-37,16137,551146,9,2,False,Right,Back,Centre,Left,69
<_io.BytesIO object at 0x0000018E002037C0>,1041907607,0.12499324232339859,-0.2805018424987793,0.4253242015838623,0.8461819887161255,-0.15618599951267242,0.0,0.0,0.0,0,551146,9,2,False,Right,Back,Centre,Left,69
<_io.BytesIO object at 0x0000018E00203B80>,0,0.0,7.006492321624085e-45,1.821688003622262e-43,6.579096290005016e-42,0.516741931438446,0.06107613816857338,-0.1550016701221466,0.009081674739718437,18,551146,9,2,False,Right,Back,Centre,Left,69
<_io.BytesIO object at 0x0000018E0015EE00>,1057243968,0.06163078173995018,-0.154935821890831,0.5460910201072693,0.09602943807840347,-0.09381697326898575,0.4832495152950287,0.0731622502207756,-0.13149259984493256,-22506,551147,9,2,False,Right,Back,Centre,Left,69
<_io.BytesIO object at 0x0000018E0015E860>,1559903980,0.023100445047020912,1733.93701171875,-8.50867835983435e-16,11.764976501464844,2.516143496572355e-40,6.979497708007332e-39,9.183549615799121e-41,595591168.0,16127,551147,9,2,False,Right,Back,Centre,Left,69
<_io.BytesIO object at 0x0000018E0015EF90>,1025455694,-0.11136136204004288,-0.8933780193328857,-0.1384778916835785,-0.42554759979248047,0.04010991379618645,0.0,1.8367099231598242e-40,-1.910178320086217e-37,16137,551147,9,2,False,Right,Back,Centre,Left,69
<_io.BytesIO object at 0x0000018E0015E090>,1041907607,0.12499324232339859,-0.2805018424987793,0.4253242015838623,0.8461819887161255,-0.15618599951267242,0.0,0.0,0.0,0,551147,9,2,False,Right,Back,Centre,Left,69
<_io.BytesIO object at 0x0000018E0015EF40>,0,0.0,7.006492321624085e-45,1.821688003622262e-43,6.579096290005016e-42,0.5166511535644531,0.06163078173995018,-0.154935821890831,0.00908534787595272,18,551147,9,2,False,Right,Back,Centre,Left,69
<_io.BytesIO object at 0x0000018E0014A310>,1057241944,0.06208198517560959,-0.15486861765384674,0.5452139377593994,0.0967630073428154,-0.09360383450984955,0.4829838275909424,0.0733368992805481,-0.13152118027210236,-25808,551148,9,2,False,Right,Back,Centre,Left,69
<_io.BytesIO object at 0x0000018E0014A090>,1119043308,-8.104767523775536e-09,-9.700116183949639e+27,9.408011437582988e-32,6.449935664775211e-14,2.5161575095569983e-40,6.979497708007332e-39,9.183549615799121e-41,595591168.0,16127,551148,9,2,False,Right,Back,Centre,Left,69
<_io.BytesIO object at 0x0000018E0014A590>,1025455694,-0.11136136204004288,-0.8933780193328857,-0.1384778916835785,-0.42554759979248047,0.04010991379618645,0.0,1.8367099231598242e-40,-1.910178320086217e-37,16137,551148,9,2,False,Right,Back,Centre,Left,69
<_io.BytesIO object at 0x0000018E0014A1D0>,1041907607,0.12499324232339859,-0.2805018424987793,0.4253242015838623,0.8461819887161255,-0.15618599951267242,0.0,0.0,0.0,0,551148,9,2,False,Right,Back,Centre,Left,69
<_io.BytesIO object at 0x0000018E0014A400>,0,0.0,7.006492321624085e-45,1.821688003622262e-43,6.579096290005016e-42,0.5165305137634277,0.06208198517560959,-0.15486861765384674,0.009090031497180462,18,551148,9,2,False,Right,Back,Centre,Left,69
<_io.BytesIO object at 0x0000018E002AC0E0>,1057239409,0.06257115304470062,-0.1547068953514099,0.5444713234901428,0.09753166139125824,-0.09327033162117004,0.48264551162719727,0.0736188143491745,-0.1315365582704544,-28714,551149,9,2,False,Right,Back,Centre,Left,69
<_io.BytesIO object at 0x0000018E002AC810>,2317958892,2.882102361504713e-35,-1.1709029579254349e-10,1.635323916236882e+17,-1.3014449889285455e-33,2.5161575095569983e-40,6.979497708007332e-39,9.183549615799121e-41,595591168.0,16127,551149,9,2,False,Right,Back,Centre,Left,69
<_io.BytesIO object at 0x0000018E00146310>,1025455694,-0.11136136204004288,-0.8933780193328857,-0.1384778916835785,-0.42554759979248047,0.04010991379618645,0.0,1.8367099231598242e-40,-1.910178320086217e-37,16137,551149,9,2,False,Right,Back,Centre,Left,69
<_io.BytesIO object at 0x0000018E00146360>,1041907607,0.12499324232339859,-0.2805018424987793,0.4253242015838623,0.8461819887161255,-0.15618599951267242,0.0,0.0,0.0,0,551149,9,2,False,Right,Back,Centre,Left,69
<_io.BytesIO object at 0x0000018E001469F0>,0,0.0,7.006492321624085e-45,1.821688003622262e-43,6.579096290005016e-42,0.5163794159889221,0.06257115304470062,-0.1547068953514099,0.009094146080315113,18,551149,9,2,False,Right,Back,Centre,Left,69
<_io.BytesIO object at 0x0000018E0015CD60>,1057237473,0.06332041323184967,-0.15462185442447662,0.5437566041946411,0.0982712134718895,-0.09304226189851761,0.4822995066642761,0.07394105941057205,-0.13156543672084808,-32012,551150,9,2,False,Right,Back,Centre,Left,69
<_io.BytesIO object at 0x0000018E00150E50>,880099052,0.0014514073263853788,5.712898719802936e+29,-9.975807521861985e+23,-963541.5625,2.5161575095569983e-40,6.979497708007332e-39,9.183549615799121e-41,595591168.0,16127,551150,9,2,False,Right,Back,Centre,Left,69
<_io.BytesIO object at 0x0000018E00150D60>,1025455694,-0.11136136204004288,-0.8933780193328857,-0.1384778916835785,-0.42554759979248047,0.04010991379618645,0.0,1.8367099231598242e-40,-1.910178320086217e-37,16137,551150,9,2,False,Right,Back,Centre,Left,69
<_io.BytesIO object at 0x0000018E00150220>,1041907607,0.12499324232339859,-0.2805018424987793,0.4253242015838623,0.8461819887161255,-0.15618599951267242,0.0,0.0,0.0,0,551150,9,2,False,Right,Back,Centre,Left,69
<_io.BytesIO object at 0x0000018E00150130>,0,0.0,7.006492321624085e-45,1.821688003622262e-43,6.579096290005016e-42,0.516264021396637,0.06332041323184967,-0.15462185442447662,0.009098079055547714,18,551150,9,2,False,Right,Back,Centre,Left,69
<_io.BytesIO object at 0x0000018E002AC720>,1057235551,0.06403665989637375,-0.15447181463241577,0.5429832935333252,0.09908231347799301,-0.09279287606477737,0.4818837642669678,0.0743211954832077,-0.13160736858844757,28056,551151,9,2,False,Right,Back,Centre,Left,69
<_io.BytesIO object at 0x0000018E002AC180>,2617917164,1.188063359112317e+25,1.3141828832032455e-14,2.5024427212269584e-38,-1.565376793536784e+19,2.5161575095569983e-40,6.979497708007332e-39,9.183549615799121e-41,595591168.0,16127,551151,9,2,False,Right,Back,Centre,Left,69
<_io.BytesIO object at 0x0000018E00158900>,1025455694,-0.11136136204004288,-0.8933780193328857,-0.1384778916835785,-0.42554759979248047,0.04010991379618645,0.0,1.8367099231598242e-40,-1.910178320086217e-37,16137,551151,9,2,False,Right,Back,Centre,Left,69
<_io.BytesIO object at 0x0000018E002AC1D0>,1041907607,0.12499324232339859,-0.2805018424987793,0.4253242015838623,0.8461819887161255,-0.15618599951267242,0.0,0.0,0.0,0,551151,9,2,False,Right,Back,Centre,Left,69
<_io.BytesIO object at 0x0000018E00158EF0>,0,0.0,7.006492321624085e-45,1.821688003622262e-43,6.579096290005016e-42,0.5161494612693787,0.06403665989637375,-0.15447181463241577,0.009102479554712772,18,551151,9,2,False,Right,Back,Centre,Left,69
<_io.BytesIO object at 0x0000018E00193900>,1057233762,0.06470285356044769,-0.1542450189590454,0.5422638654708862,0.0999523475766182,-0.09225673228502274,0.48162272572517395,0.07469870150089264,-0.13147276639938354,25354,551152,9,2,False,Right,Back,Centre,Left,69
<_io.BytesIO object at 0x0000018E00193A90>,3548659436,7.472620379856617e+23,-3.706450970287285e+33,-0.0005388104473240674,-9.155619495327585e-38,2.5161575095569983e-40,6.979497708007332e-39,9.183549615799121e-41,595591168.0,16127,551152,9,2,False,Right,Back,Centre,Left,69
<_io.BytesIO object at 0x0000018E00193270>,1025455694,-0.11136136204004288,-0.8933780193328857,-0.1384778916835785,-0.42554759979248047,0.04010991379618645,0.0,1.8367099231598242e-40,-1.910178320086217e-37,16137,551152,9,2,False,Right,Back,Centre,Left,69
<_io.BytesIO object at 0x0000018E001934F0>,1041907607,0.12499324232339859,-0.2805018424987793,0.4253242015838623,0.8461819887161255,-0.15618599951267242,0.0,0.0,0.0,0,551152,9,2,False,Right,Back,Centre,Left,69
<_io.BytesIO object at 0x0000018E00193130>,0,0.0,7.006492321624085e-45,1.821688003622262e-43,6.579096290005016e-42,0.5160428285598755,0.06470285356044769,-0.1542450189590454,0.009106791578233242,18,551152,9,2,False,Right,Back,Centre,Left,69
<_io.BytesIO object at 0x0000018E001366D0>,1057230704,0.0654323622584343,-0.1540113240480423,0.5416915416717529,0.1007508710026741,-0.09175220131874084,0.4813257157802582,0.0752517431974411,-0.13130749762058258,23461,551153,9,2,False,Right,Back,Centre,Left,69
<_io.BytesIO object at 0x0000018E782C50E0>,458243820,2.7208199753658846e-05,-14138877.0,-2.5755665776347096e-28,-1945.91748046875,2.516143496572355e-40,6.979497708007332e-39,9.183549615799121e-41,595591168.0,16127,551153,9,2,False,Right,Back,Centre,Left,69
<_io.BytesIO object at 0x0000018E00136040>,1025455694,-0.11136136204004288,-0.8933780193328857,-0.1384778916835785,-0.42554759979248047,0.04010991379618645,0.0,1.8367099231598242e-40,-1.910178320086217e-37,16137,551153,9,2,False,Right,Back,Centre,Left,69
<_io.BytesIO object at 0x0000018E00136F90>,1041907607,0.12499324232339859,-0.2805018424987793,0.4253242015838623,0.8461819887161255,-0.15618599951267242,0.0,0.0,0.0,0,551153,9,2,False,Right,Back,Centre,Left,69
<_io.BytesIO object at 0x0000018E00136D10>,0,0.0,7.006492321624085e-45,1.821688003622262e-43,6.579096290005016e-42,0.5158605575561523,0.0654323622584343,-0.1540113240480423,0.009110787883400917,18,551153,9,2,False,Right,Back,Centre,Left,69
<_io.BytesIO object at 0x0000018E0014FEF0>,1057226669,0.06655962020158768,-0.15363098680973053,0.5410443544387817,0.10186856240034103,-0.09131403267383575,0.48107975721359253,0.07564342021942139,-0.13103505969047546,22879,551154,9,2,False,Right,Back,Centre,Left,69
<_io.BytesIO object at 0x0000018E0014F450>,1443970796,-1.0649704078878506e+38,-4.746028602672231e-14,16784452222976.0,7.429113288596121e-38,2.516143496572355e-40,6.979497708007332e-39,9.183549615799121e-41,595591168.0,16127,551154,9,2,False,Right,Back,Centre,Left,69
<_io.BytesIO object at 0x0000018E0014F900>,1025455694,-0.11136136204004288,-0.8933780193328857,-0.1384778916835785,-0.42554759979248047,0.04010991379618645,0.0,1.8367099231598242e-40,-1.910178320086217e-37,16137,551154,9,2,False,Right,Back,Centre,Left,69
<_io.BytesIO object at 0x0000018E0014F3B0>,1041907607,0.12499324232339859,-0.2805018424987793,0.4253242015838623,0.8461819887161255,-0.15618599951267242,0.0,0.0,0.0,0,551154,9,2,False,Right,Back,Centre,Left,69
<_io.BytesIO object at 0x0000018E0014F540>,0,0.0,7.006492321624085e-45,1.821688003622262e-43,6.579096290005016e-42,0.5156200528144836,0.06655962020158768,-0.15363098680973053,0.009114645421504974,18,551154,9,2,False,Right,Back,Centre,Left,69
<_io.BytesIO object at 0x0000018E782C5310>,1057224626,0.06725480407476425,-0.15326787531375885,0.5403808951377869,0.10267393290996552,-0.09081478416919708,0.480776846408844,0.07613027840852737,-0.13071493804454803,22583,551155,9,2,False,Right,Back,Centre,Left,69
<_io.BytesIO object at 0x0000018E782C5680>,2035302124,-0.00021861930144950747,-3.6629974432075177e-31,3.308392242887953e-13,840.9588623046875,2.5161294835877118e-40,6.979497708007332e-39,9.183549615799121e-41,595591168.0,16127,551155,9,2,False,Right,Back,Centre,Left,69
<_io.BytesIO object at 0x0000018E782C5220>,1025455694,-0.11136136204004288,-0.8933780193328857,-0.1384778916835785,-0.42554759979248047,0.04010991379618645,0.0,1.8367099231598242e-40,-1.910178320086217e-37,16137,551155,9,2,False,Right,Back,Centre,Left,69
<_io.BytesIO object at 0x0000018E782C5360>,1041907607,0.12499324232339859,-0.2805018424987793,0.4253242015838623,0.8461819887161255,-0.15618599951267242,0.0,0.0,0.0,0,551155,9,2,False,Right,Back,Centre,Left,69
<_io.BytesIO object at 0x0000018E782C56D0>,0,0.0,7.006492321624085e-45,1.821688003622262e-43,6.579096290005016e-42,0.5154982805252075,0.06725480407476425,-0.15326787531375885,0.009118563495576382,18,551155,9,2,False,Right,Back,Centre,Left,69
<_io.BytesIO object at 0x0000018E0014AA40>,1057221704,0.0682835727930069,-0.15296365320682526,0.5395817160606384,0.1037796139717102,-0.09029819071292877,0.48051944375038147,0.07664927840232849,-0.13042446970939636,22215,551156,9,2,False,Right,Back,Centre,Left,69
<_io.BytesIO object at 0x0000018E0014A900>,4003479276,4562582.5,1.7488993069300931e+31,0.00018429367628414184,873429.9375,2.5161154706030685e-40,6.979497708007332e-39,9.183549615799121e-41,595591168.0,16127,551156,9,2,False,Right,Back,Centre,Left,69
<_io.BytesIO object at 0x0000018E0014AAE0>,1025455694,-0.11136136204004288,-0.8933780193328857,-0.1384778916835785,-0.42554759979248047,0.04010991379618645,0.0,1.8367099231598242e-40,-1.910178320086217e-37,16137,551156,9,2,False,Right,Back,Centre,Left,69
<_io.BytesIO object at 0x0000018E0014A540>,1041907607,0.12499324232339859,-0.2805018424987793,0.4253242015838623,0.8461819887161255,-0.15618599951267242,0.0,0.0,0.0,0,551156,9,2,False,Right,Back,Centre,Left,69
<_io.BytesIO object at 0x0000018E0014A630>,0,0.0,7.006492321624085e-45,1.821688003622262e-43,6.579096290005016e-42,0.5153241157531738,0.0682835727930069,-0.15296365320682526,0.009122650139033794,18,551156,9,2,False,Right,Back,Centre,Left,69
<_io.BytesIO object at 0x0000018E001469A0>,1057218848,0.06920860707759857,-0.15258829295635223,0.538865327835083,0.1049257293343544,-0.08984050154685974,0.48017123341560364,0.07749364525079727,-0.13016945123672485,23557,551157,9,2,False,Right,Back,Centre,Left,69
<_io.BytesIO object at 0x0000018E001460E0>,2906930924,-2.3207211761713702e-18,143604498432.0,-8.236320921273751e+21,-494059.0,2.516087444633782e-40,6.979497708007332e-39,9.183549615799121e-41,595591168.0,16127,551157,9,2,False,Right,Back,Centre,Left,69
<_io.BytesIO object at 0x0000018E001462C0>,1025455694,-0.11136136204004288,-0.8933780193328857,-0.1384778916835785,-0.42554759979248047,0.04010991379618645,0.0,1.8367099231598242e-40,-1.910178320086217e-37,16137,551157,9,2,False,Right,Back,Centre,Left,69
<_io.BytesIO object at 0x0000018E001469F0>,1041907607,0.12499324232339859,-0.2805018424987793,0.4253242015838623,0.8461819887161255,-0.15618599951267242,0.0,0.0,0.0,0,551157,9,2,False,Right,Back,Centre,Left,69
<_io.BytesIO object at 0x0000018E00146860>,0,0.0,7.006492321624085e-45,1.821688003622262e-43,6.579096290005016e-42,0.5151538848876953,0.06920860707759857,-0.15258829295635223,0.009127190336585045,18,551157,9,2,False,Right,Back,Centre,Left,69
<_io.BytesIO object at 0x0000018E0014F810>,1057216146,0.07015367597341537,-0.15209397673606873,0.5382459163665771,0.10622701793909073,-0.08934828639030457,0.4799831807613373,0.07804639637470245,-0.1298331469297409,22380,551158,9,2,False,Right,Back,Centre,Left,69
<_io.BytesIO object at 0x0000018E00150F90>,4186783468,-1.2244783758543286e+38,0.3354337811470032,-34405332.0,-3.120729335489575e-29,2.5160734316491388e-40,6.979497708007332e-39,9.183549615799121e-41,595591168.0,16127,551158,9,2,False,Right,Back,Centre,Left,69
<_io.BytesIO object at 0x0000018E0014F9F0>,1025455694,-0.11136136204004288,-0.8933780193328857,-0.1384778916835785,-0.42554759979248047,0.04010991379618645,0.0,1.8367099231598242e-40,-1.910178320086217e-37,16137,551158,9,2,False,Right,Back,Centre,Left,69
<_io.BytesIO object at 0x0000018E0014FF40>,1041907607,0.12499324232339859,-0.2805018424987793,0.4253242015838623,0.8461819887161255,-0.15618599951267242,0.0,0.0,0.0,0,551158,9,2,False,Right,Back,Centre,Left,69
<_io.BytesIO object at 0x0000018E0014FA40>,0,0.0,7.006492321624085e-45,1.821688003622262e-43,6.579096290005016e-42,0.5149928331375122,0.07015367597341537,-0.15209397673606873,0.0091316606849432,18,551158,9,2,False,Right,Back,Centre,Left,69
<_io.BytesIO object at 0x0000018E002AC310>,1057211555,0.07147598266601562,-0.15159641206264496,0.5375396013259888,0.10765638947486877,-0.08891464024782181,0.47958770394325256,0.07877025008201599,-0.1292770653963089,22006,551159,9,2,False,Right,Back,Centre,Left,69
<_io.BytesIO object at 0x0000018E002AC5E0>,910704364,0.1046089231967926,9.349611081681643e-16,-4.4927089400292095e-30,-5.90535654925152e+26,2.5160454056798523e-40,6.979497708007332e-39,9.183549615799121e-41,595591168.0,16127,551159,9,2,False,Right,Back,Centre,Left,69
<_io.BytesIO object at 0x0000018E002ACAE0>,1025455694,-0.11136136204004288,-0.8933780193328857,-0.1384778916835785,-0.42554759979248047,0.04010991379618645,0.0,1.8367099231598242e-40,-1.910178320086217e-37,16137,551159,9,2,False,Right,Back,Centre,Left,69
<_io.BytesIO object at 0x0000018E002AC220>,1041907607,0.12499324232339859,-0.2805018424987793,0.4253242015838623,0.8461819887161255,-0.15618599951267242,0.0,0.0,0.0,0,551159,9,2,False,Right,Back,Centre,Left,69
<_io.BytesIO object at 0x0000018E002AC090>,0,0.0,7.006492321624085e-45,1.821688003622262e-43,6.579096290005016e-42,0.5147191882133484,0.07147598266601562,-0.15159641206264496,0.009135236963629723,18,551159,9,2,False,Right,Back,Centre,Left,69
<_io.BytesIO object at 0x0000018E001584A0>,1057210122,0.07237739115953445,-0.1511729210615158,0.536647379398346,0.1091751754283905,-0.08829907327890396,0.47935256361961365,0.07964673638343811,-0.1288725584745407,23842,551160,9,2,False,Right,Back,Centre,Left,69
<_io.BytesIO object at 0x0000018E00158950>,756891372,4013766400.0,-4.6179434491650954e+27,-0.03204245865345001,1.0393902332241946e-14,2.516031392695209e-40,6.979497708007332e-39,9.183549615799121e-41,595591168.0,16127,551160,9,2,False,Right,Back,Centre,Left,69
<_io.BytesIO object at 0x0000018E0020B900>,1025455694,-0.11136136204004288,-0.8933780193328857,-0.1384778916835785,-0.42554759979248047,0.04010991379618645,0.0,1.8367099231598242e-40,-1.910178320086217e-37,16137,551160,9,2,False,Right,Back,Centre,Left,69
<_io.BytesIO object at 0x0000018E00158E50>,1041907607,0.12499324232339859,-0.2805018424987793,0.4253242015838623,0.8461819887161255,-0.15618599951267242,0.0,0.0,0.0,0,551160,9,2,False,Right,Back,Centre,Left,69
<_io.BytesIO object at 0x0000018E0020BB30>,0,0.0,7.006492321624085e-45,1.821688003622262e-43,6.579096290005016e-42,0.5146337747573853,0.07237739115953445,-0.1511729210615158,0.0091393468901515,18,551160,9,2,False,Right,Back,Centre,Left,69
<_io.BytesIO object at 0x0000018E0022E630>,1057206355,0.07380500435829163,-0.1505478471517563,0.5359494090080261,0.11068384349346161,-0.08769459277391434,0.47916874289512634,0.08055151998996735,-0.1282903254032135,29125,551161,9,2,False,Right,Back,Centre,Left,69
<_io.BytesIO object at 0x0000018E0022E900>,304234220,3.96173996386473e-11,-6.050736591313839e+30,1033.96728515625,-2.8401702897133513e+31,2.5159893537412793e-40,6.979497708007332e-39,9.183549615799121e-41,595591168.0,16127,551161,9,2,False,Right,Back,Centre,Left,69
<_io.BytesIO object at 0x0000018E0022E540>,1025455694,-0.11136136204004288,-0.8933780193328857,-0.1384778916835785,-0.42554759979248047,0.04010991379618645,0.0,1.8367099231598242e-40,-1.910178320086217e-37,16137,551161,9,2,False,Right,Back,Centre,Left,69
<_io.BytesIO object at 0x0000018E0022E090>,1041907607,0.12499324232339859,-0.2805018424987793,0.4253242015838623,0.8461819887161255,-0.15618599951267242,0.0,0.0,0.0,0,551161,9,2,False,Right,Back,Centre,Left,69
<_io.BytesIO object at 0x0000018E0022E950>,0,0.0,7.006492321624085e-45,1.821688003622262e-43,6.579096290005016e-42,0.5144092440605164,0.07380500435829163,-0.1505478471517563,0.009143385104835033,18,551161,9,2,False,Right,Back,Centre,Left,69
<_io.BytesIO object at 0x0000018E0006ACC0>,1057206130,0.07504372298717499,-0.14981593191623688,0.535232663154602,0.11246143281459808,-0.08696802705526352,0.4790273606777191,0.08142763376235962,-0.12771651148796082,-32386,551162,9,2,False,Right,Back,Centre,Left,69
<_io.BytesIO object at 0x0000018E00136BD0>,2615820012,-7.166162067019092e+21,-1.244268340107976e+24,-5.597877284736346e-25,2.909302565967664e-06,2.515961327771993e-40,6.979497708007332e-39,9.183549615799121e-41,595591168.0,16127,551162,9,2,False,Right,Back,Centre,Left,69
<_io.BytesIO object at 0x0000018E0006A1D0>,1025455694,-0.11136136204004288,-0.8933780193328857,-0.1384778916835785,-0.42554759979248047,0.04010991379618645,0.0,1.8367099231598242e-40,-1.910178320086217e-37,16137,551162,9,2,False,Right,Back,Centre,Left,69
<_io.BytesIO object at 0x0000018E0006A130>,1041907607,0.12499324232339859,-0.2805018424987793,0.4253242015838623,0.8461819887161255,-0.15618599951267242,0.0,0.0,0.0,0,551162,9,2,False,Right,Back,Centre,Left,69
<_io.BytesIO object at 0x0000018E0006A950>,0,0.0,7.006492321624085e-45,1.821688003622262e-43,6.579096290005016e-42,0.5143958330154419,0.07504372298717499,-0.14981593191623688,0.009147430770099163,18,551162,9,2,False,Right,Back,Centre,Left,69
<_io.BytesIO object at 0x0000018E782C54A0>,1057202401,0.07693812996149063,-0.14895005524158478,0.5347200036048889,0.11417964100837708,-0.0861988216638565,0.4788728952407837,0.08248594403266907,-0.12691961228847504,-24724,551163,9,2,False,Right,Back,Centre,Left,69
<_io.BytesIO object at 0x0000018E001363B0>,2819964652,1956552832.0,-1.034778756648359e+28,7.8271088178118e+18,1.673076359772976e+28,2.515919288818063e-40,6.979497708007332e-39,9.183549615799121e-41,595591168.0,16127,551163,9,2,False,Right,Back,Centre,Left,69
<_io.BytesIO object at 0x0000018E782C5590>,1025455694,-0.11136136204004288,-0.8933780193328857,-0.1384778916835785,-0.42554759979248047,0.04010991379618645,0.0,1.8367099231598242e-40,-1.910178320086217e-37,16137,551163,9,2,False,Right,Back,Centre,Left,69
<_io.BytesIO object at 0x0000018E782C5630>,1041907607,0.12499324232339859,-0.2805018424987793,0.4253242015838623,0.8461819887161255,-0.15618599951267242,0.0,0.0,0.0,0,551163,9,2,False,Right,Back,Centre,Left,69
<_io.BytesIO object at 0x0000018E782C5180>,0,0.0,7.006492321624085e-45,1.821688003622262e-43,6.579096290005016e-42,0.5141735672950745,0.07693812996149063,-0.14895005524158478,0.00915484968572855,18,551163,9,2,False,Right,Back,Centre,Left,69
<_io.BytesIO object at 0x0000018E0014AE00>,1057202841,0.0786500945687294,-0.14802725613117218,0.5340397357940674,0.11613918095827103,-0.08491348475217819,0.4786575138568878,0.083839051425457,-0.12599793076515198,-11159,551164,9,2,False,Right,Back,Centre,Left,69
<_io.BytesIO object at 0x0000018E0014A310>,1752645356,-4.1937884926988984e-24,1.724137872196908e-38,5.76173720707524e-27,-255808372736.0,2.51586323687949e-40,6.979497708007332e-39,9.183549615799121e-41,595591168.0,16127,551164,9,2,False,Right,Back,Centre,Left,69
<_io.BytesIO object at 0x0000018E0014A2C0>,1025455694,-0.11136136204004288,-0.8933780193328857,-0.1384778916835785,-0.42554759979248047,0.04010991379618645,0.0,1.8367099231598242e-40,-1.910178320086217e-37,16137,551164,9,2,False,Right,Back,Centre,Left,69
<_io.BytesIO object at 0x0000018E0014AA40>,1041907607,0.12499324232339859,-0.2805018424987793,0.4253242015838623,0.8461819887161255,-0.15618599951267242,0.0,0.0,0.0,0,551164,9,2,False,Right,Back,Centre,Left,69
<_io.BytesIO object at 0x0000018E0014A090>,0,0.0,7.006492321624085e-45,1.821688003622262e-43,6.579096290005016e-42,0.5141997933387756,0.0786500945687294,-0.14802725613117218,0.009160418063402176,18,551164,9,2,False,Right,Back,Centre,Left,69
<_io.BytesIO object at 0x0000018E00146E00>,1057204194,0.08016382157802582,-0.14699001610279083,0.5333519577980042,0.11803308874368668,-0.0837116688489914,0.47841334342956543,0.08531960844993591,-0.12486659735441208,1474,551165,9,2,False,Right,Back,Centre,Left,69
<_io.BytesIO object at 0x0000018E00146D10>,3628416749,4.262655466565304e+36,2.3901359565912726e-20,-3.642028953025173e+23,-6.866805037814566e+19,2.515807184940917e-40,6.979497708007332e-39,9.183549615799121e-41,595591168.0,16127,551165,9,2,False,Right,Back,Centre,Left,69
<_io.BytesIO object at 0x0000018E00146900>,1025455694,-0.11136136204004288,-0.8933780193328857,-0.1384778916835785,-0.42554759979248047,0.04010991379618645,0.0,1.8367099231598242e-40,-1.910178320086217e-37,16137,551165,9,2,False,Right,Back,Centre,Left,69
<_io.BytesIO object at 0x0000018E00146A90>,1041907607,0.12499324232339859,-0.2805018424987793,0.4253242015838623,0.8461819887161255,-0.15618599951267242,0.0,0.0,0.0,0,551165,9,2,False,Right,Back,Centre,Left,69
<_io.BytesIO object at 0x0000018E00146BD0>,0,0.0,7.006492321624085e-45,1.821688003622262e-43,6.579096290005016e-42,0.5142804384231567,0.08016382157802582,-0.14699001610279083,0.00916600227355957,18,551165,9,2,False,Right,Back,Centre,Left,69
<_io.BytesIO object at 0x0000018E00150950>,1057203739,0.08236285299062729,-0.14572583138942719,0.5326444506645203,0.12013634294271469,-0.08231696486473083,0.4784470498561859,0.08673901110887527,-0.12371069937944412,13990,551166,9,2,False,Right,Back,Centre,Left,69
<_io.BytesIO object at 0x0000018E00150DB0>,95043309,1.343276482884334e-13,21854.966796875,38183849984.0,-1.6099625061837477e+38,2.515737120017701e-40,6.979497708007332e-39,9.183549615799121e-41,595591168.0,16127,551166,9,2,False,Right,Back,Centre,Left,69
<_io.BytesIO object at 0x0000018E00203AE0>,1025455694,-0.11136136204004288,-0.8933780193328857,-0.1384778916835785,-0.42554759979248047,0.04010991379618645,0.0,1.8367099231598242e-40,-1.910178320086217e-37,16137,551166,9,2,False,Right,Back,Centre,Left,69
<_io.BytesIO object at 0x0000018E00203270>,1041907607,0.12499324232339859,-0.2805018424987793,0.4253242015838623,0.8461819887161255,-0.15618599951267242,0.0,0.0,0.0,0,551166,9,2,False,Right,Back,Centre,Left,69
<_io.BytesIO object at 0x0000018E00203950>,0,0.0,7.006492321624085e-45,1.821688003622262e-43,6.579096290005016e-42,0.5142533183097839,0.08236285299062729,-0.14572583138942719,0.00917196087539196,18,551166,9,2,False,Right,Back,Centre,Left,69
<_io.BytesIO object at 0x0000018E0015CEA0>,1057204714,0.08442524820566177,-0.1442686766386032,0.5322046875953674,0.12239353358745575,-0.08070500940084457,0.47849076986312866,0.08820080012083054,-0.12234454602003098,28606,551167,9,2,False,Right,Back,Centre,Left,69
<_io.BytesIO object at 0x0000018E0006A9F0>,1539981037,59965.328125,-2.9000575211388576e-34,-1.2294354806595813e-24,3.7297655808288255e-07,2.5156670550944846e-40,6.979497708007332e-39,9.183549615799121e-41,595591168.0,16127,551167,9,2,False,Right,Back,Centre,Left,69
<_io.BytesIO object at 0x0000018E0006AC70>,1025455694,-0.11136136204004288,-0.8933780193328857,-0.1384778916835785,-0.42554759979248047,0.04010991379618645,0.0,1.8367099231598242e-40,-1.910178320086217e-37,16137,551167,9,2,False,Right,Back,Centre,Left,69
<_io.BytesIO object at 0x0000018E0006A720>,1041907607,0.12499324232339859,-0.2805018424987793,0.4253242015838623,0.8461819887161255,-0.15618599951267242,0.0,0.0,0.0,0,551167,9,2,False,Right,Back,Centre,Left,69
<_io.BytesIO object at 0x0000018E0006A770>,0,0.0,7.006492321624085e-45,1.821688003622262e-43,6.579096290005016e-42,0.5143114328384399,0.08442524820566177,-0.1442686766386032,0.00917709618806839,18,551167,9,2,False,Right,Back,Centre,Left,69
<_io.BytesIO object at 0x0000018E00150680>,1057207526,0.08649137616157532,-0.1426449567079544,0.5316675305366516,0.12480701506137848,-0.0788351371884346,0.47832515835762024,0.09000322967767715,-0.12059509009122849,-11705,551168,9,2,False,Right,Back,Centre,Left,69
<_io.BytesIO object at 0x0000018E00150E00>,1246117613,-3.978328488240576e+35,-1914813.0,0.00023388474073726684,2.634341210968369e+28,2.515568964201982e-40,6.979497708007332e-39,9.183549615799121e-41,595591168.0,16127,551168,9,2,False,Right,Back,Centre,Left,69
<_io.BytesIO object at 0x0000018E001509A0>,1025455694,-0.11136136204004288,-0.8933780193328857,-0.1384778916835785,-0.42554759979248047,0.04010991379618645,0.0,1.8367099231598242e-40,-1.910178320086217e-37,16137,551168,9,2,False,Right,Back,Centre,Left,69
<_io.BytesIO object at 0x0000018E00150F40>,1041907607,0.12499324232339859,-0.2805018424987793,0.4253242015838623,0.8461819887161255,-0.15618599951267242,0.0,0.0,0.0,0,551168,9,2,False,Right,Back,Centre,Left,69
<_io.BytesIO object at 0x0000018E001504F0>,0,0.0,7.006492321624085e-45,1.821688003622262e-43,6.579096290005016e-42,0.5144790410995483,0.08649137616157532,-0.1426449567079544,0.009181944653391838,18,551168,9,2,False,Right,Back,Centre,Left,69
<_io.BytesIO object at 0x0000018E00158130>,1057210118,0.0888461172580719,-0.1408485621213913,0.5310993790626526,0.1272357553243637,-0.07673395425081253,0.4785025119781494,0.09165740758180618,-0.11864976584911346,13814,551169,9,2,False,Right,Back,Centre,Left,69
<_io.BytesIO object at 0x0000018E001589F0>,1606237934,1.331656220737536e+16,4.552626249557606e+16,4.876329546589554e-31,1.1427897192638815e+31,2.515456860324836e-40,6.979497708007332e-39,9.183549615799121e-41,595591168.0,16127,551169,9,2,False,Right,Back,Centre,Left,69
<_io.BytesIO object at 0x0000018E001588B0>,1025455694,-0.11136136204004288,-0.8933780193328857,-0.1384778916835785,-0.42554759979248047,0.04010991379618645,0.0,1.8367099231598242e-40,-1.910178320086217e-37,16137,551169,9,2,False,Right,Back,Centre,Left,69
<_io.BytesIO object at 0x0000018E00158680>,1041907607,0.12499324232339859,-0.2805018424987793,0.4253242015838623,0.8461819887161255,-0.15618599951267242,0.0,0.0,0.0,0,551169,9,2,False,Right,Back,Centre,Left,69
<_io.BytesIO object at 0x0000018E00158CC0>,0,0.0,7.006492321624085e-45,1.821688003622262e-43,6.579096290005016e-42,0.5146335363388062,0.0888461172580719,-0.1408485621213913,0.009187249466776848,18,551169,9,2,False,Right,Back,Centre,Left,69
<_io.BytesIO object at 0x0000018E00193EA0>,1057215829,0.0913953185081482,-0.1386398822069168,0.5307267904281616,0.12978433072566986,-0.07432972639799118,0.47850501537323,0.0935407355427742,-0.11641988903284073,-21609,551170,9,2,False,Right,Back,Centre,Left,69
<_io.BytesIO object at 0x0000018E00193D10>,2070494958,2.2261475279481015e-24,-112067354624.0,-2.628842830657959,2.2369712113157077e-37,2.51534475644769e-40,6.979497708007332e-39,9.183549615799121e-41,595591168.0,16127,551170,9,2,False,Right,Back,Centre,Left,69
<_io.BytesIO object at 0x0000018E00193F40>,1025455694,-0.11136136204004288,-0.8933780193328857,-0.1384778916835785,-0.42554759979248047,0.04010991379618645,0.0,1.8367099231598242e-40,-1.910178320086217e-37,16137,551170,9,2,False,Right,Back,Centre,Left,69
<_io.BytesIO object at 0x0000018E00193040>,1041907607,0.12499324232339859,-0.2805018424987793,0.4253242015838623,0.8461819887161255,-0.15618599951267242,0.0,0.0,0.0,0,551170,9,2,False,Right,Back,Centre,Left,69
<_io.BytesIO object at 0x0000018E00193BD0>,0,0.0,7.006492321624085e-45,1.821688003622262e-43,6.579096290005016e-42,0.5149739384651184,0.0913953185081482,-0.1386398822069168,0.009191985242068768,18,551170,9,2,False,Right,Back,Centre,Left,69
<_io.BytesIO object at 0x0000018E00136CC0>,1057222288,0.09412574023008347,-0.13628117740154266,0.5302624702453613,0.13250023126602173,-0.07141034305095673,0.47879987955093384,0.09563425183296204,-0.11390703171491623,14647,551171,9,2,False,Right,Back,Centre,Left,69
<_io.BytesIO object at 0x0000018E00136450>,605935,337670176768.0,2.0783359114849812e+18,1.76857362878076e+35,-0.014968287199735641,2.515190613616614e-40,6.979497708007332e-39,9.183549615799121e-41,595591168.0,16127,551171,9,2,False,Right,Back,Centre,Left,69
<_io.BytesIO object at 0x0000018E00136860>,1025455694,-0.11136136204004288,-0.8933780193328857,-0.1384778916835785,-0.42554759979248047,0.04010991379618645,0.0,1.8367099231598242e-40,-1.910178320086217e-37,16137,551171,9,2,False,Right,Back,Centre,Left,69
<_io.BytesIO object at 0x0000018E00136F40>,1041907607,0.12499324232339859,-0.2805018424987793,0.4253242015838623,0.8461819887161255,-0.15618599951267242,0.0,0.0,0.0,0,551171,9,2,False,Right,Back,Centre,Left,69
<_io.BytesIO object at 0x0000018E00136590>,0,0.0,7.006492321624085e-45,1.821688003622262e-43,6.579096290005016e-42,0.5153589248657227,0.09412574023008347,-0.13628117740154266,0.009196262806653976,18,551171,9,2,False,Right,Back,Centre,Left,69
<_io.BytesIO object at 0x0000018E001932C0>,1057230305,0.09679800271987915,-0.13335345685482025,0.5299258232116699,0.1351267546415329,-0.06817541271448135,0.4796965718269348,0.0970594733953476,-0.11136818677186966,-9355,551172,9,2,False,Right,Back,Centre,Left,69
<_io.BytesIO object at 0x0000018E001934F0>,2624601839,-5.007500648498535,nan,403168992.0,-1.1265955490696066e-31,2.5150364707855384e-40,6.979497708007332e-39,9.183549615799121e-41,595591168.0,16127,551172,9,2,False,Right,Back,Centre,Left,69
<_io.BytesIO object at 0x0000018E00193180>,1025455694,-0.11136136204004288,-0.8933780193328857,-0.1384778916835785,-0.42554759979248047,0.04010991379618645,0.0,1.8367099231598242e-40,-1.910178320086217e-37,16137,551172,9,2,False,Right,Back,Centre,Left,69
<_io.BytesIO object at 0x0000018E00193720>,1041907607,0.12499324232339859,-0.2805018424987793,0.4253242015838623,0.8461819887161255,-0.15618599951267242,0.0,0.0,0.0,0,551172,9,2,False,Right,Back,Centre,Left,69
<_io.BytesIO object at 0x0000018E00193090>,0,0.0,7.006492321624085e-45,1.821688003622262e-43,6.579096290005016e-42,0.515836775302887,0.09679800271987915,-0.13335345685482025,0.009200691245496273,18,551172,9,2,False,Right,Back,Centre,Left,69
<_io.BytesIO object at 0x0000018E00158A90>,1057240039,0.09971844404935837,-0.13022452592849731,0.5296640992164612,0.1378575563430786,-0.06460843235254288,0.4803118109703064,0.09892788529396057,-0.10816679894924164,-24010,551173,9,2,False,Right,Back,Centre,Left,69
<_io.BytesIO object at 0x0000018E00158C20>,4274208496,2.8873727378939135e+29,-0.04607945680618286,-8.907974927403975e+18,-10255728640000.0,2.5148543019851762e-40,6.979497708007332e-39,9.183549615799121e-41,595591168.0,16127,551173,9,2,False,Right,Back,Centre,Left,69
<_io.BytesIO object at 0x0000018E00146BD0>,1025455694,-0.11136136204004288,-0.8933780193328857,-0.1384778916835785,-0.42554759979248047,0.04010991379618645,0.0,1.8367099231598242e-40,-1.910178320086217e-37,16137,551173,9,2,False,Right,Back,Centre,Left,69
<_io.BytesIO object at 0x0000018E00158D60>,1041907607,0.12499324232339859,-0.2805018424987793,0.4253242015838623,0.8461819887161255,-0.15618599951267242,0.0,0.0,0.0,0,551173,9,2,False,Right,Back,Centre,Left,69
<_io.BytesIO object at 0x0000018E001460E0>,0,0.0,7.006492321624085e-45,1.821688003622262e-43,6.579096290005016e-42,0.5164169669151306,0.09971844404935837,-0.13022452592849731,0.009205295704305172,18,551173,9,2,False,Right,Back,Centre,Left,69
<_io.BytesIO object at 0x0000018E00203CC0>,1057252249,0.10268159210681915,-0.12671564519405365,0.5295091271400452,0.140531525015831,-0.060471490025520325,0.4809975028038025,0.10097838193178177,-0.10461892932653427,29154,551174,9,2,False,Right,Back,Centre,Left,69
<_io.BytesIO object at 0x0000018E00203950>,425017073,-4.059004901724194e-25,-2.5595372482781842e-36,-92.12299346923828,-2.0348734751244992e-34,2.514616081246241e-40,6.979497708007332e-39,9.183549615799121e-41,595591168.0,16127,551174,9,2,False,Right,Back,Centre,Left,69
<_io.BytesIO object at 0x0000018E00203B30>,1025455694,-0.11136136204004288,-0.8933780193328857,-0.1384778916835785,-0.42554759979248047,0.04010991379618645,0.0,1.8367099231598242e-40,-1.910178320086217e-37,16137,551174,9,2,False,Right,Back,Centre,Left,69
<_io.BytesIO object at 0x0000018E002036D0>,1041907607,0.12499324232339859,-0.2805018424987793,0.4253242015838623,0.8461819887161255,-0.15618599951267242,0.0,0.0,0.0,0,551174,9,2,False,Right,Back,Centre,Left,69
<_io.BytesIO object at 0x0000018E002039A0>,0,0.0,7.006492321624085e-45,1.821688003622262e-43,6.579096290005016e-42,0.5171447396278381,0.10268159210681915,-0.12671564519405365,0.009208681993186474,18,551174,9,2,False,Right,Back,Centre,Left,69
<_io.BytesIO object at 0x0000018E00136540>,1057265548,0.10570748150348663,-0.1227823942899704,0.5294948816299438,0.14315949380397797,-0.05601295083761215,0.48207730054855347,0.10281676799058914,-0.10067342966794968,26057,551175,9,2,False,Right,Back,Centre,Left,69
<_io.BytesIO object at 0x0000018E0006A040>,3303489266,-5.569771863569072e+19,4.377853151478514e+37,55363739648.0,13775.3974609375,2.5141816787223003e-40,6.979497708007332e-39,9.183549615799121e-41,595591168.0,16127,551175,9,2,False,Right,Back,Centre,Left,69
<_io.BytesIO object at 0x0000018E001367C0>,1025455694,-0.11136136204004288,-0.8933780193328857,-0.1384778916835785,-0.42554759979248047,0.04010991379618645,0.0,1.8367099231598242e-40,-1.910178320086217e-37,16137,551175,9,2,False,Right,Back,Centre,Left,69
<_io.BytesIO object at 0x0000018E00136BD0>,1041907607,0.12499324232339859,-0.2805018424987793,0.4253242015838623,0.8461819887161255,-0.15618599951267242,0.0,0.0,0.0,0,551175,9,2,False,Right,Back,Centre,Left,69
<_io.BytesIO object at 0x0000018E00136130>,0,0.0,7.006492321624085e-45,1.821688003622262e-43,6.579096290005016e-42,0.517937421798706,0.10570748150348663,-0.1227823942899704,0.009213284589350224,18,551175,9,2,False,Right,Back,Centre,Left,69
<_io.BytesIO object at 0x0000018E00150220>,1057282410,0.10884102433919907,-0.11841291189193726,0.5296388268470764,0.14591237902641296,-0.0510198250412941,0.48294922709465027,0.10507092624902725,-0.09593053162097931,32564,551176,9,2,False,Right,Back,Centre,Left,69
<_io.BytesIO object at 0x0000018E00150EF0>,652885747,3.3113314338272087e+23,7.329207758996111e+17,1.8907933199149114e-15,8.492118760509856e-30,2.51370523724443e-40,6.979497708007332e-39,9.183549615799121e-41,595591168.0,16127,551176,9,2,False,Right,Back,Centre,Left,69
<_io.BytesIO object at 0x0000018E00150360>,1025455694,-0.11136136204004288,-0.8933780193328857,-0.1384778916835785,-0.42554759979248047,0.04010991379618645,0.0,1.8367099231598242e-40,-1.910178320086217e-37,16137,551176,9,2,False,Right,Back,Centre,Left,69
<_io.BytesIO object at 0x0000018E001504A0>,1041907607,0.12499324232339859,-0.2805018424987793,0.4253242015838623,0.8461819887161255,-0.15618599951267242,0.0,0.0,0.0,0,551176,9,2,False,Right,Back,Centre,Left,69
<_io.BytesIO object at 0x0000018E00150810>,0,0.0,7.006492321624085e-45,1.821688003622262e-43,6.579096290005016e-42,0.5189424753189087,0.10884102433919907,-0.11841291189193726,0.009217518381774426,18,551176,9,2,False,Right,Back,Centre,Left,69
<_io.BytesIO object at 0x0000018E00209BD0>,1057303152,0.11195661872625351,-0.11347533762454987,0.5298163890838623,0.14857237040996552,-0.04529407620429993,0.4846435487270355,0.10668447613716125,-0.09159400314092636,-22776,551177,9,2,False,Right,Back,Centre,Left,69
<_io.BytesIO object at 0x0000018E002094A0>,2873507572,2.765399721602194e-19,1.5819979096960645e+30,-2.062368815360306e+30,-3.555806840502927e-30,2.5131727438279864e-40,6.979497708007332e-39,9.183549615799121e-41,595591168.0,16127,551177,9,2,False,Right,Back,Centre,Left,69
<_io.BytesIO object at 0x0000018E00209C20>,1025455694,-0.11136136204004288,-0.8933780193328857,-0.1384778916835785,-0.42554759979248047,0.04010991379618645,0.0,1.8367099231598242e-40,-1.910178320086217e-37,16137,551177,9,2,False,Right,Back,Centre,Left,69
<_io.BytesIO object at 0x0000018E00209090>,1041907607,0.12499324232339859,-0.2805018424987793,0.4253242015838623,0.8461819887161255,-0.15618599951267242,0.0,0.0,0.0,0,551177,9,2,False,Right,Back,Centre,Left,69
<_io.BytesIO object at 0x0000018E002090E0>,0,0.0,7.006492321624085e-45,1.821688003622262e-43,6.579096290005016e-42,0.5201787948608398,0.11195661872625351,-0.11347533762454987,0.009221899323165417,18,551177,9,2,False,Right,Back,Centre,Left,69
<_io.BytesIO object at 0x0000018E00203C70>,1057323902,0.11513923108577728,-0.10825221240520477,0.5301129817962646,0.15112639963626862,-0.03930956870317459,0.4861673414707184,0.10848510265350342,-0.08641042560338974,207,551178,9,2,False,Right,Back,Centre,Left,69
<_io.BytesIO object at 0x0000018E00203B30>,1735540470,-1.875663208014938e+18,-2.7132216287063804e-13,1.1648820074808378e+30,1.1559791446707847e+26,2.512303938780105e-40,6.979497708007332e-39,9.183549615799121e-41,595591168.0,16127,551178,9,2,False,Right,Back,Centre,Left,69
<_io.BytesIO object at 0x0000018E00203180>,1025455694,-0.11136136204004288,-0.8933780193328857,-0.1384778916835785,-0.42554759979248047,0.04010991379618645,0.0,1.8367099231598242e-40,-1.910178320086217e-37,16137,551178,9,2,False,Right,Back,Centre,Left,69
<_io.BytesIO object at 0x0000018E00203680>,1041907607,0.12499324232339859,-0.2805018424987793,0.4253242015838623,0.8461819887161255,-0.15618599951267242,0.0,0.0,0.0,0,551178,9,2,False,Right,Back,Centre,Left,69
<_io.BytesIO object at 0x0000018E00203CC0>,0,0.0,7.006492321624085e-45,1.821688003622262e-43,6.579096290005016e-42,0.5214155912399292,0.11513923108577728,-0.10825221240520477,0.009226026944816113,18,551178,9,2,False,Right,Back,Centre,Left,69
<_io.BytesIO object at 0x0000018E0022E400>,1057347850,0.11836519092321396,-0.10243774205446243,0.5306156873703003,0.15348750352859497,-0.03265359252691269,0.48782533407211304,0.11045239120721817,-0.08066917955875397,21224,551179,9,2,False,Right,Back,Centre,Left,69
<_io.BytesIO object at 0x0000018E0022E450>,124010231,2.5894898340395392e-14,1.8452309676958493e-16,6.559942513540423e+20,-1.1946583278188427e-08,2.5110287571775695e-40,6.979497708007332e-39,9.183549615799121e-41,595591168.0,16127,551179,9,2,False,Right,Back,Centre,Left,69
<_io.BytesIO object at 0x0000018E0022E770>,1025455694,-0.11136136204004288,-0.8933780193328857,-0.1384778916835785,-0.42554759979248047,0.04010991379618645,0.0,1.8367099231598242e-40,-1.910178320086217e-37,16137,551179,9,2,False,Right,Back,Centre,Left,69
<_io.BytesIO object at 0x0000018E0022EDB0>,1041907607,0.12499324232339859,-0.2805018424987793,0.4253242015838623,0.8461819887161255,-0.15618599951267242,0.0,0.0,0.0,0,551179,9,2,False,Right,Back,Centre,Left,69
<_io.BytesIO object at 0x0000018E0022EB30>,0,0.0,7.006492321624085e-45,1.821688003622262e-43,6.579096290005016e-42,0.5228430032730103,0.11836519092321396,-0.10243774205446243,0.009230521507561207,18,551179,9,2,False,Right,Back,Centre,Left,69
<_io.BytesIO object at 0x0000018E0015E2C0>,1057373653,0.12150537967681885,-0.09629536420106888,0.5316078662872314,0.15568424761295319,-0.025598851963877678,0.4896191656589508,0.11231730133295059,-0.07447173446416855,-9648,551180,9,2,False,Right,Back,Centre,Left,69
<_io.BytesIO object at 0x0000018E0015E3B0>,1118125816,7080522559782912.0,7977246208.0,2.694654257427307e+23,-1.3131216144478069e-15,2.507287290277822e-40,6.979497708007332e-39,9.183549615799121e-41,595591168.0,16127,551180,9,2,False,Right,Back,Centre,Left,69
<_io.BytesIO object at 0x0000018E0015E770>,1025455694,-0.11136136204004288,-0.8933780193328857,-0.1384778916835785,-0.42554759979248047,0.04010991379618645,0.0,1.8367099231598242e-40,-1.910178320086217e-37,16137,551180,9,2,False,Right,Back,Centre,Left,69
<_io.BytesIO object at 0x0000018E0015E6D0>,1041907607,0.12499324232339859,-0.2805018424987793,0.4253242015838623,0.8461819887161255,-0.15618599951267242,0.0,0.0,0.0,0,551180,9,2,False,Right,Back,Centre,Left,69
<_io.BytesIO object at 0x0000018E0015E590>,0,0.0,7.006492321624085e-45,1.821688003622262e-43,6.579096290005016e-42,0.5243809819221497,0.12150537967681885,-0.09629536420106888,0.00923354271799326,18,551180,9,2,False,Right,Back,Centre,Left,69
<_io.BytesIO object at 0x0000018E00203860>,1057401648,0.12449021637439728,-0.08965080976486206,0.5327553749084473,0.15768584609031677,-0.018066873773932457,0.4916936457157135,0.11400963366031647,-0.06790737807750702,24180,551181,9,2,False,Right,Back,Centre,Left,69
<_io.BytesIO object at 0x0000018E00203F40>,3357556474,-8.249346170831049e+27,1.9242499025842212e-20,4.531860228180133e-33,-2.3396155514657153e+30,2.050295835092213e-40,6.979497708007332e-39,9.183549615799121e-41,595591168.0,16127,551181,9,2,False,Right,Back,Centre,Left,69
<_io.BytesIO object at 0x0000018E00203AE0>,1025455694,-0.11136136204004288,-0.8933780193328857,-0.1384778916835785,-0.42554759979248047,0.04010991379618645,0.0,1.8367099231598242e-40,-1.910178320086217e-37,16137,551181,9,2,False,Right,Back,Centre,Left,69
<_io.BytesIO object at 0x0000018E002039F0>,1041907607,0.12499324232339859,-0.2805018424987793,0.4253242015838623,0.8461819887161255,-0.15618599951267242,0.0,0.0,0.0,0,551181,9,2,False,Right,Back,Centre,Left,69
<_io.BytesIO object at 0x0000018E00203680>,0,0.0,7.006492321624085e-45,1.821688003622262e-43,6.579096290005016e-42,0.5260496139526367,0.12449021637439728,-0.08965080976486206,0.009237782098352909,18,551181,9,2,False,Right,Back,Centre,Left,69
<_io.BytesIO object at 0x0000018E00146EF0>,1057430798,0.12737785279750824,-0.08272264897823334,0.5341951847076416,0.15931031107902527,-0.010296420194208622,0.4935508966445923,0.11577388644218445,-0.06078909710049629,2441,551182,9,2,False,Right,Back,Centre,Left,69
<_io.BytesIO object at 0x0000018E00146D60>,2455387900,2.3214001554361374e-10,-7.027218375028541e+31,8.453455783034002e+34,-1.8666543311063322e-10,2.0525939645737055e-40,6.979497708007332e-39,9.183549615799121e-41,595591168.0,16127,551182,9,2,False,Right,Back,Centre,Left,69
<_io.BytesIO object at 0x0000018E00146860>,1025455694,-0.11136136204004288,-0.8933780193328857,-0.1384778916835785,-0.42554759979248047,0.04010991379618645,0.0,1.8367099231598242e-40,-1.910178320086217e-37,16137,551182,9,2,False,Right,Back,Centre,Left,69
<_io.BytesIO object at 0x0000018E00146EA0>,1041907607,0.12499324232339859,-0.2805018424987793,0.4253242015838623,0.8461819887161255,-0.15618599951267242,0.0,0.0,0.0,0,551182,9,2,False,Right,Back,Centre,Left,69
<_io.BytesIO object at 0x0000018E001466D0>,0,0.0,7.006492321624085e-45,1.821688003622262e-43,6.579096290005016e-42,0.5277870893478394,0.12737785279750824,-0.08272264897823334,0.009242971427738667,18,551182,9,2,False,Right,Back,Centre,Left,69
<_io.BytesIO object at 0x0000018E00150D10>,1057464854,0.1300782561302185,-0.07526256144046783,0.535817563533783,0.16060501337051392,-0.0017654551193118095,0.49592405557632446,0.1171862930059433,-0.05350812152028084,-20480,551183,9,2,False,Right,Back,Centre,Left,69
<_io.BytesIO object at 0x0000018E00150090>,3022274301,-2.5624026233780356e-35,-1.5198875924679367e+23,1.415985345840454,2.130620892138901e+26,2.0539532240841006e-40,6.979497708007332e-39,9.183549615799121e-41,595591168.0,16127,551183,9,2,False,Right,Back,Centre,Left,69
<_io.BytesIO object at 0x0000018E00150C70>,1025455694,-0.11136136204004288,-0.8933780193328857,-0.1384778916835785,-0.42554759979248047,0.04010991379618645,0.0,1.8367099231598242e-40,-1.910178320086217e-37,16137,551183,9,2,False,Right,Back,Centre,Left,69
<_io.BytesIO object at 0x0000018E00150BD0>,1041907607,0.12499324232339859,-0.2805018424987793,0.4253242015838623,0.8461819887161255,-0.15618599951267242,0.0,0.0,0.0,0,551183,9,2,False,Right,Back,Centre,Left,69
<_io.BytesIO object at 0x0000018E00150E00>,0,0.0,7.006492321624085e-45,1.821688003622262e-43,6.579096290005016e-42,0.5298169851303101,0.1300782561302185,-0.07526256144046783,0.009248662739992142,18,551183,9,2,False,Right,Back,Centre,Left,69
<_io.BytesIO object at 0x0000018E0015C090>,1057497103,0.13258379697799683,-0.06741995364427567,0.5377159714698792,0.1616450846195221,0.0070507037453353405,0.4985302686691284,0.11831066757440567,-0.04580622538924217,-30795,551184,9,2,False,Right,Back,Centre,Left,69
<_io.BytesIO object at 0x0000018E00136900>,4253957887,-0.0017565973103046417,-9.81085605293363e+20,1.4424599151053117e+35,-5.7251784676008246e-30,2.054765977193409e-40,6.979497708007332e-39,9.183549615799121e-41,595591168.0,16127,551184,9,2,False,Right,Back,Centre,Left,69
<_io.BytesIO object at 0x0000018E00136770>,1025455694,-0.11136136204004288,-0.8933780193328857,-0.1384778916835785,-0.42554759979248047,0.04010991379618645,0.0,1.8367099231598242e-40,-1.910178320086217e-37,16137,551184,9,2,False,Right,Back,Centre,Left,69
<_io.BytesIO object at 0x0000018E00136B80>,1041907607,0.12499324232339859,-0.2805018424987793,0.4253242015838623,0.8461819887161255,-0.15618599951267242,0.0,0.0,0.0,0,551184,9,2,False,Right,Back,Centre,Left,69
<_io.BytesIO object at 0x0000018E00136C70>,0,0.0,7.006492321624085e-45,1.821688003622262e-43,6.579096290005016e-42,0.5317391753196716,0.13258379697799683,-0.06741995364427567,0.009254815056920052,18,551184,9,2,False,Right,Back,Centre,Left,69
<_io.BytesIO object at 0x0000018E0014FC70>,1057535819,0.13483573496341705,-0.059010908007621765,0.5397157073020935,0.16222524642944336,0.016379447653889656,0.5010914206504822,0.11926621943712234,-0.03770003840327263,-18245,551185,9,2,False,Right,Back,Centre,Left,69
<_io.BytesIO object at 0x0000018E0014FD60>,3283042048,2.5366630900957184e+16,-2.564680166269614e+28,-8.525591717738558e+36,-1462269665869824.0,2.055564717318074e-40,6.979497708007332e-39,9.183549615799121e-41,595591168.0,16127,551185,9,2,False,Right,Back,Centre,Left,69
<_io.BytesIO object at 0x0000018E0014F2C0>,1025455694,-0.11136136204004288,-0.8933780193328857,-0.1384778916835785,-0.42554759979248047,0.04010991379618645,0.0,1.8367099231598242e-40,-1.910178320086217e-37,16137,551185,9,2,False,Right,Back,Centre,Left,69
<_io.BytesIO object at 0x0000018E0014FF90>,1041907607,0.12499324232339859,-0.2805018424987793,0.4253242015838623,0.8461819887161255,-0.15618599951267242,0.0,0.0,0.0,0,551185,9,2,False,Right,Back,Centre,Left,69
<_io.BytesIO object at 0x0000018E0014F720>,0,0.0,7.006492321624085e-45,1.821688003622262e-43,6.579096290005016e-42,0.5340468287467957,0.13483573496341705,-0.059010908007621765,0.009260452352464199,18,551185,9,2,False,Right,Back,Centre,Left,69
<_io.BytesIO object at 0x0000018E001582C0>,1057573136,0.13676118850708008,-0.050431884825229645,0.5418345928192139,0.1626099795103073,0.025970229879021645,0.5037902593612671,0.12001949548721313,-0.02907155640423298,-18439,551186,9,2,False,Right,Back,Centre,Left,69
<_io.BytesIO object at 0x0000018E00158E00>,134954753,4.503341888620704e-37,7.224280884930916e-24,-9.297993661380529e-39,3.731024260808515e-19,2.056013132826658e-40,6.979497708007332e-39,9.183549615799121e-41,595591168.0,16127,551186,9,2,False,Right,Back,Centre,Left,69
<_io.BytesIO object at 0x0000018E00158EA0>,1025455694,-0.11136136204004288,-0.8933780193328857,-0.1384778916835785,-0.42554759979248047,0.04010991379618645,0.0,1.8367099231598242e-40,-1.910178320086217e-37,16137,551186,9,2,False,Right,Back,Centre,Left,69
<_io.BytesIO object at 0x0000018E00158A90>,1041907607,0.12499324232339859,-0.2805018424987793,0.4253242015838623,0.8461819887161255,-0.15618599951267242,0.0,0.0,0.0,0,551186,9,2,False,Right,Back,Centre,Left,69
<_io.BytesIO object at 0x0000018E00158C70>,0,0.0,7.006492321624085e-45,1.821688003622262e-43,6.579096290005016e-42,0.5362710952758789,0.13676118850708008,-0.050431884825229645,0.009264080785214901,18,551186,9,2,False,Right,Back,Centre,Left,69
<_io.BytesIO object at 0x0000018E00193950>,1057611930,0.13847796618938446,-0.04132696986198425,0.5441000461578369,0.16238145530223846,0.03587888181209564,0.5067907571792603,0.12020301818847656,-0.020156236365437508,-17147,551187,9,2,False,Right,Back,Centre,Left,69
<_io.BytesIO object at 0x0000018E00193D10>,472727298,-199974535168.0,347621.1875,-478.4924011230469,-1.1744843692618821e+31,2.056447535350599e-40,6.979497708007332e-39,9.183549615799121e-41,595591168.0,16127,551187,9,2,False,Right,Back,Centre,Left,69
<_io.BytesIO object at 0x0000018E00193860>,1025455694,-0.11136136204004288,-0.8933780193328857,-0.1384778916835785,-0.42554759979248047,0.04010991379618645,0.0,1.8367099231598242e-40,-1.910178320086217e-37,16137,551187,9,2,False,Right,Back,Centre,Left,69
<_io.BytesIO object at 0x0000018E001937C0>,1041907607,0.12499324232339859,-0.2805018424987793,0.4253242015838623,0.8461819887161255,-0.15618599951267242,0.0,0.0,0.0,0,551187,9,2,False,Right,Back,Centre,Left,69
<_io.BytesIO object at 0x0000018E00193040>,0,0.0,7.006492321624085e-45,1.821688003622262e-43,6.579096290005016e-42,0.5385833978652954,0.13847796618938446,-0.04132696986198425,0.009267539717257023,18,551187,9,2,False,Right,Back,Centre,Left,69
<_io.BytesIO object at 0x0000018E782C5360>,1057650033,0.13984397053718567,-0.0319984033703804,0.5462633371353149,0.16205231845378876,0.045839279890060425,0.5097184777259827,0.12022453546524048,-0.011087510734796524,-10556,551188,9,2,False,Right,Back,Centre,Left,69
<_io.BytesIO object at 0x0000018E782C54A0>,932265731,-1.8841041694138685e-25,48951580.0,-7054692352.0,-5.502414534296426e+29,2.0568819378745395e-40,6.979497708007332e-39,9.183549615799121e-41,595591168.0,16127,551188,9,2,False,Right,Back,Centre,Left,69
<_io.BytesIO object at 0x0000018E782C5680>,1025455694,-0.11136136204004288,-0.8933780193328857,-0.1384778916835785,-0.42554759979248047,0.04010991379618645,0.0,1.8367099231598242e-40,-1.910178320086217e-37,16137,551188,9,2,False,Right,Back,Centre,Left,69
<_io.BytesIO object at 0x0000018E782C56D0>,1041907607,0.12499324232339859,-0.2805018424987793,0.4253242015838623,0.8461819887161255,-0.15618599951267242,0.0,0.0,0.0,0,551188,9,2,False,Right,Back,Centre,Left,69
<_io.BytesIO object at 0x0000018E782C5130>,0,0.0,7.006492321624085e-45,1.821688003622262e-43,6.579096290005016e-42,0.5408545136451721,0.13984397053718567,-0.0319984033703804,0.009271224960684776,18,551188,9,2,False,Right,Back,Centre,Left,69
<_io.BytesIO object at 0x0000018E001931D0>,1057735926,0.141557976603508,-0.012214436195790768,0.5509249567985535,0.1597273051738739,0.06633657962083817,0.5157666206359863,0.11945383250713348,0.007639444898813963,536,551190,9,2,False,Right,Back,Centre,Left,69
<_io.BytesIO object at 0x0000018E0020B6D0>,718356230,0.001916815061122179,3.35704349633789e-26,3.199743018870492e-29,1.6640920815200838e+25,2.057540548152772e-40,6.979497708007332e-39,9.183549615799121e-41,595591168.0,16127,551190,9,2,False,Right,Back,Centre,Left,69
<_io.BytesIO object at 0x0000018E00193360>,1025455694,-0.11136136204004288,-0.8933780193328857,-0.1384778916835785,-0.42554759979248047,0.04010991379618645,0.0,1.8367099231598242e-40,-1.910178320086217e-37,16137,551190,9,2,False,Right,Back,Centre,Left,69
<_io.BytesIO object at 0x0000018E001937C0>,1041907607,0.12499324232339859,-0.2805018424987793,0.4253242015838623,0.8461819887161255,-0.15618599951267242,0.0,0.0,0.0,0,551190,9,2,False,Right,Back,Centre,Left,69
<_io.BytesIO object at 0x0000018E00193590>,0,0.0,7.006492321624085e-45,1.821688003622262e-43,6.579096290005016e-42,0.5459741353988647,0.141557976603508,-0.012214436195790768,0.009275325573980808,18,551190,9,2,False,Right,Back,Centre,Left,69
<_io.BytesIO object at 0x0000018E00146EF0>,1057782660,0.14199379086494446,-0.002483263611793518,0.5537918210029602,0.1582581102848053,0.07666625827550888,0.5190442204475403,0.11863124370574951,0.017131980508565903,5244,551191,9,2,False,Right,Back,Centre,Left,69
<_io.BytesIO object at 0x0000018E00146090>,709181191,-6.529886857419817e+18,2.0531684969440787e-40,6.979497708007332e-39,9.183549615799121e-41,595591168.0,3.07330606119649e-06,1.8714837844887872e-28,-2.2048294567866833e-07,-16540,551191,9,2,False,Right,Back,Centre,Left,69
<_io.BytesIO object at 0x0000018E00146180>,3188575526,-0.42554759979248047,0.04010991379618645,0.0,1.8367099231598242e-40,-1.910178320086217e-37,1.181611180305481,-5.093489198674738e+36,-6.359157350257755e-21,-16753,551191,9,2,False,Right,Back,Centre,Left,69
<_io.BytesIO object at 0x0000018E00146D60>,1054458904,0.8461819887161255,-0.15618599951267242,0.0,0.0,0.0,0.0,0.0,3.6734198463196485e-40,0,551191,9,2,False,Right,Back,Centre,Left,69
<_io.BytesIO object at 0x0000018E0006AE50>,1057830553,0.1422317773103714,0.007518181577324867,0.5569925904273987,0.15647992491722107,0.08720666915178299,0.5223890542984009,0.11764771491289139,0.02674131654202938,3532,551192,9,2,False,Right,Back,Centre,Left,69
<_io.BytesIO object at 0x0000018E00150AE0>,1341996808,-3.2049247700172145e-09,2.0544436785466143e-40,6.979497708007332e-39,9.183549615799121e-41,595591168.0,3.07330606119649e-06,1.8714837844887872e-28,-2.2048294567866833e-07,-16540,551192,9,2,False,Right,Back,Centre,Left,69
<_io.BytesIO object at 0x0000018E0006A450>,3188575526,-0.42554759979248047,0.04010991379618645,0.0,1.8367099231598242e-40,-1.910178320086217e-37,1.181611180305481,-5.093489198674738e+36,-6.359157350257755e-21,-16753,551192,9,2,False,Right,Back,Centre,Left,69
<_io.BytesIO object at 0x0000018E0006A400>,1054458904,0.8461819887161255,-0.15618599951267242,0.0,0.0,0.0,0.0,0.0,3.6734198463196485e-40,0,551192,9,2,False,Right,Back,Centre,Left,69
<_io.BytesIO object at 0x0000018E0014AE00>,1057879307,0.1417655199766159,0.017843913286924362,0.560434877872467,0.15445178747177124,0.0978161171078682,0.5258283019065857,0.11651359498500824,0.03644196316599846,4636,551193,9,2,False,Right,Back,Centre,Left,69
<_io.BytesIO object at 0x0000018E0014A4F0>,3679993609,-2.951141553353409e-10,2.0554666264255714e-40,6.979497708007332e-39,9.183549615799121e-41,595591168.0,3.07330606119649e-06,1.8714837844887872e-28,-2.2048294567866833e-07,-16540,551193,9,2,False,Right,Back,Centre,Left,69
<_io.BytesIO object at 0x0000018E0014A540>,3188575526,-0.42554759979248047,0.04010991379618645,0.0,1.8367099231598242e-40,-1.910178320086217e-37,1.181611180305481,-5.093489198674738e+36,-6.359157350257755e-21,-16753,551193,9,2,False,Right,Back,Centre,Left,69
<_io.BytesIO object at 0x0000018E0014A9A0>,1054458904,0.8461819887161255,-0.15618599951267242,0.0,0.0,0.0,0.0,0.0,3.6734198463196485e-40,0,551193,9,2,False,Right,Back,Centre,Left,69
<_io.BytesIO object at 0x0000018E00136C20>,1057930970,0.14146190881729126,0.028049059212207794,0.5638387203216553,0.15228645503520966,0.10846976935863495,0.5295460820198059,0.11508052051067352,0.0461106039583683,5204,551194,9,2,False,Right,Back,Centre,Left,69
<_io.BytesIO object at 0x0000018E00136770>,919289610,-1.5891984525402824e-34,2.056013132826658e-40,6.979497708007332e-39,9.183549615799121e-41,595591168.0,3.07330606119649e-06,1.8714837844887872e-28,-2.2048294567866833e-07,-16540,551194,9,2,False,Right,Back,Centre,Left,69
<_io.BytesIO object at 0x0000018E00136270>,3188575526,-0.42554759979248047,0.04010991379618645,0.0,1.8367099231598242e-40,-1.910178320086217e-37,1.181611180305481,-5.093489198674738e+36,-6.359157350257755e-21,-16753,551194,9,2,False,Right,Back,Centre,Left,69
<_io.BytesIO object at 0x0000018E00136B80>,1054458904,0.8461819887161255,-0.15618599951267242,0.0,0.0,0.0,0.0,0.0,3.6734198463196485e-40,0,551194,9,2,False,Right,Back,Centre,Left,69
<_io.BytesIO object at 0x0000018E00150C70>,1057979818,0.14109937846660614,0.03835431858897209,0.5670634508132935,0.14991067349910736,0.11920229345560074,0.5329611897468567,0.11377885937690735,0.05571810528635979,-4169,551195,9,2,False,Right,Back,Centre,Left,69
<_io.BytesIO object at 0x0000018E00150BD0>,1327447818,-31.280086517333984,2.0565035872891718e-40,6.979497708007332e-39,9.183549615799121e-41,595591168.0,3.07330606119649e-06,1.8714837844887872e-28,-2.2048294567866833e-07,-16540,551195,9,2,False,Right,Back,Centre,Left,69
<_io.BytesIO object at 0x0000018E001508B0>,3188575526,-0.42554759979248047,0.04010991379618645,0.0,1.8367099231598242e-40,-1.910178320086217e-37,1.181611180305481,-5.093489198674738e+36,-6.359157350257755e-21,-16753,551195,9,2,False,Right,Back,Centre,Left,69
<_io.BytesIO object at 0x0000018E00150B80>,1054458904,0.8461819887161255,-0.15618599951267242,0.0,0.0,0.0,0.0,0.0,3.6734198463196485e-40,0,551195,9,2,False,Right,Back,Centre,Left,69
<_io.BytesIO object at 0x0000018E00158C20>,1058030612,0.14042828977108002,0.04852259159088135,0.5700457692146301,0.1474573165178299,0.129566952586174,0.5366359353065491,0.11207937449216843,0.0652429386973381,-21534,551196,9,2,False,Right,Back,Centre,Left,69
<_io.BytesIO object at 0x0000018E00158DB0>,251215627,1836979.75,2.0569800287670422e-40,6.979497708007332e-39,9.183549615799121e-41,595591168.0,3.07330606119649e-06,1.8714837844887872e-28,-2.2048294567866833e-07,-16540,551196,9,2,False,Right,Back,Centre,Left,69
<_io.BytesIO object at 0x0000018E001581D0>,3188575526,-0.42554759979248047,0.04010991379618645,0.0,1.8367099231598242e-40,-1.910178320086217e-37,1.181611180305481,-5.093489198674738e+36,-6.359157350257755e-21,-16753,551196,9,2,False,Right,Back,Centre,Left,69
<_io.BytesIO object at 0x0000018E001589A0>,1054458904,0.8461819887161255,-0.15618599951267242,0.0,0.0,0.0,0.0,0.0,3.6734198463196485e-40,0,551196,9,2,False,Right,Back,Centre,Left,69
<_io.BytesIO object at 0x0000018E0020BB30>,1058084592,0.13945293426513672,0.058425676077604294,0.5731227993965149,0.14511802792549133,0.13961347937583923,0.5401009321212769,0.11058039218187332,0.07454781979322433,2,551197,9,2,False,Right,Back,Centre,Left,69
<_io.BytesIO object at 0x0000018E0020BEA0>,4980736,9.183549615799121e-41,595591168.0,3.07330606119649e-06,1.8714837844887872e-28,-2.2048294567866833e-07,-174847552.0,-2.591103296595527e+20,3338166.25,15652,551197,9,2,False,Right,Back,Centre,Left,69
<_io.BytesIO object at 0x0000018E0020B4F0>,0,1.8367099231598242e-40,-1.910178320086217e-37,1.181611180305481,-5.093489198674738e+36,-6.359157350257755e-21,-610.9774780273438,-4.7909347882662366e-20,-5.733130471183505e+28,-16865,551197,9,2,False,Right,Back,Centre,Left,69
<_io.BytesIO object at 0x0000018E0015C1D0>,1058144497,0.13824407756328583,0.06803981214761734,0.5763048529624939,0.14290852844715118,0.14926202595233917,0.5436681509017944,0.1090882271528244,0.0835266038775444,2,551198,9,2,False,Right,Back,Centre,Left,69
<_io.BytesIO object at 0x0000018E0015C7C0>,4980736,9.183549615799121e-41,595591168.0,3.07330606119649e-06,1.8714837844887872e-28,-2.2048294567866833e-07,-174847552.0,-2.591103296595527e+20,3338166.25,15652,551198,9,2,False,Right,Back,Centre,Left,69
<_io.BytesIO object at 0x0000018E0015CE00>,0,1.8367099231598242e-40,-1.910178320086217e-37,1.181611180305481,-5.093489198674738e+36,-6.359157350257755e-21,-610.9774780273438,-4.7909347882662366e-20,-5.733130471183505e+28,-16865,551198,9,2,False,Right,Back,Centre,Left,69
<_io.BytesIO object at 0x0000018E0020B9A0>,1058206003,0.13703344762325287,0.07723750919103622,0.5797820091247559,0.1409912109375,0.1584046632051468,0.547258198261261,0.10782208293676376,0.09228992462158203,2,551199,9,2,False,Right,Back,Centre,Left,69
<_io.BytesIO object at 0x0000018E0020BB30>,4980736,9.183549615799121e-41,595591168.0,3.07330606119649e-06,1.8714837844887872e-28,-2.2048294567866833e-07,-174847552.0,-2.591103296595527e+20,3338166.25,15652,551199,9,2,False,Right,Back,Centre,Left,69
<_io.BytesIO object at 0x0000018E0020B590>,0,1.8367099231598242e-40,-1.910178320086217e-37,1.181611180305481,-5.093489198674738e+36,-6.359157350257755e-21,-610.9774780273438,-4.7909347882662366e-20,-5.733130471183505e+28,-16865,551199,9,2,False,Right,Back,Centre,Left,69
<_io.BytesIO object at 0x0000018E00158C20>,1058268569,0.13575153052806854,0.0860927402973175,0.5834132432937622,0.13901673257350922,0.16744768619537354,0.5506407022476196,0.10664551705121994,0.10095485299825668,2,551200,9,2,False,Right,Back,Centre,Left,69
<_io.BytesIO object at 0x0000018E00158590>,4980736,9.183549615799121e-41,595591168.0,3.07330606119649e-06,1.8714837844887872e-28,-2.2048294567866833e-07,-174847552.0,-2.591103296595527e+20,3338166.25,15652,551200,9,2,False,Right,Back,Centre,Left,69
<_io.BytesIO object at 0x0000018E00146400>,0,1.8367099231598242e-40,-1.910178320086217e-37,1.181611180305481,-5.093489198674738e+36,-6.359157350257755e-21,-610.9774780273438,-4.7909347882662366e-20,-5.733130471183505e+28,-16865,551200,9,2,False,Right,Back,Centre,Left,69
<_io.BytesIO object at 0x0000018E001503B0>,1058331010,0.13446111977100372,0.09450244903564453,0.5868149995803833,0.13773515820503235,0.1756729632616043,0.55375075340271,0.1059115082025528,0.10893157869577408,2,551201,9,2,False,Right,Back,Centre,Left,69
<_io.BytesIO object at 0x0000018E001509A0>,4980736,9.183549615799121e-41,595591168.0,3.07330606119649e-06,1.8714837844887872e-28,-2.2048294567866833e-07,-174847552.0,-2.591103296595527e+20,3338166.25,15652,551201,9,2,False,Right,Back,Centre,Left,69
<_io.BytesIO object at 0x0000018E00150C70>,0,1.8367099231598242e-40,-1.910178320086217e-37,1.181611180305481,-5.093489198674738e+36,-6.359157350257755e-21,-610.9774780273438,-4.7909347882662366e-20,-5.733130471183505e+28,-16865,551201,9,2,False,Right,Back,Centre,Left,69
<_io.BytesIO object at 0x0000018E001361D0>,1058390392,0.13321872055530548,0.10274632275104523,0.5903263092041016,0.13633206486701965,0.18374207615852356,0.5560470819473267,0.10538609325885773,0.11701691895723343,2,551202,9,2,False,Right,Back,Centre,Left,69
<_io.BytesIO object at 0x0000018E001362C0>,4980736,9.183549615799121e-41,595591168.0,3.07330606119649e-06,1.8714837844887872e-28,-2.2048294567866833e-07,-174847552.0,-2.591103296595527e+20,3338166.25,15652,551202,9,2,False,Right,Back,Centre,Left,69
<_io.BytesIO object at 0x0000018E00136D10>,0,1.8367099231598242e-40,-1.910178320086217e-37,1.181611180305481,-5.093489198674738e+36,-6.359157350257755e-21,-610.9774780273438,-4.7909347882662366e-20,-5.733130471183505e+28,-16865,551202,9,2,False,Right,Back,Centre,Left,69
<_io.BytesIO object at 0x0000018E00150590>,1058449667,0.1320640742778778,0.11068761348724365,0.5935582518577576,0.13491854071617126,0.19170354306697845,0.559955894947052,0.10336890071630478,0.125407874584198,2,551203,9,2,False,Right,Back,Centre,Left,69
<_io.BytesIO object at 0x0000018E00150630>,4980736,9.183549615799121e-41,595591168.0,3.07330606119649e-06,1.8714837844887872e-28,-2.2048294567866833e-07,-174847552.0,-2.591103296595527e+20,3338166.25,15652,551203,9,2,False,Right,Back,Centre,Left,69
<_io.BytesIO object at 0x0000018E00150540>,0,1.8367099231598242e-40,-1.910178320086217e-37,1.181611180305481,-5.093489198674738e+36,-6.359157350257755e-21,-610.9774780273438,-4.7909347882662366e-20,-5.733130471183505e+28,-16865,551203,9,2,False,Right,Back,Centre,Left,69
<_io.BytesIO object at 0x0000018E00146540>,1058503036,0.13105379045009613,0.11840495467185974,0.5966143608093262,0.1335841566324234,0.1993720978498459,0.5637155771255493,0.10231420397758484,0.13322654366493225,2,551204,9,2,False,Right,Back,Centre,Left,69
<_io.BytesIO object at 0x0000018E00146E50>,4980736,9.183549615799121e-41,595591168.0,3.07330606119649e-06,1.8714837844887872e-28,-2.2048294567866833e-07,-174847552.0,-2.591103296595527e+20,3338166.25,15652,551204,9,2,False,Right,Back,Centre,Left,69
<_io.BytesIO object at 0x0000018E00146770>,0,1.8367099231598242e-40,-1.910178320086217e-37,1.181611180305481,-5.093489198674738e+36,-6.359157350257755e-21,-610.9774780273438,-4.7909347882662366e-20,-5.733130471183505e+28,-16865,551204,9,2,False,Right,Back,Centre,Left,69
<_io.BytesIO object at 0x0000018E0020B090>,1058555286,0.1301141083240509,0.12592840194702148,0.5992878079414368,0.13232101500034332,0.20675323903560638,0.5666623711585999,0.10130174458026886,0.14062558114528656,2,551205,9,2,False,Right,Back,Centre,Left,69
<_io.BytesIO object at 0x0000018E00193180>,4980736,9.183549615799121e-41,595591168.0,3.07330606119649e-06,1.8714837844887872e-28,-2.2048294567866833e-07,-174847552.0,-2.591103296595527e+20,3338166.25,15652,551205,9,2,False,Right,Back,Centre,Left,69
<_io.BytesIO object at 0x0000018E0020BC20>,0,1.8367099231598242e-40,-1.910178320086217e-37,1.181611180305481,-5.093489198674738e+36,-6.359157350257755e-21,-610.9774780273438,-4.7909347882662366e-20,-5.733130471183505e+28,-16865,551205,9,2,False,Right,Back,Centre,Left,69
<_io.BytesIO object at 0x0000018E00136450>,1058596511,0.12966711819171906,0.13316282629966736,0.6016553640365601,0.1309812366962433,0.21400155127048492,2.802596928649634e-45,1.064986832886861e-43,1.401298464324817e-45,19982,551206,9,2,False,Right,Back,Centre,Left,69
<_io.BytesIO object at 0x0000018E00136900>,911097599,1.8714837844887872e-28,-2.2048294567866833e-07,-174847552.0,-2.591103296595527e+20,3338166.25,2.1933123563612037e-41,0.0,2.802596928649634e-45,-32126,551206,9,2,False,Right,Back,Centre,Left,69
<_io.BytesIO object at 0x0000018E0014A270>,1058644387,0.12853001058101654,0.14045929908752441,0.6039078235626221,0.12978167831897736,0.22100576758384705,2.802596928649634e-45,1.064986832886861e-43,1.401298464324817e-45,19982,551207,9,2,False,Right,Back,Centre,Left,69
<_io.BytesIO object at 0x0000018E0014A220>,911097599,1.8714837844887872e-28,-2.2048294567866833e-07,-174847552.0,-2.591103296595527e+20,3338166.25,2.1933123563612037e-41,0.0,2.802596928649634e-45,-32126,551207,9,2,False,Right,Back,Centre,Left,69
<_io.BytesIO object at 0x0000018E0015E450>,1058687984,0.12789273262023926,0.14711208641529083,0.6061773300170898,0.12869001924991608,0.22775256633758545,2.802596928649634e-45,1.064986832886861e-43,1.401298464324817e-45,19982,551208,9,2,False,Right,Back,Centre,Left,69
<_io.BytesIO object at 0x0000018E0015E7C0>,911097599,1.8714837844887872e-28,-2.2048294567866833e-07,-174847552.0,-2.591103296595527e+20,3338166.25,2.1933123563612037e-41,0.0,2.802596928649634e-45,-32126,551208,9,2,False,Right,Back,Centre,Left,69
<_io.BytesIO object at 0x0000018E00193C70>,1058729208,0.12708164751529694,0.1535353809595108,0.6084739565849304,0.12782089412212372,0.2339637577533722,2.802596928649634e-45,1.064986832886861e-43,1.401298464324817e-45,19982,551209,9,2,False,Right,Back,Centre,Left,69
<_io.BytesIO object at 0x0000018E00193770>,911097599,1.8714837844887872e-28,-2.2048294567866833e-07,-174847552.0,-2.591103296595527e+20,3338166.25,2.1933123563612037e-41,0.0,2.802596928649634e-45,-32126,551209,9,2,False,Right,Back,Centre,Left,69
<_io.BytesIO object at 0x0000018E002093B0>,1058766359,0.12700612843036652,0.15931512415409088,0.610694944858551,0.12704144418239594,0.2400515079498291,2.802596928649634e-45,1.064986832886861e-43,1.401298464324817e-45,19982,551210,9,2,False,Right,Back,Centre,Left,69
<_io.BytesIO object at 0x0000018E002099F0>,911097599,1.8714837844887872e-28,-2.2048294567866833e-07,-174847552.0,-2.591103296595527e+20,3338166.25,2.1933123563612037e-41,0.0,2.802596928649634e-45,-32126,551210,9,2,False,Right,Back,Centre,Left,69
<_io.BytesIO object at 0x0000018E0006A0E0>,1058802147,0.1267707198858261,0.16488733887672424,0.6128386855125427,0.12640708684921265,0.24570134282112122,2.802596928649634e-45,1.064986832886861e-43,1.401298464324817e-45,19982,551211,9,2,False,Right,Back,Centre,Left,69
<_io.BytesIO object at 0x0000018E0006AD10>,911097599,1.8714837844887872e-28,-2.2048294567866833e-07,-174847552.0,-2.591103296595527e+20,3338166.25,2.1933123563612037e-41,0.0,2.802596928649634e-45,-32126,551211,9,2,False,Right,Back,Centre,Left,69
<_io.BytesIO object at 0x0000018E00150D10>,1058832300,0.1267283409833908,0.17008961737155914,0.6145896315574646,0.12605178356170654,0.2510479986667633,2.802596928649634e-45,1.064986832886861e-43,1.401298464324817e-45,19982,551212,9,2,False,Right,Back,Centre,Left,69
<_io.BytesIO object at 0x0000018E001503B0>,911097599,1.8714837844887872e-28,-2.2048294567866833e-07,-174847552.0,-2.591103296595527e+20,3338166.25,2.1933123563612037e-41,0.0,2.802596928649634e-45,-32126,551212,9,2,False,Right,Back,Centre,Left,69
<_io.BytesIO object at 0x0000018E00158EA0>,1058862164,0.1266644299030304,0.17516064643859863,0.6161105036735535,0.1257658153772354,0.2560986876487732,2.802596928649634e-45,1.064986832886861e-43,1.401298464324817e-45,19982,551213,9,2,False,Right,Back,Centre,Left,69
<_io.BytesIO object at 0x0000018E00158810>,911097599,1.8714837844887872e-28,-2.2048294567866833e-07,-174847552.0,-2.591103296595527e+20,3338166.25,2.1933123563612037e-41,0.0,2.802596928649634e-45,-32126,551213,9,2,False,Right,Back,Centre,Left,69
<_io.BytesIO object at 0x0000018E0020BC20>,1058889483,0.12677907943725586,0.1797688603401184,0.6173647046089172,0.12563176453113556,0.2607114315032959,2.802596928649634e-45,1.064986832886861e-43,1.401298464324817e-45,19982,551214,9,2,False,Right,Back,Centre,Left,69
<_io.BytesIO object at 0x0000018E0020B9F0>,911097599,1.8714837844887872e-28,-2.2048294567866833e-07,-174847552.0,-2.591103296595527e+20,3338166.25,2.1933123563612037e-41,0.0,2.802596928649634e-45,-32126,551214,9,2,False,Right,Back,Centre,Left,69
<_io.BytesIO object at 0x0000018E0015C180>,1058913196,0.12701545655727386,0.18410037457942963,0.6182498335838318,0.1255955994129181,0.2650511562824249,2.802596928649634e-45,1.064986832886861e-43,1.401298464324817e-45,19982,551215,9,2,False,Right,Back,Centre,Left,69
<_io.BytesIO object at 0x0000018E0015CF40>,911097599,1.8714837844887872e-28,-2.2048294567866833e-07,-174847552.0,-2.591103296595527e+20,3338166.25,2.1933123563612037e-41,0.0,2.802596928649634e-45,-32126,551215,9,2,False,Right,Back,Centre,Left,69
<_io.BytesIO object at 0x0000018E0014F270>,1058933847,0.12731662392616272,0.18825288116931915,0.6192100644111633,0.1255808025598526,0.26914289593696594,2.802596928649634e-45,1.064986832886861e-43,1.401298464324817e-45,19982,551216,9,2,False,Right,Back,Centre,Left,69
<_io.BytesIO object at 0x0000018E0014FA90>,911097599,1.8714837844887872e-28,-2.2048294567866833e-07,-174847552.0,-2.591103296595527e+20,3338166.25,2.1933123563612037e-41,0.0,2.802596928649634e-45,-32126,551216,9,2,False,Right,Back,Centre,Left,69
<_io.BytesIO object at 0x0000018E00203860>,1058950506,0.12778042256832123,0.19200754165649414,0.6200489401817322,0.12533602118492126,0.27313852310180664,2.802596928649634e-45,1.064986832886861e-43,1.401298464324817e-45,19982,551217,9,2,False,Right,Back,Centre,Left,69
<_io.BytesIO object at 0x0000018E00203CC0>,911097599,1.8714837844887872e-28,-2.2048294567866833e-07,-174847552.0,-2.591103296595527e+20,3338166.25,2.1933123563612037e-41,0.0,2.802596928649634e-45,-32126,551217,9,2,False,Right,Back,Centre,Left,69
<_io.BytesIO object at 0x0000018E002AC630>,1058966895,0.12814320623874664,0.19552354514598846,0.6206740736961365,0.1254747360944748,0.27670615911483765,2.802596928649634e-45,1.064986832886861e-43,1.401298464324817e-45,19982,551218,9,2,False,Right,Back,Centre,Left,69
<_io.BytesIO object at 0x0000018E002097C0>,911097599,1.8714837844887872e-28,-2.2048294567866833e-07,-174847552.0,-2.591103296595527e+20,3338166.25,2.1933123563612037e-41,0.0,2.802596928649634e-45,-32126,551218,9,2,False,Right,Back,Centre,Left,69
<_io.BytesIO object at 0x0000018E0014FE00>,1058978523,0.12861895561218262,0.19875411689281464,0.621335506439209,0.12601734697818756,0.27977219223976135,2.802596928649634e-45,1.064986832886861e-43,1.401298464324817e-45,19982,551219,9,2,False,Right,Back,Centre,Left,69
<_io.BytesIO object at 0x0000018E0006A540>,911097599,1.8714837844887872e-28,-2.2048294567866833e-07,-174847552.0,-2.591103296595527e+20,3338166.25,2.1933123563612037e-41,0.0,2.802596928649634e-45,-32126,551219,9,2,False,Right,Back,Centre,Left,69
<_io.BytesIO object at 0x0000018E00193360>,1058988166,0.12907961010932922,0.20178183913230896,0.6219503879547119,0.1263533979654312,0.2826697826385498,2.802596928649634e-45,1.064986832886861e-43,1.401298464324817e-45,19982,551220,9,2,False,Right,Back,Centre,Left,69
<_io.BytesIO object at 0x0000018E00193130>,911097599,1.8714837844887872e-28,-2.2048294567866833e-07,-174847552.0,-2.591103296595527e+20,3338166.25,2.1933123563612037e-41,0.0,2.802596928649634e-45,-32126,551220,9,2,False,Right,Back,Centre,Left,69
<_io.BytesIO object at 0x0000018E00136F40>,1058994655,0.12957845628261566,0.20455299317836761,0.6225329041481018,0.12686190009117126,0.28539374470710754,2.802596928649634e-45,1.064986832886861e-43,1.401298464324817e-45,19982,551221,9,2,False,Right,Back,Centre,Left,69
<_io.BytesIO object at 0x0000018E00136900>,911097599,1.8714837844887872e-28,-2.2048294567866833e-07,-174847552.0,-2.591103296595527e+20,3338166.25,2.1933123563612037e-41,0.0,2.802596928649634e-45,-32126,551221,9,2,False,Right,Back,Centre,Left,69
<_io.BytesIO object at 0x0000018E0014AB80>,1059001995,0.13000354170799255,0.20700344443321228,0.6227558255195618,0.12730665504932404,0.2879583239555359,2.802596928649634e-45,1.064986832886861e-43,1.401298464324817e-45,19982,551222,9,2,False,Right,Back,Centre,Left,69
<_io.BytesIO object at 0x0000018E0014A5E0>,911097599,1.8714837844887872e-28,-2.2048294567866833e-07,-174847552.0,-2.591103296595527e+20,3338166.25,2.1933123563612037e-41,0.0,2.802596928649634e-45,-32126,551222,9,2,False,Right,Back,Centre,Left,69
<_io.BytesIO object at 0x0000018E0006A860>,1059005247,0.1304740607738495,0.2093934863805771,0.6229001879692078,0.12737621366977692,0.2906983196735382,2.802596928649634e-45,1.064986832886861e-43,1.401298464324817e-45,19982,551223,9,2,False,Right,Back,Centre,Left,69
<_io.BytesIO object at 0x0000018E0006A7C0>,911097599,1.8714837844887872e-28,-2.2048294567866833e-07,-174847552.0,-2.591103296595527e+20,3338166.25,2.1933123563612037e-41,0.0,2.802596928649634e-45,-32126,551223,9,2,False,Right,Back,Centre,Left,69
<_io.BytesIO object at 0x0000018E00209AE0>,1059006835,0.13098354637622833,0.21150124073028564,0.6226145029067993,0.1278694123029709,0.2929175794124603,2.802596928649634e-45,1.064986832886861e-43,1.401298464324817e-45,19982,551224,9,2,False,Right,Back,Centre,Left,69
<_io.BytesIO object at 0x0000018E00209130>,911097599,1.8714837844887872e-28,-2.2048294567866833e-07,-174847552.0,-2.591103296595527e+20,3338166.25,2.1933123563612037e-41,0.0,2.802596928649634e-45,-32126,551224,9,2,False,Right,Back,Centre,Left,69
<_io.BytesIO object at 0x0000018E0020BDB0>,1059004254,0.13150961697101593,0.2135830968618393,0.6222553253173828,0.12853440642356873,0.2947811484336853,2.802596928649634e-45,1.064986832886861e-43,1.401298464324817e-45,19982,551225,9,2,False,Right,Back,Centre,Left,69
<_io.BytesIO object at 0x0000018E0020B900>,911097599,1.8714837844887872e-28,-2.2048294567866833e-07,-174847552.0,-2.591103296595527e+20,3338166.25,2.1933123563612037e-41,0.0,2.802596928649634e-45,-32126,551225,9,2,False,Right,Back,Centre,Left,69
<_io.BytesIO object at 0x0000018E00203950>,1059002632,0.13204172253608704,0.21544870734214783,0.6215130686759949,0.12914785742759705,0.2966366410255432,2.802596928649634e-45,1.064986832886861e-43,1.401298464324817e-45,19982,551226,9,2,False,Right,Back,Centre,Left,69
<_io.BytesIO object at 0x0000018E002037C0>,911097599,1.8714837844887872e-28,-2.2048294567866833e-07,-174847552.0,-2.591103296595527e+20,3338166.25,2.1933123563612037e-41,0.0,2.802596928649634e-45,-32126,551226,9,2,False,Right,Back,Centre,Left,69
<_io.BytesIO object at 0x0000018E002AC540>,1058996224,0.13263630867004395,0.217139333486557,0.6208379864692688,0.1297169178724289,0.29840168356895447,0.7983811497688293,-0.11335323005914688,-0.24283988773822784,2,551227,9,2,False,Right,Back,Centre,Left,69
<_io.BytesIO object at 0x0000018E002AC220>,4980736,9.183549615799121e-41,595591168.0,3.07330606119649e-06,1.8714837844887872e-28,-2.2048294567866833e-07,-174847552.0,-2.591103296595527e+20,3338166.25,15652,551227,9,2,False,Right,Back,Centre,Left,69
<_io.BytesIO object at 0x0000018E002AC400>,0,1.8367099231598242e-40,-1.910178320086217e-37,1.181611180305481,-5.093489198674738e+36,-6.359157350257755e-21,-610.9774780273438,-4.7909347882662366e-20,-5.733130471183505e+28,-16865,551227,9,2,False,Right,Back,Centre,Left,69
<_io.BytesIO object at 0x0000018E0014F040>,1058986781,0.13324597477912903,0.2188299596309662,0.619855523109436,0.13045956194400787,0.29995131492614746,0.79850172996521,-0.11364101618528366,-0.2446083277463913,2,551228,9,2,False,Right,Back,Centre,Left,69
<_io.BytesIO object at 0x0000018E0014F9F0>,4980736,9.183549615799121e-41,595591168.0,3.07330606119649e-06,1.8714837844887872e-28,-2.2048294567866833e-07,-174847552.0,-2.591103296595527e+20,3338166.25,15652,551228,9,2,False,Right,Back,Centre,Left,69
<_io.BytesIO object at 0x0000018E0014F9A0>,0,1.8367099231598242e-40,-1.910178320086217e-37,1.181611180305481,-5.093489198674738e+36,-6.359157350257755e-21,-610.9774780273438,-4.7909347882662366e-20,-5.733130471183505e+28,-16865,551228,9,2,False,Right,Back,Centre,Left,69
<_io.BytesIO object at 0x0000018E0015C810>,1058974994,0.13395610451698303,0.2202828824520111,0.6188005208969116,0.1311686784029007,0.30156874656677246,0.7986077666282654,-0.11400222778320312,-0.24632009863853455,2,551229,9,2,False,Right,Back,Centre,Left,69
<_io.BytesIO object at 0x0000018E0015CD60>,4980736,9.183549615799121e-41,595591168.0,3.07330606119649e-06,1.8714837844887872e-28,-2.2048294567866833e-07,-174847552.0,-2.591103296595527e+20,3338166.25,15652,551229,9,2,False,Right,Back,Centre,Left,69
<_io.BytesIO object at 0x0000018E0015C040>,0,1.8367099231598242e-40,-1.910178320086217e-37,1.181611180305481,-5.093489198674738e+36,-6.359157350257755e-21,-610.9774780273438,-4.7909347882662366e-20,-5.733130471183505e+28,-16865,551229,9,2,False,Right,Back,Centre,Left,69
<_io.BytesIO object at 0x0000018E0022EC70>,1058961862,0.13464821875095367,0.22159436345100403,0.6175934076309204,0.13189202547073364,0.3029087483882904,0.7986852526664734,-0.11403770744800568,-0.24792860448360443,2,551230,9,2,False,Right,Back,Centre,Left,69
<_io.BytesIO object at 0x0000018E0022E720>,4980736,9.183549615799121e-41,595591168.0,3.07330606119649e-06,1.8714837844887872e-28,-2.2048294567866833e-07,-174847552.0,-2.591103296595527e+20,3338166.25,15652,551230,9,2,False,Right,Back,Centre,Left,69
<_io.BytesIO object at 0x0000018E0022E400>,0,1.8367099231598242e-40,-1.910178320086217e-37,1.181611180305481,-5.093489198674738e+36,-6.359157350257755e-21,-610.9774780273438,-4.7909347882662366e-20,-5.733130471183505e+28,-16865,551230,9,2,False,Right,Back,Centre,Left,69
<_io.BytesIO object at 0x0000018E00193BD0>,1058944811,0.13535866141319275,0.22278957068920135,0.6161964535713196,0.13263040781021118,0.3042050004005432,0.7988085746765137,-0.11430345475673676,-0.24954348802566528,2,551231,9,2,False,Right,Back,Centre,Left,69
<_io.BytesIO object at 0x0000018E0015C8B0>,4980736,9.183549615799121e-41,595591168.0,3.07330606119649e-06,1.8714837844887872e-28,-2.2048294567866833e-07,-174847552.0,-2.591103296595527e+20,3338166.25,15652,551231,9,2,False,Right,Back,Centre,Left,69
<_io.BytesIO object at 0x0000018E00193400>,0,1.8367099231598242e-40,-1.910178320086217e-37,1.181611180305481,-5.093489198674738e+36,-6.359157350257755e-21,-610.9774780273438,-4.7909347882662366e-20,-5.733130471183505e+28,-16865,551231,9,2,False,Right,Back,Centre,Left,69
<_io.BytesIO object at 0x0000018E0006A770>,1058924877,0.13615000247955322,0.2239847183227539,0.6147665977478027,0.13338564336299896,0.3053775131702423,0.7988754510879517,-0.11439330130815506,-0.2510393559932709,2,551232,9,2,False,Right,Back,Centre,Left,69
<_io.BytesIO object at 0x0000018E0006A950>,4980736,9.183549615799121e-41,595591168.0,3.07330606119649e-06,1.8714837844887872e-28,-2.2048294567866833e-07,-174847552.0,-2.591103296595527e+20,3338166.25,15652,551232,9,2,False,Right,Back,Centre,Left,69
<_io.BytesIO object at 0x0000018E0006AD60>,0,1.8367099231598242e-40,-1.910178320086217e-37,1.181611180305481,-5.093489198674738e+36,-6.359157350257755e-21,-610.9774780273438,-4.7909347882662366e-20,-5.733130471183505e+28,-16865,551232,9,2,False,Right,Back,Centre,Left,69
<_io.BytesIO object at 0x0000018E002098B0>,1058905693,0.13690391182899475,0.22499093413352966,0.6132396459579468,0.13408808410167694,0.3064126968383789,0.7991304397583008,-0.11425592005252838,-0.25244611501693726,2,551233,9,2,False,Right,Back,Centre,Left,69
<_io.BytesIO object at 0x0000018E00209A40>,4980736,9.183549615799121e-41,595591168.0,3.07330606119649e-06,1.8714837844887872e-28,-2.2048294567866833e-07,-174847552.0,-2.591103296595527e+20,3338166.25,15652,551233,9,2,False,Right,Back,Centre,Left,69
<_io.BytesIO object at 0x0000018E002094F0>,0,1.8367099231598242e-40,-1.910178320086217e-37,1.181611180305481,-5.093489198674738e+36,-6.359157350257755e-21,-610.9774780273438,-4.7909347882662366e-20,-5.733130471183505e+28,-16865,551233,9,2,False,Right,Back,Centre,Left,69
<_io.BytesIO object at 0x0000018E00203F40>,1058884645,0.1376369297504425,0.22593209147453308,0.611563503742218,0.13481013476848602,0.307344526052475,0.7992896437644958,-0.11425962299108505,-0.2538401186466217,2,551234,9,2,False,Right,Back,Centre,Left,69
<_io.BytesIO object at 0x0000018E00203BD0>,4980736,9.183549615799121e-41,595591168.0,3.07330606119649e-06,1.8714837844887872e-28,-2.2048294567866833e-07,-174847552.0,-2.591103296595527e+20,3338166.25,15652,551234,9,2,False,Right,Back,Centre,Left,69
<_io.BytesIO object at 0x0000018E0020B810>,0,1.8367099231598242e-40,-1.910178320086217e-37,1.181611180305481,-5.093489198674738e+36,-6.359157350257755e-21,-610.9774780273438,-4.7909347882662366e-20,-5.733130471183505e+28,-16865,551234,9,2,False,Right,Back,Centre,Left,69
<_io.BytesIO object at 0x0000018E0020BA90>,1058861807,0.13836240768432617,0.22685299813747406,0.609619140625,0.13554155826568604,0.30827566981315613,0.7993976473808289,-0.1141401082277298,-0.25509998202323914,2,551235,9,2,False,Right,Back,Centre,Left,69
<_io.BytesIO object at 0x0000018E0020BEA0>,4980736,9.183549615799121e-41,595591168.0,3.07330606119649e-06,1.8714837844887872e-28,-2.2048294567866833e-07,-174847552.0,-2.591103296595527e+20,3338166.25,15652,551235,9,2,False,Right,Back,Centre,Left,69
<_io.BytesIO object at 0x0000018E0020B7C0>,0,1.8367099231598242e-40,-1.910178320086217e-37,1.181611180305481,-5.093489198674738e+36,-6.359157350257755e-21,-610.9774780273438,-4.7909347882662366e-20,-5.733130471183505e+28,-16865,551235,9,2,False,Right,Back,Centre,Left,69
<_io.BytesIO object at 0x0000018E00158680>,1058837652,0.13905516266822815,0.22775478661060333,0.6076123714447021,0.13625742495059967,0.30919983983039856,0.799646258354187,-0.11402060091495514,-0.25629907846450806,2,551236,9,2,False,Right,Back,Centre,Left,69
<_io.BytesIO object at 0x0000018E00158450>,4980736,9.183549615799121e-41,595591168.0,3.07330606119649e-06,1.8714837844887872e-28,-2.2048294567866833e-07,-174847552.0,-2.591103296595527e+20,3338166.25,15652,551236,9,2,False,Right,Back,Centre,Left,69
<_io.BytesIO object at 0x0000018E00158860>,0,1.8367099231598242e-40,-1.910178320086217e-37,1.181611180305481,-5.093489198674738e+36,-6.359157350257755e-21,-610.9774780273438,-4.7909347882662366e-20,-5.733130471183505e+28,-16865,551236,9,2,False,Right,Back,Centre,Left,69
<_io.BytesIO object at 0x0000018E00150400>,1058810489,0.13978183269500732,0.22856351733207703,0.6055253744125366,0.13683034479618073,0.3101195693016052,0.7998284697532654,-0.1138710305094719,-0.25729578733444214,2,551237,9,2,False,Right,Back,Centre,Left,69
<_io.BytesIO object at 0x0000018E001502C0>,4980736,9.183549615799121e-41,595591168.0,3.07330606119649e-06,1.8714837844887872e-28,-2.2048294567866833e-07,-174847552.0,-2.591103296595527e+20,3338166.25,15652,551237,9,2,False,Right,Back,Centre,Left,69
<_io.BytesIO object at 0x0000018E00150540>,0,1.8367099231598242e-40,-1.910178320086217e-37,1.181611180305481,-5.093489198674738e+36,-6.359157350257755e-21,-610.9774780273438,-4.7909347882662366e-20,-5.733130471183505e+28,-16865,551237,9,2,False,Right,Back,Centre,Left,69
<_io.BytesIO object at 0x0000018E0006A400>,1058784112,0.14042724668979645,0.22945423424243927,0.603581428527832,0.13756968080997467,0.31105026602745056,0.7999697923660278,-0.11366646736860275,-0.2583361864089966,2,551238,9,2,False,Right,Back,Centre,Left,69
<_io.BytesIO object at 0x0000018E00193BD0>,4980736,9.183549615799121e-41,595591168.0,3.07330606119649e-06,1.8714837844887872e-28,-2.2048294567866833e-07,-174847552.0,-2.591103296595527e+20,3338166.25,15652,551238,9,2,False,Right,Back,Centre,Left,69
<_io.BytesIO object at 0x0000018E0006A450>,0,1.8367099231598242e-40,-1.910178320086217e-37,1.181611180305481,-5.093489198674738e+36,-6.359157350257755e-21,-610.9774780273438,-4.7909347882662366e-20,-5.733130471183505e+28,-16865,551238,9,2,False,Right,Back,Centre,Left,69
<_io.BytesIO object at 0x0000018E00136090>,1058757750,0.14109183847904205,0.23026059567928314,0.6016296744346619,0.13795746862888336,0.31205859780311584,0.800192654132843,-0.11340565979480743,-0.2591809034347534,2,551239,9,2,False,Right,Back,Centre,Left,69
<_io.BytesIO object at 0x0000018E00136950>,4980736,9.183549615799121e-41,595591168.0,3.07330606119649e-06,1.8714837844887872e-28,-2.2048294567866833e-07,-174847552.0,-2.591103296595527e+20,3338166.25,15652,551239,9,2,False,Right,Back,Centre,Left,69
<_io.BytesIO object at 0x0000018E001361D0>,0,1.8367099231598242e-40,-1.910178320086217e-37,1.181611180305481,-5.093489198674738e+36,-6.359157350257755e-21,-610.9774780273438,-4.7909347882662366e-20,-5.733130471183505e+28,-16865,551239,9,2,False,Right,Back,Centre,Left,69
<_io.BytesIO object at 0x0000018E0015C950>,1058730123,0.14172156155109406,0.23104409873485565,0.5994097590446472,0.1384575366973877,0.31265974044799805,0.8003157377243042,-0.11325683444738388,-0.2599361836910248,2,551240,9,2,False,Right,Back,Centre,Left,69
<_io.BytesIO object at 0x0000018E0015CE50>,4980736,9.183549615799121e-41,595591168.0,3.07330606119649e-06,1.8714837844887872e-28,-2.2048294567866833e-07,-174847552.0,-2.591103296595527e+20,3338166.25,15652,551240,9,2,False,Right,Back,Centre,Left,69
<_io.BytesIO object at 0x0000018E0015C8B0>,0,1.8367099231598242e-40,-1.910178320086217e-37,1.181611180305481,-5.093489198674738e+36,-6.359157350257755e-21,-610.9774780273438,-4.7909347882662366e-20,-5.733130471183505e+28,-16865,551240,9,2,False,Right,Back,Centre,Left,69
<_io.BytesIO object at 0x0000018E0015EB80>,1058700021,0.14233998954296112,0.23183152079582214,0.5974646806716919,0.1388658732175827,0.3134455382823944,0.8005736470222473,-0.11304309964179993,-0.2605915665626526,2,551241,9,2,False,Right,Back,Centre,Left,69
<_io.BytesIO object at 0x0000018E0015E3B0>,4980736,9.183549615799121e-41,595591168.0,3.07330606119649e-06,1.8714837844887872e-28,-2.2048294567866833e-07,-174847552.0,-2.591103296595527e+20,3338166.25,15652,551241,9,2,False,Right,Back,Centre,Left,69
<_io.BytesIO object at 0x0000018E0014FD10>,0,1.8367099231598242e-40,-1.910178320086217e-37,1.181611180305481,-5.093489198674738e+36,-6.359157350257755e-21,-610.9774780273438,-4.7909347882662366e-20,-5.733130471183505e+28,-16865,551241,9,2,False,Right,Back,Centre,Left,69
<_io.BytesIO object at 0x0000018E00209360>,1058672477,0.1428997665643692,0.23257692158222198,0.5952728986740112,0.13931235671043396,0.31396961212158203,0.8008564710617065,-0.11273187398910522,-0.26110073924064636,2,551242,9,2,False,Right,Back,Centre,Left,69
<_io.BytesIO object at 0x0000018E002AC0E0>,4980736,9.183549615799121e-41,595591168.0,3.07330606119649e-06,1.8714837844887872e-28,-2.2048294567866833e-07,-174847552.0,-2.591103296595527e+20,3338166.25,15652,551242,9,2,False,Right,Back,Centre,Left,69
<_io.BytesIO object at 0x0000018E00209040>,0,1.8367099231598242e-40,-1.910178320086217e-37,1.181611180305481,-5.093489198674738e+36,-6.359157350257755e-21,-610.9774780273438,-4.7909347882662366e-20,-5.733130471183505e+28,-16865,551242,9,2,False,Right,Back,Centre,Left,69
<_io.BytesIO object at 0x0000018E00203D60>,1058643701,0.14339874684810638,0.2331705540418625,0.5933154225349426,0.13961005210876465,0.3147200644016266,0.8010172247886658,-0.11252175271511078,-0.26148611307144165,2,551243,9,2,False,Right,Back,Centre,Left,69
<_io.BytesIO object at 0x0000018E00203950>,4980736,9.183549615799121e-41,595591168.0,3.07330606119649e-06,1.8714837844887872e-28,-2.2048294567866833e-07,-174847552.0,-2.591103296595527e+20,3338166.25,15652,551243,9,2,False,Right,Back,Centre,Left,69
<_io.BytesIO object at 0x0000018E00203680>,0,1.8367099231598242e-40,-1.910178320086217e-37,1.181611180305481,-5.093489198674738e+36,-6.359157350257755e-21,-610.9774780273438,-4.7909347882662366e-20,-5.733130471183505e+28,-16865,551243,9,2,False,Right,Back,Centre,Left,69
<_io.BytesIO object at 0x0000018E0022E1D0>,1058615076,0.14386525750160217,0.23372136056423187,0.5911919474601746,0.13991573452949524,0.31518417596817017,0.8012545704841614,-0.11229133605957031,-0.2617201805114746,2,551244,9,2,False,Right,Back,Centre,Left,69
<_io.BytesIO object at 0x0000018E782C57C0>,4980736,9.183549615799121e-41,595591168.0,3.07330606119649e-06,1.8714837844887872e-28,-2.2048294567866833e-07,-174847552.0,-2.591103296595527e+20,3338166.25,15652,551244,9,2,False,Right,Back,Centre,Left,69
<_io.BytesIO object at 0x0000018E0022E360>,0,1.8367099231598242e-40,-1.910178320086217e-37,1.181611180305481,-5.093489198674738e+36,-6.359157350257755e-21,-610.9774780273438,-4.7909347882662366e-20,-5.733130471183505e+28,-16865,551244,9,2,False,Right,Back,Centre,Left,69
<_io.BytesIO object at 0x0000018E00146540>,1058587963,0.14429867267608643,0.23430141806602478,0.5893102288246155,0.14008493721485138,0.31589382886886597,0.8015387654304504,-0.1120210513472557,-0.2618427872657776,2,551245,9,2,False,Right,Back,Centre,Left,69
<_io.BytesIO object at 0x0000018E00146E00>,4980736,9.183549615799121e-41,595591168.0,3.07330606119649e-06,1.8714837844887872e-28,-2.2048294567866833e-07,-174847552.0,-2.591103296595527e+20,3338166.25,15652,551245,9,2,False,Right,Back,Centre,Left,69
<_io.BytesIO object at 0x0000018E00146C20>,0,1.8367099231598242e-40,-1.910178320086217e-37,1.181611180305481,-5.093489198674738e+36,-6.359157350257755e-21,-610.9774780273438,-4.7909347882662366e-20,-5.733130471183505e+28,-16865,551245,9,2,False,Right,Back,Centre,Left,69
<_io.BytesIO object at 0x0000018E00150D10>,1058560350,0.14470191299915314,0.23466579616069794,0.5874102115631104,0.1403314769268036,0.31638583540916443,0.8018023371696472,-0.11174844950437546,-0.26186615228652954,2,551246,9,2,False,Right,Back,Centre,Left,69
<_io.BytesIO object at 0x0000018E002AC950>,4980736,9.183549615799121e-41,595591168.0,3.07330606119649e-06,1.8714837844887872e-28,-2.2048294567866833e-07,-174847552.0,-2.591103296595527e+20,3338166.25,15652,551246,9,2,False,Right,Back,Centre,Left,69
<_io.BytesIO object at 0x0000018E00150860>,0,1.8367099231598242e-40,-1.910178320086217e-37,1.181611180305481,-5.093489198674738e+36,-6.359157350257755e-21,-610.9774780273438,-4.7909347882662366e-20,-5.733130471183505e+28,-16865,551246,9,2,False,Right,Back,Centre,Left,69
<_io.BytesIO object at 0x0000018E00193B80>,1058535980,0.1450308859348297,0.23523665964603424,0.5855150818824768,0.14050468802452087,0.3170333802700043,0.8021584153175354,-0.11143116652965546,-0.26167669892311096,2,551247,9,2,False,Right,Back,Centre,Left,69
<_io.BytesIO object at 0x0000018E00193B30>,4980736,9.183549615799121e-41,595591168.0,3.07330606119649e-06,1.8714837844887872e-28,-2.2048294567866833e-07,-174847552.0,-2.591103296595527e+20,3338166.25,15652,551247,9,2,False,Right,Back,Centre,Left,69
<_io.BytesIO object at 0x0000018E001936D0>,0,1.8367099231598242e-40,-1.910178320086217e-37,1.181611180305481,-5.093489198674738e+36,-6.359157350257755e-21,-610.9774780273438,-4.7909347882662366e-20,-5.733130471183505e+28,-16865,551247,9,2,False,Right,Back,Centre,Left,69
<_io.BytesIO object at 0x0000018E0014ADB0>,1058509199,0.14531204104423523,0.2357184737920761,0.5834998488426208,0.14086242020130157,0.31742000579833984,0.8024620413780212,-0.11114130169153214,-0.2613726556301117,2,551248,9,2,False,Right,Back,Centre,Left,69
<_io.BytesIO object at 0x0000018E0014AC20>,4980736,9.183549615799121e-41,595591168.0,3.07330606119649e-06,1.8714837844887872e-28,-2.2048294567866833e-07,-174847552.0,-2.591103296595527e+20,3338166.25,15652,551248,9,2,False,Right,Back,Centre,Left,69
<_io.BytesIO object at 0x0000018E0014AAE0>,0,1.8367099231598242e-40,-1.910178320086217e-37,1.181611180305481,-5.093489198674738e+36,-6.359157350257755e-21,-610.9774780273438,-4.7909347882662366e-20,-5.733130471183505e+28,-16865,551248,9,2,False,Right,Back,Centre,Left,69
<_io.BytesIO object at 0x0000018E0006AF90>,1058481959,0.14557944238185883,0.23615455627441406,0.5816108584403992,0.14101764559745789,0.31790050864219666,0.8027397394180298,-0.11091296374797821,-0.2609916925430298,2,551249,9,2,False,Right,Back,Centre,Left,69
<_io.BytesIO object at 0x0000018E0006A720>,4980736,9.183549615799121e-41,595591168.0,3.07330606119649e-06,1.8714837844887872e-28,-2.2048294567866833e-07,-174847552.0,-2.591103296595527e+20,3338166.25,15652,551249,9,2,False,Right,Back,Centre,Left,69
<_io.BytesIO object at 0x0000018E0006A9F0>,0,1.8367099231598242e-40,-1.910178320086217e-37,1.181611180305481,-5.093489198674738e+36,-6.359157350257755e-21,-610.9774780273438,-4.7909347882662366e-20,-5.733130471183505e+28,-16865,551249,9,2,False,Right,Back,Centre,Left,69
<_io.BytesIO object at 0x0000018E0014F1D0>,1058457211,0.14577727019786835,0.23660054802894592,0.5796000957489014,0.14122438430786133,0.31822654604911804,0.8030526638031006,-0.11057446151971817,-0.26044419407844543,2,551250,9,2,False,Right,Back,Centre,Left,69
<_io.BytesIO object at 0x0000018E0014F9F0>,4980736,9.183549615799121e-41,595591168.0,3.07330606119649e-06,1.8714837844887872e-28,-2.2048294567866833e-07,-174847552.0,-2.591103296595527e+20,3338166.25,15652,551250,9,2,False,Right,Back,Centre,Left,69
<_io.BytesIO object at 0x0000018E0014F720>,0,1.8367099231598242e-40,-1.910178320086217e-37,1.181611180305481,-5.093489198674738e+36,-6.359157350257755e-21,-610.9774780273438,-4.7909347882662366e-20,-5.733130471183505e+28,-16865,551250,9,2,False,Right,Back,Centre,Left,69
<_io.BytesIO object at 0x0000018E00209130>,1058429184,0.14596888422966003,0.23695622384548187,0.577723503112793,0.14122919738292694,0.31866490840911865,0.8033722043037415,-0.11021355539560318,-0.2597915828227997,2,551251,9,2,False,Right,Back,Centre,Left,69
<_io.BytesIO object at 0x0000018E00209A90>,4980736,9.183549615799121e-41,595591168.0,3.07330606119649e-06,1.8714837844887872e-28,-2.2048294567866833e-07,-174847552.0,-2.591103296595527e+20,3338166.25,15652,551251,9,2,False,Right,Back,Centre,Left,69
<_io.BytesIO object at 0x0000018E002090E0>,0,1.8367099231598242e-40,-1.910178320086217e-37,1.181611180305481,-5.093489198674738e+36,-6.359157350257755e-21,-610.9774780273438,-4.7909347882662366e-20,-5.733130471183505e+28,-16865,551251,9,2,False,Right,Back,Centre,Left,69
<_io.BytesIO object at 0x0000018E00146BD0>,1058402027,0.14608407020568848,0.23741817474365234,0.5755839943885803,0.14124815165996552,0.319100022315979,0.8036074042320251,-0.10987837612628937,-0.259066641330719,2,551252,9,2,False,Right,Back,Centre,Left,69
<_io.BytesIO object at 0x0000018E0020BCC0>,4980736,9.183549615799121e-41,595591168.0,3.07330606119649e-06,1.8714837844887872e-28,-2.2048294567866833e-07,-174847552.0,-2.591103296595527e+20,3338166.25,15652,551252,9,2,False,Right,Back,Centre,Left,69
<_io.BytesIO object at 0x0000018E001468B0>,0,1.8367099231598242e-40,-1.910178320086217e-37,1.181611180305481,-5.093489198674738e+36,-6.359157350257755e-21,-610.9774780273438,-4.7909347882662366e-20,-5.733130471183505e+28,-16865,551252,9,2,False,Right,Back,Centre,Left,69
<_io.BytesIO object at 0x0000018E00136810>,1058372264,0.14617511630058289,0.23774473369121552,0.5734503865242004,0.14101333916187286,0.31938743591308594,0.8039173483848572,-0.10947318375110626,-0.258232980966568,2,551253,9,2,False,Right,Back,Centre,Left,69
<_io.BytesIO object at 0x0000018E00136DB0>,4980736,9.183549615799121e-41,595591168.0,3.07330606119649e-06,1.8714837844887872e-28,-2.2048294567866833e-07,-174847552.0,-2.591103296595527e+20,3338166.25,15652,551253,9,2,False,Right,Back,Centre,Left,69
<_io.BytesIO object at 0x0000018E00136310>,0,1.8367099231598242e-40,-1.910178320086217e-37,1.181611180305481,-5.093489198674738e+36,-6.359157350257755e-21,-610.9774780273438,-4.7909347882662366e-20,-5.733130471183505e+28,-16865,551253,9,2,False,Right,Back,Centre,Left,69
<_io.BytesIO object at 0x0000018E0020B540>,1058341470,0.14620840549468994,0.23829296231269836,0.5712716579437256,0.14081262052059174,0.31980085372924805,0.8042716383934021,-0.10896606743335724,-0.2572828531265259,2,551254,9,2,False,Right,Back,Centre,Left,69
<_io.BytesIO object at 0x0000018E0020B810>,4980736,9.183549615799121e-41,595591168.0,3.07330606119649e-06,1.8714837844887872e-28,-2.2048294567866833e-07,-174847552.0,-2.591103296595527e+20,3338166.25,15652,551254,9,2,False,Right,Back,Centre,Left,69
<_io.BytesIO object at 0x0000018E0020B7C0>,0,1.8367099231598242e-40,-1.910178320086217e-37,1.181611180305481,-5.093489198674738e+36,-6.359157350257755e-21,-610.9774780273438,-4.7909347882662366e-20,-5.733130471183505e+28,-16865,551254,9,2,False,Right,Back,Centre,Left,69
<_io.BytesIO object at 0x0000018E002AC310>,1058309323,0.14634336531162262,0.2385786473751068,0.5689563751220703,0.14055240154266357,0.32013073563575745,0.8045453429222107,-0.10852503031492233,-0.25636008381843567,2,551255,9,2,False,Right,Back,Centre,Left,69
<_io.BytesIO object at 0x0000018E002AC630>,4980736,9.183549615799121e-41,595591168.0,3.07330606119649e-06,1.8714837844887872e-28,-2.2048294567866833e-07,-174847552.0,-2.591103296595527e+20,3338166.25,15652,551255,9,2,False,Right,Back,Centre,Left,69
<_io.BytesIO object at 0x0000018E002ACD10>,0,1.8367099231598242e-40,-1.910178320086217e-37,1.181611180305481,-5.093489198674738e+36,-6.359157350257755e-21,-610.9774780273438,-4.7909347882662366e-20,-5.733130471183505e+28,-16865,551255,9,2,False,Right,Back,Centre,Left,69
<_io.BytesIO object at 0x0000018E0015EDB0>,1058278338,0.14632417261600494,0.23906643688678741,0.5666425228118896,0.14018113911151886,0.32044512033462524,0.804853081703186,-0.10802628844976425,-0.255219966173172,2,551256,9,2,False,Right,Back,Centre,Left,69
<_io.BytesIO object at 0x0000018E0015E590>,4980736,9.183549615799121e-41,595591168.0,3.07330606119649e-06,1.8714837844887872e-28,-2.2048294567866833e-07,-174847552.0,-2.591103296595527e+20,3338166.25,15652,551256,9,2,False,Right,Back,Centre,Left,69
<_io.BytesIO object at 0x0000018E0015E6D0>,0,1.8367099231598242e-40,-1.910178320086217e-37,1.181611180305481,-5.093489198674738e+36,-6.359157350257755e-21,-610.9774780273438,-4.7909347882662366e-20,-5.733130471183505e+28,-16865,551256,9,2,False,Right,Back,Centre,Left,69
<_io.BytesIO object at 0x0000018E0015C0E0>,1058244104,0.14635363221168518,0.23938791453838348,0.5641248226165771,0.13980333507061005,0.3207082450389862,0.8051049113273621,-0.10755408555269241,-0.25399619340896606,2,551257,9,2,False,Right,Back,Centre,Left,69
<_io.BytesIO object at 0x0000018E0015C090>,4980736,9.183549615799121e-41,595591168.0,3.07330606119649e-06,1.8714837844887872e-28,-2.2048294567866833e-07,-174847552.0,-2.591103296595527e+20,3338166.25,15652,551257,9,2,False,Right,Back,Centre,Left,69
<_io.BytesIO object at 0x0000018E0015C310>,0,1.8367099231598242e-40,-1.910178320086217e-37,1.181611180305481,-5.093489198674738e+36,-6.359157350257755e-21,-610.9774780273438,-4.7909347882662366e-20,-5.733130471183505e+28,-16865,551257,9,2,False,Right,Back,Centre,Left,69
<_io.BytesIO object at 0x0000018E00193F40>,1058209737,0.14631140232086182,0.23975257575511932,0.5615077018737793,0.1392497569322586,0.32102149724960327,0.8054070472717285,-0.1070251390337944,-0.2527400851249695,2,551258,9,2,False,Right,Back,Centre,Left,69
<_io.BytesIO object at 0x0000018E00193860>,4980736,9.183549615799121e-41,595591168.0,3.07330606119649e-06,1.8714837844887872e-28,-2.2048294567866833e-07,-174847552.0,-2.591103296595527e+20,3338166.25,15652,551258,9,2,False,Right,Back,Centre,Left,69
<_io.BytesIO object at 0x0000018E00193B30>,0,1.8367099231598242e-40,-1.910178320086217e-37,1.181611180305481,-5.093489198674738e+36,-6.359157350257755e-21,-610.9774780273438,-4.7909347882662366e-20,-5.733130471183505e+28,-16865,551258,9,2,False,Right,Back,Centre,Left,69
<_io.BytesIO object at 0x0000018E00150EA0>,1058174451,0.14615921676158905,0.2400883138179779,0.558784008026123,0.13873524963855743,0.32128071784973145,0.8056688904762268,-0.10653958469629288,-0.25141334533691406,2,551259,9,2,False,Right,Back,Centre,Left,69
<_io.BytesIO object at 0x0000018E00150130>,4980736,9.183549615799121e-41,595591168.0,3.07330606119649e-06,1.8714837844887872e-28,-2.2048294567866833e-07,-174847552.0,-2.591103296595527e+20,3338166.25,15652,551259,9,2,False,Right,Back,Centre,Left,69
<_io.BytesIO object at 0x0000018E00150360>,0,1.8367099231598242e-40,-1.910178320086217e-37,1.181611180305481,-5.093489198674738e+36,-6.359157350257755e-21,-610.9774780273438,-4.7909347882662366e-20,-5.733130471183505e+28,-16865,551259,9,2,False,Right,Back,Centre,Left,69
<_io.BytesIO object at 0x0000018E001589A0>,1058136663,0.14613021910190582,0.24034170806407928,0.5560051202774048,0.13828735053539276,0.32161688804626465,0.8058346509933472,-0.1062445342540741,-0.2499244213104248,2,551260,9,2,False,Right,Back,Centre,Left,69
<_io.BytesIO object at 0x0000018E00158EA0>,4980736,9.183549615799121e-41,595591168.0,3.07330606119649e-06,1.8714837844887872e-28,-2.2048294567866833e-07,-174847552.0,-2.591103296595527e+20,3338166.25,15652,551260,9,2,False,Right,Back,Centre,Left,69
<_io.BytesIO object at 0x0000018E00158400>,0,1.8367099231598242e-40,-1.910178320086217e-37,1.181611180305481,-5.093489198674738e+36,-6.359157350257755e-21,-610.9774780273438,-4.7909347882662366e-20,-5.733130471183505e+28,-16865,551260,9,2,False,Right,Back,Centre,Left,69
<_io.BytesIO object at 0x0000018E0020B1D0>,1058097269,0.14604739844799042,0.2406289279460907,0.552854597568512,0.1378631740808487,0.3216414153575897,0.8060929775238037,-0.10571272671222687,-0.24846650660037994,2,551261,9,2,False,Right,Back,Centre,Left,69
<_io.BytesIO object at 0x0000018E0020B540>,4980736,9.183549615799121e-41,595591168.0,3.07330606119649e-06,1.8714837844887872e-28,-2.2048294567866833e-07,-174847552.0,-2.591103296595527e+20,3338166.25,15652,551261,9,2,False,Right,Back,Centre,Left,69
<_io.BytesIO object at 0x0000018E0020B4F0>,0,1.8367099231598242e-40,-1.910178320086217e-37,1.181611180305481,-5.093489198674738e+36,-6.359157350257755e-21,-610.9774780273438,-4.7909347882662366e-20,-5.733130471183505e+28,-16865,551261,9,2,False,Right,Back,Centre,Left,69
<_io.BytesIO object at 0x0000018E782C5900>,1058060282,0.14576192200183868,0.2409626543521881,0.5492042303085327,0.13755527138710022,0.32129788398742676,0.8062194585800171,-0.1052064374089241,-0.24687695503234863,2,551262,9,2,False,Right,Back,Centre,Left,69
<_io.BytesIO object at 0x0000018E782C58B0>,4980736,9.183549615799121e-41,595591168.0,3.07330606119649e-06,1.8714837844887872e-28,-2.2048294567866833e-07,-174847552.0,-2.591103296595527e+20,3338166.25,15652,551262,9,2,False,Right,Back,Centre,Left,69
<_io.BytesIO object at 0x0000018E0014AEA0>,0,1.8367099231598242e-40,-1.910178320086217e-37,1.181611180305481,-5.093489198674738e+36,-6.359157350257755e-21,-610.9774780273438,-4.7909347882662366e-20,-5.733130471183505e+28,-16865,551262,9,2,False,Right,Back,Centre,Left,69
<_io.BytesIO object at 0x0000018E0022E680>,1058018369,0.14559313654899597,0.24128422141075134,0.5458083152770996,0.1371711939573288,0.3211704194545746,0.8064635396003723,-0.10465045273303986,-0.245321124792099,2,551263,9,2,False,Right,Back,Centre,Left,69
<_io.BytesIO object at 0x0000018E0022E400>,4980736,9.183549615799121e-41,595591168.0,3.07330606119649e-06,1.8714837844887872e-28,-2.2048294567866833e-07,-174847552.0,-2.591103296595527e+20,3338166.25,15652,551263,9,2,False,Right,Back,Centre,Left,69
<_io.BytesIO object at 0x0000018E0022E540>,0,1.8367099231598242e-40,-1.910178320086217e-37,1.181611180305481,-5.093489198674738e+36,-6.359157350257755e-21,-610.9774780273438,-4.7909347882662366e-20,-5.733130471183505e+28,-16865,551263,9,2,False,Right,Back,Centre,Left,69
<_io.BytesIO object at 0x0000018E00158C20>,1057974995,0.14535994827747345,0.24157807230949402,0.5425366163253784,0.1365274041891098,0.3211459517478943,0.8066219687461853,-0.10410039871931076,-0.2436055988073349,2,551264,9,2,False,Right,Back,Centre,Left,69
<_io.BytesIO object at 0x0000018E001581D0>,4980736,9.183549615799121e-41,595591168.0,3.07330606119649e-06,1.8714837844887872e-28,-2.2048294567866833e-07,-174847552.0,-2.591103296595527e+20,3338166.25,15652,551264,9,2,False,Right,Back,Centre,Left,69
<_io.BytesIO object at 0x0000018E001588B0>,0,1.8367099231598242e-40,-1.910178320086217e-37,1.181611180305481,-5.093489198674738e+36,-6.359157350257755e-21,-610.9774780273438,-4.7909347882662366e-20,-5.733130471183505e+28,-16865,551264,9,2,False,Right,Back,Centre,Left,69
<_io.BytesIO object at 0x0000018E0014F5E0>,1057933177,0.14508067071437836,0.24191506206989288,0.806795060634613,-0.10355024039745331,-0.2419651597738266,2.802596928649634e-45,1.064986832886861e-43,1.401298464324817e-45,19982,551265,9,2,False,Right,Back,Centre,Left,69
<_io.BytesIO object at 0x0000018E0014FCC0>,911097599,1.8714837844887872e-28,-2.2048294567866833e-07,-174847552.0,-2.591103296595527e+20,3338166.25,2.1933123563612037e-41,0.0,2.802596928649634e-45,-32126,551265,9,2,False,Right,Back,Centre,Left,69
<_io.BytesIO object at 0x0000018E0006A5E0>,1057890934,0.14480404555797577,0.24233229458332062,0.8068918585777283,-0.10315407067537308,-0.24021370708942413,2.802596928649634e-45,1.064986832886861e-43,1.401298464324817e-45,19982,551266,9,2,False,Right,Back,Centre,Left,69
<_io.BytesIO object at 0x0000018E00193D10>,911097599,1.8714837844887872e-28,-2.2048294567866833e-07,-174847552.0,-2.591103296595527e+20,3338166.25,2.1933123563612037e-41,0.0,2.802596928649634e-45,-32126,551266,9,2,False,Right,Back,Centre,Left,69
<_io.BytesIO object at 0x0000018E00209090>,1057847774,0.1444980949163437,0.24262985587120056,0.8070079684257507,-0.10261444002389908,-0.23855330049991608,2.802596928649634e-45,1.064986832886861e-43,1.401298464324817e-45,19982,551267,9,2,False,Right,Back,Centre,Left,69
<_io.BytesIO object at 0x0000018E00209770>,911097599,1.8714837844887872e-28,-2.2048294567866833e-07,-174847552.0,-2.591103296595527e+20,3338166.25,2.1933123563612037e-41,0.0,2.802596928649634e-45,-32126,551267,9,2,False,Right,Back,Centre,Left,69
<_io.BytesIO object at 0x0000018E00150E00>,1057805269,0.14405347406864166,0.2429436594247818,0.8070845007896423,-0.10206874459981918,-0.2368255853652954,2.802596928649634e-45,1.064986832886861e-43,1.401298464324817e-45,19982,551268,9,2,False,Right,Back,Centre,Left,69
<_io.BytesIO object at 0x0000018E00150DB0>,911097599,1.8714837844887872e-28,-2.2048294567866833e-07,-174847552.0,-2.591103296595527e+20,3338166.25,2.1933123563612037e-41,0.0,2.802596928649634e-45,-32126,551268,9,2,False,Right,Back,Centre,Left,69
<_io.BytesIO object at 0x0000018E00203630>,1057760051,0.1436815857887268,0.24328911304473877,0.8072013258934021,-0.10154884308576584,-0.23515918850898743,2.802596928649634e-45,1.064986832886861e-43,1.401298464324817e-45,19982,551269,9,2,False,Right,Back,Centre,Left,69
<_io.BytesIO object at 0x0000018E00203DB0>,911097599,1.8714837844887872e-28,-2.2048294567866833e-07,-174847552.0,-2.591103296595527e+20,3338166.25,2.1933123563612037e-41,0.0,2.802596928649634e-45,-32126,551269,9,2,False,Right,Back,Centre,Left,69
<_io.BytesIO object at 0x0000018E00136E50>,1057715292,0.143144890666008,0.24361029267311096,0.8072249293327332,-0.10105658322572708,-0.23342709243297577,2.802596928649634e-45,1.064986832886861e-43,1.401298464324817e-45,19982,551270,9,2,False,Right,Back,Centre,Left,69
<_io.BytesIO object at 0x0000018E001361D0>,911097599,1.8714837844887872e-28,-2.2048294567866833e-07,-174847552.0,-2.591103296595527e+20,3338166.25,2.1933123563612037e-41,0.0,2.802596928649634e-45,-32126,551270,9,2,False,Right,Back,Centre,Left,69
<_io.BytesIO object at 0x0000018E0015CF90>,1057667989,0.14265061914920807,0.24402007460594177,0.8071734309196472,-0.10066206753253937,-0.23171688616275787,2.802596928649634e-45,1.064986832886861e-43,1.401298464324817e-45,19982,551271,9,2,False,Right,Back,Centre,Left,69
<_io.BytesIO object at 0x0000018E0015CB80>,911097599,1.8714837844887872e-28,-2.2048294567866833e-07,-174847552.0,-2.591103296595527e+20,3338166.25,2.1933123563612037e-41,0.0,2.802596928649634e-45,-32126,551271,9,2,False,Right,Back,Centre,Left,69
<_io.BytesIO object at 0x0000018E002AC860>,1057618904,0.1420375555753708,0.24450266361236572,0.8073165416717529,-0.10013356059789658,-0.23008078336715698,2.802596928649634e-45,1.064986832886861e-43,1.401298464324817e-45,19982,551272,9,2,False,Right,Back,Centre,Left,69
<_io.BytesIO object at 0x0000018E002ACE00>,911097599,1.8714837844887872e-28,-2.2048294567866833e-07,-174847552.0,-2.591103296595527e+20,3338166.25,2.1933123563612037e-41,0.0,2.802596928649634e-45,-32126,551272,9,2,False,Right,Back,Centre,Left,69
<_io.BytesIO object at 0x0000018E0015EF90>,1057568004,0.1412983536720276,0.2449779510498047,0.807351291179657,-0.09972911328077316,-0.22842729091644287,2.802596928649634e-45,1.064986832886861e-43,1.401298464324817e-45,19982,551273,9,2,False,Right,Back,Centre,Left,69
<_io.BytesIO object at 0x0000018E0014F680>,911097599,1.8714837844887872e-28,-2.2048294567866833e-07,-174847552.0,-2.591103296595527e+20,3338166.25,2.1933123563612037e-41,0.0,2.802596928649634e-45,-32126,551273,9,2,False,Right,Back,Centre,Left,69
<_io.BytesIO object at 0x0000018E0006A220>,1057515533,0.14061395823955536,0.24542376399040222,0.8073925971984863,-0.09927582740783691,-0.22689713537693024,2.802596928649634e-45,1.064986832886861e-43,1.401298464324817e-45,19982,551274,9,2,False,Right,Back,Centre,Left,69
<_io.BytesIO object at 0x0000018E0006A540>,911097599,1.8714837844887872e-28,-2.2048294567866833e-07,-174847552.0,-2.591103296595527e+20,3338166.25,2.1933123563612037e-41,0.0,2.802596928649634e-45,-32126,551274,9,2,False,Right,Back,Centre,Left,69
<_io.BytesIO object at 0x0000018E001361D0>,1057463028,0.1397554576396942,0.2458837479352951,0.8073815703392029,-0.09883083403110504,-0.2253313660621643,2.802596928649634e-45,1.064986832886861e-43,1.401298464324817e-45,19982,551275,9,2,False,Right,Back,Centre,Left,69
<_io.BytesIO object at 0x0000018E00136180>,911097599,1.8714837844887872e-28,-2.2048294567866833e-07,-174847552.0,-2.591103296595527e+20,3338166.25,2.1933123563612037e-41,0.0,2.802596928649634e-45,-32126,551275,9,2,False,Right,Back,Centre,Left,69
<_io.BytesIO object at 0x0000018E002039A0>,1057407665,0.1389768272638321,0.24643874168395996,0.8074502944946289,-0.0984150767326355,-0.2238818109035492,2.802596928649634e-45,1.064986832886861e-43,1.401298464324817e-45,19982,551276,9,2,False,Right,Back,Centre,Left,69
<_io.BytesIO object at 0x0000018E00203C70>,911097599,1.8714837844887872e-28,-2.2048294567866833e-07,-174847552.0,-2.591103296595527e+20,3338166.25,2.1933123563612037e-41,0.0,2.802596928649634e-45,-32126,551276,9,2,False,Right,Back,Centre,Left,69
<_io.BytesIO object at 0x0000018E001937C0>,1057353497,0.13804471492767334,0.24686850607395172,0.8074480891227722,-0.09799105674028397,-0.22241714596748352,2.802596928649634e-45,1.064986832886861e-43,1.401298464324817e-45,19982,551277,9,2,False,Right,Back,Centre,Left,69
<_io.BytesIO object at 0x0000018E00193180>,911097599,1.8714837844887872e-28,-2.2048294567866833e-07,-174847552.0,-2.591103296595527e+20,3338166.25,2.1933123563612037e-41,0.0,2.802596928649634e-45,-32126,551277,9,2,False,Right,Back,Centre,Left,69
<_io.BytesIO object at 0x0000018E0014FF40>,1057298090,0.13716070353984833,0.24726928770542145,0.8074829578399658,-0.09758439660072327,-0.22106029093265533,2.802596928649634e-45,1.064986832886861e-43,1.401298464324817e-45,19982,551278,9,2,False,Right,Back,Centre,Left,69
<_io.BytesIO object at 0x0000018E0014F400>,911097599,1.8714837844887872e-28,-2.2048294567866833e-07,-174847552.0,-2.591103296595527e+20,3338166.25,2.1933123563612037e-41,0.0,2.802596928649634e-45,-32126,551278,9,2,False,Right,Back,Centre,Left,69
<_io.BytesIO object at 0x0000018E00158BD0>,1057243022,0.13615910708904266,0.24768225848674774,0.8075107932090759,-0.09711520373821259,-0.2196691781282425,2.802596928649634e-45,1.064986832886861e-43,1.401298464324817e-45,19982,551279,9,2,False,Right,Back,Centre,Left,69
<_io.BytesIO object at 0x0000018E00158E00>,911097599,1.8714837844887872e-28,-2.2048294567866833e-07,-174847552.0,-2.591103296595527e+20,3338166.25,2.1933123563612037e-41,0.0,2.802596928649634e-45,-32126,551279,9,2,False,Right,Back,Centre,Left,69
<_io.BytesIO object at 0x0000018E0022E5E0>,1057186311,0.13524062931537628,0.24811360239982605,0.8076484799385071,-0.09668878465890884,-0.2184082269668579,2.802596928649634e-45,1.064986832886861e-43,1.401298464324817e-45,19982,551280,9,2,False,Right,Back,Centre,Left,69
<_io.BytesIO object at 0x0000018E0022E1D0>,911097599,1.8714837844887872e-28,-2.2048294567866833e-07,-174847552.0,-2.591103296595527e+20,3338166.25,2.1933123563612037e-41,0.0,2.802596928649634e-45,-32126,551280,9,2,False,Right,Back,Centre,Left,69
<_io.BytesIO object at 0x0000018E001584A0>,1057132053,0.13423624634742737,0.2483956217765808,0.807670533657074,-0.09639634937047958,-0.2172074019908905,2.802596928649634e-45,1.064986832886861e-43,1.401298464324817e-45,19982,551281,9,2,False,Right,Back,Centre,Left,69
<_io.BytesIO object at 0x0000018E00158C70>,911097599,1.8714837844887872e-28,-2.2048294567866833e-07,-174847552.0,-2.591103296595527e+20,3338166.25,2.1933123563612037e-41,0.0,2.802596928649634e-45,-32126,551281,9,2,False,Right,Back,Centre,Left,69
<_io.BytesIO object at 0x0000018E0014F7C0>,1057075452,0.13330572843551636,0.24874013662338257,0.8078176975250244,-0.09591545909643173,-0.21604421734809875,2.802596928649634e-45,1.064986832886861e-43,1.401298464324817e-45,19982,551282,9,2,False,Right,Back,Centre,Left,69
<_io.BytesIO object at 0x0000018E0014F4F0>,911097599,1.8714837844887872e-28,-2.2048294567866833e-07,-174847552.0,-2.591103296595527e+20,3338166.25,2.1933123563612037e-41,0.0,2.802596928649634e-45,-32126,551282,9,2,False,Right,Back,Centre,Left,69
<_io.BytesIO object at 0x0000018E001938B0>,1057018111,0.1321740448474884,0.249124675989151,0.8080319762229919,-0.09551497548818588,-0.2149467170238495,2.802596928649634e-45,1.064986832886861e-43,1.401298464324817e-45,19982,551283,9,2,False,Right,Back,Centre,Left,69
<_io.BytesIO object at 0x0000018E00193090>,911097599,1.8714837844887872e-28,-2.2048294567866833e-07,-174847552.0,-2.591103296595527e+20,3338166.25,2.1933123563612037e-41,0.0,2.802596928649634e-45,-32126,551283,9,2,False,Right,Back,Centre,Left,69
<_io.BytesIO object at 0x0000018E782C51D0>,1056955432,0.13114012777805328,0.24936793744564056,0.8080991506576538,-0.09512774646282196,-0.2138662338256836,2.802596928649634e-45,1.064986832886861e-43,1.401298464324817e-45,19982,551284,9,2,False,Right,Back,Centre,Left,69
<_io.BytesIO object at 0x0000018E782C5400>,911097599,1.8714837844887872e-28,-2.2048294567866833e-07,-174847552.0,-2.591103296595527e+20,3338166.25,2.1933123563612037e-41,0.0,2.802596928649634e-45,-32126,551284,9,2,False,Right,Back,Centre,Left,69
<_io.BytesIO object at 0x0000018E00136220>,1056839288,0.12997741997241974,0.2496010810136795,0.8082943558692932,-0.09473209828138351,-0.2129240781068802,2.802596928649634e-45,1.064986832886861e-43,1.401298464324817e-45,19982,551285,9,2,False,Right,Back,Centre,Left,69
<_io.BytesIO object at 0x0000018E00136CC0>,911097599,1.8714837844887872e-28,-2.2048294567866833e-07,-174847552.0,-2.591103296595527e+20,3338166.25,2.1933123563612037e-41,0.0,2.802596928649634e-45,-32126,551285,9,2,False,Right,Back,Centre,Left,69
<_io.BytesIO object at 0x0000018E0006AB80>,1056720236,0.12881319224834442,0.24986684322357178,0.8085153102874756,-0.09431394934654236,-0.21202237904071808,2.802596928649634e-45,1.064986832886861e-43,1.401298464324817e-45,19982,551286,9,2,False,Right,Back,Centre,Left,69
<_io.BytesIO object at 0x0000018E0006A720>,911097599,1.8714837844887872e-28,-2.2048294567866833e-07,-174847552.0,-2.591103296595527e+20,3338166.25,2.1933123563612037e-41,0.0,2.802596928649634e-45,-32126,551286,9,2,False,Right,Back,Centre,Left,69
<_io.BytesIO object at 0x0000018E0015E2C0>,1056612988,0.12770573794841766,0.2498248666524887,0.808568000793457,-0.09404291957616806,-0.21126069128513336,2.802596928649634e-45,1.064986832886861e-43,1.401298464324817e-45,19982,551287,9,2,False,Right,Back,Centre,Left,69
<_io.BytesIO object at 0x0000018E0015E7C0>,911097599,1.8714837844887872e-28,-2.2048294567866833e-07,-174847552.0,-2.591103296595527e+20,3338166.25,2.1933123563612037e-41,0.0,2.802596928649634e-45,-32126,551287,9,2,False,Right,Back,Centre,Left,69
<_io.BytesIO object at 0x0000018E002ACC70>,1056514705,0.12684759497642517,0.24971134960651398,0.8086284399032593,-0.09375543892383575,-0.2104819416999817,2.802596928649634e-45,1.064986832886861e-43,1.401298464324817e-45,19982,551288,9,2,False,Right,Back,Centre,Left,69
<_io.BytesIO object at 0x0000018E002AC220>,911097599,1.8714837844887872e-28,-2.2048294567866833e-07,-174847552.0,-2.591103296595527e+20,3338166.25,2.1933123563612037e-41,0.0,2.802596928649634e-45,-32126,551288,9,2,False,Right,Back,Centre,Left,69
<_io.BytesIO object at 0x0000018E0020B540>,1062144867,-0.09343426674604416,-0.20985275506973267,2.802596928649634e-45,1.064986832886861e-43,1.401298464324817e-45,0.4986423850059509,0.03887014836072922,-0.11136136204004288,-19348,551289,9,2,False,Right,Back,Centre,Left,69
<_io.BytesIO object at 0x0000018E00158C70>,1062146762,-0.09318486601114273,-0.2093319594860077,2.802596928649634e-45,1.064986832886861e-43,1.401298464324817e-45,0.4986423850059509,0.03887014836072922,-0.11136136204004288,-19348,551290,9,2,False,Right,Back,Centre,Left,69
<_io.BytesIO object at 0x0000018E00150E50>,1062149626,-0.09296135604381561,-0.2087925672531128,2.802596928649634e-45,1.064986832886861e-43,1.401298464324817e-45,0.4986423850059509,0.03887014836072922,-0.11136136204004288,-19348,551291,9,2,False,Right,Back,Centre,Left,69
<_io.BytesIO object at 0x0000018E00209090>,1062151666,-0.09274248778820038,-0.20839157700538635,2.802596928649634e-45,1.064986832886861e-43,1.401298464324817e-45,0.4986423850059509,0.03887014836072922,-0.11136136204004288,-19348,551292,9,2,False,Right,Back,Centre,Left,69
<_io.BytesIO object at 0x0000018E00146C70>,1062152957,-0.09259428083896637,-0.20807448029518127,2.802596928649634e-45,1.064986832886861e-43,1.401298464324817e-45,0.4986423850059509,0.03887014836072922,-0.11136136204004288,-19348,551293,9,2,False,Right,Back,Centre,Left,69
<_io.BytesIO object at 0x0000018E0014A9F0>,1062155382,-0.09239866584539413,-0.20773528516292572,2.802596928649634e-45,1.064986832886861e-43,1.401298464324817e-45,0.4986423850059509,0.03887014836072922,-0.11136136204004288,-19348,551294,9,2,False,Right,Back,Centre,Left,69
<_io.BytesIO object at 0x0000018E782C5630>,1062157652,-0.09220092743635178,-0.20748208463191986,2.802596928649634e-45,1.064986832886861e-43,1.401298464324817e-45,0.4986423850059509,0.03887014836072922,-0.11136136204004288,-19348,551295,9,2,False,Right,Back,Centre,Left,69
<_io.BytesIO object at 0x0000018E00209540>,1062158958,-0.09206131100654602,-0.20732004940509796,2.802596928649634e-45,1.064986832886861e-43,1.401298464324817e-45,0.4986423850059509,0.03887014836072922,-0.11136136204004288,-19348,551296,9,2,False,Right,Back,Centre,Left,69
<_io.BytesIO object at 0x0000018E00150680>,1062159787,-0.09195832908153534,-0.20725727081298828,2.802596928649634e-45,1.064986832886861e-43,1.401298464324817e-45,0.4986423850059509,0.03887014836072922,-0.11136136204004288,-19348,551297,9,2,False,Right,Back,Centre,Left,69
<_io.BytesIO object at 0x0000018E00136E00>,1062160658,-0.09180095791816711,-0.20724983513355255,2.802596928649634e-45,1.064986832886861e-43,1.401298464324817e-45,0.4986423850059509,0.03887014836072922,-0.11136136204004288,-19348,551298,9,2,False,Right,Back,Centre,Left,69
<_io.BytesIO object at 0x0000018E0015CE50>,1062161076,-0.09170452505350113,-0.20733089745044708,2.802596928649634e-45,1.064986832886861e-43,1.401298464324817e-45,0.4986423850059509,0.03887014836072922,-0.11136136204004288,-19348,551299,9,2,False,Right,Back,Centre,Left,69
<_io.BytesIO object at 0x0000018E0022EE50>,1062161037,-0.09164628386497498,-0.2074320763349533,2.802596928649634e-45,1.064986832886861e-43,1.401298464324817e-45,0.4986423850059509,0.03887014836072922,-0.11136136204004288,-19348,551300,9,2,False,Right,Back,Centre,Left,69
<_io.BytesIO object at 0x0000018E0014F540>,1062160278,-0.09166227281093597,-0.20762671530246735,2.802596928649634e-45,1.064986832886861e-43,1.401298464324817e-45,0.4986423850059509,0.03887014836072922,-0.11136136204004288,-19348,551301,9,2,False,Right,Back,Centre,Left,69
<_io.BytesIO object at 0x0000018E001934F0>,1062158992,-0.09162077307701111,-0.2078690379858017,2.802596928649634e-45,1.064986832886861e-43,1.401298464324817e-45,0.4986423850059509,0.03887014836072922,-0.11136136204004288,-19348,551302,9,2,False,Right,Back,Centre,Left,69
<_io.BytesIO object at 0x0000018E00136EA0>,1062158548,-0.09157945215702057,-0.20806759595870972,2.802596928649634e-45,1.064986832886861e-43,1.401298464324817e-45,0.4986423850059509,0.03887014836072922,-0.11136136204004288,-19348,551303,9,2,False,Right,Back,Centre,Left,69
<_io.BytesIO object at 0x0000018E0015CE50>,1062158082,-0.09152205288410187,-0.20828355848789215,2.802596928649634e-45,1.064986832886861e-43,1.401298464324817e-45,0.4986423850059509,0.03887014836072922,-0.11136136204004288,-19348,551304,9,2,False,Right,Back,Centre,Left,69
<_io.BytesIO object at 0x0000018E00136090>,1062157972,-0.09143770486116409,-0.20852115750312805,2.802596928649634e-45,1.064986832886861e-43,1.401298464324817e-45,0.4986423850059509,0.03887014836072922,-0.11136136204004288,-19348,551305,9,2,False,Right,Back,Centre,Left,69
<_io.BytesIO object at 0x0000018E00193090>,1062158063,-0.09131940454244614,-0.20873034000396729,2.802596928649634e-45,1.064986832886861e-43,1.401298464324817e-45,0.4986423850059509,0.03887014836072922,-0.11136136204004288,-19348,551306,9,2,False,Right,Back,Centre,Left,69
<_io.BytesIO object at 0x0000018E0014F400>,1062157896,-0.09127947688102722,-0.20898321270942688,2.802596928649634e-45,1.064986832886861e-43,1.401298464324817e-45,0.4986423850059509,0.03887014836072922,-0.11136136204004288,-19348,551307,9,2,False,Right,Back,Centre,Left,69
<_io.BytesIO object at 0x0000018E0022E5E0>,1062157464,-0.09113478660583496,-0.20931333303451538,2.802596928649634e-45,1.064986832886861e-43,1.401298464324817e-45,0.4986423850059509,0.03887014836072922,-0.11136136204004288,-19348,551308,9,2,False,Right,Back,Centre,Left,69
<_io.BytesIO object at 0x0000018E0015CF90>,1062157542,-0.09105686843395233,-0.2094831019639969,2.802596928649634e-45,1.064986832886861e-43,1.401298464324817e-45,0.4986423850059509,0.03887014836072922,-0.11136136204004288,-19348,551309,9,2,False,Right,Back,Centre,Left,69
<_io.BytesIO object at 0x0000018E002AC450>,1062157699,-0.09093120694160461,-0.20963913202285767,2.802596928649634e-45,1.064986832886861e-43,1.401298464324817e-45,0.4986423850059509,0.03887014836072922,-0.11136136204004288,-19348,551310,9,2,False,Right,Back,Centre,Left,69
<_io.BytesIO object at 0x0000018E0015E860>,1062157977,-0.09082615375518799,-0.20977208018302917,2.802596928649634e-45,1.064986832886861e-43,1.401298464324817e-45,0.4986423850059509,0.03887014836072922,-0.11136136204004288,-19348,551311,9,2,False,Right,Back,Centre,Left,69
<_io.BytesIO object at 0x0000018E0006A5E0>,1062157491,-0.09073325991630554,-0.2099113166332245,2.802596928649634e-45,1.064986832886861e-43,1.401298464324817e-45,0.4986423850059509,0.03887014836072922,-0.11136136204004288,-19348,551312,9,2,False,Right,Back,Centre,Left,69
<_io.BytesIO object at 0x0000018E782C5180>,1062156766,-0.09066283702850342,-0.21001502871513367,2.802596928649634e-45,1.064986832886861e-43,1.401298464324817e-45,0.4986423850059509,0.03887014836072922,-0.11136136204004288,-19348,551313,9,2,False,Right,Back,Centre,Left,69
<_io.BytesIO object at 0x0000018E782C5310>,1062156511,-0.09048516303300858,-0.21011027693748474,2.802596928649634e-45,1.064986832886861e-43,1.401298464324817e-45,0.4986423850059509,0.03887014836072922,-0.11136136204004288,-19348,551314,9,2,False,Right,Back,Centre,Left,69
<_io.BytesIO object at 0x0000018E00193130>,1062155689,-0.09040389955043793,-0.21016818284988403,2.802596928649634e-45,1.064986832886861e-43,1.401298464324817e-45,0.4986423850059509,0.03887014836072922,-0.11136136204004288,-19348,551315,9,2,False,Right,Back,Centre,Left,69
<_io.BytesIO object at 0x0000018E0014FAE0>,1062154571,-0.09033521264791489,-0.210208922624588,2.802596928649634e-45,1.064986832886861e-43,1.401298464324817e-45,0.4986423850059509,0.03887014836072922,-0.11136136204004288,-19348,551316,9,2,False,Right,Back,Centre,Left,69
<_io.BytesIO object at 0x0000018E0022E900>,1062153187,-0.09026242792606354,-0.21021011471748352,2.802596928649634e-45,1.064986832886861e-43,1.401298464324817e-45,0.4986423850059509,0.03887014836072922,-0.11136136204004288,-19348,551317,9,2,False,Right,Back,Centre,Left,69
<_io.BytesIO object at 0x0000018E0014A630>,1062151841,-0.09018049389123917,-0.21017082035541534,2.802596928649634e-45,1.064986832886861e-43,1.401298464324817e-45,0.4986423850059509,0.03887014836072922,-0.11136136204004288,-19348,551318,9,2,False,Right,Back,Centre,Left,69
<_io.BytesIO object at 0x0000018E0020BA90>,1062150579,-0.09011740982532501,-0.2100733518600464,2.802596928649634e-45,1.064986832886861e-43,1.401298464324817e-45,0.4986423850059509,0.03887014836072922,-0.11136136204004288,-19348,551319,9,2,False,Right,Back,Centre,Left,69
<_io.BytesIO object at 0x0000018E002ACF40>,1062149928,-0.09000691026449203,-0.20990510284900665,2.802596928649634e-45,1.064986832886861e-43,1.401298464324817e-45,0.4986423850059509,0.03887014836072922,-0.11136136204004288,-19348,551320,9,2,False,Right,Back,Centre,Left,69
<_io.BytesIO object at 0x0000018E0015E540>,1062149082,-0.08989275991916656,-0.20966103672981262,2.802596928649634e-45,1.064986832886861e-43,1.401298464324817e-45,0.4986423850059509,0.03887014836072922,-0.11136136204004288,-19348,551321,9,2,False,Right,Back,Centre,Left,69
<_io.BytesIO object at 0x0000018E0006A770>,1062146769,-0.08983449637889862,-0.20931528508663177,2.802596928649634e-45,1.064986832886861e-43,1.401298464324817e-45,0.4986423850059509,0.03887014836072922,-0.11136136204004288,-19348,551322,9,2,False,Right,Back,Centre,Left,69
<_io.BytesIO object at 0x0000018E00203B30>,1062146164,-0.08972343057394028,-0.20896196365356445,2.802596928649634e-45,1.064986832886861e-43,1.401298464324817e-45,0.4986423850059509,0.03887014836072922,-0.11136136204004288,-19348,551323,9,2,False,Right,Back,Centre,Left,69
<_io.BytesIO object at 0x0000018E00146D60>,1062145193,-0.08969610929489136,-0.20859286189079285,2.802596928649634e-45,1.064986832886861e-43,1.401298464324817e-45,0.4986423850059509,0.03887014836072922,-0.11136136204004288,-19348,551324,9,2,False,Right,Back,Centre,Left,69
<_io.BytesIO object at 0x0000018E00209C70>,1062145108,-0.08963428437709808,-0.20815575122833252,2.802596928649634e-45,1.064986832886861e-43,1.401298464324817e-45,0.4986423850059509,0.03887014836072922,-0.11136136204004288,-19348,551325,9,2,False,Right,Back,Centre,Left,69
<_io.BytesIO object at 0x0000018E001507C0>,1062144323,-0.08960288763046265,-0.20764069259166718,2.802596928649634e-45,1.064986832886861e-43,1.401298464324817e-45,0.4986423850059509,0.03887014836072922,-0.11136136204004288,-19348,551326,9,2,False,Right,Back,Centre,Left,69
<_io.BytesIO object at 0x0000018E00158360>,1062140195,-0.08962302654981613,-0.2071191370487213,2.802596928649634e-45,1.064986832886861e-43,1.401298464324817e-45,0.4986423850059509,0.03887014836072922,-0.11136136204004288,-19348,551327,9,2,False,Right,Back,Centre,Left,69
<_io.BytesIO object at 0x0000018E0015C310>,1062138470,-0.08956984430551529,-0.20653606951236725,2.802596928649634e-45,1.064986832886861e-43,1.401298464324817e-45,0.4986423850059509,0.03887014836072922,-0.11136136204004288,-19348,551328,9,2,False,Right,Back,Centre,Left,69
<_io.BytesIO object at 0x0000018E0014F310>,1062138345,-0.08946403115987778,-0.2059335559606552,2.802596928649634e-45,1.064986832886861e-43,1.401298464324817e-45,0.4986423850059509,0.03887014836072922,-0.11136136204004288,-19348,551329,9,2,False,Right,Back,Centre,Left,69
<_io.BytesIO object at 0x0000018E001932C0>,1062136464,-0.08943861722946167,-0.2053542286157608,2.802596928649634e-45,1.064986832886861e-43,1.401298464324817e-45,0.4986423850059509,0.03887014836072922,-0.11136136204004288,-19348,551330,9,2,False,Right,Back,Centre,Left,69
<_io.BytesIO object at 0x0000018E0020B1D0>,1062133724,-0.08940839022397995,-0.2046164721250534,2.802596928649634e-45,1.064986832886861e-43,1.401298464324817e-45,0.4986423850059509,0.03887014836072922,-0.11136136204004288,-19348,551331,9,2,False,Right,Back,Centre,Left,69
<_io.BytesIO object at 0x0000018E001580E0>,1062132663,-0.08939038962125778,-0.20393753051757812,2.802596928649634e-45,1.064986832886861e-43,1.401298464324817e-45,0.4986423850059509,0.03887014836072922,-0.11136136204004288,-19348,551332,9,2,False,Right,Back,Centre,Left,69
<_io.BytesIO object at 0x0000018E0015CE50>,1062130633,-0.08943531662225723,-0.20327520370483398,2.802596928649634e-45,1.064986832886861e-43,1.401298464324817e-45,0.4986423850059509,0.03887014836072922,-0.11136136204004288,-19348,551333,9,2,False,Right,Back,Centre,Left,69
<_io.BytesIO object at 0x0000018E00136860>,1062124202,-0.09003248810768127,-0.20237106084823608,2.802596928649634e-45,1.064986832886861e-43,1.401298464324817e-45,0.4986423850059509,0.03887014836072922,-0.11136136204004288,-19348,551334,9,2,False,Right,Back,Centre,Left,69
<_io.BytesIO object at 0x0000018E002037C0>,1062123984,-0.09001290798187256,-0.2016412615776062,2.802596928649634e-45,1.064986832886861e-43,1.401298464324817e-45,0.4986423850059509,0.03887014836072922,-0.11136136204004288,-19348,551335,9,2,False,Right,Back,Centre,Left,69
<_io.BytesIO object at 0x0000018E00209900>,1062119980,-0.09024831652641296,-0.200825497508049,2.802596928649634e-45,1.064986832886861e-43,1.401298464324817e-45,0.4986423850059509,0.03887014836072922,-0.11136136204004288,-19348,551336,9,2,False,Right,Back,Centre,Left,69
<_io.BytesIO object at 0x0000018E0014F540>,1062114282,-0.09041998535394669,-0.2000121772289276,2.802596928649634e-45,1.064986832886861e-43,1.401298464324817e-45,0.4986423850059509,0.03887014836072922,-0.11136136204004288,-19348,551337,9,2,False,Right,Back,Centre,Left,69
<_io.BytesIO object at 0x0000018E0015CA90>,1062111176,-0.09077244997024536,-0.19918309152126312,2.802596928649634e-45,1.064986832886861e-43,1.401298464324817e-45,0.4986423850059509,0.03887014836072922,-0.11136136204004288,-19348,551338,9,2,False,Right,Back,Centre,Left,69
<_io.BytesIO object at 0x0000018E0014A4A0>,1062103440,-0.09113918244838715,-0.19832545518875122,2.802596928649634e-45,1.064986832886861e-43,1.401298464324817e-45,0.4986423850059509,0.03887014836072922,-0.11136136204004288,-19348,551339,9,2,False,Right,Back,Centre,Left,69
<_io.BytesIO object at 0x0000018E001939F0>,1062098619,-0.09129313379526138,-0.197564959526062,2.802596928649634e-45,1.064986832886861e-43,1.401298464324817e-45,0.4986423850059509,0.03887014836072922,-0.11136136204004288,-19348,551340,9,2,False,Right,Back,Centre,Left,69
<_io.BytesIO object at 0x0000018E0020B770>,1062091031,-0.09160663187503815,-0.19661681354045868,2.802596928649634e-45,1.064986832886861e-43,1.401298464324817e-45,0.4986423850059509,0.03887014836072922,-0.11136136204004288,-19348,551341,9,2,False,Right,Back,Centre,Left,69
<_io.BytesIO object at 0x0000018E0006A9F0>,1062085524,-0.0918022096157074,-0.1958790123462677,2.802596928649634e-45,1.064986832886861e-43,1.401298464324817e-45,0.4986423850059509,0.03887014836072922,-0.11136136204004288,-19348,551342,9,2,False,Right,Back,Centre,Left,69
<_io.BytesIO object at 0x0000018E0006A810>,1062076856,-0.09218989312648773,-0.19496209919452667,2.802596928649634e-45,1.064986832886861e-43,1.401298464324817e-45,0.4986423850059509,0.03887014836072922,-0.11136136204004288,-19348,551343,9,2,False,Right,Back,Centre,Left,69
<_io.BytesIO object at 0x0000018E00203EA0>,1062071413,-0.0925566777586937,-0.19411718845367432,2.802596928649634e-45,1.064986832886861e-43,1.401298464324817e-45,0.4986423850059509,0.03887014836072922,-0.11136136204004288,-19348,551344,9,2,False,Right,Back,Centre,Left,69
