_io,pos_x,pos_y,pos_z,frame,trial_num,block_num,practicing,left_right_hand,palm_back_hand,target_loc,distractor_loc,participant_id
<_io.BytesIO object at 0x0000020FB7474360>,0.6896647810935974,0.03256818652153015,-0.12277597188949585,281253,17,4,False,Left,Back,Right,Left,52
_io,pos_x,pos_y,pos_z,frame,trial_num,block_num,practicing,left_right_hand,palm_back_hand,target_loc,distractor_loc,participant_id
<_io.BytesIO object at 0x0000020FB74746D0>,0.6647396683692932,0.0008945875451900065,-0.04831167683005333,281253,17,4,False,Left,Back,Right,Left,52
_io,pos_x,pos_y,pos_z,frame,trial_num,block_num,practicing,left_right_hand,palm_back_hand,target_loc,distractor_loc,participant_id
<_io.BytesIO object at 0x0000020FB7474D60>,0.6208277344703674,0.0691172331571579,-0.0768469050526619,281253,17,4,False,Left,Back,Right,Left,52
_io,pos_x,pos_y,pos_z,frame,trial_num,block_num,practicing,left_right_hand,palm_back_hand,target_loc,distractor_loc,participant_id
<_io.BytesIO object at 0x0000020FB7474CC0>,0.6954712867736816,-0.003908143844455481,-0.11150355637073517,281253,17,4,False,Left,Back,Right,Left,52
_io,pos_x,pos_y,pos_z,frame,trial_num,block_num,practicing,left_right_hand,palm_back_hand,target_loc,distractor_loc,participant_id
<_io.BytesIO object at 0x0000020FB7474860>,0.6540384292602539,0.03914084658026695,-0.14429019391536713,281253,17,4,False,Left,Back,Right,Left,52
_io,pos_x,pos_y,pos_z,frame,trial_num,block_num,practicing,left_right_hand,palm_back_hand,target_loc,distractor_loc,participant_id
<_io.BytesIO object at 0x0000020FB7474A40>,0.7514094710350037,0.12051019817590714,0.18381637334823608,281253,17,4,False,Left,Back,Right,Left,52
_io,pos_x,pos_y,pos_z,frame,trial_num,block_num,practicing,left_right_hand,palm_back_hand,target_loc,distractor_loc,participant_id
<_io.BytesIO object at 0x0000020FB7497F40>,0.7384576201438904,0.08311069756746292,0.2557529807090759,281253,17,4,False,Left,Back,Right,Left,52
_io,pos_x,pos_y,pos_z,frame,trial_num,block_num,practicing,left_right_hand,palm_back_hand,target_loc,distractor_loc,participant_id
<_io.BytesIO object at 0x0000020FB7533DB0>,0.6866157054901123,0.151773601770401,0.24119549989700317,281253,17,4,False,Left,Back,Right,Left,52
_io,pos_x,pos_y,pos_z,frame,trial_num,block_num,practicing,left_right_hand,palm_back_hand,target_loc,distractor_loc,participant_id
<_io.BytesIO object at 0x0000020FB7533860>,0.7137515544891357,0.1318478137254715,0.17030252516269684,281253,17,4,False,Left,Back,Right,Left,52
_io,pos_x,pos_y,pos_z,frame,trial_num,block_num,practicing,left_right_hand,palm_back_hand,target_loc,distractor_loc,participant_id
<_io.BytesIO object at 0x0000020FB7533090>,0.7565247416496277,0.08259953558444977,0.18718034029006958,281253,17,4,False,Left,Back,Right,Left,52
<_io.BytesIO object at 0x0000020FB74744A0>,0.6896241307258606,0.03236084058880806,-0.12270762771368027,281254,17,4,False,Left,Back,Right,Left,52
<_io.BytesIO object at 0x0000020FB7474450>,0.6645952463150024,0.000484120479086414,-0.0483541414141655,281254,17,4,False,Left,Back,Right,Left,52
<_io.BytesIO object at 0x0000020FB7497EF0>,0.6205188035964966,0.06844311207532883,-0.07647979259490967,281254,17,4,False,Left,Back,Right,Left,52
<_io.BytesIO object at 0x0000020FB7497A90>,0.6954586505889893,-0.004138603340834379,-0.11150975525379181,281254,17,4,False,Left,Back,Right,Left,52
<_io.BytesIO object at 0x0000020FB7533090>,0.6539356708526611,0.038938768208026886,-0.14414764940738678,281254,17,4,False,Left,Back,Right,Left,52
<_io.BytesIO object at 0x0000020FB7533BD0>,0.7514094710350037,0.12051019817590714,0.18381637334823608,281254,17,4,False,Left,Back,Right,Left,52
<_io.BytesIO object at 0x0000020FB7533590>,0.7384576201438904,0.08311069756746292,0.2557529807090759,281254,17,4,False,Left,Back,Right,Left,52
<_io.BytesIO object at 0x0000020FB7533220>,0.6866157054901123,0.151773601770401,0.24119549989700317,281254,17,4,False,Left,Back,Right,Left,52
<_io.BytesIO object at 0x0000020FB75335E0>,0.7137515544891357,0.1318478137254715,0.17030252516269684,281254,17,4,False,Left,Back,Right,Left,52
<_io.BytesIO object at 0x0000020FB7533310>,0.7565247416496277,0.08259953558444977,0.18718034029006958,281254,17,4,False,Left,Back,Right,Left,52
<_io.BytesIO object at 0x0000020FB74741D0>,0.6895498037338257,0.03213363140821457,-0.12260755151510239,281255,17,4,False,Left,Back,Right,Left,52
<_io.BytesIO object at 0x0000020FB74744F0>,0.664447009563446,-0.0002596138510853052,-0.04830903187394142,281255,17,4,False,Left,Back,Right,Left,52
<_io.BytesIO object at 0x0000020FB7474C20>,0.6201466917991638,0.06751015782356262,-0.07587699592113495,281255,17,4,False,Left,Back,Right,Left,52
<_io.BytesIO object at 0x0000020FB7474E00>,0.6953327655792236,-0.004453490488231182,-0.1115998923778534,281255,17,4,False,Left,Back,Right,Left,52
<_io.BytesIO object at 0x0000020FB7533450>,0.6538853645324707,0.03882138431072235,-0.1440163105726242,281255,17,4,False,Left,Back,Right,Left,52
<_io.BytesIO object at 0x0000020FB75339A0>,0.7514094710350037,0.12051019817590714,0.18381637334823608,281255,17,4,False,Left,Back,Right,Left,52
<_io.BytesIO object at 0x0000020FB7533040>,0.7384576201438904,0.08311069756746292,0.2557529807090759,281255,17,4,False,Left,Back,Right,Left,52
<_io.BytesIO object at 0x0000020FB7533180>,0.6866157054901123,0.151773601770401,0.24119549989700317,281255,17,4,False,Left,Back,Right,Left,52
<_io.BytesIO object at 0x0000020FB7533BD0>,0.7137515544891357,0.1318478137254715,0.17030252516269684,281255,17,4,False,Left,Back,Right,Left,52
<_io.BytesIO object at 0x0000020FB7533630>,0.7565247416496277,0.08259953558444977,0.18718034029006958,281255,17,4,False,Left,Back,Right,Left,52
<_io.BytesIO object at 0x0000020FB7474B30>,0.689457893371582,0.031813256442546844,-0.12249520421028137,281256,17,4,False,Left,Back,Right,Left,52
<_io.BytesIO object at 0x0000020FB7474AE0>,0.664370059967041,-0.0006625876412726939,-0.04833487793803215,281256,17,4,False,Left,Back,Right,Left,52
<_io.BytesIO object at 0x0000020FB7497BD0>,0.6198003888130188,0.0666637271642685,-0.07540348172187805,281256,17,4,False,Left,Back,Right,Left,52
<_io.BytesIO object at 0x0000020FB7497A90>,0.6952212452888489,-0.0047726742923259735,-0.11162976920604706,281256,17,4,False,Left,Back,Right,Left,52
<_io.BytesIO object at 0x0000020FB7533950>,0.6538136005401611,0.03871125355362892,-0.14384758472442627,281256,17,4,False,Left,Back,Right,Left,52
<_io.BytesIO object at 0x0000020FB7533090>,0.7514094710350037,0.12051019817590714,0.18381637334823608,281256,17,4,False,Left,Back,Right,Left,52
<_io.BytesIO object at 0x0000020FB7533DB0>,0.7384576201438904,0.08311069756746292,0.2557529807090759,281256,17,4,False,Left,Back,Right,Left,52
<_io.BytesIO object at 0x0000020FB7533270>,0.6866157054901123,0.151773601770401,0.24119549989700317,281256,17,4,False,Left,Back,Right,Left,52
<_io.BytesIO object at 0x0000020FB75339A0>,0.7137515544891357,0.1318478137254715,0.17030252516269684,281256,17,4,False,Left,Back,Right,Left,52
<_io.BytesIO object at 0x0000020FB7533D10>,0.7565247416496277,0.08259953558444977,0.18718034029006958,281256,17,4,False,Left,Back,Right,Left,52
<_io.BytesIO object at 0x0000020FB7497D60>,0.6893989443778992,0.03173326328396797,-0.1223926842212677,281257,17,4,False,Left,Back,Right,Left,52
<_io.BytesIO object at 0x0000020FB7533860>,0.6643577814102173,-0.0009245069813914597,-0.04836120828986168,281257,17,4,False,Left,Back,Right,Left,52
<_io.BytesIO object at 0x0000020FB7533040>,0.6192649602890015,0.06603037565946579,-0.0751432478427887,281257,17,4,False,Left,Back,Right,Left,52
<_io.BytesIO object at 0x0000020FB7533A90>,0.6951447129249573,-0.004938855767250061,-0.11170835793018341,281257,17,4,False,Left,Back,Right,Left,52
<_io.BytesIO object at 0x0000020FB7533B30>,0.6537368893623352,0.03863462060689926,-0.14370667934417725,281257,17,4,False,Left,Back,Right,Left,52
<_io.BytesIO object at 0x0000020FB748E590>,0.7514094710350037,0.12051019817590714,0.18381637334823608,281257,17,4,False,Left,Back,Right,Left,52
<_io.BytesIO object at 0x0000020FB748E450>,0.7384576201438904,0.08311069756746292,0.2557529807090759,281257,17,4,False,Left,Back,Right,Left,52
<_io.BytesIO object at 0x0000020FB748E860>,0.6866157054901123,0.151773601770401,0.24119549989700317,281257,17,4,False,Left,Back,Right,Left,52
<_io.BytesIO object at 0x0000020FB748EA40>,0.7137515544891357,0.1318478137254715,0.17030252516269684,281257,17,4,False,Left,Back,Right,Left,52
<_io.BytesIO object at 0x0000020FB748E400>,0.7565247416496277,0.08259953558444977,0.18718034029006958,281257,17,4,False,Left,Back,Right,Left,52
<_io.BytesIO object at 0x0000020FB7497D60>,0.6893100738525391,0.03180988132953644,-0.12235219776630402,281258,17,4,False,Left,Back,Right,Left,52
<_io.BytesIO object at 0x0000020FB7497E00>,0.6643385291099548,-0.0009079276351258159,-0.04835551232099533,281258,17,4,False,Left,Back,Right,Left,52
<_io.BytesIO object at 0x0000020FB7497F90>,0.6186915040016174,0.06555577367544174,-0.07515902817249298,281258,17,4,False,Left,Back,Right,Left,52
<_io.BytesIO object at 0x0000020FB7533D10>,0.6951017379760742,-0.004874278791248798,-0.11169948428869247,281258,17,4,False,Left,Back,Right,Left,52
<_io.BytesIO object at 0x0000020FB7533DB0>,0.6535431742668152,0.03855327516794205,-0.14373810589313507,281258,17,4,False,Left,Back,Right,Left,52
<_io.BytesIO object at 0x0000020FB7533450>,0.7514094710350037,0.12051019817590714,0.18381637334823608,281258,17,4,False,Left,Back,Right,Left,52
<_io.BytesIO object at 0x0000020FB75332C0>,0.7384576201438904,0.08311069756746292,0.2557529807090759,281258,17,4,False,Left,Back,Right,Left,52
<_io.BytesIO object at 0x0000020FB7533540>,0.6866157054901123,0.151773601770401,0.24119549989700317,281258,17,4,False,Left,Back,Right,Left,52
<_io.BytesIO object at 0x0000020FB75336D0>,0.7137515544891357,0.1318478137254715,0.17030252516269684,281258,17,4,False,Left,Back,Right,Left,52
<_io.BytesIO object at 0x0000020FB7474450>,0.7565247416496277,0.08259953558444977,0.18718034029006958,281258,17,4,False,Left,Back,Right,Left,52
<_io.BytesIO object at 0x0000020FB75331D0>,0.6891752481460571,0.03210907429456711,-0.12236471474170685,281259,17,4,False,Left,Back,Right,Left,52
<_io.BytesIO object at 0x0000020FB7474EA0>,0.6642635464668274,-0.0006609961274079978,-0.04834413528442383,281259,17,4,False,Left,Back,Right,Left,52
<_io.BytesIO object at 0x0000020FB7474040>,0.6181594133377075,0.06540518999099731,-0.07530079036951065,281259,17,4,False,Left,Back,Right,Left,52
<_io.BytesIO object at 0x0000020FB7474CC0>,0.6950849294662476,-0.0045355092734098434,-0.11167631298303604,281259,17,4,False,Left,Back,Right,Left,52
<_io.BytesIO object at 0x0000020FB7474900>,0.6533734798431396,0.038565006107091904,-0.14382925629615784,281259,17,4,False,Left,Back,Right,Left,52
<_io.BytesIO object at 0x0000020FB748E130>,0.7514094710350037,0.12051019817590714,0.18381637334823608,281259,17,4,False,Left,Back,Right,Left,52
<_io.BytesIO object at 0x0000020FB748E720>,0.7384576201438904,0.08311069756746292,0.2557529807090759,281259,17,4,False,Left,Back,Right,Left,52
<_io.BytesIO object at 0x0000020FB748E0E0>,0.6866157054901123,0.151773601770401,0.24119549989700317,281259,17,4,False,Left,Back,Right,Left,52
<_io.BytesIO object at 0x0000020FB748EF90>,0.7137515544891357,0.1318478137254715,0.17030252516269684,281259,17,4,False,Left,Back,Right,Left,52
<_io.BytesIO object at 0x0000020FB748E770>,0.7565247416496277,0.08259953558444977,0.18718034029006958,281259,17,4,False,Left,Back,Right,Left,52
<_io.BytesIO object at 0x0000020FB7533AE0>,0.6890945434570312,0.03268487751483917,-0.12236908078193665,281260,17,4,False,Left,Back,Right,Left,52
<_io.BytesIO object at 0x0000020FB7533310>,0.664170503616333,-0.0003915594716090709,-0.048335470259189606,281260,17,4,False,Left,Back,Right,Left,52
<_io.BytesIO object at 0x0000020FB74979A0>,0.6176420450210571,0.06551268696784973,-0.07555266469717026,281260,17,4,False,Left,Back,Right,Left,52
<_io.BytesIO object at 0x0000020FB7497950>,0.6950355172157288,-0.004108099266886711,-0.11164773255586624,281260,17,4,False,Left,Back,Right,Left,52
<_io.BytesIO object at 0x0000020FB7497C20>,0.6531813740730286,0.0387624092400074,-0.14390526711940765,281260,17,4,False,Left,Back,Right,Left,52
<_io.BytesIO object at 0x0000020FB748E220>,0.7514094710350037,0.12051019817590714,0.18381637334823608,281260,17,4,False,Left,Back,Right,Left,52
<_io.BytesIO object at 0x0000020FB748EE00>,0.7384576201438904,0.08311069756746292,0.2557529807090759,281260,17,4,False,Left,Back,Right,Left,52
<_io.BytesIO object at 0x0000020FB748E3B0>,0.6866157054901123,0.151773601770401,0.24119549989700317,281260,17,4,False,Left,Back,Right,Left,52
<_io.BytesIO object at 0x0000020FB748E9F0>,0.7137515544891357,0.1318478137254715,0.17030252516269684,281260,17,4,False,Left,Back,Right,Left,52
<_io.BytesIO object at 0x0000020FB748EA40>,0.7565247416496277,0.08259953558444977,0.18718034029006958,281260,17,4,False,Left,Back,Right,Left,52
<_io.BytesIO object at 0x0000020FB7533180>,0.6888332962989807,0.033156171441078186,-0.12255088239908218,281261,17,4,False,Left,Back,Right,Left,52
<_io.BytesIO object at 0x0000020FB7474860>,0.6638990640640259,-0.00013133027823641896,-0.04836619645357132,281261,17,4,False,Left,Back,Right,Left,52
<_io.BytesIO object at 0x0000020FB7474DB0>,0.6173603534698486,0.06583864986896515,-0.07563963532447815,281261,17,4,False,Left,Back,Right,Left,52
<_io.BytesIO object at 0x0000020FB7474950>,0.6949391961097717,-0.0035207506734877825,-0.11160597205162048,281261,17,4,False,Left,Back,Right,Left,52
<_io.BytesIO object at 0x0000020FB7474C70>,0.6530765295028687,0.0391140952706337,-0.14396707713603973,281261,17,4,False,Left,Back,Right,Left,52
<_io.BytesIO object at 0x0000020FB748E950>,0.7514094710350037,0.12051019817590714,0.18381637334823608,281261,17,4,False,Left,Back,Right,Left,52
<_io.BytesIO object at 0x0000020FB7474900>,0.7384576201438904,0.08311069756746292,0.2557529807090759,281261,17,4,False,Left,Back,Right,Left,52
<_io.BytesIO object at 0x0000020FB7474D10>,0.6866157054901123,0.151773601770401,0.24119549989700317,281261,17,4,False,Left,Back,Right,Left,52
<_io.BytesIO object at 0x0000020FB74747C0>,0.7137515544891357,0.1318478137254715,0.17030252516269684,281261,17,4,False,Left,Back,Right,Left,52
<_io.BytesIO object at 0x0000020FB7474AE0>,0.7565247416496277,0.08259953558444977,0.18718034029006958,281261,17,4,False,Left,Back,Right,Left,52
<_io.BytesIO object at 0x0000020FB7533CC0>,0.688692033290863,0.03356117755174637,-0.12258389592170715,281262,17,4,False,Left,Back,Right,Left,52
<_io.BytesIO object at 0x0000020FB7533590>,0.6635956764221191,5.30734469066374e-05,-0.04848372936248779,281262,17,4,False,Left,Back,Right,Left,52
<_io.BytesIO object at 0x0000020FB7497860>,0.6172683835029602,0.06639362871646881,-0.07570084184408188,281262,17,4,False,Left,Back,Right,Left,52
<_io.BytesIO object at 0x0000020FB7497EF0>,0.6948102712631226,-0.0030806222930550575,-0.11161522567272186,281262,17,4,False,Left,Back,Right,Left,52
<_io.BytesIO object at 0x0000020FB7497E00>,0.6530622243881226,0.039607301354408264,-0.14407546818256378,281262,17,4,False,Left,Back,Right,Left,52
<_io.BytesIO object at 0x0000020FB748E220>,0.7514094710350037,0.12051019817590714,0.18381637334823608,281262,17,4,False,Left,Back,Right,Left,52
<_io.BytesIO object at 0x0000020FB748E9F0>,0.7384576201438904,0.08311069756746292,0.2557529807090759,281262,17,4,False,Left,Back,Right,Left,52
<_io.BytesIO object at 0x0000020FB748E180>,0.6866157054901123,0.151773601770401,0.24119549989700317,281262,17,4,False,Left,Back,Right,Left,52
<_io.BytesIO object at 0x0000020FB748E630>,0.7137515544891357,0.1318478137254715,0.17030252516269684,281262,17,4,False,Left,Back,Right,Left,52
<_io.BytesIO object at 0x0000020FB748EF90>,0.7565247416496277,0.08259953558444977,0.18718034029006958,281262,17,4,False,Left,Back,Right,Left,52
<_io.BytesIO object at 0x0000020FB7533720>,0.6886298060417175,0.034120626747608185,-0.12263122946023941,281263,17,4,False,Left,Back,Right,Left,52
<_io.BytesIO object at 0x0000020FB7474040>,0.6633519530296326,0.00037079243338666856,-0.04868263751268387,281263,17,4,False,Left,Back,Right,Left,52
<_io.BytesIO object at 0x0000020FB7474400>,0.6172317266464233,0.06711841374635696,-0.07565834373235703,281263,17,4,False,Left,Back,Right,Left,52
<_io.BytesIO object at 0x0000020FB7474630>,0.6946632266044617,-0.0026613434311002493,-0.11171338707208633,281263,17,4,False,Left,Back,Right,Left,52
<_io.BytesIO object at 0x0000020FB74749F0>,0.6531103253364563,0.040201976895332336,-0.14414428174495697,281263,17,4,False,Left,Back,Right,Left,52
<_io.BytesIO object at 0x0000020FB748EE50>,0.7514094710350037,0.12051019817590714,0.18381637334823608,281263,17,4,False,Left,Back,Right,Left,52
<_io.BytesIO object at 0x0000020FB748E220>,0.7384576201438904,0.08311069756746292,0.2557529807090759,281263,17,4,False,Left,Back,Right,Left,52
<_io.BytesIO object at 0x0000020FB748E630>,0.6866157054901123,0.151773601770401,0.24119549989700317,281263,17,4,False,Left,Back,Right,Left,52
<_io.BytesIO object at 0x0000020FB748ECC0>,0.7137515544891357,0.1318478137254715,0.17030252516269684,281263,17,4,False,Left,Back,Right,Left,52
<_io.BytesIO object at 0x0000020FB748EF40>,0.7565247416496277,0.08259953558444977,0.18718034029006958,281263,17,4,False,Left,Back,Right,Left,52
<_io.BytesIO object at 0x0000020FB75339A0>,0.6885302066802979,0.03473198413848877,-0.12277334928512573,281264,17,4,False,Left,Back,Right,Left,52
<_io.BytesIO object at 0x0000020FB7533F90>,0.663052499294281,0.0006545789074152708,-0.04892941564321518,281264,17,4,False,Left,Back,Right,Left,52
<_io.BytesIO object at 0x0000020FB7533CC0>,0.6173532009124756,0.06790262460708618,-0.075685054063797,281264,17,4,False,Left,Back,Right,Left,52
<_io.BytesIO object at 0x0000020FB7533770>,0.6945257186889648,-0.0020446800626814365,-0.1117917075753212,281264,17,4,False,Left,Back,Right,Left,52
<_io.BytesIO object at 0x0000020FB7533540>,0.6531274318695068,0.04080254212021828,-0.1442721039056778,281264,17,4,False,Left,Back,Right,Left,52
<_io.BytesIO object at 0x0000020FB7533270>,0.7514094710350037,0.12051019817590714,0.18381637334823608,281264,17,4,False,Left,Back,Right,Left,52
<_io.BytesIO object at 0x0000020FB7533900>,0.7384576201438904,0.08311069756746292,0.2557529807090759,281264,17,4,False,Left,Back,Right,Left,52
<_io.BytesIO object at 0x0000020FB7533090>,0.6866157054901123,0.151773601770401,0.24119549989700317,281264,17,4,False,Left,Back,Right,Left,52
<_io.BytesIO object at 0x0000020FB7533720>,0.7137515544891357,0.1318478137254715,0.17030252516269684,281264,17,4,False,Left,Back,Right,Left,52
<_io.BytesIO object at 0x0000020FB74746D0>,0.7565247416496277,0.08259953558444977,0.18718034029006958,281264,17,4,False,Left,Back,Right,Left,52
<_io.BytesIO object at 0x0000020FB4674090>,0.6884545087814331,0.03516235575079918,-0.1229025200009346,281265,17,4,False,Left,Back,Right,Left,52
<_io.BytesIO object at 0x0000020FB7533130>,0.6629745960235596,0.0013123832177370787,-0.04920589551329613,281265,17,4,False,Left,Back,Right,Left,52
<_io.BytesIO object at 0x0000020FB7533CC0>,0.6175598502159119,0.0688440352678299,-0.07579877972602844,281265,17,4,False,Left,Back,Right,Left,52
<_io.BytesIO object at 0x0000020FB7533400>,0.6944350004196167,-0.001448130002245307,-0.11189522594213486,281265,17,4,False,Left,Back,Right,Left,52
<_io.BytesIO object at 0x0000020FB7533270>,0.6530985236167908,0.04146320000290871,-0.14436395466327667,281265,17,4,False,Left,Back,Right,Left,52
<_io.BytesIO object at 0x0000020FB7533900>,0.7514094710350037,0.12051019817590714,0.18381637334823608,281265,17,4,False,Left,Back,Right,Left,52
<_io.BytesIO object at 0x0000020FB7474C20>,0.7384576201438904,0.08311069756746292,0.2557529807090759,281265,17,4,False,Left,Back,Right,Left,52
<_io.BytesIO object at 0x0000020FB7474770>,0.6866157054901123,0.151773601770401,0.24119549989700317,281265,17,4,False,Left,Back,Right,Left,52
<_io.BytesIO object at 0x0000020FB7474860>,0.7137515544891357,0.1318478137254715,0.17030252516269684,281265,17,4,False,Left,Back,Right,Left,52
<_io.BytesIO object at 0x0000020FB7474A40>,0.7565247416496277,0.08259953558444977,0.18718034029006958,281265,17,4,False,Left,Back,Right,Left,52
<_io.BytesIO object at 0x0000020FB75330E0>,0.6885335445404053,0.0357147715985775,-0.12307897210121155,281266,17,4,False,Left,Back,Right,Left,52
<_io.BytesIO object at 0x0000020FB75334A0>,0.6629630923271179,0.001960502238944173,-0.04943769425153732,281266,17,4,False,Left,Back,Right,Left,52
<_io.BytesIO object at 0x0000020FB7533360>,0.6177976727485657,0.06983062624931335,-0.07598681002855301,281266,17,4,False,Left,Back,Right,Left,52
<_io.BytesIO object at 0x0000020FB7533AE0>,0.69443678855896,-0.0009130740654654801,-0.11195231974124908,281266,17,4,False,Left,Back,Right,Left,52
<_io.BytesIO object at 0x0000020FB7533770>,0.653199315071106,0.0421585887670517,-0.14454056322574615,281266,17,4,False,Left,Back,Right,Left,52
<_io.BytesIO object at 0x0000020FB7533950>,0.7514094710350037,0.12051019817590714,0.18381637334823608,281266,17,4,False,Left,Back,Right,Left,52
<_io.BytesIO object at 0x0000020FB7474040>,0.7384576201438904,0.08311069756746292,0.2557529807090759,281266,17,4,False,Left,Back,Right,Left,52
<_io.BytesIO object at 0x0000020FB7474CC0>,0.6866157054901123,0.151773601770401,0.24119549989700317,281266,17,4,False,Left,Back,Right,Left,52
<_io.BytesIO object at 0x0000020FB7474450>,0.7137515544891357,0.1318478137254715,0.17030252516269684,281266,17,4,False,Left,Back,Right,Left,52
<_io.BytesIO object at 0x0000020FB7474680>,0.7565247416496277,0.08259953558444977,0.18718034029006958,281266,17,4,False,Left,Back,Right,Left,52
<_io.BytesIO object at 0x0000020FB4674130>,0.6885834336280823,0.03643878921866417,-0.1232999637722969,281267,17,4,False,Left,Back,Right,Left,52
<_io.BytesIO object at 0x0000020FB7533900>,0.6630182266235352,0.0025345454923808575,-0.04959617555141449,281267,17,4,False,Left,Back,Right,Left,52
<_io.BytesIO object at 0x0000020FB7533A90>,0.6180537343025208,0.07072661817073822,-0.07626909762620926,281267,17,4,False,Left,Back,Right,Left,52
<_io.BytesIO object at 0x0000020FB7533810>,0.6944648027420044,-0.0002322223299415782,-0.1120646670460701,281267,17,4,False,Left,Back,Right,Left,52
<_io.BytesIO object at 0x0000020FB7533590>,0.6533041596412659,0.04268832504749298,-0.14472906291484833,281267,17,4,False,Left,Back,Right,Left,52
<_io.BytesIO object at 0x0000020FB7533130>,0.7514094710350037,0.12051019817590714,0.18381637334823608,281267,17,4,False,Left,Back,Right,Left,52
<_io.BytesIO object at 0x0000020FB7474770>,0.7384576201438904,0.08311069756746292,0.2557529807090759,281267,17,4,False,Left,Back,Right,Left,52
<_io.BytesIO object at 0x0000020FB74741D0>,0.6866157054901123,0.151773601770401,0.24119549989700317,281267,17,4,False,Left,Back,Right,Left,52
<_io.BytesIO object at 0x0000020FB7474810>,0.7137515544891357,0.1318478137254715,0.17030252516269684,281267,17,4,False,Left,Back,Right,Left,52
<_io.BytesIO object at 0x0000020FB7474270>,0.7565247416496277,0.08259953558444977,0.18718034029006958,281267,17,4,False,Left,Back,Right,Left,52
<_io.BytesIO object at 0x0000020FB7533D10>,0.6885351538658142,0.03689480945467949,-0.12353608757257462,281268,17,4,False,Left,Back,Right,Left,52
<_io.BytesIO object at 0x0000020FB7533C70>,0.6631373763084412,0.003424104070290923,-0.04973038285970688,281268,17,4,False,Left,Back,Right,Left,52
<_io.BytesIO object at 0x0000020FB7533B30>,0.6183788776397705,0.07173335552215576,-0.07648995518684387,281268,17,4,False,Left,Back,Right,Left,52
<_io.BytesIO object at 0x0000020FB7533900>,0.6945338845252991,0.0004721746372524649,-0.11210605502128601,281268,17,4,False,Left,Back,Right,Left,52
<_io.BytesIO object at 0x0000020FB75335E0>,0.6532797813415527,0.04328121244907379,-0.14487247169017792,281268,17,4,False,Left,Back,Right,Left,52
<_io.BytesIO object at 0x0000020FB75337C0>,0.7514094710350037,0.12051019817590714,0.18381637334823608,281268,17,4,False,Left,Back,Right,Left,52
<_io.BytesIO object at 0x0000020FB7474E00>,0.7384576201438904,0.08311069756746292,0.2557529807090759,281268,17,4,False,Left,Back,Right,Left,52
<_io.BytesIO object at 0x0000020FB74740E0>,0.6866157054901123,0.151773601770401,0.24119549989700317,281268,17,4,False,Left,Back,Right,Left,52
<_io.BytesIO object at 0x0000020FB7474F40>,0.7137515544891357,0.1318478137254715,0.17030252516269684,281268,17,4,False,Left,Back,Right,Left,52
<_io.BytesIO object at 0x0000020FB7474EF0>,0.7565247416496277,0.08259953558444977,0.18718034029006958,281268,17,4,False,Left,Back,Right,Left,52
<_io.BytesIO object at 0x0000020FB74740E0>,0.6885458827018738,0.03745470568537712,-0.12375075370073318,281269,17,4,False,Left,Back,Right,Left,52
<_io.BytesIO object at 0x0000020FB7474B30>,0.663286566734314,0.004302024841308594,-0.04986751824617386,281269,17,4,False,Left,Back,Right,Left,52
<_io.BytesIO object at 0x0000020FB7497E50>,0.6186659336090088,0.07275500893592834,-0.07683878391981125,281269,17,4,False,Left,Back,Right,Left,52
<_io.BytesIO object at 0x0000020FB7497BD0>,0.6946393251419067,0.0010441849008202553,-0.11218219250440598,281269,17,4,False,Left,Back,Right,Left,52
<_io.BytesIO object at 0x0000020FB7497D10>,0.6533600091934204,0.043898653239011765,-0.14507219195365906,281269,17,4,False,Left,Back,Right,Left,52
<_io.BytesIO object at 0x0000020FB748E590>,0.7514094710350037,0.12051019817590714,0.18381637334823608,281269,17,4,False,Left,Back,Right,Left,52
<_io.BytesIO object at 0x0000020FB748E770>,0.7384576201438904,0.08311069756746292,0.2557529807090759,281269,17,4,False,Left,Back,Right,Left,52
<_io.BytesIO object at 0x0000020FB748E400>,0.6866157054901123,0.151773601770401,0.24119549989700317,281269,17,4,False,Left,Back,Right,Left,52
<_io.BytesIO object at 0x0000020FB748E0E0>,0.7137515544891357,0.1318478137254715,0.17030252516269684,281269,17,4,False,Left,Back,Right,Left,52
<_io.BytesIO object at 0x0000020FB748ED60>,0.7565247416496277,0.08259953558444977,0.18718034029006958,281269,17,4,False,Left,Back,Right,Left,52
<_io.BytesIO object at 0x0000020FB74741D0>,0.688650906085968,0.038116637617349625,-0.12404360622167587,281270,17,4,False,Left,Back,Right,Left,52
<_io.BytesIO object at 0x0000020FB74746D0>,0.6634995937347412,0.005430459510535002,-0.04997313767671585,281270,17,4,False,Left,Back,Right,Left,52
<_io.BytesIO object at 0x0000020FB74744A0>,0.6190239191055298,0.07382334023714066,-0.07728588581085205,281270,17,4,False,Left,Back,Right,Left,52
<_io.BytesIO object at 0x0000020FB466C860>,0.6948248744010925,0.0017675715498626232,-0.11218380182981491,281270,17,4,False,Left,Back,Right,Left,52
<_io.BytesIO object at 0x0000020FB7533810>,0.6533921360969543,0.04428805783390999,-0.1452811360359192,281270,17,4,False,Left,Back,Right,Left,52
<_io.BytesIO object at 0x0000020FB7533D60>,0.7514094710350037,0.12051019817590714,0.18381637334823608,281270,17,4,False,Left,Back,Right,Left,52
<_io.BytesIO object at 0x0000020FB7533090>,0.7384576201438904,0.08311069756746292,0.2557529807090759,281270,17,4,False,Left,Back,Right,Left,52
<_io.BytesIO object at 0x0000020FB7533360>,0.6866157054901123,0.151773601770401,0.24119549989700317,281270,17,4,False,Left,Back,Right,Left,52
<_io.BytesIO object at 0x0000020FB7533EF0>,0.7137515544891357,0.1318478137254715,0.17030252516269684,281270,17,4,False,Left,Back,Right,Left,52
<_io.BytesIO object at 0x0000020FB7533CC0>,0.7565247416496277,0.08259953558444977,0.18718034029006958,281270,17,4,False,Left,Back,Right,Left,52
<_io.BytesIO object at 0x0000020FB7497B30>,0.6886175274848938,0.03868839144706726,-0.12416408210992813,281271,17,4,False,Left,Back,Right,Left,52
<_io.BytesIO object at 0x0000020FB7533D10>,0.6637436151504517,0.006492822431027889,-0.05007307231426239,281271,17,4,False,Left,Back,Right,Left,52
<_io.BytesIO object at 0x0000020FB7533D60>,0.6191966533660889,0.07481864839792252,-0.07786624133586884,281271,17,4,False,Left,Back,Right,Left,52
<_io.BytesIO object at 0x0000020FB75334F0>,0.6949597597122192,0.0025381469167768955,-0.11213217675685883,281271,17,4,False,Left,Back,Right,Left,52
<_io.BytesIO object at 0x0000020FB75331D0>,0.6533738970756531,0.04465363174676895,-0.14554612338542938,281271,17,4,False,Left,Back,Right,Left,52
<_io.BytesIO object at 0x0000020FB748EE00>,0.7514094710350037,0.12051019817590714,0.18381637334823608,281271,17,4,False,Left,Back,Right,Left,52
<_io.BytesIO object at 0x0000020FB748EB80>,0.7384576201438904,0.08311069756746292,0.2557529807090759,281271,17,4,False,Left,Back,Right,Left,52
<_io.BytesIO object at 0x0000020FB748EF90>,0.6866157054901123,0.151773601770401,0.24119549989700317,281271,17,4,False,Left,Back,Right,Left,52
<_io.BytesIO object at 0x0000020FB748EB30>,0.7137515544891357,0.1318478137254715,0.17030252516269684,281271,17,4,False,Left,Back,Right,Left,52
<_io.BytesIO object at 0x0000020FB748ECC0>,0.7565247416496277,0.08259953558444977,0.18718034029006958,281271,17,4,False,Left,Back,Right,Left,52
<_io.BytesIO object at 0x0000020FB74979F0>,0.6887316703796387,0.03928269445896149,-0.12450399994850159,281272,17,4,False,Left,Back,Right,Left,52
<_io.BytesIO object at 0x0000020FB7474630>,0.6640412211418152,0.007724895142018795,-0.050086859613657,281272,17,4,False,Left,Back,Right,Left,52
<_io.BytesIO object at 0x0000020FB74749F0>,0.619421660900116,0.07590429484844208,-0.07839687913656235,281272,17,4,False,Left,Back,Right,Left,52
<_io.BytesIO object at 0x0000020FB7474810>,0.6951307058334351,0.0032277777791023254,-0.11218899488449097,281272,17,4,False,Left,Back,Right,Left,52
<_io.BytesIO object at 0x0000020FB7474EF0>,0.6533915400505066,0.04511786252260208,-0.1458381563425064,281272,17,4,False,Left,Back,Right,Left,52
<_io.BytesIO object at 0x0000020FB748E220>,0.7514094710350037,0.12051019817590714,0.18381637334823608,281272,17,4,False,Left,Back,Right,Left,52
<_io.BytesIO object at 0x0000020FB748E180>,0.7384576201438904,0.08311069756746292,0.2557529807090759,281272,17,4,False,Left,Back,Right,Left,52
<_io.BytesIO object at 0x0000020FB748E9F0>,0.6866157054901123,0.151773601770401,0.24119549989700317,281272,17,4,False,Left,Back,Right,Left,52
<_io.BytesIO object at 0x0000020FB748E810>,0.7137515544891357,0.1318478137254715,0.17030252516269684,281272,17,4,False,Left,Back,Right,Left,52
<_io.BytesIO object at 0x0000020FB748E0E0>,0.7565247416496277,0.08259953558444977,0.18718034029006958,281272,17,4,False,Left,Back,Right,Left,52
<_io.BytesIO object at 0x0000020FB74977C0>,0.6888223886489868,0.039995089173316956,-0.12481699883937836,281273,17,4,False,Left,Back,Right,Left,52
<_io.BytesIO object at 0x0000020FB7497F40>,0.6643148064613342,0.008733025752007961,-0.05022116377949715,281273,17,4,False,Left,Back,Right,Left,52
<_io.BytesIO object at 0x0000020FB7533A90>,0.619483232498169,0.07675562053918839,-0.07902755588293076,281273,17,4,False,Left,Back,Right,Left,52
<_io.BytesIO object at 0x0000020FB7533950>,0.6952714920043945,0.003897477872669697,-0.11225637048482895,281273,17,4,False,Left,Back,Right,Left,52
<_io.BytesIO object at 0x0000020FB7533810>,0.6534024477005005,0.045509565621614456,-0.14609894156455994,281273,17,4,False,Left,Back,Right,Left,52
<_io.BytesIO object at 0x0000020FB7533180>,0.7514094710350037,0.12051019817590714,0.18381637334823608,281273,17,4,False,Left,Back,Right,Left,52
<_io.BytesIO object at 0x0000020FB7533DB0>,0.7384576201438904,0.08311069756746292,0.2557529807090759,281273,17,4,False,Left,Back,Right,Left,52
<_io.BytesIO object at 0x0000020FB7533EF0>,0.6866157054901123,0.151773601770401,0.24119549989700317,281273,17,4,False,Left,Back,Right,Left,52
<_io.BytesIO object at 0x0000020FB75335E0>,0.7137515544891357,0.1318478137254715,0.17030252516269684,281273,17,4,False,Left,Back,Right,Left,52
<_io.BytesIO object at 0x0000020FB7474450>,0.7565247416496277,0.08259953558444977,0.18718034029006958,281273,17,4,False,Left,Back,Right,Left,52
<_io.BytesIO object at 0x0000020FB7533860>,0.6888108253479004,0.04050208255648613,-0.12506374716758728,281274,17,4,False,Left,Back,Right,Left,52
<_io.BytesIO object at 0x0000020FB7533040>,0.6646203994750977,0.00965616013854742,-0.05039316788315773,281274,17,4,False,Left,Back,Right,Left,52
<_io.BytesIO object at 0x0000020FB7497BD0>,0.6196742057800293,0.07759995013475418,-0.07956117391586304,281274,17,4,False,Left,Back,Right,Left,52
<_io.BytesIO object at 0x0000020FB7497D10>,0.6953175663948059,0.004603726323693991,-0.11230195313692093,281274,17,4,False,Left,Back,Right,Left,52
<_io.BytesIO object at 0x0000020FB7497EF0>,0.6533446907997131,0.04583565518260002,-0.14639639854431152,281274,17,4,False,Left,Back,Right,Left,52
<_io.BytesIO object at 0x0000020FB7474EF0>,0.7514094710350037,0.12051019817590714,0.18381637334823608,281274,17,4,False,Left,Back,Right,Left,52
<_io.BytesIO object at 0x0000020FB74741D0>,0.7384576201438904,0.08311069756746292,0.2557529807090759,281274,17,4,False,Left,Back,Right,Left,52
<_io.BytesIO object at 0x0000020FB7474D60>,0.6866157054901123,0.151773601770401,0.24119549989700317,281274,17,4,False,Left,Back,Right,Left,52
<_io.BytesIO object at 0x0000020FB7474E00>,0.7137515544891357,0.1318478137254715,0.17030252516269684,281274,17,4,False,Left,Back,Right,Left,52
<_io.BytesIO object at 0x0000020FB74744F0>,0.7565247416496277,0.08259953558444977,0.18718034029006958,281274,17,4,False,Left,Back,Right,Left,52
<_io.BytesIO object at 0x0000020FB75338B0>,0.6888703107833862,0.04097716137766838,-0.1252160221338272,281275,17,4,False,Left,Back,Right,Left,52
<_io.BytesIO object at 0x0000020FB7533D60>,0.6648098230361938,0.010550449602305889,-0.050430793315172195,281275,17,4,False,Left,Back,Right,Left,52
<_io.BytesIO object at 0x0000020FB7533A40>,0.6196688413619995,0.07828811556100845,-0.08016178011894226,281275,17,4,False,Left,Back,Right,Left,52
<_io.BytesIO object at 0x0000020FB75337C0>,0.6953290700912476,0.005086574237793684,-0.11236248165369034,281275,17,4,False,Left,Back,Right,Left,52
<_io.BytesIO object at 0x0000020FB7474720>,0.6533231139183044,0.04609498009085655,-0.14668221771717072,281275,17,4,False,Left,Back,Right,Left,52
<_io.BytesIO object at 0x0000020FB74744F0>,0.7514094710350037,0.12051019817590714,0.18381637334823608,281275,17,4,False,Left,Back,Right,Left,52
<_io.BytesIO object at 0x0000020FB74749A0>,0.7384576201438904,0.08311069756746292,0.2557529807090759,281275,17,4,False,Left,Back,Right,Left,52
<_io.BytesIO object at 0x0000020FB7474F90>,0.6866157054901123,0.151773601770401,0.24119549989700317,281275,17,4,False,Left,Back,Right,Left,52
<_io.BytesIO object at 0x0000020FB7474A90>,0.7137515544891357,0.1318478137254715,0.17030252516269684,281275,17,4,False,Left,Back,Right,Left,52
<_io.BytesIO object at 0x0000020FB7474810>,0.7565247416496277,0.08259953558444977,0.18718034029006958,281275,17,4,False,Left,Back,Right,Left,52
<_io.BytesIO object at 0x0000020FB7533B30>,0.6887676119804382,0.04139890521764755,-0.12544435262680054,281276,17,4,False,Left,Back,Right,Left,52
<_io.BytesIO object at 0x0000020FB7533DB0>,0.6648951768875122,0.011293300427496433,-0.050555963069200516,281276,17,4,False,Left,Back,Right,Left,52
<_io.BytesIO object at 0x0000020FB7497D60>,0.6197255849838257,0.07897082716226578,-0.08061042428016663,281276,17,4,False,Left,Back,Right,Left,52
<_io.BytesIO object at 0x0000020FB74744A0>,0.6953070163726807,0.005470870528370142,-0.11241843551397324,281276,17,4,False,Left,Back,Right,Left,52
<_io.BytesIO object at 0x0000020FB7474F40>,0.6532294154167175,0.046402156352996826,-0.14695122838020325,281276,17,4,False,Left,Back,Right,Left,52
<_io.BytesIO object at 0x0000020FB7474A90>,0.7514094710350037,0.12051019817590714,0.18381637334823608,281276,17,4,False,Left,Back,Right,Left,52
<_io.BytesIO object at 0x0000020FB74747C0>,0.7384576201438904,0.08311069756746292,0.2557529807090759,281276,17,4,False,Left,Back,Right,Left,52
<_io.BytesIO object at 0x0000020FB7474E00>,0.6866157054901123,0.151773601770401,0.24119549989700317,281276,17,4,False,Left,Back,Right,Left,52
<_io.BytesIO object at 0x0000020FB7474400>,0.7137515544891357,0.1318478137254715,0.17030252516269684,281276,17,4,False,Left,Back,Right,Left,52
<_io.BytesIO object at 0x0000020FB7474040>,0.7565247416496277,0.08259953558444977,0.18718034029006958,281276,17,4,False,Left,Back,Right,Left,52
<_io.BytesIO object at 0x0000020FB75332C0>,0.6886446475982666,0.041650786995887756,-0.1256737858057022,281277,17,4,False,Left,Back,Right,Left,52
<_io.BytesIO object at 0x0000020FB7533B80>,0.6651771664619446,0.012016805820167065,-0.05062940716743469,281277,17,4,False,Left,Back,Right,Left,52
<_io.BytesIO object at 0x0000020FB7497C20>,0.6197018623352051,0.07938101887702942,-0.0809607207775116,281277,17,4,False,Left,Back,Right,Left,52
<_io.BytesIO object at 0x0000020FB7497B30>,0.695300817489624,0.005808432120829821,-0.11247260868549347,281277,17,4,False,Left,Back,Right,Left,52
<_io.BytesIO object at 0x0000020FB7497CC0>,0.6531151533126831,0.04650747776031494,-0.14714935421943665,281277,17,4,False,Left,Back,Right,Left,52
<_io.BytesIO object at 0x0000020FB748E220>,0.7514094710350037,0.12051019817590714,0.18381637334823608,281277,17,4,False,Left,Back,Right,Left,52
<_io.BytesIO object at 0x0000020FB748E810>,0.7384576201438904,0.08311069756746292,0.2557529807090759,281277,17,4,False,Left,Back,Right,Left,52
<_io.BytesIO object at 0x0000020FB4674130>,0.6866157054901123,0.151773601770401,0.24119549989700317,281277,17,4,False,Left,Back,Right,Left,52
<_io.BytesIO object at 0x0000020FB7474630>,0.7137515544891357,0.1318478137254715,0.17030252516269684,281277,17,4,False,Left,Back,Right,Left,52
<_io.BytesIO object at 0x0000020FB74749F0>,0.7565247416496277,0.08259953558444977,0.18718034029006958,281277,17,4,False,Left,Back,Right,Left,52
<_io.BytesIO object at 0x0000020FB7474DB0>,0.6884939074516296,0.041773971170186996,-0.12585945427417755,281278,17,4,False,Left,Back,Right,Left,52
<_io.BytesIO object at 0x0000020FB7474D10>,0.6655296683311462,0.01270656194537878,-0.0505911149084568,281278,17,4,False,Left,Back,Right,Left,52
<_io.BytesIO object at 0x0000020FB7533EF0>,0.6195610761642456,0.07961250096559525,-0.08133236318826675,281278,17,4,False,Left,Back,Right,Left,52
<_io.BytesIO object at 0x0000020FB7533540>,0.6952863335609436,0.005999701097607613,-0.1125364825129509,281278,17,4,False,Left,Back,Right,Left,52
<_io.BytesIO object at 0x0000020FB7533950>,0.6530309319496155,0.04656834900379181,-0.1473025232553482,281278,17,4,False,Left,Back,Right,Left,52
<_io.BytesIO object at 0x0000020FB7533180>,0.7514094710350037,0.12051019817590714,0.18381637334823608,281278,17,4,False,Left,Back,Right,Left,52
<_io.BytesIO object at 0x0000020FB7533EA0>,0.7384576201438904,0.08311069756746292,0.2557529807090759,281278,17,4,False,Left,Back,Right,Left,52
<_io.BytesIO object at 0x0000020FB7533360>,0.6866157054901123,0.151773601770401,0.24119549989700317,281278,17,4,False,Left,Back,Right,Left,52
<_io.BytesIO object at 0x0000020FB7497C20>,0.7137515544891357,0.1318478137254715,0.17030252516269684,281278,17,4,False,Left,Back,Right,Left,52
<_io.BytesIO object at 0x0000020FB7497E00>,0.7565247416496277,0.08259953558444977,0.18718034029006958,281278,17,4,False,Left,Back,Right,Left,52
<_io.BytesIO object at 0x0000020FB7533C70>,0.6883879899978638,0.04189503565430641,-0.12593890726566315,281279,17,4,False,Left,Back,Right,Left,52
<_io.BytesIO object at 0x0000020FB7533090>,0.6656978130340576,0.013086535967886448,-0.050592996180057526,281279,17,4,False,Left,Back,Right,Left,52
<_io.BytesIO object at 0x0000020FB7533E00>,0.6194371581077576,0.07967478036880493,-0.08156615495681763,281279,17,4,False,Left,Back,Right,Left,52
<_io.BytesIO object at 0x0000020FB7533220>,0.695284366607666,0.006105245091021061,-0.11262188851833344,281279,17,4,False,Left,Back,Right,Left,52
<_io.BytesIO object at 0x0000020FB7533360>,0.6529505848884583,0.046557679772377014,-0.14744113385677338,281279,17,4,False,Left,Back,Right,Left,52
<_io.BytesIO object at 0x0000020FB7533A40>,0.7514094710350037,0.12051019817590714,0.18381637334823608,281279,17,4,False,Left,Back,Right,Left,52
<_io.BytesIO object at 0x0000020FB7474950>,0.7384576201438904,0.08311069756746292,0.2557529807090759,281279,17,4,False,Left,Back,Right,Left,52
<_io.BytesIO object at 0x0000020FB7474450>,0.6866157054901123,0.151773601770401,0.24119549989700317,281279,17,4,False,Left,Back,Right,Left,52
<_io.BytesIO object at 0x0000020FB7474720>,0.7137515544891357,0.1318478137254715,0.17030252516269684,281279,17,4,False,Left,Back,Right,Left,52
<_io.BytesIO object at 0x0000020FB7474860>,0.7565247416496277,0.08259953558444977,0.18718034029006958,281279,17,4,False,Left,Back,Right,Left,52
<_io.BytesIO object at 0x0000020FB7533EA0>,0.6883666515350342,0.04193900153040886,-0.1259745955467224,281280,17,4,False,Left,Back,Right,Left,52
<_io.BytesIO object at 0x0000020FB7533900>,0.6658027768135071,0.013287889771163464,-0.05058349668979645,281280,17,4,False,Left,Back,Right,Left,52
<_io.BytesIO object at 0x0000020FB7533860>,0.6191985011100769,0.07961857318878174,-0.08176236599683762,281280,17,4,False,Left,Back,Right,Left,52
<_io.BytesIO object at 0x0000020FB7533310>,0.6952031254768372,0.006121947895735502,-0.11274655163288116,281280,17,4,False,Left,Back,Right,Left,52
<_io.BytesIO object at 0x0000020FB75334F0>,0.6528594493865967,0.046498555690050125,-0.1475537270307541,281280,17,4,False,Left,Back,Right,Left,52
<_io.BytesIO object at 0x0000020FB7533630>,0.7514094710350037,0.12051019817590714,0.18381637334823608,281280,17,4,False,Left,Back,Right,Left,52
<_io.BytesIO object at 0x0000020FB7474040>,0.7384576201438904,0.08311069756746292,0.2557529807090759,281280,17,4,False,Left,Back,Right,Left,52
<_io.BytesIO object at 0x0000020FB7474C20>,0.6866157054901123,0.151773601770401,0.24119549989700317,281280,17,4,False,Left,Back,Right,Left,52
<_io.BytesIO object at 0x0000020FB7474C70>,0.7137515544891357,0.1318478137254715,0.17030252516269684,281280,17,4,False,Left,Back,Right,Left,52
<_io.BytesIO object at 0x0000020FB7474CC0>,0.7565247416496277,0.08259953558444977,0.18718034029006958,281280,17,4,False,Left,Back,Right,Left,52
<_io.BytesIO object at 0x0000020FB7474C20>,0.6883071064949036,0.041896525770425797,-0.1260216385126114,281281,17,4,False,Left,Back,Right,Left,52
<_io.BytesIO object at 0x0000020FB7474A40>,0.6658992171287537,0.013350420631468296,-0.050581298768520355,281281,17,4,False,Left,Back,Right,Left,52
<_io.BytesIO object at 0x0000020FB7497E50>,0.6189890503883362,0.07944034785032272,-0.08181504905223846,281281,17,4,False,Left,Back,Right,Left,52
<_io.BytesIO object at 0x0000020FB7497D10>,0.6951656341552734,0.006059584673494101,-0.11285273730754852,281281,17,4,False,Left,Back,Right,Left,52
<_io.BytesIO object at 0x0000020FB7497950>,0.652779221534729,0.04642922431230545,-0.14762510359287262,281281,17,4,False,Left,Back,Right,Left,52
<_io.BytesIO object at 0x0000020FB748E180>,0.7514094710350037,0.12051019817590714,0.18381637334823608,281281,17,4,False,Left,Back,Right,Left,52
<_io.BytesIO object at 0x0000020FB748EC20>,0.7384576201438904,0.08311069756746292,0.2557529807090759,281281,17,4,False,Left,Back,Right,Left,52
<_io.BytesIO object at 0x0000020FB748E450>,0.6866157054901123,0.151773601770401,0.24119549989700317,281281,17,4,False,Left,Back,Right,Left,52
<_io.BytesIO object at 0x0000020FB748E1D0>,0.7137515544891357,0.1318478137254715,0.17030252516269684,281281,17,4,False,Left,Back,Right,Left,52
<_io.BytesIO object at 0x0000020FB748EF40>,0.7565247416496277,0.08259953558444977,0.18718034029006958,281281,17,4,False,Left,Back,Right,Left,52
<_io.BytesIO object at 0x0000020FB7474B30>,0.6883065104484558,0.04179423302412033,-0.12603019177913666,281282,17,4,False,Left,Back,Right,Left,52
<_io.BytesIO object at 0x0000020FB7533450>,0.6659983992576599,0.013275263831019402,-0.05058463290333748,281282,17,4,False,Left,Back,Right,Left,52
<_io.BytesIO object at 0x0000020FB7533590>,0.6187111735343933,0.07913690060377121,-0.08180268108844757,281282,17,4,False,Left,Back,Right,Left,52
<_io.BytesIO object at 0x0000020FB75332C0>,0.6951774954795837,0.005941948387771845,-0.11290610581636429,281282,17,4,False,Left,Back,Right,Left,52
<_io.BytesIO object at 0x0000020FB7533310>,0.6527259945869446,0.046316418796777725,-0.14767640829086304,281282,17,4,False,Left,Back,Right,Left,52
<_io.BytesIO object at 0x0000020FB7474A90>,0.7514094710350037,0.12051019817590714,0.18381637334823608,281282,17,4,False,Left,Back,Right,Left,52
<_io.BytesIO object at 0x0000020FB7474270>,0.7384576201438904,0.08311069756746292,0.2557529807090759,281282,17,4,False,Left,Back,Right,Left,52
<_io.BytesIO object at 0x0000020FB7474450>,0.6866157054901123,0.151773601770401,0.24119549989700317,281282,17,4,False,Left,Back,Right,Left,52
<_io.BytesIO object at 0x0000020FB7474040>,0.7137515544891357,0.1318478137254715,0.17030252516269684,281282,17,4,False,Left,Back,Right,Left,52
<_io.BytesIO object at 0x0000020FB7474810>,0.7565247416496277,0.08259953558444977,0.18718034029006958,281282,17,4,False,Left,Back,Right,Left,52
<_io.BytesIO object at 0x0000020FB7497F90>,0.6882029175758362,0.04160930961370468,-0.12609981000423431,281283,17,4,False,Left,Back,Right,Left,52
<_io.BytesIO object at 0x0000020FB7497860>,0.6660744547843933,0.012999995611608028,-0.05067901685833931,281283,17,4,False,Left,Back,Right,Left,52
<_io.BytesIO object at 0x0000020FB7497D10>,0.6185213923454285,0.07878302782773972,-0.08175843954086304,281283,17,4,False,Left,Back,Right,Left,52
<_io.BytesIO object at 0x0000020FB7474770>,0.6951361894607544,0.005762876011431217,-0.11300896108150482,281283,17,4,False,Left,Back,Right,Left,52
<_io.BytesIO object at 0x0000020FB74749A0>,0.6526792049407959,0.04618293046951294,-0.147703155875206,281283,17,4,False,Left,Back,Right,Left,52
<_io.BytesIO object at 0x0000020FB7474EF0>,0.7514094710350037,0.12051019817590714,0.18381637334823608,281283,17,4,False,Left,Back,Right,Left,52
<_io.BytesIO object at 0x0000020FB7474F40>,0.7384576201438904,0.08311069756746292,0.2557529807090759,281283,17,4,False,Left,Back,Right,Left,52
<_io.BytesIO object at 0x0000020FB7474040>,0.6866157054901123,0.151773601770401,0.24119549989700317,281283,17,4,False,Left,Back,Right,Left,52
<_io.BytesIO object at 0x0000020FB7533A90>,0.7137515544891357,0.1318478137254715,0.17030252516269684,281283,17,4,False,Left,Back,Right,Left,52
<_io.BytesIO object at 0x0000020FB7533860>,0.7565247416496277,0.08259953558444977,0.18718034029006958,281283,17,4,False,Left,Back,Right,Left,52
<_io.BytesIO object at 0x0000020FB466C860>,0.6881596446037292,0.04138162359595299,-0.1261405199766159,281284,17,4,False,Left,Back,Right,Left,52
<_io.BytesIO object at 0x0000020FB7474400>,0.6660745143890381,0.012635281309485435,-0.050722744315862656,281284,17,4,False,Left,Back,Right,Left,52
<_io.BytesIO object at 0x0000020FB7474720>,0.6182994246482849,0.0783301517367363,-0.08166685700416565,281284,17,4,False,Left,Back,Right,Left,52
<_io.BytesIO object at 0x0000020FB7474A40>,0.6950586438179016,0.0055170017294585705,-0.11307957768440247,281284,17,4,False,Left,Back,Right,Left,52
<_io.BytesIO object at 0x0000020FB74749A0>,0.6526384949684143,0.04603157192468643,-0.14774036407470703,281284,17,4,False,Left,Back,Right,Left,52
<_io.BytesIO object at 0x0000020FB7474EF0>,0.7514094710350037,0.12051019817590714,0.18381637334823608,281284,17,4,False,Left,Back,Right,Left,52
<_io.BytesIO object at 0x0000020FB7474D60>,0.7384576201438904,0.08311069756746292,0.2557529807090759,281284,17,4,False,Left,Back,Right,Left,52
<_io.BytesIO object at 0x0000020FB74979F0>,0.6866157054901123,0.151773601770401,0.24119549989700317,281284,17,4,False,Left,Back,Right,Left,52
<_io.BytesIO object at 0x0000020FB75338B0>,0.7137515544891357,0.1318478137254715,0.17030252516269684,281284,17,4,False,Left,Back,Right,Left,52
<_io.BytesIO object at 0x0000020FB75336D0>,0.7565247416496277,0.08259953558444977,0.18718034029006958,281284,17,4,False,Left,Back,Right,Left,52
<_io.BytesIO object at 0x0000020FB74979F0>,0.6881322860717773,0.04111602157354355,-0.126146599650383,281285,17,4,False,Left,Back,Right,Left,52
<_io.BytesIO object at 0x0000020FB7497F40>,0.666006863117218,0.012183020822703838,-0.050778068602085114,281285,17,4,False,Left,Back,Right,Left,52
<_io.BytesIO object at 0x0000020FB7497F90>,0.6181456446647644,0.07797108590602875,-0.08161678165197372,281285,17,4,False,Left,Back,Right,Left,52
<_io.BytesIO object at 0x0000020FB74749F0>,0.6949492692947388,0.005197928287088871,-0.11318835616111755,281285,17,4,False,Left,Back,Right,Left,52
<_io.BytesIO object at 0x0000020FB7474630>,0.652614414691925,0.045865748077631,-0.1477254331111908,281285,17,4,False,Left,Back,Right,Left,52
<_io.BytesIO object at 0x0000020FB7474810>,0.7514094710350037,0.12051019817590714,0.18381637334823608,281285,17,4,False,Left,Back,Right,Left,52
<_io.BytesIO object at 0x0000020FB7474B30>,0.7384576201438904,0.08311069756746292,0.2557529807090759,281285,17,4,False,Left,Back,Right,Left,52
<_io.BytesIO object at 0x0000020FB7474A90>,0.6866157054901123,0.151773601770401,0.24119549989700317,281285,17,4,False,Left,Back,Right,Left,52
<_io.BytesIO object at 0x0000020FB75332C0>,0.7137515544891357,0.1318478137254715,0.17030252516269684,281285,17,4,False,Left,Back,Right,Left,52
<_io.BytesIO object at 0x0000020FB75337C0>,0.7565247416496277,0.08259953558444977,0.18718034029006958,281285,17,4,False,Left,Back,Right,Left,52
<_io.BytesIO object at 0x0000020FB74744A0>,0.6880294680595398,0.04077787324786186,-0.12610945105552673,281286,17,4,False,Left,Back,Right,Left,52
<_io.BytesIO object at 0x0000020FB7533090>,0.6659066081047058,0.011712638661265373,-0.050823874771595,281286,17,4,False,Left,Back,Right,Left,52
<_io.BytesIO object at 0x0000020FB7533DB0>,0.61808180809021,0.07762867957353592,-0.08156302571296692,281286,17,4,False,Left,Back,Right,Left,52
<_io.BytesIO object at 0x0000020FB7533B30>,0.6948442459106445,0.004854828584939241,-0.11330180615186691,281286,17,4,False,Left,Back,Right,Left,52
<_io.BytesIO object at 0x0000020FB7533220>,0.6526502370834351,0.04563714563846588,-0.14765723049640656,281286,17,4,False,Left,Back,Right,Left,52
<_io.BytesIO object at 0x0000020FB748EF40>,0.7514094710350037,0.12051019817590714,0.18381637334823608,281286,17,4,False,Left,Back,Right,Left,52
<_io.BytesIO object at 0x0000020FB748E450>,0.7384576201438904,0.08311069756746292,0.2557529807090759,281286,17,4,False,Left,Back,Right,Left,52
<_io.BytesIO object at 0x0000020FB748EB80>,0.6866157054901123,0.151773601770401,0.24119549989700317,281286,17,4,False,Left,Back,Right,Left,52
<_io.BytesIO object at 0x0000020FB748E8B0>,0.7137515544891357,0.1318478137254715,0.17030252516269684,281286,17,4,False,Left,Back,Right,Left,52
<_io.BytesIO object at 0x0000020FB748E680>,0.7565247416496277,0.08259953558444977,0.18718034029006958,281286,17,4,False,Left,Back,Right,Left,52
<_io.BytesIO object at 0x0000020FB466C860>,0.6880112290382385,0.040459368377923965,-0.12610037624835968,281287,17,4,False,Left,Back,Right,Left,52
<_io.BytesIO object at 0x0000020FB7533C70>,0.6657399535179138,0.011216001585125923,-0.05089244991540909,281287,17,4,False,Left,Back,Right,Left,52
<_io.BytesIO object at 0x0000020FB7533900>,0.6180320978164673,0.07727351039648056,-0.08146277815103531,281287,17,4,False,Left,Back,Right,Left,52
<_io.BytesIO object at 0x0000020FB7533F90>,0.6947890520095825,0.004510561004281044,-0.1134558618068695,281287,17,4,False,Left,Back,Right,Left,52
<_io.BytesIO object at 0x0000020FB7533B80>,0.6526174545288086,0.04539921134710312,-0.1476379632949829,281287,17,4,False,Left,Back,Right,Left,52
<_io.BytesIO object at 0x0000020FB7533720>,0.7514094710350037,0.12051019817590714,0.18381637334823608,281287,17,4,False,Left,Back,Right,Left,52
<_io.BytesIO object at 0x0000020FB7474EF0>,0.7384576201438904,0.08311069756746292,0.2557529807090759,281287,17,4,False,Left,Back,Right,Left,52
<_io.BytesIO object at 0x0000020FB74746D0>,0.6866157054901123,0.151773601770401,0.24119549989700317,281287,17,4,False,Left,Back,Right,Left,52
<_io.BytesIO object at 0x0000020FB7474770>,0.7137515544891357,0.1318478137254715,0.17030252516269684,281287,17,4,False,Left,Back,Right,Left,52
<_io.BytesIO object at 0x0000020FB7474C20>,0.7565247416496277,0.08259953558444977,0.18718034029006958,281287,17,4,False,Left,Back,Right,Left,52
<_io.BytesIO object at 0x0000020FB7533A40>,0.6880061626434326,0.04022401571273804,-0.12612104415893555,281288,17,4,False,Left,Back,Right,Left,52
<_io.BytesIO object at 0x0000020FB7533090>,0.6656560897827148,0.010765443556010723,-0.05102827772498131,281288,17,4,False,Left,Back,Right,Left,52
<_io.BytesIO object at 0x0000020FB7533590>,0.6179565787315369,0.0769757553935051,-0.08140929788351059,281288,17,4,False,Left,Back,Right,Left,52
<_io.BytesIO object at 0x0000020FB7533C70>,0.6947423815727234,0.004265656229108572,-0.11353947222232819,281288,17,4,False,Left,Back,Right,Left,52
<_io.BytesIO object at 0x0000020FB7533540>,0.6526040434837341,0.04523886740207672,-0.14763829112052917,281288,17,4,False,Left,Back,Right,Left,52
<_io.BytesIO object at 0x0000020FB7533770>,0.7514094710350037,0.12051019817590714,0.18381637334823608,281288,17,4,False,Left,Back,Right,Left,52
<_io.BytesIO object at 0x0000020FB7474D10>,0.7384576201438904,0.08311069756746292,0.2557529807090759,281288,17,4,False,Left,Back,Right,Left,52
<_io.BytesIO object at 0x0000020FB7474270>,0.6866157054901123,0.151773601770401,0.24119549989700317,281288,17,4,False,Left,Back,Right,Left,52
<_io.BytesIO object at 0x0000020FB7474EA0>,0.7137515544891357,0.1318478137254715,0.17030252516269684,281288,17,4,False,Left,Back,Right,Left,52
<_io.BytesIO object at 0x0000020FB74747C0>,0.7565247416496277,0.08259953558444977,0.18718034029006958,281288,17,4,False,Left,Back,Right,Left,52
<_io.BytesIO object at 0x0000020FB7474F40>,0.6879742741584778,0.04005341976881027,-0.1261475384235382,281289,17,4,False,Left,Back,Right,Left,52
<_io.BytesIO object at 0x0000020FB74743B0>,0.665598452091217,0.010458758100867271,-0.05108420550823212,281289,17,4,False,Left,Back,Right,Left,52
<_io.BytesIO object at 0x0000020FB7497860>,0.6178985238075256,0.0766368955373764,-0.08139270544052124,281289,17,4,False,Left,Back,Right,Left,52
<_io.BytesIO object at 0x0000020FB7497D60>,0.6947069764137268,0.0040492769330739975,-0.11360388249158859,281289,17,4,False,Left,Back,Right,Left,52
<_io.BytesIO object at 0x0000020FB7497EF0>,0.65257728099823,0.04509418457746506,-0.14766134321689606,281289,17,4,False,Left,Back,Right,Left,52
<_io.BytesIO object at 0x0000020FB748E680>,0.7514094710350037,0.12051019817590714,0.18381637334823608,281289,17,4,False,Left,Back,Right,Left,52
<_io.BytesIO object at 0x0000020FB748EB80>,0.7384576201438904,0.08311069756746292,0.2557529807090759,281289,17,4,False,Left,Back,Right,Left,52
<_io.BytesIO object at 0x0000020FB748E9F0>,0.6866157054901123,0.151773601770401,0.24119549989700317,281289,17,4,False,Left,Back,Right,Left,52
<_io.BytesIO object at 0x0000020FB748E040>,0.7137515544891357,0.1318478137254715,0.17030252516269684,281289,17,4,False,Left,Back,Right,Left,52
<_io.BytesIO object at 0x0000020FB748E860>,0.7565247416496277,0.08259953558444977,0.18718034029006958,281289,17,4,False,Left,Back,Right,Left,52
<_io.BytesIO object at 0x0000020FB7481810>,0.6879096627235413,0.03985428065061569,-0.1262025386095047,281290,17,4,False,Left,Back,Right,Left,52
<_io.BytesIO object at 0x0000020FB7411AE0>,0.6655739545822144,0.010253410786390305,-0.05115383490920067,281290,17,4,False,Left,Back,Right,Left,52
<_io.BytesIO object at 0x0000020FB74113B0>,0.617845356464386,0.07645900547504425,-0.08138152211904526,281290,17,4,False,Left,Back,Right,Left,52
<_io.BytesIO object at 0x0000020FB7411D10>,0.6946834325790405,0.0038938645739108324,-0.11366267502307892,281290,17,4,False,Left,Back,Right,Left,52
<_io.BytesIO object at 0x0000020FB7411E50>,0.6525409817695618,0.044929903000593185,-0.14765937626361847,281290,17,4,False,Left,Back,Right,Left,52
<_io.BytesIO object at 0x0000020FB747FCC0>,0.7514094710350037,0.12051019817590714,0.18381637334823608,281290,17,4,False,Left,Back,Right,Left,52
<_io.BytesIO object at 0x0000020FB747F2C0>,0.7384576201438904,0.08311069756746292,0.2557529807090759,281290,17,4,False,Left,Back,Right,Left,52
<_io.BytesIO object at 0x0000020FB747FE00>,0.6866157054901123,0.151773601770401,0.24119549989700317,281290,17,4,False,Left,Back,Right,Left,52
<_io.BytesIO object at 0x0000020FB747F180>,0.7137515544891357,0.1318478137254715,0.17030252516269684,281290,17,4,False,Left,Back,Right,Left,52
<_io.BytesIO object at 0x0000020FB747FA90>,0.7565247416496277,0.08259953558444977,0.18718034029006958,281290,17,4,False,Left,Back,Right,Left,52
<_io.BytesIO object at 0x0000020FB743C220>,0.6879034638404846,0.03976605460047722,-0.12623868882656097,281291,17,4,False,Left,Back,Right,Left,52
<_io.BytesIO object at 0x0000020FB7484090>,0.6655628681182861,0.010125594213604927,-0.051205746829509735,281291,17,4,False,Left,Back,Right,Left,52
<_io.BytesIO object at 0x0000020FB7484AE0>,0.6178196668624878,0.07633885741233826,-0.0814056247472763,281291,17,4,False,Left,Back,Right,Left,52
<_io.BytesIO object at 0x0000020FB743C360>,0.6946856379508972,0.0037733083590865135,-0.113701730966568,281291,17,4,False,Left,Back,Right,Left,52
<_io.BytesIO object at 0x0000020FB743C900>,0.6525399088859558,0.04485630989074707,-0.14769437909126282,281291,17,4,False,Left,Back,Right,Left,52
<_io.BytesIO object at 0x0000020FB743CCC0>,0.7514094710350037,0.12051019817590714,0.18381637334823608,281291,17,4,False,Left,Back,Right,Left,52
<_io.BytesIO object at 0x0000020FB743C400>,0.7384576201438904,0.08311069756746292,0.2557529807090759,281291,17,4,False,Left,Back,Right,Left,52
<_io.BytesIO object at 0x0000020FB743C630>,0.6866157054901123,0.151773601770401,0.24119549989700317,281291,17,4,False,Left,Back,Right,Left,52
<_io.BytesIO object at 0x0000020FB743CD60>,0.7137515544891357,0.1318478137254715,0.17030252516269684,281291,17,4,False,Left,Back,Right,Left,52
<_io.BytesIO object at 0x0000020FAFA85360>,0.7565247416496277,0.08259953558444977,0.18718034029006958,281291,17,4,False,Left,Back,Right,Left,52
<_io.BytesIO object at 0x0000020FB74117C0>,0.6879031658172607,0.03972255438566208,-0.12627144157886505,281292,17,4,False,Left,Back,Right,Left,52
<_io.BytesIO object at 0x0000020FB74115E0>,0.665562629699707,0.010078825056552887,-0.05124161019921303,281292,17,4,False,Left,Back,Right,Left,52
<_io.BytesIO object at 0x0000020FB7481E50>,0.6178261637687683,0.0762646421790123,-0.08144600689411163,281292,17,4,False,Left,Back,Right,Left,52
<_io.BytesIO object at 0x0000020FB7481B30>,0.6947022676467896,0.003720331471413374,-0.11375229060649872,281292,17,4,False,Left,Back,Right,Left,52
<_io.BytesIO object at 0x0000020FB7481630>,0.6525274515151978,0.04480190947651863,-0.14773114025592804,281292,17,4,False,Left,Back,Right,Left,52
<_io.BytesIO object at 0x0000020FB7481180>,0.7514094710350037,0.12051019817590714,0.18381637334823608,281292,17,4,False,Left,Back,Right,Left,52
<_io.BytesIO object at 0x0000020FB7481400>,0.7384576201438904,0.08311069756746292,0.2557529807090759,281292,17,4,False,Left,Back,Right,Left,52
<_io.BytesIO object at 0x0000020FB7481310>,0.6866157054901123,0.151773601770401,0.24119549989700317,281292,17,4,False,Left,Back,Right,Left,52
<_io.BytesIO object at 0x0000020FB7481A90>,0.7137515544891357,0.1318478137254715,0.17030252516269684,281292,17,4,False,Left,Back,Right,Left,52
<_io.BytesIO object at 0x0000020FB7481040>,0.7565247416496277,0.08259953558444977,0.18718034029006958,281292,17,4,False,Left,Back,Right,Left,52
<_io.BytesIO object at 0x0000020FB7497D10>,0.6879178285598755,0.03973349556326866,-0.12628735601902008,281293,17,4,False,Left,Back,Right,Left,52
<_io.BytesIO object at 0x0000020FB7474310>,0.6655730605125427,0.01011387724429369,-0.05125877633690834,281293,17,4,False,Left,Back,Right,Left,52
<_io.BytesIO object at 0x0000020FB7474270>,0.6177825927734375,0.07626432925462723,-0.08147493749856949,281293,17,4,False,Left,Back,Right,Left,52
<_io.BytesIO object at 0x0000020FB7474770>,0.6947252154350281,0.003734285943210125,-0.11377812176942825,281293,17,4,False,Left,Back,Right,Left,52
<_io.BytesIO object at 0x0000020FB74741D0>,0.652556300163269,0.04480253532528877,-0.147755965590477,281293,17,4,False,Left,Back,Right,Left,52
<_io.BytesIO object at 0x0000020FB75336D0>,0.7514094710350037,0.12051019817590714,0.18381637334823608,281293,17,4,False,Left,Back,Right,Left,52
<_io.BytesIO object at 0x0000020FB7533400>,0.7384576201438904,0.08311069756746292,0.2557529807090759,281293,17,4,False,Left,Back,Right,Left,52
<_io.BytesIO object at 0x0000020FB75330E0>,0.6866157054901123,0.151773601770401,0.24119549989700317,281293,17,4,False,Left,Back,Right,Left,52
<_io.BytesIO object at 0x0000020FB7533B80>,0.7137515544891357,0.1318478137254715,0.17030252516269684,281293,17,4,False,Left,Back,Right,Left,52
<_io.BytesIO object at 0x0000020FB7533D60>,0.7565247416496277,0.08259953558444977,0.18718034029006958,281293,17,4,False,Left,Back,Right,Left,52
<_io.BytesIO object at 0x0000020FB7484680>,0.6879360675811768,0.03977121785283089,-0.1262959986925125,281294,17,4,False,Left,Back,Right,Left,52
<_io.BytesIO object at 0x0000020FB746E770>,0.6655726432800293,0.010190551169216633,-0.05124997720122337,281294,17,4,False,Left,Back,Right,Left,52
<_io.BytesIO object at 0x0000020FB746E1D0>,0.6177593469619751,0.07630413770675659,-0.08150983601808548,281294,17,4,False,Left,Back,Right,Left,52
<_io.BytesIO object at 0x0000020FB746E950>,0.6947502493858337,0.003780015278607607,-0.1137852668762207,281294,17,4,False,Left,Back,Right,Left,52
<_io.BytesIO object at 0x0000020FB746EB30>,0.6525260806083679,0.044855695217847824,-0.14782269299030304,281294,17,4,False,Left,Back,Right,Left,52
<_io.BytesIO object at 0x0000020FB746EEA0>,0.7514094710350037,0.12051019817590714,0.18381637334823608,281294,17,4,False,Left,Back,Right,Left,52
<_io.BytesIO object at 0x0000020FB746E680>,0.7384576201438904,0.08311069756746292,0.2557529807090759,281294,17,4,False,Left,Back,Right,Left,52
<_io.BytesIO object at 0x0000020FB749EF90>,0.6866157054901123,0.151773601770401,0.24119549989700317,281294,17,4,False,Left,Back,Right,Left,52
<_io.BytesIO object at 0x0000020FB749E180>,0.7137515544891357,0.1318478137254715,0.17030252516269684,281294,17,4,False,Left,Back,Right,Left,52
<_io.BytesIO object at 0x0000020FB749E900>,0.7565247416496277,0.08259953558444977,0.18718034029006958,281294,17,4,False,Left,Back,Right,Left,52
<_io.BytesIO object at 0x0000020FB749A720>,0.6879661083221436,0.03984856605529785,-0.1262907087802887,281295,17,4,False,Left,Back,Right,Left,52
<_io.BytesIO object at 0x0000020FB749A9A0>,0.6655532121658325,0.010303211398422718,-0.051230400800704956,281295,17,4,False,Left,Back,Right,Left,52
<_io.BytesIO object at 0x0000020FB752B1D0>,0.6178029179573059,0.07637414336204529,-0.08152882009744644,281295,17,4,False,Left,Back,Right,Left,52
<_io.BytesIO object at 0x0000020FB752B3B0>,0.6947627663612366,0.0038701158482581377,-0.11378760635852814,281295,17,4,False,Left,Back,Right,Left,52
<_io.BytesIO object at 0x0000020FB752B180>,0.6526110768318176,0.04499848932027817,-0.1477949321269989,281295,17,4,False,Left,Back,Right,Left,52
<_io.BytesIO object at 0x0000020FB752B8B0>,0.7514094710350037,0.12051019817590714,0.18381637334823608,281295,17,4,False,Left,Back,Right,Left,52
<_io.BytesIO object at 0x0000020FB752BA40>,0.7384576201438904,0.08311069756746292,0.2557529807090759,281295,17,4,False,Left,Back,Right,Left,52
<_io.BytesIO object at 0x0000020FB73D64A0>,0.6866157054901123,0.151773601770401,0.24119549989700317,281295,17,4,False,Left,Back,Right,Left,52
<_io.BytesIO object at 0x0000020FB73D64F0>,0.7137515544891357,0.1318478137254715,0.17030252516269684,281295,17,4,False,Left,Back,Right,Left,52
<_io.BytesIO object at 0x0000020FB73D60E0>,0.7565247416496277,0.08259953558444977,0.18718034029006958,281295,17,4,False,Left,Back,Right,Left,52
<_io.BytesIO object at 0x0000020FB748A180>,0.6880559325218201,0.04001447558403015,-0.12623487412929535,281296,17,4,False,Left,Back,Right,Left,52
<_io.BytesIO object at 0x0000020FB7486CC0>,0.6655170321464539,0.01043337769806385,-0.05119215324521065,281296,17,4,False,Left,Back,Right,Left,52
<_io.BytesIO object at 0x0000020FB7486450>,0.6177536845207214,0.07654286921024323,-0.08150656521320343,281296,17,4,False,Left,Back,Right,Left,52
<_io.BytesIO object at 0x0000020FB74869F0>,0.6947857141494751,0.003981396555900574,-0.11377596110105515,281296,17,4,False,Left,Back,Right,Left,52
<_io.BytesIO object at 0x0000020FB74861D0>,0.6526678800582886,0.04513954743742943,-0.1477857381105423,281296,17,4,False,Left,Back,Right,Left,52
<_io.BytesIO object at 0x0000020FB7486130>,0.7514094710350037,0.12051019817590714,0.18381637334823608,281296,17,4,False,Left,Back,Right,Left,52
<_io.BytesIO object at 0x0000020FB7486950>,0.7384576201438904,0.08311069756746292,0.2557529807090759,281296,17,4,False,Left,Back,Right,Left,52
<_io.BytesIO object at 0x0000020FB752C7C0>,0.6866157054901123,0.151773601770401,0.24119549989700317,281296,17,4,False,Left,Back,Right,Left,52
<_io.BytesIO object at 0x0000020FB752C9F0>,0.7137515544891357,0.1318478137254715,0.17030252516269684,281296,17,4,False,Left,Back,Right,Left,52
<_io.BytesIO object at 0x0000020FB752C2C0>,0.7565247416496277,0.08259953558444977,0.18718034029006958,281296,17,4,False,Left,Back,Right,Left,52
<_io.BytesIO object at 0x0000020FB74863B0>,0.6880888342857361,0.04012316092848778,-0.12617799639701843,281297,17,4,False,Left,Back,Right,Left,52
<_io.BytesIO object at 0x0000020FB748A810>,0.66546231508255,0.010559901595115662,-0.05114217847585678,281297,17,4,False,Left,Back,Right,Left,52
<_io.BytesIO object at 0x0000020FB748AB30>,0.6177656054496765,0.07669510692358017,-0.08147868514060974,281297,17,4,False,Left,Back,Right,Left,52
<_io.BytesIO object at 0x0000020FB748AD10>,0.6947894096374512,0.004090276081115007,-0.11375057697296143,281297,17,4,False,Left,Back,Right,Left,52
<_io.BytesIO object at 0x0000020FB748A900>,0.652726411819458,0.04529247060418129,-0.14774580299854279,281297,17,4,False,Left,Back,Right,Left,52
<_io.BytesIO object at 0x0000020FB73D6EF0>,0.7514094710350037,0.12051019817590714,0.18381637334823608,281297,17,4,False,Left,Back,Right,Left,52
<_io.BytesIO object at 0x0000020FB73D68B0>,0.7384576201438904,0.08311069756746292,0.2557529807090759,281297,17,4,False,Left,Back,Right,Left,52
<_io.BytesIO object at 0x0000020FB73D6630>,0.6866157054901123,0.151773601770401,0.24119549989700317,281297,17,4,False,Left,Back,Right,Left,52
<_io.BytesIO object at 0x0000020FB73D6590>,0.7137515544891357,0.1318478137254715,0.17030252516269684,281297,17,4,False,Left,Back,Right,Left,52
<_io.BytesIO object at 0x0000020FB73D6BD0>,0.7565247416496277,0.08259953558444977,0.18718034029006958,281297,17,4,False,Left,Back,Right,Left,52
<_io.BytesIO object at 0x0000020FB752BC70>,0.6881288290023804,0.04023126885294914,-0.12611564993858337,281298,17,4,False,Left,Back,Right,Left,52
<_io.BytesIO object at 0x0000020FB749A810>,0.6653934717178345,0.010681907646358013,-0.051069390028715134,281298,17,4,False,Left,Back,Right,Left,52
<_io.BytesIO object at 0x0000020FB749A4A0>,0.6178604364395142,0.0769536942243576,-0.08142680674791336,281298,17,4,False,Left,Back,Right,Left,52
<_io.BytesIO object at 0x0000020FB749A450>,0.6947821378707886,0.004196631722152233,-0.11371219903230667,281298,17,4,False,Left,Back,Right,Left,52
<_io.BytesIO object at 0x0000020FB749E9A0>,0.6527977585792542,0.04548083245754242,-0.14768941700458527,281298,17,4,False,Left,Back,Right,Left,52
<_io.BytesIO object at 0x0000020FB749E450>,0.7514094710350037,0.12051019817590714,0.18381637334823608,281298,17,4,False,Left,Back,Right,Left,52
<_io.BytesIO object at 0x0000020FB749E630>,0.7384576201438904,0.08311069756746292,0.2557529807090759,281298,17,4,False,Left,Back,Right,Left,52
<_io.BytesIO object at 0x0000020FB749E0E0>,0.6866157054901123,0.151773601770401,0.24119549989700317,281298,17,4,False,Left,Back,Right,Left,52
<_io.BytesIO object at 0x0000020FB749EA90>,0.7137515544891357,0.1318478137254715,0.17030252516269684,281298,17,4,False,Left,Back,Right,Left,52
<_io.BytesIO object at 0x0000020FB749EAE0>,0.7565247416496277,0.08259953558444977,0.18718034029006958,281298,17,4,False,Left,Back,Right,Left,52
<_io.BytesIO object at 0x0000020FB746EDB0>,0.6881715655326843,0.0403437465429306,-0.1260147988796234,281299,17,4,False,Left,Back,Right,Left,52
<_io.BytesIO object at 0x0000020FB7474720>,0.6653139591217041,0.010824252851307392,-0.05094540864229202,281299,17,4,False,Left,Back,Right,Left,52
<_io.BytesIO object at 0x0000020FB7474C70>,0.617907702922821,0.0771230161190033,-0.08135051280260086,281299,17,4,False,Left,Back,Right,Left,52
<_io.BytesIO object at 0x0000020FB74744F0>,0.6947634816169739,0.004280039109289646,-0.11365244537591934,281299,17,4,False,Left,Back,Right,Left,52
<_io.BytesIO object at 0x0000020FB74749F0>,0.6528650522232056,0.04572150856256485,-0.14762118458747864,281299,17,4,False,Left,Back,Right,Left,52
<_io.BytesIO object at 0x0000020FB7474950>,0.7514094710350037,0.12051019817590714,0.18381637334823608,281299,17,4,False,Left,Back,Right,Left,52
<_io.BytesIO object at 0x0000020FB7497860>,0.7384576201438904,0.08311069756746292,0.2557529807090759,281299,17,4,False,Left,Back,Right,Left,52
<_io.BytesIO object at 0x0000020FB7497B30>,0.6866157054901123,0.151773601770401,0.24119549989700317,281299,17,4,False,Left,Back,Right,Left,52
<_io.BytesIO object at 0x0000020FB7497950>,0.7137515544891357,0.1318478137254715,0.17030252516269684,281299,17,4,False,Left,Back,Right,Left,52
<_io.BytesIO object at 0x0000020FB748E180>,0.7565247416496277,0.08259953558444977,0.18718034029006958,281299,17,4,False,Left,Back,Right,Left,52
<_io.BytesIO object at 0x0000020FB7481450>,0.6882343292236328,0.040472738444805145,-0.1258842796087265,281300,17,4,False,Left,Back,Right,Left,52
<_io.BytesIO object at 0x0000020FB74814A0>,0.6652525663375854,0.010885992087423801,-0.05085226893424988,281300,17,4,False,Left,Back,Right,Left,52
<_io.BytesIO object at 0x0000020FB7411E00>,0.6179162859916687,0.07731296867132187,-0.08122805505990982,281300,17,4,False,Left,Back,Right,Left,52
<_io.BytesIO object at 0x0000020FB7411D10>,0.6947581768035889,0.0043599349446594715,-0.1135733500123024,281300,17,4,False,Left,Back,Right,Left,52
<_io.BytesIO object at 0x0000020FB7411F90>,0.6529371738433838,0.0459003709256649,-0.14752879738807678,281300,17,4,False,Left,Back,Right,Left,52
<_io.BytesIO object at 0x0000020FB7411630>,0.7514094710350037,0.12051019817590714,0.18381637334823608,281300,17,4,False,Left,Back,Right,Left,52
<_io.BytesIO object at 0x0000020FB7411EF0>,0.7384576201438904,0.08311069756746292,0.2557529807090759,281300,17,4,False,Left,Back,Right,Left,52
<_io.BytesIO object at 0x0000020FB74114F0>,0.6866157054901123,0.151773601770401,0.24119549989700317,281300,17,4,False,Left,Back,Right,Left,52
<_io.BytesIO object at 0x0000020FB7411220>,0.7137515544891357,0.1318478137254715,0.17030252516269684,281300,17,4,False,Left,Back,Right,Left,52
<_io.BytesIO object at 0x0000020FB747FE50>,0.7565247416496277,0.08259953558444977,0.18718034029006958,281300,17,4,False,Left,Back,Right,Left,52
<_io.BytesIO object at 0x0000020FB75334F0>,0.688299834728241,0.04058077931404114,-0.1257290542125702,281301,17,4,False,Left,Back,Right,Left,52
<_io.BytesIO object at 0x0000020FB7533F40>,0.6651704907417297,0.010921671986579895,-0.050756294280290604,281301,17,4,False,Left,Back,Right,Left,52
<_io.BytesIO object at 0x0000020FB7533270>,0.6179627776145935,0.07742176949977875,-0.08110243082046509,281301,17,4,False,Left,Back,Right,Left,52
<_io.BytesIO object at 0x0000020FB743CB30>,0.6947462558746338,0.004436454735696316,-0.11345865577459335,281301,17,4,False,Left,Back,Right,Left,52
<_io.BytesIO object at 0x0000020FB743CF90>,0.6529580950737,0.046088047325611115,-0.14739759266376495,281301,17,4,False,Left,Back,Right,Left,52
<_io.BytesIO object at 0x0000020FB743C310>,0.7514094710350037,0.12051019817590714,0.18381637334823608,281301,17,4,False,Left,Back,Right,Left,52
<_io.BytesIO object at 0x0000020FB743CAE0>,0.7384576201438904,0.08311069756746292,0.2557529807090759,281301,17,4,False,Left,Back,Right,Left,52
<_io.BytesIO object at 0x0000020FB743C1D0>,0.6866157054901123,0.151773601770401,0.24119549989700317,281301,17,4,False,Left,Back,Right,Left,52
<_io.BytesIO object at 0x0000020FB743C900>,0.7137515544891357,0.1318478137254715,0.17030252516269684,281301,17,4,False,Left,Back,Right,Left,52
<_io.BytesIO object at 0x0000020FB743C6D0>,0.7565247416496277,0.08259953558444977,0.18718034029006958,281301,17,4,False,Left,Back,Right,Left,52
<_io.BytesIO object at 0x0000020FB752C3B0>,0.6883271336555481,0.040646277368068695,-0.12561358511447906,281302,17,4,False,Left,Back,Right,Left,52
<_io.BytesIO object at 0x0000020FB752C950>,0.6651757955551147,0.010950896888971329,-0.05063258484005928,281302,17,4,False,Left,Back,Right,Left,52
<_io.BytesIO object at 0x0000020FB752C4A0>,0.617996096611023,0.07753439992666245,-0.08088316768407822,281302,17,4,False,Left,Back,Right,Left,52
<_io.BytesIO object at 0x0000020FB752CDB0>,0.6947579383850098,0.0045399535447359085,-0.1132926270365715,281302,17,4,False,Left,Back,Right,Left,52
<_io.BytesIO object at 0x0000020FB73CD810>,0.6530138254165649,0.04622261971235275,-0.14725860953330994,281302,17,4,False,Left,Back,Right,Left,52
<_io.BytesIO object at 0x0000020FB752CBD0>,0.7514094710350037,0.12051019817590714,0.18381637334823608,281302,17,4,False,Left,Back,Right,Left,52
<_io.BytesIO object at 0x0000020FB752C270>,0.7384576201438904,0.08311069756746292,0.2557529807090759,281302,17,4,False,Left,Back,Right,Left,52
<_io.BytesIO object at 0x0000020FB752C090>,0.6866157054901123,0.151773601770401,0.24119549989700317,281302,17,4,False,Left,Back,Right,Left,52
<_io.BytesIO object at 0x0000020FB752CAE0>,0.7137515544891357,0.1318478137254715,0.17030252516269684,281302,17,4,False,Left,Back,Right,Left,52
<_io.BytesIO object at 0x0000020FB752CE00>,0.7565247416496277,0.08259953558444977,0.18718034029006958,281302,17,4,False,Left,Back,Right,Left,52
<_io.BytesIO object at 0x0000020FB743CB80>,0.6883729100227356,0.04074347764253616,-0.12540127336978912,281303,17,4,False,Left,Back,Right,Left,52
<_io.BytesIO object at 0x0000020FB743CD10>,0.6652054786682129,0.01097954623401165,-0.05050605535507202,281303,17,4,False,Left,Back,Right,Left,52
<_io.BytesIO object at 0x0000020FB743C4F0>,0.6181045174598694,0.07760949432849884,-0.08062209188938141,281303,17,4,False,Left,Back,Right,Left,52
<_io.BytesIO object at 0x0000020FAFA85540>,0.6947847008705139,0.004614443052560091,-0.11313951015472412,281303,17,4,False,Left,Back,Right,Left,52
<_io.BytesIO object at 0x0000020FB7533EF0>,0.6530506014823914,0.04633549973368645,-0.14710521697998047,281303,17,4,False,Left,Back,Right,Left,52
<_io.BytesIO object at 0x0000020FB7533180>,0.7514094710350037,0.12051019817590714,0.18381637334823608,281303,17,4,False,Left,Back,Right,Left,52
<_io.BytesIO object at 0x0000020FB7533590>,0.7384576201438904,0.08311069756746292,0.2557529807090759,281303,17,4,False,Left,Back,Right,Left,52
<_io.BytesIO object at 0x0000020FB7533DB0>,0.6866157054901123,0.151773601770401,0.24119549989700317,281303,17,4,False,Left,Back,Right,Left,52
<_io.BytesIO object at 0x0000020FB7533A40>,0.7137515544891357,0.1318478137254715,0.17030252516269684,281303,17,4,False,Left,Back,Right,Left,52
<_io.BytesIO object at 0x0000020FB7533B30>,0.7565247416496277,0.08259953558444977,0.18718034029006958,281303,17,4,False,Left,Back,Right,Left,52
<_io.BytesIO object at 0x0000020FB747F720>,0.6884422302246094,0.040776196867227554,-0.12525717914104462,281304,17,4,False,Left,Back,Right,Left,52
<_io.BytesIO object at 0x0000020FB7411180>,0.6653107404708862,0.011008761823177338,-0.0503426156938076,281304,17,4,False,Left,Back,Right,Left,52
<_io.BytesIO object at 0x0000020FB7411F90>,0.6181455850601196,0.07765756547451019,-0.0803954005241394,281304,17,4,False,Left,Back,Right,Left,52
<_io.BytesIO object at 0x0000020FB7411DB0>,0.6948274374008179,0.00470384256914258,-0.11294958740472794,281304,17,4,False,Left,Back,Right,Left,52
<_io.BytesIO object at 0x0000020FB7411D60>,0.6531198024749756,0.04644696041941643,-0.14692988991737366,281304,17,4,False,Left,Back,Right,Left,52
<_io.BytesIO object at 0x0000020FB7481810>,0.7514094710350037,0.12051019817590714,0.18381637334823608,281304,17,4,False,Left,Back,Right,Left,52
<_io.BytesIO object at 0x0000020FB7481630>,0.7384576201438904,0.08311069756746292,0.2557529807090759,281304,17,4,False,Left,Back,Right,Left,52
<_io.BytesIO object at 0x0000020FB74814F0>,0.6866157054901123,0.151773601770401,0.24119549989700317,281304,17,4,False,Left,Back,Right,Left,52
<_io.BytesIO object at 0x0000020FB74815E0>,0.7137515544891357,0.1318478137254715,0.17030252516269684,281304,17,4,False,Left,Back,Right,Left,52
<_io.BytesIO object at 0x0000020FB7481950>,0.7565247416496277,0.08259953558444977,0.18718034029006958,281304,17,4,False,Left,Back,Right,Left,52
<_io.BytesIO object at 0x0000020FB7497D10>,0.6885001063346863,0.040877457708120346,-0.12504316866397858,281305,17,4,False,Left,Back,Right,Left,52
<_io.BytesIO object at 0x0000020FB7497860>,0.6653730273246765,0.01101637352257967,-0.05018685758113861,281305,17,4,False,Left,Back,Right,Left,52
<_io.BytesIO object at 0x0000020FB7474DB0>,0.6182058453559875,0.07770873606204987,-0.08019860088825226,281305,17,4,False,Left,Back,Right,Left,52
<_io.BytesIO object at 0x0000020FB74746D0>,0.6948851943016052,0.004767990205436945,-0.11279429495334625,281305,17,4,False,Left,Back,Right,Left,52
<_io.BytesIO object at 0x0000020FB7474C70>,0.6531599164009094,0.046539079397916794,-0.14671403169631958,281305,17,4,False,Left,Back,Right,Left,52
<_io.BytesIO object at 0x0000020FB7474E00>,0.7514094710350037,0.12051019817590714,0.18381637334823608,281305,17,4,False,Left,Back,Right,Left,52
<_io.BytesIO object at 0x0000020FB7474770>,0.7384576201438904,0.08311069756746292,0.2557529807090759,281305,17,4,False,Left,Back,Right,Left,52
<_io.BytesIO object at 0x0000020FB74742C0>,0.6866157054901123,0.151773601770401,0.24119549989700317,281305,17,4,False,Left,Back,Right,Left,52
<_io.BytesIO object at 0x0000020FB4674090>,0.7137515544891357,0.1318478137254715,0.17030252516269684,281305,17,4,False,Left,Back,Right,Left,52
<_io.BytesIO object at 0x0000020FB746E4A0>,0.7565247416496277,0.08259953558444977,0.18718034029006958,281305,17,4,False,Left,Back,Right,Left,52
<_io.BytesIO object at 0x0000020FB749E090>,0.688642680644989,0.040914855897426605,-0.12483291327953339,281306,17,4,False,Left,Back,Right,Left,52
<_io.BytesIO object at 0x0000020FB749E310>,0.6654637455940247,0.011034772731363773,-0.04997244104743004,281306,17,4,False,Left,Back,Right,Left,52
<_io.BytesIO object at 0x0000020FB749A8B0>,0.6183223128318787,0.07779741287231445,-0.07998394221067429,281306,17,4,False,Left,Back,Right,Left,52
<_io.BytesIO object at 0x0000020FB749AC70>,0.6949565410614014,0.004850754514336586,-0.1125926747918129,281306,17,4,False,Left,Back,Right,Left,52
<_io.BytesIO object at 0x0000020FB749A4A0>,0.6532875895500183,0.04669925570487976,-0.14648067951202393,281306,17,4,False,Left,Back,Right,Left,52
<_io.BytesIO object at 0x0000020FB749AE00>,0.7514094710350037,0.12051019817590714,0.18381637334823608,281306,17,4,False,Left,Back,Right,Left,52
<_io.BytesIO object at 0x0000020FB749A4F0>,0.7384576201438904,0.08311069756746292,0.2557529807090759,281306,17,4,False,Left,Back,Right,Left,52
<_io.BytesIO object at 0x0000020FB749A950>,0.6866157054901123,0.151773601770401,0.24119549989700317,281306,17,4,False,Left,Back,Right,Left,52
<_io.BytesIO object at 0x0000020FB749A680>,0.7137515544891357,0.1318478137254715,0.17030252516269684,281306,17,4,False,Left,Back,Right,Left,52
<_io.BytesIO object at 0x0000020FB752BC70>,0.7565247416496277,0.08259953558444977,0.18718034029006958,281306,17,4,False,Left,Back,Right,Left,52
<_io.BytesIO object at 0x0000020FB73D6BD0>,0.6887557506561279,0.04102229326963425,-0.12460862100124359,281307,17,4,False,Left,Back,Right,Left,52
<_io.BytesIO object at 0x0000020FB73D6B80>,0.6655250191688538,0.011072522960603237,-0.04971165955066681,281307,17,4,False,Left,Back,Right,Left,52
<_io.BytesIO object at 0x0000020FB748A130>,0.6183902025222778,0.0779683068394661,-0.07977547496557236,281307,17,4,False,Left,Back,Right,Left,52
<_io.BytesIO object at 0x0000020FB748A900>,0.6950275301933289,0.004929766058921814,-0.11240410804748535,281307,17,4,False,Left,Back,Right,Left,52
<_io.BytesIO object at 0x0000020FB748A8B0>,0.6534980535507202,0.046888191252946854,-0.14616075158119202,281307,17,4,False,Left,Back,Right,Left,52
<_io.BytesIO object at 0x0000020FB748A3B0>,0.7514094710350037,0.12051019817590714,0.18381637334823608,281307,17,4,False,Left,Back,Right,Left,52
<_io.BytesIO object at 0x0000020FB748A1D0>,0.7384576201438904,0.08311069756746292,0.2557529807090759,281307,17,4,False,Left,Back,Right,Left,52
<_io.BytesIO object at 0x0000020FB748A2C0>,0.6866157054901123,0.151773601770401,0.24119549989700317,281307,17,4,False,Left,Back,Right,Left,52
<_io.BytesIO object at 0x0000020FB748A7C0>,0.7137515544891357,0.1318478137254715,0.17030252516269684,281307,17,4,False,Left,Back,Right,Left,52
<_io.BytesIO object at 0x0000020FB7486E00>,0.7565247416496277,0.08259953558444977,0.18718034029006958,281307,17,4,False,Left,Back,Right,Left,52
<_io.BytesIO object at 0x0000020FB748A8B0>,0.6889342665672302,0.04118137061595917,-0.12433643639087677,281308,17,4,False,Left,Back,Right,Left,52
<_io.BytesIO object at 0x0000020FB73D6270>,0.6655333638191223,0.011130302213132381,-0.04946109652519226,281308,17,4,False,Left,Back,Right,Left,52
<_io.BytesIO object at 0x0000020FB73D6040>,0.6185486912727356,0.07815916836261749,-0.07953061163425446,281308,17,4,False,Left,Back,Right,Left,52
<_io.BytesIO object at 0x0000020FB73D6360>,0.6951221823692322,0.005043795332312584,-0.11215009540319443,281308,17,4,False,Left,Back,Right,Left,52
<_io.BytesIO object at 0x0000020FB752BE50>,0.6537256240844727,0.04720029979944229,-0.14589445292949677,281308,17,4,False,Left,Back,Right,Left,52
<_io.BytesIO object at 0x0000020FB752B7C0>,0.7514094710350037,0.12051019817590714,0.18381637334823608,281308,17,4,False,Left,Back,Right,Left,52
<_io.BytesIO object at 0x0000020FB752B8B0>,0.7384576201438904,0.08311069756746292,0.2557529807090759,281308,17,4,False,Left,Back,Right,Left,52
<_io.BytesIO object at 0x0000020FB752BF40>,0.6866157054901123,0.151773601770401,0.24119549989700317,281308,17,4,False,Left,Back,Right,Left,52
<_io.BytesIO object at 0x0000020FB752B770>,0.7137515544891357,0.1318478137254715,0.17030252516269684,281308,17,4,False,Left,Back,Right,Left,52
<_io.BytesIO object at 0x0000020FB752BD60>,0.7565247416496277,0.08259953558444977,0.18718034029006958,281308,17,4,False,Left,Back,Right,Left,52
<_io.BytesIO object at 0x0000020FB749A630>,0.6893228888511658,0.04151742905378342,-0.12382648140192032,281309,17,4,False,Left,Back,Right,Left,52
<_io.BytesIO object at 0x0000020FB749EE50>,0.6655321717262268,0.011256422847509384,-0.049129270017147064,281309,17,4,False,Left,Back,Right,Left,52
<_io.BytesIO object at 0x0000020FB749EEA0>,0.6188318729400635,0.07842672616243362,-0.07903804630041122,281309,17,4,False,Left,Back,Right,Left,52
<_io.BytesIO object at 0x0000020FB749E720>,0.6953110694885254,0.00524361664429307,-0.11182931810617447,281309,17,4,False,Left,Back,Right,Left,52
<_io.BytesIO object at 0x0000020FB746E130>,0.6540690660476685,0.04763134568929672,-0.1455519050359726,281309,17,4,False,Left,Back,Right,Left,52
<_io.BytesIO object at 0x0000020FB746E310>,0.7514094710350037,0.12051019817590714,0.18381637334823608,281309,17,4,False,Left,Back,Right,Left,52
<_io.BytesIO object at 0x0000020FB746EEA0>,0.7384576201438904,0.08311069756746292,0.2557529807090759,281309,17,4,False,Left,Back,Right,Left,52
<_io.BytesIO object at 0x0000020FB746E400>,0.6866157054901123,0.151773601770401,0.24119549989700317,281309,17,4,False,Left,Back,Right,Left,52
<_io.BytesIO object at 0x0000020FB746E180>,0.7137515544891357,0.1318478137254715,0.17030252516269684,281309,17,4,False,Left,Back,Right,Left,52
<_io.BytesIO object at 0x0000020FB746E770>,0.7565247416496277,0.08259953558444977,0.18718034029006958,281309,17,4,False,Left,Back,Right,Left,52
<_io.BytesIO object at 0x0000020FB7474EF0>,0.6896246075630188,0.04193096607923508,-0.12337933480739594,281310,17,4,False,Left,Back,Right,Left,52
<_io.BytesIO object at 0x0000020FB7497BD0>,0.665558397769928,0.011542255990207195,-0.04865396395325661,281310,17,4,False,Left,Back,Right,Left,52
<_io.BytesIO object at 0x0000020FB748E270>,0.6191360950469971,0.07892996817827225,-0.07852963358163834,281310,17,4,False,Left,Back,Right,Left,52
<_io.BytesIO object at 0x0000020FB748E770>,0.6955272555351257,0.005521724931895733,-0.1113845631480217,281310,17,4,False,Left,Back,Right,Left,52
<_io.BytesIO object at 0x0000020FB748E1D0>,0.6544647216796875,0.04816669225692749,-0.1450110822916031,281310,17,4,False,Left,Back,Right,Left,52
<_io.BytesIO object at 0x0000020FB748ECC0>,0.7514094710350037,0.12051019817590714,0.18381637334823608,281310,17,4,False,Left,Back,Right,Left,52
<_io.BytesIO object at 0x0000020FB748EBD0>,0.7384576201438904,0.08311069756746292,0.2557529807090759,281310,17,4,False,Left,Back,Right,Left,52
<_io.BytesIO object at 0x0000020FB7481DB0>,0.6866157054901123,0.151773601770401,0.24119549989700317,281310,17,4,False,Left,Back,Right,Left,52
<_io.BytesIO object at 0x0000020FB74819F0>,0.7137515544891357,0.1318478137254715,0.17030252516269684,281310,17,4,False,Left,Back,Right,Left,52
<_io.BytesIO object at 0x0000020FB7481EA0>,0.7565247416496277,0.08259953558444977,0.18718034029006958,281310,17,4,False,Left,Back,Right,Left,52
<_io.BytesIO object at 0x0000020FB7411F40>,0.6900416016578674,0.04241843521595001,-0.12268282473087311,281311,17,4,False,Left,Back,Right,Left,52
<_io.BytesIO object at 0x0000020FB74114F0>,0.6656513214111328,0.01192533690482378,-0.04806206747889519,281311,17,4,False,Left,Back,Right,Left,52
<_io.BytesIO object at 0x0000020FB747F4F0>,0.6195382475852966,0.07966000586748123,-0.07797984033823013,281311,17,4,False,Left,Back,Right,Left,52
<_io.BytesIO object at 0x0000020FB747F2C0>,0.6957696676254272,0.005965632852166891,-0.11079162359237671,281311,17,4,False,Left,Back,Right,Left,52
<_io.BytesIO object at 0x0000020FB747FA40>,0.6550008058547974,0.048840250819921494,-0.144339919090271,281311,17,4,False,Left,Back,Right,Left,52
<_io.BytesIO object at 0x0000020FB747F270>,0.7514094710350037,0.12051019817590714,0.18381637334823608,281311,17,4,False,Left,Back,Right,Left,52
<_io.BytesIO object at 0x0000020FB747F8B0>,0.7384576201438904,0.08311069756746292,0.2557529807090759,281311,17,4,False,Left,Back,Right,Left,52
<_io.BytesIO object at 0x0000020FB747F450>,0.6866157054901123,0.151773601770401,0.24119549989700317,281311,17,4,False,Left,Back,Right,Left,52
<_io.BytesIO object at 0x0000020FB747FD60>,0.7137515544891357,0.1318478137254715,0.17030252516269684,281311,17,4,False,Left,Back,Right,Left,52
<_io.BytesIO object at 0x0000020FB75331D0>,0.7565247416496277,0.08259953558444977,0.18718034029006958,281311,17,4,False,Left,Back,Right,Left,52
<_io.BytesIO object at 0x0000020FB743C540>,0.6906538009643555,0.043080177158117294,-0.12186550348997116,281312,17,4,False,Left,Back,Right,Left,52
<_io.BytesIO object at 0x0000020FB743CCC0>,0.6658187508583069,0.012480713427066803,-0.04729475826025009,281312,17,4,False,Left,Back,Right,Left,52
<_io.BytesIO object at 0x0000020FB743C400>,0.6200883388519287,0.0804024487733841,-0.07713515311479568,281312,17,4,False,Left,Back,Right,Left,52
<_io.BytesIO object at 0x0000020FB7484900>,0.6962043046951294,0.006537898909300566,-0.10997714847326279,281312,17,4,False,Left,Back,Right,Left,52
<_io.BytesIO object at 0x0000020FB7484680>,0.6556696891784668,0.04968108609318733,-0.14350228011608124,281312,17,4,False,Left,Back,Right,Left,52
<_io.BytesIO object at 0x0000020FB7484C20>,0.7514094710350037,0.12051019817590714,0.18381637334823608,281312,17,4,False,Left,Back,Right,Left,52
<_io.BytesIO object at 0x0000020FB7484310>,0.7384576201438904,0.08311069756746292,0.2557529807090759,281312,17,4,False,Left,Back,Right,Left,52
<_io.BytesIO object at 0x0000020FB7484950>,0.6866157054901123,0.151773601770401,0.24119549989700317,281312,17,4,False,Left,Back,Right,Left,52
<_io.BytesIO object at 0x0000020FB7484D10>,0.7137515544891357,0.1318478137254715,0.17030252516269684,281312,17,4,False,Left,Back,Right,Left,52
<_io.BytesIO object at 0x0000020FB7484F90>,0.7565247416496277,0.08259953558444977,0.18718034029006958,281312,17,4,False,Left,Back,Right,Left,52
<_io.BytesIO object at 0x0000020FB7486D60>,0.6915349960327148,0.04395035281777382,-0.12081262469291687,281313,17,4,False,Left,Back,Right,Left,52
<_io.BytesIO object at 0x0000020FB7486C20>,0.6661542654037476,0.013384398072957993,-0.04611240327358246,281313,17,4,False,Left,Back,Right,Left,52
<_io.BytesIO object at 0x0000020FB74868B0>,0.6207482218742371,0.08147541433572769,-0.07617124170064926,281313,17,4,False,Left,Back,Right,Left,52
<_io.BytesIO object at 0x0000020FB73CD450>,0.6967684030532837,0.007361188065260649,-0.1088847815990448,281313,17,4,False,Left,Back,Right,Left,52
<_io.BytesIO object at 0x0000020FB73CD270>,0.6563578844070435,0.05071817338466644,-0.14244866371154785,281313,17,4,False,Left,Back,Right,Left,52
<_io.BytesIO object at 0x0000020FB7486950>,0.7514094710350037,0.12051019817590714,0.18381637334823608,281313,17,4,False,Left,Back,Right,Left,52
<_io.BytesIO object at 0x0000020FB7486A40>,0.7384576201438904,0.08311069756746292,0.2557529807090759,281313,17,4,False,Left,Back,Right,Left,52
<_io.BytesIO object at 0x0000020FB74864A0>,0.6866157054901123,0.151773601770401,0.24119549989700317,281313,17,4,False,Left,Back,Right,Left,52
<_io.BytesIO object at 0x0000020FB7486AE0>,0.7137515544891357,0.1318478137254715,0.17030252516269684,281313,17,4,False,Left,Back,Right,Left,52
<_io.BytesIO object at 0x0000020FB7486540>,0.7565247416496277,0.08259953558444977,0.18718034029006958,281313,17,4,False,Left,Back,Right,Left,52
<_io.BytesIO object at 0x0000020FB7484D10>,0.6923806071281433,0.04495995491743088,-0.11944539844989777,281314,17,4,False,Left,Back,Right,Left,52
<_io.BytesIO object at 0x0000020FB74844A0>,0.6667792201042175,0.014612925238907337,-0.04459290951490402,281314,17,4,False,Left,Back,Right,Left,52
<_io.BytesIO object at 0x0000020FB74842C0>,0.6214991807937622,0.08279146999120712,-0.07488624006509781,281314,17,4,False,Left,Back,Right,Left,52
<_io.BytesIO object at 0x0000020FB743CE50>,0.6975042223930359,0.008359204046428204,-0.10759822279214859,281314,17,4,False,Left,Back,Right,Left,52
<_io.BytesIO object at 0x0000020FB743CCC0>,0.6572632789611816,0.05192915350198746,-0.14110180735588074,281314,17,4,False,Left,Back,Right,Left,52
<_io.BytesIO object at 0x0000020FB743C4A0>,0.7514094710350037,0.12051019817590714,0.18381637334823608,281314,17,4,False,Left,Back,Right,Left,52
<_io.BytesIO object at 0x0000020FB743CA90>,0.7384576201438904,0.08311069756746292,0.2557529807090759,281314,17,4,False,Left,Back,Right,Left,52
<_io.BytesIO object at 0x0000020FB743CEA0>,0.6866157054901123,0.151773601770401,0.24119549989700317,281314,17,4,False,Left,Back,Right,Left,52
<_io.BytesIO object at 0x0000020FB743C4F0>,0.7137515544891357,0.1318478137254715,0.17030252516269684,281314,17,4,False,Left,Back,Right,Left,52
<_io.BytesIO object at 0x0000020FAFA851D0>,0.7565247416496277,0.08259953558444977,0.18718034029006958,281314,17,4,False,Left,Back,Right,Left,52
<_io.BytesIO object at 0x0000020FB747F130>,0.6934797763824463,0.046349599957466125,-0.1178203821182251,281315,17,4,False,Left,Back,Right,Left,52
<_io.BytesIO object at 0x0000020FB747FF40>,0.6674907207489014,0.016107315197587013,-0.042743973433971405,281315,17,4,False,Left,Back,Right,Left,52
<_io.BytesIO object at 0x0000020FB747F2C0>,0.6224960088729858,0.0843336284160614,-0.07333873957395554,281315,17,4,False,Left,Back,Right,Left,52
<_io.BytesIO object at 0x0000020FB747FB80>,0.6983672976493835,0.009627002291381359,-0.10585241764783859,281315,17,4,False,Left,Back,Right,Left,52
<_io.BytesIO object at 0x0000020FB74119A0>,0.6582839488983154,0.05323968082666397,-0.13941249251365662,281315,17,4,False,Left,Back,Right,Left,52
<_io.BytesIO object at 0x0000020FB7411270>,0.7514094710350037,0.12051019817590714,0.18381637334823608,281315,17,4,False,Left,Back,Right,Left,52
<_io.BytesIO object at 0x0000020FB7411360>,0.7384576201438904,0.08311069756746292,0.2557529807090759,281315,17,4,False,Left,Back,Right,Left,52
<_io.BytesIO object at 0x0000020FB7411B30>,0.6866157054901123,0.151773601770401,0.24119549989700317,281315,17,4,False,Left,Back,Right,Left,52
<_io.BytesIO object at 0x0000020FB7411AE0>,0.7137515544891357,0.1318478137254715,0.17030252516269684,281315,17,4,False,Left,Back,Right,Left,52
<_io.BytesIO object at 0x0000020FB74114A0>,0.7565247416496277,0.08259953558444977,0.18718034029006958,281315,17,4,False,Left,Back,Right,Left,52
<_io.BytesIO object at 0x0000020FB7481DB0>,0.6946393251419067,0.04787636920809746,-0.11585154384374619,281316,17,4,False,Left,Back,Right,Left,52
<_io.BytesIO object at 0x0000020FB748E8B0>,0.6684547662734985,0.018030667677521706,-0.040522508323192596,281316,17,4,False,Left,Back,Right,Left,52
<_io.BytesIO object at 0x0000020FB748E770>,0.6237081289291382,0.08621890842914581,-0.07148565351963043,281316,17,4,False,Left,Back,Right,Left,52
<_io.BytesIO object at 0x0000020FB748EEA0>,0.6994643211364746,0.01112171821296215,-0.10375203937292099,281316,17,4,False,Left,Back,Right,Left,52
<_io.BytesIO object at 0x0000020FB74979F0>,0.659434974193573,0.05471578985452652,-0.137498140335083,281316,17,4,False,Left,Back,Right,Left,52
<_io.BytesIO object at 0x0000020FB7497B30>,0.7514094710350037,0.12051019817590714,0.18381637334823608,281316,17,4,False,Left,Back,Right,Left,52
<_io.BytesIO object at 0x0000020FB74977C0>,0.7384576201438904,0.08311069756746292,0.2557529807090759,281316,17,4,False,Left,Back,Right,Left,52
<_io.BytesIO object at 0x0000020FB7474900>,0.6866157054901123,0.151773601770401,0.24119549989700317,281316,17,4,False,Left,Back,Right,Left,52
<_io.BytesIO object at 0x0000020FB7474450>,0.7137515544891357,0.1318478137254715,0.17030252516269684,281316,17,4,False,Left,Back,Right,Left,52
<_io.BytesIO object at 0x0000020FB7474F90>,0.7565247416496277,0.08259953558444977,0.18718034029006958,281316,17,4,False,Left,Back,Right,Left,52
<_io.BytesIO object at 0x0000020FB746EB80>,0.6958030462265015,0.04963475838303566,-0.11340638250112534,281317,17,4,False,Left,Back,Right,Left,52
<_io.BytesIO object at 0x0000020FB746E810>,0.669779896736145,0.020268576219677925,-0.03791918605566025,281317,17,4,False,Left,Back,Right,Left,52
<_io.BytesIO object at 0x0000020FB749EC70>,0.6250602602958679,0.08838210254907608,-0.06921281665563583,281317,17,4,False,Left,Back,Right,Left,52
<_io.BytesIO object at 0x0000020FB749E860>,0.700712263584137,0.012962521985173225,-0.10112892091274261,281317,17,4,False,Left,Back,Right,Left,52
<_io.BytesIO object at 0x0000020FB749EE50>,0.6607360243797302,0.056385066360235214,-0.13508664071559906,281317,17,4,False,Left,Back,Right,Left,52
<_io.BytesIO object at 0x0000020FB749E1D0>,0.7514094710350037,0.12051019817590714,0.18381637334823608,281317,17,4,False,Left,Back,Right,Left,52
<_io.BytesIO object at 0x0000020FB749E220>,0.7384576201438904,0.08311069756746292,0.2557529807090759,281317,17,4,False,Left,Back,Right,Left,52
<_io.BytesIO object at 0x0000020FB749E950>,0.6866157054901123,0.151773601770401,0.24119549989700317,281317,17,4,False,Left,Back,Right,Left,52
<_io.BytesIO object at 0x0000020FB749A630>,0.7137515544891357,0.1318478137254715,0.17030252516269684,281317,17,4,False,Left,Back,Right,Left,52
<_io.BytesIO object at 0x0000020FB749A900>,0.7565247416496277,0.08259953558444977,0.18718034029006958,281317,17,4,False,Left,Back,Right,Left,52
<_io.BytesIO object at 0x0000020FB752BAE0>,0.6973525285720825,0.051701538264751434,-0.11072667688131332,281318,17,4,False,Left,Back,Right,Left,52
<_io.BytesIO object at 0x0000020FB752BB30>,0.6713653206825256,0.022931218147277832,-0.03489047661423683,281318,17,4,False,Left,Back,Right,Left,52
<_io.BytesIO object at 0x0000020FB73D6BD0>,0.6266458034515381,0.09080560505390167,-0.06657824665307999,281318,17,4,False,Left,Back,Right,Left,52
<_io.BytesIO object at 0x0000020FB73D6D10>,0.7021394371986389,0.01499357633292675,-0.09815996140241623,281318,17,4,False,Left,Back,Right,Left,52
<_io.BytesIO object at 0x0000020FB73D63B0>,0.662152111530304,0.05827382579445839,-0.13241900503635406,281318,17,4,False,Left,Back,Right,Left,52
<_io.BytesIO object at 0x0000020FB73D6680>,0.7514094710350037,0.12051019817590714,0.18381637334823608,281318,17,4,False,Left,Back,Right,Left,52
<_io.BytesIO object at 0x0000020FB73D68B0>,0.7384576201438904,0.08311069756746292,0.2557529807090759,281318,17,4,False,Left,Back,Right,Left,52
<_io.BytesIO object at 0x0000020FB73D6EF0>,0.6866157054901123,0.151773601770401,0.24119549989700317,281318,17,4,False,Left,Back,Right,Left,52
<_io.BytesIO object at 0x0000020FB748A860>,0.7137515544891357,0.1318478137254715,0.17030252516269684,281318,17,4,False,Left,Back,Right,Left,52
<_io.BytesIO object at 0x0000020FB748AF40>,0.7565247416496277,0.08259953558444977,0.18718034029006958,281318,17,4,False,Left,Back,Right,Left,52
<_io.BytesIO object at 0x0000020FB752B9F0>,0.6988956928253174,0.05369441211223602,-0.10781988501548767,281319,17,4,False,Left,Back,Right,Left,52
<_io.BytesIO object at 0x0000020FB752B4F0>,0.6730840802192688,0.02584908902645111,-0.03135819733142853,281319,17,4,False,Left,Back,Right,Left,52
<_io.BytesIO object at 0x0000020FB752B5E0>,0.6283000111579895,0.09341038018465042,-0.06366399675607681,281319,17,4,False,Left,Back,Right,Left,52
<_io.BytesIO object at 0x0000020FB752B4A0>,0.7038000822067261,0.01739932969212532,-0.09462681412696838,281319,17,4,False,Left,Back,Right,Left,52
<_io.BytesIO object at 0x0000020FB749AB30>,0.6636428833007812,0.06025766208767891,-0.12932993471622467,281319,17,4,False,Left,Back,Right,Left,52
<_io.BytesIO object at 0x0000020FB749AD60>,0.7514094710350037,0.12051019817590714,0.18381637334823608,281319,17,4,False,Left,Back,Right,Left,52
<_io.BytesIO object at 0x0000020FB749A950>,0.7384576201438904,0.08311069756746292,0.2557529807090759,281319,17,4,False,Left,Back,Right,Left,52
<_io.BytesIO object at 0x0000020FB749AE50>,0.6866157054901123,0.151773601770401,0.24119549989700317,281319,17,4,False,Left,Back,Right,Left,52
<_io.BytesIO object at 0x0000020FB749AC70>,0.7137515544891357,0.1318478137254715,0.17030252516269684,281319,17,4,False,Left,Back,Right,Left,52
<_io.BytesIO object at 0x0000020FB749A400>,0.7565247416496277,0.08259953558444977,0.18718034029006958,281319,17,4,False,Left,Back,Right,Left,52
<_io.BytesIO object at 0x0000020FB746E130>,0.7005812525749207,0.056054215878248215,-0.10426892340183258,281320,17,4,False,Left,Back,Right,Left,52
<_io.BytesIO object at 0x0000020FB746E720>,0.6749290823936462,0.0291262436658144,-0.02738003246486187,281320,17,4,False,Left,Back,Right,Left,52
<_io.BytesIO object at 0x0000020FB746ED60>,0.6301871538162231,0.09637333452701569,-0.06028285250067711,281320,17,4,False,Left,Back,Right,Left,52
<_io.BytesIO object at 0x0000020FB746E270>,0.7055694460868835,0.01994762010872364,-0.09072114527225494,281320,17,4,False,Left,Back,Right,Left,52
<_io.BytesIO object at 0x0000020FB746E900>,0.6652576327323914,0.062415752559900284,-0.12577685713768005,281320,17,4,False,Left,Back,Right,Left,52
<_io.BytesIO object at 0x0000020FB74749A0>,0.7514094710350037,0.12051019817590714,0.18381637334823608,281320,17,4,False,Left,Back,Right,Left,52
<_io.BytesIO object at 0x0000020FB7474400>,0.7384576201438904,0.08311069756746292,0.2557529807090759,281320,17,4,False,Left,Back,Right,Left,52
<_io.BytesIO object at 0x0000020FB7474B80>,0.6866157054901123,0.151773601770401,0.24119549989700317,281320,17,4,False,Left,Back,Right,Left,52
<_io.BytesIO object at 0x0000020FB7474C20>,0.7137515544891357,0.1318478137254715,0.17030252516269684,281320,17,4,False,Left,Back,Right,Left,52
<_io.BytesIO object at 0x0000020FB7474D60>,0.7565247416496277,0.08259953558444977,0.18718034029006958,281320,17,4,False,Left,Back,Right,Left,52
<_io.BytesIO object at 0x0000020FB748E720>,0.7024332284927368,0.058748964220285416,-0.1004498153924942,281321,17,4,False,Left,Back,Right,Left,52
<_io.BytesIO object at 0x0000020FB748EB30>,0.6770782470703125,0.03272581472992897,-0.023059379309415817,281321,17,4,False,Left,Back,Right,Left,52
<_io.BytesIO object at 0x0000020FB74812C0>,0.6321511268615723,0.09950312972068787,-0.05648314207792282,281321,17,4,False,Left,Back,Right,Left,52
<_io.BytesIO object at 0x0000020FB74814A0>,0.7073342800140381,0.022565195336937904,-0.08642030507326126,281321,17,4,False,Left,Back,Right,Left,52
<_io.BytesIO object at 0x0000020FB7481540>,0.6669512391090393,0.06474296748638153,-0.12192745506763458,281321,17,4,False,Left,Back,Right,Left,52
<_io.BytesIO object at 0x0000020FB74813B0>,0.7514094710350037,0.12051019817590714,0.18381637334823608,281321,17,4,False,Left,Back,Right,Left,52
<_io.BytesIO object at 0x0000020FB7481630>,0.7384576201438904,0.08311069756746292,0.2557529807090759,281321,17,4,False,Left,Back,Right,Left,52
<_io.BytesIO object at 0x0000020FB7481180>,0.6866157054901123,0.151773601770401,0.24119549989700317,281321,17,4,False,Left,Back,Right,Left,52
<_io.BytesIO object at 0x0000020FB7411F90>,0.7137515544891357,0.1318478137254715,0.17030252516269684,281321,17,4,False,Left,Back,Right,Left,52
<_io.BytesIO object at 0x0000020FB74111D0>,0.7565247416496277,0.08259953558444977,0.18718034029006958,281321,17,4,False,Left,Back,Right,Left,52
<_io.BytesIO object at 0x0000020FB747F130>,0.7042925953865051,0.061462197452783585,-0.0960862785577774,281322,17,4,False,Left,Back,Right,Left,52
<_io.BytesIO object at 0x0000020FB747FC70>,0.6792497038841248,0.03635162115097046,-0.018236950039863586,281322,17,4,False,Left,Back,Right,Left,52
<_io.BytesIO object at 0x0000020FB75331D0>,0.634182333946228,0.10277476161718369,-0.05230415239930153,281322,17,4,False,Left,Back,Right,Left,52
<_io.BytesIO object at 0x0000020FB7533B80>,0.7092460989952087,0.025506017729640007,-0.08168050646781921,281322,17,4,False,Left,Back,Right,Left,52
<_io.BytesIO object at 0x0000020FB7533400>,0.6687987446784973,0.06725212186574936,-0.11753877252340317,281322,17,4,False,Left,Back,Right,Left,52
<_io.BytesIO object at 0x0000020FB7533A40>,0.7514094710350037,0.12051019817590714,0.18381637334823608,281322,17,4,False,Left,Back,Right,Left,52
<_io.BytesIO object at 0x0000020FB7533360>,0.7384576201438904,0.08311069756746292,0.2557529807090759,281322,17,4,False,Left,Back,Right,Left,52
<_io.BytesIO object at 0x0000020FB7533270>,0.6866157054901123,0.151773601770401,0.24119549989700317,281322,17,4,False,Left,Back,Right,Left,52
<_io.BytesIO object at 0x0000020FB7533310>,0.7137515544891357,0.1318478137254715,0.17030252516269684,281322,17,4,False,Left,Back,Right,Left,52
<_io.BytesIO object at 0x0000020FAFA85180>,0.7565247416496277,0.08259953558444977,0.18718034029006958,281322,17,4,False,Left,Back,Right,Left,52
<_io.BytesIO object at 0x0000020FB7484D10>,0.7061827182769775,0.0642269030213356,-0.09130381792783737,281323,17,4,False,Left,Back,Right,Left,52
<_io.BytesIO object at 0x0000020FB7484360>,0.6814818978309631,0.04015156254172325,-0.013061166740953922,281323,17,4,False,Left,Back,Right,Left,52
<_io.BytesIO object at 0x0000020FB7484B30>,0.6361575722694397,0.10631024837493896,-0.04782641679048538,281323,17,4,False,Left,Back,Right,Left,52
<_io.BytesIO object at 0x0000020FB752CA40>,0.7112811803817749,0.02861119993031025,-0.07651842385530472,281323,17,4,False,Left,Back,Right,Left,52
<_io.BytesIO object at 0x0000020FB752CD10>,0.6706830859184265,0.0699056014418602,-0.11289219558238983,281323,17,4,False,Left,Back,Right,Left,52
<_io.BytesIO object at 0x0000020FB752C220>,0.7514094710350037,0.12051019817590714,0.18381637334823608,281323,17,4,False,Left,Back,Right,Left,52
<_io.BytesIO object at 0x0000020FB752CE00>,0.7384576201438904,0.08311069756746292,0.2557529807090759,281323,17,4,False,Left,Back,Right,Left,52
<_io.BytesIO object at 0x0000020FB752C720>,0.6866157054901123,0.151773601770401,0.24119549989700317,281323,17,4,False,Left,Back,Right,Left,52
<_io.BytesIO object at 0x0000020FB752C7C0>,0.7137515544891357,0.1318478137254715,0.17030252516269684,281323,17,4,False,Left,Back,Right,Left,52
<_io.BytesIO object at 0x0000020FB752CBD0>,0.7565247416496277,0.08259953558444977,0.18718034029006958,281323,17,4,False,Left,Back,Right,Left,52
<_io.BytesIO object at 0x0000020FB748A950>,0.7082092761993408,0.06731785833835602,-0.08639442920684814,281324,17,4,False,Left,Back,Right,Left,52
<_io.BytesIO object at 0x0000020FB748A4F0>,0.6837435364723206,0.04410363733768463,-0.007493162993341684,281324,17,4,False,Left,Back,Right,Left,52
<_io.BytesIO object at 0x0000020FB73CD4A0>,0.6382849216461182,0.10985568910837173,-0.042834438383579254,281324,17,4,False,Left,Back,Right,Left,52
<_io.BytesIO object at 0x0000020FB73CD130>,0.7133685350418091,0.03199334815144539,-0.07088268548250198,281324,17,4,False,Left,Back,Right,Left,52
<_io.BytesIO object at 0x0000020FB73CD630>,0.6726360321044922,0.07278705388307571,-0.10768403112888336,281324,17,4,False,Left,Back,Right,Left,52
<_io.BytesIO object at 0x0000020FB748A7C0>,0.7514094710350037,0.12051019817590714,0.18381637334823608,281324,17,4,False,Left,Back,Right,Left,52
<_io.BytesIO object at 0x0000020FB748A0E0>,0.7384576201438904,0.08311069756746292,0.2557529807090759,281324,17,4,False,Left,Back,Right,Left,52
<_io.BytesIO object at 0x0000020FB748A770>,0.6866157054901123,0.151773601770401,0.24119549989700317,281324,17,4,False,Left,Back,Right,Left,52
<_io.BytesIO object at 0x0000020FB748ABD0>,0.7137515544891357,0.1318478137254715,0.17030252516269684,281324,17,4,False,Left,Back,Right,Left,52
<_io.BytesIO object at 0x0000020FB748AE50>,0.7565247416496277,0.08259953558444977,0.18718034029006958,281324,17,4,False,Left,Back,Right,Left,52
<_io.BytesIO object at 0x0000020FB752CCC0>,0.7103198766708374,0.0707535669207573,-0.08087654411792755,281325,17,4,False,Left,Back,Right,Left,52
<_io.BytesIO object at 0x0000020FB752C630>,0.6859248280525208,0.04828173667192459,-0.0016893735155463219,281325,17,4,False,Left,Back,Right,Left,52
<_io.BytesIO object at 0x0000020FB7484180>,0.6403915286064148,0.11351019144058228,-0.03739604353904724,281325,17,4,False,Left,Back,Right,Left,52
<_io.BytesIO object at 0x0000020FB7484810>,0.715507984161377,0.03542909026145935,-0.06490927189588547,281325,17,4,False,Left,Back,Right,Left,52
<_io.BytesIO object at 0x0000020FB7484D10>,0.674799382686615,0.07576876878738403,-0.10213494300842285,281325,17,4,False,Left,Back,Right,Left,52
<_io.BytesIO object at 0x0000020FB7484950>,0.7514094710350037,0.12051019817590714,0.18381637334823608,281325,17,4,False,Left,Back,Right,Left,52
<_io.BytesIO object at 0x0000020FB7484B80>,0.7384576201438904,0.08311069756746292,0.2557529807090759,281325,17,4,False,Left,Back,Right,Left,52
<_io.BytesIO object at 0x0000020FB7484040>,0.6866157054901123,0.151773601770401,0.24119549989700317,281325,17,4,False,Left,Back,Right,Left,52
<_io.BytesIO object at 0x0000020FB7484900>,0.7137515544891357,0.1318478137254715,0.17030252516269684,281325,17,4,False,Left,Back,Right,Left,52
<_io.BytesIO object at 0x0000020FB743CB80>,0.7565247416496277,0.08259953558444977,0.18718034029006958,281325,17,4,False,Left,Back,Right,Left,52
<_io.BytesIO object at 0x0000020FB7533630>,0.7124438881874084,0.07412294298410416,-0.0750921368598938,281326,17,4,False,Left,Back,Right,Left,52
<_io.BytesIO object at 0x0000020FB7533D10>,0.6882802844047546,0.052465833723545074,0.004623047541826963,281326,17,4,False,Left,Back,Right,Left,52
<_io.BytesIO object at 0x0000020FB75331D0>,0.6425057053565979,0.11733262985944748,-0.031524062156677246,281326,17,4,False,Left,Back,Right,Left,52
<_io.BytesIO object at 0x0000020FB747FEA0>,0.7176889181137085,0.03911057859659195,-0.05877033993601799,281326,17,4,False,Left,Back,Right,Left,52
<_io.BytesIO object at 0x0000020FB747F130>,0.6766630411148071,0.07884147763252258,-0.09631630033254623,281326,17,4,False,Left,Back,Right,Left,52
<_io.BytesIO object at 0x0000020FB747F950>,0.7514094710350037,0.12051019817590714,0.18381637334823608,281326,17,4,False,Left,Back,Right,Left,52
<_io.BytesIO object at 0x0000020FB747F8B0>,0.7384576201438904,0.08311069756746292,0.2557529807090759,281326,17,4,False,Left,Back,Right,Left,52
<_io.BytesIO object at 0x0000020FB747F220>,0.6866157054901123,0.151773601770401,0.24119549989700317,281326,17,4,False,Left,Back,Right,Left,52
<_io.BytesIO object at 0x0000020FB747F1D0>,0.7137515544891357,0.1318478137254715,0.17030252516269684,281326,17,4,False,Left,Back,Right,Left,52
<_io.BytesIO object at 0x0000020FB747FB80>,0.7565247416496277,0.08259953558444977,0.18718034029006958,281326,17,4,False,Left,Back,Right,Left,52
<_io.BytesIO object at 0x0000020FB7411A90>,0.7144863605499268,0.07780029624700546,-0.0689939633011818,281327,17,4,False,Left,Back,Right,Left,52
<_io.BytesIO object at 0x0000020FB74813B0>,0.6904069781303406,0.05662880837917328,0.011133692227303982,281327,17,4,False,Left,Back,Right,Left,52
<_io.BytesIO object at 0x0000020FB7481950>,0.6444756984710693,0.12118012458086014,-0.025302467867732048,281327,17,4,False,Left,Back,Right,Left,52
<_io.BytesIO object at 0x0000020FB7481270>,0.7198129296302795,0.04299362376332283,-0.05225154384970665,281327,17,4,False,Left,Back,Right,Left,52
<_io.BytesIO object at 0x0000020FB7481A90>,0.6786116361618042,0.08231561630964279,-0.09001491963863373,281327,17,4,False,Left,Back,Right,Left,52
<_io.BytesIO object at 0x0000020FB748E770>,0.7514094710350037,0.12051019817590714,0.18381637334823608,281327,17,4,False,Left,Back,Right,Left,52
<_io.BytesIO object at 0x0000020FB748EE00>,0.7384576201438904,0.08311069756746292,0.2557529807090759,281327,17,4,False,Left,Back,Right,Left,52
<_io.BytesIO object at 0x0000020FB748EA40>,0.6866157054901123,0.151773601770401,0.24119549989700317,281327,17,4,False,Left,Back,Right,Left,52
<_io.BytesIO object at 0x0000020FB748E0E0>,0.7137515544891357,0.1318478137254715,0.17030252516269684,281327,17,4,False,Left,Back,Right,Left,52
<_io.BytesIO object at 0x0000020FB748EEA0>,0.7565247416496277,0.08259953558444977,0.18718034029006958,281327,17,4,False,Left,Back,Right,Left,52
<_io.BytesIO object at 0x0000020FB7474770>,0.7163666486740112,0.08155246824026108,-0.06284848600625992,281328,17,4,False,Left,Back,Right,Left,52
<_io.BytesIO object at 0x0000020FB4674130>,0.6925972700119019,0.06081016734242439,0.017802946269512177,281328,17,4,False,Left,Back,Right,Left,52
<_io.BytesIO object at 0x0000020FB746EF90>,0.6463795304298401,0.12501011788845062,-0.01874110847711563,281328,17,4,False,Left,Back,Right,Left,52
<_io.BytesIO object at 0x0000020FB746EB30>,0.7218784689903259,0.046913888305425644,-0.0456470362842083,281328,17,4,False,Left,Back,Right,Left,52
<_io.BytesIO object at 0x0000020FB746E130>,0.6805834174156189,0.0858396589756012,-0.08367900550365448,281328,17,4,False,Left,Back,Right,Left,52
<_io.BytesIO object at 0x0000020FB746E450>,0.7514094710350037,0.12051019817590714,0.18381637334823608,281328,17,4,False,Left,Back,Right,Left,52
<_io.BytesIO object at 0x0000020FB746EA90>,0.7384576201438904,0.08311069756746292,0.2557529807090759,281328,17,4,False,Left,Back,Right,Left,52
<_io.BytesIO object at 0x0000020FB746E860>,0.6866157054901123,0.151773601770401,0.24119549989700317,281328,17,4,False,Left,Back,Right,Left,52
<_io.BytesIO object at 0x0000020FB749E090>,0.7137515544891357,0.1318478137254715,0.17030252516269684,281328,17,4,False,Left,Back,Right,Left,52
<_io.BytesIO object at 0x0000020FB749EA40>,0.7565247416496277,0.08259953558444977,0.18718034029006958,281328,17,4,False,Left,Back,Right,Left,52
<_io.BytesIO object at 0x0000020FB749A5E0>,0.7183364629745483,0.08556301891803741,-0.05630587413907051,281329,17,4,False,Left,Back,Right,Left,52
<_io.BytesIO object at 0x0000020FB749A270>,0.6947466135025024,0.06498036533594131,0.02461232990026474,281329,17,4,False,Left,Back,Right,Left,52
<_io.BytesIO object at 0x0000020FB752B4A0>,0.6478786468505859,0.12872396409511566,-0.0117360083386302,281329,17,4,False,Left,Back,Right,Left,52
<_io.BytesIO object at 0x0000020FB752B860>,0.7239189147949219,0.05108889564871788,-0.03882599622011185,281329,17,4,False,Left,Back,Right,Left,52
<_io.BytesIO object at 0x0000020FB752B770>,0.6823322772979736,0.08943543583154678,-0.0770377516746521,281329,17,4,False,Left,Back,Right,Left,52
<_io.BytesIO object at 0x0000020FB752BC20>,0.7514094710350037,0.12051019817590714,0.18381637334823608,281329,17,4,False,Left,Back,Right,Left,52
<_io.BytesIO object at 0x0000020FB752B9A0>,0.7384576201438904,0.08311069756746292,0.2557529807090759,281329,17,4,False,Left,Back,Right,Left,52
<_io.BytesIO object at 0x0000020FB752BAE0>,0.6866157054901123,0.151773601770401,0.24119549989700317,281329,17,4,False,Left,Back,Right,Left,52
<_io.BytesIO object at 0x0000020FB73D6AE0>,0.7137515544891357,0.1318478137254715,0.17030252516269684,281329,17,4,False,Left,Back,Right,Left,52
<_io.BytesIO object at 0x0000020FB73D6D10>,0.7565247416496277,0.08259953558444977,0.18718034029006958,281329,17,4,False,Left,Back,Right,Left,52
<_io.BytesIO object at 0x0000020FB752BD10>,0.7199632525444031,0.08936377614736557,-0.04960181191563606,281330,17,4,False,Left,Back,Right,Left,52
<_io.BytesIO object at 0x0000020FB749A9A0>,0.6969786882400513,0.06911113113164902,0.031603146344423294,281330,17,4,False,Left,Back,Right,Left,52
<_io.BytesIO object at 0x0000020FB749A6D0>,0.6493479013442993,0.13243979215621948,-0.0044984035193920135,281330,17,4,False,Left,Back,Right,Left,52
<_io.BytesIO object at 0x0000020FB749AF40>,0.7258461117744446,0.05524862930178642,-0.0318816602230072,281330,17,4,False,Left,Back,Right,Left,52
<_io.BytesIO object at 0x0000020FB749ABD0>,0.6838496923446655,0.0930032804608345,-0.07030369341373444,281330,17,4,False,Left,Back,Right,Left,52
<_io.BytesIO object at 0x0000020FB749E630>,0.7514094710350037,0.12051019817590714,0.18381637334823608,281330,17,4,False,Left,Back,Right,Left,52
<_io.BytesIO object at 0x0000020FB749E7C0>,0.7384576201438904,0.08311069756746292,0.2557529807090759,281330,17,4,False,Left,Back,Right,Left,52
<_io.BytesIO object at 0x0000020FB749E3B0>,0.6866157054901123,0.151773601770401,0.24119549989700317,281330,17,4,False,Left,Back,Right,Left,52
<_io.BytesIO object at 0x0000020FB749E9A0>,0.7137515544891357,0.1318478137254715,0.17030252516269684,281330,17,4,False,Left,Back,Right,Left,52
<_io.BytesIO object at 0x0000020FB749EE50>,0.7565247416496277,0.08259953558444977,0.18718034029006958,281330,17,4,False,Left,Back,Right,Left,52
<_io.BytesIO object at 0x0000020FB746EC20>,0.7213889956474304,0.09322014451026917,-0.04296505078673363,281331,17,4,False,Left,Back,Right,Left,52
<_io.BytesIO object at 0x0000020FB74749F0>,0.6991110444068909,0.07325521856546402,0.03878375142812729,281331,17,4,False,Left,Back,Right,Left,52
<_io.BytesIO object at 0x0000020FB7474950>,0.6506844758987427,0.13599048554897308,0.002956198528409004,281331,17,4,False,Left,Back,Right,Left,52
<_io.BytesIO object at 0x0000020FB7474D10>,0.7277354598045349,0.059433721005916595,-0.02468583919107914,281331,17,4,False,Left,Back,Right,Left,52
<_io.BytesIO object at 0x0000020FB7474A90>,0.6852343678474426,0.09643030166625977,-0.06334834545850754,281331,17,4,False,Left,Back,Right,Left,52
<_io.BytesIO object at 0x0000020FB7474900>,0.7514094710350037,0.12051019817590714,0.18381637334823608,281331,17,4,False,Left,Back,Right,Left,52
<_io.BytesIO object at 0x0000020FB7497D10>,0.7384576201438904,0.08311069756746292,0.2557529807090759,281331,17,4,False,Left,Back,Right,Left,52
<_io.BytesIO object at 0x0000020FB7497C20>,0.6866157054901123,0.151773601770401,0.24119549989700317,281331,17,4,False,Left,Back,Right,Left,52
<_io.BytesIO object at 0x0000020FB7497C70>,0.7137515544891357,0.1318478137254715,0.17030252516269684,281331,17,4,False,Left,Back,Right,Left,52
<_io.BytesIO object at 0x0000020FB748EF90>,0.7565247416496277,0.08259953558444977,0.18718034029006958,281331,17,4,False,Left,Back,Right,Left,52
<_io.BytesIO object at 0x0000020FB7481D10>,0.7226924896240234,0.09705372899770737,-0.036017268896102905,281332,17,4,False,Left,Back,Right,Left,52
<_io.BytesIO object at 0x0000020FB7481630>,0.7012686133384705,0.07730099558830261,0.04601777344942093,281332,17,4,False,Left,Back,Right,Left,52
<_io.BytesIO object at 0x0000020FB7411DB0>,0.651889979839325,0.1394938826560974,0.01055164635181427,281332,17,4,False,Left,Back,Right,Left,52
<_io.BytesIO object at 0x0000020FB74114A0>,0.7294217944145203,0.06347211450338364,-0.017459284514188766,281332,17,4,False,Left,Back,Right,Left,52
<_io.BytesIO object at 0x0000020FB7411D60>,0.6864383816719055,0.09968290477991104,-0.056202568113803864,281332,17,4,False,Left,Back,Right,Left,52
<_io.BytesIO object at 0x0000020FB7411720>,0.7514094710350037,0.12051019817590714,0.18381637334823608,281332,17,4,False,Left,Back,Right,Left,52
<_io.BytesIO object at 0x0000020FB7411400>,0.7384576201438904,0.08311069756746292,0.2557529807090759,281332,17,4,False,Left,Back,Right,Left,52
<_io.BytesIO object at 0x0000020FB7411220>,0.6866157054901123,0.151773601770401,0.24119549989700317,281332,17,4,False,Left,Back,Right,Left,52
<_io.BytesIO object at 0x0000020FB7411090>,0.7137515544891357,0.1318478137254715,0.17030252516269684,281332,17,4,False,Left,Back,Right,Left,52
<_io.BytesIO object at 0x0000020FB747F590>,0.7565247416496277,0.08259953558444977,0.18718034029006958,281332,17,4,False,Left,Back,Right,Left,52
<_io.BytesIO object at 0x0000020FB7533C70>,0.7239006757736206,0.10075801610946655,-0.02905695140361786,281333,17,4,False,Left,Back,Right,Left,52
<_io.BytesIO object at 0x0000020FB7533A40>,0.7033833265304565,0.08135738968849182,0.05345363914966583,281333,17,4,False,Left,Back,Right,Left,52
<_io.BytesIO object at 0x0000020FB7533E00>,0.6526357531547546,0.14255602657794952,0.018226878717541695,281333,17,4,False,Left,Back,Right,Left,52
<_io.BytesIO object at 0x0000020FAFA85360>,0.7310377955436707,0.0674000009894371,-0.010212172754108906,281333,17,4,False,Left,Back,Right,Left,52
<_io.BytesIO object at 0x0000020FB743C3B0>,0.687365710735321,0.10266154259443283,-0.04887140914797783,281333,17,4,False,Left,Back,Right,Left,52
<_io.BytesIO object at 0x0000020FB743C180>,0.7514094710350037,0.12051019817590714,0.18381637334823608,281333,17,4,False,Left,Back,Right,Left,52
<_io.BytesIO object at 0x0000020FB743C4F0>,0.7384576201438904,0.08311069756746292,0.2557529807090759,281333,17,4,False,Left,Back,Right,Left,52
<_io.BytesIO object at 0x0000020FB743CAE0>,0.6866157054901123,0.151773601770401,0.24119549989700317,281333,17,4,False,Left,Back,Right,Left,52
<_io.BytesIO object at 0x0000020FB743C810>,0.7137515544891357,0.1318478137254715,0.17030252516269684,281333,17,4,False,Left,Back,Right,Left,52
<_io.BytesIO object at 0x0000020FB743C220>,0.7565247416496277,0.08259953558444977,0.18718034029006958,281333,17,4,False,Left,Back,Right,Left,52
<_io.BytesIO object at 0x0000020FB7484360>,0.7245962023735046,0.1044098511338234,-0.02163834124803543,281334,17,4,False,Left,Back,Right,Left,52
<_io.BytesIO object at 0x0000020FB752C5E0>,0.7054358124732971,0.08524725586175919,0.06112982705235481,281334,17,4,False,Left,Back,Right,Left,52
<_io.BytesIO object at 0x0000020FB752C950>,0.6533501148223877,0.14539335668087006,0.0260979812592268,281334,17,4,False,Left,Back,Right,Left,52
<_io.BytesIO object at 0x0000020FB752C270>,0.7326602339744568,0.07120533287525177,-0.0026723798364400864,281334,17,4,False,Left,Back,Right,Left,52
<_io.BytesIO object at 0x0000020FB74864A0>,0.6882144212722778,0.1055046021938324,-0.04142304137349129,281334,17,4,False,Left,Back,Right,Left,52
<_io.BytesIO object at 0x0000020FB7486F90>,0.7514094710350037,0.12051019817590714,0.18381637334823608,281334,17,4,False,Left,Back,Right,Left,52
<_io.BytesIO object at 0x0000020FB7486B80>,0.7384576201438904,0.08311069756746292,0.2557529807090759,281334,17,4,False,Left,Back,Right,Left,52
<_io.BytesIO object at 0x0000020FB7486D10>,0.6866157054901123,0.151773601770401,0.24119549989700317,281334,17,4,False,Left,Back,Right,Left,52
<_io.BytesIO object at 0x0000020FB7486A40>,0.7137515544891357,0.1318478137254715,0.17030252516269684,281334,17,4,False,Left,Back,Right,Left,52
<_io.BytesIO object at 0x0000020FB7486310>,0.7565247416496277,0.08259953558444977,0.18718034029006958,281334,17,4,False,Left,Back,Right,Left,52
<_io.BytesIO object at 0x0000020FB73D6590>,0.7257320880889893,0.10772405564785004,-0.014307799749076366,281335,17,4,False,Left,Back,Right,Left,52
<_io.BytesIO object at 0x0000020FB73D6AE0>,0.707169771194458,0.08894523233175278,0.06898985803127289,281335,17,4,False,Left,Back,Right,Left,52
<_io.BytesIO object at 0x0000020FB73CD720>,0.6538848876953125,0.14794893562793732,0.03423883765935898,281335,17,4,False,Left,Back,Right,Left,52
<_io.BytesIO object at 0x0000020FB73CD950>,0.7341457009315491,0.07499153912067413,0.005086259916424751,281335,17,4,False,Left,Back,Right,Left,52
<_io.BytesIO object at 0x0000020FB73CD8B0>,0.688996434211731,0.1082640141248703,-0.03370090574026108,281335,17,4,False,Left,Back,Right,Left,52
<_io.BytesIO object at 0x0000020FB73D6180>,0.7514094710350037,0.12051019817590714,0.18381637334823608,281335,17,4,False,Left,Back,Right,Left,52
<_io.BytesIO object at 0x0000020FB73D6B80>,0.7384576201438904,0.08311069756746292,0.2557529807090759,281335,17,4,False,Left,Back,Right,Left,52
<_io.BytesIO object at 0x0000020FB73D6BD0>,0.6866157054901123,0.151773601770401,0.24119549989700317,281335,17,4,False,Left,Back,Right,Left,52
<_io.BytesIO object at 0x0000020FB73D6040>,0.7137515544891357,0.1318478137254715,0.17030252516269684,281335,17,4,False,Left,Back,Right,Left,52
<_io.BytesIO object at 0x0000020FB73D69A0>,0.7565247416496277,0.08259953558444977,0.18718034029006958,281335,17,4,False,Left,Back,Right,Left,52
<_io.BytesIO object at 0x0000020FB7486EF0>,0.7265293002128601,0.1107567697763443,-0.006755685433745384,281336,17,4,False,Left,Back,Right,Left,52
<_io.BytesIO object at 0x0000020FB74860E0>,0.7087773680686951,0.09240151196718216,0.07712480425834656,281336,17,4,False,Left,Back,Right,Left,52
<_io.BytesIO object at 0x0000020FB752C400>,0.654284656047821,0.15034307539463043,0.042447660118341446,281336,17,4,False,Left,Back,Right,Left,52
<_io.BytesIO object at 0x0000020FB752CA90>,0.7355815172195435,0.0785311609506607,0.013058483600616455,281336,17,4,False,Left,Back,Right,Left,52
<_io.BytesIO object at 0x0000020FB752C9A0>,0.6896501183509827,0.11072563380002975,-0.02576334960758686,281336,17,4,False,Left,Back,Right,Left,52
<_io.BytesIO object at 0x0000020FB752CEF0>,0.7514094710350037,0.12051019817590714,0.18381637334823608,281336,17,4,False,Left,Back,Right,Left,52
<_io.BytesIO object at 0x0000020FB752C590>,0.7384576201438904,0.08311069756746292,0.2557529807090759,281336,17,4,False,Left,Back,Right,Left,52
<_io.BytesIO object at 0x0000020FB74849A0>,0.6866157054901123,0.151773601770401,0.24119549989700317,281336,17,4,False,Left,Back,Right,Left,52
<_io.BytesIO object at 0x0000020FB74848B0>,0.7137515544891357,0.1318478137254715,0.17030252516269684,281336,17,4,False,Left,Back,Right,Left,52
<_io.BytesIO object at 0x0000020FB7484860>,0.7565247416496277,0.08259953558444977,0.18718034029006958,281336,17,4,False,Left,Back,Right,Left,52
<_io.BytesIO object at 0x0000020FB743C2C0>,0.7272500395774841,0.11365314573049545,0.0012479850556701422,281337,17,4,False,Left,Back,Right,Left,52
<_io.BytesIO object at 0x0000020FAFA851D0>,0.7100512981414795,0.09555356204509735,0.08552857488393784,281337,17,4,False,Left,Back,Right,Left,52
<_io.BytesIO object at 0x0000020FB7533310>,0.6546128392219543,0.15243889391422272,0.050840605050325394,281337,17,4,False,Left,Back,Right,Left,52
<_io.BytesIO object at 0x0000020FB75332C0>,0.736937403678894,0.08190532773733139,0.021225254982709885,281337,17,4,False,Left,Back,Right,Left,52
<_io.BytesIO object at 0x0000020FB75335E0>,0.690236508846283,0.1130916029214859,-0.017643311992287636,281337,17,4,False,Left,Back,Right,Left,52
<_io.BytesIO object at 0x0000020FB7533B30>,0.7514094710350037,0.12051019817590714,0.18381637334823608,281337,17,4,False,Left,Back,Right,Left,52
<_io.BytesIO object at 0x0000020FB7533810>,0.7384576201438904,0.08311069756746292,0.2557529807090759,281337,17,4,False,Left,Back,Right,Left,52
<_io.BytesIO object at 0x0000020FB75331D0>,0.6866157054901123,0.151773601770401,0.24119549989700317,281337,17,4,False,Left,Back,Right,Left,52
<_io.BytesIO object at 0x0000020FB747FBD0>,0.7137515544891357,0.1318478137254715,0.17030252516269684,281337,17,4,False,Left,Back,Right,Left,52
<_io.BytesIO object at 0x0000020FB747FEA0>,0.7565247416496277,0.08259953558444977,0.18718034029006958,281337,17,4,False,Left,Back,Right,Left,52
<_io.BytesIO object at 0x0000020FB7411400>,0.727862536907196,0.11639084666967392,0.009341349825263023,281338,17,4,False,Left,Back,Right,Left,52
<_io.BytesIO object at 0x0000020FB74111D0>,0.710986316204071,0.09824234992265701,0.09396164864301682,281338,17,4,False,Left,Back,Right,Left,52
<_io.BytesIO object at 0x0000020FB74819F0>,0.654762864112854,0.15439128875732422,0.05933656543493271,281338,17,4,False,Left,Back,Right,Left,52
<_io.BytesIO object at 0x0000020FB7481090>,0.7381216287612915,0.084894560277462,0.02948491834104061,281338,17,4,False,Left,Back,Right,Left,52
<_io.BytesIO object at 0x0000020FB7481A40>,0.6907892227172852,0.11531571298837662,-0.009386087767779827,281338,17,4,False,Left,Back,Right,Left,52
<_io.BytesIO object at 0x0000020FB7481D60>,0.7514094710350037,0.12051019817590714,0.18381637334823608,281338,17,4,False,Left,Back,Right,Left,52
<_io.BytesIO object at 0x0000020FB7481540>,0.7384576201438904,0.08311069756746292,0.2557529807090759,281338,17,4,False,Left,Back,Right,Left,52
<_io.BytesIO object at 0x0000020FB7481A90>,0.6866157054901123,0.151773601770401,0.24119549989700317,281338,17,4,False,Left,Back,Right,Left,52
<_io.BytesIO object at 0x0000020FB74810E0>,0.7137515544891357,0.1318478137254715,0.17030252516269684,281338,17,4,False,Left,Back,Right,Left,52
<_io.BytesIO object at 0x0000020FB74816D0>,0.7565247416496277,0.08259953558444977,0.18718034029006958,281338,17,4,False,Left,Back,Right,Left,52
<_io.BytesIO object at 0x0000020FB7497950>,0.72841876745224,0.11868716776371002,0.017603063955903053,281339,17,4,False,Left,Back,Right,Left,52
<_io.BytesIO object at 0x0000020FB74742C0>,0.7116150259971619,0.10043792426586151,0.10256858915090561,281339,17,4,False,Left,Back,Right,Left,52
<_io.BytesIO object at 0x0000020FB7474860>,0.6548794507980347,0.1560266762971878,0.06787668913602829,281339,17,4,False,Left,Back,Right,Left,52
<_io.BytesIO object at 0x0000020FB74741D0>,0.739091157913208,0.08749712258577347,0.03774728998541832,281339,17,4,False,Left,Back,Right,Left,52
<_io.BytesIO object at 0x0000020FB7474DB0>,0.6913483142852783,0.11758455634117126,-0.001115727238357067,281339,17,4,False,Left,Back,Right,Left,52
<_io.BytesIO object at 0x0000020FB746EB30>,0.7514094710350037,0.12051019817590714,0.18381637334823608,281339,17,4,False,Left,Back,Right,Left,52
<_io.BytesIO object at 0x0000020FB746E900>,0.7384576201438904,0.08311069756746292,0.2557529807090759,281339,17,4,False,Left,Back,Right,Left,52
<_io.BytesIO object at 0x0000020FB746EB80>,0.6866157054901123,0.151773601770401,0.24119549989700317,281339,17,4,False,Left,Back,Right,Left,52
<_io.BytesIO object at 0x0000020FB746E450>,0.7137515544891357,0.1318478137254715,0.17030252516269684,281339,17,4,False,Left,Back,Right,Left,52
<_io.BytesIO object at 0x0000020FB746E180>,0.7565247416496277,0.08259953558444977,0.18718034029006958,281339,17,4,False,Left,Back,Right,Left,52
<_io.BytesIO object at 0x0000020FB749EEF0>,0.7287327647209167,0.12090042978525162,0.025926904752850533,281340,17,4,False,Left,Back,Right,Left,52
<_io.BytesIO object at 0x0000020FB749A680>,0.7119333148002625,0.10227654129266739,0.11112792044878006,281340,17,4,False,Left,Back,Right,Left,52
<_io.BytesIO object at 0x0000020FB749A180>,0.6548110246658325,0.1573447734117508,0.07633725553750992,281340,17,4,False,Left,Back,Right,Left,52
<_io.BytesIO object at 0x0000020FB749AAE0>,0.7398165464401245,0.08977266401052475,0.046092815697193146,281340,17,4,False,Left,Back,Right,Left,52
<_io.BytesIO object at 0x0000020FB749AC20>,0.6915571689605713,0.11913245171308517,0.007777934428304434,281340,17,4,False,Left,Back,Right,Left,52
<_io.BytesIO object at 0x0000020FB749A450>,0.7514094710350037,0.12051019817590714,0.18381637334823608,281340,17,4,False,Left,Back,Right,Left,52
<_io.BytesIO object at 0x0000020FB752BD60>,0.7384576201438904,0.08311069756746292,0.2557529807090759,281340,17,4,False,Left,Back,Right,Left,52
<_io.BytesIO object at 0x0000020FB752B680>,0.6866157054901123,0.151773601770401,0.24119549989700317,281340,17,4,False,Left,Back,Right,Left,52
<_io.BytesIO object at 0x0000020FB752B270>,0.7137515544891357,0.1318478137254715,0.17030252516269684,281340,17,4,False,Left,Back,Right,Left,52
<_io.BytesIO object at 0x0000020FB752B5E0>,0.7565247416496277,0.08259953558444977,0.18718034029006958,281340,17,4,False,Left,Back,Right,Left,52
<_io.BytesIO object at 0x0000020FB752BB80>,0.7290847301483154,0.12274381518363953,0.034374646842479706,281341,17,4,False,Left,Back,Right,Left,52
<_io.BytesIO object at 0x0000020FB749AC20>,0.7120184898376465,0.10375498980283737,0.11966673284769058,281341,17,4,False,Left,Back,Right,Left,52
<_io.BytesIO object at 0x0000020FB749A400>,0.654699981212616,0.1584078073501587,0.08470263332128525,281341,17,4,False,Left,Back,Right,Left,52
<_io.BytesIO object at 0x0000020FB749AF90>,0.7402732968330383,0.09177719801664352,0.054352324455976486,281341,17,4,False,Left,Back,Right,Left,52
<_io.BytesIO object at 0x0000020FB749A130>,0.6917046308517456,0.12080492824316025,0.016204537823796272,281341,17,4,False,Left,Back,Right,Left,52
<_io.BytesIO object at 0x0000020FB749E220>,0.7514094710350037,0.12051019817590714,0.18381637334823608,281341,17,4,False,Left,Back,Right,Left,52
<_io.BytesIO object at 0x0000020FB749E7C0>,0.7384576201438904,0.08311069756746292,0.2557529807090759,281341,17,4,False,Left,Back,Right,Left,52
<_io.BytesIO object at 0x0000020FB749E3B0>,0.6866157054901123,0.151773601770401,0.24119549989700317,281341,17,4,False,Left,Back,Right,Left,52
<_io.BytesIO object at 0x0000020FB749E860>,0.7137515544891357,0.1318478137254715,0.17030252516269684,281341,17,4,False,Left,Back,Right,Left,52
<_io.BytesIO object at 0x0000020FB749EEA0>,0.7565247416496277,0.08259953558444977,0.18718034029006958,281341,17,4,False,Left,Back,Right,Left,52
<_io.BytesIO object at 0x0000020FB746E4A0>,0.7290977239608765,0.1244102492928505,0.04262571036815643,281342,17,4,False,Left,Back,Right,Left,52
<_io.BytesIO object at 0x0000020FB74748B0>,0.7119375467300415,0.10498163849115372,0.12802612781524658,281342,17,4,False,Left,Back,Right,Left,52
<_io.BytesIO object at 0x0000020FB74744F0>,0.654284656047821,0.1592773199081421,0.09289434552192688,281342,17,4,False,Left,Back,Right,Left,52
<_io.BytesIO object at 0x0000020FB7474310>,0.7405384182929993,0.09354211390018463,0.06236393749713898,281342,17,4,False,Left,Back,Right,Left,52
<_io.BytesIO object at 0x0000020FB7474EF0>,0.6916332244873047,0.12221993505954742,0.024537133052945137,281342,17,4,False,Left,Back,Right,Left,52
<_io.BytesIO object at 0x0000020FB466C860>,0.7514094710350037,0.12051019817590714,0.18381637334823608,281342,17,4,False,Left,Back,Right,Left,52
<_io.BytesIO object at 0x0000020FB7497D10>,0.7384576201438904,0.08311069756746292,0.2557529807090759,281342,17,4,False,Left,Back,Right,Left,52
<_io.BytesIO object at 0x0000020FB7497BD0>,0.6866157054901123,0.151773601770401,0.24119549989700317,281342,17,4,False,Left,Back,Right,Left,52
<_io.BytesIO object at 0x0000020FB74979F0>,0.7137515544891357,0.1318478137254715,0.17030252516269684,281342,17,4,False,Left,Back,Right,Left,52
<_io.BytesIO object at 0x0000020FB748E270>,0.7565247416496277,0.08259953558444977,0.18718034029006958,281342,17,4,False,Left,Back,Right,Left,52
<_io.BytesIO object at 0x0000020FB7481EF0>,0.7288086414337158,0.12594419717788696,0.0505688413977623,281343,17,4,False,Left,Back,Right,Left,52
<_io.BytesIO object at 0x0000020FB7481D10>,0.7117577195167542,0.10616328567266464,0.1358671486377716,281343,17,4,False,Left,Back,Right,Left,52
<_io.BytesIO object at 0x0000020FB7411DB0>,0.6537472009658813,0.1599854677915573,0.10094789415597916,281343,17,4,False,Left,Back,Right,Left,52
<_io.BytesIO object at 0x0000020FB74114F0>,0.7408698201179504,0.09540178626775742,0.07037865370512009,281343,17,4,False,Left,Back,Right,Left,52
<_io.BytesIO object at 0x0000020FB74116D0>,0.6914029717445374,0.12361136823892593,0.032630182802677155,281343,17,4,False,Left,Back,Right,Left,52
<_io.BytesIO object at 0x0000020FB7411AE0>,0.7514094710350037,0.12051019817590714,0.18381637334823608,281343,17,4,False,Left,Back,Right,Left,52
<_io.BytesIO object at 0x0000020FB7411270>,0.7384576201438904,0.08311069756746292,0.2557529807090759,281343,17,4,False,Left,Back,Right,Left,52
<_io.BytesIO object at 0x0000020FB7411630>,0.6866157054901123,0.151773601770401,0.24119549989700317,281343,17,4,False,Left,Back,Right,Left,52
<_io.BytesIO object at 0x0000020FB74118B0>,0.7137515544891357,0.1318478137254715,0.17030252516269684,281343,17,4,False,Left,Back,Right,Left,52
<_io.BytesIO object at 0x0000020FB747F400>,0.7565247416496277,0.08259953558444977,0.18718034029006958,281343,17,4,False,Left,Back,Right,Left,52
<_io.BytesIO object at 0x0000020FB7533630>,0.7284149527549744,0.12749400734901428,0.058233581483364105,281344,17,4,False,Left,Back,Right,Left,52
<_io.BytesIO object at 0x0000020FB75332C0>,0.7114334106445312,0.10682684928178787,0.14368493854999542,281344,17,4,False,Left,Back,Right,Left,52
<_io.BytesIO object at 0x0000020FB7533040>,0.6528197526931763,0.1605919748544693,0.1085895225405693,281344,17,4,False,Left,Back,Right,Left,52
<_io.BytesIO object at 0x0000020FB743C360>,0.7406580448150635,0.096954844892025,0.07780016213655472,281344,17,4,False,Left,Back,Right,Left,52
<_io.BytesIO object at 0x0000020FB743C590>,0.6908717751502991,0.12489564716815948,0.040303830057382584,281344,17,4,False,Left,Back,Right,Left,52
<_io.BytesIO object at 0x0000020FB743C180>,0.7514094710350037,0.12051019817590714,0.18381637334823608,281344,17,4,False,Left,Back,Right,Left,52
<_io.BytesIO object at 0x0000020FB743C270>,0.7384576201438904,0.08311069756746292,0.2557529807090759,281344,17,4,False,Left,Back,Right,Left,52
<_io.BytesIO object at 0x0000020FB743C810>,0.6866157054901123,0.151773601770401,0.24119549989700317,281344,17,4,False,Left,Back,Right,Left,52
<_io.BytesIO object at 0x0000020FB743CB80>,0.7137515544891357,0.1318478137254715,0.17030252516269684,281344,17,4,False,Left,Back,Right,Left,52
<_io.BytesIO object at 0x0000020FB743C8B0>,0.7565247416496277,0.08259953558444977,0.18718034029006958,281344,17,4,False,Left,Back,Right,Left,52
<_io.BytesIO object at 0x0000020FB752CD10>,0.7275884747505188,0.12885573506355286,0.06529241055250168,281345,17,4,False,Left,Back,Right,Left,52
<_io.BytesIO object at 0x0000020FB752C4F0>,0.7107428908348083,0.10770516097545624,0.15076401829719543,281345,17,4,False,Left,Back,Right,Left,52
<_io.BytesIO object at 0x0000020FB752C270>,0.6517245769500732,0.1611533761024475,0.11588849872350693,281345,17,4,False,Left,Back,Right,Left,52
<_io.BytesIO object at 0x0000020FB74860E0>,0.7400988340377808,0.09843361377716064,0.08483077585697174,281345,17,4,False,Left,Back,Right,Left,52
<_io.BytesIO object at 0x0000020FB7486270>,0.6899768710136414,0.12594303488731384,0.047584135085344315,281345,17,4,False,Left,Back,Right,Left,52
<_io.BytesIO object at 0x0000020FB7486F90>,0.7514094710350037,0.12051019817590714,0.18381637334823608,281345,17,4,False,Left,Back,Right,Left,52
<_io.BytesIO object at 0x0000020FB7486540>,0.7384576201438904,0.08311069756746292,0.2557529807090759,281345,17,4,False,Left,Back,Right,Left,52
<_io.BytesIO object at 0x0000020FB7486A40>,0.6866157054901123,0.151773601770401,0.24119549989700317,281345,17,4,False,Left,Back,Right,Left,52
<_io.BytesIO object at 0x0000020FB7486950>,0.7137515544891357,0.1318478137254715,0.17030252516269684,281345,17,4,False,Left,Back,Right,Left,52
<_io.BytesIO object at 0x0000020FB748A0E0>,0.7565247416496277,0.08259953558444977,0.18718034029006958,281345,17,4,False,Left,Back,Right,Left,52
<_io.BytesIO object at 0x0000020FB73D6360>,0.7262030839920044,0.13001736998558044,0.07210537046194077,281346,17,4,False,Left,Back,Right,Left,52
<_io.BytesIO object at 0x0000020FB73D6180>,0.7099134922027588,0.10870730131864548,0.15755385160446167,281346,17,4,False,Left,Back,Right,Left,52
<_io.BytesIO object at 0x0000020FB73CD3B0>,0.6503546237945557,0.16166675090789795,0.12262377887964249,281346,17,4,False,Left,Back,Right,Left,52
<_io.BytesIO object at 0x0000020FB73CD630>,0.7391188740730286,0.09975505620241165,0.09140011668205261,281346,17,4,False,Left,Back,Right,Left,52
<_io.BytesIO object at 0x0000020FB73CDD60>,0.6885783076286316,0.12674549221992493,0.05437054857611656,281346,17,4,False,Left,Back,Right,Left,52
<_io.BytesIO object at 0x0000020FB73D6F40>,0.7514094710350037,0.12051019817590714,0.18381637334823608,281346,17,4,False,Left,Back,Right,Left,52
<_io.BytesIO object at 0x0000020FB73D68B0>,0.7384576201438904,0.08311069756746292,0.2557529807090759,281346,17,4,False,Left,Back,Right,Left,52
<_io.BytesIO object at 0x0000020FB73D6BD0>,0.6866157054901123,0.151773601770401,0.24119549989700317,281346,17,4,False,Left,Back,Right,Left,52
<_io.BytesIO object at 0x0000020FB73D61D0>,0.7137515544891357,0.1318478137254715,0.17030252516269684,281346,17,4,False,Left,Back,Right,Left,52
<_io.BytesIO object at 0x0000020FB73D6950>,0.7565247416496277,0.08259953558444977,0.18718034029006958,281346,17,4,False,Left,Back,Right,Left,52
<_io.BytesIO object at 0x0000020FB7486090>,0.7244734764099121,0.1310301125049591,0.07825284451246262,281347,17,4,False,Left,Back,Right,Left,52
<_io.BytesIO object at 0x0000020FB752C950>,0.7087260484695435,0.10991579294204712,0.16379578411579132,281347,17,4,False,Left,Back,Right,Left,52
<_io.BytesIO object at 0x0000020FB752CD60>,0.6484888195991516,0.16214610636234283,0.12881998717784882,281347,17,4,False,Left,Back,Right,Left,52
<_io.BytesIO object at 0x0000020FB752C3B0>,0.7378584146499634,0.1010434553027153,0.0976216197013855,281347,17,4,False,Left,Back,Right,Left,52
<_io.BytesIO object at 0x0000020FB752C4A0>,0.6869246959686279,0.12732763588428497,0.060714948922395706,281347,17,4,False,Left,Back,Right,Left,52
<_io.BytesIO object at 0x0000020FB752C590>,0.7514094710350037,0.12051019817590714,0.18381637334823608,281347,17,4,False,Left,Back,Right,Left,52
<_io.BytesIO object at 0x0000020FB752C5E0>,0.7384576201438904,0.08311069756746292,0.2557529807090759,281347,17,4,False,Left,Back,Right,Left,52
<_io.BytesIO object at 0x0000020FB7484630>,0.6866157054901123,0.151773601770401,0.24119549989700317,281347,17,4,False,Left,Back,Right,Left,52
<_io.BytesIO object at 0x0000020FB7484770>,0.7137515544891357,0.1318478137254715,0.17030252516269684,281347,17,4,False,Left,Back,Right,Left,52
<_io.BytesIO object at 0x0000020FB7484D10>,0.7565247416496277,0.08259953558444977,0.18718034029006958,281347,17,4,False,Left,Back,Right,Left,52
<_io.BytesIO object at 0x0000020FB743CEF0>,0.7224286794662476,0.13221344351768494,0.08413924276828766,281348,17,4,False,Left,Back,Right,Left,52
<_io.BytesIO object at 0x0000020FAFA85540>,0.7072272896766663,0.11126808822154999,0.1696910411119461,281348,17,4,False,Left,Back,Right,Left,52
<_io.BytesIO object at 0x0000020FB7533310>,0.6462608575820923,0.16249942779541016,0.1345638483762741,281348,17,4,False,Left,Back,Right,Left,52
<_io.BytesIO object at 0x0000020FB7533220>,0.7362189888954163,0.10228864848613739,0.10345515608787537,281348,17,4,False,Left,Back,Right,Left,52
<_io.BytesIO object at 0x0000020FB75339A0>,0.6849064230918884,0.12783552706241608,0.06661546975374222,281348,17,4,False,Left,Back,Right,Left,52
<_io.BytesIO object at 0x0000020FB7533B30>,0.7514094710350037,0.12051019817590714,0.18381637334823608,281348,17,4,False,Left,Back,Right,Left,52
<_io.BytesIO object at 0x0000020FB7533F40>,0.7384576201438904,0.08311069756746292,0.2557529807090759,281348,17,4,False,Left,Back,Right,Left,52
<_io.BytesIO object at 0x0000020FB7533A90>,0.6866157054901123,0.151773601770401,0.24119549989700317,281348,17,4,False,Left,Back,Right,Left,52
<_io.BytesIO object at 0x0000020FB747F680>,0.7137515544891357,0.1318478137254715,0.17030252516269684,281348,17,4,False,Left,Back,Right,Left,52
<_io.BytesIO object at 0x0000020FB747FE00>,0.7565247416496277,0.08259953558444977,0.18718034029006958,281348,17,4,False,Left,Back,Right,Left,52
<_io.BytesIO object at 0x0000020FB7411770>,0.720086932182312,0.13332127034664154,0.08956177532672882,281349,17,4,False,Left,Back,Right,Left,52
<_io.BytesIO object at 0x0000020FB7411EA0>,0.7055809497833252,0.11340183019638062,0.1748119592666626,281349,17,4,False,Left,Back,Right,Left,52
<_io.BytesIO object at 0x0000020FB7481D10>,0.643557608127594,0.16281048953533173,0.13991804420948029,281349,17,4,False,Left,Back,Right,Left,52
<_io.BytesIO object at 0x0000020FB7481130>,0.7341746091842651,0.10359609872102737,0.10890688002109528,281349,17,4,False,Left,Back,Right,Left,52
<_io.BytesIO object at 0x0000020FB74812C0>,0.6824966669082642,0.1283450722694397,0.07216301560401917,281349,17,4,False,Left,Back,Right,Left,52
<_io.BytesIO object at 0x0000020FB7481590>,0.7514094710350037,0.12051019817590714,0.18381637334823608,281349,17,4,False,Left,Back,Right,Left,52
<_io.BytesIO object at 0x0000020FB7481F90>,0.7384576201438904,0.08311069756746292,0.2557529807090759,281349,17,4,False,Left,Back,Right,Left,52
<_io.BytesIO object at 0x0000020FB7481810>,0.6866157054901123,0.151773601770401,0.24119549989700317,281349,17,4,False,Left,Back,Right,Left,52
<_io.BytesIO object at 0x0000020FB7481720>,0.7137515544891357,0.1318478137254715,0.17030252516269684,281349,17,4,False,Left,Back,Right,Left,52
<_io.BytesIO object at 0x0000020FB7481DB0>,0.7565247416496277,0.08259953558444977,0.18718034029006958,281349,17,4,False,Left,Back,Right,Left,52
<_io.BytesIO object at 0x0000020FB7497D60>,0.7174822092056274,0.1344563364982605,0.09454712271690369,281350,17,4,False,Left,Back,Right,Left,52
<_io.BytesIO object at 0x0000020FB7474AE0>,0.7045339941978455,0.116036057472229,0.17903907597064972,281350,17,4,False,Left,Back,Right,Left,52
<_io.BytesIO object at 0x0000020FB74747C0>,0.6405624151229858,0.16319675743579865,0.14472408592700958,281350,17,4,False,Left,Back,Right,Left,52
<_io.BytesIO object at 0x0000020FB7474630>,0.7318784594535828,0.1049477681517601,0.11403428763151169,281350,17,4,False,Left,Back,Right,Left,52
<_io.BytesIO object at 0x0000020FB7474770>,0.6799736618995667,0.12895210087299347,0.07714655995368958,281350,17,4,False,Left,Back,Right,Left,52
<_io.BytesIO object at 0x0000020FB746E770>,0.7514094710350037,0.12051019817590714,0.18381637334823608,281350,17,4,False,Left,Back,Right,Left,52
<_io.BytesIO object at 0x0000020FB746EC70>,0.7384576201438904,0.08311069756746292,0.2557529807090759,281350,17,4,False,Left,Back,Right,Left,52
<_io.BytesIO object at 0x0000020FB746E310>,0.6866157054901123,0.151773601770401,0.24119549989700317,281350,17,4,False,Left,Back,Right,Left,52
<_io.BytesIO object at 0x0000020FB746ECC0>,0.7137515544891357,0.1318478137254715,0.17030252516269684,281350,17,4,False,Left,Back,Right,Left,52
<_io.BytesIO object at 0x0000020FB746E180>,0.7565247416496277,0.08259953558444977,0.18718034029006958,281350,17,4,False,Left,Back,Right,Left,52
<_io.BytesIO object at 0x0000020FB749E220>,0.7146309614181519,0.13567103445529938,0.0991831049323082,281351,17,4,False,Left,Back,Right,Left,52
<_io.BytesIO object at 0x0000020FB749A590>,0.7034405469894409,0.11812925338745117,0.18293426930904388,281351,17,4,False,Left,Back,Right,Left,52
<_io.BytesIO object at 0x0000020FB749A400>,0.6372334957122803,0.16349560022354126,0.14921873807907104,281351,17,4,False,Left,Back,Right,Left,52
<_io.BytesIO object at 0x0000020FB749AE50>,0.7292138338088989,0.10627704858779907,0.11878833919763565,281351,17,4,False,Left,Back,Right,Left,52
<_io.BytesIO object at 0x0000020FB749AD60>,0.6772344708442688,0.12956997752189636,0.08178021758794785,281351,17,4,False,Left,Back,Right,Left,52
<_io.BytesIO object at 0x0000020FB749A450>,0.7514094710350037,0.12051019817590714,0.18381637334823608,281351,17,4,False,Left,Back,Right,Left,52
<_io.BytesIO object at 0x0000020FB752BBD0>,0.7384576201438904,0.08311069756746292,0.2557529807090759,281351,17,4,False,Left,Back,Right,Left,52
<_io.BytesIO object at 0x0000020FB752B540>,0.6866157054901123,0.151773601770401,0.24119549989700317,281351,17,4,False,Left,Back,Right,Left,52
<_io.BytesIO object at 0x0000020FB752BA90>,0.7137515544891357,0.1318478137254715,0.17030252516269684,281351,17,4,False,Left,Back,Right,Left,52
<_io.BytesIO object at 0x0000020FB752B810>,0.7565247416496277,0.08259953558444977,0.18718034029006958,281351,17,4,False,Left,Back,Right,Left,52
<_io.BytesIO object at 0x0000020FB752BE00>,0.7114986777305603,0.13678401708602905,0.10367561876773834,281352,17,4,False,Left,Back,Right,Left,52
<_io.BytesIO object at 0x0000020FB749AEF0>,0.7015107274055481,0.12048275768756866,0.18642032146453857,281352,17,4,False,Left,Back,Right,Left,52
<_io.BytesIO object at 0x0000020FB749AF90>,0.6329771876335144,0.16322243213653564,0.15314123034477234,281352,17,4,False,Left,Back,Right,Left,52
<_io.BytesIO object at 0x0000020FB749A310>,0.7263842821121216,0.10762374848127365,0.1233464926481247,281352,17,4,False,Left,Back,Right,Left,52
<_io.BytesIO object at 0x0000020FB749A090>,0.6742047071456909,0.13031277060508728,0.08600719273090363,281352,17,4,False,Left,Back,Right,Left,52
<_io.BytesIO object at 0x0000020FB749EEF0>,0.7514094710350037,0.12051019817590714,0.18381637334823608,281352,17,4,False,Left,Back,Right,Left,52
<_io.BytesIO object at 0x0000020FB749E720>,0.7384576201438904,0.08311069756746292,0.2557529807090759,281352,17,4,False,Left,Back,Right,Left,52
<_io.BytesIO object at 0x0000020FB749E9A0>,0.6866157054901123,0.151773601770401,0.24119549989700317,281352,17,4,False,Left,Back,Right,Left,52
<_io.BytesIO object at 0x0000020FB749E4A0>,0.7137515544891357,0.1318478137254715,0.17030252516269684,281352,17,4,False,Left,Back,Right,Left,52
<_io.BytesIO object at 0x0000020FB749E680>,0.7565247416496277,0.08259953558444977,0.18718034029006958,281352,17,4,False,Left,Back,Right,Left,52
<_io.BytesIO object at 0x0000020FB746EE50>,0.7081311345100403,0.1377933770418167,0.10791517794132233,281353,17,4,False,Left,Back,Right,Left,52
<_io.BytesIO object at 0x0000020FB7474630>,0.6992703676223755,0.12271688133478165,0.18948295712471008,281353,17,4,False,Left,Back,Right,Left,52
<_io.BytesIO object at 0x0000020FB74744F0>,0.6289294958114624,0.16347293555736542,0.15693597495555878,281353,17,4,False,Left,Back,Right,Left,52
<_io.BytesIO object at 0x0000020FB7474900>,0.72318434715271,0.10882360488176346,0.12762928009033203,281353,17,4,False,Left,Back,Right,Left,52
<_io.BytesIO object at 0x0000020FB7474220>,0.6710308194160461,0.13118155300617218,0.08984673023223877,281353,17,4,False,Left,Back,Right,Left,52
<_io.BytesIO object at 0x0000020FB7497A90>,0.7514094710350037,0.12051019817590714,0.18381637334823608,281353,17,4,False,Left,Back,Right,Left,52
<_io.BytesIO object at 0x0000020FB7497E00>,0.7384576201438904,0.08311069756746292,0.2557529807090759,281353,17,4,False,Left,Back,Right,Left,52
<_io.BytesIO object at 0x0000020FB74977C0>,0.6866157054901123,0.151773601770401,0.24119549989700317,281353,17,4,False,Left,Back,Right,Left,52
<_io.BytesIO object at 0x0000020FB748EE50>,0.7137515544891357,0.1318478137254715,0.17030252516269684,281353,17,4,False,Left,Back,Right,Left,52
<_io.BytesIO object at 0x0000020FB748EF90>,0.7565247416496277,0.08259953558444977,0.18718034029006958,281353,17,4,False,Left,Back,Right,Left,52
<_io.BytesIO object at 0x0000020FB7481D60>,0.7047293782234192,0.1388489305973053,0.11188752949237823,281354,17,4,False,Left,Back,Right,Left,52
<_io.BytesIO object at 0x0000020FB7481A40>,0.6968753933906555,0.12469786405563354,0.1922435611486435,281354,17,4,False,Left,Back,Right,Left,52
<_io.BytesIO object at 0x0000020FB74118B0>,0.6246784925460815,0.1635904312133789,0.160732701420784,281354,17,4,False,Left,Back,Right,Left,52
<_io.BytesIO object at 0x0000020FB7411400>,0.7196828722953796,0.10972189158201218,0.1317250281572342,281354,17,4,False,Left,Back,Right,Left,52
<_io.BytesIO object at 0x0000020FB7411D60>,0.6675125956535339,0.13210360705852509,0.09348051249980927,281354,17,4,False,Left,Back,Right,Left,52
<_io.BytesIO object at 0x0000020FB7411AE0>,0.7514094710350037,0.12051019817590714,0.18381637334823608,281354,17,4,False,Left,Back,Right,Left,52
<_io.BytesIO object at 0x0000020FB74112C0>,0.7384576201438904,0.08311069756746292,0.2557529807090759,281354,17,4,False,Left,Back,Right,Left,52
<_io.BytesIO object at 0x0000020FB74114A0>,0.6866157054901123,0.151773601770401,0.24119549989700317,281354,17,4,False,Left,Back,Right,Left,52
<_io.BytesIO object at 0x0000020FB747FF90>,0.7137515544891357,0.1318478137254715,0.17030252516269684,281354,17,4,False,Left,Back,Right,Left,52
<_io.BytesIO object at 0x0000020FB747F590>,0.7565247416496277,0.08259953558444977,0.18718034029006958,281354,17,4,False,Left,Back,Right,Left,52
<_io.BytesIO object at 0x0000020FB7533DB0>,0.7011104226112366,0.13957487046718597,0.11576934903860092,281355,17,4,False,Left,Back,Right,Left,52
<_io.BytesIO object at 0x0000020FB7533270>,0.6942166090011597,0.12638916075229645,0.19463083148002625,281355,17,4,False,Left,Back,Right,Left,52
<_io.BytesIO object at 0x0000020FAFA85540>,0.6204439997673035,0.16396735608577728,0.16437339782714844,281355,17,4,False,Left,Back,Right,Left,52
<_io.BytesIO object at 0x0000020FB743CEF0>,0.7157150506973267,0.11029782146215439,0.1355414092540741,281355,17,4,False,Left,Back,Right,Left,52
<_io.BytesIO object at 0x0000020FB743C900>,0.6640599370002747,0.13321292400360107,0.09706465899944305,281355,17,4,False,Left,Back,Right,Left,52
<_io.BytesIO object at 0x0000020FB743C9A0>,0.7514094710350037,0.12051019817590714,0.18381637334823608,281355,17,4,False,Left,Back,Right,Left,52
<_io.BytesIO object at 0x0000020FB743CE50>,0.7384576201438904,0.08311069756746292,0.2557529807090759,281355,17,4,False,Left,Back,Right,Left,52
<_io.BytesIO object at 0x0000020FB743CA40>,0.6866157054901123,0.151773601770401,0.24119549989700317,281355,17,4,False,Left,Back,Right,Left,52
<_io.BytesIO object at 0x0000020FB743CB30>,0.7137515544891357,0.1318478137254715,0.17030252516269684,281355,17,4,False,Left,Back,Right,Left,52
<_io.BytesIO object at 0x0000020FB743C540>,0.7565247416496277,0.08259953558444977,0.18718034029006958,281355,17,4,False,Left,Back,Right,Left,52
<_io.BytesIO object at 0x0000020FB752C7C0>,0.6973106861114502,0.14011938869953156,0.1197304055094719,281356,17,4,False,Left,Back,Right,Left,52
<_io.BytesIO object at 0x0000020FB752CA90>,0.6912660598754883,0.12748391926288605,0.19671951234340668,281356,17,4,False,Left,Back,Right,Left,52
<_io.BytesIO object at 0x0000020FB752CC20>,0.6161754727363586,0.1643325835466385,0.16804499924182892,281356,17,4,False,Left,Back,Right,Left,52
<_io.BytesIO object at 0x0000020FB74862C0>,0.7114086747169495,0.110446497797966,0.1391981691122055,281356,17,4,False,Left,Back,Right,Left,52
<_io.BytesIO object at 0x0000020FB74863B0>,0.6601491570472717,0.134257510304451,0.10051361471414566,281356,17,4,False,Left,Back,Right,Left,52
<_io.BytesIO object at 0x0000020FB74868B0>,0.7514094710350037,0.12051019817590714,0.18381637334823608,281356,17,4,False,Left,Back,Right,Left,52
<_io.BytesIO object at 0x0000020FB74867C0>,0.7384576201438904,0.08311069756746292,0.2557529807090759,281356,17,4,False,Left,Back,Right,Left,52
<_io.BytesIO object at 0x0000020FB7486680>,0.6866157054901123,0.151773601770401,0.24119549989700317,281356,17,4,False,Left,Back,Right,Left,52
<_io.BytesIO object at 0x0000020FB7486BD0>,0.7137515544891357,0.1318478137254715,0.17030252516269684,281356,17,4,False,Left,Back,Right,Left,52
<_io.BytesIO object at 0x0000020FB748A2C0>,0.7565247416496277,0.08259953558444977,0.18718034029006958,281356,17,4,False,Left,Back,Right,Left,52
<_io.BytesIO object at 0x0000020FB73D6BD0>,0.6933999061584473,0.1402306705713272,0.12370695918798447,281357,17,4,False,Left,Back,Right,Left,52
<_io.BytesIO object at 0x0000020FB73CD810>,0.6812007427215576,0.1287926882505417,0.2103314995765686,281357,17,4,False,Left,Back,Right,Left,52
<_io.BytesIO object at 0x0000020FB73CD770>,0.6120415925979614,0.16488982737064362,0.17169754207134247,281357,17,4,False,Left,Back,Right,Left,52
<_io.BytesIO object at 0x0000020FB73CD270>,0.7069433927536011,0.11030082404613495,0.14272992312908173,281357,17,4,False,Left,Back,Right,Left,52
<_io.BytesIO object at 0x0000020FB73CDF90>,0.656389057636261,0.13547635078430176,0.10399214178323746,281357,17,4,False,Left,Back,Right,Left,52
<_io.BytesIO object at 0x0000020FB73CDF40>,0.7514094710350037,0.12051019817590714,0.18381637334823608,281357,17,4,False,Left,Back,Right,Left,52
<_io.BytesIO object at 0x0000020FB73CD180>,0.7384576201438904,0.08311069756746292,0.2557529807090759,281357,17,4,False,Left,Back,Right,Left,52
<_io.BytesIO object at 0x0000020FB73CD400>,0.6866157054901123,0.151773601770401,0.24119549989700317,281357,17,4,False,Left,Back,Right,Left,52
<_io.BytesIO object at 0x0000020FB73CD220>,0.7137515544891357,0.1318478137254715,0.17030252516269684,281357,17,4,False,Left,Back,Right,Left,52
<_io.BytesIO object at 0x0000020FB73D6EF0>,0.7565247416496277,0.08259953558444977,0.18718034029006958,281357,17,4,False,Left,Back,Right,Left,52
<_io.BytesIO object at 0x0000020FB748A4F0>,0.6894134283065796,0.1400037258863449,0.1276557892560959,281358,17,4,False,Left,Back,Right,Left,52
<_io.BytesIO object at 0x0000020FB7486A40>,0.6764103174209595,0.12776044011116028,0.2138235718011856,281358,17,4,False,Left,Back,Right,Left,52
<_io.BytesIO object at 0x0000020FB7486130>,0.608122706413269,0.16549848020076752,0.17538529634475708,281358,17,4,False,Left,Back,Right,Left,52
<_io.BytesIO object at 0x0000020FB752CF40>,0.7026435136795044,0.11013816297054291,0.14548031985759735,281358,17,4,False,Left,Back,Right,Left,52
<_io.BytesIO object at 0x0000020FB752C1D0>,0.6525218486785889,0.1366223245859146,0.10745910555124283,281358,17,4,False,Left,Back,Right,Left,52
<_io.BytesIO object at 0x0000020FB752C4F0>,0.7514094710350037,0.12051019817590714,0.18381637334823608,281358,17,4,False,Left,Back,Right,Left,52
<_io.BytesIO object at 0x0000020FB752CDB0>,0.7384576201438904,0.08311069756746292,0.2557529807090759,281358,17,4,False,Left,Back,Right,Left,52
<_io.BytesIO object at 0x0000020FB752C9A0>,0.6866157054901123,0.151773601770401,0.24119549989700317,281358,17,4,False,Left,Back,Right,Left,52
<_io.BytesIO object at 0x0000020FB752C590>,0.7137515544891357,0.1318478137254715,0.17030252516269684,281358,17,4,False,Left,Back,Right,Left,52
<_io.BytesIO object at 0x0000020FB752C450>,0.7565247416496277,0.08259953558444977,0.18718034029006958,281358,17,4,False,Left,Back,Right,Left,52
<_io.BytesIO object at 0x0000020FB743C590>,0.6852351427078247,0.13953636586666107,0.1314404159784317,281359,17,4,False,Left,Back,Right,Left,52
<_io.BytesIO object at 0x0000020FB743C810>,0.6698794960975647,0.12418792396783829,0.21754248440265656,281359,17,4,False,Left,Back,Right,Left,52
<_io.BytesIO object at 0x0000020FB743C2C0>,0.6043473482131958,0.1661939024925232,0.17908434569835663,281359,17,4,False,Left,Back,Right,Left,52
<_io.BytesIO object at 0x0000020FAFA851D0>,0.6964139342308044,0.10760854929685593,0.14930881559848785,281359,17,4,False,Left,Back,Right,Left,52
<_io.BytesIO object at 0x0000020FB7533310>,0.6485329866409302,0.13768750429153442,0.11107278615236282,281359,17,4,False,Left,Back,Right,Left,52
<_io.BytesIO object at 0x0000020FB75332C0>,0.7514094710350037,0.12051019817590714,0.18381637334823608,281359,17,4,False,Left,Back,Right,Left,52
<_io.BytesIO object at 0x0000020FB7533130>,0.7384576201438904,0.08311069756746292,0.2557529807090759,281359,17,4,False,Left,Back,Right,Left,52
<_io.BytesIO object at 0x0000020FB7533220>,0.6866157054901123,0.151773601770401,0.24119549989700317,281359,17,4,False,Left,Back,Right,Left,52
<_io.BytesIO object at 0x0000020FB7533950>,0.7137515544891357,0.1318478137254715,0.17030252516269684,281359,17,4,False,Left,Back,Right,Left,52
<_io.BytesIO object at 0x0000020FB7533F40>,0.7565247416496277,0.08259953558444977,0.18718034029006958,281359,17,4,False,Left,Back,Right,Left,52
<_io.BytesIO object at 0x0000020FB747FCC0>,0.6810727715492249,0.1386159211397171,0.1353245973587036,281360,17,4,False,Left,Back,Right,Left,52
<_io.BytesIO object at 0x0000020FB7411630>,0.664824903011322,0.12212999165058136,0.22080537676811218,281360,17,4,False,Left,Back,Right,Left,52
<_io.BytesIO object at 0x0000020FB7411E00>,0.6007116436958313,0.16678236424922943,0.18295717239379883,281360,17,4,False,Left,Back,Right,Left,52
<_io.BytesIO object at 0x0000020FB74111D0>,0.6914797425270081,0.10649704188108444,0.15221868455410004,281360,17,4,False,Left,Back,Right,Left,52
<_io.BytesIO object at 0x0000020FB7411F90>,0.6444147229194641,0.13855044543743134,0.114615298807621,281360,17,4,False,Left,Back,Right,Left,52
<_io.BytesIO object at 0x0000020FB7481450>,0.7514094710350037,0.12051019817590714,0.18381637334823608,281360,17,4,False,Left,Back,Right,Left,52
<_io.BytesIO object at 0x0000020FB7481A90>,0.7384576201438904,0.08311069756746292,0.2557529807090759,281360,17,4,False,Left,Back,Right,Left,52
<_io.BytesIO object at 0x0000020FB7481680>,0.6866157054901123,0.151773601770401,0.24119549989700317,281360,17,4,False,Left,Back,Right,Left,52
<_io.BytesIO object at 0x0000020FB7481F40>,0.7137515544891357,0.1318478137254715,0.17030252516269684,281360,17,4,False,Left,Back,Right,Left,52
<_io.BytesIO object at 0x0000020FB7481540>,0.7565247416496277,0.08259953558444977,0.18718034029006958,281360,17,4,False,Left,Back,Right,Left,52
<_io.BytesIO object at 0x0000020FB748EBD0>,0.6766171455383301,0.13748596608638763,0.13893097639083862,281361,17,4,False,Left,Back,Right,Left,52
<_io.BytesIO object at 0x0000020FB7497D10>,0.6593390703201294,0.11917497217655182,0.22379916906356812,281361,17,4,False,Left,Back,Right,Left,52
<_io.BytesIO object at 0x0000020FB7474F40>,0.5973065495491028,0.1673373281955719,0.18706586956977844,281361,17,4,False,Left,Back,Right,Left,52
<_io.BytesIO object at 0x0000020FB7474900>,0.6856371760368347,0.10466553270816803,0.1547694057226181,281361,17,4,False,Left,Back,Right,Left,52
<_io.BytesIO object at 0x0000020FB7474D10>,0.6402834057807922,0.139165461063385,0.11816626787185669,281361,17,4,False,Left,Back,Right,Left,52
<_io.BytesIO object at 0x0000020FB7474E00>,0.7514094710350037,0.12051019817590714,0.18381637334823608,281361,17,4,False,Left,Back,Right,Left,52
<_io.BytesIO object at 0x0000020FB7474B30>,0.7384576201438904,0.08311069756746292,0.2557529807090759,281361,17,4,False,Left,Back,Right,Left,52
<_io.BytesIO object at 0x0000020FB7474C70>,0.6866157054901123,0.151773601770401,0.24119549989700317,281361,17,4,False,Left,Back,Right,Left,52
<_io.BytesIO object at 0x0000020FB4674130>,0.7137515544891357,0.1318478137254715,0.17030252516269684,281361,17,4,False,Left,Back,Right,Left,52
<_io.BytesIO object at 0x0000020FB746E770>,0.7565247416496277,0.08259953558444977,0.18718034029006958,281361,17,4,False,Left,Back,Right,Left,52
<_io.BytesIO object at 0x0000020FB749E680>,0.6721179485321045,0.13635030388832092,0.14235107600688934,281362,17,4,False,Left,Back,Right,Left,52
<_io.BytesIO object at 0x0000020FB749EE50>,0.6542488932609558,0.11644589900970459,0.2267504185438156,281362,17,4,False,Left,Back,Right,Left,52
<_io.BytesIO object at 0x0000020FB749A4A0>,0.5939084887504578,0.16738705337047577,0.19109675288200378,281362,17,4,False,Left,Back,Right,Left,52
<_io.BytesIO object at 0x0000020FB749ABD0>,0.6800227761268616,0.10248779505491257,0.15743012726306915,281362,17,4,False,Left,Back,Right,Left,52
<_io.BytesIO object at 0x0000020FB749A2C0>,0.6356727480888367,0.1392688751220703,0.12151431292295456,281362,17,4,False,Left,Back,Right,Left,52
<_io.BytesIO object at 0x0000020FB749A4F0>,0.7514094710350037,0.12051019817590714,0.18381637334823608,281362,17,4,False,Left,Back,Right,Left,52
<_io.BytesIO object at 0x0000020FB749AEF0>,0.7384576201438904,0.08311069756746292,0.2557529807090759,281362,17,4,False,Left,Back,Right,Left,52
<_io.BytesIO object at 0x0000020FB749AE50>,0.6866157054901123,0.151773601770401,0.24119549989700317,281362,17,4,False,Left,Back,Right,Left,52
<_io.BytesIO object at 0x0000020FB749AEA0>,0.7137515544891357,0.1318478137254715,0.17030252516269684,281362,17,4,False,Left,Back,Right,Left,52
<_io.BytesIO object at 0x0000020FB752B270>,0.7565247416496277,0.08259953558444977,0.18718034029006958,281362,17,4,False,Left,Back,Right,Left,52
<_io.BytesIO object at 0x0000020FB749E1D0>,0.6672821044921875,0.1353084146976471,0.14540214836597443,281363,17,4,False,Left,Back,Right,Left,52
<_io.BytesIO object at 0x0000020FB746E9F0>,0.6499084234237671,0.11438049376010895,0.22958701848983765,281363,17,4,False,Left,Back,Right,Left,52
<_io.BytesIO object at 0x0000020FB746E1D0>,0.5905885696411133,0.16734977066516876,0.1953468769788742,281363,17,4,False,Left,Back,Right,Left,52
<_io.BytesIO object at 0x0000020FB746EEA0>,0.6746425032615662,0.10103458166122437,0.15977808833122253,281363,17,4,False,Left,Back,Right,Left,52
<_io.BytesIO object at 0x0000020FB746E130>,0.630933403968811,0.13923005759716034,0.12489742785692215,281363,17,4,False,Left,Back,Right,Left,52
<_io.BytesIO object at 0x0000020FB746EC20>,0.7514094710350037,0.12051019817590714,0.18381637334823608,281363,17,4,False,Left,Back,Right,Left,52
<_io.BytesIO object at 0x0000020FB4674090>,0.7384576201438904,0.08311069756746292,0.2557529807090759,281363,17,4,False,Left,Back,Right,Left,52
<_io.BytesIO object at 0x0000020FB74740E0>,0.6866157054901123,0.151773601770401,0.24119549989700317,281363,17,4,False,Left,Back,Right,Left,52
<_io.BytesIO object at 0x0000020FB7474770>,0.7137515544891357,0.1318478137254715,0.17030252516269684,281363,17,4,False,Left,Back,Right,Left,52
<_io.BytesIO object at 0x0000020FB74741D0>,0.7565247416496277,0.08259953558444977,0.18718034029006958,281363,17,4,False,Left,Back,Right,Left,52
<_io.BytesIO object at 0x0000020FB748EA40>,0.662341833114624,0.13433586061000824,0.1480831354856491,281364,17,4,False,Left,Back,Right,Left,52
<_io.BytesIO object at 0x0000020FB748E860>,0.6467875838279724,0.11341699212789536,0.23226936161518097,281364,17,4,False,Left,Back,Right,Left,52
<_io.BytesIO object at 0x0000020FB7481040>,0.5869041085243225,0.16684025526046753,0.19952638447284698,281364,17,4,False,Left,Back,Right,Left,52
<_io.BytesIO object at 0x0000020FB7481630>,0.6701536178588867,0.10023979842662811,0.16186997294425964,281364,17,4,False,Left,Back,Right,Left,52
<_io.BytesIO object at 0x0000020FB7481270>,0.6258289813995361,0.1387091726064682,0.1280927062034607,281364,17,4,False,Left,Back,Right,Left,52
<_io.BytesIO object at 0x0000020FB7481310>,0.7514094710350037,0.12051019817590714,0.18381637334823608,281364,17,4,False,Left,Back,Right,Left,52
<_io.BytesIO object at 0x0000020FB7481680>,0.7384576201438904,0.08311069756746292,0.2557529807090759,281364,17,4,False,Left,Back,Right,Left,52
<_io.BytesIO object at 0x0000020FB7481F90>,0.6866157054901123,0.151773601770401,0.24119549989700317,281364,17,4,False,Left,Back,Right,Left,52
<_io.BytesIO object at 0x0000020FB7411090>,0.7137515544891357,0.1318478137254715,0.17030252516269684,281364,17,4,False,Left,Back,Right,Left,52
<_io.BytesIO object at 0x0000020FB7411590>,0.7565247416496277,0.08259953558444977,0.18718034029006958,281364,17,4,False,Left,Back,Right,Left,52
<_io.BytesIO object at 0x0000020FB747F810>,0.6569207310676575,0.13371211290359497,0.1502922922372818,281365,17,4,False,Left,Back,Right,Left,52
<_io.BytesIO object at 0x0000020FB747F0E0>,0.6442356705665588,0.11318555474281311,0.23473933339118958,281365,17,4,False,Left,Back,Right,Left,52
<_io.BytesIO object at 0x0000020FB7533540>,0.583056628704071,0.1659902036190033,0.20362922549247742,281365,17,4,False,Left,Back,Right,Left,52
<_io.BytesIO object at 0x0000020FB7533590>,0.6655372381210327,0.10036411881446838,0.16376331448554993,281365,17,4,False,Left,Back,Right,Left,52
<_io.BytesIO object at 0x0000020FB7533B80>,0.6205359101295471,0.13793115317821503,0.13091149926185608,281365,17,4,False,Left,Back,Right,Left,52
<_io.BytesIO object at 0x0000020FB7533810>,0.7514094710350037,0.12051019817590714,0.18381637334823608,281365,17,4,False,Left,Back,Right,Left,52
<_io.BytesIO object at 0x0000020FB7533720>,0.7384576201438904,0.08311069756746292,0.2557529807090759,281365,17,4,False,Left,Back,Right,Left,52
<_io.BytesIO object at 0x0000020FB7533130>,0.6866157054901123,0.151773601770401,0.24119549989700317,281365,17,4,False,Left,Back,Right,Left,52
<_io.BytesIO object at 0x0000020FB7533360>,0.7137515544891357,0.1318478137254715,0.17030252516269684,281365,17,4,False,Left,Back,Right,Left,52
<_io.BytesIO object at 0x0000020FB75336D0>,0.7565247416496277,0.08259953558444977,0.18718034029006958,281365,17,4,False,Left,Back,Right,Left,52
<_io.BytesIO object at 0x0000020FB752CAE0>,0.6517185568809509,0.1334795206785202,0.15214145183563232,281366,17,4,False,Left,Back,Right,Left,52
<_io.BytesIO object at 0x0000020FB752C0E0>,0.6418176293373108,0.11299936473369598,0.23711925745010376,281366,17,4,False,Left,Back,Right,Left,52
<_io.BytesIO object at 0x0000020FB752C270>,0.5790348649024963,0.16461879014968872,0.20752005279064178,281366,17,4,False,Left,Back,Right,Left,52
<_io.BytesIO object at 0x0000020FB752C2C0>,0.6610543131828308,0.10028206557035446,0.16593535244464874,281366,17,4,False,Left,Back,Right,Left,52
<_io.BytesIO object at 0x0000020FB73D64F0>,0.6149709820747375,0.13681091368198395,0.13348457217216492,281366,17,4,False,Left,Back,Right,Left,52
<_io.BytesIO object at 0x0000020FB73D6B80>,0.7514094710350037,0.12051019817590714,0.18381637334823608,281366,17,4,False,Left,Back,Right,Left,52
<_io.BytesIO object at 0x0000020FB73D6040>,0.7384576201438904,0.08311069756746292,0.2557529807090759,281366,17,4,False,Left,Back,Right,Left,52
<_io.BytesIO object at 0x0000020FB73D68B0>,0.6866157054901123,0.151773601770401,0.24119549989700317,281366,17,4,False,Left,Back,Right,Left,52
<_io.BytesIO object at 0x0000020FB73D69A0>,0.7137515544891357,0.1318478137254715,0.17030252516269684,281366,17,4,False,Left,Back,Right,Left,52
<_io.BytesIO object at 0x0000020FB7484040>,0.7565247416496277,0.08259953558444977,0.18718034029006958,281366,17,4,False,Left,Back,Right,Left,52
<_io.BytesIO object at 0x0000020FB748AAE0>,0.6467041969299316,0.13360700011253357,0.15366363525390625,281367,17,4,False,Left,Back,Right,Left,52
<_io.BytesIO object at 0x0000020FB748A450>,0.6398946046829224,0.1138167604804039,0.23910370469093323,281367,17,4,False,Left,Back,Right,Left,52
<_io.BytesIO object at 0x0000020FB748A590>,0.5746800303459167,0.1633853316307068,0.21127097308635712,281367,17,4,False,Left,Back,Right,Left,52
<_io.BytesIO object at 0x0000020FB748A3B0>,0.6574328541755676,0.10077305138111115,0.16766922175884247,281367,17,4,False,Left,Back,Right,Left,52
<_io.BytesIO object at 0x0000020FB7486590>,0.609477162361145,0.13560979068279266,0.13579463958740234,281367,17,4,False,Left,Back,Right,Left,52
<_io.BytesIO object at 0x0000020FB7486400>,0.7514094710350037,0.12051019817590714,0.18381637334823608,281367,17,4,False,Left,Back,Right,Left,52
<_io.BytesIO object at 0x0000020FB74868B0>,0.7384576201438904,0.08311069756746292,0.2557529807090759,281367,17,4,False,Left,Back,Right,Left,52
<_io.BytesIO object at 0x0000020FB7486DB0>,0.6866157054901123,0.151773601770401,0.24119549989700317,281367,17,4,False,Left,Back,Right,Left,52
<_io.BytesIO object at 0x0000020FB7486450>,0.7137515544891357,0.1318478137254715,0.17030252516269684,281367,17,4,False,Left,Back,Right,Left,52
<_io.BytesIO object at 0x0000020FB74861D0>,0.7565247416496277,0.08259953558444977,0.18718034029006958,281367,17,4,False,Left,Back,Right,Left,52
<_io.BytesIO object at 0x0000020FB73CDAE0>,0.6414600014686584,0.13361556828022003,0.1550484150648117,281368,17,4,False,Left,Back,Right,Left,52
<_io.BytesIO object at 0x0000020FB73CD9F0>,0.6397478580474854,0.11623486131429672,0.24044384062290192,281368,17,4,False,Left,Back,Right,Left,52
<_io.BytesIO object at 0x0000020FB73CD310>,0.5705648064613342,0.16186699271202087,0.21465928852558136,281368,17,4,False,Left,Back,Right,Left,52
<_io.BytesIO object at 0x0000020FB752B860>,0.655068039894104,0.10212007164955139,0.16869017481803894,281368,17,4,False,Left,Back,Right,Left,52
<_io.BytesIO object at 0x0000020FB752BEA0>,0.6039943099021912,0.13437382876873016,0.13806147873401642,281368,17,4,False,Left,Back,Right,Left,52
<_io.BytesIO object at 0x0000020FB73CD360>,0.7514094710350037,0.12051019817590714,0.18381637334823608,281368,17,4,False,Left,Back,Right,Left,52
<_io.BytesIO object at 0x0000020FB73CDEF0>,0.7384576201438904,0.08311069756746292,0.2557529807090759,281368,17,4,False,Left,Back,Right,Left,52
<_io.BytesIO object at 0x0000020FB73CD950>,0.6866157054901123,0.151773601770401,0.24119549989700317,281368,17,4,False,Left,Back,Right,Left,52
<_io.BytesIO object at 0x0000020FB73CD4A0>,0.7137515544891357,0.1318478137254715,0.17030252516269684,281368,17,4,False,Left,Back,Right,Left,52
<_io.BytesIO object at 0x0000020FB73CD770>,0.7565247416496277,0.08259953558444977,0.18718034029006958,281368,17,4,False,Left,Back,Right,Left,52
<_io.BytesIO object at 0x0000020FB7486450>,0.63631671667099,0.1338498592376709,0.156105637550354,281369,17,4,False,Left,Back,Right,Left,52
<_io.BytesIO object at 0x0000020FB7486E50>,0.7014830112457275,0.12091973423957825,0.12185664474964142,281369,17,4,False,Left,Back,Right,Left,52
<_io.BytesIO object at 0x0000020FB748AE00>,0.6369105577468872,0.15896250307559967,0.07925945520401001,281369,17,4,False,Left,Back,Right,Left,52
<_io.BytesIO object at 0x0000020FB748AB80>,0.6535404920578003,0.10416649281978607,0.16911152005195618,281369,17,4,False,Left,Back,Right,Left,52
<_io.BytesIO object at 0x0000020FB748A220>,0.59862220287323,0.1329747438430786,0.13992364704608917,281369,17,4,False,Left,Back,Right,Left,52
<_io.BytesIO object at 0x0000020FB748AAE0>,0.7514094710350037,0.12051019817590714,0.18381637334823608,281369,17,4,False,Left,Back,Right,Left,52
<_io.BytesIO object at 0x0000020FB748AC20>,0.7384576201438904,0.08311069756746292,0.2557529807090759,281369,17,4,False,Left,Back,Right,Left,52
<_io.BytesIO object at 0x0000020FB748A7C0>,0.6866157054901123,0.151773601770401,0.24119549989700317,281369,17,4,False,Left,Back,Right,Left,52
<_io.BytesIO object at 0x0000020FB748AA90>,0.7137515544891357,0.1318478137254715,0.17030252516269684,281369,17,4,False,Left,Back,Right,Left,52
<_io.BytesIO object at 0x0000020FB7484EA0>,0.7565247416496277,0.08259953558444977,0.18718034029006958,281369,17,4,False,Left,Back,Right,Left,52
<_io.BytesIO object at 0x0000020FB73D6D10>,0.631254255771637,0.13427941501140594,0.15690664947032928,281370,17,4,False,Left,Back,Right,Left,52
<_io.BytesIO object at 0x0000020FB73D60E0>,0.6971917152404785,0.11756318807601929,0.11117030680179596,281370,17,4,False,Left,Back,Right,Left,52
<_io.BytesIO object at 0x0000020FB752CF40>,0.6286858320236206,0.15021857619285583,0.07028090953826904,281370,17,4,False,Left,Back,Right,Left,52
<_io.BytesIO object at 0x0000020FB752CA90>,0.6517787575721741,0.1066993996500969,0.16923095285892487,281370,17,4,False,Left,Back,Right,Left,52
<_io.BytesIO object at 0x0000020FB752CAE0>,0.5933644771575928,0.1315218061208725,0.14143796265125275,281370,17,4,False,Left,Back,Right,Left,52
<_io.BytesIO object at 0x0000020FB752C9A0>,0.7514094710350037,0.12051019817590714,0.18381637334823608,281370,17,4,False,Left,Back,Right,Left,52
<_io.BytesIO object at 0x0000020FB752C590>,0.7384576201438904,0.08311069756746292,0.2557529807090759,281370,17,4,False,Left,Back,Right,Left,52
<_io.BytesIO object at 0x0000020FB752CE50>,0.6866157054901123,0.151773601770401,0.24119549989700317,281370,17,4,False,Left,Back,Right,Left,52
<_io.BytesIO object at 0x0000020FB749ABD0>,0.7137515544891357,0.1318478137254715,0.17030252516269684,281370,17,4,False,Left,Back,Right,Left,52
<_io.BytesIO object at 0x0000020FB749A5E0>,0.7565247416496277,0.08259953558444977,0.18718034029006958,281370,17,4,False,Left,Back,Right,Left,52
<_io.BytesIO object at 0x0000020FB7533220>,0.6262339949607849,0.13474604487419128,0.15743128955364227,281371,17,4,False,Left,Back,Right,Left,52
<_io.BytesIO object at 0x0000020FB7533A90>,0.6921884417533875,0.12082648277282715,0.1105918139219284,281371,17,4,False,Left,Back,Right,Left,52
<_io.BytesIO object at 0x0000020FB747F540>,0.6216257810592651,0.15068300068378448,0.07108397781848907,281371,17,4,False,Left,Back,Right,Left,52
<_io.BytesIO object at 0x0000020FB747F810>,0.6493399143218994,0.1088760644197464,0.16960710287094116,281371,17,4,False,Left,Back,Right,Left,52
<_io.BytesIO object at 0x0000020FB747F360>,0.5881636142730713,0.13011492788791656,0.14259041845798492,281371,17,4,False,Left,Back,Right,Left,52
<_io.BytesIO object at 0x0000020FB747FA90>,0.7514094710350037,0.12051019817590714,0.18381637334823608,281371,17,4,False,Left,Back,Right,Left,52
<_io.BytesIO object at 0x0000020FB747FBD0>,0.7384576201438904,0.08311069756746292,0.2557529807090759,281371,17,4,False,Left,Back,Right,Left,52
<_io.BytesIO object at 0x0000020FB747FC70>,0.6866157054901123,0.151773601770401,0.24119549989700317,281371,17,4,False,Left,Back,Right,Left,52
<_io.BytesIO object at 0x0000020FB747FF90>,0.7137515544891357,0.1318478137254715,0.17030252516269684,281371,17,4,False,Left,Back,Right,Left,52
<_io.BytesIO object at 0x0000020FB74115E0>,0.7565247416496277,0.08259953558444977,0.18718034029006958,281371,17,4,False,Left,Back,Right,Left,52
<_io.BytesIO object at 0x0000020FB7481F40>,0.6211843490600586,0.13517628610134125,0.15771014988422394,281372,17,4,False,Left,Back,Right,Left,52
<_io.BytesIO object at 0x0000020FB7481A40>,0.6871280074119568,0.12233592569828033,0.11040148138999939,281372,17,4,False,Left,Back,Right,Left,52
<_io.BytesIO object at 0x0000020FB748E860>,0.6151686310768127,0.14924846589565277,0.07129985094070435,281372,17,4,False,Left,Back,Right,Left,52
<_io.BytesIO object at 0x0000020FB748E9A0>,0.6460739374160767,0.11053840070962906,0.17028269171714783,281372,17,4,False,Left,Back,Right,Left,52
<_io.BytesIO object at 0x0000020FB748E720>,0.5831338763237,0.12859883904457092,0.1434464156627655,281372,17,4,False,Left,Back,Right,Left,52
<_io.BytesIO object at 0x0000020FB748EEA0>,0.7514094710350037,0.12051019817590714,0.18381637334823608,281372,17,4,False,Left,Back,Right,Left,52
<_io.BytesIO object at 0x0000020FB748E400>,0.7384576201438904,0.08311069756746292,0.2557529807090759,281372,17,4,False,Left,Back,Right,Left,52
<_io.BytesIO object at 0x0000020FB748EE50>,0.6866157054901123,0.151773601770401,0.24119549989700317,281372,17,4,False,Left,Back,Right,Left,52
<_io.BytesIO object at 0x0000020FB7497E50>,0.7137515544891357,0.1318478137254715,0.17030252516269684,281372,17,4,False,Left,Back,Right,Left,52
<_io.BytesIO object at 0x0000020FB7497BD0>,0.7565247416496277,0.08259953558444977,0.18718034029006958,281372,17,4,False,Left,Back,Right,Left,52
<_io.BytesIO object at 0x0000020FB746EA90>,0.6162201166152954,0.13549278676509857,0.15775950253009796,281373,17,4,False,Left,Back,Right,Left,52
<_io.BytesIO object at 0x0000020FB746E810>,0.6823285222053528,0.11678388714790344,0.11298295110464096,281373,17,4,False,Left,Back,Right,Left,52
<_io.BytesIO object at 0x0000020FB466C860>,0.6111205220222473,0.13983285427093506,0.07020977139472961,281373,17,4,False,Left,Back,Right,Left,52
<_io.BytesIO object at 0x0000020FB7474040>,0.6384007930755615,0.10910207033157349,0.1731332391500473,281373,17,4,False,Left,Back,Right,Left,52
<_io.BytesIO object at 0x0000020FB74740E0>,0.5783147811889648,0.1273236721754074,0.143987774848938,281373,17,4,False,Left,Back,Right,Left,52
<_io.BytesIO object at 0x0000020FB7474B80>,0.7514094710350037,0.12051019817590714,0.18381637334823608,281373,17,4,False,Left,Back,Right,Left,52
<_io.BytesIO object at 0x0000020FB74744F0>,0.7384576201438904,0.08311069756746292,0.2557529807090759,281373,17,4,False,Left,Back,Right,Left,52
<_io.BytesIO object at 0x0000020FB7474900>,0.6866157054901123,0.151773601770401,0.24119549989700317,281373,17,4,False,Left,Back,Right,Left,52
<_io.BytesIO object at 0x0000020FB7474720>,0.7137515544891357,0.1318478137254715,0.17030252516269684,281373,17,4,False,Left,Back,Right,Left,52
<_io.BytesIO object at 0x0000020FB7474950>,0.7565247416496277,0.08259953558444977,0.18718034029006958,281373,17,4,False,Left,Back,Right,Left,52
<_io.BytesIO object at 0x0000020FB7481180>,0.6113959550857544,0.13559770584106445,0.15778835117816925,281374,17,4,False,Left,Back,Right,Left,52
<_io.BytesIO object at 0x0000020FB7481360>,0.6779773235321045,0.11737167835235596,0.11338941752910614,281374,17,4,False,Left,Back,Right,Left,52
<_io.BytesIO object at 0x0000020FB74817C0>,0.6063405871391296,0.13818417489528656,0.07018761336803436,281374,17,4,False,Left,Back,Right,Left,52
<_io.BytesIO object at 0x0000020FB74110E0>,0.6342717409133911,0.10988696664571762,0.1736474484205246,281374,17,4,False,Left,Back,Right,Left,52
<_io.BytesIO object at 0x0000020FB7411F40>,0.5737075209617615,0.12628231942653656,0.14412586390972137,281374,17,4,False,Left,Back,Right,Left,52
<_io.BytesIO object at 0x0000020FB7411E00>,0.7514094710350037,0.12051019817590714,0.18381637334823608,281374,17,4,False,Left,Back,Right,Left,52
<_io.BytesIO object at 0x0000020FB7411680>,0.7384576201438904,0.08311069756746292,0.2557529807090759,281374,17,4,False,Left,Back,Right,Left,52
<_io.BytesIO object at 0x0000020FB7411E50>,0.6866157054901123,0.151773601770401,0.24119549989700317,281374,17,4,False,Left,Back,Right,Left,52
<_io.BytesIO object at 0x0000020FB74114A0>,0.7137515544891357,0.1318478137254715,0.17030252516269684,281374,17,4,False,Left,Back,Right,Left,52
<_io.BytesIO object at 0x0000020FB7411D60>,0.7565247416496277,0.08259953558444977,0.18718034029006958,281374,17,4,False,Left,Back,Right,Left,52
<_io.BytesIO object at 0x0000020FB7533AE0>,0.6067011952400208,0.1355319768190384,0.15782691538333893,281375,17,4,False,Left,Back,Right,Left,52
<_io.BytesIO object at 0x0000020FB7533450>,0.6740044355392456,0.11753644794225693,0.11410287767648697,281375,17,4,False,Left,Back,Right,Left,52
<_io.BytesIO object at 0x0000020FB7533CC0>,0.6026169061660767,0.1381300836801529,0.07038673758506775,281375,17,4,False,Left,Back,Right,Left,52
<_io.BytesIO object at 0x0000020FAFA85540>,0.6303691864013672,0.11003107577562332,0.17405030131340027,281375,17,4,False,Left,Back,Right,Left,52
<_io.BytesIO object at 0x0000020FB749A400>,0.5693796277046204,0.12570898234844208,0.1439533829689026,281375,17,4,False,Left,Back,Right,Left,52
<_io.BytesIO object at 0x0000020FB749AB30>,0.7514094710350037,0.12051019817590714,0.18381637334823608,281375,17,4,False,Left,Back,Right,Left,52
<_io.BytesIO object at 0x0000020FB749AD10>,0.7384576201438904,0.08311069756746292,0.2557529807090759,281375,17,4,False,Left,Back,Right,Left,52
<_io.BytesIO object at 0x0000020FB749A4F0>,0.6866157054901123,0.151773601770401,0.24119549989700317,281375,17,4,False,Left,Back,Right,Left,52
<_io.BytesIO object at 0x0000020FB749A090>,0.7137515544891357,0.1318478137254715,0.17030252516269684,281375,17,4,False,Left,Back,Right,Left,52
<_io.BytesIO object at 0x0000020FB749A6D0>,0.7565247416496277,0.08259953558444977,0.18718034029006958,281375,17,4,False,Left,Back,Right,Left,52
<_io.BytesIO object at 0x0000020FB73D6BD0>,0.6024354696273804,0.1355516016483307,0.15776769816875458,281376,17,4,False,Left,Back,Right,Left,52
<_io.BytesIO object at 0x0000020FB73D6F40>,0.6703999638557434,0.11818729341030121,0.11493876576423645,281376,17,4,False,Left,Back,Right,Left,52
<_io.BytesIO object at 0x0000020FB7484AE0>,0.599441647529602,0.13807974755764008,0.07021086663007736,281376,17,4,False,Left,Back,Right,Left,52
<_io.BytesIO object at 0x0000020FB7484360>,0.6258215308189392,0.11018473654985428,0.17426110804080963,281376,17,4,False,Left,Back,Right,Left,52
<_io.BytesIO object at 0x0000020FB7484E00>,0.5652904510498047,0.1254839301109314,0.1433314085006714,281376,17,4,False,Left,Back,Right,Left,52
<_io.BytesIO object at 0x0000020FB7484C70>,0.7514094710350037,0.12051019817590714,0.18381637334823608,281376,17,4,False,Left,Back,Right,Left,52
<_io.BytesIO object at 0x0000020FB74843B0>,0.7384576201438904,0.08311069756746292,0.2557529807090759,281376,17,4,False,Left,Back,Right,Left,52
<_io.BytesIO object at 0x0000020FB7484E50>,0.6866157054901123,0.151773601770401,0.24119549989700317,281376,17,4,False,Left,Back,Right,Left,52
<_io.BytesIO object at 0x0000020FB7484A90>,0.7137515544891357,0.1318478137254715,0.17030252516269684,281376,17,4,False,Left,Back,Right,Left,52
<_io.BytesIO object at 0x0000020FB748A540>,0.7565247416496277,0.08259953558444977,0.18718034029006958,281376,17,4,False,Left,Back,Right,Left,52
<_io.BytesIO object at 0x0000020FB7486270>,0.5984025597572327,0.13572148978710175,0.15766124427318573,281377,17,4,False,Left,Back,Right,Left,52
<_io.BytesIO object at 0x0000020FB7486F90>,0.6670498847961426,0.11830486357212067,0.11618725955486298,281377,17,4,False,Left,Back,Right,Left,52
<_io.BytesIO object at 0x0000020FB743C630>,0.5970908999443054,0.13825292885303497,0.06993584334850311,281377,17,4,False,Left,Back,Right,Left,52
<_io.BytesIO object at 0x0000020FB743C900>,0.6207848191261292,0.10999175161123276,0.17449310421943665,281377,17,4,False,Left,Back,Right,Left,52
<_io.BytesIO object at 0x0000020FB743C590>,0.5614410638809204,0.12580877542495728,0.1423899382352829,281377,17,4,False,Left,Back,Right,Left,52
<_io.BytesIO object at 0x0000020FB743C130>,0.7514094710350037,0.12051019817590714,0.18381637334823608,281377,17,4,False,Left,Back,Right,Left,52
<_io.BytesIO object at 0x0000020FB743CCC0>,0.7384576201438904,0.08311069756746292,0.2557529807090759,281377,17,4,False,Left,Back,Right,Left,52
<_io.BytesIO object at 0x0000020FB743CF90>,0.6866157054901123,0.151773601770401,0.24119549989700317,281377,17,4,False,Left,Back,Right,Left,52
<_io.BytesIO object at 0x0000020FB73CDAE0>,0.7137515544891357,0.1318478137254715,0.17030252516269684,281377,17,4,False,Left,Back,Right,Left,52
<_io.BytesIO object at 0x0000020FB73CD9F0>,0.7565247416496277,0.08259953558444977,0.18718034029006958,281377,17,4,False,Left,Back,Right,Left,52
<_io.BytesIO object at 0x0000020FB73CDF40>,0.5945008993148804,0.13593146204948425,0.15727455914020538,281378,17,4,False,Left,Back,Right,Left,52
<_io.BytesIO object at 0x0000020FB73CD0E0>,0.6639251708984375,0.12004096060991287,0.11634711176156998,281378,17,4,False,Left,Back,Right,Left,52
<_io.BytesIO object at 0x0000020FB73CD4F0>,0.5944948196411133,0.14077162742614746,0.06964543461799622,281378,17,4,False,Left,Back,Right,Left,52
<_io.BytesIO object at 0x0000020FB73CD9A0>,0.6172941327095032,0.11066460609436035,0.1737360656261444,281378,17,4,False,Left,Back,Right,Left,52
<_io.BytesIO object at 0x0000020FB73CD400>,0.5577841401100159,0.12650056183338165,0.14115548133850098,281378,17,4,False,Left,Back,Right,Left,52
<_io.BytesIO object at 0x0000020FB743CF90>,0.7514094710350037,0.12051019817590714,0.18381637334823608,281378,17,4,False,Left,Back,Right,Left,52
<_io.BytesIO object at 0x0000020FB743C4A0>,0.7384576201438904,0.08311069756746292,0.2557529807090759,281378,17,4,False,Left,Back,Right,Left,52
<_io.BytesIO object at 0x0000020FB743C6D0>,0.6866157054901123,0.151773601770401,0.24119549989700317,281378,17,4,False,Left,Back,Right,Left,52
<_io.BytesIO object at 0x0000020FB743CD10>,0.7137515544891357,0.1318478137254715,0.17030252516269684,281378,17,4,False,Left,Back,Right,Left,52
<_io.BytesIO object at 0x0000020FB743CE00>,0.7565247416496277,0.08259953558444977,0.18718034029006958,281378,17,4,False,Left,Back,Right,Left,52
<_io.BytesIO object at 0x0000020FB748AAE0>,0.5906257033348083,0.13619472086429596,0.15686562657356262,281379,17,4,False,Left,Back,Right,Left,52
<_io.BytesIO object at 0x0000020FB748AA40>,0.6607663631439209,0.11979439109563828,0.11745321750640869,281379,17,4,False,Left,Back,Right,Left,52
<_io.BytesIO object at 0x0000020FB7484F40>,0.5928091406822205,0.142004132270813,0.06928764283657074,281379,17,4,False,Left,Back,Right,Left,52
<_io.BytesIO object at 0x0000020FB74845E0>,0.6123022437095642,0.11026673018932343,0.17361222207546234,281379,17,4,False,Left,Back,Right,Left,52
<_io.BytesIO object at 0x0000020FB7484310>,0.5542166829109192,0.12757393717765808,0.13975059986114502,281379,17,4,False,Left,Back,Right,Left,52
<_io.BytesIO object at 0x0000020FB7484180>,0.7514094710350037,0.12051019817590714,0.18381637334823608,281379,17,4,False,Left,Back,Right,Left,52
<_io.BytesIO object at 0x0000020FB7484810>,0.7384576201438904,0.08311069756746292,0.2557529807090759,281379,17,4,False,Left,Back,Right,Left,52
<_io.BytesIO object at 0x0000020FB7484D60>,0.6866157054901123,0.151773601770401,0.24119549989700317,281379,17,4,False,Left,Back,Right,Left,52
<_io.BytesIO object at 0x0000020FB7484360>,0.7137515544891357,0.1318478137254715,0.17030252516269684,281379,17,4,False,Left,Back,Right,Left,52
<_io.BytesIO object at 0x0000020FB7484F90>,0.7565247416496277,0.08259953558444977,0.18718034029006958,281379,17,4,False,Left,Back,Right,Left,52
<_io.BytesIO object at 0x0000020FB752C630>,0.5868305563926697,0.1364888846874237,0.15643461048603058,281380,17,4,False,Left,Back,Right,Left,52
<_io.BytesIO object at 0x0000020FB752C4A0>,0.657656729221344,0.1189945638179779,0.11864136904478073,281380,17,4,False,Left,Back,Right,Left,52
<_io.BytesIO object at 0x0000020FB749A270>,0.5914998650550842,0.1435886025428772,0.06914611160755157,281380,17,4,False,Left,Back,Right,Left,52
<_io.BytesIO object at 0x0000020FB749A5E0>,0.6076290011405945,0.10945405066013336,0.17337992787361145,281380,17,4,False,Left,Back,Right,Left,52
<_io.BytesIO object at 0x0000020FB749A8B0>,0.550764262676239,0.12872102856636047,0.13830576837062836,281380,17,4,False,Left,Back,Right,Left,52
<_io.BytesIO object at 0x0000020FB749A040>,0.7514094710350037,0.12051019817590714,0.18381637334823608,281380,17,4,False,Left,Back,Right,Left,52
<_io.BytesIO object at 0x0000020FB749AB30>,0.7384576201438904,0.08311069756746292,0.2557529807090759,281380,17,4,False,Left,Back,Right,Left,52
<_io.BytesIO object at 0x0000020FB749A450>,0.6866157054901123,0.151773601770401,0.24119549989700317,281380,17,4,False,Left,Back,Right,Left,52
<_io.BytesIO object at 0x0000020FAFA85360>,0.7137515544891357,0.1318478137254715,0.17030252516269684,281380,17,4,False,Left,Back,Right,Left,52
<_io.BytesIO object at 0x0000020FB7533DB0>,0.7565247416496277,0.08259953558444977,0.18718034029006958,281380,17,4,False,Left,Back,Right,Left,52
<_io.BytesIO object at 0x0000020FB747F630>,0.5831060409545898,0.1367349773645401,0.15602998435497284,281381,17,4,False,Left,Back,Right,Left,52
<_io.BytesIO object at 0x0000020FB747F590>,0.654479444026947,0.11803337186574936,0.11988489329814911,281381,17,4,False,Left,Back,Right,Left,52
<_io.BytesIO object at 0x0000020FB7411810>,0.5902235507965088,0.14473067224025726,0.06899464130401611,281381,17,4,False,Left,Back,Right,Left,52
<_io.BytesIO object at 0x0000020FB7411900>,0.6027281284332275,0.10890587419271469,0.1731639951467514,281381,17,4,False,Left,Back,Right,Left,52
<_io.BytesIO object at 0x0000020FB7411B80>,0.547408401966095,0.1299385279417038,0.13692626357078552,281381,17,4,False,Left,Back,Right,Left,52
<_io.BytesIO object at 0x0000020FB7411630>,0.7514094710350037,0.12051019817590714,0.18381637334823608,281381,17,4,False,Left,Back,Right,Left,52
<_io.BytesIO object at 0x0000020FB7411AE0>,0.7384576201438904,0.08311069756746292,0.2557529807090759,281381,17,4,False,Left,Back,Right,Left,52
<_io.BytesIO object at 0x0000020FB7411F40>,0.6866157054901123,0.151773601770401,0.24119549989700317,281381,17,4,False,Left,Back,Right,Left,52
<_io.BytesIO object at 0x0000020FB7411CC0>,0.7137515544891357,0.1318478137254715,0.17030252516269684,281381,17,4,False,Left,Back,Right,Left,52
<_io.BytesIO object at 0x0000020FB7481400>,0.7565247416496277,0.08259953558444977,0.18718034029006958,281381,17,4,False,Left,Back,Right,Left,52
<_io.BytesIO object at 0x0000020FB748EEA0>,0.5797308683395386,0.13694043457508087,0.15598876774311066,281382,17,4,False,Left,Back,Right,Left,52
<_io.BytesIO object at 0x0000020FB748E0E0>,0.6514952778816223,0.11711443215608597,0.12139034271240234,281382,17,4,False,Left,Back,Right,Left,52
<_io.BytesIO object at 0x0000020FB7497E00>,0.5893408060073853,0.14625613391399384,0.06924673169851303,281382,17,4,False,Left,Back,Right,Left,52
<_io.BytesIO object at 0x0000020FB7497C20>,0.5979962348937988,0.10820946842432022,0.17305408418178558,281382,17,4,False,Left,Back,Right,Left,52
<_io.BytesIO object at 0x0000020FB74749A0>,0.5443164110183716,0.13137705624103546,0.13573168218135834,281382,17,4,False,Left,Back,Right,Left,52
<_io.BytesIO object at 0x0000020FB7474F90>,0.7514094710350037,0.12051019817590714,0.18381637334823608,281382,17,4,False,Left,Back,Right,Left,52
<_io.BytesIO object at 0x0000020FB7474F40>,0.7384576201438904,0.08311069756746292,0.2557529807090759,281382,17,4,False,Left,Back,Right,Left,52
<_io.BytesIO object at 0x0000020FB74744F0>,0.6866157054901123,0.151773601770401,0.24119549989700317,281382,17,4,False,Left,Back,Right,Left,52
<_io.BytesIO object at 0x0000020FB7474680>,0.7137515544891357,0.1318478137254715,0.17030252516269684,281382,17,4,False,Left,Back,Right,Left,52
<_io.BytesIO object at 0x0000020FB7474310>,0.7565247416496277,0.08259953558444977,0.18718034029006958,281382,17,4,False,Left,Back,Right,Left,52
<_io.BytesIO object at 0x0000020FB746E9F0>,0.5765087008476257,0.13685011863708496,0.1564321517944336,281383,17,4,False,Left,Back,Right,Left,52
<_io.BytesIO object at 0x0000020FB746E720>,0.6487857699394226,0.11830250173807144,0.12268014252185822,281383,17,4,False,Left,Back,Right,Left,52
<_io.BytesIO object at 0x0000020FB7474D10>,0.5881028175354004,0.1494753062725067,0.06998088955879211,281383,17,4,False,Left,Back,Right,Left,52
<_io.BytesIO object at 0x0000020FB74743B0>,0.5938569903373718,0.10831685364246368,0.17259840667247772,281383,17,4,False,Left,Back,Right,Left,52
<_io.BytesIO object at 0x0000020FB7474DB0>,0.5414499044418335,0.13297177851200104,0.1349516212940216,281383,17,4,False,Left,Back,Right,Left,52
<_io.BytesIO object at 0x0000020FB74747C0>,0.7514094710350037,0.12051019817590714,0.18381637334823608,281383,17,4,False,Left,Back,Right,Left,52
<_io.BytesIO object at 0x0000020FB7474D60>,0.7384576201438904,0.08311069756746292,0.2557529807090759,281383,17,4,False,Left,Back,Right,Left,52
<_io.BytesIO object at 0x0000020FB7474F90>,0.6866157054901123,0.151773601770401,0.24119549989700317,281383,17,4,False,Left,Back,Right,Left,52
<_io.BytesIO object at 0x0000020FB7474CC0>,0.7137515544891357,0.1318478137254715,0.17030252516269684,281383,17,4,False,Left,Back,Right,Left,52
<_io.BytesIO object at 0x0000020FB74979A0>,0.7565247416496277,0.08259953558444977,0.18718034029006958,281383,17,4,False,Left,Back,Right,Left,52
<_io.BytesIO object at 0x0000020FB7481950>,0.5737940073013306,0.1365637183189392,0.1575138419866562,281384,17,4,False,Left,Back,Right,Left,52
<_io.BytesIO object at 0x0000020FB7481BD0>,0.6467193365097046,0.11978153139352798,0.12450294196605682,281384,17,4,False,Left,Back,Right,Left,52
<_io.BytesIO object at 0x0000020FB7481900>,0.5877525210380554,0.15489141643047333,0.07233407348394394,281384,17,4,False,Left,Back,Right,Left,52
<_io.BytesIO object at 0x0000020FB7411F90>,0.5903927683830261,0.10724145919084549,0.17223778367042542,281384,17,4,False,Left,Back,Right,Left,52
<_io.BytesIO object at 0x0000020FB7411590>,0.5390674471855164,0.1347602754831314,0.13472051918506622,281384,17,4,False,Left,Back,Right,Left,52
<_io.BytesIO object at 0x0000020FB7411AE0>,0.7514094710350037,0.12051019817590714,0.18381637334823608,281384,17,4,False,Left,Back,Right,Left,52
<_io.BytesIO object at 0x0000020FB7411EA0>,0.7384576201438904,0.08311069756746292,0.2557529807090759,281384,17,4,False,Left,Back,Right,Left,52
<_io.BytesIO object at 0x0000020FB7411A90>,0.6866157054901123,0.151773601770401,0.24119549989700317,281384,17,4,False,Left,Back,Right,Left,52
<_io.BytesIO object at 0x0000020FB7411860>,0.7137515544891357,0.1318478137254715,0.17030252516269684,281384,17,4,False,Left,Back,Right,Left,52
<_io.BytesIO object at 0x0000020FB74117C0>,0.7565247416496277,0.08259953558444977,0.18718034029006958,281384,17,4,False,Left,Back,Right,Left,52
<_io.BytesIO object at 0x0000020FB7533810>,0.5711851119995117,0.13600651919841766,0.15926890075206757,281385,17,4,False,Left,Back,Right,Left,52
<_io.BytesIO object at 0x0000020FB7533950>,0.6448349952697754,0.12185665965080261,0.12719714641571045,281385,17,4,False,Left,Back,Right,Left,52
<_io.BytesIO object at 0x0000020FB7533770>,0.5875920057296753,0.16073882579803467,0.07578908652067184,281385,17,4,False,Left,Back,Right,Left,52
<_io.BytesIO object at 0x0000020FB749A9A0>,0.5868657827377319,0.1063825786113739,0.17216332256793976,281385,17,4,False,Left,Back,Right,Left,52
<_io.BytesIO object at 0x0000020FB749A360>,0.5370221138000488,0.13674664497375488,0.13523533940315247,281385,17,4,False,Left,Back,Right,Left,52
<_io.BytesIO object at 0x0000020FB749AA90>,0.7514094710350037,0.12051019817590714,0.18381637334823608,281385,17,4,False,Left,Back,Right,Left,52
<_io.BytesIO object at 0x0000020FB749A040>,0.7384576201438904,0.08311069756746292,0.2557529807090759,281385,17,4,False,Left,Back,Right,Left,52
<_io.BytesIO object at 0x0000020FB749A180>,0.6866157054901123,0.151773601770401,0.24119549989700317,281385,17,4,False,Left,Back,Right,Left,52
<_io.BytesIO object at 0x0000020FB749A770>,0.7137515544891357,0.1318478137254715,0.17030252516269684,281385,17,4,False,Left,Back,Right,Left,52
<_io.BytesIO object at 0x0000020FB749A540>,0.7565247416496277,0.08259953558444977,0.18718034029006958,281385,17,4,False,Left,Back,Right,Left,52
<_io.BytesIO object at 0x0000020FB73D6040>,0.568943440914154,0.1349911391735077,0.16174203157424927,281386,17,4,False,Left,Back,Right,Left,52
<_io.BytesIO object at 0x0000020FB73D6EF0>,0.6431077122688293,0.12493384629487991,0.13052332401275635,281386,17,4,False,Left,Back,Right,Left,52
<_io.BytesIO object at 0x0000020FB7484090>,0.5874397158622742,0.16802141070365906,0.08076480776071548,281386,17,4,False,Left,Back,Right,Left,52
<_io.BytesIO object at 0x0000020FB7484680>,0.5835332274436951,0.10537111759185791,0.17206436395645142,281386,17,4,False,Left,Back,Right,Left,52
<_io.BytesIO object at 0x0000020FB7484900>,0.5354083180427551,0.13885895907878876,0.1366923302412033,281386,17,4,False,Left,Back,Right,Left,52
<_io.BytesIO object at 0x0000020FB7484810>,0.7514094710350037,0.12051019817590714,0.18381637334823608,281386,17,4,False,Left,Back,Right,Left,52
<_io.BytesIO object at 0x0000020FB74848B0>,0.7384576201438904,0.08311069756746292,0.2557529807090759,281386,17,4,False,Left,Back,Right,Left,52
<_io.BytesIO object at 0x0000020FB7484A90>,0.6866157054901123,0.151773601770401,0.24119549989700317,281386,17,4,False,Left,Back,Right,Left,52
<_io.BytesIO object at 0x0000020FB7484220>,0.7137515544891357,0.1318478137254715,0.17030252516269684,281386,17,4,False,Left,Back,Right,Left,52
<_io.BytesIO object at 0x0000020FB748AD60>,0.7565247416496277,0.08259953558444977,0.18718034029006958,281386,17,4,False,Left,Back,Right,Left,52
<_io.BytesIO object at 0x0000020FB7486680>,0.5667528510093689,0.13351573050022125,0.16467824578285217,281387,17,4,False,Left,Back,Right,Left,52
<_io.BytesIO object at 0x0000020FB7486EA0>,0.6414722800254822,0.12849432229995728,0.13467998802661896,281387,17,4,False,Left,Back,Right,Left,52
<_io.BytesIO object at 0x0000020FB743C810>,0.5871722102165222,0.17603397369384766,0.08753275871276855,281387,17,4,False,Left,Back,Right,Left,52
<_io.BytesIO object at 0x0000020FB743CB30>,0.5803464651107788,0.10450730472803116,0.1718815267086029,281387,17,4,False,Left,Back,Right,Left,52
<_io.BytesIO object at 0x0000020FB743C1D0>,0.5341382026672363,0.1408410519361496,0.139102041721344,281387,17,4,False,Left,Back,Right,Left,52
<_io.BytesIO object at 0x0000020FB743C6D0>,0.7514094710350037,0.12051019817590714,0.18381637334823608,281387,17,4,False,Left,Back,Right,Left,52
<_io.BytesIO object at 0x0000020FB743C180>,0.7384576201438904,0.08311069756746292,0.2557529807090759,281387,17,4,False,Left,Back,Right,Left,52
<_io.BytesIO object at 0x0000020FB743C7C0>,0.6866157054901123,0.151773601770401,0.24119549989700317,281387,17,4,False,Left,Back,Right,Left,52
<_io.BytesIO object at 0x0000020FB73CD720>,0.7137515544891357,0.1318478137254715,0.17030252516269684,281387,17,4,False,Left,Back,Right,Left,52
<_io.BytesIO object at 0x0000020FB73CD310>,0.7565247416496277,0.08259953558444977,0.18718034029006958,281387,17,4,False,Left,Back,Right,Left,52
<_io.BytesIO object at 0x0000020FB73CD220>,0.5628393888473511,0.14341315627098083,0.16633108258247375,281388,17,4,False,Left,Back,Right,Left,52
<_io.BytesIO object at 0x0000020FB743CA40>,0.6400585174560547,0.130828857421875,0.13768808543682098,281388,17,4,False,Left,Back,Right,Left,52
<_io.BytesIO object at 0x0000020FB743C810>,0.5867671370506287,0.18165791034698486,0.09287950396537781,281388,17,4,False,Left,Back,Right,Left,52
<_io.BytesIO object at 0x0000020FB743CE50>,0.5780865550041199,0.10312202572822571,0.17154468595981598,281388,17,4,False,Left,Back,Right,Left,52
<_io.BytesIO object at 0x0000020FB7486680>,0.5330312848091125,0.14243009686470032,0.14095249772071838,281388,17,4,False,Left,Back,Right,Left,52
<_io.BytesIO object at 0x0000020FB7486950>,0.7514094710350037,0.12051019817590714,0.18381637334823608,281388,17,4,False,Left,Back,Right,Left,52
<_io.BytesIO object at 0x0000020FB7486180>,0.7384576201438904,0.08311069756746292,0.2557529807090759,281388,17,4,False,Left,Back,Right,Left,52
<_io.BytesIO object at 0x0000020FB74867C0>,0.6866157054901123,0.151773601770401,0.24119549989700317,281388,17,4,False,Left,Back,Right,Left,52
<_io.BytesIO object at 0x0000020FB74863B0>,0.7137515544891357,0.1318478137254715,0.17030252516269684,281388,17,4,False,Left,Back,Right,Left,52
<_io.BytesIO object at 0x0000020FB7486CC0>,0.7565247416496277,0.08259953558444977,0.18718034029006958,281388,17,4,False,Left,Back,Right,Left,52
<_io.BytesIO object at 0x0000020FB7484D60>,0.5628393888473511,0.14341315627098083,0.16633108258247375,281389,17,4,False,Left,Back,Right,Left,52
<_io.BytesIO object at 0x0000020FB74841D0>,0.6400585174560547,0.130828857421875,0.13768808543682098,281389,17,4,False,Left,Back,Right,Left,52
<_io.BytesIO object at 0x0000020FB73D6220>,0.5867671370506287,0.18165791034698486,0.09287950396537781,281389,17,4,False,Left,Back,Right,Left,52
<_io.BytesIO object at 0x0000020FB73D6400>,0.5780865550041199,0.10312202572822571,0.17154468595981598,281389,17,4,False,Left,Back,Right,Left,52
<_io.BytesIO object at 0x0000020FB73D6310>,0.5330312848091125,0.14243009686470032,0.14095249772071838,281389,17,4,False,Left,Back,Right,Left,52
<_io.BytesIO object at 0x0000020FB73D64F0>,0.7514094710350037,0.12051019817590714,0.18381637334823608,281389,17,4,False,Left,Back,Right,Left,52
<_io.BytesIO object at 0x0000020FB73D65E0>,0.7384576201438904,0.08311069756746292,0.2557529807090759,281389,17,4,False,Left,Back,Right,Left,52
<_io.BytesIO object at 0x0000020FB752C180>,0.6866157054901123,0.151773601770401,0.24119549989700317,281389,17,4,False,Left,Back,Right,Left,52
<_io.BytesIO object at 0x0000020FB752CE00>,0.7137515544891357,0.1318478137254715,0.17030252516269684,281389,17,4,False,Left,Back,Right,Left,52
<_io.BytesIO object at 0x0000020FB752CB30>,0.7565247416496277,0.08259953558444977,0.18718034029006958,281389,17,4,False,Left,Back,Right,Left,52
<_io.BytesIO object at 0x0000020FB749AE50>,0.5628393888473511,0.14341315627098083,0.16633108258247375,281390,17,4,False,Left,Back,Right,Left,52
<_io.BytesIO object at 0x0000020FB75334F0>,0.6400585174560547,0.130828857421875,0.13768808543682098,281390,17,4,False,Left,Back,Right,Left,52
<_io.BytesIO object at 0x0000020FB7533D60>,0.5867671370506287,0.18165791034698486,0.09287950396537781,281390,17,4,False,Left,Back,Right,Left,52
<_io.BytesIO object at 0x0000020FB7533400>,0.5780865550041199,0.10312202572822571,0.17154468595981598,281390,17,4,False,Left,Back,Right,Left,52
<_io.BytesIO object at 0x0000020FB7533A40>,0.5330312848091125,0.14243009686470032,0.14095249772071838,281390,17,4,False,Left,Back,Right,Left,52
<_io.BytesIO object at 0x0000020FB747F130>,0.7514094710350037,0.12051019817590714,0.18381637334823608,281390,17,4,False,Left,Back,Right,Left,52
<_io.BytesIO object at 0x0000020FB747FB80>,0.7384576201438904,0.08311069756746292,0.2557529807090759,281390,17,4,False,Left,Back,Right,Left,52
<_io.BytesIO object at 0x0000020FB747F360>,0.6866157054901123,0.151773601770401,0.24119549989700317,281390,17,4,False,Left,Back,Right,Left,52
<_io.BytesIO object at 0x0000020FB747FA90>,0.7137515544891357,0.1318478137254715,0.17030252516269684,281390,17,4,False,Left,Back,Right,Left,52
<_io.BytesIO object at 0x0000020FB747F4A0>,0.7565247416496277,0.08259953558444977,0.18718034029006958,281390,17,4,False,Left,Back,Right,Left,52
<_io.BytesIO object at 0x0000020FB748EF40>,0.5628393888473511,0.14341315627098083,0.16633108258247375,281391,17,4,False,Left,Back,Right,Left,52
<_io.BytesIO object at 0x0000020FB748EA90>,0.6400585174560547,0.130828857421875,0.13768808543682098,281391,17,4,False,Left,Back,Right,Left,52
<_io.BytesIO object at 0x0000020FB74111D0>,0.5867671370506287,0.18165791034698486,0.09287950396537781,281391,17,4,False,Left,Back,Right,Left,52
<_io.BytesIO object at 0x0000020FB74117C0>,0.5780865550041199,0.10312202572822571,0.17154468595981598,281391,17,4,False,Left,Back,Right,Left,52
<_io.BytesIO object at 0x0000020FB7411D60>,0.5330312848091125,0.14243009686470032,0.14095249772071838,281391,17,4,False,Left,Back,Right,Left,52
<_io.BytesIO object at 0x0000020FB7411B80>,0.7514094710350037,0.12051019817590714,0.18381637334823608,281391,17,4,False,Left,Back,Right,Left,52
<_io.BytesIO object at 0x0000020FB7411720>,0.7384576201438904,0.08311069756746292,0.2557529807090759,281391,17,4,False,Left,Back,Right,Left,52
<_io.BytesIO object at 0x0000020FB7411590>,0.6866157054901123,0.151773601770401,0.24119549989700317,281391,17,4,False,Left,Back,Right,Left,52
<_io.BytesIO object at 0x0000020FB7411450>,0.7137515544891357,0.1318478137254715,0.17030252516269684,281391,17,4,False,Left,Back,Right,Left,52
<_io.BytesIO object at 0x0000020FB7411770>,0.7565247416496277,0.08259953558444977,0.18718034029006958,281391,17,4,False,Left,Back,Right,Left,52
<_io.BytesIO object at 0x0000020FB746EA90>,0.5628393888473511,0.14341315627098083,0.16633108258247375,281392,17,4,False,Left,Back,Right,Left,52
<_io.BytesIO object at 0x0000020FB746EA40>,0.6400585174560547,0.130828857421875,0.13768808543682098,281392,17,4,False,Left,Back,Right,Left,52
<_io.BytesIO object at 0x0000020FB746E450>,0.5867671370506287,0.18165791034698486,0.09287950396537781,281392,17,4,False,Left,Back,Right,Left,52
<_io.BytesIO object at 0x0000020FB749E310>,0.5780865550041199,0.10312202572822571,0.17154468595981598,281392,17,4,False,Left,Back,Right,Left,52
<_io.BytesIO object at 0x0000020FB749E220>,0.5330312848091125,0.14243009686470032,0.14095249772071838,281392,17,4,False,Left,Back,Right,Left,52
<_io.BytesIO object at 0x0000020FB749E590>,0.7514094710350037,0.12051019817590714,0.18381637334823608,281392,17,4,False,Left,Back,Right,Left,52
<_io.BytesIO object at 0x0000020FB749EA90>,0.7384576201438904,0.08311069756746292,0.2557529807090759,281392,17,4,False,Left,Back,Right,Left,52
<_io.BytesIO object at 0x0000020FB746E770>,0.6866157054901123,0.151773601770401,0.24119549989700317,281392,17,4,False,Left,Back,Right,Left,52
<_io.BytesIO object at 0x0000020FB746ED60>,0.7137515544891357,0.1318478137254715,0.17030252516269684,281392,17,4,False,Left,Back,Right,Left,52
<_io.BytesIO object at 0x0000020FB746EC70>,0.7565247416496277,0.08259953558444977,0.18718034029006958,281392,17,4,False,Left,Back,Right,Left,52
<_io.BytesIO object at 0x0000020FB7497D10>,0.5628393888473511,0.14341315627098083,0.16633108258247375,281393,17,4,False,Left,Back,Right,Left,52
<_io.BytesIO object at 0x0000020FB74115E0>,0.6400585174560547,0.130828857421875,0.13768808543682098,281393,17,4,False,Left,Back,Right,Left,52
<_io.BytesIO object at 0x0000020FB7411B80>,0.5867671370506287,0.18165791034698486,0.09287950396537781,281393,17,4,False,Left,Back,Right,Left,52
<_io.BytesIO object at 0x0000020FB74116D0>,0.5780865550041199,0.10312202572822571,0.17154468595981598,281393,17,4,False,Left,Back,Right,Left,52
<_io.BytesIO object at 0x0000020FB7411CC0>,0.5330312848091125,0.14243009686470032,0.14095249772071838,281393,17,4,False,Left,Back,Right,Left,52
<_io.BytesIO object at 0x0000020FB748EB80>,0.7514094710350037,0.12051019817590714,0.18381637334823608,281393,17,4,False,Left,Back,Right,Left,52
<_io.BytesIO object at 0x0000020FB748E040>,0.7384576201438904,0.08311069756746292,0.2557529807090759,281393,17,4,False,Left,Back,Right,Left,52
<_io.BytesIO object at 0x0000020FB748E770>,0.6866157054901123,0.151773601770401,0.24119549989700317,281393,17,4,False,Left,Back,Right,Left,52
<_io.BytesIO object at 0x0000020FB748EF90>,0.7137515544891357,0.1318478137254715,0.17030252516269684,281393,17,4,False,Left,Back,Right,Left,52
<_io.BytesIO object at 0x0000020FB748E9A0>,0.7565247416496277,0.08259953558444977,0.18718034029006958,281393,17,4,False,Left,Back,Right,Left,52
<_io.BytesIO object at 0x0000020FB747F450>,0.5628393888473511,0.14341315627098083,0.16633108258247375,281394,17,4,False,Left,Back,Right,Left,52
<_io.BytesIO object at 0x0000020FB747F090>,0.6400585174560547,0.130828857421875,0.13768808543682098,281394,17,4,False,Left,Back,Right,Left,52
<_io.BytesIO object at 0x0000020FB7533F90>,0.5867671370506287,0.18165791034698486,0.09287950396537781,281394,17,4,False,Left,Back,Right,Left,52
<_io.BytesIO object at 0x0000020FB7533540>,0.5780865550041199,0.10312202572822571,0.17154468595981598,281394,17,4,False,Left,Back,Right,Left,52
<_io.BytesIO object at 0x0000020FB75338B0>,0.5330312848091125,0.14243009686470032,0.14095249772071838,281394,17,4,False,Left,Back,Right,Left,52
<_io.BytesIO object at 0x0000020FB7533D60>,0.7514094710350037,0.12051019817590714,0.18381637334823608,281394,17,4,False,Left,Back,Right,Left,52
<_io.BytesIO object at 0x0000020FB7533EF0>,0.7384576201438904,0.08311069756746292,0.2557529807090759,281394,17,4,False,Left,Back,Right,Left,52
<_io.BytesIO object at 0x0000020FB7533AE0>,0.6866157054901123,0.151773601770401,0.24119549989700317,281394,17,4,False,Left,Back,Right,Left,52
<_io.BytesIO object at 0x0000020FB7533040>,0.7137515544891357,0.1318478137254715,0.17030252516269684,281394,17,4,False,Left,Back,Right,Left,52
<_io.BytesIO object at 0x0000020FB7533770>,0.7565247416496277,0.08259953558444977,0.18718034029006958,281394,17,4,False,Left,Back,Right,Left,52
<_io.BytesIO object at 0x0000020FB73D69A0>,0.5628393888473511,0.14341315627098083,0.16633108258247375,281395,17,4,False,Left,Back,Right,Left,52
<_io.BytesIO object at 0x0000020FB7484720>,0.6400585174560547,0.130828857421875,0.13768808543682098,281395,17,4,False,Left,Back,Right,Left,52
<_io.BytesIO object at 0x0000020FB7484680>,0.5867671370506287,0.18165791034698486,0.09287950396537781,281395,17,4,False,Left,Back,Right,Left,52
<_io.BytesIO object at 0x0000020FB7484900>,0.5780865550041199,0.10312202572822571,0.17154468595981598,281395,17,4,False,Left,Back,Right,Left,52
<_io.BytesIO object at 0x0000020FB74843B0>,0.5330312848091125,0.14243009686470032,0.14095249772071838,281395,17,4,False,Left,Back,Right,Left,52
<_io.BytesIO object at 0x0000020FB7484C20>,0.7514094710350037,0.12051019817590714,0.18381637334823608,281395,17,4,False,Left,Back,Right,Left,52
<_io.BytesIO object at 0x0000020FB7484220>,0.7384576201438904,0.08311069756746292,0.2557529807090759,281395,17,4,False,Left,Back,Right,Left,52
<_io.BytesIO object at 0x0000020FB7484E50>,0.6866157054901123,0.151773601770401,0.24119549989700317,281395,17,4,False,Left,Back,Right,Left,52
<_io.BytesIO object at 0x0000020FB749AEA0>,0.7137515544891357,0.1318478137254715,0.17030252516269684,281395,17,4,False,Left,Back,Right,Left,52
<_io.BytesIO object at 0x0000020FB749A9A0>,0.7565247416496277,0.08259953558444977,0.18718034029006958,281395,17,4,False,Left,Back,Right,Left,52
<_io.BytesIO object at 0x0000020FB748A450>,0.5628393888473511,0.14341315627098083,0.16633108258247375,281396,17,4,False,Left,Back,Right,Left,52
<_io.BytesIO object at 0x0000020FB7486860>,0.6400585174560547,0.130828857421875,0.13768808543682098,281396,17,4,False,Left,Back,Right,Left,52
<_io.BytesIO object at 0x0000020FB7486EF0>,0.5867671370506287,0.18165791034698486,0.09287950396537781,281396,17,4,False,Left,Back,Right,Left,52
<_io.BytesIO object at 0x0000020FB7486BD0>,0.5780865550041199,0.10312202572822571,0.17154468595981598,281396,17,4,False,Left,Back,Right,Left,52
<_io.BytesIO object at 0x0000020FB7486950>,0.5330312848091125,0.14243009686470032,0.14095249772071838,281396,17,4,False,Left,Back,Right,Left,52
<_io.BytesIO object at 0x0000020FB7486B30>,0.7514094710350037,0.12051019817590714,0.18381637334823608,281396,17,4,False,Left,Back,Right,Left,52
<_io.BytesIO object at 0x0000020FB743C180>,0.7384576201438904,0.08311069756746292,0.2557529807090759,281396,17,4,False,Left,Back,Right,Left,52
<_io.BytesIO object at 0x0000020FB743C1D0>,0.6866157054901123,0.151773601770401,0.24119549989700317,281396,17,4,False,Left,Back,Right,Left,52
<_io.BytesIO object at 0x0000020FB743C810>,0.7137515544891357,0.1318478137254715,0.17030252516269684,281396,17,4,False,Left,Back,Right,Left,52
<_io.BytesIO object at 0x0000020FB743CB30>,0.7565247416496277,0.08259953558444977,0.18718034029006958,281396,17,4,False,Left,Back,Right,Left,52
<_io.BytesIO object at 0x0000020FB73CDCC0>,0.5628393888473511,0.14341315627098083,0.16633108258247375,281397,17,4,False,Left,Back,Right,Left,52
<_io.BytesIO object at 0x0000020FB73CD720>,0.6400585174560547,0.130828857421875,0.13768808543682098,281397,17,4,False,Left,Back,Right,Left,52
<_io.BytesIO object at 0x0000020FB743CAE0>,0.5867671370506287,0.18165791034698486,0.09287950396537781,281397,17,4,False,Left,Back,Right,Left,52
<_io.BytesIO object at 0x0000020FB743C590>,0.5780865550041199,0.10312202572822571,0.17154468595981598,281397,17,4,False,Left,Back,Right,Left,52
<_io.BytesIO object at 0x0000020FB743C630>,0.5330312848091125,0.14243009686470032,0.14095249772071838,281397,17,4,False,Left,Back,Right,Left,52
<_io.BytesIO object at 0x0000020FB743CEF0>,0.7514094710350037,0.12051019817590714,0.18381637334823608,281397,17,4,False,Left,Back,Right,Left,52
<_io.BytesIO object at 0x0000020FB743C220>,0.7384576201438904,0.08311069756746292,0.2557529807090759,281397,17,4,False,Left,Back,Right,Left,52
<_io.BytesIO object at 0x0000020FB7486130>,0.6866157054901123,0.151773601770401,0.24119549989700317,281397,17,4,False,Left,Back,Right,Left,52
<_io.BytesIO object at 0x0000020FB7486090>,0.7137515544891357,0.1318478137254715,0.17030252516269684,281397,17,4,False,Left,Back,Right,Left,52
<_io.BytesIO object at 0x0000020FB7486BD0>,0.7565247416496277,0.08259953558444977,0.18718034029006958,281397,17,4,False,Left,Back,Right,Left,52
<_io.BytesIO object at 0x0000020FB748AEF0>,0.5628393888473511,0.14341315627098083,0.16633108258247375,281398,17,4,False,Left,Back,Right,Left,52
<_io.BytesIO object at 0x0000020FB749AE50>,0.6400585174560547,0.130828857421875,0.13768808543682098,281398,17,4,False,Left,Back,Right,Left,52
<_io.BytesIO object at 0x0000020FB749A590>,0.5867671370506287,0.18165791034698486,0.09287950396537781,281398,17,4,False,Left,Back,Right,Left,52
<_io.BytesIO object at 0x0000020FB749A400>,0.5780865550041199,0.10312202572822571,0.17154468595981598,281398,17,4,False,Left,Back,Right,Left,52
<_io.BytesIO object at 0x0000020FB749AEA0>,0.5330312848091125,0.14243009686470032,0.14095249772071838,281398,17,4,False,Left,Back,Right,Left,52
<_io.BytesIO object at 0x0000020FB74846D0>,0.7514094710350037,0.12051019817590714,0.18381637334823608,281398,17,4,False,Left,Back,Right,Left,52
<_io.BytesIO object at 0x0000020FB7484E50>,0.7384576201438904,0.08311069756746292,0.2557529807090759,281398,17,4,False,Left,Back,Right,Left,52
<_io.BytesIO object at 0x0000020FB7484450>,0.6866157054901123,0.151773601770401,0.24119549989700317,281398,17,4,False,Left,Back,Right,Left,52
<_io.BytesIO object at 0x0000020FB7484180>,0.7137515544891357,0.1318478137254715,0.17030252516269684,281398,17,4,False,Left,Back,Right,Left,52
<_io.BytesIO object at 0x0000020FB74845E0>,0.7565247416496277,0.08259953558444977,0.18718034029006958,281398,17,4,False,Left,Back,Right,Left,52
<_io.BytesIO object at 0x0000020FB73D60E0>,0.5628393888473511,0.14341315627098083,0.16633108258247375,281399,17,4,False,Left,Back,Right,Left,52
<_io.BytesIO object at 0x0000020FB752CE50>,0.6400585174560547,0.130828857421875,0.13768808543682098,281399,17,4,False,Left,Back,Right,Left,52
<_io.BytesIO object at 0x0000020FB752C4A0>,0.5867671370506287,0.18165791034698486,0.09287950396537781,281399,17,4,False,Left,Back,Right,Left,52
<_io.BytesIO object at 0x0000020FB752CDB0>,0.5780865550041199,0.10312202572822571,0.17154468595981598,281399,17,4,False,Left,Back,Right,Left,52
<_io.BytesIO object at 0x0000020FAFA851D0>,0.5330312848091125,0.14243009686470032,0.14095249772071838,281399,17,4,False,Left,Back,Right,Left,52
<_io.BytesIO object at 0x0000020FB7533A90>,0.7514094710350037,0.12051019817590714,0.18381637334823608,281399,17,4,False,Left,Back,Right,Left,52
<_io.BytesIO object at 0x0000020FB7533BD0>,0.7384576201438904,0.08311069756746292,0.2557529807090759,281399,17,4,False,Left,Back,Right,Left,52
<_io.BytesIO object at 0x0000020FB7533810>,0.6866157054901123,0.151773601770401,0.24119549989700317,281399,17,4,False,Left,Back,Right,Left,52
<_io.BytesIO object at 0x0000020FB7533EF0>,0.7137515544891357,0.1318478137254715,0.17030252516269684,281399,17,4,False,Left,Back,Right,Left,52
<_io.BytesIO object at 0x0000020FB7533860>,0.7565247416496277,0.08259953558444977,0.18718034029006958,281399,17,4,False,Left,Back,Right,Left,52
<_io.BytesIO object at 0x0000020FB747F720>,0.5628393888473511,0.14341315627098083,0.16633108258247375,281400,17,4,False,Left,Back,Right,Left,52
<_io.BytesIO object at 0x0000020FB7481180>,0.6400585174560547,0.130828857421875,0.13768808543682098,281400,17,4,False,Left,Back,Right,Left,52
<_io.BytesIO object at 0x0000020FB7481630>,0.5867671370506287,0.18165791034698486,0.09287950396537781,281400,17,4,False,Left,Back,Right,Left,52
<_io.BytesIO object at 0x0000020FB7481F40>,0.5780865550041199,0.10312202572822571,0.17154468595981598,281400,17,4,False,Left,Back,Right,Left,52
<_io.BytesIO object at 0x0000020FB7481590>,0.5330312848091125,0.14243009686470032,0.14095249772071838,281400,17,4,False,Left,Back,Right,Left,52
<_io.BytesIO object at 0x0000020FB748EBD0>,0.7514094710350037,0.12051019817590714,0.18381637334823608,281400,17,4,False,Left,Back,Right,Left,52
<_io.BytesIO object at 0x0000020FB748E8B0>,0.7384576201438904,0.08311069756746292,0.2557529807090759,281400,17,4,False,Left,Back,Right,Left,52
<_io.BytesIO object at 0x0000020FB748E1D0>,0.6866157054901123,0.151773601770401,0.24119549989700317,281400,17,4,False,Left,Back,Right,Left,52
<_io.BytesIO object at 0x0000020FB748E220>,0.7137515544891357,0.1318478137254715,0.17030252516269684,281400,17,4,False,Left,Back,Right,Left,52
<_io.BytesIO object at 0x0000020FB748E090>,0.7565247416496277,0.08259953558444977,0.18718034029006958,281400,17,4,False,Left,Back,Right,Left,52
<_io.BytesIO object at 0x0000020FB74118B0>,0.5628393888473511,0.14341315627098083,0.16633108258247375,281401,17,4,False,Left,Back,Right,Left,52
<_io.BytesIO object at 0x0000020FB7474F40>,0.6400585174560547,0.130828857421875,0.13768808543682098,281401,17,4,False,Left,Back,Right,Left,52
<_io.BytesIO object at 0x0000020FB7474A40>,0.5867671370506287,0.18165791034698486,0.09287950396537781,281401,17,4,False,Left,Back,Right,Left,52
<_io.BytesIO object at 0x0000020FB7474B80>,0.5780865550041199,0.10312202572822571,0.17154468595981598,281401,17,4,False,Left,Back,Right,Left,52
<_io.BytesIO object at 0x0000020FB74743B0>,0.5330312848091125,0.14243009686470032,0.14095249772071838,281401,17,4,False,Left,Back,Right,Left,52
<_io.BytesIO object at 0x0000020FB7474950>,0.7514094710350037,0.12051019817590714,0.18381637334823608,281401,17,4,False,Left,Back,Right,Left,52
<_io.BytesIO object at 0x0000020FB4674130>,0.7384576201438904,0.08311069756746292,0.2557529807090759,281401,17,4,False,Left,Back,Right,Left,52
<_io.BytesIO object at 0x0000020FB746E4F0>,0.6866157054901123,0.151773601770401,0.24119549989700317,281401,17,4,False,Left,Back,Right,Left,52
<_io.BytesIO object at 0x0000020FB746ED10>,0.7137515544891357,0.1318478137254715,0.17030252516269684,281401,17,4,False,Left,Back,Right,Left,52
<_io.BytesIO object at 0x0000020FB746E630>,0.7565247416496277,0.08259953558444977,0.18718034029006958,281401,17,4,False,Left,Back,Right,Left,52
<_io.BytesIO object at 0x0000020FB746E8B0>,0.5628393888473511,0.14341315627098083,0.16633108258247375,281402,17,4,False,Left,Back,Right,Left,52
<_io.BytesIO object at 0x0000020FB74747C0>,0.6400585174560547,0.130828857421875,0.13768808543682098,281402,17,4,False,Left,Back,Right,Left,52
<_io.BytesIO object at 0x0000020FB7474A40>,0.5867671370506287,0.18165791034698486,0.09287950396537781,281402,17,4,False,Left,Back,Right,Left,52
<_io.BytesIO object at 0x0000020FB74749A0>,0.5780865550041199,0.10312202572822571,0.17154468595981598,281402,17,4,False,Left,Back,Right,Left,52
<_io.BytesIO object at 0x0000020FB7474BD0>,0.5330312848091125,0.14243009686470032,0.14095249772071838,281402,17,4,False,Left,Back,Right,Left,52
<_io.BytesIO object at 0x0000020FB7474770>,0.7514094710350037,0.12051019817590714,0.18381637334823608,281402,17,4,False,Left,Back,Right,Left,52
<_io.BytesIO object at 0x0000020FB7411E00>,0.7384576201438904,0.08311069756746292,0.2557529807090759,281402,17,4,False,Left,Back,Right,Left,52
<_io.BytesIO object at 0x0000020FB7411180>,0.6866157054901123,0.151773601770401,0.24119549989700317,281402,17,4,False,Left,Back,Right,Left,52
<_io.BytesIO object at 0x0000020FB7411720>,0.7137515544891357,0.1318478137254715,0.17030252516269684,281402,17,4,False,Left,Back,Right,Left,52
<_io.BytesIO object at 0x0000020FB7411630>,0.7565247416496277,0.08259953558444977,0.18718034029006958,281402,17,4,False,Left,Back,Right,Left,52
<_io.BytesIO object at 0x0000020FB748E810>,0.5628393888473511,0.14341315627098083,0.16633108258247375,281403,17,4,False,Left,Back,Right,Left,52
<_io.BytesIO object at 0x0000020FB74817C0>,0.6400585174560547,0.130828857421875,0.13768808543682098,281403,17,4,False,Left,Back,Right,Left,52
<_io.BytesIO object at 0x0000020FB7481270>,0.5867671370506287,0.18165791034698486,0.09287950396537781,281403,17,4,False,Left,Back,Right,Left,52
<_io.BytesIO object at 0x0000020FB74814A0>,0.5780865550041199,0.10312202572822571,0.17154468595981598,281403,17,4,False,Left,Back,Right,Left,52
<_io.BytesIO object at 0x0000020FB7481220>,0.5330312848091125,0.14243009686470032,0.14095249772071838,281403,17,4,False,Left,Back,Right,Left,52
<_io.BytesIO object at 0x0000020FB7481D10>,0.7514094710350037,0.12051019817590714,0.18381637334823608,281403,17,4,False,Left,Back,Right,Left,52
<_io.BytesIO object at 0x0000020FB7481EF0>,0.7384576201438904,0.08311069756746292,0.2557529807090759,281403,17,4,False,Left,Back,Right,Left,52
<_io.BytesIO object at 0x0000020FB747FC70>,0.6866157054901123,0.151773601770401,0.24119549989700317,281403,17,4,False,Left,Back,Right,Left,52
<_io.BytesIO object at 0x0000020FB747FBD0>,0.7137515544891357,0.1318478137254715,0.17030252516269684,281403,17,4,False,Left,Back,Right,Left,52
<_io.BytesIO object at 0x0000020FB747F7C0>,0.7565247416496277,0.08259953558444977,0.18718034029006958,281403,17,4,False,Left,Back,Right,Left,52
<_io.BytesIO object at 0x0000020FB752CBD0>,0.5628393888473511,0.14341315627098083,0.16633108258247375,281404,17,4,False,Left,Back,Right,Left,52
<_io.BytesIO object at 0x0000020FB73D6090>,0.6400585174560547,0.130828857421875,0.13768808543682098,281404,17,4,False,Left,Back,Right,Left,52
<_io.BytesIO object at 0x0000020FB73D6950>,0.5867671370506287,0.18165791034698486,0.09287950396537781,281404,17,4,False,Left,Back,Right,Left,52
<_io.BytesIO object at 0x0000020FB73D67C0>,0.5780865550041199,0.10312202572822571,0.17154468595981598,281404,17,4,False,Left,Back,Right,Left,52
<_io.BytesIO object at 0x0000020FB73D6540>,0.5330312848091125,0.14243009686470032,0.14095249772071838,281404,17,4,False,Left,Back,Right,Left,52
<_io.BytesIO object at 0x0000020FB73D6360>,0.7514094710350037,0.12051019817590714,0.18381637334823608,281404,17,4,False,Left,Back,Right,Left,52
<_io.BytesIO object at 0x0000020FB7484D60>,0.7384576201438904,0.08311069756746292,0.2557529807090759,281404,17,4,False,Left,Back,Right,Left,52
<_io.BytesIO object at 0x0000020FB7484720>,0.6866157054901123,0.151773601770401,0.24119549989700317,281404,17,4,False,Left,Back,Right,Left,52
<_io.BytesIO object at 0x0000020FB7484090>,0.7137515544891357,0.1318478137254715,0.17030252516269684,281404,17,4,False,Left,Back,Right,Left,52
<_io.BytesIO object at 0x0000020FB74849F0>,0.7565247416496277,0.08259953558444977,0.18718034029006958,281404,17,4,False,Left,Back,Right,Left,52
<_io.BytesIO object at 0x0000020FB749A6D0>,0.5628393888473511,0.14341315627098083,0.16633108258247375,281405,17,4,False,Left,Back,Right,Left,52
<_io.BytesIO object at 0x0000020FB748AF90>,0.6400585174560547,0.130828857421875,0.13768808543682098,281405,17,4,False,Left,Back,Right,Left,52
<_io.BytesIO object at 0x0000020FB748A450>,0.5867671370506287,0.18165791034698486,0.09287950396537781,281405,17,4,False,Left,Back,Right,Left,52
<_io.BytesIO object at 0x0000020FB748A810>,0.5780865550041199,0.10312202572822571,0.17154468595981598,281405,17,4,False,Left,Back,Right,Left,52
<_io.BytesIO object at 0x0000020FB748AD10>,0.5330312848091125,0.14243009686470032,0.14095249772071838,281405,17,4,False,Left,Back,Right,Left,52
<_io.BytesIO object at 0x0000020FB748AE00>,0.7514094710350037,0.12051019817590714,0.18381637334823608,281405,17,4,False,Left,Back,Right,Left,52
<_io.BytesIO object at 0x0000020FB748A590>,0.7384576201438904,0.08311069756746292,0.2557529807090759,281405,17,4,False,Left,Back,Right,Left,52
<_io.BytesIO object at 0x0000020FB7533040>,0.6866157054901123,0.151773601770401,0.24119549989700317,281405,17,4,False,Left,Back,Right,Left,52
<_io.BytesIO object at 0x0000020FB75330E0>,0.7137515544891357,0.1318478137254715,0.17030252516269684,281405,17,4,False,Left,Back,Right,Left,52
<_io.BytesIO object at 0x0000020FB7533540>,0.7565247416496277,0.08259953558444977,0.18718034029006958,281405,17,4,False,Left,Back,Right,Left,52
<_io.BytesIO object at 0x0000020FB7486AE0>,0.5628393888473511,0.14341315627098083,0.16633108258247375,281406,17,4,False,Left,Back,Right,Left,52
<_io.BytesIO object at 0x0000020FB7486130>,0.6400585174560547,0.130828857421875,0.13768808543682098,281406,17,4,False,Left,Back,Right,Left,52
<_io.BytesIO object at 0x0000020FB743C1D0>,0.5867671370506287,0.18165791034698486,0.09287950396537781,281406,17,4,False,Left,Back,Right,Left,52
<_io.BytesIO object at 0x0000020FB743C630>,0.5780865550041199,0.10312202572822571,0.17154468595981598,281406,17,4,False,Left,Back,Right,Left,52
<_io.BytesIO object at 0x0000020FB743C6D0>,0.5330312848091125,0.14243009686470032,0.14095249772071838,281406,17,4,False,Left,Back,Right,Left,52
<_io.BytesIO object at 0x0000020FB743CA90>,0.7514094710350037,0.12051019817590714,0.18381637334823608,281406,17,4,False,Left,Back,Right,Left,52
<_io.BytesIO object at 0x0000020FB73CDA40>,0.7384576201438904,0.08311069756746292,0.2557529807090759,281406,17,4,False,Left,Back,Right,Left,52
<_io.BytesIO object at 0x0000020FB73CD950>,0.6866157054901123,0.151773601770401,0.24119549989700317,281406,17,4,False,Left,Back,Right,Left,52
<_io.BytesIO object at 0x0000020FB73CD6D0>,0.7137515544891357,0.1318478137254715,0.17030252516269684,281406,17,4,False,Left,Back,Right,Left,52
<_io.BytesIO object at 0x0000020FB73CD450>,0.7565247416496277,0.08259953558444977,0.18718034029006958,281406,17,4,False,Left,Back,Right,Left,52
<_io.BytesIO object at 0x0000020FB749E3B0>,0.5628393888473511,0.14341315627098083,0.16633108258247375,281407,17,4,False,Left,Back,Right,Left,52
<_io.BytesIO object at 0x0000020FB749E720>,0.6400585174560547,0.130828857421875,0.13768808543682098,281407,17,4,False,Left,Back,Right,Left,52
<_io.BytesIO object at 0x0000020FB749EE00>,0.5867671370506287,0.18165791034698486,0.09287950396537781,281407,17,4,False,Left,Back,Right,Left,52
<_io.BytesIO object at 0x0000020FB749E1D0>,0.5780865550041199,0.10312202572822571,0.17154468595981598,281407,17,4,False,Left,Back,Right,Left,52
<_io.BytesIO object at 0x0000020FB73CDEA0>,0.5330312848091125,0.14243009686470032,0.14095249772071838,281407,17,4,False,Left,Back,Right,Left,52
<_io.BytesIO object at 0x0000020FB73CD860>,0.7514094710350037,0.12051019817590714,0.18381637334823608,281407,17,4,False,Left,Back,Right,Left,52
<_io.BytesIO object at 0x0000020FB73CD270>,0.7384576201438904,0.08311069756746292,0.2557529807090759,281407,17,4,False,Left,Back,Right,Left,52
<_io.BytesIO object at 0x0000020FB73CD1D0>,0.6866157054901123,0.151773601770401,0.24119549989700317,281407,17,4,False,Left,Back,Right,Left,52
<_io.BytesIO object at 0x0000020FB73CD540>,0.7137515544891357,0.1318478137254715,0.17030252516269684,281407,17,4,False,Left,Back,Right,Left,52
<_io.BytesIO object at 0x0000020FB73CDA40>,0.7565247416496277,0.08259953558444977,0.18718034029006958,281407,17,4,False,Left,Back,Right,Left,52
<_io.BytesIO object at 0x0000020FB7533D60>,0.5628393888473511,0.14341315627098083,0.16633108258247375,281408,17,4,False,Left,Back,Right,Left,52
<_io.BytesIO object at 0x0000020FB75332C0>,0.6400585174560547,0.130828857421875,0.13768808543682098,281408,17,4,False,Left,Back,Right,Left,52
<_io.BytesIO object at 0x0000020FB748AEA0>,0.5867671370506287,0.18165791034698486,0.09287950396537781,281408,17,4,False,Left,Back,Right,Left,52
<_io.BytesIO object at 0x0000020FB748A720>,0.5780865550041199,0.10312202572822571,0.17154468595981598,281408,17,4,False,Left,Back,Right,Left,52
<_io.BytesIO object at 0x0000020FB748A220>,0.5330312848091125,0.14243009686470032,0.14095249772071838,281408,17,4,False,Left,Back,Right,Left,52
<_io.BytesIO object at 0x0000020FB748A040>,0.7514094710350037,0.12051019817590714,0.18381637334823608,281408,17,4,False,Left,Back,Right,Left,52
<_io.BytesIO object at 0x0000020FB748A450>,0.7384576201438904,0.08311069756746292,0.2557529807090759,281408,17,4,False,Left,Back,Right,Left,52
<_io.BytesIO object at 0x0000020FB748A7C0>,0.6866157054901123,0.151773601770401,0.24119549989700317,281408,17,4,False,Left,Back,Right,Left,52
<_io.BytesIO object at 0x0000020FB748A8B0>,0.7137515544891357,0.1318478137254715,0.17030252516269684,281408,17,4,False,Left,Back,Right,Left,52
<_io.BytesIO object at 0x0000020FB749AD60>,0.7565247416496277,0.08259953558444977,0.18718034029006958,281408,17,4,False,Left,Back,Right,Left,52
<_io.BytesIO object at 0x0000020FB7484540>,0.5628393888473511,0.14341315627098083,0.16633108258247375,281409,17,4,False,Left,Back,Right,Left,52
<_io.BytesIO object at 0x0000020FB74849A0>,0.6400585174560547,0.130828857421875,0.13768808543682098,281409,17,4,False,Left,Back,Right,Left,52
<_io.BytesIO object at 0x0000020FB7484590>,0.5867671370506287,0.18165791034698486,0.09287950396537781,281409,17,4,False,Left,Back,Right,Left,52
<_io.BytesIO object at 0x0000020FB73D6C20>,0.5780865550041199,0.10312202572822571,0.17154468595981598,281409,17,4,False,Left,Back,Right,Left,52
<_io.BytesIO object at 0x0000020FB73D6900>,0.5330312848091125,0.14243009686470032,0.14095249772071838,281409,17,4,False,Left,Back,Right,Left,52
<_io.BytesIO object at 0x0000020FB73D63B0>,0.7514094710350037,0.12051019817590714,0.18381637334823608,281409,17,4,False,Left,Back,Right,Left,52
<_io.BytesIO object at 0x0000020FB73D6950>,0.7384576201438904,0.08311069756746292,0.2557529807090759,281409,17,4,False,Left,Back,Right,Left,52
<_io.BytesIO object at 0x0000020FB73D6AE0>,0.6866157054901123,0.151773601770401,0.24119549989700317,281409,17,4,False,Left,Back,Right,Left,52
<_io.BytesIO object at 0x0000020FB73D66D0>,0.7137515544891357,0.1318478137254715,0.17030252516269684,281409,17,4,False,Left,Back,Right,Left,52
<_io.BytesIO object at 0x0000020FB752CA40>,0.7565247416496277,0.08259953558444977,0.18718034029006958,281409,17,4,False,Left,Back,Right,Left,52
<_io.BytesIO object at 0x0000020FB747F1D0>,0.5628393888473511,0.14341315627098083,0.16633108258247375,281410,17,4,False,Left,Back,Right,Left,52
<_io.BytesIO object at 0x0000020FB747F6D0>,0.6400585174560547,0.130828857421875,0.13768808543682098,281410,17,4,False,Left,Back,Right,Left,52
<_io.BytesIO object at 0x0000020FB747F9A0>,0.5867671370506287,0.18165791034698486,0.09287950396537781,281410,17,4,False,Left,Back,Right,Left,52
<_io.BytesIO object at 0x0000020FB7481040>,0.5780865550041199,0.10312202572822571,0.17154468595981598,281410,17,4,False,Left,Back,Right,Left,52
<_io.BytesIO object at 0x0000020FB74818B0>,0.5330312848091125,0.14243009686470032,0.14095249772071838,281410,17,4,False,Left,Back,Right,Left,52
<_io.BytesIO object at 0x0000020FB7481720>,0.7514094710350037,0.12051019817590714,0.18381637334823608,281410,17,4,False,Left,Back,Right,Left,52
<_io.BytesIO object at 0x0000020FB7481130>,0.7384576201438904,0.08311069756746292,0.2557529807090759,281410,17,4,False,Left,Back,Right,Left,52
<_io.BytesIO object at 0x0000020FB7481270>,0.6866157054901123,0.151773601770401,0.24119549989700317,281410,17,4,False,Left,Back,Right,Left,52
<_io.BytesIO object at 0x0000020FB74812C0>,0.7137515544891357,0.1318478137254715,0.17030252516269684,281410,17,4,False,Left,Back,Right,Left,52
<_io.BytesIO object at 0x0000020FB7481590>,0.7565247416496277,0.08259953558444977,0.18718034029006958,281410,17,4,False,Left,Back,Right,Left,52
<_io.BytesIO object at 0x0000020FB7497950>,0.5628393888473511,0.14341315627098083,0.16633108258247375,281411,17,4,False,Left,Back,Right,Left,52
<_io.BytesIO object at 0x0000020FB743CCC0>,0.6400585174560547,0.130828857421875,0.13768808543682098,281411,17,4,False,Left,Back,Right,Left,52
<_io.BytesIO object at 0x0000020FB743C1D0>,0.5867671370506287,0.18165791034698486,0.09287950396537781,281411,17,4,False,Left,Back,Right,Left,52
<_io.BytesIO object at 0x0000020FB743CE00>,0.5780865550041199,0.10312202572822571,0.17154468595981598,281411,17,4,False,Left,Back,Right,Left,52
<_io.BytesIO object at 0x0000020FB743C9F0>,0.5330312848091125,0.14243009686470032,0.14095249772071838,281411,17,4,False,Left,Back,Right,Left,52
<_io.BytesIO object at 0x0000020FB7411EF0>,0.7514094710350037,0.12051019817590714,0.18381637334823608,281411,17,4,False,Left,Back,Right,Left,52
<_io.BytesIO object at 0x0000020FB7411040>,0.7384576201438904,0.08311069756746292,0.2557529807090759,281411,17,4,False,Left,Back,Right,Left,52
<_io.BytesIO object at 0x0000020FB74116D0>,0.6866157054901123,0.151773601770401,0.24119549989700317,281411,17,4,False,Left,Back,Right,Left,52
<_io.BytesIO object at 0x0000020FB7411270>,0.7137515544891357,0.1318478137254715,0.17030252516269684,281411,17,4,False,Left,Back,Right,Left,52
<_io.BytesIO object at 0x0000020FB74119F0>,0.7565247416496277,0.08259953558444977,0.18718034029006958,281411,17,4,False,Left,Back,Right,Left,52
<_io.BytesIO object at 0x0000020FB7474220>,0.5628393888473511,0.14341315627098083,0.16633108258247375,281412,17,4,False,Left,Back,Right,Left,52
<_io.BytesIO object at 0x0000020FB746EAE0>,0.6400585174560547,0.130828857421875,0.13768808543682098,281412,17,4,False,Left,Back,Right,Left,52
<_io.BytesIO object at 0x0000020FB746E9A0>,0.5867671370506287,0.18165791034698486,0.09287950396537781,281412,17,4,False,Left,Back,Right,Left,52
<_io.BytesIO object at 0x0000020FB746E180>,0.5780865550041199,0.10312202572822571,0.17154468595981598,281412,17,4,False,Left,Back,Right,Left,52
<_io.BytesIO object at 0x0000020FB746E770>,0.5330312848091125,0.14243009686470032,0.14095249772071838,281412,17,4,False,Left,Back,Right,Left,52
<_io.BytesIO object at 0x0000020FB752BA90>,0.7514094710350037,0.12051019817590714,0.18381637334823608,281412,17,4,False,Left,Back,Right,Left,52
<_io.BytesIO object at 0x0000020FB752B1D0>,0.7384576201438904,0.08311069756746292,0.2557529807090759,281412,17,4,False,Left,Back,Right,Left,52
<_io.BytesIO object at 0x0000020FB752B540>,0.6866157054901123,0.151773601770401,0.24119549989700317,281412,17,4,False,Left,Back,Right,Left,52
<_io.BytesIO object at 0x0000020FB752BEF0>,0.7137515544891357,0.1318478137254715,0.17030252516269684,281412,17,4,False,Left,Back,Right,Left,52
<_io.BytesIO object at 0x0000020FB752B5E0>,0.7565247416496277,0.08259953558444977,0.18718034029006958,281412,17,4,False,Left,Back,Right,Left,52
<_io.BytesIO object at 0x0000020FB746E400>,0.5628393888473511,0.14341315627098083,0.16633108258247375,281413,17,4,False,Left,Back,Right,Left,52
<_io.BytesIO object at 0x0000020FB74744F0>,0.6400585174560547,0.130828857421875,0.13768808543682098,281413,17,4,False,Left,Back,Right,Left,52
<_io.BytesIO object at 0x0000020FB74747C0>,0.5867671370506287,0.18165791034698486,0.09287950396537781,281413,17,4,False,Left,Back,Right,Left,52
<_io.BytesIO object at 0x0000020FB7474AE0>,0.5780865550041199,0.10312202572822571,0.17154468595981598,281413,17,4,False,Left,Back,Right,Left,52
<_io.BytesIO object at 0x0000020FB7474A90>,0.5330312848091125,0.14243009686470032,0.14095249772071838,281413,17,4,False,Left,Back,Right,Left,52
<_io.BytesIO object at 0x0000020FB7474DB0>,0.7514094710350037,0.12051019817590714,0.18381637334823608,281413,17,4,False,Left,Back,Right,Left,52
<_io.BytesIO object at 0x0000020FB7411B30>,0.7384576201438904,0.08311069756746292,0.2557529807090759,281413,17,4,False,Left,Back,Right,Left,52
<_io.BytesIO object at 0x0000020FB7411900>,0.6866157054901123,0.151773601770401,0.24119549989700317,281413,17,4,False,Left,Back,Right,Left,52
<_io.BytesIO object at 0x0000020FB7411770>,0.7137515544891357,0.1318478137254715,0.17030252516269684,281413,17,4,False,Left,Back,Right,Left,52
<_io.BytesIO object at 0x0000020FB7411DB0>,0.7565247416496277,0.08259953558444977,0.18718034029006958,281413,17,4,False,Left,Back,Right,Left,52
<_io.BytesIO object at 0x0000020FB743C360>,0.5628393888473511,0.14341315627098083,0.16633108258247375,281414,17,4,False,Left,Back,Right,Left,52
<_io.BytesIO object at 0x0000020FB7497F40>,0.6400585174560547,0.130828857421875,0.13768808543682098,281414,17,4,False,Left,Back,Right,Left,52
<_io.BytesIO object at 0x0000020FB748EC20>,0.5867671370506287,0.18165791034698486,0.09287950396537781,281414,17,4,False,Left,Back,Right,Left,52
<_io.BytesIO object at 0x0000020FB748E180>,0.5780865550041199,0.10312202572822571,0.17154468595981598,281414,17,4,False,Left,Back,Right,Left,52
<_io.BytesIO object at 0x0000020FB748ECC0>,0.5330312848091125,0.14243009686470032,0.14095249772071838,281414,17,4,False,Left,Back,Right,Left,52
<_io.BytesIO object at 0x0000020FB748E860>,0.7514094710350037,0.12051019817590714,0.18381637334823608,281414,17,4,False,Left,Back,Right,Left,52
<_io.BytesIO object at 0x0000020FB748EBD0>,0.7384576201438904,0.08311069756746292,0.2557529807090759,281414,17,4,False,Left,Back,Right,Left,52
<_io.BytesIO object at 0x0000020FB748E4F0>,0.6866157054901123,0.151773601770401,0.24119549989700317,281414,17,4,False,Left,Back,Right,Left,52
<_io.BytesIO object at 0x0000020FB7481E00>,0.7137515544891357,0.1318478137254715,0.17030252516269684,281414,17,4,False,Left,Back,Right,Left,52
<_io.BytesIO object at 0x0000020FB7481590>,0.7565247416496277,0.08259953558444977,0.18718034029006958,281414,17,4,False,Left,Back,Right,Left,52
<_io.BytesIO object at 0x0000020FB747F4A0>,0.5628393888473511,0.14341315627098083,0.16633108258247375,281415,17,4,False,Left,Back,Right,Left,52
<_io.BytesIO object at 0x0000020FB747F130>,0.6400585174560547,0.130828857421875,0.13768808543682098,281415,17,4,False,Left,Back,Right,Left,52
<_io.BytesIO object at 0x0000020FB752C630>,0.5867671370506287,0.18165791034698486,0.09287950396537781,281415,17,4,False,Left,Back,Right,Left,52
<_io.BytesIO object at 0x0000020FB752CF40>,0.5780865550041199,0.10312202572822571,0.17154468595981598,281415,17,4,False,Left,Back,Right,Left,52
<_io.BytesIO object at 0x0000020FB752CF90>,0.5330312848091125,0.14243009686470032,0.14095249772071838,281415,17,4,False,Left,Back,Right,Left,52
<_io.BytesIO object at 0x0000020FB752C0E0>,0.7514094710350037,0.12051019817590714,0.18381637334823608,281415,17,4,False,Left,Back,Right,Left,52
<_io.BytesIO object at 0x0000020FB752C3B0>,0.7384576201438904,0.08311069756746292,0.2557529807090759,281415,17,4,False,Left,Back,Right,Left,52
<_io.BytesIO object at 0x0000020FB752C2C0>,0.6866157054901123,0.151773601770401,0.24119549989700317,281415,17,4,False,Left,Back,Right,Left,52
<_io.BytesIO object at 0x0000020FB752CA40>,0.7137515544891357,0.1318478137254715,0.17030252516269684,281415,17,4,False,Left,Back,Right,Left,52
<_io.BytesIO object at 0x0000020FB73D6A90>,0.7565247416496277,0.08259953558444977,0.18718034029006958,281415,17,4,False,Left,Back,Right,Left,52
<_io.BytesIO object at 0x0000020FB7484B30>,0.5628393888473511,0.14341315627098083,0.16633108258247375,281416,17,4,False,Left,Back,Right,Left,52
<_io.BytesIO object at 0x0000020FB7484680>,0.6400585174560547,0.130828857421875,0.13768808543682098,281416,17,4,False,Left,Back,Right,Left,52
<_io.BytesIO object at 0x0000020FB749AEA0>,0.5867671370506287,0.18165791034698486,0.09287950396537781,281416,17,4,False,Left,Back,Right,Left,52
<_io.BytesIO object at 0x0000020FB749A8B0>,0.5780865550041199,0.10312202572822571,0.17154468595981598,281416,17,4,False,Left,Back,Right,Left,52
<_io.BytesIO object at 0x0000020FB749A9A0>,0.5330312848091125,0.14243009686470032,0.14095249772071838,281416,17,4,False,Left,Back,Right,Left,52
<_io.BytesIO object at 0x0000020FB749A2C0>,0.7514094710350037,0.12051019817590714,0.18381637334823608,281416,17,4,False,Left,Back,Right,Left,52
<_io.BytesIO object at 0x0000020FB749A630>,0.7384576201438904,0.08311069756746292,0.2557529807090759,281416,17,4,False,Left,Back,Right,Left,52
<_io.BytesIO object at 0x0000020FB749A900>,0.6866157054901123,0.151773601770401,0.24119549989700317,281416,17,4,False,Left,Back,Right,Left,52
<_io.BytesIO object at 0x0000020FB749AD60>,0.7137515544891357,0.1318478137254715,0.17030252516269684,281416,17,4,False,Left,Back,Right,Left,52
<_io.BytesIO object at 0x0000020FB748AD10>,0.7565247416496277,0.08259953558444977,0.18718034029006958,281416,17,4,False,Left,Back,Right,Left,52
<_io.BytesIO object at 0x0000020FB75330E0>,0.5628393888473511,0.14341315627098083,0.16633108258247375,281417,17,4,False,Left,Back,Right,Left,52
<_io.BytesIO object at 0x0000020FB7533B30>,0.6400585174560547,0.130828857421875,0.13768808543682098,281417,17,4,False,Left,Back,Right,Left,52
<_io.BytesIO object at 0x0000020FB7533180>,0.5867671370506287,0.18165791034698486,0.09287950396537781,281417,17,4,False,Left,Back,Right,Left,52
<_io.BytesIO object at 0x0000020FB7486810>,0.5780865550041199,0.10312202572822571,0.17154468595981598,281417,17,4,False,Left,Back,Right,Left,52
<_io.BytesIO object at 0x0000020FB74869F0>,0.5330312848091125,0.14243009686470032,0.14095249772071838,281417,17,4,False,Left,Back,Right,Left,52
<_io.BytesIO object at 0x0000020FB7486E00>,0.7514094710350037,0.12051019817590714,0.18381637334823608,281417,17,4,False,Left,Back,Right,Left,52
<_io.BytesIO object at 0x0000020FB7486C20>,0.7384576201438904,0.08311069756746292,0.2557529807090759,281417,17,4,False,Left,Back,Right,Left,52
<_io.BytesIO object at 0x0000020FB7486BD0>,0.6866157054901123,0.151773601770401,0.24119549989700317,281417,17,4,False,Left,Back,Right,Left,52
<_io.BytesIO object at 0x0000020FB74862C0>,0.7137515544891357,0.1318478137254715,0.17030252516269684,281417,17,4,False,Left,Back,Right,Left,52
<_io.BytesIO object at 0x0000020FB7486310>,0.7565247416496277,0.08259953558444977,0.18718034029006958,281417,17,4,False,Left,Back,Right,Left,52
<_io.BytesIO object at 0x0000020FB7486E00>,0.5628393888473511,0.14341315627098083,0.16633108258247375,281418,17,4,False,Left,Back,Right,Left,52
<_io.BytesIO object at 0x0000020FB7533EF0>,0.6400585174560547,0.130828857421875,0.13768808543682098,281418,17,4,False,Left,Back,Right,Left,52
<_io.BytesIO object at 0x0000020FB7533400>,0.5867671370506287,0.18165791034698486,0.09287950396537781,281418,17,4,False,Left,Back,Right,Left,52
<_io.BytesIO object at 0x0000020FB7533810>,0.5780865550041199,0.10312202572822571,0.17154468595981598,281418,17,4,False,Left,Back,Right,Left,52
<_io.BytesIO object at 0x0000020FB7533DB0>,0.5330312848091125,0.14243009686470032,0.14095249772071838,281418,17,4,False,Left,Back,Right,Left,52
<_io.BytesIO object at 0x0000020FB748A1D0>,0.7514094710350037,0.12051019817590714,0.18381637334823608,281418,17,4,False,Left,Back,Right,Left,52
<_io.BytesIO object at 0x0000020FB748AD60>,0.7384576201438904,0.08311069756746292,0.2557529807090759,281418,17,4,False,Left,Back,Right,Left,52
<_io.BytesIO object at 0x0000020FB748ABD0>,0.6866157054901123,0.151773601770401,0.24119549989700317,281418,17,4,False,Left,Back,Right,Left,52
<_io.BytesIO object at 0x0000020FB748A680>,0.7137515544891357,0.1318478137254715,0.17030252516269684,281418,17,4,False,Left,Back,Right,Left,52
<_io.BytesIO object at 0x0000020FB748A4F0>,0.7565247416496277,0.08259953558444977,0.18718034029006958,281418,17,4,False,Left,Back,Right,Left,52
<_io.BytesIO object at 0x0000020FB749A400>,0.5628393888473511,0.14341315627098083,0.16633108258247375,281419,17,4,False,Left,Back,Right,Left,52
<_io.BytesIO object at 0x0000020FB74844F0>,0.6400585174560547,0.130828857421875,0.13768808543682098,281419,17,4,False,Left,Back,Right,Left,52
<_io.BytesIO object at 0x0000020FB7484D10>,0.5867671370506287,0.18165791034698486,0.09287950396537781,281419,17,4,False,Left,Back,Right,Left,52
<_io.BytesIO object at 0x0000020FB7484770>,0.5780865550041199,0.10312202572822571,0.17154468595981598,281419,17,4,False,Left,Back,Right,Left,52
<_io.BytesIO object at 0x0000020FB74849A0>,0.5330312848091125,0.14243009686470032,0.14095249772071838,281419,17,4,False,Left,Back,Right,Left,52
<_io.BytesIO object at 0x0000020FB7484310>,0.7514094710350037,0.12051019817590714,0.18381637334823608,281419,17,4,False,Left,Back,Right,Left,52
<_io.BytesIO object at 0x0000020FB73D6950>,0.7384576201438904,0.08311069756746292,0.2557529807090759,281419,17,4,False,Left,Back,Right,Left,52
<_io.BytesIO object at 0x0000020FB73D6360>,0.6866157054901123,0.151773601770401,0.24119549989700317,281419,17,4,False,Left,Back,Right,Left,52
<_io.BytesIO object at 0x0000020FB73D68B0>,0.7137515544891357,0.1318478137254715,0.17030252516269684,281419,17,4,False,Left,Back,Right,Left,52
<_io.BytesIO object at 0x0000020FB73D6040>,0.7565247416496277,0.08259953558444977,0.18718034029006958,281419,17,4,False,Left,Back,Right,Left,52
<_io.BytesIO object at 0x0000020FB752CEF0>,0.5628393888473511,0.14341315627098083,0.16633108258247375,281420,17,4,False,Left,Back,Right,Left,52
<_io.BytesIO object at 0x0000020FB747F630>,0.6400585174560547,0.130828857421875,0.13768808543682098,281420,17,4,False,Left,Back,Right,Left,52
<_io.BytesIO object at 0x0000020FB747F400>,0.5867671370506287,0.18165791034698486,0.09287950396537781,281420,17,4,False,Left,Back,Right,Left,52
<_io.BytesIO object at 0x0000020FB747FEA0>,0.5780865550041199,0.10312202572822571,0.17154468595981598,281420,17,4,False,Left,Back,Right,Left,52
<_io.BytesIO object at 0x0000020FB747F6D0>,0.5330312848091125,0.14243009686470032,0.14095249772071838,281420,17,4,False,Left,Back,Right,Left,52
<_io.BytesIO object at 0x0000020FB747F950>,0.7514094710350037,0.12051019817590714,0.18381637334823608,281420,17,4,False,Left,Back,Right,Left,52
<_io.BytesIO object at 0x0000020FB7481130>,0.7384576201438904,0.08311069756746292,0.2557529807090759,281420,17,4,False,Left,Back,Right,Left,52
<_io.BytesIO object at 0x0000020FB7481EF0>,0.6866157054901123,0.151773601770401,0.24119549989700317,281420,17,4,False,Left,Back,Right,Left,52
<_io.BytesIO object at 0x0000020FB7481F90>,0.7137515544891357,0.1318478137254715,0.17030252516269684,281420,17,4,False,Left,Back,Right,Left,52
<_io.BytesIO object at 0x0000020FB7481360>,0.7565247416496277,0.08259953558444977,0.18718034029006958,281420,17,4,False,Left,Back,Right,Left,52
<_io.BytesIO object at 0x0000020FB748EA90>,0.5628393888473511,0.14341315627098083,0.16633108258247375,281421,17,4,False,Left,Back,Right,Left,52
<_io.BytesIO object at 0x0000020FB7497E00>,0.6400585174560547,0.130828857421875,0.13768808543682098,281421,17,4,False,Left,Back,Right,Left,52
<_io.BytesIO object at 0x0000020FB743CB30>,0.5867671370506287,0.18165791034698486,0.09287950396537781,281421,17,4,False,Left,Back,Right,Left,52
<_io.BytesIO object at 0x0000020FB743CF40>,0.5780865550041199,0.10312202572822571,0.17154468595981598,281421,17,4,False,Left,Back,Right,Left,52
<_io.BytesIO object at 0x0000020FB743CCC0>,0.5330312848091125,0.14243009686470032,0.14095249772071838,281421,17,4,False,Left,Back,Right,Left,52
<_io.BytesIO object at 0x0000020FB743CEF0>,0.7514094710350037,0.12051019817590714,0.18381637334823608,281421,17,4,False,Left,Back,Right,Left,52
<_io.BytesIO object at 0x0000020FB743C180>,0.7384576201438904,0.08311069756746292,0.2557529807090759,281421,17,4,False,Left,Back,Right,Left,52
<_io.BytesIO object at 0x0000020FB743C3B0>,0.6866157054901123,0.151773601770401,0.24119549989700317,281421,17,4,False,Left,Back,Right,Left,52
<_io.BytesIO object at 0x0000020FB7411EF0>,0.7137515544891357,0.1318478137254715,0.17030252516269684,281421,17,4,False,Left,Back,Right,Left,52
<_io.BytesIO object at 0x0000020FB7411040>,0.7565247416496277,0.08259953558444977,0.18718034029006958,281421,17,4,False,Left,Back,Right,Left,52
<_io.BytesIO object at 0x0000020FB74749A0>,0.5628393888473511,0.14341315627098083,0.16633108258247375,281422,17,4,False,Left,Back,Right,Left,52
<_io.BytesIO object at 0x0000020FB7474950>,0.6400585174560547,0.130828857421875,0.13768808543682098,281422,17,4,False,Left,Back,Right,Left,52
<_io.BytesIO object at 0x0000020FB746E630>,0.5867671370506287,0.18165791034698486,0.09287950396537781,281422,17,4,False,Left,Back,Right,Left,52
<_io.BytesIO object at 0x0000020FB746E2C0>,0.5780865550041199,0.10312202572822571,0.17154468595981598,281422,17,4,False,Left,Back,Right,Left,52
<_io.BytesIO object at 0x0000020FB746EF90>,0.5330312848091125,0.14243009686470032,0.14095249772071838,281422,17,4,False,Left,Back,Right,Left,52
<_io.BytesIO object at 0x0000020FB746EE50>,0.7514094710350037,0.12051019817590714,0.18381637334823608,281422,17,4,False,Left,Back,Right,Left,52
<_io.BytesIO object at 0x0000020FB746E6D0>,0.7384576201438904,0.08311069756746292,0.2557529807090759,281422,17,4,False,Left,Back,Right,Left,52
<_io.BytesIO object at 0x0000020FB746E9A0>,0.6866157054901123,0.151773601770401,0.24119549989700317,281422,17,4,False,Left,Back,Right,Left,52
<_io.BytesIO object at 0x0000020FB752B1D0>,0.7137515544891357,0.1318478137254715,0.17030252516269684,281422,17,4,False,Left,Back,Right,Left,52
<_io.BytesIO object at 0x0000020FB752BD60>,0.7565247416496277,0.08259953558444977,0.18718034029006958,281422,17,4,False,Left,Back,Right,Left,52
<_io.BytesIO object at 0x0000020FB73CD7C0>,0.5628393888473511,0.14341315627098083,0.16633108258247375,281423,17,4,False,Left,Back,Right,Left,52
<_io.BytesIO object at 0x0000020FB749EB80>,0.6400585174560547,0.130828857421875,0.13768808543682098,281423,17,4,False,Left,Back,Right,Left,52
<_io.BytesIO object at 0x0000020FB749ECC0>,0.5867671370506287,0.18165791034698486,0.09287950396537781,281423,17,4,False,Left,Back,Right,Left,52
<_io.BytesIO object at 0x0000020FB749EAE0>,0.5780865550041199,0.10312202572822571,0.17154468595981598,281423,17,4,False,Left,Back,Right,Left,52
<_io.BytesIO object at 0x0000020FB749EC70>,0.5330312848091125,0.14243009686470032,0.14095249772071838,281423,17,4,False,Left,Back,Right,Left,52
<_io.BytesIO object at 0x0000020FB466C860>,0.7514094710350037,0.12051019817590714,0.18381637334823608,281423,17,4,False,Left,Back,Right,Left,52
<_io.BytesIO object at 0x0000020FB7497950>,0.7384576201438904,0.08311069756746292,0.2557529807090759,281423,17,4,False,Left,Back,Right,Left,52
<_io.BytesIO object at 0x0000020FB7497C70>,0.6866157054901123,0.151773601770401,0.24119549989700317,281423,17,4,False,Left,Back,Right,Left,52
<_io.BytesIO object at 0x0000020FB7497F90>,0.7137515544891357,0.1318478137254715,0.17030252516269684,281423,17,4,False,Left,Back,Right,Left,52
<_io.BytesIO object at 0x0000020FB74813B0>,0.7565247416496277,0.08259953558444977,0.18718034029006958,281423,17,4,False,Left,Back,Right,Left,52
<_io.BytesIO object at 0x0000020FB747F630>,0.5628393888473511,0.14341315627098083,0.16633108258247375,281424,17,4,False,Left,Back,Right,Left,52
<_io.BytesIO object at 0x0000020FB747FB30>,0.6400585174560547,0.130828857421875,0.13768808543682098,281424,17,4,False,Left,Back,Right,Left,52
<_io.BytesIO object at 0x0000020FB752CE00>,0.5867671370506287,0.18165791034698486,0.09287950396537781,281424,17,4,False,Left,Back,Right,Left,52
<_io.BytesIO object at 0x0000020FB752CF90>,0.5780865550041199,0.10312202572822571,0.17154468595981598,281424,17,4,False,Left,Back,Right,Left,52
<_io.BytesIO object at 0x0000020FB752C950>,0.5330312848091125,0.14243009686470032,0.14095249772071838,281424,17,4,False,Left,Back,Right,Left,52
<_io.BytesIO object at 0x0000020FB752C3B0>,0.7514094710350037,0.12051019817590714,0.18381637334823608,281424,17,4,False,Left,Back,Right,Left,52
<_io.BytesIO object at 0x0000020FB752C090>,0.7384576201438904,0.08311069756746292,0.2557529807090759,281424,17,4,False,Left,Back,Right,Left,52
<_io.BytesIO object at 0x0000020FB752C590>,0.6866157054901123,0.151773601770401,0.24119549989700317,281424,17,4,False,Left,Back,Right,Left,52
<_io.BytesIO object at 0x0000020FB73D60E0>,0.7137515544891357,0.1318478137254715,0.17030252516269684,281424,17,4,False,Left,Back,Right,Left,52
<_io.BytesIO object at 0x0000020FB73D6400>,0.7565247416496277,0.08259953558444977,0.18718034029006958,281424,17,4,False,Left,Back,Right,Left,52
<_io.BytesIO object at 0x0000020FB74844F0>,0.5628393888473511,0.14341315627098083,0.16633108258247375,281425,17,4,False,Left,Back,Right,Left,52
<_io.BytesIO object at 0x0000020FB7484400>,0.6400585174560547,0.130828857421875,0.13768808543682098,281425,17,4,False,Left,Back,Right,Left,52
<_io.BytesIO object at 0x0000020FB749A810>,0.5867671370506287,0.18165791034698486,0.09287950396537781,281425,17,4,False,Left,Back,Right,Left,52
<_io.BytesIO object at 0x0000020FB749A9A0>,0.5780865550041199,0.10312202572822571,0.17154468595981598,281425,17,4,False,Left,Back,Right,Left,52
<_io.BytesIO object at 0x0000020FB749AC20>,0.5330312848091125,0.14243009686470032,0.14095249772071838,281425,17,4,False,Left,Back,Right,Left,52
<_io.BytesIO object at 0x0000020FB749A630>,0.7514094710350037,0.12051019817590714,0.18381637334823608,281425,17,4,False,Left,Back,Right,Left,52
<_io.BytesIO object at 0x0000020FB749A090>,0.7384576201438904,0.08311069756746292,0.2557529807090759,281425,17,4,False,Left,Back,Right,Left,52
<_io.BytesIO object at 0x0000020FB749AC70>,0.6866157054901123,0.151773601770401,0.24119549989700317,281425,17,4,False,Left,Back,Right,Left,52
<_io.BytesIO object at 0x0000020FB748A630>,0.7137515544891357,0.1318478137254715,0.17030252516269684,281425,17,4,False,Left,Back,Right,Left,52
<_io.BytesIO object at 0x0000020FB748A0E0>,0.7565247416496277,0.08259953558444977,0.18718034029006958,281425,17,4,False,Left,Back,Right,Left,52
<_io.BytesIO object at 0x0000020FB75335E0>,0.5628393888473511,0.14341315627098083,0.16633108258247375,281426,17,4,False,Left,Back,Right,Left,52
<_io.BytesIO object at 0x0000020FB7533220>,0.6400585174560547,0.130828857421875,0.13768808543682098,281426,17,4,False,Left,Back,Right,Left,52
<_io.BytesIO object at 0x0000020FB7474950>,0.5867671370506287,0.18165791034698486,0.09287950396537781,281426,17,4,False,Left,Back,Right,Left,52
<_io.BytesIO object at 0x0000020FB7474B80>,0.5780865550041199,0.10312202572822571,0.17154468595981598,281426,17,4,False,Left,Back,Right,Left,52
<_io.BytesIO object at 0x0000020FB7474310>,0.5330312848091125,0.14243009686470032,0.14095249772071838,281426,17,4,False,Left,Back,Right,Left,52
<_io.BytesIO object at 0x0000020FB7474D60>,0.7514094710350037,0.12051019817590714,0.18381637334823608,281426,17,4,False,Left,Back,Right,Left,52
<_io.BytesIO object at 0x0000020FB7474EF0>,0.7384576201438904,0.08311069756746292,0.2557529807090759,281426,17,4,False,Left,Back,Right,Left,52
<_io.BytesIO object at 0x0000020FB7474720>,0.6866157054901123,0.151773601770401,0.24119549989700317,281426,17,4,False,Left,Back,Right,Left,52
<_io.BytesIO object at 0x0000020FB7474860>,0.7137515544891357,0.1318478137254715,0.17030252516269684,281426,17,4,False,Left,Back,Right,Left,52
<_io.BytesIO object at 0x0000020FB7411810>,0.7565247416496277,0.08259953558444977,0.18718034029006958,281426,17,4,False,Left,Back,Right,Left,52
<_io.BytesIO object at 0x0000020FB749E590>,0.5628393888473511,0.14341315627098083,0.16633108258247375,281427,17,4,False,Left,Back,Right,Left,52
<_io.BytesIO object at 0x0000020FB749E2C0>,0.6400585174560547,0.130828857421875,0.13768808543682098,281427,17,4,False,Left,Back,Right,Left,52
<_io.BytesIO object at 0x0000020FB749E6D0>,0.5867671370506287,0.18165791034698486,0.09287950396537781,281427,17,4,False,Left,Back,Right,Left,52
<_io.BytesIO object at 0x0000020FB73CD810>,0.5780865550041199,0.10312202572822571,0.17154468595981598,281427,17,4,False,Left,Back,Right,Left,52
<_io.BytesIO object at 0x0000020FB73CD180>,0.5330312848091125,0.14243009686470032,0.14095249772071838,281427,17,4,False,Left,Back,Right,Left,52
<_io.BytesIO object at 0x0000020FB73CD3B0>,0.7514094710350037,0.12051019817590714,0.18381637334823608,281427,17,4,False,Left,Back,Right,Left,52
<_io.BytesIO object at 0x0000020FB73CDEF0>,0.7384576201438904,0.08311069756746292,0.2557529807090759,281427,17,4,False,Left,Back,Right,Left,52
<_io.BytesIO object at 0x0000020FB73CDD60>,0.6866157054901123,0.151773601770401,0.24119549989700317,281427,17,4,False,Left,Back,Right,Left,52
<_io.BytesIO object at 0x0000020FB73CD310>,0.7137515544891357,0.1318478137254715,0.17030252516269684,281427,17,4,False,Left,Back,Right,Left,52
<_io.BytesIO object at 0x0000020FB743CF90>,0.7565247416496277,0.08259953558444977,0.18718034029006958,281427,17,4,False,Left,Back,Right,Left,52
<_io.BytesIO object at 0x0000020FB748EF40>,0.5628393888473511,0.14341315627098083,0.16633108258247375,281428,17,4,False,Left,Back,Right,Left,52
<_io.BytesIO object at 0x0000020FB748E040>,0.6400585174560547,0.130828857421875,0.13768808543682098,281428,17,4,False,Left,Back,Right,Left,52
<_io.BytesIO object at 0x0000020FB746E1D0>,0.5867671370506287,0.18165791034698486,0.09287950396537781,281428,17,4,False,Left,Back,Right,Left,52
<_io.BytesIO object at 0x0000020FB746E450>,0.5780865550041199,0.10312202572822571,0.17154468595981598,281428,17,4,False,Left,Back,Right,Left,52
<_io.BytesIO object at 0x0000020FB746EC20>,0.5330312848091125,0.14243009686470032,0.14095249772071838,281428,17,4,False,Left,Back,Right,Left,52
<_io.BytesIO object at 0x0000020FB746E2C0>,0.7514094710350037,0.12051019817590714,0.18381637334823608,281428,17,4,False,Left,Back,Right,Left,52
<_io.BytesIO object at 0x0000020FB746E4F0>,0.7384576201438904,0.08311069756746292,0.2557529807090759,281428,17,4,False,Left,Back,Right,Left,52
<_io.BytesIO object at 0x0000020FB746E5E0>,0.6866157054901123,0.151773601770401,0.24119549989700317,281428,17,4,False,Left,Back,Right,Left,52
<_io.BytesIO object at 0x0000020FB7486EF0>,0.7137515544891357,0.1318478137254715,0.17030252516269684,281428,17,4,False,Left,Back,Right,Left,52
<_io.BytesIO object at 0x0000020FB7486360>,0.7565247416496277,0.08259953558444977,0.18718034029006958,281428,17,4,False,Left,Back,Right,Left,52
<_io.BytesIO object at 0x0000020FB746EBD0>,0.5628393888473511,0.14341315627098083,0.16633108258247375,281429,17,4,False,Left,Back,Right,Left,52
<_io.BytesIO object at 0x0000020FB748E4F0>,0.6400585174560547,0.130828857421875,0.13768808543682098,281429,17,4,False,Left,Back,Right,Left,52
<_io.BytesIO object at 0x0000020FB748EF90>,0.5867671370506287,0.18165791034698486,0.09287950396537781,281429,17,4,False,Left,Back,Right,Left,52
<_io.BytesIO object at 0x0000020FB748E720>,0.5780865550041199,0.10312202572822571,0.17154468595981598,281429,17,4,False,Left,Back,Right,Left,52
<_io.BytesIO object at 0x0000020FB743C900>,0.5330312848091125,0.14243009686470032,0.14095249772071838,281429,17,4,False,Left,Back,Right,Left,52
<_io.BytesIO object at 0x0000020FB743C4A0>,0.7514094710350037,0.12051019817590714,0.18381637334823608,281429,17,4,False,Left,Back,Right,Left,52
<_io.BytesIO object at 0x0000020FB743CD60>,0.7384576201438904,0.08311069756746292,0.2557529807090759,281429,17,4,False,Left,Back,Right,Left,52
<_io.BytesIO object at 0x0000020FB743C540>,0.6866157054901123,0.151773601770401,0.24119549989700317,281429,17,4,False,Left,Back,Right,Left,52
<_io.BytesIO object at 0x0000020FB743C6D0>,0.7137515544891357,0.1318478137254715,0.17030252516269684,281429,17,4,False,Left,Back,Right,Left,52
<_io.BytesIO object at 0x0000020FB743C180>,0.7565247416496277,0.08259953558444977,0.18718034029006958,281429,17,4,False,Left,Back,Right,Left,52
<_io.BytesIO object at 0x0000020FB749EA90>,0.5628393888473511,0.14341315627098083,0.16633108258247375,281430,17,4,False,Left,Back,Right,Left,52
<_io.BytesIO object at 0x0000020FB749E090>,0.6400585174560547,0.130828857421875,0.13768808543682098,281430,17,4,False,Left,Back,Right,Left,52
<_io.BytesIO object at 0x0000020FB749EAE0>,0.5867671370506287,0.18165791034698486,0.09287950396537781,281430,17,4,False,Left,Back,Right,Left,52
<_io.BytesIO object at 0x0000020FB7411360>,0.5780865550041199,0.10312202572822571,0.17154468595981598,281430,17,4,False,Left,Back,Right,Left,52
<_io.BytesIO object at 0x0000020FB74112C0>,0.5330312848091125,0.14243009686470032,0.14095249772071838,281430,17,4,False,Left,Back,Right,Left,52
<_io.BytesIO object at 0x0000020FB7411CC0>,0.7514094710350037,0.12051019817590714,0.18381637334823608,281430,17,4,False,Left,Back,Right,Left,52
<_io.BytesIO object at 0x0000020FB7411A90>,0.7384576201438904,0.08311069756746292,0.2557529807090759,281430,17,4,False,Left,Back,Right,Left,52
<_io.BytesIO object at 0x0000020FB74116D0>,0.6866157054901123,0.151773601770401,0.24119549989700317,281430,17,4,False,Left,Back,Right,Left,52
<_io.BytesIO object at 0x0000020FB74119F0>,0.7137515544891357,0.1318478137254715,0.17030252516269684,281430,17,4,False,Left,Back,Right,Left,52
<_io.BytesIO object at 0x0000020FB7411900>,0.7565247416496277,0.08259953558444977,0.18718034029006958,281430,17,4,False,Left,Back,Right,Left,52
<_io.BytesIO object at 0x0000020FB7533310>,0.5628393888473511,0.14341315627098083,0.16633108258247375,281431,17,4,False,Left,Back,Right,Left,52
<_io.BytesIO object at 0x0000020FB75338B0>,0.6400585174560547,0.130828857421875,0.13768808543682098,281431,17,4,False,Left,Back,Right,Left,52
<_io.BytesIO object at 0x0000020FB7533810>,0.5867671370506287,0.18165791034698486,0.09287950396537781,281431,17,4,False,Left,Back,Right,Left,52
<_io.BytesIO object at 0x0000020FB7533590>,0.5780865550041199,0.10312202572822571,0.17154468595981598,281431,17,4,False,Left,Back,Right,Left,52
<_io.BytesIO object at 0x0000020FB748AEA0>,0.5330312848091125,0.14243009686470032,0.14095249772071838,281431,17,4,False,Left,Back,Right,Left,52
<_io.BytesIO object at 0x0000020FB748A3B0>,0.7514094710350037,0.12051019817590714,0.18381637334823608,281431,17,4,False,Left,Back,Right,Left,52
<_io.BytesIO object at 0x0000020FB748A310>,0.7384576201438904,0.08311069756746292,0.2557529807090759,281431,17,4,False,Left,Back,Right,Left,52
<_io.BytesIO object at 0x0000020FB748A810>,0.6866157054901123,0.151773601770401,0.24119549989700317,281431,17,4,False,Left,Back,Right,Left,52
<_io.BytesIO object at 0x0000020FB748A450>,0.7137515544891357,0.1318478137254715,0.17030252516269684,281431,17,4,False,Left,Back,Right,Left,52
<_io.BytesIO object at 0x0000020FB748AF90>,0.7565247416496277,0.08259953558444977,0.18718034029006958,281431,17,4,False,Left,Back,Right,Left,52
<_io.BytesIO object at 0x0000020FB7484A90>,0.5628393888473511,0.14341315627098083,0.16633108258247375,281432,17,4,False,Left,Back,Right,Left,52
<_io.BytesIO object at 0x0000020FB7484C70>,0.6400585174560547,0.130828857421875,0.13768808543682098,281432,17,4,False,Left,Back,Right,Left,52
<_io.BytesIO object at 0x0000020FB7484630>,0.5867671370506287,0.18165791034698486,0.09287950396537781,281432,17,4,False,Left,Back,Right,Left,52
<_io.BytesIO object at 0x0000020FB7484310>,0.5780865550041199,0.10312202572822571,0.17154468595981598,281432,17,4,False,Left,Back,Right,Left,52
<_io.BytesIO object at 0x0000020FB74849F0>,0.5330312848091125,0.14243009686470032,0.14095249772071838,281432,17,4,False,Left,Back,Right,Left,52
<_io.BytesIO object at 0x0000020FB73D6950>,0.7514094710350037,0.12051019817590714,0.18381637334823608,281432,17,4,False,Left,Back,Right,Left,52
<_io.BytesIO object at 0x0000020FB73D64A0>,0.7384576201438904,0.08311069756746292,0.2557529807090759,281432,17,4,False,Left,Back,Right,Left,52
<_io.BytesIO object at 0x0000020FB73D6770>,0.6866157054901123,0.151773601770401,0.24119549989700317,281432,17,4,False,Left,Back,Right,Left,52
<_io.BytesIO object at 0x0000020FB73D6040>,0.7137515544891357,0.1318478137254715,0.17030252516269684,281432,17,4,False,Left,Back,Right,Left,52
<_io.BytesIO object at 0x0000020FB73D62C0>,0.7565247416496277,0.08259953558444977,0.18718034029006958,281432,17,4,False,Left,Back,Right,Left,52
<_io.BytesIO object at 0x0000020FB747FEA0>,0.5628393888473511,0.14341315627098083,0.16633108258247375,281433,17,4,False,Left,Back,Right,Left,52
<_io.BytesIO object at 0x0000020FB747F400>,0.6400585174560547,0.130828857421875,0.13768808543682098,281433,17,4,False,Left,Back,Right,Left,52
<_io.BytesIO object at 0x0000020FB747FCC0>,0.5867671370506287,0.18165791034698486,0.09287950396537781,281433,17,4,False,Left,Back,Right,Left,52
<_io.BytesIO object at 0x0000020FB747FD60>,0.5780865550041199,0.10312202572822571,0.17154468595981598,281433,17,4,False,Left,Back,Right,Left,52
<_io.BytesIO object at 0x0000020FB7481E00>,0.5330312848091125,0.14243009686470032,0.14095249772071838,281433,17,4,False,Left,Back,Right,Left,52
<_io.BytesIO object at 0x0000020FB7481130>,0.7514094710350037,0.12051019817590714,0.18381637334823608,281433,17,4,False,Left,Back,Right,Left,52
<_io.BytesIO object at 0x0000020FB7481540>,0.7384576201438904,0.08311069756746292,0.2557529807090759,281433,17,4,False,Left,Back,Right,Left,52
<_io.BytesIO object at 0x0000020FB7481A90>,0.6866157054901123,0.151773601770401,0.24119549989700317,281433,17,4,False,Left,Back,Right,Left,52
<_io.BytesIO object at 0x0000020FB7481B30>,0.7137515544891357,0.1318478137254715,0.17030252516269684,281433,17,4,False,Left,Back,Right,Left,52
<_io.BytesIO object at 0x0000020FB7481270>,0.7565247416496277,0.08259953558444977,0.18718034029006958,281433,17,4,False,Left,Back,Right,Left,52
<_io.BytesIO object at 0x0000020FB74979A0>,0.5628393888473511,0.14341315627098083,0.16633108258247375,281434,17,4,False,Left,Back,Right,Left,52
<_io.BytesIO object at 0x0000020FB7481450>,0.6400585174560547,0.130828857421875,0.13768808543682098,281434,17,4,False,Left,Back,Right,Left,52
<_io.BytesIO object at 0x0000020FB7481A90>,0.5867671370506287,0.18165791034698486,0.09287950396537781,281434,17,4,False,Left,Back,Right,Left,52
<_io.BytesIO object at 0x0000020FB7481BD0>,0.5780865550041199,0.10312202572822571,0.17154468595981598,281434,17,4,False,Left,Back,Right,Left,52
<_io.BytesIO object at 0x0000020FB74816D0>,0.5330312848091125,0.14243009686470032,0.14095249772071838,281434,17,4,False,Left,Back,Right,Left,52
<_io.BytesIO object at 0x0000020FB74812C0>,0.7514094710350037,0.12051019817590714,0.18381637334823608,281434,17,4,False,Left,Back,Right,Left,52
<_io.BytesIO object at 0x0000020FB747FA40>,0.7384576201438904,0.08311069756746292,0.2557529807090759,281434,17,4,False,Left,Back,Right,Left,52
<_io.BytesIO object at 0x0000020FB747FE00>,0.6866157054901123,0.151773601770401,0.24119549989700317,281434,17,4,False,Left,Back,Right,Left,52
<_io.BytesIO object at 0x0000020FB747FEA0>,0.7137515544891357,0.1318478137254715,0.17030252516269684,281434,17,4,False,Left,Back,Right,Left,52
<_io.BytesIO object at 0x0000020FB747FA90>,0.7565247416496277,0.08259953558444977,0.18718034029006958,281434,17,4,False,Left,Back,Right,Left,52
<_io.BytesIO object at 0x0000020FB752CD60>,0.5628393888473511,0.14341315627098083,0.16633108258247375,281435,17,4,False,Left,Back,Right,Left,52
<_io.BytesIO object at 0x0000020FB73D6400>,0.6400585174560547,0.130828857421875,0.13768808543682098,281435,17,4,False,Left,Back,Right,Left,52
<_io.BytesIO object at 0x0000020FB73D6F40>,0.5867671370506287,0.18165791034698486,0.09287950396537781,281435,17,4,False,Left,Back,Right,Left,52
<_io.BytesIO object at 0x0000020FB73D67C0>,0.5780865550041199,0.10312202572822571,0.17154468595981598,281435,17,4,False,Left,Back,Right,Left,52
<_io.BytesIO object at 0x0000020FB74849F0>,0.5330312848091125,0.14243009686470032,0.14095249772071838,281435,17,4,False,Left,Back,Right,Left,52
<_io.BytesIO object at 0x0000020FB7484900>,0.7514094710350037,0.12051019817590714,0.18381637334823608,281435,17,4,False,Left,Back,Right,Left,52
<_io.BytesIO object at 0x0000020FB7484450>,0.7384576201438904,0.08311069756746292,0.2557529807090759,281435,17,4,False,Left,Back,Right,Left,52
<_io.BytesIO object at 0x0000020FB74845E0>,0.6866157054901123,0.151773601770401,0.24119549989700317,281435,17,4,False,Left,Back,Right,Left,52
<_io.BytesIO object at 0x0000020FB74848B0>,0.7137515544891357,0.1318478137254715,0.17030252516269684,281435,17,4,False,Left,Back,Right,Left,52
<_io.BytesIO object at 0x0000020FB7484720>,0.7565247416496277,0.08259953558444977,0.18718034029006958,281435,17,4,False,Left,Back,Right,Left,52
<_io.BytesIO object at 0x0000020FB748A2C0>,0.5628393888473511,0.14341315627098083,0.16633108258247375,281436,17,4,False,Left,Back,Right,Left,52
<_io.BytesIO object at 0x0000020FB748A180>,0.6400585174560547,0.130828857421875,0.13768808543682098,281436,17,4,False,Left,Back,Right,Left,52
<_io.BytesIO object at 0x0000020FB748AD60>,0.5867671370506287,0.18165791034698486,0.09287950396537781,281436,17,4,False,Left,Back,Right,Left,52
<_io.BytesIO object at 0x0000020FB748A130>,0.5780865550041199,0.10312202572822571,0.17154468595981598,281436,17,4,False,Left,Back,Right,Left,52
<_io.BytesIO object at 0x0000020FB7533CC0>,0.5330312848091125,0.14243009686470032,0.14095249772071838,281436,17,4,False,Left,Back,Right,Left,52
<_io.BytesIO object at 0x0000020FB7533770>,0.7514094710350037,0.12051019817590714,0.18381637334823608,281436,17,4,False,Left,Back,Right,Left,52
<_io.BytesIO object at 0x0000020FB75336D0>,0.7384576201438904,0.08311069756746292,0.2557529807090759,281436,17,4,False,Left,Back,Right,Left,52
<_io.BytesIO object at 0x0000020FB75331D0>,0.6866157054901123,0.151773601770401,0.24119549989700317,281436,17,4,False,Left,Back,Right,Left,52
<_io.BytesIO object at 0x0000020FB7533A40>,0.7137515544891357,0.1318478137254715,0.17030252516269684,281436,17,4,False,Left,Back,Right,Left,52
<_io.BytesIO object at 0x0000020FB75332C0>,0.7565247416496277,0.08259953558444977,0.18718034029006958,281436,17,4,False,Left,Back,Right,Left,52
<_io.BytesIO object at 0x0000020FB7411400>,0.5628393888473511,0.14341315627098083,0.16633108258247375,281437,17,4,False,Left,Back,Right,Left,52
<_io.BytesIO object at 0x0000020FB74116D0>,0.6400585174560547,0.130828857421875,0.13768808543682098,281437,17,4,False,Left,Back,Right,Left,52
<_io.BytesIO object at 0x0000020FB7411EF0>,0.5867671370506287,0.18165791034698486,0.09287950396537781,281437,17,4,False,Left,Back,Right,Left,52
<_io.BytesIO object at 0x0000020FB7411360>,0.5780865550041199,0.10312202572822571,0.17154468595981598,281437,17,4,False,Left,Back,Right,Left,52
<_io.BytesIO object at 0x0000020FB749E0E0>,0.5330312848091125,0.14243009686470032,0.14095249772071838,281437,17,4,False,Left,Back,Right,Left,52
<_io.BytesIO object at 0x0000020FB749ED10>,0.7514094710350037,0.12051019817590714,0.18381637334823608,281437,17,4,False,Left,Back,Right,Left,52
<_io.BytesIO object at 0x0000020FB749E180>,0.7384576201438904,0.08311069756746292,0.2557529807090759,281437,17,4,False,Left,Back,Right,Left,52
<_io.BytesIO object at 0x0000020FB749EEA0>,0.6866157054901123,0.151773601770401,0.24119549989700317,281437,17,4,False,Left,Back,Right,Left,52
<_io.BytesIO object at 0x0000020FB749ECC0>,0.7137515544891357,0.1318478137254715,0.17030252516269684,281437,17,4,False,Left,Back,Right,Left,52
<_io.BytesIO object at 0x0000020FB749EF90>,0.7565247416496277,0.08259953558444977,0.18718034029006958,281437,17,4,False,Left,Back,Right,Left,52
<_io.BytesIO object at 0x0000020FB743CDB0>,0.5628393888473511,0.14341315627098083,0.16633108258247375,281438,17,4,False,Left,Back,Right,Left,52
<_io.BytesIO object at 0x0000020FB743CF40>,0.6400585174560547,0.130828857421875,0.13768808543682098,281438,17,4,False,Left,Back,Right,Left,52
<_io.BytesIO object at 0x0000020FB748E400>,0.5867671370506287,0.18165791034698486,0.09287950396537781,281438,17,4,False,Left,Back,Right,Left,52
<_io.BytesIO object at 0x0000020FB748E720>,0.5780865550041199,0.10312202572822571,0.17154468595981598,281438,17,4,False,Left,Back,Right,Left,52
<_io.BytesIO object at 0x0000020FB748E860>,0.5330312848091125,0.14243009686470032,0.14095249772071838,281438,17,4,False,Left,Back,Right,Left,52
<_io.BytesIO object at 0x0000020FB748E1D0>,0.7514094710350037,0.12051019817590714,0.18381637334823608,281438,17,4,False,Left,Back,Right,Left,52
<_io.BytesIO object at 0x0000020FB748EE50>,0.7384576201438904,0.08311069756746292,0.2557529807090759,281438,17,4,False,Left,Back,Right,Left,52
<_io.BytesIO object at 0x0000020FB748EF40>,0.6866157054901123,0.151773601770401,0.24119549989700317,281438,17,4,False,Left,Back,Right,Left,52
<_io.BytesIO object at 0x0000020FB746E8B0>,0.7137515544891357,0.1318478137254715,0.17030252516269684,281438,17,4,False,Left,Back,Right,Left,52
<_io.BytesIO object at 0x0000020FB746E450>,0.7565247416496277,0.08259953558444977,0.18718034029006958,281438,17,4,False,Left,Back,Right,Left,52
<_io.BytesIO object at 0x0000020FB743C4A0>,0.5628393888473511,0.14341315627098083,0.16633108258247375,281439,17,4,False,Left,Back,Right,Left,52
<_io.BytesIO object at 0x0000020FB743CCC0>,0.6400585174560547,0.130828857421875,0.13768808543682098,281439,17,4,False,Left,Back,Right,Left,52
<_io.BytesIO object at 0x0000020FB743C310>,0.5867671370506287,0.18165791034698486,0.09287950396537781,281439,17,4,False,Left,Back,Right,Left,52
<_io.BytesIO object at 0x0000020FB73CD770>,0.5780865550041199,0.10312202572822571,0.17154468595981598,281439,17,4,False,Left,Back,Right,Left,52
<_io.BytesIO object at 0x0000020FB73CD360>,0.5330312848091125,0.14243009686470032,0.14095249772071838,281439,17,4,False,Left,Back,Right,Left,52
<_io.BytesIO object at 0x0000020FB73CDE00>,0.7514094710350037,0.12051019817590714,0.18381637334823608,281439,17,4,False,Left,Back,Right,Left,52
<_io.BytesIO object at 0x0000020FB73CD130>,0.7384576201438904,0.08311069756746292,0.2557529807090759,281439,17,4,False,Left,Back,Right,Left,52
<_io.BytesIO object at 0x0000020FB73CDD10>,0.6866157054901123,0.151773601770401,0.24119549989700317,281439,17,4,False,Left,Back,Right,Left,52
<_io.BytesIO object at 0x0000020FB73CD680>,0.7137515544891357,0.1318478137254715,0.17030252516269684,281439,17,4,False,Left,Back,Right,Left,52
<_io.BytesIO object at 0x0000020FB73CD0E0>,0.7565247416496277,0.08259953558444977,0.18718034029006958,281439,17,4,False,Left,Back,Right,Left,52
<_io.BytesIO object at 0x0000020FB74114A0>,0.5628393888473511,0.14341315627098083,0.16633108258247375,281440,17,4,False,Left,Back,Right,Left,52
<_io.BytesIO object at 0x0000020FB7411680>,0.6400585174560547,0.130828857421875,0.13768808543682098,281440,17,4,False,Left,Back,Right,Left,52
<_io.BytesIO object at 0x0000020FB74744A0>,0.5867671370506287,0.18165791034698486,0.09287950396537781,281440,17,4,False,Left,Back,Right,Left,52
<_io.BytesIO object at 0x0000020FB7474220>,0.5780865550041199,0.10312202572822571,0.17154468595981598,281440,17,4,False,Left,Back,Right,Left,52
<_io.BytesIO object at 0x0000020FB74742C0>,0.5330312848091125,0.14243009686470032,0.14095249772071838,281440,17,4,False,Left,Back,Right,Left,52
<_io.BytesIO object at 0x0000020FB7474900>,0.7514094710350037,0.12051019817590714,0.18381637334823608,281440,17,4,False,Left,Back,Right,Left,52
<_io.BytesIO object at 0x0000020FB7474630>,0.7384576201438904,0.08311069756746292,0.2557529807090759,281440,17,4,False,Left,Back,Right,Left,52
<_io.BytesIO object at 0x0000020FB7474680>,0.6866157054901123,0.151773601770401,0.24119549989700317,281440,17,4,False,Left,Back,Right,Left,52
<_io.BytesIO object at 0x0000020FB7474810>,0.7137515544891357,0.1318478137254715,0.17030252516269684,281440,17,4,False,Left,Back,Right,Left,52
<_io.BytesIO object at 0x0000020FB748A3B0>,0.7565247416496277,0.08259953558444977,0.18718034029006958,281440,17,4,False,Left,Back,Right,Left,52
<_io.BytesIO object at 0x0000020FB749A630>,0.5628393888473511,0.14341315627098083,0.16633108258247375,281441,17,4,False,Left,Back,Right,Left,52
<_io.BytesIO object at 0x0000020FB749A400>,0.6400585174560547,0.130828857421875,0.13768808543682098,281441,17,4,False,Left,Back,Right,Left,52
<_io.BytesIO object at 0x0000020FB73D67C0>,0.5867671370506287,0.18165791034698486,0.09287950396537781,281441,17,4,False,Left,Back,Right,Left,52
<_io.BytesIO object at 0x0000020FB73D6900>,0.5780865550041199,0.10312202572822571,0.17154468595981598,281441,17,4,False,Left,Back,Right,Left,52
<_io.BytesIO object at 0x0000020FB73D6AE0>,0.5330312848091125,0.14243009686470032,0.14095249772071838,281441,17,4,False,Left,Back,Right,Left,52
<_io.BytesIO object at 0x0000020FB73D6040>,0.7514094710350037,0.12051019817590714,0.18381637334823608,281441,17,4,False,Left,Back,Right,Left,52
<_io.BytesIO object at 0x0000020FB73D6BD0>,0.7384576201438904,0.08311069756746292,0.2557529807090759,281441,17,4,False,Left,Back,Right,Left,52
<_io.BytesIO object at 0x0000020FB73D6680>,0.6866157054901123,0.151773601770401,0.24119549989700317,281441,17,4,False,Left,Back,Right,Left,52
<_io.BytesIO object at 0x0000020FB752C5E0>,0.7137515544891357,0.1318478137254715,0.17030252516269684,281441,17,4,False,Left,Back,Right,Left,52
<_io.BytesIO object at 0x0000020FB752C1D0>,0.7565247416496277,0.08259953558444977,0.18718034029006958,281441,17,4,False,Left,Back,Right,Left,52
<_io.BytesIO object at 0x0000020FB74844A0>,0.5628393888473511,0.14341315627098083,0.16633108258247375,281442,17,4,False,Left,Back,Right,Left,52
<_io.BytesIO object at 0x0000020FB7484590>,0.6400585174560547,0.130828857421875,0.13768808543682098,281442,17,4,False,Left,Back,Right,Left,52
<_io.BytesIO object at 0x0000020FB7533720>,0.5867671370506287,0.18165791034698486,0.09287950396537781,281442,17,4,False,Left,Back,Right,Left,52
<_io.BytesIO object at 0x0000020FB75335E0>,0.5780865550041199,0.10312202572822571,0.17154468595981598,281442,17,4,False,Left,Back,Right,Left,52
<_io.BytesIO object at 0x0000020FB7533A40>,0.5330312848091125,0.14243009686470032,0.14095249772071838,281442,17,4,False,Left,Back,Right,Left,52
<_io.BytesIO object at 0x0000020FB7533310>,0.7514094710350037,0.12051019817590714,0.18381637334823608,281442,17,4,False,Left,Back,Right,Left,52
<_io.BytesIO object at 0x0000020FB7533B30>,0.7384576201438904,0.08311069756746292,0.2557529807090759,281442,17,4,False,Left,Back,Right,Left,52
<_io.BytesIO object at 0x0000020FB7533590>,0.6866157054901123,0.151773601770401,0.24119549989700317,281442,17,4,False,Left,Back,Right,Left,52
<_io.BytesIO object at 0x0000020FB7533040>,0.7137515544891357,0.1318478137254715,0.17030252516269684,281442,17,4,False,Left,Back,Right,Left,52
<_io.BytesIO object at 0x0000020FB747F630>,0.7565247416496277,0.08259953558444977,0.18718034029006958,281442,17,4,False,Left,Back,Right,Left,52
<_io.BytesIO object at 0x0000020FB7481A90>,0.5628393888473511,0.14341315627098083,0.16633108258247375,281443,17,4,False,Left,Back,Right,Left,52
<_io.BytesIO object at 0x0000020FB7481090>,0.6400585174560547,0.130828857421875,0.13768808543682098,281443,17,4,False,Left,Back,Right,Left,52
<_io.BytesIO object at 0x0000020FB7497860>,0.5867671370506287,0.18165791034698486,0.09287950396537781,281443,17,4,False,Left,Back,Right,Left,52
<_io.BytesIO object at 0x0000020FB7497EF0>,0.5780865550041199,0.10312202572822571,0.17154468595981598,281443,17,4,False,Left,Back,Right,Left,52
<_io.BytesIO object at 0x0000020FB7497D60>,0.5330312848091125,0.14243009686470032,0.14095249772071838,281443,17,4,False,Left,Back,Right,Left,52
<_io.BytesIO object at 0x0000020FB746EA40>,0.7514094710350037,0.12051019817590714,0.18381637334823608,281443,17,4,False,Left,Back,Right,Left,52
<_io.BytesIO object at 0x0000020FB746EEF0>,0.7384576201438904,0.08311069756746292,0.2557529807090759,281443,17,4,False,Left,Back,Right,Left,52
<_io.BytesIO object at 0x0000020FB746ECC0>,0.6866157054901123,0.151773601770401,0.24119549989700317,281443,17,4,False,Left,Back,Right,Left,52
<_io.BytesIO object at 0x0000020FB746E1D0>,0.7137515544891357,0.1318478137254715,0.17030252516269684,281443,17,4,False,Left,Back,Right,Left,52
<_io.BytesIO object at 0x0000020FB746E450>,0.7565247416496277,0.08259953558444977,0.18718034029006958,281443,17,4,False,Left,Back,Right,Left,52
<_io.BytesIO object at 0x0000020FB7497860>,0.5628393888473511,0.14341315627098083,0.16633108258247375,281444,17,4,False,Left,Back,Right,Left,52
<_io.BytesIO object at 0x0000020FB7481090>,0.6400585174560547,0.130828857421875,0.13768808543682098,281444,17,4,False,Left,Back,Right,Left,52
<_io.BytesIO object at 0x0000020FB7481590>,0.5867671370506287,0.18165791034698486,0.09287950396537781,281444,17,4,False,Left,Back,Right,Left,52
<_io.BytesIO object at 0x0000020FB7481310>,0.5780865550041199,0.10312202572822571,0.17154468595981598,281444,17,4,False,Left,Back,Right,Left,52
<_io.BytesIO object at 0x0000020FB7481D10>,0.5330312848091125,0.14243009686470032,0.14095249772071838,281444,17,4,False,Left,Back,Right,Left,52
<_io.BytesIO object at 0x0000020FB7481950>,0.7514094710350037,0.12051019817590714,0.18381637334823608,281444,17,4,False,Left,Back,Right,Left,52
<_io.BytesIO object at 0x0000020FB7481E50>,0.7384576201438904,0.08311069756746292,0.2557529807090759,281444,17,4,False,Left,Back,Right,Left,52
<_io.BytesIO object at 0x0000020FB747F9F0>,0.6866157054901123,0.151773601770401,0.24119549989700317,281444,17,4,False,Left,Back,Right,Left,52
<_io.BytesIO object at 0x0000020FB747FA40>,0.7137515544891357,0.1318478137254715,0.17030252516269684,281444,17,4,False,Left,Back,Right,Left,52
<_io.BytesIO object at 0x0000020FB747F590>,0.7565247416496277,0.08259953558444977,0.18718034029006958,281444,17,4,False,Left,Back,Right,Left,52
<_io.BytesIO object at 0x0000020FB7533090>,0.5628393888473511,0.14341315627098083,0.16633108258247375,281445,17,4,False,Left,Back,Right,Left,52
<_io.BytesIO object at 0x0000020FB7484590>,0.6400585174560547,0.130828857421875,0.13768808543682098,281445,17,4,False,Left,Back,Right,Left,52
<_io.BytesIO object at 0x0000020FB7484BD0>,0.5867671370506287,0.18165791034698486,0.09287950396537781,281445,17,4,False,Left,Back,Right,Left,52
<_io.BytesIO object at 0x0000020FB74845E0>,0.5780865550041199,0.10312202572822571,0.17154468595981598,281445,17,4,False,Left,Back,Right,Left,52
<_io.BytesIO object at 0x0000020FB74848B0>,0.5330312848091125,0.14243009686470032,0.14095249772071838,281445,17,4,False,Left,Back,Right,Left,52
<_io.BytesIO object at 0x0000020FB7484DB0>,0.7514094710350037,0.12051019817590714,0.18381637334823608,281445,17,4,False,Left,Back,Right,Left,52
<_io.BytesIO object at 0x0000020FB7484E50>,0.7384576201438904,0.08311069756746292,0.2557529807090759,281445,17,4,False,Left,Back,Right,Left,52
<_io.BytesIO object at 0x0000020FB74842C0>,0.6866157054901123,0.151773601770401,0.24119549989700317,281445,17,4,False,Left,Back,Right,Left,52
<_io.BytesIO object at 0x0000020FB752C7C0>,0.7137515544891357,0.1318478137254715,0.17030252516269684,281445,17,4,False,Left,Back,Right,Left,52
<_io.BytesIO object at 0x0000020FB752C630>,0.7565247416496277,0.08259953558444977,0.18718034029006958,281445,17,4,False,Left,Back,Right,Left,52
<_io.BytesIO object at 0x0000020FB73D6B80>,0.5628393888473511,0.14341315627098083,0.16633108258247375,281446,17,4,False,Left,Back,Right,Left,52
<_io.BytesIO object at 0x0000020FB749A450>,0.6400585174560547,0.130828857421875,0.13768808543682098,281446,17,4,False,Left,Back,Right,Left,52
<_io.BytesIO object at 0x0000020FB749AE50>,0.5867671370506287,0.18165791034698486,0.09287950396537781,281446,17,4,False,Left,Back,Right,Left,52
<_io.BytesIO object at 0x0000020FB749AB80>,0.5780865550041199,0.10312202572822571,0.17154468595981598,281446,17,4,False,Left,Back,Right,Left,52
<_io.BytesIO object at 0x0000020FB749AA90>,0.5330312848091125,0.14243009686470032,0.14095249772071838,281446,17,4,False,Left,Back,Right,Left,52
<_io.BytesIO object at 0x0000020FB749A310>,0.7514094710350037,0.12051019817590714,0.18381637334823608,281446,17,4,False,Left,Back,Right,Left,52
<_io.BytesIO object at 0x0000020FB748A540>,0.7384576201438904,0.08311069756746292,0.2557529807090759,281446,17,4,False,Left,Back,Right,Left,52
<_io.BytesIO object at 0x0000020FB748AB80>,0.6866157054901123,0.151773601770401,0.24119549989700317,281446,17,4,False,Left,Back,Right,Left,52
<_io.BytesIO object at 0x0000020FB748AA40>,0.7137515544891357,0.1318478137254715,0.17030252516269684,281446,17,4,False,Left,Back,Right,Left,52
<_io.BytesIO object at 0x0000020FB748A8B0>,0.7565247416496277,0.08259953558444977,0.18718034029006958,281446,17,4,False,Left,Back,Right,Left,52
<_io.BytesIO object at 0x0000020FB74744A0>,0.5628393888473511,0.14341315627098083,0.16633108258247375,281447,17,4,False,Left,Back,Right,Left,52
<_io.BytesIO object at 0x0000020FB74111D0>,0.6400585174560547,0.130828857421875,0.13768808543682098,281447,17,4,False,Left,Back,Right,Left,52
<_io.BytesIO object at 0x0000020FB74119A0>,0.5867671370506287,0.18165791034698486,0.09287950396537781,281447,17,4,False,Left,Back,Right,Left,52
<_io.BytesIO object at 0x0000020FB7411A90>,0.5780865550041199,0.10312202572822571,0.17154468595981598,281447,17,4,False,Left,Back,Right,Left,52
<_io.BytesIO object at 0x0000020FB74112C0>,0.5330312848091125,0.14243009686470032,0.14095249772071838,281447,17,4,False,Left,Back,Right,Left,52
<_io.BytesIO object at 0x0000020FB7411E50>,0.7514094710350037,0.12051019817590714,0.18381637334823608,281447,17,4,False,Left,Back,Right,Left,52
<_io.BytesIO object at 0x0000020FB749E130>,0.7384576201438904,0.08311069756746292,0.2557529807090759,281447,17,4,False,Left,Back,Right,Left,52
<_io.BytesIO object at 0x0000020FB749E360>,0.6866157054901123,0.151773601770401,0.24119549989700317,281447,17,4,False,Left,Back,Right,Left,52
<_io.BytesIO object at 0x0000020FB749EA90>,0.7137515544891357,0.1318478137254715,0.17030252516269684,281447,17,4,False,Left,Back,Right,Left,52
<_io.BytesIO object at 0x0000020FB749E450>,0.7565247416496277,0.08259953558444977,0.18718034029006958,281447,17,4,False,Left,Back,Right,Left,52
<_io.BytesIO object at 0x0000020FB73CD450>,0.5628393888473511,0.14341315627098083,0.16633108258247375,281448,17,4,False,Left,Back,Right,Left,52
<_io.BytesIO object at 0x0000020FB743CB80>,0.6400585174560547,0.130828857421875,0.13768808543682098,281448,17,4,False,Left,Back,Right,Left,52
<_io.BytesIO object at 0x0000020FB743CB30>,0.5867671370506287,0.18165791034698486,0.09287950396537781,281448,17,4,False,Left,Back,Right,Left,52
<_io.BytesIO object at 0x0000020FB743C900>,0.5780865550041199,0.10312202572822571,0.17154468595981598,281448,17,4,False,Left,Back,Right,Left,52
<_io.BytesIO object at 0x0000020FB748E950>,0.5330312848091125,0.14243009686470032,0.14095249772071838,281448,17,4,False,Left,Back,Right,Left,52
<_io.BytesIO object at 0x0000020FB748E860>,0.7514094710350037,0.12051019817590714,0.18381637334823608,281448,17,4,False,Left,Back,Right,Left,52
<_io.BytesIO object at 0x0000020FB748E720>,0.7384576201438904,0.08311069756746292,0.2557529807090759,281448,17,4,False,Left,Back,Right,Left,52
<_io.BytesIO object at 0x0000020FB748E0E0>,0.6866157054901123,0.151773601770401,0.24119549989700317,281448,17,4,False,Left,Back,Right,Left,52
<_io.BytesIO object at 0x0000020FB748EBD0>,0.7137515544891357,0.1318478137254715,0.17030252516269684,281448,17,4,False,Left,Back,Right,Left,52
<_io.BytesIO object at 0x0000020FB748E180>,0.7565247416496277,0.08259953558444977,0.18718034029006958,281448,17,4,False,Left,Back,Right,Left,52
<_io.BytesIO object at 0x0000020FB743C860>,0.5628393888473511,0.14341315627098083,0.16633108258247375,281449,17,4,False,Left,Back,Right,Left,52
<_io.BytesIO object at 0x0000020FB73CD950>,0.6400585174560547,0.130828857421875,0.13768808543682098,281449,17,4,False,Left,Back,Right,Left,52
<_io.BytesIO object at 0x0000020FB73CDE00>,0.5867671370506287,0.18165791034698486,0.09287950396537781,281449,17,4,False,Left,Back,Right,Left,52
<_io.BytesIO object at 0x0000020FB73CD3B0>,0.5780865550041199,0.10312202572822571,0.17154468595981598,281449,17,4,False,Left,Back,Right,Left,52
<_io.BytesIO object at 0x0000020FB73CD9F0>,0.5330312848091125,0.14243009686470032,0.14095249772071838,281449,17,4,False,Left,Back,Right,Left,52
<_io.BytesIO object at 0x0000020FB73CDD60>,0.7514094710350037,0.12051019817590714,0.18381637334823608,281449,17,4,False,Left,Back,Right,Left,52
<_io.BytesIO object at 0x0000020FB749EC20>,0.7384576201438904,0.08311069756746292,0.2557529807090759,281449,17,4,False,Left,Back,Right,Left,52
<_io.BytesIO object at 0x0000020FB749EB80>,0.6866157054901123,0.151773601770401,0.24119549989700317,281449,17,4,False,Left,Back,Right,Left,52
<_io.BytesIO object at 0x0000020FB749E590>,0.7137515544891357,0.1318478137254715,0.17030252516269684,281449,17,4,False,Left,Back,Right,Left,52
<_io.BytesIO object at 0x0000020FB749E1D0>,0.7565247416496277,0.08259953558444977,0.18718034029006958,281449,17,4,False,Left,Back,Right,Left,52
<_io.BytesIO object at 0x0000020FB74118B0>,0.5628393888473511,0.14341315627098083,0.16633108258247375,281450,17,4,False,Left,Back,Right,Left,52
<_io.BytesIO object at 0x0000020FB7474400>,0.6400585174560547,0.130828857421875,0.13768808543682098,281450,17,4,False,Left,Back,Right,Left,52
<_io.BytesIO object at 0x0000020FB74748B0>,0.5867671370506287,0.18165791034698486,0.09287950396537781,281450,17,4,False,Left,Back,Right,Left,52
<_io.BytesIO object at 0x0000020FB7474680>,0.5780865550041199,0.10312202572822571,0.17154468595981598,281450,17,4,False,Left,Back,Right,Left,52
<_io.BytesIO object at 0x0000020FB7474810>,0.5330312848091125,0.14243009686470032,0.14095249772071838,281450,17,4,False,Left,Back,Right,Left,52
<_io.BytesIO object at 0x0000020FB7474D10>,0.7514094710350037,0.12051019817590714,0.18381637334823608,281450,17,4,False,Left,Back,Right,Left,52
<_io.BytesIO object at 0x0000020FB748A130>,0.7384576201438904,0.08311069756746292,0.2557529807090759,281450,17,4,False,Left,Back,Right,Left,52
<_io.BytesIO object at 0x0000020FB748AF40>,0.6866157054901123,0.151773601770401,0.24119549989700317,281450,17,4,False,Left,Back,Right,Left,52
<_io.BytesIO object at 0x0000020FB748A090>,0.7137515544891357,0.1318478137254715,0.17030252516269684,281450,17,4,False,Left,Back,Right,Left,52
<_io.BytesIO object at 0x0000020FB748A9A0>,0.7565247416496277,0.08259953558444977,0.18718034029006958,281450,17,4,False,Left,Back,Right,Left,52
<_io.BytesIO object at 0x0000020FB749A270>,0.5628393888473511,0.14341315627098083,0.16633108258247375,281451,17,4,False,Left,Back,Right,Left,52
<_io.BytesIO object at 0x0000020FB752C1D0>,0.6400585174560547,0.130828857421875,0.13768808543682098,281451,17,4,False,Left,Back,Right,Left,52
<_io.BytesIO object at 0x0000020FB752C2C0>,0.5867671370506287,0.18165791034698486,0.09287950396537781,281451,17,4,False,Left,Back,Right,Left,52
<_io.BytesIO object at 0x0000020FB752C310>,0.5780865550041199,0.10312202572822571,0.17154468595981598,281451,17,4,False,Left,Back,Right,Left,52
<_io.BytesIO object at 0x0000020FB752CEF0>,0.5330312848091125,0.14243009686470032,0.14095249772071838,281451,17,4,False,Left,Back,Right,Left,52
<_io.BytesIO object at 0x0000020FAFA85540>,0.7514094710350037,0.12051019817590714,0.18381637334823608,281451,17,4,False,Left,Back,Right,Left,52
<_io.BytesIO object at 0x0000020FB7484090>,0.7384576201438904,0.08311069756746292,0.2557529807090759,281451,17,4,False,Left,Back,Right,Left,52
<_io.BytesIO object at 0x0000020FB7484E50>,0.6866157054901123,0.151773601770401,0.24119549989700317,281451,17,4,False,Left,Back,Right,Left,52
<_io.BytesIO object at 0x0000020FB7484E00>,0.7137515544891357,0.1318478137254715,0.17030252516269684,281451,17,4,False,Left,Back,Right,Left,52
<_io.BytesIO object at 0x0000020FB7484770>,0.7565247416496277,0.08259953558444977,0.18718034029006958,281451,17,4,False,Left,Back,Right,Left,52
<_io.BytesIO object at 0x0000020FB7533040>,0.5628393888473511,0.14341315627098083,0.16633108258247375,281452,17,4,False,Left,Back,Right,Left,52
<_io.BytesIO object at 0x0000020FB73D6360>,0.6400585174560547,0.130828857421875,0.13768808543682098,281452,17,4,False,Left,Back,Right,Left,52
<_io.BytesIO object at 0x0000020FB73D6680>,0.5867671370506287,0.18165791034698486,0.09287950396537781,281452,17,4,False,Left,Back,Right,Left,52
<_io.BytesIO object at 0x0000020FB73D6C20>,0.5780865550041199,0.10312202572822571,0.17154468595981598,281452,17,4,False,Left,Back,Right,Left,52
<_io.BytesIO object at 0x0000020FB73D63B0>,0.5330312848091125,0.14243009686470032,0.14095249772071838,281452,17,4,False,Left,Back,Right,Left,52
<_io.BytesIO object at 0x0000020FB747FB30>,0.7514094710350037,0.12051019817590714,0.18381637334823608,281452,17,4,False,Left,Back,Right,Left,52
<_io.BytesIO object at 0x0000020FB747F220>,0.7384576201438904,0.08311069756746292,0.2557529807090759,281452,17,4,False,Left,Back,Right,Left,52
<_io.BytesIO object at 0x0000020FB747FD60>,0.6866157054901123,0.151773601770401,0.24119549989700317,281452,17,4,False,Left,Back,Right,Left,52
<_io.BytesIO object at 0x0000020FB747FBD0>,0.7137515544891357,0.1318478137254715,0.17030252516269684,281452,17,4,False,Left,Back,Right,Left,52
<_io.BytesIO object at 0x0000020FB747FA90>,0.7565247416496277,0.08259953558444977,0.18718034029006958,281452,17,4,False,Left,Back,Right,Left,52
<_io.BytesIO object at 0x0000020FB7481B30>,0.5628393888473511,0.14341315627098083,0.16633108258247375,281453,17,4,False,Left,Back,Right,Left,52
<_io.BytesIO object at 0x0000020FB7497B30>,0.6400585174560547,0.130828857421875,0.13768808543682098,281453,17,4,False,Left,Back,Right,Left,52
<_io.BytesIO object at 0x0000020FB7497E00>,0.5867671370506287,0.18165791034698486,0.09287950396537781,281453,17,4,False,Left,Back,Right,Left,52
<_io.BytesIO object at 0x0000020FB7497F90>,0.5780865550041199,0.10312202572822571,0.17154468595981598,281453,17,4,False,Left,Back,Right,Left,52
<_io.BytesIO object at 0x0000020FB7497860>,0.5330312848091125,0.14243009686470032,0.14095249772071838,281453,17,4,False,Left,Back,Right,Left,52
<_io.BytesIO object at 0x0000020FB7481090>,0.7514094710350037,0.12051019817590714,0.18381637334823608,281453,17,4,False,Left,Back,Right,Left,52
<_io.BytesIO object at 0x0000020FB74817C0>,0.7384576201438904,0.08311069756746292,0.2557529807090759,281453,17,4,False,Left,Back,Right,Left,52
<_io.BytesIO object at 0x0000020FB7481540>,0.6866157054901123,0.151773601770401,0.24119549989700317,281453,17,4,False,Left,Back,Right,Left,52
<_io.BytesIO object at 0x0000020FB74819F0>,0.7137515544891357,0.1318478137254715,0.17030252516269684,281453,17,4,False,Left,Back,Right,Left,52
<_io.BytesIO object at 0x0000020FB7481D10>,0.7565247416496277,0.08259953558444977,0.18718034029006958,281453,17,4,False,Left,Back,Right,Left,52
<_io.BytesIO object at 0x0000020FB73D69A0>,0.5628393888473511,0.14341315627098083,0.16633108258247375,281454,17,4,False,Left,Back,Right,Left,52
<_io.BytesIO object at 0x0000020FB73D66D0>,0.6400585174560547,0.130828857421875,0.13768808543682098,281454,17,4,False,Left,Back,Right,Left,52
<_io.BytesIO object at 0x0000020FB73D6540>,0.5867671370506287,0.18165791034698486,0.09287950396537781,281454,17,4,False,Left,Back,Right,Left,52
<_io.BytesIO object at 0x0000020FB7533F40>,0.5780865550041199,0.10312202572822571,0.17154468595981598,281454,17,4,False,Left,Back,Right,Left,52
<_io.BytesIO object at 0x0000020FB7533CC0>,0.5330312848091125,0.14243009686470032,0.14095249772071838,281454,17,4,False,Left,Back,Right,Left,52
<_io.BytesIO object at 0x0000020FB75331D0>,0.7514094710350037,0.12051019817590714,0.18381637334823608,281454,17,4,False,Left,Back,Right,Left,52
<_io.BytesIO object at 0x0000020FB75335E0>,0.7384576201438904,0.08311069756746292,0.2557529807090759,281454,17,4,False,Left,Back,Right,Left,52
<_io.BytesIO object at 0x0000020FB7533950>,0.6866157054901123,0.151773601770401,0.24119549989700317,281454,17,4,False,Left,Back,Right,Left,52
<_io.BytesIO object at 0x0000020FB7533270>,0.7137515544891357,0.1318478137254715,0.17030252516269684,281454,17,4,False,Left,Back,Right,Left,52
<_io.BytesIO object at 0x0000020FB75339A0>,0.7565247416496277,0.08259953558444977,0.18718034029006958,281454,17,4,False,Left,Back,Right,Left,52
<_io.BytesIO object at 0x0000020FB7484270>,0.5628393888473511,0.14341315627098083,0.16633108258247375,281455,17,4,False,Left,Back,Right,Left,52
<_io.BytesIO object at 0x0000020FB752CF90>,0.6400585174560547,0.130828857421875,0.13768808543682098,281455,17,4,False,Left,Back,Right,Left,52
<_io.BytesIO object at 0x0000020FB752CDB0>,0.5867671370506287,0.18165791034698486,0.09287950396537781,281455,17,4,False,Left,Back,Right,Left,52
<_io.BytesIO object at 0x0000020FB752C450>,0.5780865550041199,0.10312202572822571,0.17154468595981598,281455,17,4,False,Left,Back,Right,Left,52
<_io.BytesIO object at 0x0000020FB749A9A0>,0.5330312848091125,0.14243009686470032,0.14095249772071838,281455,17,4,False,Left,Back,Right,Left,52
<_io.BytesIO object at 0x0000020FB749A770>,0.7514094710350037,0.12051019817590714,0.18381637334823608,281455,17,4,False,Left,Back,Right,Left,52
<_io.BytesIO object at 0x0000020FB749AB80>,0.7384576201438904,0.08311069756746292,0.2557529807090759,281455,17,4,False,Left,Back,Right,Left,52
<_io.BytesIO object at 0x0000020FB749AE00>,0.6866157054901123,0.151773601770401,0.24119549989700317,281455,17,4,False,Left,Back,Right,Left,52
<_io.BytesIO object at 0x0000020FB749A2C0>,0.7137515544891357,0.1318478137254715,0.17030252516269684,281455,17,4,False,Left,Back,Right,Left,52
<_io.BytesIO object at 0x0000020FB749A900>,0.7565247416496277,0.08259953558444977,0.18718034029006958,281455,17,4,False,Left,Back,Right,Left,52
<_io.BytesIO object at 0x0000020FB74740E0>,0.5628393888473511,0.14341315627098083,0.16633108258247375,281456,17,4,False,Left,Back,Right,Left,52
<_io.BytesIO object at 0x0000020FB7474900>,0.6400585174560547,0.130828857421875,0.13768808543682098,281456,17,4,False,Left,Back,Right,Left,52
<_io.BytesIO object at 0x0000020FB7474F90>,0.5867671370506287,0.18165791034698486,0.09287950396537781,281456,17,4,False,Left,Back,Right,Left,52
<_io.BytesIO object at 0x0000020FB74111D0>,0.5780865550041199,0.10312202572822571,0.17154468595981598,281456,17,4,False,Left,Back,Right,Left,52
<_io.BytesIO object at 0x0000020FB7411F40>,0.5330312848091125,0.14243009686470032,0.14095249772071838,281456,17,4,False,Left,Back,Right,Left,52
<_io.BytesIO object at 0x0000020FB7411860>,0.7514094710350037,0.12051019817590714,0.18381637334823608,281456,17,4,False,Left,Back,Right,Left,52
<_io.BytesIO object at 0x0000020FB7411720>,0.7384576201438904,0.08311069756746292,0.2557529807090759,281456,17,4,False,Left,Back,Right,Left,52
<_io.BytesIO object at 0x0000020FB74119A0>,0.6866157054901123,0.151773601770401,0.24119549989700317,281456,17,4,False,Left,Back,Right,Left,52
<_io.BytesIO object at 0x0000020FB7411AE0>,0.7137515544891357,0.1318478137254715,0.17030252516269684,281456,17,4,False,Left,Back,Right,Left,52
<_io.BytesIO object at 0x0000020FB7411E50>,0.7565247416496277,0.08259953558444977,0.18718034029006958,281456,17,4,False,Left,Back,Right,Left,52
<_io.BytesIO object at 0x0000020FB73CD9F0>,0.5628393888473511,0.14341315627098083,0.16633108258247375,281457,17,4,False,Left,Back,Right,Left,52
<_io.BytesIO object at 0x0000020FB73CDCC0>,0.6400585174560547,0.130828857421875,0.13768808543682098,281457,17,4,False,Left,Back,Right,Left,52
<_io.BytesIO object at 0x0000020FB73CD450>,0.5867671370506287,0.18165791034698486,0.09287950396537781,281457,17,4,False,Left,Back,Right,Left,52
<_io.BytesIO object at 0x0000020FB743C360>,0.5780865550041199,0.10312202572822571,0.17154468595981598,281457,17,4,False,Left,Back,Right,Left,52
<_io.BytesIO object at 0x0000020FB743C9F0>,0.5330312848091125,0.14243009686470032,0.14095249772071838,281457,17,4,False,Left,Back,Right,Left,52
<_io.BytesIO object at 0x0000020FB743C540>,0.7514094710350037,0.12051019817590714,0.18381637334823608,281457,17,4,False,Left,Back,Right,Left,52
<_io.BytesIO object at 0x0000020FB743C4A0>,0.7384576201438904,0.08311069756746292,0.2557529807090759,281457,17,4,False,Left,Back,Right,Left,52
<_io.BytesIO object at 0x0000020FB743CDB0>,0.6866157054901123,0.151773601770401,0.24119549989700317,281457,17,4,False,Left,Back,Right,Left,52
<_io.BytesIO object at 0x0000020FB743CB30>,0.7137515544891357,0.1318478137254715,0.17030252516269684,281457,17,4,False,Left,Back,Right,Left,52
<_io.BytesIO object at 0x0000020FB748EA40>,0.7565247416496277,0.08259953558444977,0.18718034029006958,281457,17,4,False,Left,Back,Right,Left,52
<_io.BytesIO object at 0x0000020FB746E8B0>,0.5628393888473511,0.14341315627098083,0.16633108258247375,281458,17,4,False,Left,Back,Right,Left,52
<_io.BytesIO object at 0x0000020FB746EE50>,0.6400585174560547,0.130828857421875,0.13768808543682098,281458,17,4,False,Left,Back,Right,Left,52
<_io.BytesIO object at 0x0000020FB746E950>,0.5867671370506287,0.18165791034698486,0.09287950396537781,281458,17,4,False,Left,Back,Right,Left,52
<_io.BytesIO object at 0x0000020FB746E9A0>,0.5780865550041199,0.10312202572822571,0.17154468595981598,281458,17,4,False,Left,Back,Right,Left,52
<_io.BytesIO object at 0x0000020FB746E7C0>,0.5330312848091125,0.14243009686470032,0.14095249772071838,281458,17,4,False,Left,Back,Right,Left,52
<_io.BytesIO object at 0x0000020FB748EF40>,0.7514094710350037,0.12051019817590714,0.18381637334823608,281458,17,4,False,Left,Back,Right,Left,52
<_io.BytesIO object at 0x0000020FB748EF90>,0.7384576201438904,0.08311069756746292,0.2557529807090759,281458,17,4,False,Left,Back,Right,Left,52
<_io.BytesIO object at 0x0000020FB748EB30>,0.6866157054901123,0.151773601770401,0.24119549989700317,281458,17,4,False,Left,Back,Right,Left,52
<_io.BytesIO object at 0x0000020FB748EEA0>,0.7137515544891357,0.1318478137254715,0.17030252516269684,281458,17,4,False,Left,Back,Right,Left,52
<_io.BytesIO object at 0x0000020FB748EA40>,0.7565247416496277,0.08259953558444977,0.18718034029006958,281458,17,4,False,Left,Back,Right,Left,52
<_io.BytesIO object at 0x0000020FB73CDAE0>,0.5628393888473511,0.14341315627098083,0.16633108258247375,281459,17,4,False,Left,Back,Right,Left,52
<_io.BytesIO object at 0x0000020FB749EEF0>,0.6400585174560547,0.130828857421875,0.13768808543682098,281459,17,4,False,Left,Back,Right,Left,52
<_io.BytesIO object at 0x0000020FB749E6D0>,0.5867671370506287,0.18165791034698486,0.09287950396537781,281459,17,4,False,Left,Back,Right,Left,52
<_io.BytesIO object at 0x0000020FB749E7C0>,0.5780865550041199,0.10312202572822571,0.17154468595981598,281459,17,4,False,Left,Back,Right,Left,52
<_io.BytesIO object at 0x0000020FB749E180>,0.5330312848091125,0.14243009686470032,0.14095249772071838,281459,17,4,False,Left,Back,Right,Left,52
<_io.BytesIO object at 0x0000020FB749E130>,0.7514094710350037,0.12051019817590714,0.18381637334823608,281459,17,4,False,Left,Back,Right,Left,52
<_io.BytesIO object at 0x0000020FB749EE50>,0.7384576201438904,0.08311069756746292,0.2557529807090759,281459,17,4,False,Left,Back,Right,Left,52
<_io.BytesIO object at 0x0000020FB7411E00>,0.6866157054901123,0.151773601770401,0.24119549989700317,281459,17,4,False,Left,Back,Right,Left,52
<_io.BytesIO object at 0x0000020FB7411090>,0.7137515544891357,0.1318478137254715,0.17030252516269684,281459,17,4,False,Left,Back,Right,Left,52
<_io.BytesIO object at 0x0000020FB7411360>,0.7565247416496277,0.08259953558444977,0.18718034029006958,281459,17,4,False,Left,Back,Right,Left,52
<_io.BytesIO object at 0x0000020FB748A540>,0.5628393888473511,0.14341315627098083,0.16633108258247375,281460,17,4,False,Left,Back,Right,Left,52
<_io.BytesIO object at 0x0000020FB749ABD0>,0.6400585174560547,0.130828857421875,0.13768808543682098,281460,17,4,False,Left,Back,Right,Left,52
<_io.BytesIO object at 0x0000020FB749AA90>,0.5867671370506287,0.18165791034698486,0.09287950396537781,281460,17,4,False,Left,Back,Right,Left,52
<_io.BytesIO object at 0x0000020FB749A180>,0.5780865550041199,0.10312202572822571,0.17154468595981598,281460,17,4,False,Left,Back,Right,Left,52
<_io.BytesIO object at 0x0000020FB749AB80>,0.5330312848091125,0.14243009686470032,0.14095249772071838,281460,17,4,False,Left,Back,Right,Left,52
<_io.BytesIO object at 0x0000020FB749AF90>,0.7514094710350037,0.12051019817590714,0.18381637334823608,281460,17,4,False,Left,Back,Right,Left,52
<_io.BytesIO object at 0x0000020FB749A8B0>,0.7384576201438904,0.08311069756746292,0.2557529807090759,281460,17,4,False,Left,Back,Right,Left,52
<_io.BytesIO object at 0x0000020FB752CD60>,0.6866157054901123,0.151773601770401,0.24119549989700317,281460,17,4,False,Left,Back,Right,Left,52
<_io.BytesIO object at 0x0000020FB752CA40>,0.7137515544891357,0.1318478137254715,0.17030252516269684,281460,17,4,False,Left,Back,Right,Left,52
<_io.BytesIO object at 0x0000020FB752CF90>,0.7565247416496277,0.08259953558444977,0.18718034029006958,281460,17,4,False,Left,Back,Right,Left,52
<_io.BytesIO object at 0x0000020FB7484860>,0.5628393888473511,0.14341315627098083,0.16633108258247375,281461,17,4,False,Left,Back,Right,Left,52
<_io.BytesIO object at 0x0000020FB7484040>,0.6400585174560547,0.130828857421875,0.13768808543682098,281461,17,4,False,Left,Back,Right,Left,52
<_io.BytesIO object at 0x0000020FB7533E00>,0.5867671370506287,0.18165791034698486,0.09287950396537781,281461,17,4,False,Left,Back,Right,Left,52
<_io.BytesIO object at 0x0000020FB7533630>,0.5780865550041199,0.10312202572822571,0.17154468595981598,281461,17,4,False,Left,Back,Right,Left,52
<_io.BytesIO object at 0x0000020FB7533590>,0.5330312848091125,0.14243009686470032,0.14095249772071838,281461,17,4,False,Left,Back,Right,Left,52
<_io.BytesIO object at 0x0000020FB75331D0>,0.7514094710350037,0.12051019817590714,0.18381637334823608,281461,17,4,False,Left,Back,Right,Left,52
<_io.BytesIO object at 0x0000020FB7533A90>,0.7384576201438904,0.08311069756746292,0.2557529807090759,281461,17,4,False,Left,Back,Right,Left,52
<_io.BytesIO object at 0x0000020FB7533810>,0.6866157054901123,0.151773601770401,0.24119549989700317,281461,17,4,False,Left,Back,Right,Left,52
<_io.BytesIO object at 0x0000020FB73D60E0>,0.7137515544891357,0.1318478137254715,0.17030252516269684,281461,17,4,False,Left,Back,Right,Left,52
<_io.BytesIO object at 0x0000020FB73D66D0>,0.7565247416496277,0.08259953558444977,0.18718034029006958,281461,17,4,False,Left,Back,Right,Left,52
<_io.BytesIO object at 0x0000020FB747FD10>,0.5628393888473511,0.14341315627098083,0.16633108258247375,281462,17,4,False,Left,Back,Right,Left,52
<_io.BytesIO object at 0x0000020FB74744A0>,0.6400585174560547,0.130828857421875,0.13768808543682098,281462,17,4,False,Left,Back,Right,Left,52
<_io.BytesIO object at 0x0000020FB7474400>,0.5867671370506287,0.18165791034698486,0.09287950396537781,281462,17,4,False,Left,Back,Right,Left,52
<_io.BytesIO object at 0x0000020FB7474C70>,0.5780865550041199,0.10312202572822571,0.17154468595981598,281462,17,4,False,Left,Back,Right,Left,52
<_io.BytesIO object at 0x0000020FB74743B0>,0.5330312848091125,0.14243009686470032,0.14095249772071838,281462,17,4,False,Left,Back,Right,Left,52
<_io.BytesIO object at 0x0000020FB7474040>,0.7514094710350037,0.12051019817590714,0.18381637334823608,281462,17,4,False,Left,Back,Right,Left,52
<_io.BytesIO object at 0x0000020FB7481B30>,0.7384576201438904,0.08311069756746292,0.2557529807090759,281462,17,4,False,Left,Back,Right,Left,52
<_io.BytesIO object at 0x0000020FB7481950>,0.6866157054901123,0.151773601770401,0.24119549989700317,281462,17,4,False,Left,Back,Right,Left,52
<_io.BytesIO object at 0x0000020FB7481860>,0.7137515544891357,0.1318478137254715,0.17030252516269684,281462,17,4,False,Left,Back,Right,Left,52
<_io.BytesIO object at 0x0000020FB7481A40>,0.7565247416496277,0.08259953558444977,0.18718034029006958,281462,17,4,False,Left,Back,Right,Left,52
<_io.BytesIO object at 0x0000020FB74979F0>,0.5628393888473511,0.14341315627098083,0.16633108258247375,281463,17,4,False,Left,Back,Right,Left,52
<_io.BytesIO object at 0x0000020FB7481A90>,0.6400585174560547,0.130828857421875,0.13768808543682098,281463,17,4,False,Left,Back,Right,Left,52
<_io.BytesIO object at 0x0000020FB7481180>,0.5867671370506287,0.18165791034698486,0.09287950396537781,281463,17,4,False,Left,Back,Right,Left,52
<_io.BytesIO object at 0x0000020FB74812C0>,0.5780865550041199,0.10312202572822571,0.17154468595981598,281463,17,4,False,Left,Back,Right,Left,52
<_io.BytesIO object at 0x0000020FB7481EF0>,0.5330312848091125,0.14243009686470032,0.14095249772071838,281463,17,4,False,Left,Back,Right,Left,52
<_io.BytesIO object at 0x0000020FB7481B30>,0.7514094710350037,0.12051019817590714,0.18381637334823608,281463,17,4,False,Left,Back,Right,Left,52
<_io.BytesIO object at 0x0000020FB7474040>,0.7384576201438904,0.08311069756746292,0.2557529807090759,281463,17,4,False,Left,Back,Right,Left,52
<_io.BytesIO object at 0x0000020FB7474950>,0.6866157054901123,0.151773601770401,0.24119549989700317,281463,17,4,False,Left,Back,Right,Left,52
<_io.BytesIO object at 0x0000020FB7474630>,0.7137515544891357,0.1318478137254715,0.17030252516269684,281463,17,4,False,Left,Back,Right,Left,52
<_io.BytesIO object at 0x0000020FB7474810>,0.7565247416496277,0.08259953558444977,0.18718034029006958,281463,17,4,False,Left,Back,Right,Left,52
<_io.BytesIO object at 0x0000020FB73D6F40>,0.5628393888473511,0.14341315627098083,0.16633108258247375,281464,17,4,False,Left,Back,Right,Left,52
<_io.BytesIO object at 0x0000020FB73D6680>,0.6400585174560547,0.130828857421875,0.13768808543682098,281464,17,4,False,Left,Back,Right,Left,52
<_io.BytesIO object at 0x0000020FB73D6270>,0.5867671370506287,0.18165791034698486,0.09287950396537781,281464,17,4,False,Left,Back,Right,Left,52
<_io.BytesIO object at 0x0000020FB75338B0>,0.5780865550041199,0.10312202572822571,0.17154468595981598,281464,17,4,False,Left,Back,Right,Left,52
<_io.BytesIO object at 0x0000020FB7533040>,0.5330312848091125,0.14243009686470032,0.14095249772071838,281464,17,4,False,Left,Back,Right,Left,52
<_io.BytesIO object at 0x0000020FB7533CC0>,0.7514094710350037,0.12051019817590714,0.18381637334823608,281464,17,4,False,Left,Back,Right,Left,52
<_io.BytesIO object at 0x0000020FB7533C70>,0.7384576201438904,0.08311069756746292,0.2557529807090759,281464,17,4,False,Left,Back,Right,Left,52
<_io.BytesIO object at 0x0000020FB7533A40>,0.6866157054901123,0.151773601770401,0.24119549989700317,281464,17,4,False,Left,Back,Right,Left,52
<_io.BytesIO object at 0x0000020FB7533E00>,0.7137515544891357,0.1318478137254715,0.17030252516269684,281464,17,4,False,Left,Back,Right,Left,52
<_io.BytesIO object at 0x0000020FB7533720>,0.7565247416496277,0.08259953558444977,0.18718034029006958,281464,17,4,False,Left,Back,Right,Left,52
<_io.BytesIO object at 0x0000020FB7484B30>,0.5628393888473511,0.14341315627098083,0.16633108258247375,281465,17,4,False,Left,Back,Right,Left,52
<_io.BytesIO object at 0x0000020FB752CC20>,0.6400585174560547,0.130828857421875,0.13768808543682098,281465,17,4,False,Left,Back,Right,Left,52
<_io.BytesIO object at 0x0000020FB752CDB0>,0.5867671370506287,0.18165791034698486,0.09287950396537781,281465,17,4,False,Left,Back,Right,Left,52
<_io.BytesIO object at 0x0000020FB752C310>,0.5780865550041199,0.10312202572822571,0.17154468595981598,281465,17,4,False,Left,Back,Right,Left,52
<_io.BytesIO object at 0x0000020FB749A270>,0.5330312848091125,0.14243009686470032,0.14095249772071838,281465,17,4,False,Left,Back,Right,Left,52
<_io.BytesIO object at 0x0000020FB749A950>,0.7514094710350037,0.12051019817590714,0.18381637334823608,281465,17,4,False,Left,Back,Right,Left,52
<_io.BytesIO object at 0x0000020FB749A4F0>,0.7384576201438904,0.08311069756746292,0.2557529807090759,281465,17,4,False,Left,Back,Right,Left,52
<_io.BytesIO object at 0x0000020FB749A810>,0.6866157054901123,0.151773601770401,0.24119549989700317,281465,17,4,False,Left,Back,Right,Left,52
<_io.BytesIO object at 0x0000020FB749AA90>,0.7137515544891357,0.1318478137254715,0.17030252516269684,281465,17,4,False,Left,Back,Right,Left,52
<_io.BytesIO object at 0x0000020FB749AB30>,0.7565247416496277,0.08259953558444977,0.18718034029006958,281465,17,4,False,Left,Back,Right,Left,52
<_io.BytesIO object at 0x0000020FB7411810>,0.5628393888473511,0.14341315627098083,0.16633108258247375,281466,17,4,False,Left,Back,Right,Left,52
<_io.BytesIO object at 0x0000020FB7411400>,0.6400585174560547,0.130828857421875,0.13768808543682098,281466,17,4,False,Left,Back,Right,Left,52
<_io.BytesIO object at 0x0000020FB74119F0>,0.5867671370506287,0.18165791034698486,0.09287950396537781,281466,17,4,False,Left,Back,Right,Left,52
<_io.BytesIO object at 0x0000020FB7411950>,0.5780865550041199,0.10312202572822571,0.17154468595981598,281466,17,4,False,Left,Back,Right,Left,52
<_io.BytesIO object at 0x0000020FB749E3B0>,0.5330312848091125,0.14243009686470032,0.14095249772071838,281466,17,4,False,Left,Back,Right,Left,52
<_io.BytesIO object at 0x0000020FB749EE00>,0.7514094710350037,0.12051019817590714,0.18381637334823608,281466,17,4,False,Left,Back,Right,Left,52
<_io.BytesIO object at 0x0000020FB749E0E0>,0.7384576201438904,0.08311069756746292,0.2557529807090759,281466,17,4,False,Left,Back,Right,Left,52
<_io.BytesIO object at 0x0000020FB749E7C0>,0.6866157054901123,0.151773601770401,0.24119549989700317,281466,17,4,False,Left,Back,Right,Left,52
<_io.BytesIO object at 0x0000020FB749E590>,0.7137515544891357,0.1318478137254715,0.17030252516269684,281466,17,4,False,Left,Back,Right,Left,52
<_io.BytesIO object at 0x0000020FB749E220>,0.7565247416496277,0.08259953558444977,0.18718034029006958,281466,17,4,False,Left,Back,Right,Left,52
<_io.BytesIO object at 0x0000020FB743CE00>,0.5628393888473511,0.14341315627098083,0.16633108258247375,281467,17,4,False,Left,Back,Right,Left,52
<_io.BytesIO object at 0x0000020FB743CA90>,0.6400585174560547,0.130828857421875,0.13768808543682098,281467,17,4,False,Left,Back,Right,Left,52
<_io.BytesIO object at 0x0000020FB748EC20>,0.5867671370506287,0.18165791034698486,0.09287950396537781,281467,17,4,False,Left,Back,Right,Left,52
<_io.BytesIO object at 0x0000020FB748E860>,0.5780865550041199,0.10312202572822571,0.17154468595981598,281467,17,4,False,Left,Back,Right,Left,52
<_io.BytesIO object at 0x0000020FB748E2C0>,0.5330312848091125,0.14243009686470032,0.14095249772071838,281467,17,4,False,Left,Back,Right,Left,52
<_io.BytesIO object at 0x0000020FB748E8B0>,0.7514094710350037,0.12051019817590714,0.18381637334823608,281467,17,4,False,Left,Back,Right,Left,52
<_io.BytesIO object at 0x0000020FB748EF40>,0.7384576201438904,0.08311069756746292,0.2557529807090759,281467,17,4,False,Left,Back,Right,Left,52
<_io.BytesIO object at 0x0000020FB746E770>,0.6866157054901123,0.151773601770401,0.24119549989700317,281467,17,4,False,Left,Back,Right,Left,52
<_io.BytesIO object at 0x0000020FB746E810>,0.7137515544891357,0.1318478137254715,0.17030252516269684,281467,17,4,False,Left,Back,Right,Left,52
<_io.BytesIO object at 0x0000020FB746EEF0>,0.7565247416496277,0.08259953558444977,0.18718034029006958,281467,17,4,False,Left,Back,Right,Left,52
<_io.BytesIO object at 0x0000020FB746EB30>,0.5628393888473511,0.14341315627098083,0.16633108258247375,281468,17,4,False,Left,Back,Right,Left,52
<_io.BytesIO object at 0x0000020FB748E450>,0.6400585174560547,0.130828857421875,0.13768808543682098,281468,17,4,False,Left,Back,Right,Left,52
<_io.BytesIO object at 0x0000020FB748E180>,0.5867671370506287,0.18165791034698486,0.09287950396537781,281468,17,4,False,Left,Back,Right,Left,52
<_io.BytesIO object at 0x0000020FB743C7C0>,0.5780865550041199,0.10312202572822571,0.17154468595981598,281468,17,4,False,Left,Back,Right,Left,52
<_io.BytesIO object at 0x0000020FB743C220>,0.5330312848091125,0.14243009686470032,0.14095249772071838,281468,17,4,False,Left,Back,Right,Left,52
<_io.BytesIO object at 0x0000020FB743C590>,0.7514094710350037,0.12051019817590714,0.18381637334823608,281468,17,4,False,Left,Back,Right,Left,52
<_io.BytesIO object at 0x0000020FB743CEF0>,0.7384576201438904,0.08311069756746292,0.2557529807090759,281468,17,4,False,Left,Back,Right,Left,52
<_io.BytesIO object at 0x0000020FB743CCC0>,0.6866157054901123,0.151773601770401,0.24119549989700317,281468,17,4,False,Left,Back,Right,Left,52
<_io.BytesIO object at 0x0000020FB743C950>,0.7137515544891357,0.1318478137254715,0.17030252516269684,281468,17,4,False,Left,Back,Right,Left,52
<_io.BytesIO object at 0x0000020FB73CD540>,0.7565247416496277,0.08259953558444977,0.18718034029006958,281468,17,4,False,Left,Back,Right,Left,52
<_io.BytesIO object at 0x0000020FB7411EF0>,0.5628393888473511,0.14341315627098083,0.16633108258247375,281469,17,4,False,Left,Back,Right,Left,52
<_io.BytesIO object at 0x0000020FB7411680>,0.6400585174560547,0.130828857421875,0.13768808543682098,281469,17,4,False,Left,Back,Right,Left,52
<_io.BytesIO object at 0x0000020FB748A220>,0.5867671370506287,0.18165791034698486,0.09287950396537781,281469,17,4,False,Left,Back,Right,Left,52
<_io.BytesIO object at 0x0000020FB748A1D0>,0.5780865550041199,0.10312202572822571,0.17154468595981598,281469,17,4,False,Left,Back,Right,Left,52
<_io.BytesIO object at 0x0000020FB748AA90>,0.5330312848091125,0.14243009686470032,0.14095249772071838,281469,17,4,False,Left,Back,Right,Left,52
<_io.BytesIO object at 0x0000020FB748A040>,0.7514094710350037,0.12051019817590714,0.18381637334823608,281469,17,4,False,Left,Back,Right,Left,52
<_io.BytesIO object at 0x0000020FB748A900>,0.7384576201438904,0.08311069756746292,0.2557529807090759,281469,17,4,False,Left,Back,Right,Left,52
<_io.BytesIO object at 0x0000020FB748A860>,0.6866157054901123,0.151773601770401,0.24119549989700317,281469,17,4,False,Left,Back,Right,Left,52
<_io.BytesIO object at 0x0000020FB749A400>,0.7137515544891357,0.1318478137254715,0.17030252516269684,281469,17,4,False,Left,Back,Right,Left,52
<_io.BytesIO object at 0x0000020FB749A680>,0.7565247416496277,0.08259953558444977,0.18718034029006958,281469,17,4,False,Left,Back,Right,Left,52
<_io.BytesIO object at 0x0000020FB752C090>,0.5628393888473511,0.14341315627098083,0.16633108258247375,281470,17,4,False,Left,Back,Right,Left,52
<_io.BytesIO object at 0x0000020FB752CB30>,0.6400585174560547,0.130828857421875,0.13768808543682098,281470,17,4,False,Left,Back,Right,Left,52
<_io.BytesIO object at 0x0000020FB7484900>,0.5867671370506287,0.18165791034698486,0.09287950396537781,281470,17,4,False,Left,Back,Right,Left,52
<_io.BytesIO object at 0x0000020FB74847C0>,0.5780865550041199,0.10312202572822571,0.17154468595981598,281470,17,4,False,Left,Back,Right,Left,52
<_io.BytesIO object at 0x0000020FB7484D10>,0.5330312848091125,0.14243009686470032,0.14095249772071838,281470,17,4,False,Left,Back,Right,Left,52
<_io.BytesIO object at 0x0000020FB74846D0>,0.7514094710350037,0.12051019817590714,0.18381637334823608,281470,17,4,False,Left,Back,Right,Left,52
<_io.BytesIO object at 0x0000020FB74844A0>,0.7384576201438904,0.08311069756746292,0.2557529807090759,281470,17,4,False,Left,Back,Right,Left,52
<_io.BytesIO object at 0x0000020FB7484C20>,0.6866157054901123,0.151773601770401,0.24119549989700317,281470,17,4,False,Left,Back,Right,Left,52
<_io.BytesIO object at 0x0000020FB7484770>,0.7137515544891357,0.1318478137254715,0.17030252516269684,281470,17,4,False,Left,Back,Right,Left,52
<_io.BytesIO object at 0x0000020FB7533590>,0.7565247416496277,0.08259953558444977,0.18718034029006958,281470,17,4,False,Left,Back,Right,Left,52
<_io.BytesIO object at 0x0000020FB73D64F0>,0.5628393888473511,0.14341315627098083,0.16633108258247375,281471,17,4,False,Left,Back,Right,Left,52
<_io.BytesIO object at 0x0000020FB73D6040>,0.6400585174560547,0.130828857421875,0.13768808543682098,281471,17,4,False,Left,Back,Right,Left,52
<_io.BytesIO object at 0x0000020FB747FC70>,0.5867671370506287,0.18165791034698486,0.09287950396537781,281471,17,4,False,Left,Back,Right,Left,52
<_io.BytesIO object at 0x0000020FB747F810>,0.5780865550041199,0.10312202572822571,0.17154468595981598,281471,17,4,False,Left,Back,Right,Left,52
<_io.BytesIO object at 0x0000020FB747FCC0>,0.5330312848091125,0.14243009686470032,0.14095249772071838,281471,17,4,False,Left,Back,Right,Left,52
<_io.BytesIO object at 0x0000020FB747F7C0>,0.7514094710350037,0.12051019817590714,0.18381637334823608,281471,17,4,False,Left,Back,Right,Left,52
<_io.BytesIO object at 0x0000020FB747FEA0>,0.7384576201438904,0.08311069756746292,0.2557529807090759,281471,17,4,False,Left,Back,Right,Left,52
<_io.BytesIO object at 0x0000020FB747FA90>,0.6866157054901123,0.151773601770401,0.24119549989700317,281471,17,4,False,Left,Back,Right,Left,52
<_io.BytesIO object at 0x0000020FB749E130>,0.7137515544891357,0.1318478137254715,0.17030252516269684,281471,17,4,False,Left,Back,Right,Left,52
<_io.BytesIO object at 0x0000020FB749E810>,0.7565247416496277,0.08259953558444977,0.18718034029006958,281471,17,4,False,Left,Back,Right,Left,52
<_io.BytesIO object at 0x0000020FB7474950>,0.5628393888473511,0.14341315627098083,0.16633108258247375,281472,17,4,False,Left,Back,Right,Left,52
<_io.BytesIO object at 0x0000020FB7481270>,0.6400585174560547,0.130828857421875,0.13768808543682098,281472,17,4,False,Left,Back,Right,Left,52
<_io.BytesIO object at 0x0000020FB74810E0>,0.5867671370506287,0.18165791034698486,0.09287950396537781,281472,17,4,False,Left,Back,Right,Left,52
<_io.BytesIO object at 0x0000020FB7481180>,0.5780865550041199,0.10312202572822571,0.17154468595981598,281472,17,4,False,Left,Back,Right,Left,52
<_io.BytesIO object at 0x0000020FB74819F0>,0.5330312848091125,0.14243009686470032,0.14095249772071838,281472,17,4,False,Left,Back,Right,Left,52
<_io.BytesIO object at 0x0000020FB7481DB0>,0.7514094710350037,0.12051019817590714,0.18381637334823608,281472,17,4,False,Left,Back,Right,Left,52
<_io.BytesIO object at 0x0000020FB7481B80>,0.7384576201438904,0.08311069756746292,0.2557529807090759,281472,17,4,False,Left,Back,Right,Left,52
<_io.BytesIO object at 0x0000020FB4674130>,0.6866157054901123,0.151773601770401,0.24119549989700317,281472,17,4,False,Left,Back,Right,Left,52
<_io.BytesIO object at 0x0000020FB7497A90>,0.7137515544891357,0.1318478137254715,0.17030252516269684,281472,17,4,False,Left,Back,Right,Left,52
<_io.BytesIO object at 0x0000020FB7497E00>,0.7565247416496277,0.08259953558444977,0.18718034029006958,281472,17,4,False,Left,Back,Right,Left,52
<_io.BytesIO object at 0x0000020FB7481400>,0.5628393888473511,0.14341315627098083,0.16633108258247375,281473,17,4,False,Left,Back,Right,Left,52
<_io.BytesIO object at 0x0000020FB7481D60>,0.6400585174560547,0.130828857421875,0.13768808543682098,281473,17,4,False,Left,Back,Right,Left,52
<_io.BytesIO object at 0x0000020FB7474680>,0.5867671370506287,0.18165791034698486,0.09287950396537781,281473,17,4,False,Left,Back,Right,Left,52
<_io.BytesIO object at 0x0000020FB7474C20>,0.5780865550041199,0.10312202572822571,0.17154468595981598,281473,17,4,False,Left,Back,Right,Left,52
<_io.BytesIO object at 0x0000020FB7474CC0>,0.5330312848091125,0.14243009686470032,0.14095249772071838,281473,17,4,False,Left,Back,Right,Left,52
<_io.BytesIO object at 0x0000020FB74747C0>,0.7514094710350037,0.12051019817590714,0.18381637334823608,281473,17,4,False,Left,Back,Right,Left,52
<_io.BytesIO object at 0x0000020FB7474900>,0.7384576201438904,0.08311069756746292,0.2557529807090759,281473,17,4,False,Left,Back,Right,Left,52
<_io.BytesIO object at 0x0000020FB747F400>,0.6866157054901123,0.151773601770401,0.24119549989700317,281473,17,4,False,Left,Back,Right,Left,52
<_io.BytesIO object at 0x0000020FB747FC20>,0.7137515544891357,0.1318478137254715,0.17030252516269684,281473,17,4,False,Left,Back,Right,Left,52
<_io.BytesIO object at 0x0000020FB747F180>,0.7565247416496277,0.08259953558444977,0.18718034029006958,281473,17,4,False,Left,Back,Right,Left,52
<_io.BytesIO object at 0x0000020FB73D6400>,0.5628393888473511,0.14341315627098083,0.16633108258247375,281474,17,4,False,Left,Back,Right,Left,52
<_io.BytesIO object at 0x0000020FB7533860>,0.6400585174560547,0.130828857421875,0.13768808543682098,281474,17,4,False,Left,Back,Right,Left,52
<_io.BytesIO object at 0x0000020FB7533EF0>,0.5867671370506287,0.18165791034698486,0.09287950396537781,281474,17,4,False,Left,Back,Right,Left,52
<_io.BytesIO object at 0x0000020FB75337C0>,0.5780865550041199,0.10312202572822571,0.17154468595981598,281474,17,4,False,Left,Back,Right,Left,52
<_io.BytesIO object at 0x0000020FB7533130>,0.5330312848091125,0.14243009686470032,0.14095249772071838,281474,17,4,False,Left,Back,Right,Left,52
<_io.BytesIO object at 0x0000020FB7533D60>,0.7514094710350037,0.12051019817590714,0.18381637334823608,281474,17,4,False,Left,Back,Right,Left,52
<_io.BytesIO object at 0x0000020FB7484540>,0.7384576201438904,0.08311069756746292,0.2557529807090759,281474,17,4,False,Left,Back,Right,Left,52
<_io.BytesIO object at 0x0000020FB7484860>,0.6866157054901123,0.151773601770401,0.24119549989700317,281474,17,4,False,Left,Back,Right,Left,52
<_io.BytesIO object at 0x0000020FB74848B0>,0.7137515544891357,0.1318478137254715,0.17030252516269684,281474,17,4,False,Left,Back,Right,Left,52
<_io.BytesIO object at 0x0000020FB74846D0>,0.7565247416496277,0.08259953558444977,0.18718034029006958,281474,17,4,False,Left,Back,Right,Left,52
<_io.BytesIO object at 0x0000020FB752CCC0>,0.5628393888473511,0.14341315627098083,0.16633108258247375,281475,17,4,False,Left,Back,Right,Left,52
<_io.BytesIO object at 0x0000020FB749A590>,0.6400585174560547,0.130828857421875,0.13768808543682098,281475,17,4,False,Left,Back,Right,Left,52
<_io.BytesIO object at 0x0000020FB749AE50>,0.5867671370506287,0.18165791034698486,0.09287950396537781,281475,17,4,False,Left,Back,Right,Left,52
<_io.BytesIO object at 0x0000020FB749A090>,0.5780865550041199,0.10312202572822571,0.17154468595981598,281475,17,4,False,Left,Back,Right,Left,52
<_io.BytesIO object at 0x0000020FB749AF40>,0.5330312848091125,0.14243009686470032,0.14095249772071838,281475,17,4,False,Left,Back,Right,Left,52
<_io.BytesIO object at 0x0000020FB749AB80>,0.7514094710350037,0.12051019817590714,0.18381637334823608,281475,17,4,False,Left,Back,Right,Left,52
<_io.BytesIO object at 0x0000020FB748A950>,0.7384576201438904,0.08311069756746292,0.2557529807090759,281475,17,4,False,Left,Back,Right,Left,52
<_io.BytesIO object at 0x0000020FB748ABD0>,0.6866157054901123,0.151773601770401,0.24119549989700317,281475,17,4,False,Left,Back,Right,Left,52
<_io.BytesIO object at 0x0000020FB748A9A0>,0.7137515544891357,0.1318478137254715,0.17030252516269684,281475,17,4,False,Left,Back,Right,Left,52
<_io.BytesIO object at 0x0000020FB748A040>,0.7565247416496277,0.08259953558444977,0.18718034029006958,281475,17,4,False,Left,Back,Right,Left,52
<_io.BytesIO object at 0x0000020FB7411220>,0.5628393888473511,0.14341315627098083,0.16633108258247375,281476,17,4,False,Left,Back,Right,Left,52
<_io.BytesIO object at 0x0000020FB749EE50>,0.6400585174560547,0.130828857421875,0.13768808543682098,281476,17,4,False,Left,Back,Right,Left,52
<_io.BytesIO object at 0x0000020FB749E680>,0.5867671370506287,0.18165791034698486,0.09287950396537781,281476,17,4,False,Left,Back,Right,Left,52
<_io.BytesIO object at 0x0000020FB749EF90>,0.5780865550041199,0.10312202572822571,0.17154468595981598,281476,17,4,False,Left,Back,Right,Left,52
<_io.BytesIO object at 0x0000020FB749EC20>,0.5330312848091125,0.14243009686470032,0.14095249772071838,281476,17,4,False,Left,Back,Right,Left,52
<_io.BytesIO object at 0x0000020FB749ECC0>,0.7514094710350037,0.12051019817590714,0.18381637334823608,281476,17,4,False,Left,Back,Right,Left,52
<_io.BytesIO object at 0x0000020FB73CD6D0>,0.7384576201438904,0.08311069756746292,0.2557529807090759,281476,17,4,False,Left,Back,Right,Left,52
<_io.BytesIO object at 0x0000020FB73CDF90>,0.6866157054901123,0.151773601770401,0.24119549989700317,281476,17,4,False,Left,Back,Right,Left,52
<_io.BytesIO object at 0x0000020FB73CD270>,0.7137515544891357,0.1318478137254715,0.17030252516269684,281476,17,4,False,Left,Back,Right,Left,52
<_io.BytesIO object at 0x0000020FB73CD450>,0.7565247416496277,0.08259953558444977,0.18718034029006958,281476,17,4,False,Left,Back,Right,Left,52
<_io.BytesIO object at 0x0000020FB743C400>,0.5628393888473511,0.14341315627098083,0.16633108258247375,281477,17,4,False,Left,Back,Right,Left,52
<_io.BytesIO object at 0x0000020FB748EEA0>,0.6400585174560547,0.130828857421875,0.13768808543682098,281477,17,4,False,Left,Back,Right,Left,52
<_io.BytesIO object at 0x0000020FB748E680>,0.5867671370506287,0.18165791034698486,0.09287950396537781,281477,17,4,False,Left,Back,Right,Left,52
<_io.BytesIO object at 0x0000020FB746E770>,0.5780865550041199,0.10312202572822571,0.17154468595981598,281477,17,4,False,Left,Back,Right,Left,52
<_io.BytesIO object at 0x0000020FB746EC70>,0.5330312848091125,0.14243009686470032,0.14095249772071838,281477,17,4,False,Left,Back,Right,Left,52
<_io.BytesIO object at 0x0000020FB746E400>,0.7514094710350037,0.12051019817590714,0.18381637334823608,281477,17,4,False,Left,Back,Right,Left,52
<_io.BytesIO object at 0x0000020FB746E5E0>,0.7384576201438904,0.08311069756746292,0.2557529807090759,281477,17,4,False,Left,Back,Right,Left,52
<_io.BytesIO object at 0x0000020FB746EC20>,0.6866157054901123,0.151773601770401,0.24119549989700317,281477,17,4,False,Left,Back,Right,Left,52
<_io.BytesIO object at 0x0000020FB746E2C0>,0.7137515544891357,0.1318478137254715,0.17030252516269684,281477,17,4,False,Left,Back,Right,Left,52
<_io.BytesIO object at 0x0000020FB7486360>,0.7565247416496277,0.08259953558444977,0.18718034029006958,281477,17,4,False,Left,Back,Right,Left,52
<_io.BytesIO object at 0x0000020FB748EB80>,0.5628393888473511,0.14341315627098083,0.16633108258247375,281478,17,4,False,Left,Back,Right,Left,52
<_io.BytesIO object at 0x0000020FB743CE50>,0.6400585174560547,0.130828857421875,0.13768808543682098,281478,17,4,False,Left,Back,Right,Left,52
<_io.BytesIO object at 0x0000020FB743C180>,0.5867671370506287,0.18165791034698486,0.09287950396537781,281478,17,4,False,Left,Back,Right,Left,52
<_io.BytesIO object at 0x0000020FB743C3B0>,0.5780865550041199,0.10312202572822571,0.17154468595981598,281478,17,4,False,Left,Back,Right,Left,52
<_io.BytesIO object at 0x0000020FB743CDB0>,0.5330312848091125,0.14243009686470032,0.14095249772071838,281478,17,4,False,Left,Back,Right,Left,52
<_io.BytesIO object at 0x0000020FB73CD950>,0.7514094710350037,0.12051019817590714,0.18381637334823608,281478,17,4,False,Left,Back,Right,Left,52
<_io.BytesIO object at 0x0000020FB73CD4F0>,0.7384576201438904,0.08311069756746292,0.2557529807090759,281478,17,4,False,Left,Back,Right,Left,52
<_io.BytesIO object at 0x0000020FB73CDA90>,0.6866157054901123,0.151773601770401,0.24119549989700317,281478,17,4,False,Left,Back,Right,Left,52
<_io.BytesIO object at 0x0000020FB73CD450>,0.7137515544891357,0.1318478137254715,0.17030252516269684,281478,17,4,False,Left,Back,Right,Left,52
<_io.BytesIO object at 0x0000020FB73CDEA0>,0.7565247416496277,0.08259953558444977,0.18718034029006958,281478,17,4,False,Left,Back,Right,Left,52
<_io.BytesIO object at 0x0000020FB74114A0>,0.5628393888473511,0.14341315627098083,0.16633108258247375,281479,17,4,False,Left,Back,Right,Left,52
<_io.BytesIO object at 0x0000020FB7411630>,0.6400585174560547,0.130828857421875,0.13768808543682098,281479,17,4,False,Left,Back,Right,Left,52
<_io.BytesIO object at 0x0000020FB7411F40>,0.5867671370506287,0.18165791034698486,0.09287950396537781,281479,17,4,False,Left,Back,Right,Left,52
<_io.BytesIO object at 0x0000020FB7411EF0>,0.5780865550041199,0.10312202572822571,0.17154468595981598,281479,17,4,False,Left,Back,Right,Left,52
<_io.BytesIO object at 0x0000020FB748AE50>,0.5330312848091125,0.14243009686470032,0.14095249772071838,281479,17,4,False,Left,Back,Right,Left,52
<_io.BytesIO object at 0x0000020FB748A860>,0.7514094710350037,0.12051019817590714,0.18381637334823608,281479,17,4,False,Left,Back,Right,Left,52
<_io.BytesIO object at 0x0000020FB748AB30>,0.7384576201438904,0.08311069756746292,0.2557529807090759,281479,17,4,False,Left,Back,Right,Left,52
<_io.BytesIO object at 0x0000020FB748A770>,0.6866157054901123,0.151773601770401,0.24119549989700317,281479,17,4,False,Left,Back,Right,Left,52
<_io.BytesIO object at 0x0000020FB748A680>,0.7137515544891357,0.1318478137254715,0.17030252516269684,281479,17,4,False,Left,Back,Right,Left,52
<_io.BytesIO object at 0x0000020FB748AEA0>,0.7565247416496277,0.08259953558444977,0.18718034029006958,281479,17,4,False,Left,Back,Right,Left,52
<_io.BytesIO object at 0x0000020FB752C860>,0.5628393888473511,0.14341315627098083,0.16633108258247375,281480,17,4,False,Left,Back,Right,Left,52
<_io.BytesIO object at 0x0000020FB752CE00>,0.6400585174560547,0.130828857421875,0.13768808543682098,281480,17,4,False,Left,Back,Right,Left,52
<_io.BytesIO object at 0x0000020FB752C630>,0.5867671370506287,0.18165791034698486,0.09287950396537781,281480,17,4,False,Left,Back,Right,Left,52
<_io.BytesIO object at 0x0000020FAFA851D0>,0.5780865550041199,0.10312202572822571,0.17154468595981598,281480,17,4,False,Left,Back,Right,Left,52
<_io.BytesIO object at 0x0000020FB7533540>,0.5330312848091125,0.14243009686470032,0.14095249772071838,281480,17,4,False,Left,Back,Right,Left,52
<_io.BytesIO object at 0x0000020FB75330E0>,0.7514094710350037,0.12051019817590714,0.18381637334823608,281480,17,4,False,Left,Back,Right,Left,52
<_io.BytesIO object at 0x0000020FB7533310>,0.7384576201438904,0.08311069756746292,0.2557529807090759,281480,17,4,False,Left,Back,Right,Left,52
<_io.BytesIO object at 0x0000020FB7533270>,0.6866157054901123,0.151773601770401,0.24119549989700317,281480,17,4,False,Left,Back,Right,Left,52
<_io.BytesIO object at 0x0000020FB75334A0>,0.7137515544891357,0.1318478137254715,0.17030252516269684,281480,17,4,False,Left,Back,Right,Left,52
<_io.BytesIO object at 0x0000020FB75336D0>,0.7565247416496277,0.08259953558444977,0.18718034029006958,281480,17,4,False,Left,Back,Right,Left,52
<_io.BytesIO object at 0x0000020FB74849A0>,0.5628393888473511,0.14341315627098083,0.16633108258247375,281481,17,4,False,Left,Back,Right,Left,52
<_io.BytesIO object at 0x0000020FB74846D0>,0.6400585174560547,0.130828857421875,0.13768808543682098,281481,17,4,False,Left,Back,Right,Left,52
<_io.BytesIO object at 0x0000020FB7484770>,0.5867671370506287,0.18165791034698486,0.09287950396537781,281481,17,4,False,Left,Back,Right,Left,52
<_io.BytesIO object at 0x0000020FB7484A90>,0.5780865550041199,0.10312202572822571,0.17154468595981598,281481,17,4,False,Left,Back,Right,Left,52
<_io.BytesIO object at 0x0000020FB747F540>,0.5330312848091125,0.14243009686470032,0.14095249772071838,281481,17,4,False,Left,Back,Right,Left,52
<_io.BytesIO object at 0x0000020FB747FC70>,0.7514094710350037,0.12051019817590714,0.18381637334823608,281481,17,4,False,Left,Back,Right,Left,52
<_io.BytesIO object at 0x0000020FB747F9F0>,0.7384576201438904,0.08311069756746292,0.2557529807090759,281481,17,4,False,Left,Back,Right,Left,52
<_io.BytesIO object at 0x0000020FB747F130>,0.6866157054901123,0.151773601770401,0.24119549989700317,281481,17,4,False,Left,Back,Right,Left,52
<_io.BytesIO object at 0x0000020FB747F180>,0.7137515544891357,0.1318478137254715,0.17030252516269684,281481,17,4,False,Left,Back,Right,Left,52
<_io.BytesIO object at 0x0000020FB747FD10>,0.7565247416496277,0.08259953558444977,0.18718034029006958,281481,17,4,False,Left,Back,Right,Left,52
<_io.BytesIO object at 0x0000020FB7481D60>,0.5628393888473511,0.14341315627098083,0.16633108258247375,281482,17,4,False,Left,Back,Right,Left,52
<_io.BytesIO object at 0x0000020FB74815E0>,0.6400585174560547,0.130828857421875,0.13768808543682098,281482,17,4,False,Left,Back,Right,Left,52
<_io.BytesIO object at 0x0000020FB7474950>,0.5867671370506287,0.18165791034698486,0.09287950396537781,281482,17,4,False,Left,Back,Right,Left,52
<_io.BytesIO object at 0x0000020FB7474A40>,0.5780865550041199,0.10312202572822571,0.17154468595981598,281482,17,4,False,Left,Back,Right,Left,52
<_io.BytesIO object at 0x0000020FB74743B0>,0.5330312848091125,0.14243009686470032,0.14095249772071838,281482,17,4,False,Left,Back,Right,Left,52
<_io.BytesIO object at 0x0000020FB7474EA0>,0.7514094710350037,0.12051019817590714,0.18381637334823608,281482,17,4,False,Left,Back,Right,Left,52
<_io.BytesIO object at 0x0000020FB7474270>,0.7384576201438904,0.08311069756746292,0.2557529807090759,281482,17,4,False,Left,Back,Right,Left,52
<_io.BytesIO object at 0x0000020FB7474A90>,0.6866157054901123,0.151773601770401,0.24119549989700317,281482,17,4,False,Left,Back,Right,Left,52
<_io.BytesIO object at 0x0000020FB7474400>,0.7137515544891357,0.1318478137254715,0.17030252516269684,281482,17,4,False,Left,Back,Right,Left,52
<_io.BytesIO object at 0x0000020FB747F450>,0.7565247416496277,0.08259953558444977,0.18718034029006958,281482,17,4,False,Left,Back,Right,Left,52
<_io.BytesIO object at 0x0000020FB73D6270>,0.5628393888473511,0.14341315627098083,0.16633108258247375,281483,17,4,False,Left,Back,Right,Left,52
<_io.BytesIO object at 0x0000020FB75332C0>,0.6400585174560547,0.130828857421875,0.13768808543682098,281483,17,4,False,Left,Back,Right,Left,52
<_io.BytesIO object at 0x0000020FB75334F0>,0.5867671370506287,0.18165791034698486,0.09287950396537781,281483,17,4,False,Left,Back,Right,Left,52
<_io.BytesIO object at 0x0000020FB7533E00>,0.5780865550041199,0.10312202572822571,0.17154468595981598,281483,17,4,False,Left,Back,Right,Left,52
<_io.BytesIO object at 0x0000020FB7533310>,0.5330312848091125,0.14243009686470032,0.14095249772071838,281483,17,4,False,Left,Back,Right,Left,52
<_io.BytesIO object at 0x0000020FB7533D10>,0.7514094710350037,0.12051019817590714,0.18381637334823608,281483,17,4,False,Left,Back,Right,Left,52
<_io.BytesIO object at 0x0000020FB7533F90>,0.7384576201438904,0.08311069756746292,0.2557529807090759,281483,17,4,False,Left,Back,Right,Left,52
<_io.BytesIO object at 0x0000020FB752C2C0>,0.6866157054901123,0.151773601770401,0.24119549989700317,281483,17,4,False,Left,Back,Right,Left,52
<_io.BytesIO object at 0x0000020FB752C630>,0.7137515544891357,0.1318478137254715,0.17030252516269684,281483,17,4,False,Left,Back,Right,Left,52
<_io.BytesIO object at 0x0000020FB752C450>,0.7565247416496277,0.08259953558444977,0.18718034029006958,281483,17,4,False,Left,Back,Right,Left,52
<_io.BytesIO object at 0x0000020FB749AF90>,0.5628393888473511,0.14341315627098083,0.16633108258247375,281484,17,4,False,Left,Back,Right,Left,52
<_io.BytesIO object at 0x0000020FB748A630>,0.6400585174560547,0.130828857421875,0.13768808543682098,281484,17,4,False,Left,Back,Right,Left,52
<_io.BytesIO object at 0x0000020FB748A8B0>,0.5867671370506287,0.18165791034698486,0.09287950396537781,281484,17,4,False,Left,Back,Right,Left,52
<_io.BytesIO object at 0x0000020FB748A770>,0.5780865550041199,0.10312202572822571,0.17154468595981598,281484,17,4,False,Left,Back,Right,Left,52
<_io.BytesIO object at 0x0000020FB748A220>,0.5330312848091125,0.14243009686470032,0.14095249772071838,281484,17,4,False,Left,Back,Right,Left,52
<_io.BytesIO object at 0x0000020FB748AD60>,0.7514094710350037,0.12051019817590714,0.18381637334823608,281484,17,4,False,Left,Back,Right,Left,52
<_io.BytesIO object at 0x0000020FB7411810>,0.7384576201438904,0.08311069756746292,0.2557529807090759,281484,17,4,False,Left,Back,Right,Left,52
<_io.BytesIO object at 0x0000020FB7411EF0>,0.6866157054901123,0.151773601770401,0.24119549989700317,281484,17,4,False,Left,Back,Right,Left,52
<_io.BytesIO object at 0x0000020FB74114F0>,0.7137515544891357,0.1318478137254715,0.17030252516269684,281484,17,4,False,Left,Back,Right,Left,52
<_io.BytesIO object at 0x0000020FB7411860>,0.7565247416496277,0.08259953558444977,0.18718034029006958,281484,17,4,False,Left,Back,Right,Left,52
<_io.BytesIO object at 0x0000020FB749E540>,0.5628393888473511,0.14341315627098083,0.16633108258247375,281485,17,4,False,Left,Back,Right,Left,52
<_io.BytesIO object at 0x0000020FB73CDAE0>,0.6400585174560547,0.130828857421875,0.13768808543682098,281485,17,4,False,Left,Back,Right,Left,52
<_io.BytesIO object at 0x0000020FB73CDE00>,0.5867671370506287,0.18165791034698486,0.09287950396537781,281485,17,4,False,Left,Back,Right,Left,52
<_io.BytesIO object at 0x0000020FB73CD220>,0.5780865550041199,0.10312202572822571,0.17154468595981598,281485,17,4,False,Left,Back,Right,Left,52
<_io.BytesIO object at 0x0000020FB73CDA40>,0.5330312848091125,0.14243009686470032,0.14095249772071838,281485,17,4,False,Left,Back,Right,Left,52
<_io.BytesIO object at 0x0000020FB466C860>,0.7514094710350037,0.12051019817590714,0.18381637334823608,281485,17,4,False,Left,Back,Right,Left,52
<_io.BytesIO object at 0x0000020FB743C900>,0.7384576201438904,0.08311069756746292,0.2557529807090759,281485,17,4,False,Left,Back,Right,Left,52
<_io.BytesIO object at 0x0000020FB743C3B0>,0.6866157054901123,0.151773601770401,0.24119549989700317,281485,17,4,False,Left,Back,Right,Left,52
<_io.BytesIO object at 0x0000020FB743C540>,0.7137515544891357,0.1318478137254715,0.17030252516269684,281485,17,4,False,Left,Back,Right,Left,52
<_io.BytesIO object at 0x0000020FB743CAE0>,0.7565247416496277,0.08259953558444977,0.18718034029006958,281485,17,4,False,Left,Back,Right,Left,52
<_io.BytesIO object at 0x0000020FB7484AE0>,0.5628393888473511,0.14341315627098083,0.16633108258247375,281486,17,4,False,Left,Back,Right,Left,52
<_io.BytesIO object at 0x0000020FB748E040>,0.6400585174560547,0.130828857421875,0.13768808543682098,281486,17,4,False,Left,Back,Right,Left,52
<_io.BytesIO object at 0x0000020FB748E1D0>,0.5867671370506287,0.18165791034698486,0.09287950396537781,281486,17,4,False,Left,Back,Right,Left,52
<_io.BytesIO object at 0x0000020FB748EF40>,0.5780865550041199,0.10312202572822571,0.17154468595981598,281486,17,4,False,Left,Back,Right,Left,52
<_io.BytesIO object at 0x0000020FB746E6D0>,0.5330312848091125,0.14243009686470032,0.14095249772071838,281486,17,4,False,Left,Back,Right,Left,52
<_io.BytesIO object at 0x0000020FB746EC70>,0.7514094710350037,0.12051019817590714,0.18381637334823608,281486,17,4,False,Left,Back,Right,Left,52
<_io.BytesIO object at 0x0000020FB746E450>,0.7384576201438904,0.08311069756746292,0.2557529807090759,281486,17,4,False,Left,Back,Right,Left,52
<_io.BytesIO object at 0x0000020FB746EBD0>,0.6866157054901123,0.151773601770401,0.24119549989700317,281486,17,4,False,Left,Back,Right,Left,52
<_io.BytesIO object at 0x0000020FB746E8B0>,0.7137515544891357,0.1318478137254715,0.17030252516269684,281486,17,4,False,Left,Back,Right,Left,52
<_io.BytesIO object at 0x0000020FB746EB80>,0.7565247416496277,0.08259953558444977,0.18718034029006958,281486,17,4,False,Left,Back,Right,Left,52
<_io.BytesIO object at 0x0000020FB74819A0>,0.5628393888473511,0.14341315627098083,0.16633108258247375,281487,17,4,False,Left,Back,Right,Left,52
<_io.BytesIO object at 0x0000020FB7481450>,0.6400585174560547,0.130828857421875,0.13768808543682098,281487,17,4,False,Left,Back,Right,Left,52
<_io.BytesIO object at 0x0000020FB7481860>,0.5867671370506287,0.18165791034698486,0.09287950396537781,281487,17,4,False,Left,Back,Right,Left,52
<_io.BytesIO object at 0x0000020FB74810E0>,0.5780865550041199,0.10312202572822571,0.17154468595981598,281487,17,4,False,Left,Back,Right,Left,52
<_io.BytesIO object at 0x0000020FB7481D10>,0.5330312848091125,0.14243009686470032,0.14095249772071838,281487,17,4,False,Left,Back,Right,Left,52
<_io.BytesIO object at 0x0000020FB7481810>,0.7514094710350037,0.12051019817590714,0.18381637334823608,281487,17,4,False,Left,Back,Right,Left,52
<_io.BytesIO object at 0x0000020FB746E590>,0.7384576201438904,0.08311069756746292,0.2557529807090759,281487,17,4,False,Left,Back,Right,Left,52
<_io.BytesIO object at 0x0000020FB746EDB0>,0.6866157054901123,0.151773601770401,0.24119549989700317,281487,17,4,False,Left,Back,Right,Left,52
<_io.BytesIO object at 0x0000020FB746EB80>,0.7137515544891357,0.1318478137254715,0.17030252516269684,281487,17,4,False,Left,Back,Right,Left,52
<_io.BytesIO object at 0x0000020FB746E720>,0.7565247416496277,0.08259953558444977,0.18718034029006958,281487,17,4,False,Left,Back,Right,Left,52
<_io.BytesIO object at 0x0000020FB7484B30>,0.5628393888473511,0.14341315627098083,0.16633108258247375,281488,17,4,False,Left,Back,Right,Left,52
<_io.BytesIO object at 0x0000020FB7484810>,0.6400585174560547,0.130828857421875,0.13768808543682098,281488,17,4,False,Left,Back,Right,Left,52
<_io.BytesIO object at 0x0000020FB74843B0>,0.5867671370506287,0.18165791034698486,0.09287950396537781,281488,17,4,False,Left,Back,Right,Left,52
<_io.BytesIO object at 0x0000020FB7484860>,0.5780865550041199,0.10312202572822571,0.17154468595981598,281488,17,4,False,Left,Back,Right,Left,52
<_io.BytesIO object at 0x0000020FB743CEF0>,0.5330312848091125,0.14243009686470032,0.14095249772071838,281488,17,4,False,Left,Back,Right,Left,52
<_io.BytesIO object at 0x0000020FB743C7C0>,0.7514094710350037,0.12051019817590714,0.18381637334823608,281488,17,4,False,Left,Back,Right,Left,52
<_io.BytesIO object at 0x0000020FB743CB30>,0.7384576201438904,0.08311069756746292,0.2557529807090759,281488,17,4,False,Left,Back,Right,Left,52
<_io.BytesIO object at 0x0000020FB743CAE0>,0.6866157054901123,0.151773601770401,0.24119549989700317,281488,17,4,False,Left,Back,Right,Left,52
<_io.BytesIO object at 0x0000020FB743C6D0>,0.7137515544891357,0.1318478137254715,0.17030252516269684,281488,17,4,False,Left,Back,Right,Left,52
<_io.BytesIO object at 0x0000020FB743C810>,0.7565247416496277,0.08259953558444977,0.18718034029006958,281488,17,4,False,Left,Back,Right,Left,52
<_io.BytesIO object at 0x0000020FB749EC20>,0.5628393888473511,0.14341315627098083,0.16633108258247375,281489,17,4,False,Left,Back,Right,Left,52
<_io.BytesIO object at 0x0000020FB749EA90>,0.6400585174560547,0.130828857421875,0.13768808543682098,281489,17,4,False,Left,Back,Right,Left,52
<_io.BytesIO object at 0x0000020FB749E450>,0.5867671370506287,0.18165791034698486,0.09287950396537781,281489,17,4,False,Left,Back,Right,Left,52
<_io.BytesIO object at 0x0000020FB74110E0>,0.5780865550041199,0.10312202572822571,0.17154468595981598,281489,17,4,False,Left,Back,Right,Left,52
<_io.BytesIO object at 0x0000020FB7411A90>,0.5330312848091125,0.14243009686470032,0.14095249772071838,281489,17,4,False,Left,Back,Right,Left,52
<_io.BytesIO object at 0x0000020FB7411B30>,0.7514094710350037,0.12051019817590714,0.18381637334823608,281489,17,4,False,Left,Back,Right,Left,52
<_io.BytesIO object at 0x0000020FB7411900>,0.7384576201438904,0.08311069756746292,0.2557529807090759,281489,17,4,False,Left,Back,Right,Left,52
<_io.BytesIO object at 0x0000020FB7411630>,0.6866157054901123,0.151773601770401,0.24119549989700317,281489,17,4,False,Left,Back,Right,Left,52
<_io.BytesIO object at 0x0000020FB7411270>,0.7137515544891357,0.1318478137254715,0.17030252516269684,281489,17,4,False,Left,Back,Right,Left,52
<_io.BytesIO object at 0x0000020FB7411810>,0.7565247416496277,0.08259953558444977,0.18718034029006958,281489,17,4,False,Left,Back,Right,Left,52
<_io.BytesIO object at 0x0000020FB749A040>,0.5628393888473511,0.14341315627098083,0.16633108258247375,281490,17,4,False,Left,Back,Right,Left,52
<_io.BytesIO object at 0x0000020FB749A360>,0.6400585174560547,0.130828857421875,0.13768808543682098,281490,17,4,False,Left,Back,Right,Left,52
<_io.BytesIO object at 0x0000020FAFA85180>,0.5867671370506287,0.18165791034698486,0.09287950396537781,281490,17,4,False,Left,Back,Right,Left,52
<_io.BytesIO object at 0x0000020FB7533360>,0.5780865550041199,0.10312202572822571,0.17154468595981598,281490,17,4,False,Left,Back,Right,Left,52
<_io.BytesIO object at 0x0000020FB7533900>,0.5330312848091125,0.14243009686470032,0.14095249772071838,281490,17,4,False,Left,Back,Right,Left,52
<_io.BytesIO object at 0x0000020FB7533590>,0.7514094710350037,0.12051019817590714,0.18381637334823608,281490,17,4,False,Left,Back,Right,Left,52
<_io.BytesIO object at 0x0000020FB7533BD0>,0.7384576201438904,0.08311069756746292,0.2557529807090759,281490,17,4,False,Left,Back,Right,Left,52
<_io.BytesIO object at 0x0000020FB75334F0>,0.6866157054901123,0.151773601770401,0.24119549989700317,281490,17,4,False,Left,Back,Right,Left,52
<_io.BytesIO object at 0x0000020FB7533B30>,0.7137515544891357,0.1318478137254715,0.17030252516269684,281490,17,4,False,Left,Back,Right,Left,52
<_io.BytesIO object at 0x0000020FB7533450>,0.7565247416496277,0.08259953558444977,0.18718034029006958,281490,17,4,False,Left,Back,Right,Left,52
<_io.BytesIO object at 0x0000020FB752C950>,0.5628393888473511,0.14341315627098083,0.16633108258247375,281491,17,4,False,Left,Back,Right,Left,52
<_io.BytesIO object at 0x0000020FB752C630>,0.6400585174560547,0.130828857421875,0.13768808543682098,281491,17,4,False,Left,Back,Right,Left,52
<_io.BytesIO object at 0x0000020FB747FBD0>,0.5867671370506287,0.18165791034698486,0.09287950396537781,281491,17,4,False,Left,Back,Right,Left,52
<_io.BytesIO object at 0x0000020FB747FF40>,0.5780865550041199,0.10312202572822571,0.17154468595981598,281491,17,4,False,Left,Back,Right,Left,52
<_io.BytesIO object at 0x0000020FB747F680>,0.5330312848091125,0.14243009686470032,0.14095249772071838,281491,17,4,False,Left,Back,Right,Left,52
<_io.BytesIO object at 0x0000020FB747F360>,0.7514094710350037,0.12051019817590714,0.18381637334823608,281491,17,4,False,Left,Back,Right,Left,52
<_io.BytesIO object at 0x0000020FB747F180>,0.7384576201438904,0.08311069756746292,0.2557529807090759,281491,17,4,False,Left,Back,Right,Left,52
<_io.BytesIO object at 0x0000020FB747FA90>,0.6866157054901123,0.151773601770401,0.24119549989700317,281491,17,4,False,Left,Back,Right,Left,52
<_io.BytesIO object at 0x0000020FB747FB80>,0.7137515544891357,0.1318478137254715,0.17030252516269684,281491,17,4,False,Left,Back,Right,Left,52
<_io.BytesIO object at 0x0000020FB7474C20>,0.7565247416496277,0.08259953558444977,0.18718034029006958,281491,17,4,False,Left,Back,Right,Left,52
<_io.BytesIO object at 0x0000020FB74979A0>,0.5628393888473511,0.14341315627098083,0.16633108258247375,281492,17,4,False,Left,Back,Right,Left,52
<_io.BytesIO object at 0x0000020FB7497B30>,0.6400585174560547,0.130828857421875,0.13768808543682098,281492,17,4,False,Left,Back,Right,Left,52
<_io.BytesIO object at 0x0000020FB7474F90>,0.5867671370506287,0.18165791034698486,0.09287950396537781,281492,17,4,False,Left,Back,Right,Left,52
<_io.BytesIO object at 0x0000020FB7474A40>,0.5780865550041199,0.10312202572822571,0.17154468595981598,281492,17,4,False,Left,Back,Right,Left,52
<_io.BytesIO object at 0x0000020FB7474630>,0.5330312848091125,0.14243009686470032,0.14095249772071838,281492,17,4,False,Left,Back,Right,Left,52
<_io.BytesIO object at 0x0000020FB74747C0>,0.7514094710350037,0.12051019817590714,0.18381637334823608,281492,17,4,False,Left,Back,Right,Left,52
<_io.BytesIO object at 0x0000020FB7474680>,0.7384576201438904,0.08311069756746292,0.2557529807090759,281492,17,4,False,Left,Back,Right,Left,52
<_io.BytesIO object at 0x0000020FB7474400>,0.6866157054901123,0.151773601770401,0.24119549989700317,281492,17,4,False,Left,Back,Right,Left,52
<_io.BytesIO object at 0x0000020FB7474720>,0.7137515544891357,0.1318478137254715,0.17030252516269684,281492,17,4,False,Left,Back,Right,Left,52
<_io.BytesIO object at 0x0000020FB747FA90>,0.7565247416496277,0.08259953558444977,0.18718034029006958,281492,17,4,False,Left,Back,Right,Left,52
