_io,asset_ID,pos_x,pos_y,pos_z,rot_w,rot_x,rot_y,rot_z,error,tracking_valid,frame,trial_num,block_num,practicing,left_right_hand,palm_back_hand,target_loc,distractor_loc,participant_id
<_io.BytesIO object at 0x000001B189864F40>,1063179006,0.03908597305417061,-0.05470246821641922,0.9178485870361328,0.005031951237469912,-0.010607312433421612,0.8319950103759766,0.029564736410975456,-0.05914676561951637,9797,248885,22,2,False,Right,Back,Right,Centre,56
<_io.BytesIO object at 0x000001B189864040>,1592737637,-965658752.0,1.241605776525212e-12,-2.9281850372111228e-21,8.839525723262735e-15,-10703.1025390625,-61247.01953125,1.7503171823411478e-37,-7.412908098153234e+20,16131,248885,22,2,False,Right,Back,Right,Centre,56
<_io.BytesIO object at 0x000001B189864AE0>,1037654122,-0.08013039827346802,0.5971475839614868,0.09036023914813995,-0.07741530239582062,0.48630306124687195,0.0814298540353775,-0.05454882234334946,0.5399311780929565,-26543,248885,22,2,False,Right,Back,Right,Centre,56
<_io.BytesIO object at 0x000001B189864E00>,2956344714,2.5100058092986123e-40,6.979497708007332e-39,9.183549615799121e-41,340848604610560.0,76367880192.0,-9.210502867063042e-07,-5.129510263870418e+23,-2.43583738251224e-22,15888,248885,22,2,False,Right,Back,Right,Centre,56
<_io.BytesIO object at 0x000001B189864630>,1058242174,0.8047011494636536,0.0,1.8367099231598242e-40,5.361788965174065e-31,-3.855362838958758e-16,2.5363747703200903e-24,363443159040.0,1.1347946311893818e+38,16199,248885,22,2,False,Right,Back,Right,Centre,56
<_io.BytesIO object at 0x000001B189864810>,3187001016,-0.5056264996528625,0.0,0.0,0.0,0.0,0.0,9.183549615799121e-40,2.424457098570968e-38,0,248885,22,2,False,Right,Back,Right,Centre,56
<_io.BytesIO object at 0x000001B189864040>,947,0.870406985282898,0.03908597305417061,-0.05470246821641922,0.010311241261661053,116548383539200.0,1.2649765623912302e-36,-1.298074214633707e+34,-2.679347355459806e+21,15268,248885,22,2,False,Right,Back,Right,Centre,56
<_io.BytesIO object at 0x000001B1898644A0>,3157117515,0.009427696466445923,-1.1537104280552219e-29,1.718856641728979e-36,-2.6584559915698317e+37,5.566031191506227e-09,450.47613525390625,4.64365869287653e+37,1.6746203284929083e-39,12606,248885,22,2,False,Right,Back,Right,Centre,56
<_io.BytesIO object at 0x000001B189864310>,68434338,6.83481049534862e-16,8.619804474635977e+18,-965658752.0,83612532736.0,1.6745726843451213e-39,0.00016512387082912028,1.5498361015432477e-42,0.8366039991378784,-25251,248885,22,2,False,Right,Back,Right,Centre,56
<_io.BytesIO object at 0x000001B189864220>,673135902,2.236547903885782e-20,1.674597907717479e-39,0.000419498304836452,1.778247751228193e-42,0.5225548148155212,0.08192335814237595,-0.11328588426113129,0.009258524514734745,18,248885,22,2,False,Right,Back,Right,Centre,56
<_io.BytesIO object at 0x000001B189864220>,1063179270,0.03914523124694824,-0.05459437519311905,0.9178444147109985,0.005108218640089035,-0.010543021373450756,0.8319734334945679,0.02956014685332775,-0.059072915464639664,9620,248886,22,2,False,Right,Back,Right,Centre,56
<_io.BytesIO object at 0x000001B189864810>,4100210533,-676251712.0,1.234500349167611e-12,-8.364756659359382e-23,8.047188583087008e-26,-1.5365103111385668e+22,2.1514798623223363e-11,7.185683825245377e-33,-2.542824316817701e+33,16131,248886,22,2,False,Right,Back,Right,Centre,56
<_io.BytesIO object at 0x000001B189864310>,1037516058,-0.08019223809242249,0.5975161790847778,0.08845866471529007,-0.07697286456823349,0.48653480410575867,0.08034420758485794,-0.0550474189221859,0.5396578907966614,18219,248886,22,2,False,Right,Back,Right,Centre,56
<_io.BytesIO object at 0x000001B189864E00>,4002102663,2.510201991083618e-40,6.979497708007332e-39,9.183549615799121e-41,340848604610560.0,76367880192.0,-9.210502867063042e-07,-5.129510263870418e+23,-2.43583738251224e-22,15888,248886,22,2,False,Right,Back,Right,Centre,56
<_io.BytesIO object at 0x000001B189864590>,1058242174,0.8047011494636536,0.0,1.8367099231598242e-40,5.361788965174065e-31,-3.855362838958758e-16,2.5363747703200903e-24,363443159040.0,1.1347946311893818e+38,16199,248886,22,2,False,Right,Back,Right,Centre,56
<_io.BytesIO object at 0x000001B189864040>,3187001016,-0.5056264996528625,0.0,0.0,0.0,0.0,0.0,9.183549615799121e-40,2.424457098570968e-38,0,248886,22,2,False,Right,Back,Right,Centre,56
<_io.BytesIO object at 0x000001B189864CC0>,947,0.8704227209091187,0.03914523124694824,-0.05459437519311905,0.010307151824235916,-7.6677366654329845e-28,1.2649797012997903e-36,-8.843130587192128e+33,1.994533092346592e+21,15271,248886,22,2,False,Right,Back,Right,Centre,56
<_io.BytesIO object at 0x000001B189864310>,3157048483,0.00942797027528286,4.0982818456600576e+17,1.718845521024366e-36,-3.7799921130133545e+36,8.840005143910881e-15,-1.2232223249008213e+33,1.974898278814865e+33,1.6746203284929083e-39,-20402,248886,22,2,False,Right,Back,Right,Centre,56
<_io.BytesIO object at 0x000001B189864810>,68434337,2.5673907444456745e-16,-7.233456284151518e+31,-676251712.0,48248717312.0,1.6745726843451213e-39,0.00017868455324787647,1.5498361015432477e-42,0.8366039395332336,-25910,248886,22,2,False,Right,Back,Right,Centre,56
<_io.BytesIO object at 0x000001B189864220>,365378846,7.582849493598134e-21,1.674597907717479e-39,0.00042065040906891227,1.778247751228193e-42,0.523015022277832,0.08114192634820938,-0.11378876119852066,0.009260941296815872,18,248886,22,2,False,Right,Back,Right,Centre,56
<_io.BytesIO object at 0x000001B1898332C0>,1063178620,0.038882721215486526,-0.05498805642127991,0.9178451299667358,0.005020208191126585,-0.010619224049150944,0.8319398164749146,0.029544878751039505,-0.058996982872486115,9509,248887,22,2,False,Right,Back,Right,Centre,56
<_io.BytesIO object at 0x000001B189833C70>,3458809701,-1187394879488.0,1.675036845338873e-12,-1.2941993438711486e-29,3.964934523673231e-20,-1.1317720358251779e+26,-1.883105933283655e-35,nan,7.760097765552234e-29,16132,248887,22,2,False,Right,Back,Right,Centre,56
<_io.BytesIO object at 0x000001B1898640E0>,1037372322,-0.08040884137153625,0.5980011820793152,0.0864289402961731,-0.07654961198568344,0.48673051595687866,0.07902182638645172,-0.05549083650112152,0.5395282506942749,-1507,248887,22,2,False,Right,Back,Right,Centre,56
<_io.BytesIO object at 0x000001B1898644A0>,4103159171,2.5104682377918395e-40,6.979497708007332e-39,9.183549615799121e-41,340848604610560.0,76367880192.0,-9.210502867063042e-07,-5.129510263870418e+23,-2.43583738251224e-22,15888,248887,22,2,False,Right,Back,Right,Centre,56
<_io.BytesIO object at 0x000001B189864810>,1058242174,0.8047011494636536,0.0,1.8367099231598242e-40,5.361788965174065e-31,-3.855362838958758e-16,2.5363747703200903e-24,363443159040.0,1.1347946311893818e+38,16199,248887,22,2,False,Right,Back,Right,Centre,56
<_io.BytesIO object at 0x000001B189864900>,3187001016,-0.5056264996528625,0.0,0.0,0.0,0.0,0.0,9.183549615799121e-40,2.424457098570968e-38,0,248887,22,2,False,Right,Back,Right,Centre,56
<_io.BytesIO object at 0x000001B189864AE0>,947,0.8703839778900146,0.038882721215486526,-0.05498805642127991,0.010308071970939636,2.6969566263704488e-18,1.2649670559824482e-36,-9.329908417679768e+33,-1.3155224629862592e-38,15268,248887,22,2,False,Right,Back,Right,Centre,56
<_io.BytesIO object at 0x000001B189864F40>,3157130305,0.009428156539797783,8.221842096034493e-10,1.718855386165555e-36,-1.687496479023819e+35,4.641713114000353e-34,-1.4588196458259007e-15,7.494953437854916e+27,1.6746203284929083e-39,16680,248887,22,2,False,Right,Back,Right,Centre,56
<_io.BytesIO object at 0x000001B189864450>,68434343,1.4311468676808659e-16,-709876032.0,-1187394879488.0,27345584128.0,1.6745726843451213e-39,0.0001698893029242754,1.5498361015432477e-42,0.8366076350212097,-28797,248887,22,2,False,Right,Back,Right,Centre,56
<_io.BytesIO object at 0x000001B189864810>,523975966,2.68980576145044e-21,1.674597907717479e-39,0.0004141241079196334,1.778247751228193e-42,0.523112952709198,0.08033329248428345,-0.11450113356113434,0.0092632956802845,18,248887,22,2,False,Right,Back,Right,Centre,56
<_io.BytesIO object at 0x000001B189833540>,1063178735,0.038884036242961884,-0.05497434362769127,0.9178407788276672,0.005008358042687178,-0.010615403763949871,0.8319447040557861,0.029595840722322464,-0.05887819826602936,9316,248888,22,2,False,Right,Back,Right,Centre,56
<_io.BytesIO object at 0x000001B1898B7680>,371933029,-1153035141120.0,2.511633262480828e-12,nan,162036.46875,-4.511439917876936e+27,-2371.938720703125,-9.691836363404788e-14,1.297528013174563e-14,16132,248888,22,2,False,Right,Back,Right,Centre,56
<_io.BytesIO object at 0x000001B1898B74A0>,1037248184,-0.08061812072992325,0.5984912514686584,0.08450835943222046,-0.07630787044763565,0.4870262145996094,0.07795719802379608,-0.055918626487255096,0.5396285653114319,25868,248888,22,2,False,Right,Back,Right,Centre,56
<_io.BytesIO object at 0x000001B1898B7DB0>,1692614017,2.5107484974847045e-40,6.979497708007332e-39,9.183549615799121e-41,340848604610560.0,76367880192.0,-9.210502867063042e-07,-5.129510263870418e+23,-2.43583738251224e-22,15888,248888,22,2,False,Right,Back,Right,Centre,56
<_io.BytesIO object at 0x000001B1898B7720>,1058242174,0.8047011494636536,0.0,1.8367099231598242e-40,5.361788965174065e-31,-3.855362838958758e-16,2.5363747703200903e-24,363443159040.0,1.1347946311893818e+38,16199,248888,22,2,False,Right,Back,Right,Centre,56
<_io.BytesIO object at 0x000001B1898B7040>,3187001016,-0.5056264996528625,0.0,0.0,0.0,0.0,0.0,9.183549615799121e-40,2.424457098570968e-38,0,248888,22,2,False,Right,Back,Right,Centre,56
<_io.BytesIO object at 0x000001B1898B7B30>,947,0.8703908324241638,0.038884036242961884,-0.05497434362769127,0.010309136472642422,-1.6130050343776628e-23,1.2649676837641602e-36,-6.368676615546625e+33,2.2135050269331416e-21,15268,248888,22,2,False,Right,Back,Right,Centre,56
<_io.BytesIO object at 0x000001B1898B7220>,3157126203,0.009428342804312706,-0.2080080807209015,1.7188564623627756e-36,-2.7519173350234586e+35,9.913319866976838e+30,1.7429441678991353e-13,1.0937766630864506e+20,1.6746203284929083e-39,-13586,248888,22,2,False,Right,Back,Right,Centre,56
<_io.BytesIO object at 0x000001B1898B7590>,68434392,4.9439619065339e-17,1.383327378170518e-25,-1153035141120.0,15484731392.0,1.6745726843451213e-39,0.00016329780919477344,1.5498361015432477e-42,0.8366117477416992,32747,248888,22,2,False,Right,Back,Right,Centre,56
<_io.BytesIO object at 0x000001B1898B7D60>,1209941278,9.081515172972214e-22,1.674597907717479e-39,0.0004192219639662653,1.778247751228193e-42,0.5231538414955139,0.079477459192276,-0.11507005989551544,0.009265107102692127,18,248888,22,2,False,Right,Back,Right,Centre,56
<_io.BytesIO object at 0x000001B189833860>,1063178605,0.038876909762620926,-0.054973751306533813,0.9178522825241089,0.00501556321978569,-0.0106147900223732,0.8319394588470459,0.029594434425234795,-0.058820512145757675,9349,248889,22,2,False,Right,Back,Right,Centre,56
<_io.BytesIO object at 0x000001B189833040>,2357018469,-117037304.0,6.8422559285075124e-12,7.387825300028594e+21,-4.8853174649597975e-37,1.2062721488348416e-08,-1.2483422898568701e-28,-215.24075317382812,7069429.0,16132,248889,22,2,False,Right,Back,Right,Centre,56
<_io.BytesIO object at 0x000001B1898B7720>,1037155068,-0.0808580294251442,0.5986888408660889,0.08300280570983887,-0.07665228843688965,0.48735249042510986,0.07731007039546967,-0.05624768137931824,0.5398426055908203,19015,248889,22,2,False,Right,Back,Right,Centre,56
<_io.BytesIO object at 0x000001B1898B7DB0>,1826831743,2.51094467926971e-40,6.979497708007332e-39,9.183549615799121e-41,340848604610560.0,76367880192.0,-9.210502867063042e-07,-5.129510263870418e+23,-2.43583738251224e-22,15888,248889,22,2,False,Right,Back,Right,Centre,56
<_io.BytesIO object at 0x000001B1898B7680>,1058242174,0.8047011494636536,0.0,1.8367099231598242e-40,5.361788965174065e-31,-3.855362838958758e-16,2.5363747703200903e-24,363443159040.0,1.1347946311893818e+38,16199,248889,22,2,False,Right,Back,Right,Centre,56
<_io.BytesIO object at 0x000001B1898B74A0>,3187001016,-0.5056264996528625,0.0,0.0,0.0,0.0,0.0,9.183549615799121e-40,2.424457098570968e-38,0,248889,22,2,False,Right,Back,Right,Centre,56
<_io.BytesIO object at 0x000001B1898B7180>,947,0.870383083820343,0.038876909762620926,-0.054973751306533813,0.010310197249054909,-1.2169459689016444e+33,1.2649675940810585e-36,-1.8010779728042683e+34,5356740119887872.0,15268,248889,22,2,False,Right,Back,Right,Centre,56
<_io.BytesIO object at 0x000001B1898B71D0>,3157125544,0.009428528137505054,7.875828293467635e-37,1.7188571798275893e-36,-1.6355735104384707e+35,1.6742814132520747e+29,-7.707649414539175e+27,240899840.0,1.6746203284929083e-39,-14040,248889,22,2,False,Right,Back,Right,Centre,56
<_io.BytesIO object at 0x000001B1898B7B30>,68434433,5.767955557622884e-17,-1.9509488135018322e-31,-117037304.0,5158674432.0,1.6745726843451213e-39,0.00016741796571295708,1.5498361015432477e-42,0.8366231918334961,25544,248889,22,2,False,Right,Back,Right,Centre,56
<_io.BytesIO object at 0x000001B1898B7EA0>,2200321310,3.296082752808808e-22,1.674597907717479e-39,0.00040907200309447944,1.778247751228193e-42,0.5242051482200623,0.07937835156917572,-0.11463039368391037,0.009266560897231102,18,248889,22,2,False,Right,Back,Right,Centre,56
<_io.BytesIO object at 0x000001B189833720>,1063178581,0.038879409432411194,-0.05497605726122856,0.917858362197876,0.005002995952963829,-0.01061030849814415,0.8318973779678345,0.029389819130301476,-0.05914534628391266,9341,248890,22,2,False,Right,Back,Right,Centre,56
<_io.BytesIO object at 0x000001B189833B80>,2978037605,-215200240.0,1.3400294762710985e-11,1.9961462012555922e+29,-4.49937833612086e-27,1.4278046522875343e-09,-1.7944375689578618e-37,2.1968703795309335e+35,1.968519878686435e+20,16132,248890,22,2,False,Right,Back,Right,Centre,56
<_io.BytesIO object at 0x000001B1898B7860>,1037129217,-0.08103468269109726,0.598710298538208,0.08232583850622177,-0.07741141319274902,0.4877678155899048,0.07709071785211563,-0.05641203746199608,0.5401332974433899,-12210,248890,22,2,False,Right,Back,Right,Centre,56
<_io.BytesIO object at 0x000001B1898B7AE0>,410533245,2.511126848070072e-40,6.979497708007332e-39,9.183549615799121e-41,340848604610560.0,76367880192.0,-9.210502867063042e-07,-5.129510263870418e+23,-2.43583738251224e-22,15888,248890,22,2,False,Right,Back,Right,Centre,56
<_io.BytesIO object at 0x000001B1898B7DB0>,1058242174,0.8047011494636536,0.0,1.8367099231598242e-40,5.361788965174065e-31,-3.855362838958758e-16,2.5363747703200903e-24,363443159040.0,1.1347946311893818e+38,16199,248890,22,2,False,Right,Back,Right,Centre,56
<_io.BytesIO object at 0x000001B1898B7400>,3187001016,-0.5056264996528625,0.0,0.0,0.0,0.0,0.0,9.183549615799121e-40,2.424457098570968e-38,0,248890,22,2,False,Right,Back,Right,Centre,56
<_io.BytesIO object at 0x000001B1898B7A40>,947,0.8703816533088684,0.038879409432411194,-0.05497605726122856,0.010311108082532883,2129924.5,1.2649680424965671e-36,-3.180281825852582e+34,-2.1323233834701703e+29,15267,248890,22,2,False,Right,Back,Right,Centre,56
<_io.BytesIO object at 0x000001B1898B71D0>,3157120732,0.009428713470697403,-2.2244261644220643e+27,1.718856282996572e-36,-3.7725281862792107e+33,-117.62368774414062,57.05950927734375,36705869824.0,1.6746203284929083e-39,-9535,248890,22,2,False,Right,Back,Right,Centre,56
<_io.BytesIO object at 0x000001B1898B7180>,68434329,5.4860629927766524e-17,-3.7616012527053044e-09,-215200240.0,1717487616.0,1.6745726843451213e-39,0.0001665783056523651,1.5498361015432477e-42,0.8366305232048035,28705,248890,22,2,False,Right,Back,Right,Centre,56
<_io.BytesIO object at 0x000001B1898B7EF0>,2477931806,1.1021021721194057e-22,1.674597907717479e-39,0.00041461369255557656,1.778247751228193e-42,0.524181604385376,0.07886210083961487,-0.1154673770070076,0.009268943220376968,18,248890,22,2,False,Right,Back,Right,Centre,56
<_io.BytesIO object at 0x000001B1898337C0>,1063178738,0.03886936977505684,-0.054966289550065994,0.9178560972213745,0.005002796649932861,-0.010607442818582058,0.8318836688995361,0.029386650770902634,-0.05914485454559326,9191,248891,22,2,False,Right,Back,Right,Centre,56
<_io.BytesIO object at 0x000001B189833090>,3686245,-25800800256.0,4.155037425235264e-11,1.2441168946449738e+30,-3.883455294632197e-19,1.0820923534993199e-06,9.267464078646584e+23,94690347057152.0,3.2554018496841566e+36,16132,248891,22,2,False,Right,Back,Right,Centre,56
<_io.BytesIO object at 0x000001B1898B7F40>,1037160155,-0.08126939833164215,0.5989167094230652,0.08209968358278275,-0.07806548476219177,0.48824819922447205,0.07743076235055923,-0.05640801787376404,0.5407378673553467,23053,248891,22,2,False,Right,Back,Right,Centre,56
<_io.BytesIO object at 0x000001B1898B74F0>,1735998846,2.511182900008645e-40,6.979497708007332e-39,9.183549615799121e-41,340848604610560.0,76367880192.0,-9.210502867063042e-07,-5.129510263870418e+23,-2.43583738251224e-22,15888,248891,22,2,False,Right,Back,Right,Centre,56
<_io.BytesIO object at 0x000001B1898B7680>,1058242174,0.8047011494636536,0.0,1.8367099231598242e-40,5.361788965174065e-31,-3.855362838958758e-16,2.5363747703200903e-24,363443159040.0,1.1347946311893818e+38,16199,248891,22,2,False,Right,Back,Right,Centre,56
<_io.BytesIO object at 0x000001B1898B7130>,3187001016,-0.5056264996528625,0.0,0.0,0.0,0.0,0.0,9.183549615799121e-40,2.424457098570968e-38,0,248891,22,2,False,Right,Back,Right,Centre,56
<_io.BytesIO object at 0x000001B1898B7540>,947,0.8703910112380981,0.03886936977505684,-0.054966289550065994,0.010312016122043133,-7.434902091664803e+25,1.2649675940810585e-36,-2.563696573901571e+34,-1.9845372077307537e+28,15267,248891,22,2,False,Right,Back,Right,Centre,56
<_io.BytesIO object at 0x000001B1898B7F40>,3157117655,0.009428897872567177,-0.08642591536045074,1.718856641728979e-36,-1.0749677089935385e+33,-0.012100059539079666,28.029754638671875,5797862965248.0,1.6746203284929083e-39,-233,248891,22,2,False,Right,Back,Right,Centre,56
<_io.BytesIO object at 0x000001B1898B7DB0>,68434327,2.5045070184415152e-17,5.165529457625035e-39,-25800800256.0,2361233408.0,1.6745726843451213e-39,0.00016019298345781863,1.5498361015432477e-42,0.8366426229476929,29051,248891,22,2,False,Right,Back,Right,Centre,56
<_io.BytesIO object at 0x000001B1898B7590>,2699377950,4.058064895069533e-23,1.674597907717479e-39,0.0004119189688935876,1.778247751228193e-42,0.5242548584938049,0.07881024479866028,-0.11588796973228455,0.00927072111517191,18,248891,22,2,False,Right,Back,Right,Centre,56
<_io.BytesIO object at 0x000001B1898642C0>,1063178819,0.03886791691184044,-0.05496256425976753,0.9178598523139954,0.0050052679143846035,-0.01061017531901598,0.8318873047828674,0.029400143772363663,-0.05913233384490013,9349,248892,22,2,False,Right,Back,Right,Centre,56
<_io.BytesIO object at 0x000001B189864B30>,332545893,-240876.5,5.360117905084394e-11,3.443911060738718e+34,-6.6235074314136e-08,284.4719543457031,2.4001534589941295e-32,-3.544714506007114e-37,-6.112596640276844e-22,16132,248892,22,2,False,Right,Back,Right,Centre,56
<_io.BytesIO object at 0x000001B1898641D0>,1037256139,-0.08138806372880936,0.5993248820304871,0.0822100043296814,-0.07848798483610153,0.4887455701828003,0.07815524935722351,-0.0562727190554142,0.5414369106292725,-31923,248892,22,2,False,Right,Back,Right,Centre,56
<_io.BytesIO object at 0x000001B1898645E0>,2428976511,2.5112109259779317e-40,6.979497708007332e-39,9.183549615799121e-41,340848604610560.0,76367880192.0,-9.210502867063042e-07,-5.129510263870418e+23,-2.43583738251224e-22,15888,248892,22,2,False,Right,Back,Right,Centre,56
<_io.BytesIO object at 0x000001B189864C20>,1058242174,0.8047011494636536,0.0,1.8367099231598242e-40,5.361788965174065e-31,-3.855362838958758e-16,2.5363747703200903e-24,363443159040.0,1.1347946311893818e+38,16199,248892,22,2,False,Right,Back,Right,Centre,56
<_io.BytesIO object at 0x000001B189864EF0>,3187001016,-0.5056264996528625,0.0,0.0,0.0,0.0,0.0,9.183549615799121e-40,2.424457098570968e-38,0,248892,22,2,False,Right,Back,Right,Centre,56
<_io.BytesIO object at 0x000001B189864540>,947,0.870395839214325,0.03886791691184044,-0.05496256425976753,0.010312921367585659,9.28642151445438e-37,1.2649681321796688e-36,-3.5859300179256153e+34,5.502715667460546e-37,15268,248892,22,2,False,Right,Back,Right,Centre,56
<_io.BytesIO object at 0x000001B1898641D0>,3157120589,0.009429081343114376,-0.0006637583719566464,1.718856282996572e-36,-1.470474696264746e+33,-1286405519048704.0,3.562086021702271e-07,865271761862656.0,1.6746203284929083e-39,20558,248892,22,2,False,Right,Back,Right,Centre,56
<_io.BytesIO object at 0x000001B1898645E0>,68434329,5.767955557622884e-17,5.3073964664986914e-27,-240876.5,3418198016.0,1.6745726843451213e-39,0.00016491912538185716,1.5498361015432477e-42,0.836645781993866,30932,248892,22,2,False,Right,Back,Right,Centre,56
<_io.BytesIO object at 0x000001B189864770>,3012443422,1.3672879574923443e-23,1.674597907717479e-39,0.00041208416223526,1.778247751228193e-42,0.5244683027267456,0.07961077243089676,-0.11597240716218948,0.009272747673094273,18,248892,22,2,False,Right,Back,Right,Centre,56
<_io.BytesIO object at 0x000001B1898B7D10>,1063179028,0.03888290375471115,-0.054949913173913956,0.9178693294525146,0.005010442808270454,-0.0106003163382411,0.8318907618522644,0.029413387179374695,-0.05913107097148895,9514,248893,22,2,False,Right,Back,Right,Centre,56
<_io.BytesIO object at 0x000001B1898642C0>,2410823525,-8094368256.0,1.4892109767572492e-10,9.813333312329805e+36,-0.0036352346651256084,5074852289445888.0,-643197525032960.0,8.908164180842906e+16,-0.12243256717920303,16132,248893,22,2,False,Right,Back,Right,Centre,56
<_io.BytesIO object at 0x000001B189864CC0>,1037390419,-0.0814283937215805,0.5999066233634949,0.08281368762254715,-0.07863152772188187,0.48931190371513367,0.07926847785711288,-0.05604860559105873,0.5418559312820435,7483,248893,22,2,False,Right,Back,Right,Centre,56
<_io.BytesIO object at 0x000001B189864590>,3980017025,2.511182900008645e-40,6.979497708007332e-39,9.183549615799121e-41,340848604610560.0,76367880192.0,-9.210502867063042e-07,-5.129510263870418e+23,-2.43583738251224e-22,15888,248893,22,2,False,Right,Back,Right,Centre,56
<_io.BytesIO object at 0x000001B189864310>,1058242174,0.8047011494636536,0.0,1.8367099231598242e-40,5.361788965174065e-31,-3.855362838958758e-16,2.5363747703200903e-24,363443159040.0,1.1347946311893818e+38,16199,248893,22,2,False,Right,Back,Right,Centre,56
<_io.BytesIO object at 0x000001B1898645E0>,3187001016,-0.5056264996528625,0.0,0.0,0.0,0.0,0.0,9.183549615799121e-40,2.424457098570968e-38,0,248893,22,2,False,Right,Back,Right,Centre,56
<_io.BytesIO object at 0x000001B189864630>,947,0.870408296585083,0.03888290375471115,-0.054949913173913956,0.010313822887837887,-31004332032.0,1.2649676837641602e-36,-8.1778675521923535e+34,7.469121154901615e-11,15268,248893,22,2,False,Right,Back,Right,Centre,56
<_io.BytesIO object at 0x000001B189864E00>,3157110003,0.009429264813661575,4.0352302139262894e+18,1.7188559242641653e-36,-2.0586645747706445e+33,-6.853152883387476e+31,5.500345423570252e-08,1.2426558440053146e+17,1.6746203284929083e-39,30114,248893,22,2,False,Right,Back,Right,Centre,56
<_io.BytesIO object at 0x000001B189864590>,68434331,1.474514954580286e-16,-1.7576573826376466e-29,-8094368256.0,8178573312.0,1.6745726843451213e-39,0.0001680474088061601,1.5498361015432477e-42,0.8366567492485046,31980,248893,22,2,False,Right,Back,Right,Centre,56
<_io.BytesIO object at 0x000001B189864040>,3144563998,5.098430512979198e-24,1.674597907717479e-39,0.0004190378822386265,1.778247751228193e-42,0.5248041152954102,0.08049024641513824,-0.11589740216732025,0.00927475094795227,18,248893,22,2,False,Right,Back,Right,Centre,56
<_io.BytesIO object at 0x000001B1898B79A0>,1063179349,0.03891213983297348,-0.0549432635307312,0.9178689122200012,0.005005397833883762,-0.010607377626001835,0.8319006562232971,0.02943325787782669,-0.0591292642056942,9499,248894,22,2,False,Right,Back,Right,Centre,56
<_io.BytesIO object at 0x000001B189864040>,721436517,-789497984.0,9.121885469198787e-10,-2.23789062857004e-31,-3.577671822228704e-16,-9.79676747803552e-28,3.5803845511214044e-14,-1.5627029700446872e+31,-1.348754833435263e+18,16132,248894,22,2,False,Right,Back,Right,Centre,56
<_io.BytesIO object at 0x000001B189864630>,1037547338,-0.08123445510864258,0.6004732847213745,0.08391023427248001,-0.07853203266859055,0.48973348736763,0.08048801869153976,-0.05592135339975357,0.542171835899353,27882,248894,22,2,False,Right,Back,Right,Centre,56
<_io.BytesIO object at 0x000001B1898647C0>,3494854018,2.5111408610547154e-40,6.979497708007332e-39,9.183549615799121e-41,340848604610560.0,76367880192.0,-9.210502867063042e-07,-5.129510263870418e+23,-2.43583738251224e-22,15888,248894,22,2,False,Right,Back,Right,Centre,56
<_io.BytesIO object at 0x000001B1898649A0>,1058242174,0.8047011494636536,0.0,1.8367099231598242e-40,5.361788965174065e-31,-3.855362838958758e-16,2.5363747703200903e-24,363443159040.0,1.1347946311893818e+38,16199,248894,22,2,False,Right,Back,Right,Centre,56
<_io.BytesIO object at 0x000001B1898646D0>,3187001016,-0.5056264996528625,0.0,0.0,0.0,0.0,0.0,9.183549615799121e-40,2.424457098570968e-38,0,248894,22,2,False,Right,Back,Right,Centre,56
<_io.BytesIO object at 0x000001B189864040>,947,0.8704274296760559,0.03891213983297348,-0.0549432635307312,0.01031472161412239,4.685211562973817e-25,1.264966786933143e-36,-7.950704564631455e+34,2.4714499676733444e-36,15268,248894,22,2,False,Right,Back,Right,Centre,56
<_io.BytesIO object at 0x000001B189864630>,3157117585,0.0094294473528862,2.6596401235661175e+26,1.7188561036303687e-36,-4.8880607144800526e+33,7.001117764155311e-21,3.935945347421921e-09,1.7347146684026585e+19,1.6746203284929083e-39,-1659,248894,22,2,False,Right,Back,Right,Centre,56
<_io.BytesIO object at 0x000001B189864F40>,68434329,1.3444106938820255e-16,4.556271267393275e-13,-789497984.0,20500480000.0,1.6745726843451213e-39,0.00016424823843408376,1.5498361015432477e-42,0.8366771936416626,-29551,248894,22,2,False,Right,Back,Right,Centre,56
<_io.BytesIO object at 0x000001B1898649A0>,2781756702,1.7349593410077124e-24,1.674597907717479e-39,0.00041615834925323725,1.778247751228193e-42,0.5256745219230652,0.08210969716310501,-0.11521009355783463,0.009276977740228176,18,248894,22,2,False,Right,Back,Right,Centre,56
<_io.BytesIO object at 0x000001B18988A1D0>,1063179485,0.038917407393455505,-0.05494972690939903,0.9178750514984131,0.005008029751479626,-0.010612689889967442,0.83191978931427,0.029460934922099113,-0.059121835976839066,9698,248895,22,2,False,Right,Back,Right,Centre,56
<_io.BytesIO object at 0x000001B18988ABD0>,3934994277,-2254531198976.0,1.5478907045007873e-09,-2.5452900625291306e-19,-1.1440624003711264e-09,-2.899265050260169e-09,4261639960395776.0,3.409618301736634e-17,-2.6151479764636345e+38,16132,248895,22,2,False,Right,Back,Right,Centre,56
<_io.BytesIO object at 0x000001B18988A360>,1037722555,-0.08076811581850052,0.601181149482727,0.08521971851587296,-0.07818229496479034,0.4902377426624298,0.0815524086356163,-0.055597517639398575,0.5424724221229553,-14068,248895,22,2,False,Right,Back,Right,Centre,56
<_io.BytesIO object at 0x000001B18988A630>,4050402691,2.5110287571775695e-40,6.979497708007332e-39,9.183549615799121e-41,340848604610560.0,76367880192.0,-9.210502867063042e-07,-5.129510263870418e+23,-2.43583738251224e-22,15888,248895,22,2,False,Right,Back,Right,Centre,56
<_io.BytesIO object at 0x000001B18988A3B0>,1058242174,0.8047011494636536,0.0,1.8367099231598242e-40,5.361788965174065e-31,-3.855362838958758e-16,2.5363747703200903e-24,363443159040.0,1.1347946311893818e+38,16199,248895,22,2,False,Right,Back,Right,Centre,56
<_io.BytesIO object at 0x000001B18988AB80>,3187001016,-0.5056264996528625,0.0,0.0,0.0,0.0,0.0,9.183549615799121e-40,2.424457098570968e-38,0,248895,22,2,False,Right,Back,Right,Centre,56
<_io.BytesIO object at 0x000001B18988A540>,947,0.8704355359077454,0.038917407393455505,-0.05494972690939903,0.01031561754643917,3.515756511778215e+29,1.2649668766162448e-36,-1.4278816360970776e+35,4.761411069354052e-23,15268,248895,22,2,False,Right,Back,Right,Centre,56
<_io.BytesIO object at 0x000001B18988A1D0>,3157123289,0.009429629892110825,-9.845001430527727e-28,1.7188568210951824e-36,-2.888215127559998e+34,630008619991040.0,8.403857714974275e-14,6.446768884491951e+21,1.6746203284929083e-39,-11678,248895,22,2,False,Right,Back,Right,Centre,56
<_io.BytesIO object at 0x000001B18988AD60>,68434331,3.920475055707584e-16,-8.417003056800284e+25,-2254531198976.0,11995070464.0,1.6745726843451213e-39,0.0001690129574853927,1.5498361015432477e-42,0.8366825580596924,-24426,248895,22,2,False,Right,Back,Right,Centre,56
<_io.BytesIO object at 0x000001B18988A3B0>,2963094814,1.0871995207132542e-24,1.674597907717479e-39,0.0004223763244226575,1.778247751228193e-42,0.5261425375938416,0.08366669714450836,-0.11481497436761856,0.009279227815568447,18,248895,22,2,False,Right,Back,Right,Centre,56
<_io.BytesIO object at 0x000001B189864EA0>,1063179372,0.038925062865018845,-0.054965343326330185,0.9178752899169922,0.005004904232919216,-0.010611653327941895,0.8319236040115356,0.029467958956956863,-0.05912785232067108,9790,248896,22,2,False,Right,Back,Right,Centre,56
<_io.BytesIO object at 0x000001B1898649F0>,4019339109,-671007047680.0,5.49307088704154e-09,-3.3508271841619786e-18,-6.784352370449406e-19,-5.26276332415076e+20,-0.0021705045364797115,-4.5327098421012086e-21,6.694259466861115e-26,16133,248896,22,2,False,Right,Back,Right,Centre,56
<_io.BytesIO object at 0x000001B189864A90>,1037895118,-0.08021678030490875,0.6016748547554016,0.08671002089977264,-0.07781679183244705,0.49060049653053284,0.08259040117263794,-0.05521806329488754,0.5427732467651367,28156,248896,22,2,False,Right,Back,Right,Centre,56
<_io.BytesIO object at 0x000001B189864C70>,2061909381,2.510832575392564e-40,6.979497708007332e-39,9.183549615799121e-41,340848604610560.0,76367880192.0,-9.210502867063042e-07,-5.129510263870418e+23,-2.43583738251224e-22,15888,248896,22,2,False,Right,Back,Right,Centre,56
<_io.BytesIO object at 0x000001B1898641D0>,1058242174,0.8047011494636536,0.0,1.8367099231598242e-40,5.361788965174065e-31,-3.855362838958758e-16,2.5363747703200903e-24,363443159040.0,1.1347946311893818e+38,16199,248896,22,2,False,Right,Back,Right,Centre,56
<_io.BytesIO object at 0x000001B1898640E0>,3187001016,-0.5056264996528625,0.0,0.0,0.0,0.0,0.0,9.183549615799121e-40,2.424457098570968e-38,0,248896,22,2,False,Right,Back,Right,Centre,56
<_io.BytesIO object at 0x000001B189864220>,947,0.8704288005828857,0.038925062865018845,-0.054965343326330185,0.010316510684788227,3.7747643823627525e-14,1.2649662488345328e-36,-1.4538431203897517e+35,4.247181502537445e-39,15268,248896,22,2,False,Right,Back,Right,Centre,56
<_io.BytesIO object at 0x000001B189864A90>,3157122176,0.009429811500012875,-2.8421748461682217e-12,1.718856282996572e-36,-3.9266744992669634e+34,4.775431136271056e+23,5.101830624631987e-10,8.818548150094054e+23,1.6746203284929083e-39,-21563,248896,22,2,False,Right,Back,Right,Centre,56
<_io.BytesIO object at 0x000001B1898642C0>,68434331,6.591949208711867e-16,-9.052290143913374e+28,-671007047680.0,12196397056.0,1.6745726843451213e-39,0.00016861756739672273,1.5498361015432477e-42,0.8366963863372803,-23945,248896,22,2,False,Right,Back,Right,Centre,56
<_io.BytesIO object at 0x000001B1898641D0>,2705866014,3.7681304388133464e-25,1.674597907717479e-39,0.0004196362860966474,1.778247751228193e-42,0.5268843173980713,0.0853177160024643,-0.11407025903463364,0.009281119331717491,18,248896,22,2,False,Right,Back,Right,Centre,56
<_io.BytesIO object at 0x000001B1898B7590>,1063179567,0.0389254204928875,-0.054962676018476486,0.9178778529167175,0.004996642004698515,-0.010617165826261044,0.8319218158721924,0.029472755268216133,-0.059125471860170364,9828,248897,22,2,False,Right,Back,Right,Centre,56
<_io.BytesIO object at 0x000001B189864860>,1818771301,-36032364544.0,1.9898358516456938e-09,-5.502988904232804e-26,-7.50359519332145e-29,-2.2357508080031836e+35,2.4907658708413296e-20,-6.377853069974003e-19,9.627147779596619e-16,16133,248897,22,2,False,Right,Back,Right,Centre,56
<_io.BytesIO object at 0x000001B189864540>,1038062628,-0.07962027937173843,0.6021013259887695,0.08843762427568436,-0.07746478170156479,0.4909188151359558,0.08363423496484756,-0.05469891056418419,0.5429108738899231,659,248897,22,2,False,Right,Back,Right,Centre,56
<_io.BytesIO object at 0x000001B189864EA0>,1538997639,2.5105943546536288e-40,6.979497708007332e-39,9.183549615799121e-41,340848604610560.0,76367880192.0,-9.210502867063042e-07,-5.129510263870418e+23,-2.43583738251224e-22,15888,248897,22,2,False,Right,Back,Right,Centre,56
<_io.BytesIO object at 0x000001B189864A90>,1058242174,0.8047011494636536,0.0,1.8367099231598242e-40,5.361788965174065e-31,-3.855362838958758e-16,2.5363747703200903e-24,363443159040.0,1.1347946311893818e+38,16199,248897,22,2,False,Right,Back,Right,Centre,56
<_io.BytesIO object at 0x000001B1898642C0>,3187001016,-0.5056264996528625,0.0,0.0,0.0,0.0,0.0,9.183549615799121e-40,2.424457098570968e-38,0,248897,22,2,False,Right,Back,Right,Centre,56
<_io.BytesIO object at 0x000001B1898645E0>,947,0.8704404234886169,0.0389254204928875,-0.054962676018476486,0.01031740102916956,-1.2717916117499094e-23,1.2649664282007362e-36,-1.8043231583408526e+35,-0.0017032448668032885,15267,248897,22,2,False,Right,Back,Right,Centre,56
<_io.BytesIO object at 0x000001B189864540>,3157128095,0.00942999217659235,8.14256802950405e-25,1.7188559242641653e-36,-3.4398966687793233e+34,5.378784490932173e+29,1.6056907539696574e-11,2.9103682690159777e+26,1.6746203284929083e-39,-5271,248897,22,2,False,Right,Back,Right,Centre,56
<_io.BytesIO object at 0x000001B189864EA0>,68434330,7.91033905045424e-16,1.1230806494406648e+27,-36032364544.0,6970613760.0,1.6745726843451213e-39,0.00016743899323046207,1.5498361015432477e-42,0.8366856575012207,-27256,248897,22,2,False,Right,Back,Right,Centre,56
<_io.BytesIO object at 0x000001B189864A90>,2428386590,1.3832332078999572e-25,1.674597907717479e-39,0.0004151893372181803,1.778247751228193e-42,0.5272548198699951,0.08697303384542465,-0.11358878016471863,0.009282978251576424,18,248897,22,2,False,Right,Back,Right,Centre,56
<_io.BytesIO object at 0x000001B189864CC0>,1063179524,0.03892192244529724,-0.054946091026067734,0.9178720116615295,0.005002581048756838,-0.0106052216142416,0.8319246768951416,0.029471132904291153,-0.05911582335829735,9839,248898,22,2,False,Right,Back,Right,Centre,56
<_io.BytesIO object at 0x000001B189864770>,2256420709,-1419612672.0,6.065983271241748e-10,-4.837872073408052e-30,-7.80177218120979e-30,2.4688261328427552e-31,-5.921004079238122e-25,-3.013798767784155e-35,2.6773997774398595e-07,16133,248898,22,2,False,Right,Back,Right,Centre,56
<_io.BytesIO object at 0x000001B1898641D0>,1038240448,-0.07879906892776489,0.6023340821266174,0.09036620706319809,-0.07698237895965576,0.4912559390068054,0.08470624685287476,-0.05410368740558624,0.5429999232292175,6770,248898,22,2,False,Right,Back,Right,Centre,56
<_io.BytesIO object at 0x000001B1898640E0>,2046573961,2.5102860689914773e-40,6.979497708007332e-39,9.183549615799121e-41,340848604610560.0,76367880192.0,-9.210502867063042e-07,-5.129510263870418e+23,-2.43583738251224e-22,15888,248898,22,2,False,Right,Back,Right,Centre,56
<_io.BytesIO object at 0x000001B189864F40>,1058242174,0.8047011494636536,0.0,1.8367099231598242e-40,5.361788965174065e-31,-3.855362838958758e-16,2.5363747703200903e-24,363443159040.0,1.1347946311893818e+38,16199,248898,22,2,False,Right,Back,Right,Centre,56
<_io.BytesIO object at 0x000001B189864590>,3187001016,-0.5056264996528625,0.0,0.0,0.0,0.0,0.0,9.183549615799121e-40,2.424457098570968e-38,0,248898,22,2,False,Right,Back,Right,Centre,56
<_io.BytesIO object at 0x000001B189864770>,947,0.8704378604888916,0.03892192244529724,-0.054946091026067734,0.010318288579583168,2.6566204614500316e-36,1.2649660694683293e-36,-1.0968727113654823e+35,-1.7142346761206557e+27,15267,248898,22,2,False,Right,Back,Right,Centre,56
<_io.BytesIO object at 0x000001B189864AE0>,3157115270,0.009430172853171825,0.0030822795815765858,1.7188555655317584e-36,-4.283644908291233e+34,4.685745711386612e+27,1.2969120805938218e-17,3.7871683863047204e+28,1.6746203284929083e-39,14588,248898,22,2,False,Right,Back,Right,Centre,56
<_io.BytesIO object at 0x000001B189864E00>,68434332,8.291978215169138e-16,-4.781866536326614e-35,-1419612672.0,3955068928.0,1.6745726843451213e-39,0.00017935661890078336,1.5498361015432477e-42,0.8366721868515015,-28988,248898,22,2,False,Right,Back,Right,Centre,56
<_io.BytesIO object at 0x000001B189864860>,2401123614,4.8111372443849725e-26,1.674597907717479e-39,0.00041457038605585694,1.778247751228193e-42,0.5275363922119141,0.08817904442548752,-0.11304879188537598,0.009284809231758118,18,248898,22,2,False,Right,Back,Right,Centre,56
<_io.BytesIO object at 0x000001B18988A4A0>,1063179343,0.03891979902982712,-0.05495775118470192,0.9178693890571594,0.00500882463529706,-0.010602438822388649,0.8319165706634521,0.029482046142220497,-0.05910513922572136,9711,248899,22,2,False,Right,Back,Right,Centre,56
<_io.BytesIO object at 0x000001B1898B7D60>,2649046885,-137.2310333251953,1.0385736715079474e-09,-4.5332500233529484e-18,-1.876588143429828e-20,2.3448394555965535e-30,-1.0264913905490612e-31,-4.2118943749391846e-11,1.8886077404022217,16133,248899,22,2,False,Right,Back,Right,Centre,56
<_io.BytesIO object at 0x000001B1898B7F90>,1038415411,-0.07807745039463043,0.6024733781814575,0.09245435148477554,-0.07633086293935776,0.4914565682411194,0.08571350574493408,-0.053357578814029694,0.543136477470398,-30724,248899,22,2,False,Right,Back,Right,Centre,56
<_io.BytesIO object at 0x000001B1898B7400>,3884989835,2.5099077184061096e-40,6.979497708007332e-39,9.183549615799121e-41,340848604610560.0,76367880192.0,-9.210502867063042e-07,-5.129510263870418e+23,-2.43583738251224e-22,15888,248899,22,2,False,Right,Back,Right,Centre,56
<_io.BytesIO object at 0x000001B1898B7CC0>,1058242174,0.8047011494636536,0.0,1.8367099231598242e-40,5.361788965174065e-31,-3.855362838958758e-16,2.5363747703200903e-24,363443159040.0,1.1347946311893818e+38,16199,248899,22,2,False,Right,Back,Right,Centre,56
<_io.BytesIO object at 0x000001B1898B7EF0>,3187001016,-0.5056264996528625,0.0,0.0,0.0,0.0,0.0,9.183549615799121e-40,2.424457098570968e-38,0,248899,22,2,False,Right,Back,Right,Centre,56
<_io.BytesIO object at 0x000001B1898B7860>,947,0.8704270720481873,0.03891979902982712,-0.05495775118470192,0.010319175198674202,-2.5033991732925642e-06,1.2649666075669396e-36,-8.210319407558196e+34,4.921183875365058e-19,15268,248899,22,2,False,Right,Back,Right,Centre,56
<_io.BytesIO object at 0x000001B1898B7540>,3157112282,0.009430352598428726,1.612752592728566e-18,1.7188559242641653e-36,-2.0444668880480884e+34,-2.5067108521415375e-36,2.419995107048966e-24,1.2893592811710493e+31,1.6746203284929083e-39,149,248899,22,2,False,Right,Back,Right,Centre,56
<_io.BytesIO object at 0x000001B1898B7400>,68434331,4.145989107584569e-16,-6.068134369687573e-21,-137.2310333251953,5863317504.0,1.6745726843451213e-39,0.0001782139588613063,1.5498361015432477e-42,0.8366783857345581,-23897,248899,22,2,False,Right,Back,Right,Centre,56
<_io.BytesIO object at 0x000001B1898B7CC0>,2662415646,1.7896260273959202e-26,1.674597907717479e-39,0.00041673885425552726,1.778247751228193e-42,0.5275610685348511,0.08962253481149673,-0.1126369908452034,0.009286869317293167,18,248899,22,2,False,Right,Back,Right,Centre,56
<_io.BytesIO object at 0x000001B189864270>,1063179455,0.038936931639909744,-0.054932426661252975,0.9178705215454102,0.0050196959637105465,-0.01058974489569664,0.831910252571106,0.029508208855986595,-0.05909568816423416,9605,248900,22,2,False,Right,Back,Right,Centre,56
<_io.BytesIO object at 0x000001B1898647C0>,1012809573,-2.8160935471532866e-05,1.4023715522171187e-09,-1.6786387817963044e-12,4.625596080956222e-27,1.066215090938038e-23,-1.002949742547086e+34,0.002780778566375375,7.3356804847717285,16133,248900,22,2,False,Right,Back,Right,Centre,56
<_io.BytesIO object at 0x000001B1898B74A0>,1038593924,-0.07717955112457275,0.6026282906532288,0.09445570409297943,-0.07559850066900253,0.49168267846107483,0.0869193822145462,-0.05250345915555954,0.5432564616203308,20073,248900,22,2,False,Right,Back,Right,Centre,56
<_io.BytesIO object at 0x000001B1898B7D60>,2253143438,2.509543380805385e-40,6.979497708007332e-39,9.183549615799121e-41,340848604610560.0,76367880192.0,-9.210502867063042e-07,-5.129510263870418e+23,-2.43583738251224e-22,15888,248900,22,2,False,Right,Back,Right,Centre,56
<_io.BytesIO object at 0x000001B1898B7CC0>,1058242174,0.8047011494636536,0.0,1.8367099231598242e-40,5.361788965174065e-31,-3.855362838958758e-16,2.5363747703200903e-24,363443159040.0,1.1347946311893818e+38,16199,248900,22,2,False,Right,Back,Right,Centre,56
<_io.BytesIO object at 0x000001B1898B7F40>,3187001016,-0.5056264996528625,0.0,0.0,0.0,0.0,0.0,9.183549615799121e-40,2.424457098570968e-38,0,248900,22,2,False,Right,Back,Right,Centre,56
<_io.BytesIO object at 0x000001B1898B7310>,947,0.8704337477684021,0.038936931639909744,-0.054932426661252975,0.010320057161152363,-1818626.25,1.2649658901021259e-36,-9.34613434536269e+34,4.055136309618192e+36,15268,248900,22,2,False,Right,Back,Right,Centre,56
<_io.BytesIO object at 0x000001B1898B7040>,3157098652,0.009430532343685627,-6543123456.0,1.7188568210951824e-36,-1.1844927208532576e+34,-0.0027350978925824165,2.5913840672351935e-30,4.112056143943953e+33,1.6746203284929083e-39,19189,248900,22,2,False,Right,Back,Right,Centre,56
<_io.BytesIO object at 0x000001B1898B7D60>,68434325,2.3071822230491534e-16,0.013564919121563435,-2.8160935471532866e-05,8044355584.0,1.6745726843451213e-39,0.0001743412867654115,1.5498361015432477e-42,0.8366813659667969,-21524,248900,22,2,False,Right,Back,Right,Centre,56
<_io.BytesIO object at 0x000001B1898B7B80>,330775838,6.190626783436711e-27,1.674597907717479e-39,0.0004228504840284586,1.778247751228193e-42,0.527729868888855,0.09080498665571213,-0.11192934215068817,0.009288898669183254,18,248900,22,2,False,Right,Back,Right,Centre,56
<_io.BytesIO object at 0x000001B189864EA0>,1063179455,0.0389498695731163,-0.05490699037909508,0.9178633093833923,0.005107850302010775,-0.010508375242352486,0.8319001197814941,0.02950277179479599,-0.059072017669677734,9444,248901,22,2,False,Right,Back,Right,Centre,56
<_io.BytesIO object at 0x000001B189864D10>,3224977253,-4.924268978356849e-06,3.5759946115376806e-09,-0.000489225029014051,93.11936950683594,4.1131071283059133e-20,-8.962535373161611e+30,2.695693481481656e+37,8055.73583984375,16133,248901,22,2,False,Right,Back,Right,Centre,56
<_io.BytesIO object at 0x000001B189864270>,1038767157,-0.07628475874662399,0.6027055978775024,0.0962769165635109,-0.0746387392282486,0.4919857680797577,0.08819102495908737,-0.051613274961709976,0.5433140397071838,19691,248901,22,2,False,Right,Back,Right,Centre,56
<_io.BytesIO object at 0x000001B189864A40>,350633361,2.5089268094810822e-40,6.979497708007332e-39,9.183549615799121e-41,340848604610560.0,76367880192.0,-9.210502867063042e-07,-5.129510263870418e+23,-2.43583738251224e-22,15888,248901,22,2,False,Right,Back,Right,Centre,56
<_io.BytesIO object at 0x000001B189864EF0>,1058242174,0.8047011494636536,0.0,1.8367099231598242e-40,5.361788965174065e-31,-3.855362838958758e-16,2.5363747703200903e-24,363443159040.0,1.1347946311893818e+38,16199,248901,22,2,False,Right,Back,Right,Centre,56
<_io.BytesIO object at 0x000001B1898641D0>,3187001016,-0.5056264996528625,0.0,0.0,0.0,0.0,0.0,9.183549615799121e-40,2.424457098570968e-38,0,248901,22,2,False,Right,Back,Right,Centre,56
<_io.BytesIO object at 0x000001B189864630>,947,0.8704337477684021,0.0389498695731163,-0.05490699037909508,0.0103209363296628,1.0547133980532038e-14,1.2649665178838379e-36,-4.900230160242244e+34,2.7849930242170814e+19,15271,248901,22,2,False,Right,Back,Right,Centre,56
<_io.BytesIO object at 0x000001B189864D10>,3157011282,0.009430796839296818,1.507999149907846e-05,1.7188460591229764e-36,-4.7055190280471875e+33,-3.715238117152353e-10,-3.251220881132046e+32,1.2396089805287433e+36,1.6746203284929083e-39,25363,248901,22,2,False,Right,Back,Right,Centre,56
<_io.BytesIO object at 0x000001B189864A90>,68434331,9.8879238130678e-17,-2.8944942951202393,-4.924268978356849e-06,11860852736.0,1.6745726843451213e-39,0.00017349669360555708,1.5498361015432477e-42,0.8366921544075012,-17920,248901,22,2,False,Right,Back,Right,Centre,56
<_io.BytesIO object at 0x000001B189864590>,1119501598,2.3380069227061842e-27,1.674597907717479e-39,0.00042158394353464246,1.778247751228193e-42,0.5278207063674927,0.09226013720035553,-0.11107946932315826,0.009291206486523151,18,248901,22,2,False,Right,Back,Right,Centre,56
<_io.BytesIO object at 0x000001B1898B7F90>,1063179483,0.03895441070199013,-0.05489477515220642,0.9178550839424133,0.005102814640849829,-0.010509893298149109,0.8319101929664612,0.02952663227915764,-0.05906737968325615,9463,248902,22,2,False,Right,Back,Right,Centre,56
<_io.BytesIO object at 0x000001B189864360>,1233665893,-1.8847555460776988e-10,5.929628343892546e-09,-145.24740600585938,-1.930737890895098e-38,8.716344382264651e-06,-881525719040.0,-7.445037364959717,253687.5,16133,248902,22,2,False,Right,Back,Right,Centre,56
<_io.BytesIO object at 0x000001B189864C70>,1038922801,-0.07534167915582657,0.6027873754501343,0.0980534702539444,-0.0736556351184845,0.49212145805358887,0.08921442180871964,-0.050737157464027405,0.5433275103569031,19492,248902,22,2,False,Right,Back,Right,Centre,56
<_io.BytesIO object at 0x000001B189864CC0>,125386132,2.5079879395099846e-40,6.979497708007332e-39,9.183549615799121e-41,340848604610560.0,76367880192.0,-9.210502867063042e-07,-5.129510263870418e+23,-2.43583738251224e-22,15888,248902,22,2,False,Right,Back,Right,Centre,56
<_io.BytesIO object at 0x000001B189864220>,1058242174,0.8047011494636536,0.0,1.8367099231598242e-40,5.361788965174065e-31,-3.855362838958758e-16,2.5363747703200903e-24,363443159040.0,1.1347946311893818e+38,16199,248902,22,2,False,Right,Back,Right,Centre,56
<_io.BytesIO object at 0x000001B189864450>,3187001016,-0.5056264996528625,0.0,0.0,0.0,0.0,0.0,9.183549615799121e-40,2.424457098570968e-38,0,248902,22,2,False,Right,Back,Right,Centre,56
<_io.BytesIO object at 0x000001B189864360>,947,0.8704354166984558,0.03895441070199013,-0.05489477515220642,0.010321812704205513,3.332669909007073e+17,1.2649666972500413e-36,-2.2878558032919084e+34,9.778716503205942e-07,15271,248902,22,2,False,Right,Back,Right,Centre,56
<_io.BytesIO object at 0x000001B189864B30>,3157012912,0.009431061334908009,1.0698984992751698e+33,1.7188453416581627e-36,-1.1763797570117969e+34,-4.9402081301203465e+20,-4.0415784192302796e+29,nan,1.6746203284929083e-39,-10445,248902,22,2,False,Right,Back,Right,Centre,56
<_io.BytesIO object at 0x000001B189864CC0>,68434325,1.0711917464156784e-16,1116140.625,-1.8847555460776988e-10,28687761408.0,1.6745726843451213e-39,0.00016787182539701462,1.5498361015432477e-42,0.8366972804069519,-15599,248902,22,2,False,Right,Back,Right,Centre,56
<_io.BytesIO object at 0x000001B189864E50>,2161261854,7.990718968966613e-28,1.674597907717479e-39,0.0004274699022062123,1.778247751228193e-42,0.5281840562820435,0.0936647430062294,-0.10974298417568207,0.009293162263929844,18,248902,22,2,False,Right,Back,Right,Centre,56
<_io.BytesIO object at 0x000001B189864EF0>,1063179457,0.03894058242440224,-0.05489153414964676,0.9178680777549744,0.005098595283925533,-0.010502485558390617,0.831900954246521,0.02951088175177574,-0.0590522326529026,9575,248903,22,2,False,Right,Back,Right,Centre,56
<_io.BytesIO object at 0x000001B1898649F0>,1079787365,-1.8483757580067817e-10,8.774250659371319e-09,-0.000634183525107801,-1.8013127203770216e-36,16591726592.0,-1.3696979606007338e-30,-2.009043450469299e-18,40.93541717529297,16133,248903,22,2,False,Right,Back,Right,Centre,56
<_io.BytesIO object at 0x000001B1898645E0>,1039092273,-0.07441879063844681,0.6028379797935486,0.09984949231147766,-0.07269877195358276,0.49222010374069214,0.0903390496969223,-0.04980071261525154,0.5432732701301575,-21088,248903,22,2,False,Right,Back,Right,Centre,56
<_io.BytesIO object at 0x000001B189864860>,4270013847,2.5068388747692383e-40,6.979497708007332e-39,9.183549615799121e-41,340848604610560.0,76367880192.0,-9.210502867063042e-07,-5.129510263870418e+23,-2.43583738251224e-22,15888,248903,22,2,False,Right,Back,Right,Centre,56
<_io.BytesIO object at 0x000001B189864F40>,1058242174,0.8047011494636536,0.0,1.8367099231598242e-40,5.361788965174065e-31,-3.855362838958758e-16,2.5363747703200903e-24,363443159040.0,1.1347946311893818e+38,16199,248903,22,2,False,Right,Back,Right,Centre,56
<_io.BytesIO object at 0x000001B189864EF0>,3187001016,-0.5056264996528625,0.0,0.0,0.0,0.0,0.0,9.183549615799121e-40,2.424457098570968e-38,0,248903,22,2,False,Right,Back,Right,Centre,56
<_io.BytesIO object at 0x000001B1898649F0>,947,0.8704338669776917,0.03894058242440224,-0.05489153414964676,0.010322687216103077,928.0010986328125,1.2649672353486516e-36,-7.496378589509657e+34,4.99341730767609e-28,15271,248903,22,2,False,Right,Back,Right,Centre,56
<_io.BytesIO object at 0x000001B189864810>,3157004958,0.009431324899196625,7.156854133774338e+26,1.7188457003905696e-36,-4.989472762498311e+33,-6.445230484008789,-1.113941530418002e+20,-9.97642087828792e-37,1.6746203284929083e-39,22617,248903,22,2,False,Right,Back,Right,Centre,56
<_io.BytesIO object at 0x000001B189864860>,68434331,2.0036056147532122e-16,3.4413692951202393,-1.8483757580067817e-10,40464089088.0,1.6745726843451213e-39,0.00017611318617127836,1.5498361015432477e-42,0.8367017507553101,-17882,248903,22,2,False,Right,Back,Right,Centre,56
<_io.BytesIO object at 0x000001B189864F40>,2216246558,3.0645036163225124e-28,1.674597907717479e-39,0.0004239267436787486,1.778247751228193e-42,0.5285715460777283,0.09499715268611908,-0.10870757699012756,0.009294829331338406,18,248903,22,2,False,Right,Back,Right,Centre,56
<_io.BytesIO object at 0x000001B189864130>,1063179597,0.03895030543208122,-0.05488475039601326,0.9178669452667236,0.005016641225665808,-0.010578058660030365,0.8319018483161926,0.029509002342820168,-0.05904880166053772,9671,248904,22,2,False,Right,Back,Right,Centre,56
<_io.BytesIO object at 0x000001B189864900>,3167502181,-5.799131791092704e-13,1.836340857153118e-08,-0.04376157373189926,-3.942814934848872e-26,1793.887939453125,8.731423210837153e+33,-5.896232835311821e-08,3.8865883350372314,16133,248904,22,2,False,Right,Back,Right,Centre,56
<_io.BytesIO object at 0x000001B189864A40>,1039247254,-0.07347860932350159,0.602802574634552,0.10172366350889206,-0.07168487459421158,0.4922371804714203,0.0914241373538971,-0.0489155575633049,0.5433311462402344,-12113,248904,22,2,False,Right,Back,Right,Centre,56
<_io.BytesIO object at 0x000001B189864860>,3194633626,2.5037420051630804e-40,6.979497708007332e-39,9.183549615799121e-41,340848604610560.0,76367880192.0,-9.210502867063042e-07,-5.129510263870418e+23,-2.43583738251224e-22,15888,248904,22,2,False,Right,Back,Right,Centre,56
<_io.BytesIO object at 0x000001B1898646D0>,1058242174,0.8047011494636536,0.0,1.8367099231598242e-40,5.361788965174065e-31,-3.855362838958758e-16,2.5363747703200903e-24,363443159040.0,1.1347946311893818e+38,16199,248904,22,2,False,Right,Back,Right,Centre,56
<_io.BytesIO object at 0x000001B1898647C0>,3187001016,-0.5056264996528625,0.0,0.0,0.0,0.0,0.0,9.183549615799121e-40,2.424457098570968e-38,0,248904,22,2,False,Right,Back,Right,Centre,56
<_io.BytesIO object at 0x000001B1898640E0>,947,0.8704422116279602,0.03895030543208122,-0.05488475039601326,0.010323558002710342,-4.5899961273724887e+36,1.2649666075669396e-36,-6.879793337558647e+34,1.5056943743932889e+21,15268,248904,22,2,False,Right,Back,Right,Centre,56
<_io.BytesIO object at 0x000001B189864A40>,3157086104,0.009431501850485802,-105.00013732910156,1.7188568210951824e-36,-5.395120954571344e+33,-0.027007736265659332,-7.576768299548017e+17,-2.900029281723789e-34,1.6746203284929083e-39,-17615,248904,22,2,False,Right,Back,Right,Centre,56
<_io.BytesIO object at 0x000001B1898649A0>,68434328,3.452099717193846e-16,-0.02493257261812687,-5.799131791092704e-13,23453270016.0,1.6745726843451213e-39,0.0001712958182906732,1.5498361015432477e-42,0.8367097973823547,-17101,248904,22,2,False,Right,Back,Right,Centre,56
<_io.BytesIO object at 0x000001B189864770>,2504211742,1.0668238740808592e-28,1.674597907717479e-39,0.0004249794874340296,1.778247751228193e-42,0.5283946990966797,0.09593170136213303,-0.10825250297784805,0.009296727366745472,18,248904,22,2,False,Right,Back,Right,Centre,56
<_io.BytesIO object at 0x000001B18986DCC0>,1063179790,0.03894602134823799,-0.05489455908536911,0.9178775548934937,0.005028063897043467,-0.010571494698524475,0.831912100315094,0.029517455026507378,-0.05903558060526848,9754,248905,22,2,False,Right,Back,Right,Centre,56
<_io.BytesIO object at 0x000001B18986D590>,1155153765,-2.222498172912285e-13,4.347890580902458e-08,-2151634432.0,-358965783298048.0,3.1353158181584896e+17,6.405525751132111e-20,-1.6658625162663972e-31,3531.86572265625,16133,248905,22,2,False,Right,Back,Right,Centre,56
<_io.BytesIO object at 0x000001B18986DC70>,1039382268,-0.07266999781131744,0.6028342247009277,0.10346727818250656,-0.0706377923488617,0.4923906922340393,0.09232769161462784,-0.04800207540392876,0.5432068705558777,15591,248905,22,2,False,Right,Back,Right,Centre,56
<_io.BytesIO object at 0x000001B18986D040>,1900756382,2.0449148489892056e-40,6.979497708007332e-39,9.183549615799121e-41,340848604610560.0,76367880192.0,-9.210502867063042e-07,-5.129510263870418e+23,-2.43583738251224e-22,15888,248905,22,2,False,Right,Back,Right,Centre,56
<_io.BytesIO object at 0x000001B18986D400>,1058242174,0.8047011494636536,0.0,1.8367099231598242e-40,5.361788965174065e-31,-3.855362838958758e-16,2.5363747703200903e-24,363443159040.0,1.1347946311893818e+38,16199,248905,22,2,False,Right,Back,Right,Centre,56
<_io.BytesIO object at 0x000001B18986DF40>,3187001016,-0.5056264996528625,0.0,0.0,0.0,0.0,0.0,9.183549615799121e-40,2.424457098570968e-38,0,248905,22,2,False,Right,Back,Right,Centre,56
<_io.BytesIO object at 0x000001B18986D360>,947,0.8704537153244019,0.03894602134823799,-0.05489455908536911,0.010324426926672459,1.4669548925115468e-24,1.2649662488345328e-36,-1.7394194476091673e+35,-61.311927795410156,15268,248905,22,2,False,Right,Back,Right,Centre,56
<_io.BytesIO object at 0x000001B18986D130>,3157079056,0.00943167693912983,-1.9589021731839364e-26,1.718856282996572e-36,-1.4359945999385383e+34,-1268754944.0,-3409768704.0,-8.15592834008005e-32,1.6746203284929083e-39,-29731,248905,22,2,False,Right,Back,Right,Centre,56
<_io.BytesIO object at 0x000001B18986DD60>,68434333,5.342948306008566e-16,1745.9810791015625,-2.222498172912285e-13,13337247744.0,1.6745726843451213e-39,0.00016693136421963573,1.5498361015432477e-42,0.8367191553115845,-12544,248905,22,2,False,Right,Back,Right,Centre,56
<_io.BytesIO object at 0x000001B18986D540>,3617799454,4.0278447467083935e-29,1.674597907717479e-39,0.00043615692993626,1.778247751228193e-42,0.5287558436393738,0.09722822159528732,-0.10671299695968628,0.009298586286604404,18,248905,22,2,False,Right,Back,Right,Centre,56
<_io.BytesIO object at 0x000001B186ABF4A0>,1063179750,0.03894876688718796,-0.05488494038581848,0.9178816080093384,0.005109687801450491,-0.010492204688489437,0.8319183588027954,0.029532326385378838,-0.05902167782187462,9660,248906,22,2,False,Right,Back,Right,Centre,56
<_io.BytesIO object at 0x000001B186ABF090>,2510831461,-4.44499634582457e-13,1.0604992439766647e-07,-4.872801338326516e+18,-3.5103863208618335e+20,1.2627084003472572e+19,3.837899731065459e-36,2.8918000406663157e-33,0.2214273363351822,16133,248906,22,2,False,Right,Back,Right,Centre,56
<_io.BytesIO object at 0x000001B186A8CAE0>,1039520480,-0.07177422940731049,0.602826714515686,0.10506073385477066,-0.06967271864414215,0.4924607276916504,0.09326818585395813,-0.047122564166784286,0.5432608723640442,-2585,248906,22,2,False,Right,Back,Right,Centre,56
<_io.BytesIO object at 0x000001B186ABF360>,2177383840,2.0473250823478442e-40,6.979497708007332e-39,9.183549615799121e-41,340848604610560.0,76367880192.0,-9.210502867063042e-07,-5.129510263870418e+23,-2.43583738251224e-22,15888,248906,22,2,False,Right,Back,Right,Centre,56
<_io.BytesIO object at 0x000001B189837EF0>,1058242174,0.8047011494636536,0.0,1.8367099231598242e-40,5.361788965174065e-31,-3.855362838958758e-16,2.5363747703200903e-24,363443159040.0,1.1347946311893818e+38,16199,248906,22,2,False,Right,Back,Right,Centre,56
<_io.BytesIO object at 0x000001B189837E50>,3187001016,-0.5056264996528625,0.0,0.0,0.0,0.0,0.0,9.183549615799121e-40,2.424457098570968e-38,0,248906,22,2,False,Right,Back,Right,Centre,56
<_io.BytesIO object at 0x000001B189837C20>,947,0.8704513311386108,0.03894876688718796,-0.05488494038581848,0.010325293056666851,0.2089846432209015,1.2649665178838379e-36,-2.622109913560088e+35,5.299859957693291e+28,15271,248906,22,2,False,Right,Back,Right,Centre,56
<_io.BytesIO object at 0x000001B189837450>,3156993919,0.009431938640773296,6651913.0,1.718845879756773e-36,-2.498792863169886e+34,-7.708009494983494e+27,-5.726189136505127,-2.2259683134741697e-29,1.6746203284929083e-39,13000,248906,22,2,False,Right,Back,Right,Centre,56
<_io.BytesIO object at 0x000001B189837720>,68434331,3.2612801348363973e-16,-6.795467855810642e-26,-4.44499634582457e-13,18218778624.0,1.6745726843451213e-39,0.00017210961959790438,1.5498361015432477e-42,0.8367292284965515,-8569,248906,22,2,False,Right,Back,Right,Centre,56
<_io.BytesIO object at 0x000001B189837270>,3784850718,1.4419982170689632e-29,1.674597907717479e-39,0.00042786914855241776,1.778247751228193e-42,0.5287961363792419,0.09815337508916855,-0.10597503185272217,0.009300418198108673,18,248906,22,2,False,Right,Back,Right,Centre,56
<_io.BytesIO object at 0x000001B189848AE0>,1063179731,0.0389491431415081,-0.05487466976046562,0.9178673624992371,0.005103267729282379,-0.01048879511654377,0.8319044709205627,0.02953198365867138,-0.059015560895204544,9467,248907,22,2,False,Right,Back,Right,Centre,56
<_io.BytesIO object at 0x000001B1898487C0>,2138718053,-4.135159621947333e-14,2.3445159058610443e-07,-1.6865746958281605e+18,2.3249146716842844e-19,1286305526841344.0,-1.8104196961021835e-11,-1655788544196608.0,0.0013102841330692172,16133,248907,22,2,False,Right,Back,Right,Centre,56
<_io.BytesIO object at 0x000001B189848950>,1039649041,-0.07090278714895248,0.6028035283088684,0.10670264065265656,-0.06888939440250397,0.49254485964775085,0.09421701729297638,-0.04620722308754921,0.5432462096214294,-23678,248907,22,2,False,Right,Back,Right,Centre,56
<_io.BytesIO object at 0x000001B189848D10>,518208931,2.048656315888953e-40,6.979497708007332e-39,9.183549615799121e-41,340848604610560.0,76367880192.0,-9.210502867063042e-07,-5.129510263870418e+23,-2.43583738251224e-22,15888,248907,22,2,False,Right,Back,Right,Centre,56
<_io.BytesIO object at 0x000001B189848810>,1058242174,0.8047011494636536,0.0,1.8367099231598242e-40,5.361788965174065e-31,-3.855362838958758e-16,2.5363747703200903e-24,363443159040.0,1.1347946311893818e+38,16199,248907,22,2,False,Right,Back,Right,Centre,56
<_io.BytesIO object at 0x000001B189848EF0>,3187001016,-0.5056264996528625,0.0,0.0,0.0,0.0,0.0,9.183549615799121e-40,2.424457098570968e-38,0,248907,22,2,False,Right,Back,Right,Centre,56
<_io.BytesIO object at 0x000001B189848F90>,947,0.8704501986503601,0.0389491431415081,-0.05487466976046562,0.010326157324016094,9830418.0,1.264966786933143e-36,-7.106956325119545e+34,0.0001986004936043173,15271,248907,22,2,False,Right,Back,Right,Centre,56
<_io.BytesIO object at 0x000001B189848DB0>,3156990258,0.009432199411094189,4.305446191568519e+18,1.7188457003905696e-36,-7.179972999692691e+33,-2.770807213117039e+27,-0.000782921037171036,-5.950914372164598e-27,1.6746203284929083e-39,22847,248907,22,2,False,Right,Back,Right,Centre,56
<_io.BytesIO object at 0x000001B189848310>,68434327,1.0885389811754465e-16,3.3263616217168663e+38,-4.135159621947333e-14,10720002048.0,1.6745726843451213e-39,0.00017130185733549297,1.5498361015432477e-42,0.8367382884025574,-8773,248907,22,2,False,Right,Back,Right,Centre,56
<_io.BytesIO object at 0x000001B1898485E0>,545864990,5.379932955577877e-30,1.674597907717479e-39,0.0004350625677034259,1.778247751228193e-42,0.5286952257156372,0.09896396845579147,-0.10539385676383972,0.009302226826548576,18,248907,22,2,False,Right,Back,Right,Centre,56
<_io.BytesIO object at 0x000001B186B13450>,1063179603,0.03893217071890831,-0.05486910790205002,0.9178683757781982,0.0050297630950808525,-0.010564127005636692,0.8318964838981628,0.02953171916306019,-0.05899996683001518,9241,248908,22,2,False,Right,Back,Right,Centre,56
<_io.BytesIO object at 0x000001B186B13A40>,1885552485,-1.9471627272799746e-13,5.690026227966882e-07,-1.3296260005942514e+23,6.029774070728818e-22,6.270632323511747e+17,2.4355028739387136e+20,0.00047920492943376303,0.1131550520658493,16133,248908,22,2,False,Right,Back,Right,Centre,56
<_io.BytesIO object at 0x000001B186B13F40>,1039790481,-0.06991396844387054,0.6028088927268982,0.10819657891988754,-0.06800799816846848,0.49266317486763,0.09498846530914307,-0.04542616754770279,0.5433650016784668,10601,248908,22,2,False,Right,Back,Right,Centre,56
<_io.BytesIO object at 0x000001B186B13810>,75644326,2.0494410430289747e-40,6.979497708007332e-39,9.183549615799121e-41,340848604610560.0,76367880192.0,-9.210502867063042e-07,-5.129510263870418e+23,-2.43583738251224e-22,15888,248908,22,2,False,Right,Back,Right,Centre,56
<_io.BytesIO object at 0x000001B186B13E50>,1058242174,0.8047011494636536,0.0,1.8367099231598242e-40,5.361788965174065e-31,-3.855362838958758e-16,2.5363747703200903e-24,363443159040.0,1.1347946311893818e+38,16199,248908,22,2,False,Right,Back,Right,Centre,56
<_io.BytesIO object at 0x000001B186B13040>,3187001016,-0.5056264996528625,0.0,0.0,0.0,0.0,0.0,9.183549615799121e-40,2.424457098570968e-38,0,248908,22,2,False,Right,Back,Right,Centre,56
<_io.BytesIO object at 0x000001B186B13310>,947,0.8704425692558289,0.03893217071890831,-0.05486910790205002,0.010327018797397614,2.2333904937924335e-23,1.2649670559824482e-36,-7.658637866338871e+34,-24460873728.0,15268,248908,22,2,False,Right,Back,Right,Centre,56
<_io.BytesIO object at 0x000001B186B13EF0>,3157071145,0.009432461112737656,-14680082.0,1.718857000461386e-36,-3.4682920422244356e+33,-1.2500039147616811e+27,-1.0801939448164613e-13,-1.5686705190231309e-24,1.6746203284929083e-39,11814,248908,22,2,False,Right,Back,Right,Centre,56
<_io.BytesIO object at 0x000001B186B13AE0>,68434332,3.3176586478056436e-17,2.813189460603833e+29,-1.9471627272799746e-13,6198861824.0,1.6745726843451213e-39,0.00016469655383843929,1.5498361015432477e-42,0.8367476463317871,-6687,248908,22,2,False,Right,Back,Right,Centre,56
<_io.BytesIO object at 0x000001B1899632C0>,473316638,1.999713185720553e-30,1.674597907717479e-39,0.0004299443098716438,1.778247751228193e-42,0.528763473033905,0.09979500621557236,-0.10460277646780014,0.009304312989115715,18,248908,22,2,False,Right,Back,Right,Centre,56
<_io.BytesIO object at 0x000001B1898B7310>,1063179313,0.038938816636800766,-0.05485936999320984,0.9178717136383057,0.005123150069266558,-0.0104879941791296,0.8318769931793213,0.029525239020586014,-0.058997996151447296,8737,248909,22,2,False,Right,Back,Right,Centre,56
<_io.BytesIO object at 0x000001B1898B7360>,1389969253,-2.533873311909643e-14,1.1303484370728256e-07,-4.7314131684017246e+35,2183531040079872.0,1.8379514714539295e+33,-1.5349368958672915e-31,-6.054998907915218e-24,86.3707504272461,16133,248909,22,2,False,Right,Back,Right,Centre,56
<_io.BytesIO object at 0x000001B1898B7EF0>,1039909648,-0.06910557299852371,0.6029118299484253,0.10964794456958771,-0.06729496270418167,0.49285271763801575,0.09583413600921631,-0.04466787725687027,0.5434985160827637,-21246,248909,22,2,False,Right,Back,Right,Centre,56
<_io.BytesIO object at 0x000001B1898B7900>,3366862248,2.0501136662918506e-40,6.979497708007332e-39,9.183549615799121e-41,340848604610560.0,76367880192.0,-9.210502867063042e-07,-5.129510263870418e+23,-2.43583738251224e-22,15888,248909,22,2,False,Right,Back,Right,Centre,56
<_io.BytesIO object at 0x000001B1898B74F0>,1058242174,0.8047011494636536,0.0,1.8367099231598242e-40,5.361788965174065e-31,-3.855362838958758e-16,2.5363747703200903e-24,363443159040.0,1.1347946311893818e+38,16199,248909,22,2,False,Right,Back,Right,Centre,56
<_io.BytesIO object at 0x000001B1898B7F40>,3187001016,-0.5056264996528625,0.0,0.0,0.0,0.0,0.0,9.183549615799121e-40,2.424457098570968e-38,0,248909,22,2,False,Right,Back,Right,Centre,56
<_io.BytesIO object at 0x000001B1898B7400>,947,0.870425283908844,0.038938816636800766,-0.05485936999320984,0.010327877476811409,nan,1.2649666972500413e-36,-1.0644208559996397e+35,-4.417064543827316e+19,15271,248909,22,2,False,Right,Back,Right,Centre,56
<_io.BytesIO object at 0x000001B1898B7C20>,3156989398,0.009432720020413399,0.024658236652612686,1.718844624193349e-36,-5.780486737040726e+32,-8.439651143692321e+18,-6.279367369637192e-15,-4.048883753201336e-22,1.6746203284929083e-39,25701,248909,22,2,False,Right,Back,Right,Centre,56
<_io.BytesIO object at 0x000001B1898B7D60>,68434332,2.1819568721270777e-18,466535743488.0,-2.533873311909643e-14,8413454336.0,1.6745726843451213e-39,0.00015797560627106577,1.5498361015432477e-42,0.8367301225662231,-1354,248909,22,2,False,Right,Back,Right,Centre,56
<_io.BytesIO object at 0x000001B1898B7540>,1492663582,7.217954260235478e-31,1.674597907717479e-39,0.00044055964099243283,1.778247751228193e-42,0.5291550755500793,0.10085349529981613,-0.10331900417804718,0.00930581334978342,18,248909,22,2,False,Right,Back,Right,Centre,56
<_io.BytesIO object at 0x000001B189833D10>,1063179008,0.03893173858523369,-0.05485222116112709,0.9178600907325745,0.005121275316923857,-0.010500073432922363,0.8318461775779724,0.02952028438448906,-0.05899370089173317,8197,248910,22,2,False,Right,Back,Right,Centre,56
<_io.BytesIO object at 0x000001B189833C70>,3195486053,-1.3019345801099091e-12,5.814723635921837e-08,7.207173507842691e-37,1.090569488464854e+30,-2.882048982122571e-35,1.016985879554435e+26,1.5450537501442e-38,0.17162254452705383,16133,248910,22,2,False,Right,Back,Right,Centre,56
<_io.BytesIO object at 0x000001B189833F90>,1040027935,-0.0683857873082161,0.6029081344604492,0.11107373237609863,-0.06661795824766159,0.49303925037384033,0.09668462723493576,-0.04376355931162834,0.5437029004096985,31331,248910,22,2,False,Right,Back,Right,Centre,56
<_io.BytesIO object at 0x000001B189833E50>,1194933675,2.050478003892575e-40,6.979497708007332e-39,9.183549615799121e-41,340848604610560.0,76367880192.0,-9.210502867063042e-07,-5.129510263870418e+23,-2.43583738251224e-22,15888,248910,22,2,False,Right,Back,Right,Centre,56
<_io.BytesIO object at 0x000001B189831680>,1058242174,0.8047011494636536,0.0,1.8367099231598242e-40,5.361788965174065e-31,-3.855362838958758e-16,2.5363747703200903e-24,363443159040.0,1.1347946311893818e+38,16199,248910,22,2,False,Right,Back,Right,Centre,56
<_io.BytesIO object at 0x000001B189831360>,3187001016,-0.5056264996528625,0.0,0.0,0.0,0.0,0.0,9.183549615799121e-40,2.424457098570968e-38,0,248910,22,2,False,Right,Back,Right,Centre,56
<_io.BytesIO object at 0x000001B189831090>,947,0.8704071044921875,0.03893173858523369,-0.05485222116112709,0.01032873336225748,-3.5437163873970927e-32,1.264966786933143e-36,-3.6508337286573007e+34,-14981900288.0,15271,248910,22,2,False,Right,Back,Right,Centre,56
<_io.BytesIO object at 0x000001B189831860>,3157002368,0.009432977996766567,-2.292218019843038e-37,1.7188453416581627e-36,-3.5335760481361895e+31,-4612704698368.0,-1.2210179285198365e-17,-1.028043911346999e-19,1.6746203284929083e-39,5357,248910,22,2,False,Right,Back,Right,Centre,56
<_io.BytesIO object at 0x000001B189831270>,68434332,1.1265538198482195e-19,-0.24145276844501495,-1.3019345801099091e-12,12666159104.0,1.6745726843451213e-39,0.00015520407760050148,1.5498361015432477e-42,0.8367229104042053,885,248910,22,2,False,Right,Back,Right,Centre,56
<_io.BytesIO object at 0x000001B189831770>,1901870367,6.509212040700976e-31,1.674597907717479e-39,0.0004347180074546486,1.778247751228193e-42,0.5293899178504944,0.10176593065261841,-0.10254031419754028,0.009307288564741611,18,248910,22,2,False,Right,Back,Right,Centre,56
<_io.BytesIO object at 0x000001B18986F4F0>,1063178613,0.038924574851989746,-0.054868534207344055,0.9178497791290283,0.005127929616719484,-0.010501667857170105,0.831815242767334,0.029501095414161682,-0.05898711457848549,7634,248911,22,2,False,Right,Back,Right,Centre,56
<_io.BytesIO object at 0x000001B18986F630>,2776907621,-1.1385097508850861e-12,1.3489071193362179e-08,-5.319964429664169e+22,-6.69151856077124e-22,8.735312942234592e+35,1.755279186220674e+20,0.0001776137069100514,60.435367584228516,16133,248911,22,2,False,Right,Back,Right,Centre,56
<_io.BytesIO object at 0x000001B18986F1D0>,1040143161,-0.06775876879692078,0.603011429309845,0.11240264028310776,-0.06608878821134567,0.49328023195266724,0.09746184945106506,-0.04301741346716881,0.5440125465393066,-19750,248911,22,2,False,Right,Back,Right,Centre,56
<_io.BytesIO object at 0x000001B18986F3B0>,3443015085,2.050814315524013e-40,6.979497708007332e-39,9.183549615799121e-41,340848604610560.0,76367880192.0,-9.210502867063042e-07,-5.129510263870418e+23,-2.43583738251224e-22,15888,248911,22,2,False,Right,Back,Right,Centre,56
<_io.BytesIO object at 0x000001B18986F180>,1058242174,0.8047011494636536,0.0,1.8367099231598242e-40,5.361788965174065e-31,-3.855362838958758e-16,2.5363747703200903e-24,363443159040.0,1.1347946311893818e+38,16199,248911,22,2,False,Right,Back,Right,Centre,56
<_io.BytesIO object at 0x000001B189833C70>,3187001016,-0.5056264996528625,0.0,0.0,0.0,0.0,0.0,9.183549615799121e-40,2.424457098570968e-38,0,248911,22,2,False,Right,Back,Right,Centre,56
<_io.BytesIO object at 0x000001B189833E00>,947,0.8703835606575012,0.038924574851989746,-0.054868534207344055,0.010329586453735828,-147334860111872.0,1.2649666075669396e-36,-1.4603334914629203e+34,5.333854289669093e-34,15272,248911,22,2,False,Right,Back,Right,Centre,56
<_io.BytesIO object at 0x000001B189833BD0>,3157004080,0.009433235973119736,114688.140625,1.7188444448271455e-36,-2.139160387885137e+30,-2.8456863601644677e-12,-8.246595393176862e-22,-2.5667402826991873e-17,1.6746203284929083e-39,-20447,248911,22,2,False,Right,Back,Right,Centre,56
<_io.BytesIO object at 0x000001B1898339F0>,68434333,5.558653716356346e-21,-2.2941307688209448e-16,-1.1385097508850861e-12,17095344128.0,1.6745726843451213e-39,0.00016355903062503785,1.5498361015432477e-42,0.8367065787315369,-6860,248911,22,2,False,Right,Back,Right,Centre,56
<_io.BytesIO object at 0x000001B189833810>,2622111006,5.800469821166473e-31,1.674597907717479e-39,0.0004300709697417915,1.778247751228193e-42,0.5292229652404785,0.10223597288131714,-0.10215993225574493,0.009308993816375732,18,248911,22,2,False,Right,Back,Right,Centre,56
<_io.BytesIO object at 0x000001B18988ACC0>,1063178114,0.03892063722014427,-0.05486628785729408,0.9178397059440613,0.005136800464242697,-0.010506066493690014,0.8317930698394775,0.029496842995285988,-0.05898144841194153,6440,248912,22,2,False,Right,Back,Right,Centre,56
<_io.BytesIO object at 0x000001B18988A040>,4278009701,-5.0919377932987766e-23,5.580382378411741e-09,-4.914494681812828e+17,-2.8335942880106636e-24,1.194520406553481e+34,-9.73648719699953e-14,2.254162949246846e-26,282094.5,16133,248912,22,2,False,Right,Back,Right,Centre,56
<_io.BytesIO object at 0x000001B18988AD60>,1040215691,-0.06708881258964539,0.6031426787376404,0.1136665865778923,-0.06544016301631927,0.49349215626716614,0.09829700738191605,-0.04223356395959854,0.5442901849746704,21759,248912,22,2,False,Right,Back,Right,Centre,56
<_io.BytesIO object at 0x000001B18988A6D0>,596721072,2.0511786531247375e-40,6.979497708007332e-39,9.183549615799121e-41,340848604610560.0,76367880192.0,-9.210502867063042e-07,-5.129510263870418e+23,-2.43583738251224e-22,15888,248912,22,2,False,Right,Back,Right,Centre,56
<_io.BytesIO object at 0x000001B18986D310>,1058242174,0.8047011494636536,0.0,1.8367099231598242e-40,5.361788965174065e-31,-3.855362838958758e-16,2.5363747703200903e-24,363443159040.0,1.1347946311893818e+38,16199,248912,22,2,False,Right,Back,Right,Centre,56
<_io.BytesIO object at 0x000001B18986DE00>,3187001016,-0.5056264996528625,0.0,0.0,0.0,0.0,0.0,9.183549615799121e-40,2.424457098570968e-38,0,248912,22,2,False,Right,Back,Right,Centre,56
<_io.BytesIO object at 0x000001B18986D090>,947,0.8703538179397583,0.03892063722014427,-0.05486628785729408,0.010330436751246452,-2.302571873174675e+29,1.2649670559824482e-36,-5.638509869815164e+33,333391921152.0,15272,248912,22,2,False,Right,Back,Right,Centre,56
<_io.BytesIO object at 0x000001B18986DD10>,3157008803,0.009433405473828316,4.437349362715652e-30,1.71884623848918e-36,-2.822503289570667e+29,-1.1993844258055534e-17,-2.201044445525965e-25,-6.29329936755363e-15,1.6746203284929083e-39,-1114,248912,22,2,False,Right,Back,Right,Centre,56
<_io.BytesIO object at 0x000001B18986D5E0>,68434332,8.68539643180679e-24,-1.6831192307952069e+38,-5.0919377932987766e-23,6131752960.0,1.6745726843451213e-39,0.0002002976689254865,1.5498361015432477e-42,0.8366965651512146,-8998,248912,22,2,False,Right,Back,Right,Centre,56
<_io.BytesIO object at 0x000001B18986D220>,2556116254,2.0374182954977547e-31,1.674597907717479e-39,0.000432042230386287,1.778247751228193e-42,0.5291759371757507,0.10286303609609604,-0.10160230845212936,0.009310977533459663,18,248912,22,2,False,Right,Back,Right,Centre,56
<_io.BytesIO object at 0x000001B189837CC0>,1063177939,0.038905706256628036,-0.05488128960132599,0.917837381362915,0.005150374956429005,-0.010511258617043495,0.8317651748657227,0.029491765424609184,-0.05897822976112366,6458,248913,22,2,False,Right,Back,Right,Centre,56
<_io.BytesIO object at 0x000001B1898376D0>,131743589,-6.613293024315681e-09,2.9211584262611723e-09,-1.4159386864911718e+26,-3.62508643878104e-24,1.2162228868867578e+36,1.2051879809725316e-33,-374.4830322265625,1046861447168.0,16133,248913,22,2,False,Right,Back,Right,Centre,56
<_io.BytesIO object at 0x000001B189837B80>,1040268698,-0.066368967294693,0.6032667756080627,0.11486716568470001,-0.06487204134464264,0.4937311112880707,0.09898769110441208,-0.04152170941233635,0.5446372032165527,28131,248913,22,2,False,Right,Back,Right,Centre,56
<_io.BytesIO object at 0x000001B189837360>,1542602162,2.0514589128176024e-40,6.979497708007332e-39,9.183549615799121e-41,340848604610560.0,76367880192.0,-9.210502867063042e-07,-5.129510263870418e+23,-2.43583738251224e-22,15888,248913,22,2,False,Right,Back,Right,Centre,56
<_io.BytesIO object at 0x000001B189837450>,1058242174,0.8047011494636536,0.0,1.8367099231598242e-40,5.361788965174065e-31,-3.855362838958758e-16,2.5363747703200903e-24,363443159040.0,1.1347946311893818e+38,16199,248913,22,2,False,Right,Back,Right,Centre,56
<_io.BytesIO object at 0x000001B186A8CAE0>,3187001016,-0.5056264996528625,0.0,0.0,0.0,0.0,0.0,9.183549615799121e-40,2.424457098570968e-38,0,248913,22,2,False,Right,Back,Right,Centre,56
<_io.BytesIO object at 0x000001B189837130>,947,0.8703433871269226,0.038905706256628036,-0.05488128960132599,0.010331285186111927,1.2282699608940365e+27,1.264967414714855e-36,-4.624389389632581e+33,-1000.9908447265625,15272,248913,22,2,False,Right,Back,Right,Centre,56
<_io.BytesIO object at 0x000001B1898373B0>,3157014378,0.009433574043214321,-0.984376072883606,1.7188465972215867e-36,-2.2282920707136845e+28,-4.7368336345353485e-24,-2.1234627565403183e-27,-1.5116086550873153e-12,1.6746203284929083e-39,-31772,248913,22,2,False,Right,Back,Right,Centre,56
<_io.BytesIO object at 0x000001B1FFEA50E0>,68434333,9.615974620928947e-24,3.283825432202381e-34,-6.613293024315681e-09,15216295936.0,1.6745726843451213e-39,0.00015408371109515429,1.5498361015432477e-42,0.8366894721984863,-5398,248913,22,2,False,Right,Back,Right,Centre,56
<_io.BytesIO object at 0x000001B1FFEA52C0>,2559327518,1.080338905969269e-31,1.674597907717479e-39,0.0004379292076919228,1.778247751228193e-42,0.5292268991470337,0.10353237390518188,-0.10095926374197006,0.009312639012932777,18,248913,22,2,False,Right,Back,Right,Centre,56
<_io.BytesIO object at 0x000001B18983D3B0>,1063177589,0.03891381993889809,-0.05487257242202759,0.9178330898284912,0.005164789967238903,-0.01051697414368391,0.8317515254020691,0.029496202245354652,-0.0589783675968647,6324,248914,22,2,False,Right,Back,Right,Centre,56
<_io.BytesIO object at 0x000001B18983D4A0>,4152442725,-0.00016806699568405747,4.881890447450132e-09,-3.0328211782637453e+32,-25264975872.0,-7.556917930447632e-31,-7151491.5,-4.2236400357800095e+33,1.4897287442783535e+19,16133,248914,22,2,False,Right,Back,Right,Centre,56
<_io.BytesIO object at 0x000001B18983D090>,1040323536,-0.06579873710870743,0.603541374206543,0.11602646112442017,-0.064390167593956,0.4940960705280304,0.09971337020397186,-0.04071052372455597,0.5451326966285706,18951,248914,22,2,False,Right,Back,Right,Centre,56
<_io.BytesIO object at 0x000001B18983D310>,3488497076,2.0517952244490404e-40,6.979497708007332e-39,9.183549615799121e-41,340848604610560.0,76367880192.0,-9.210502867063042e-07,-5.129510263870418e+23,-2.43583738251224e-22,15888,248914,22,2,False,Right,Back,Right,Centre,56
<_io.BytesIO object at 0x000001B18983D040>,1058242174,0.8047011494636536,0.0,1.8367099231598242e-40,5.361788965174065e-31,-3.855362838958758e-16,2.5363747703200903e-24,363443159040.0,1.1347946311893818e+38,16199,248914,22,2,False,Right,Back,Right,Centre,56
<_io.BytesIO object at 0x000001B18983DBD0>,3187001016,-0.5056264996528625,0.0,0.0,0.0,0.0,0.0,9.183549615799121e-40,2.424457098570968e-38,0,248914,22,2,False,Right,Back,Right,Centre,56
<_io.BytesIO object at 0x000001B18983DD60>,947,0.8703225255012512,0.03891381993889809,-0.05487257242202759,0.010332130827009678,-3.8180108172174487e-35,1.264967773447262e-36,-3.1640558981696606e+33,0.05621282011270523,15273,248914,22,2,False,Right,Back,Right,Centre,56
<_io.BytesIO object at 0x000001B18983DEF0>,3157020515,0.009433742612600327,4.342843445970246e-11,1.718845879756773e-36,-6.615242084931251e+27,-1.8058386747798285e-18,-2.5904684124311572e-27,-3.542300064385273e-10,1.6746203284929083e-39,-8909,248914,22,2,False,Right,Back,Right,Centre,56
<_io.BytesIO object at 0x000001B1898320E0>,68434334,4.652890945610781e-24,-5.242906942190912e+33,-0.00016806699568405747,38048169984.0,1.6745726843451213e-39,0.00015060941223055124,1.5498361015432477e-42,0.83669513463974,-2705,248914,22,2,False,Right,Back,Right,Centre,56
<_io.BytesIO object at 0x000001B189832270>,3501997342,4.1067761243258544e-32,1.674597907717479e-39,0.00044104759581387043,1.778247751228193e-42,0.5295022130012512,0.10439081490039825,-0.10008108615875244,0.009314031340181828,18,248914,22,2,False,Right,Back,Right,Centre,56
<_io.BytesIO object at 0x000001B189848B30>,1063177527,0.038920868188142776,-0.054879505187273026,0.9178364276885986,0.005174444057047367,-0.010521512478590012,0.8317438364028931,0.02950354665517807,-0.05896956846117973,6067,248915,22,2,False,Right,Back,Right,Centre,56
<_io.BytesIO object at 0x000001B18983D5E0>,762724197,-0.0005387536366470158,1.1160764756823482e-08,-1.3769690231067674e+32,-3.332311538942525e+30,-6.117375269537595e-12,-0.30712148547172546,0.0738484188914299,1.1287823720131518e+26,16133,248915,22,2,False,Right,Back,Right,Centre,56
<_io.BytesIO object at 0x000001B189848630>,1040374644,-0.06513339281082153,0.6038038730621338,0.11706168204545975,-0.06384408473968506,0.4944486916065216,0.10039611905813217,-0.04000425338745117,0.5455618500709534,-2390,248915,22,2,False,Right,Back,Right,Centre,56
<_io.BytesIO object at 0x000001B189848720>,3683138997,2.0520194322033324e-40,6.979497708007332e-39,9.183549615799121e-41,340848604610560.0,76367880192.0,-9.210502867063042e-07,-5.129510263870418e+23,-2.43583738251224e-22,15888,248915,22,2,False,Right,Back,Right,Centre,56
<_io.BytesIO object at 0x000001B189848CC0>,1058242174,0.8047011494636536,0.0,1.8367099231598242e-40,5.361788965174065e-31,-3.855362838958758e-16,2.5363747703200903e-24,363443159040.0,1.1347946311893818e+38,16199,248915,22,2,False,Right,Back,Right,Centre,56
<_io.BytesIO object at 0x000001B189848F40>,3187001016,-0.5056264996528625,0.0,0.0,0.0,0.0,0.0,9.183549615799121e-40,2.424457098570968e-38,0,248915,22,2,False,Right,Back,Right,Centre,56
<_io.BytesIO object at 0x000001B189848A90>,947,0.8703188300132751,0.038920868188142776,-0.054879505187273026,0.010333122685551643,-4.293446558743008e-17,1.264967414714855e-36,-4.299870835974154e+33,-2.7887183476082978e-30,15273,248915,22,2,False,Right,Back,Right,Centre,56
<_io.BytesIO object at 0x000001B189848EF0>,3157025388,0.009433996863663197,-3.687504291534424,1.7188457003905696e-36,-3.2882782293517914e+27,-3.4378517810296216e-09,-7.089254350227578e-33,-8.043833332749273e-08,1.6746203284929083e-39,2354,248915,22,2,False,Right,Back,Right,Centre,56
<_io.BytesIO object at 0x000001B189848B80>,68434336,1.1567603878671246e-24,1.3997557453404585e-11,-0.0005387536366470158,98644918272.0,1.6745726843451213e-39,0.0001565303246024996,1.5498361015432477e-42,0.8367041945457458,-2855,248915,22,2,False,Right,Back,Right,Centre,56
<_io.BytesIO object at 0x000001B189848DB0>,4062723358,3.702330836004535e-32,1.674597907717479e-39,0.00044004450319334865,1.778247751228193e-42,0.5299810767173767,0.10534403473138809,-0.0992385670542717,0.009315397590398788,18,248915,22,2,False,Right,Back,Right,Centre,56
<_io.BytesIO object at 0x000001B186B134F0>,1063177297,0.03890199214220047,-0.05488504469394684,0.9178234338760376,0.005157517269253731,-0.010524478740990162,0.8317280411720276,0.02951180376112461,-0.05895712971687317,5293,248916,22,2,False,Right,Back,Right,Centre,56
<_io.BytesIO object at 0x000001B186B13400>,3373612901,-3.096484180176162e-10,2.127379161720455e-08,-5.202332838433314e+33,-1.0433420295359934e+21,-0.04742090031504631,1.2576029838755295e-31,8.232597371958077e-24,-2.9202418762351913e-37,16133,248916,22,2,False,Right,Back,Right,Centre,56
<_io.BytesIO object at 0x000001B186B13770>,1040420417,-0.06451981514692307,0.6041115522384644,0.11800772696733475,-0.06320715695619583,0.49482205510139465,0.10118582844734192,-0.03935660794377327,0.5461880564689636,26614,248916,22,2,False,Right,Back,Right,Centre,56
<_io.BytesIO object at 0x000001B186B13E00>,2533113271,2.052159562049765e-40,6.979497708007332e-39,9.183549615799121e-41,340848604610560.0,76367880192.0,-9.210502867063042e-07,-5.129510263870418e+23,-2.43583738251224e-22,15888,248916,22,2,False,Right,Back,Right,Centre,56
<_io.BytesIO object at 0x000001B186B13860>,1058242174,0.8047011494636536,0.0,1.8367099231598242e-40,5.361788965174065e-31,-3.855362838958758e-16,2.5363747703200903e-24,363443159040.0,1.1347946311893818e+38,16199,248916,22,2,False,Right,Back,Right,Centre,56
<_io.BytesIO object at 0x000001B186B13900>,3187001016,-0.5056264996528625,0.0,0.0,0.0,0.0,0.0,9.183549615799121e-40,2.424457098570968e-38,0,248916,22,2,False,Right,Back,Right,Centre,56
<_io.BytesIO object at 0x000001B186B13450>,947,0.8703051209449768,0.03890199214220047,-0.05488504469394684,0.010333963669836521,7.954516220698041e+31,1.2649688496444826e-36,-1.2676506002282294e+33,9.20629829506897e-39,15273,248916,22,2,False,Right,Back,Right,Centre,56
<_io.BytesIO object at 0x000001B186B13950>,3157028573,0.009434251114726067,-2.1705248353959856e-20,1.71884677658779e-36,-7.785482278318212e+26,-94.62368774414062,1.1318214581185946e+37,-1.7492771803517826e-05,1.6746203284929083e-39,16569,248916,22,2,False,Right,Back,Right,Centre,56
<_io.BytesIO object at 0x000001B186B13180>,68434333,1.7468535885214085e-26,-611318.3125,-3.096484180176162e-10,136225882112.0,1.6745726843451213e-39,0.00019505902309902012,1.5498361015432477e-42,0.8367112874984741,-2176,248916,22,2,False,Right,Back,Right,Centre,56
<_io.BytesIO object at 0x000001B186B139F0>,3798088990,1.34079398273965e-32,1.674597907717479e-39,0.0004385811625979841,1.778247751228193e-42,0.5302315950393677,0.10598018020391464,-0.09868072718381882,0.009316983632743359,18,248916,22,2,False,Right,Back,Right,Centre,56
<_io.BytesIO object at 0x000001B18988ADB0>,1063177160,0.0388932079076767,-0.05488529056310654,0.9178315997123718,0.005167657043784857,-0.010532612912356853,0.8317174911499023,0.029497621580958366,-0.058960240334272385,5343,248917,22,2,False,Right,Back,Right,Centre,56
<_io.BytesIO object at 0x000001B18988A220>,2494447461,-7.696858261851958e-09,9.938403877640667e-09,3.090216801568617e-38,-43013763072.0,-19953878.0,59571228.0,9.330331620555791e-30,-3.209507182761981e-29,16133,248917,22,2,False,Right,Back,Right,Centre,56
<_io.BytesIO object at 0x000001B18988AA90>,1040469637,-0.06384282559156418,0.6045268774032593,0.11891788989305496,-0.06263553351163864,0.4951798915863037,0.10178463906049728,-0.03862939774990082,0.5467475652694702,-32068,248917,22,2,False,Right,Back,Right,Centre,56
<_io.BytesIO object at 0x000001B18988A9F0>,3141615032,2.052285678911554e-40,6.979497708007332e-39,9.183549615799121e-41,340848604610560.0,76367880192.0,-9.210502867063042e-07,-5.129510263870418e+23,-2.43583738251224e-22,15888,248917,22,2,False,Right,Back,Right,Centre,56
<_io.BytesIO object at 0x000001B18988AC20>,1058242174,0.8047011494636536,0.0,1.8367099231598242e-40,5.361788965174065e-31,-3.855362838958758e-16,2.5363747703200903e-24,363443159040.0,1.1347946311893818e+38,16199,248917,22,2,False,Right,Back,Right,Centre,56
<_io.BytesIO object at 0x000001B1898B7BD0>,3187001016,-0.5056264996528625,0.0,0.0,0.0,0.0,0.0,9.183549615799121e-40,2.424457098570968e-38,0,248917,22,2,False,Right,Back,Right,Centre,56
<_io.BytesIO object at 0x000001B1898B7090>,947,0.8702969551086426,0.0388932079076767,-0.05488529056310654,0.010334801860153675,1.8253942926094169e-06,1.2649680424965671e-36,-2.656995658078369e+33,16715855429632.0,15273,248917,22,2,False,Right,Back,Right,Centre,56
<_io.BytesIO object at 0x000001B1898B75E0>,3157037307,0.009434416890144348,2.7105084090639663e-17,1.7188464178553833e-36,-2.90142196707511e+26,-1.1069590361024713e-16,-6.909523869191272e-39,-0.0037344361189752817,1.6746203284929083e-39,-22046,248917,22,2,False,Right,Back,Right,Centre,56
<_io.BytesIO object at 0x000001B1898B7EF0>,68434331,2.251724567862856e-26,-1.7594514814736343e-26,-7.696858261851958e-09,210174738432.0,1.6745726843451213e-39,0.00020065941498614848,1.5498361015432477e-42,0.8367029428482056,296,248917,22,2,False,Right,Back,Right,Centre,56
<_io.BytesIO object at 0x000001B1898B7900>,3508550943,5.1575442797121585e-33,1.674597907717479e-39,0.00043877895222976804,1.778247751228193e-42,0.5304503440856934,0.10659100860357285,-0.0981735959649086,0.009318549185991287,18,248917,22,2,False,Right,Back,Right,Centre,56
<_io.BytesIO object at 0x000001B18986F810>,1063177113,0.03888233006000519,-0.054895736277103424,0.9178252220153809,0.005165751092135906,-0.01054080668836832,0.8316706418991089,0.02951228804886341,-0.05895330011844635,5500,248918,22,2,False,Right,Back,Right,Centre,56
<_io.BytesIO object at 0x000001B18986F770>,3741007717,-73846.2734375,2.0458884364416008e-08,-3.348977598604454e+36,-1.3987607209856203e+30,-3.3950949823217664e+16,-3.4792498810050126e-23,-3.9810824262867893e+31,-8.625495283298701e-12,16133,248918,22,2,False,Right,Back,Right,Centre,56
<_io.BytesIO object at 0x000001B18986FB80>,1040510260,-0.06314944475889206,0.6049073934555054,0.11970452964305878,-0.061980172991752625,0.4956549406051636,0.10234229266643524,-0.037877246737480164,0.5472805500030518,-11035,248918,22,2,False,Right,Back,Right,Centre,56
<_io.BytesIO object at 0x000001B18986F9A0>,129580473,2.052453834727273e-40,6.979497708007332e-39,9.183549615799121e-41,340848604610560.0,76367880192.0,-9.210502867063042e-07,-5.129510263870418e+23,-2.43583738251224e-22,15888,248918,22,2,False,Right,Back,Right,Centre,56
<_io.BytesIO object at 0x000001B18986FA90>,1058242174,0.8047011494636536,0.0,1.8367099231598242e-40,5.361788965174065e-31,-3.855362838958758e-16,2.5363747703200903e-24,363443159040.0,1.1347946311893818e+38,16199,248918,22,2,False,Right,Back,Right,Centre,56
<_io.BytesIO object at 0x000001B18986FD60>,3187001016,-0.5056264996528625,0.0,0.0,0.0,0.0,0.0,9.183549615799121e-40,2.424457098570968e-38,0,248918,22,2,False,Right,Back,Right,Centre,56
<_io.BytesIO object at 0x000001B18986FF90>,947,0.8702941536903381,0.03888233006000519,-0.054895736277103424,0.01033563818782568,-8.427989457407652e-20,1.2649679528134654e-36,-1.541463129877527e+33,3939.96337890625,15273,248918,22,2,False,Right,Back,Right,Centre,56
<_io.BytesIO object at 0x000001B18984B0E0>,3157046105,0.009434833191335201,4.140579233214938e+25,1.7188469559539936e-36,-4.193461436788245e+24,-386.4947509765625,4.291370149312389e+34,-0.30613282322883606,1.6746203284929083e-39,-2652,248918,22,2,False,Right,Back,Right,Centre,56
<_io.BytesIO object at 0x000001B18986FF90>,68434348,5.0890994717617914e-26,-9.052150038863544e+18,-73846.2734375,909418430464.0,1.6745726843451213e-39,0.00016121414955705404,1.5498361015432477e-42,0.8367108702659607,-991,248918,22,2,False,Right,Back,Right,Centre,56
<_io.BytesIO object at 0x000001B18986FAE0>,4052565278,1.9408078457778074e-33,1.674597907717479e-39,0.00044282275484874845,1.778247751228193e-42,0.5306845307350159,0.107227623462677,-0.09763332456350327,0.009320385754108429,18,248918,22,2,False,Right,Back,Right,Centre,56
<_io.BytesIO object at 0x000001B1898B7400>,1063177029,0.03887389227747917,-0.05489345267415047,0.9178287386894226,0.0051682791672647,-0.010539602488279343,0.8316599726676941,0.02950480580329895,-0.058941178023815155,5229,248919,22,2,False,Right,Back,Right,Centre,56
<_io.BytesIO object at 0x000001B1898B7040>,2469740389,-71798.2734375,2.9655694788743858e-08,5.463600167407324e-35,9.301680030218566e-27,-5.109773531749743e+31,-1.6860367056905524e+30,2.017120495474665e+36,-50.935325622558594,16133,248919,22,2,False,Right,Back,Right,Centre,56
<_io.BytesIO object at 0x000001B1898B75E0>,1040559044,-0.062437061220407486,0.6053862571716309,0.12041919678449631,-0.06128127500414848,0.49615564942359924,0.10289458930492401,-0.0372089184820652,0.5479168891906738,-22687,248919,22,2,False,Right,Back,Right,Centre,56
<_io.BytesIO object at 0x000001B1898B7EF0>,643448250,2.0525799515890623e-40,6.979497708007332e-39,9.183549615799121e-41,340848604610560.0,76367880192.0,-9.210502867063042e-07,-5.129510263870418e+23,-2.43583738251224e-22,15888,248919,22,2,False,Right,Back,Right,Centre,56
<_io.BytesIO object at 0x000001B1898B74F0>,1058242174,0.8047011494636536,0.0,1.8367099231598242e-40,5.361788965174065e-31,-3.855362838958758e-16,2.5363747703200903e-24,363443159040.0,1.1347946311893818e+38,16199,248919,22,2,False,Right,Back,Right,Centre,56
<_io.BytesIO object at 0x000001B1898B7C70>,3187001016,-0.5056264996528625,0.0,0.0,0.0,0.0,0.0,9.183549615799121e-40,2.424457098570968e-38,0,248919,22,2,False,Right,Back,Right,Centre,56
<_io.BytesIO object at 0x000001B1898B7B30>,947,0.870289146900177,0.03887389227747917,-0.05489345267415047,0.01033647172152996,2.9984942480354437e-12,1.2649675940810585e-36,-2.1397942131852512e+33,2.410097275830272e+16,15273,248919,22,2,False,Right,Back,Right,Centre,56
<_io.BytesIO object at 0x000001B1898B7310>,3157044812,0.009435084648430347,-1.9891944319444233e-26,1.7188476734188073e-36,-1.6150493371414187e+24,-1.3434083712127176e-07,9.973060259796302e+26,-24.217500686645508,1.6746203284929083e-39,-10956,248919,22,2,False,Right,Back,Right,Centre,56
<_io.BytesIO object at 0x000001B1898B76D0>,68434346,1.1965442210392307e-26,-2.2876667732267962e-27,-71798.2734375,3912551628800.0,1.6745726843451213e-39,0.00015366701700259,1.5498361015432477e-42,0.836715579032898,1681,248919,22,2,False,Right,Back,Right,Centre,56
<_io.BytesIO object at 0x000001B1898B7360>,339229983,7.108969227200791e-34,1.674597907717479e-39,0.0004538268258329481,1.778247751228193e-42,0.5310688614845276,0.10788281261920929,-0.09691573679447174,0.009321958757936954,18,248919,22,2,False,Right,Back,Right,Centre,56
<_io.BytesIO object at 0x000001B186B136D0>,1063176805,0.03885935992002487,-0.0548737607896328,0.917833685874939,0.005161067005246878,-0.010535984300076962,0.8316391110420227,0.02950005978345871,-0.05891980230808258,4558,248920,22,2,False,Right,Back,Right,Centre,56
<_io.BytesIO object at 0x000001B1899637C0>,1806188389,-1.8064199224995803e-12,5.3257792842487106e-08,-4.835259105572421e+35,0.4574975371360779,1.4617200406260423e-29,224.2462158203125,nan,-4.164191470953253e+21,16133,248920,22,2,False,Right,Back,Right,Centre,56
<_io.BytesIO object at 0x000001B186B13720>,1040595508,-0.06162077933549881,0.6058831810951233,0.12098196148872375,-0.06057308614253998,0.4966999292373657,0.10324382781982422,-0.036478620022535324,0.5485609173774719,10332,248920,22,2,False,Right,Back,Right,Centre,56
<_io.BytesIO object at 0x000001B186B13AE0>,3922214331,2.0527200814354948e-40,6.979497708007332e-39,9.183549615799121e-41,340848604610560.0,76367880192.0,-9.210502867063042e-07,-5.129510263870418e+23,-2.43583738251224e-22,15888,248920,22,2,False,Right,Back,Right,Centre,56
<_io.BytesIO object at 0x000001B186B13950>,1058242174,0.8047011494636536,0.0,1.8367099231598242e-40,5.361788965174065e-31,-3.855362838958758e-16,2.5363747703200903e-24,363443159040.0,1.1347946311893818e+38,16199,248920,22,2,False,Right,Back,Right,Centre,56
<_io.BytesIO object at 0x000001B186B13B80>,3187001016,-0.5056264996528625,0.0,0.0,0.0,0.0,0.0,9.183549615799121e-40,2.424457098570968e-38,0,248920,22,2,False,Right,Back,Right,Centre,56
<_io.BytesIO object at 0x000001B186B130E0>,947,0.8702757954597473,0.03885935992002487,-0.0548737607896328,0.01033745240420103,-8.88562137623719e+25,1.2649679528134654e-36,-3.3668799942061773e+33,9.065778344546141e-21,15273,248920,22,2,False,Right,Back,Right,Centre,56
<_io.BytesIO object at 0x000001B186B13DB0>,3157040927,0.009435336105525494,-1.2328619441808998e+17,1.7188460591229764e-36,-2.4202128224706932e+23,-1.3877554704347372e-13,31368799059968.0,-1821.9200439453125,1.6746203284929083e-39,-24123,248920,22,2,False,Right,Back,Right,Centre,56
<_io.BytesIO object at 0x000001B186B13D10>,68434349,3.2501069295105686e-28,4.067978198096599e+26,-1.8064199224995803e-12,16680998666240.0,1.6745726843451213e-39,0.0001940365764312446,1.5498361015432477e-42,0.836721658706665,-1350,248920,22,2,False,Right,Back,Right,Centre,56
<_io.BytesIO object at 0x000001B186B13590>,1055538462,2.772075573693081e-34,1.674597907717479e-39,0.0004460071213543415,1.778247751228193e-42,0.5314877033233643,0.10852694511413574,-0.09619122743606567,0.00932321697473526,18,248920,22,2,False,Right,Back,Right,Centre,56
<_io.BytesIO object at 0x000001B189950900>,1063176728,0.03885885700583458,-0.05485640466213226,0.9178208112716675,0.0051695783622562885,-0.010528710670769215,0.8316192030906677,0.029491879045963287,-0.0589001439511776,3925,248921,22,2,False,Right,Back,Right,Centre,56
<_io.BytesIO object at 0x000001B189950B30>,1167933285,-0.16331149637699127,5.768157507191063e-08,1.7796740533412763e-35,4.957671426610118e+29,716.944091796875,-8.047490568902287e-26,5.827086645211889e+24,-1.4936617497477367e+38,16133,248921,22,2,False,Right,Back,Right,Centre,56
<_io.BytesIO object at 0x000001B189848DB0>,1040635907,-0.06064741685986519,0.6064781546592712,0.12152188271284103,-0.05966698005795479,0.49721258878707886,0.10375873744487762,-0.035628192126750946,0.5492764115333557,21326,248921,22,2,False,Right,Back,Right,Centre,56
<_io.BytesIO object at 0x000001B1898484A0>,1779908027,2.052902250235857e-40,6.979497708007332e-39,9.183549615799121e-41,340848604610560.0,76367880192.0,-9.210502867063042e-07,-5.129510263870418e+23,-2.43583738251224e-22,15888,248921,22,2,False,Right,Back,Right,Centre,56
<_io.BytesIO object at 0x000001B189848400>,1058242174,0.8047011494636536,0.0,1.8367099231598242e-40,5.361788965174065e-31,-3.855362838958758e-16,2.5363747703200903e-24,363443159040.0,1.1347946311893818e+38,16199,248921,22,2,False,Right,Back,Right,Centre,56
<_io.BytesIO object at 0x000001B189848C70>,3187001016,-0.5056264996528625,0.0,0.0,0.0,0.0,0.0,9.183549615799121e-40,2.424457098570968e-38,0,248921,22,2,False,Right,Back,Right,Centre,56
<_io.BytesIO object at 0x000001B189848090>,947,0.8702712059020996,0.03885885700583458,-0.05485640466213226,0.010338430292904377,1288492548096.0,1.2649679528134654e-36,-1.044544094588061e+33,8.573911537471378e+22,15273,248921,22,2,False,Right,Back,Right,Centre,56
<_io.BytesIO object at 0x000001B189848450>,3157033117,0.009435586631298065,-1.6805152285089101e-18,1.7188457003905696e-36,-3.7631357910367485e+22,-6.3136466772145575e-24,12.452378273010254,-134901.765625,1.6746203284929083e-39,-11124,248921,22,2,False,Right,Back,Right,Centre,56
<_io.BytesIO object at 0x000001B189848810>,68434350,1.050171080075472e-29,5031.92431640625,-0.16331149637699127,42534738853888.0,1.6745726843451213e-39,0.00020843400852754712,1.5498361015432477e-42,0.8367227911949158,1469,248921,22,2,False,Right,Back,Right,Centre,56
<_io.BytesIO object at 0x000001B189848220>,1892171039,4.0094257229525835e-34,1.674597907717479e-39,0.00044673663796857,1.778247751228193e-42,0.5322906374931335,0.10966067761182785,-0.09492607414722443,0.009324678219854832,18,248921,22,2,False,Right,Back,Right,Centre,56
<_io.BytesIO object at 0x000001B18983D540>,1063176414,0.03884468972682953,-0.05485152453184128,0.9178082346916199,0.005176288075745106,-0.010527137666940689,0.8316030502319336,0.029483214020729065,-0.05887550488114357,3656,248922,22,2,False,Right,Back,Right,Centre,56
<_io.BytesIO object at 0x000001B18983D860>,281100133,-2.3397709014716384e-07,1.5403365978272632e-06,1.6228054278144555e-07,-7.026948033866942e-12,6.434340726331199e+19,-0.00017666455823928118,-2.800206815247449e+24,1.0611152307169044e-17,16134,248922,22,2,False,Right,Back,Right,Centre,56
<_io.BytesIO object at 0x000001B18983DC20>,1040667210,-0.05968779698014259,0.6071181297302246,0.1218663677573204,-0.058755066245794296,0.4978179931640625,0.10407453030347824,-0.03469159081578255,0.5499732494354248,8591,248922,22,2,False,Right,Back,Right,Centre,56
<_io.BytesIO object at 0x000001B18983D4A0>,4162010555,2.0530563930669327e-40,6.979497708007332e-39,9.183549615799121e-41,340848604610560.0,76367880192.0,-9.210502867063042e-07,-5.129510263870418e+23,-2.43583738251224e-22,15888,248922,22,2,False,Right,Back,Right,Centre,56
<_io.BytesIO object at 0x000001B18983DE50>,1058242174,0.8047011494636536,0.0,1.8367099231598242e-40,5.361788965174065e-31,-3.855362838958758e-16,2.5363747703200903e-24,363443159040.0,1.1347946311893818e+38,16199,248922,22,2,False,Right,Back,Right,Centre,56
<_io.BytesIO object at 0x000001B189848220>,3187001016,-0.5056264996528625,0.0,0.0,0.0,0.0,0.0,9.183549615799121e-40,2.424457098570968e-38,0,248922,22,2,False,Right,Back,Right,Centre,56
<_io.BytesIO object at 0x000001B189848810>,947,0.8702524900436401,0.03884468972682953,-0.05485152453184128,0.010339404456317425,-415615999279104.0,1.264968401228974e-36,-3.1818030065728558e+32,-5.776968813552824e-21,15273,248922,22,2,False,Right,Back,Right,Centre,56
<_io.BytesIO object at 0x000001B189848450>,3157031428,0.009435910731554031,9.784688950844022e+30,1.718847135320197e-36,-8.854437155380585e+21,-7.532469076910849e-35,3.3478505019358127e-15,-6414008.5,1.6746203284929083e-39,6197,248922,22,2,False,Right,Back,Right,Centre,56
<_io.BytesIO object at 0x000001B189848090>,68434349,2.465190328815662e-30,7.622275209466345e-29,-2.3397709014716384e-07,33911753146368.0,1.6745726843451213e-39,0.00020577415125444531,1.5498361015432477e-42,0.8367584943771362,13358,248922,22,2,False,Right,Back,Right,Centre,56
<_io.BytesIO object at 0x000001B189848C70>,2901884191,2.155176367970285e-34,1.674597907717479e-39,0.0003741282853297889,1.778247751228193e-42,0.5327205061912537,0.11021656543016434,-0.09419265389442444,0.009326117113232613,18,248922,22,2,False,Right,Back,Right,Centre,56
<_io.BytesIO object at 0x000001B186B13360>,1063175914,0.03884708508849144,-0.05483124032616615,0.9177985787391663,0.005170593503862619,-0.010525504127144814,0.8315603137016296,0.029480228200554848,-0.05885901302099228,3540,248923,22,2,False,Right,Back,Right,Centre,56
<_io.BytesIO object at 0x000001B189837270>,3445571429,-5.008902534228928e-21,2.3803186195436865e-06,984053.375,4.037442808829607e-23,7.819019752629146e+36,-0.09045225381851196,3.3197815355379134e-05,39778044.0,16134,248923,22,2,False,Right,Back,Right,Centre,56
<_io.BytesIO object at 0x000001B186B13C20>,1040699140,-0.05852688103914261,0.6077579855918884,0.12220584601163864,-0.05776184797286987,0.4983609914779663,0.10442838072776794,-0.03379404544830322,0.5506797432899475,-8701,248923,22,2,False,Right,Back,Right,Centre,56
<_io.BytesIO object at 0x000001B186B13590>,137641402,2.0532665878365815e-40,6.979497708007332e-39,9.183549615799121e-41,340848604610560.0,76367880192.0,-9.210502867063042e-07,-5.129510263870418e+23,-2.43583738251224e-22,15888,248923,22,2,False,Right,Back,Right,Centre,56
<_io.BytesIO object at 0x000001B186B13270>,1058242174,0.8047011494636536,0.0,1.8367099231598242e-40,5.361788965174065e-31,-3.855362838958758e-16,2.5363747703200903e-24,363443159040.0,1.1347946311893818e+38,16199,248923,22,2,False,Right,Back,Right,Centre,56
<_io.BytesIO object at 0x000001B186B13400>,3187001016,-0.5056264996528625,0.0,0.0,0.0,0.0,0.0,9.183549615799121e-40,2.424457098570968e-38,0,248923,22,2,False,Right,Back,Right,Centre,56
<_io.BytesIO object at 0x000001B186B13770>,947,0.8702226877212524,0.03884708508849144,-0.05483124032616615,0.010340225882828236,nan,1.264969029010686e-36,-1.3754009012476289e+32,1.154748234021583e+28,15273,248923,22,2,False,Right,Back,Right,Centre,56
<_io.BytesIO object at 0x000001B186B13E00>,3157029674,0.009436321444809437,1.812502145767212,1.7188469559539936e-36,-1.8792620525091606e+20,-1.2236838839716465e-38,1.3428602928468774e-25,-269987360.0,1.6746203284929083e-39,-27692,248923,22,2,False,Right,Back,Right,Centre,56
<_io.BytesIO object at 0x000001B186B13860>,68434346,1.3065508742723008e-30,-234092112.0,-5.008902534228928e-21,144850187976704.0,1.6745726843451213e-39,0.00020570436026901007,1.5498361015432477e-42,0.836763322353363,18800,248923,22,2,False,Right,Back,Right,Centre,56
<_io.BytesIO object at 0x000001B186B13900>,440614175,1.1678662649226644e-34,1.674597907717479e-39,0.0003691127640195191,1.778247751228193e-42,0.5331532955169678,0.110713429749012,-0.09336861222982407,0.009327533654868603,18,248923,22,2,False,Right,Back,Right,Centre,56
<_io.BytesIO object at 0x000001B1898B7720>,1063175606,0.038841500878334045,-0.05481843650341034,0.917795717716217,0.00518428161740303,-0.010517933405935764,0.8315414786338806,0.029468607157468796,-0.05884167551994324,2681,248924,22,2,False,Right,Back,Right,Centre,56
<_io.BytesIO object at 0x000001B1898B7AE0>,3634577253,-6.669351079431965e-16,1.1231040843995288e-06,11.327962875366211,162391375872.0,-5.303718862902392e-23,-2.8873075290095034e-30,2.781327956137518e+20,1.2978344036834263e+28,16134,248924,22,2,False,Right,Back,Right,Centre,56
<_io.BytesIO object at 0x000001B1898B7450>,1040724954,-0.05729598551988602,0.608431339263916,0.12250810861587524,-0.05675968527793884,0.4990041255950928,0.10460158437490463,-0.032549213618040085,0.5514950156211853,20816,248924,22,2,False,Right,Back,Right,Centre,56
<_io.BytesIO object at 0x000001B1898B7400>,295976378,2.053462769621587e-40,6.979497708007332e-39,9.183549615799121e-41,340848604610560.0,76367880192.0,-9.210502867063042e-07,-5.129510263870418e+23,-2.43583738251224e-22,15888,248924,22,2,False,Right,Back,Right,Centre,56
<_io.BytesIO object at 0x000001B1898B73B0>,1058242174,0.8047011494636536,0.0,1.8367099231598242e-40,5.361788965174065e-31,-3.855362838958758e-16,2.5363747703200903e-24,363443159040.0,1.1347946311893818e+38,16199,248924,22,2,False,Right,Back,Right,Centre,56
<_io.BytesIO object at 0x000001B1898B7540>,3187001016,-0.5056264996528625,0.0,0.0,0.0,0.0,0.0,9.183549615799121e-40,2.424457098570968e-38,0,248924,22,2,False,Right,Back,Right,Centre,56
<_io.BytesIO object at 0x000001B189864590>,947,0.8702043294906616,0.038841500878334045,-0.05481843650341034,0.010341044515371323,-7.750925965083401e-38,1.2649692083768894e-36,-1.0711647571928538e+32,-1.3388169030851677e+20,15273,248924,22,2,False,Right,Back,Right,Centre,56
<_io.BytesIO object at 0x000001B189864A40>,3157021545,0.009436644613742828,9.777080534068006e-11,1.71884677658779e-36,-3.3290608445522706e+19,3.140324135483616e+24,1.4590121410895201e-36,-12531909632.0,1.6746203284929083e-39,-31882,248924,22,2,False,Right,Back,Right,Centre,56
<_io.BytesIO object at 0x000001B189864130>,68434348,1.1988913903810543e-32,-1435941382127616.0,-6.669351079431965e-16,371064236408832.0,1.6745726843451213e-39,0.00020347759709693491,1.5498361015432477e-42,0.8367551565170288,16693,248924,22,2,False,Right,Back,Right,Centre,56
<_io.BytesIO object at 0x000001B1898648B0>,1377254687,6.29072115532908e-35,1.674597907717479e-39,0.00037137811887077987,1.778247751228193e-42,0.5336074829101562,0.11111147701740265,-0.09247101098299026,0.009328925982117653,18,248924,22,2,False,Right,Back,Right,Centre,56
<_io.BytesIO object at 0x000001B189832860>,1063175333,0.03882160782814026,-0.05482771620154381,0.9177865386009216,0.005189840216189623,-0.010514957830309868,0.8315283060073853,0.02945653907954693,-0.058818519115448,2444,248925,22,2,False,Right,Back,Right,Centre,56
<_io.BytesIO object at 0x000001B189832F40>,806240101,-3.421411713514823e-16,1.2125110515626147e-06,2.1964002371532843e-05,1.51795436549174e+29,-29156929536.0,-0.0015887925401329994,1.211346458324627e-31,-5.7489940990052074e-27,16134,248925,22,2,False,Right,Back,Right,Centre,56
<_io.BytesIO object at 0x000001B189832180>,1040745652,-0.055990591645240784,0.6090263724327087,0.12261110544204712,-0.055715251713991165,0.49959659576416016,0.104767806828022,-0.03140067309141159,0.55228191614151,-3675,248925,22,2,False,Right,Back,Right,Centre,56
<_io.BytesIO object at 0x000001B1898324F0>,559234489,2.0537150033451654e-40,6.979497708007332e-39,9.183549615799121e-41,340848604610560.0,76367880192.0,-9.210502867063042e-07,-5.129510263870418e+23,-2.43583738251224e-22,15888,248925,22,2,False,Right,Back,Right,Centre,56
<_io.BytesIO object at 0x000001B1898322C0>,1058242174,0.8047011494636536,0.0,1.8367099231598242e-40,5.361788965174065e-31,-3.855362838958758e-16,2.5363747703200903e-24,363443159040.0,1.1347946311893818e+38,16199,248925,22,2,False,Right,Back,Right,Centre,56
<_io.BytesIO object at 0x000001B189832540>,3187001016,-0.5056264996528625,0.0,0.0,0.0,0.0,0.0,9.183549615799121e-40,2.424457098570968e-38,0,248925,22,2,False,Right,Back,Right,Centre,56
<_io.BytesIO object at 0x000001B189832B30>,947,0.8701880574226379,0.03882160782814026,-0.05482771620154381,0.01034186128526926,-202.00027465820312,1.2649691186937877e-36,-4.53185089581592e+31,1.3533669210282626e-29,15274,248925,22,2,False,Right,Back,Right,Centre,56
<_io.BytesIO object at 0x000001B18984B090>,3157018350,0.009436964988708496,1277954.25,1.7188460591229764e-36,-9.943947977234055e+18,1805625856.0,-4.2611746381293735e+26,-1140227833856.0,1.6746203284929083e-39,31801,248925,22,2,False,Right,Back,Right,Centre,56
<_io.BytesIO object at 0x000001B18984B220>,68434351,3.370377402677663e-33,5.174938810803553e-10,-3.421411713514823e-16,904856193728512.0,1.6745726843451213e-39,0.00020317285088822246,1.5498361015432477e-42,0.8367558717727661,14264,248925,22,2,False,Right,Back,Right,Centre,56
<_io.BytesIO object at 0x000001B18984B3B0>,1878342943,3.3710554930224193e-35,1.674597907717479e-39,0.0003725969581864774,1.778247751228193e-42,0.5344367623329163,0.11168444156646729,-0.09084341675043106,0.009330336935818195,18,248925,22,2,False,Right,Back,Right,Centre,56
<_io.BytesIO object at 0x000001B18988AEA0>,1063175101,0.038802020251750946,-0.05481308698654175,0.917786717414856,0.00520058861002326,-0.010516291484236717,0.8315062522888184,0.02944507636129856,-0.05880532041192055,2154,248926,22,2,False,Right,Back,Right,Centre,56
<_io.BytesIO object at 0x000001B189832630>,1911242597,-3.005077814582593e-16,8.074212018982507e-07,0.01760832592844963,-2.791709410099163e-26,-1.696256804009114e+28,-4.0178441863120814e+20,-8.651679763715947e-07,-1.0682896375656128,16134,248926,22,2,False,Right,Back,Right,Centre,56
<_io.BytesIO object at 0x000001B18988ADB0>,1040768618,-0.054583724588155746,0.6097268462181091,0.12270324677228928,-0.05453412979841232,0.5002523064613342,0.10496465116739273,-0.030139589682221413,0.553190290927887,-32380,248926,22,2,False,Right,Back,Right,Centre,56
<_io.BytesIO object at 0x000001B18988A630>,4222041529,2.0538411202069546e-40,6.979497708007332e-39,9.183549615799121e-41,340848604610560.0,76367880192.0,-9.210502867063042e-07,-5.129510263870418e+23,-2.43583738251224e-22,15888,248926,22,2,False,Right,Back,Right,Centre,56
<_io.BytesIO object at 0x000001B18988A590>,1058242174,0.8047011494636536,0.0,1.8367099231598242e-40,5.361788965174065e-31,-3.855362838958758e-16,2.5363747703200903e-24,363443159040.0,1.1347946311893818e+38,16199,248926,22,2,False,Right,Back,Right,Centre,56
<_io.BytesIO object at 0x000001B18988A7C0>,3187001016,-0.5056264996528625,0.0,0.0,0.0,0.0,0.0,9.183549615799121e-40,2.424457098570968e-38,0,248926,22,2,False,Right,Back,Right,Centre,56
<_io.BytesIO object at 0x000001B18988A4F0>,947,0.87017422914505,0.038802020251750946,-0.05481308698654175,0.010342675261199474,7.480391104763839e-06,1.2649686702782791e-36,-4.626924690833037e+31,2.7087148269288903e+25,15274,248926,22,2,False,Right,Back,Right,Centre,56
<_io.BytesIO object at 0x000001B18988A8B0>,3157019782,0.009437285363674164,6.417492043987788e+30,1.718845521024366e-36,-1.3690942867206308e+18,6.11684845353011e-06,-1.956706423391912e+18,-50780941844480.0,1.6746203284929083e-39,-30843,248926,22,2,False,Right,Back,Right,Centre,56
<_io.BytesIO object at 0x000001B18988A040>,68434351,7.041681359165831e-34,2.3297797309973306e+30,-3.005077814582593e-16,2135167829278720.0,1.6745726843451213e-39,0.00020056855282746255,1.5498361015432477e-42,0.8367514610290527,15504,248926,22,2,False,Right,Back,Right,Centre,56
<_io.BytesIO object at 0x000001B18988A090>,2500476191,1.7983752041901493e-35,1.674597907717479e-39,0.00037654227344319224,1.778247751228193e-42,0.5348870158195496,0.11175857484340668,-0.08970147371292114,0.009331724606454372,18,248926,22,2,False,Right,Back,Right,Centre,56
<_io.BytesIO object at 0x000001B18986D2C0>,1063174966,0.03878609091043472,-0.05481690913438797,0.9177945852279663,0.005191531032323837,-0.010519245639443398,0.8314939141273499,0.029419681057333946,-0.05878346040844917,1882,248927,22,2,False,Right,Back,Right,Centre,56
<_io.BytesIO object at 0x000001B1898B7310>,3757326181,-1.119648205901897e-18,1.853260982898064e-06,0.001703242538496852,-6.043864573257451e-07,8.134577991351319e-29,132348.140625,-1.636821506451722e-19,-3.700943241910583e+23,16134,248927,22,2,False,Right,Back,Right,Centre,56
<_io.BytesIO object at 0x000001B18986D860>,1040782608,-0.053249292075634,0.6104350090026855,0.12274010479450226,-0.053281042724847794,0.5008962750434875,0.10526713728904724,-0.02873610518872738,0.5539606213569641,18245,248927,22,2,False,Right,Back,Right,Centre,56
<_io.BytesIO object at 0x000001B18986D540>,837696953,2.0539952630380304e-40,6.979497708007332e-39,9.183549615799121e-41,340848604610560.0,76367880192.0,-9.210502867063042e-07,-5.129510263870418e+23,-2.43583738251224e-22,15888,248927,22,2,False,Right,Back,Right,Centre,56
<_io.BytesIO object at 0x000001B18986D450>,1058242174,0.8047011494636536,0.0,1.8367099231598242e-40,5.361788965174065e-31,-3.855362838958758e-16,2.5363747703200903e-24,363443159040.0,1.1347946311893818e+38,16199,248927,22,2,False,Right,Back,Right,Centre,56
<_io.BytesIO object at 0x000001B18986DB30>,3187001016,-0.5056264996528625,0.0,0.0,0.0,0.0,0.0,9.183549615799121e-40,2.424457098570968e-38,0,248927,22,2,False,Right,Back,Right,Centre,56
<_io.BytesIO object at 0x000001B18986D680>,947,0.8701661825180054,0.03878609091043472,-0.05481690913438797,0.010343487374484539,-2.1536874506011827e-09,1.264969029010686e-36,-9.50737950171172e+31,4.87699630709513e-21,15274,248927,22,2,False,Right,Back,Right,Centre,56
<_io.BytesIO object at 0x000001B18986D720>,3157022954,0.009437605738639832,3.7292986184770427e+28,1.718845521024366e-36,-4.5261176255073485e+17,5.115140726665765e-38,-30366.470703125,-4463841115111424.0,1.6746203284929083e-39,-2120,248927,22,2,False,Right,Back,Right,Centre,56
<_io.BytesIO object at 0x000001B18986D130>,68434352,1.6400497182672555e-34,-3.5199793838923186e+19,-1.119648205901897e-18,5338893457031168.0,1.6745726843451213e-39,0.00019259775581303984,1.5498361015432477e-42,0.8367609977722168,15071,248927,22,2,False,Right,Back,Right,Centre,56
<_io.BytesIO object at 0x000001B18986DCC0>,3038919967,4.0022303831300124e-36,1.674597907717479e-39,0.0003674581239465624,1.778247751228193e-42,0.5354126691818237,0.1119537428021431,-0.0886845663189888,0.00933303777128458,18,248927,22,2,False,Right,Back,Right,Centre,56
<_io.BytesIO object at 0x000001B189837A40>,1063175076,0.03878011181950569,-0.054779019206762314,0.9178059697151184,0.005199964623898268,-0.010519168339669704,0.8314881920814514,0.029413271695375443,-0.058749616146087646,1732,248928,22,2,False,Right,Back,Right,Centre,56
<_io.BytesIO object at 0x000001B189837B30>,3276291941,-5.71087108612804e-27,3.6022138374391943e-06,9.327962875366211,-5.75141752456078e+24,7975.5537109375,-1.4023247901399381e+28,-1.4426661610626313e-24,1.0775384398146256e-24,16135,248928,22,2,False,Right,Back,Right,Centre,56
<_io.BytesIO object at 0x000001B189837D10>,1040791357,-0.05194317549467087,0.611204981803894,0.12280301749706268,-0.05203377082943916,0.5015832185745239,0.10532040894031525,-0.027456087991595268,0.5546613335609436,21006,248928,22,2,False,Right,Back,Right,Centre,56
<_io.BytesIO object at 0x000001B189837770>,4271783353,2.054135392884463e-40,6.979497708007332e-39,9.183549615799121e-41,340848604610560.0,76367880192.0,-9.210502867063042e-07,-5.129510263870418e+23,-2.43583738251224e-22,15888,248928,22,2,False,Right,Back,Right,Centre,56
<_io.BytesIO object at 0x000001B189837630>,1058242174,0.8047011494636536,0.0,1.8367099231598242e-40,5.361788965174065e-31,-3.855362838958758e-16,2.5363747703200903e-24,363443159040.0,1.1347946311893818e+38,16199,248928,22,2,False,Right,Back,Right,Centre,56
<_io.BytesIO object at 0x000001B189837900>,3187001016,-0.5056264996528625,0.0,0.0,0.0,0.0,0.0,9.183549615799121e-40,2.424457098570968e-38,0,248928,22,2,False,Right,Back,Right,Centre,56
<_io.BytesIO object at 0x000001B1FFEA5130>,947,0.8701727390289307,0.03878011181950569,-0.054779019206762314,0.010344147682189941,4.52633958203227e-21,1.2649710020389238e-36,-2.7000957784861286e+32,1.824366100391272e+22,15274,248928,22,2,False,Right,Back,Right,Centre,56
<_io.BytesIO object at 0x000001B1FFEA5770>,3157022871,0.009438056498765945,6.864899923168806e-36,1.718845879756773e-36,-2.623346782943314e+17,-4.88829445303372e+31,-1.302333008738188e-17,-4.2950827447209165e+17,1.6746203284929083e-39,-30139,248928,22,2,False,Right,Back,Right,Centre,56
<_io.BytesIO object at 0x000001B186ABF950>,68434351,7.372700568357387e-35,-200.2476348876953,-5.71087108612804e-27,5162971596587008.0,1.6745726843451213e-39,0.00019672814232762903,1.5498361015432477e-42,0.8367682099342346,16661,248928,22,2,False,Right,Back,Right,Centre,56
<_io.BytesIO object at 0x000001B186ABF220>,3902291231,2.1421745136636807e-36,1.674597907717479e-39,0.0003718601365108043,1.778247751228193e-42,0.5362239480018616,0.11227075010538101,-0.0872037336230278,0.009334602393209934,18,248928,22,2,False,Right,Back,Right,Centre,56
<_io.BytesIO object at 0x000001B18983DB30>,1063174798,0.03876959905028343,-0.05479603633284569,0.9178071022033691,0.005193148739635944,-0.010517450049519539,0.8314685821533203,0.02940567024052143,-0.058734241873025894,1476,248929,22,2,False,Right,Back,Right,Centre,56
<_io.BytesIO object at 0x000001B18983D450>,1724006245,-4.574911382609783e-27,2.4883804144337773e-05,31882924.0,3.6841445307800313e-06,-1.0957084146726545e-29,-73854.0703125,-6.114615437989731e-16,2944875.5,16135,248929,22,2,False,Right,Back,Right,Centre,56
<_io.BytesIO object at 0x000001B18983DD10>,1040795197,-0.05068868398666382,0.6119540333747864,0.12280429154634476,-0.050601162016391754,0.502333402633667,0.105409637093544,-0.026159800589084625,0.5552068948745728,-10873,248929,22,2,False,Right,Back,Right,Centre,56
<_io.BytesIO object at 0x000001B18983DB80>,574897593,2.054317561684825e-40,6.979497708007332e-39,9.183549615799121e-41,340848604610560.0,76367880192.0,-9.210502867063042e-07,-5.129510263870418e+23,-2.43583738251224e-22,15888,248929,22,2,False,Right,Back,Right,Centre,56
<_io.BytesIO object at 0x000001B18983D7C0>,1058242174,0.8047011494636536,0.0,1.8367099231598242e-40,5.361788965174065e-31,-3.855362838958758e-16,2.5363747703200903e-24,363443159040.0,1.1347946311893818e+38,16199,248929,22,2,False,Right,Back,Right,Centre,56
<_io.BytesIO object at 0x000001B18983DEF0>,3187001016,-0.5056264996528625,0.0,0.0,0.0,0.0,0.0,9.183549615799121e-40,2.424457098570968e-38,0,248929,22,2,False,Right,Back,Right,Centre,56
<_io.BytesIO object at 0x000001B18983C090>,947,0.8701561689376831,0.03876959905028343,-0.05479603633284569,0.010344956070184708,-5.0406389574931594e-24,1.2649697464754997e-36,-2.9409493925294922e+32,7.185282100211077e-13,15274,248929,22,2,False,Right,Back,Right,Centre,56
<_io.BytesIO object at 0x000001B18983C220>,3157021026,0.00943837407976389,8.195651446385455e-08,1.718845879756773e-36,-4.503599627370496e+16,-1.248825208311739e+22,-2.6409553177723076e-27,-8.055461989738086e+19,1.6746203284929083e-39,-1270,248929,22,2,False,Right,Back,Right,Centre,56
<_io.BytesIO object at 0x000001B18983DEF0>,68434350,1.8431751420893468e-35,4.5865426018517635e+23,-4.574911382609783e-27,5022234108231680.0,1.6745726843451213e-39,0.0001938926725415513,1.5498361015432477e-42,0.8367891311645508,19443,248929,22,2,False,Right,Back,Right,Centre,56
<_io.BytesIO object at 0x000001B18983DD10>,913784095,1.1474944793183908e-36,1.674597907717479e-39,0.0003712181933224201,1.778247751228193e-42,0.5373438596725464,0.11268532276153564,-0.08527791500091553,0.009335619397461414,18,248929,22,2,False,Right,Back,Right,Centre,56
<_io.BytesIO object at 0x000001B186ABF950>,1063174773,0.038773972541093826,-0.05475212633609772,0.917817234992981,0.0052106305956840515,-0.01051414106041193,0.8314647078514099,0.029404543340206146,-0.05869273841381073,1574,248930,22,2,False,Right,Back,Right,Centre,56
<_io.BytesIO object at 0x000001B186ABFB80>,353910629,-1.1867987656638422e-38,0.00011240981984883547,253668720640.0,-7.833033936252394e-28,-2.226280848560691e-08,4.149861069890903e-06,-200951.59375,1.8557666975077864e+34,16135,248930,22,2,False,Right,Back,Right,Centre,56
<_io.BytesIO object at 0x000001B186ABFEA0>,1040804114,-0.049275755882263184,0.6127387285232544,0.12305060029029846,-0.04912162572145462,0.5030590891838074,0.10552261024713516,-0.024827865883708,0.5557858943939209,14036,248930,22,2,False,Right,Back,Right,Centre,56
<_io.BytesIO object at 0x000001B186ABF540>,387399098,2.054471704515901e-40,6.979497708007332e-39,9.183549615799121e-41,340848604610560.0,76367880192.0,-9.210502867063042e-07,-5.129510263870418e+23,-2.43583738251224e-22,15888,248930,22,2,False,Right,Back,Right,Centre,56
<_io.BytesIO object at 0x000001B186ABFF40>,1058242174,0.8047011494636536,0.0,1.8367099231598242e-40,5.361788965174065e-31,-3.855362838958758e-16,2.5363747703200903e-24,363443159040.0,1.1347946311893818e+38,16199,248930,22,2,False,Right,Back,Right,Centre,56
<_io.BytesIO object at 0x000001B1FFEA5130>,3187001016,-0.5056264996528625,0.0,0.0,0.0,0.0,0.0,9.183549615799121e-40,2.424457098570968e-38,0,248930,22,2,False,Right,Back,Right,Centre,56
<_io.BytesIO object at 0x000001B1FFEA5180>,947,0.8701546788215637,0.038773972541093826,-0.05475212633609772,0.010345611721277237,-0.449219286441803,1.2649710917220255e-36,-7.40307950533286e+32,-0.11730845272541046,15274,248930,22,2,False,Right,Back,Right,Centre,56
<_io.BytesIO object at 0x000001B186A8CAE0>,3157017473,0.009438776411116123,337642048.0,1.7188465972215867e-36,-3.1384459903238144e+16,-4.709623829198977e+20,1.9289737219447986e+24,-7.295317985982683e+21,1.6746203284929083e-39,-13755,248930,22,2,False,Right,Back,Right,Centre,56
<_io.BytesIO object at 0x000001B189837900>,68434350,3.1221129957839956e-35,3.074616501126795e-26,-1.1867987656638422e-38,7309218294005760.0,1.6745726843451213e-39,0.0001978122745640576,1.5498361015432477e-42,0.8368059992790222,21100,248930,22,2,False,Right,Back,Right,Centre,56
<_io.BytesIO object at 0x000001B189837BD0>,2457353503,6.148895419379754e-37,1.674597907717479e-39,0.0003800840931944549,1.778247751228193e-42,0.5378836989402771,0.11240871995687485,-0.08436635136604309,0.009337073192000389,18,248930,22,2,False,Right,Back,Right,Centre,56
<_io.BytesIO object at 0x000001B18986DF40>,1063174603,0.038770824670791626,-0.054733097553253174,0.9178149104118347,0.005194333381950855,-0.010518105700612068,0.8314555287361145,0.029405253008008003,-0.05866483598947525,583,248931,22,2,False,Right,Back,Right,Centre,56
<_io.BytesIO object at 0x000001B18986D360>,3091414885,-2.0592358390349123e-38,0.0006932849064469337,876299358830592.0,-195285488.0,-2.3494722259044882e+30,4.8930548740835396e+33,-5.065586838881586e-10,-7.493599518031482e-14,16135,248931,22,2,False,Right,Back,Right,Centre,56
<_io.BytesIO object at 0x000001B18986D680>,1040807902,-0.04788127914071083,0.6135300993919373,0.12329434603452682,-0.04752659797668457,0.5037606954574585,0.10546911507844925,-0.023487305268645287,0.5564181208610535,-15899,248931,22,2,False,Right,Back,Right,Centre,56
<_io.BytesIO object at 0x000001B18986D720>,460537274,2.054653873316263e-40,6.979497708007332e-39,9.183549615799121e-41,340848604610560.0,76367880192.0,-9.210502867063042e-07,-5.129510263870418e+23,-2.43583738251224e-22,15888,248931,22,2,False,Right,Back,Right,Centre,56
<_io.BytesIO object at 0x000001B18986D040>,1058242174,0.8047011494636536,0.0,1.8367099231598242e-40,5.361788965174065e-31,-3.855362838958758e-16,2.5363747703200903e-24,363443159040.0,1.1347946311893818e+38,16199,248931,22,2,False,Right,Back,Right,Centre,56
<_io.BytesIO object at 0x000001B18986D900>,3187001016,-0.5056264996528625,0.0,0.0,0.0,0.0,0.0,9.183549615799121e-40,2.424457098570968e-38,0,248931,22,2,False,Right,Back,Right,Centre,56
<_io.BytesIO object at 0x000001B18986DC70>,947,0.8701445460319519,0.038770824670791626,-0.054733097553253174,0.010346265509724617,2.5871045743892397e+26,1.2649717195037375e-36,-5.957957821072678e+32,6.938267915757024e-07,15274,248931,22,2,False,Right,Back,Right,Centre,56
<_io.BytesIO object at 0x000001B18986DC20>,3157021730,0.009439091198146343,128450704.0,1.71884623848918e-36,-1.3862642602999808e+16,-3.712358831138053e+21,4529784.0,-5.96765429381807e+23,1.6746203284929083e-39,10214,248931,22,2,False,Right,Back,Right,Centre,56
<_io.BytesIO object at 0x000001B18986D3B0>,68434351,1.46202109883522e-37,-4.655066368286498e-05,-2.0592358390349123e-38,4006452867891200.0,1.6745726843451213e-39,0.0001918896596180275,1.5498361015432477e-42,0.8368256688117981,22599,248931,22,2,False,Right,Back,Right,Centre,56
<_io.BytesIO object at 0x000001B18986D7C0>,3443146015,3.2801592210837775e-37,1.674597907717479e-39,0.0003701196692418307,1.778247751228193e-42,0.5388477444648743,0.11253250390291214,-0.08285530656576157,0.009338775649666786,18,248931,22,2,False,Right,Back,Right,Centre,56
<_io.BytesIO object at 0x000001B18988AF40>,1063174206,0.03875065967440605,-0.05473267287015915,0.9178128838539124,0.005199876613914967,-0.010522465221583843,0.8314399123191833,0.029406696557998657,-0.058644142001867294,336,248932,22,2,False,Right,Back,Right,Centre,56
<_io.BytesIO object at 0x000001B189833540>,2638102373,-6.03289144834786e-38,0.0019206274300813675,3.3683371872625315e+22,3.0574829275997404e-27,4.082586383447051e-05,-2.2061818517882248e-12,0.0014132827054709196,-1853695805358080.0,16135,248932,22,2,False,Right,Back,Right,Centre,56
<_io.BytesIO object at 0x000001B18988A8B0>,1040808940,-0.046425238251686096,0.6142335534095764,0.12356062978506088,-0.04596703127026558,0.5045362114906311,0.10548520088195801,-0.02202717401087284,0.5571744441986084,7520,248932,22,2,False,Right,Back,Right,Centre,56
<_io.BytesIO object at 0x000001B18988A720>,516308411,2.054822029131982e-40,6.979497708007332e-39,9.183549615799121e-41,340848604610560.0,76367880192.0,-9.210502867063042e-07,-5.129510263870418e+23,-2.43583738251224e-22,15888,248932,22,2,False,Right,Back,Right,Centre,56
<_io.BytesIO object at 0x000001B18988A040>,1058242174,0.8047011494636536,0.0,1.8367099231598242e-40,5.361788965174065e-31,-3.855362838958758e-16,2.5363747703200903e-24,363443159040.0,1.1347946311893818e+38,16199,248932,22,2,False,Right,Back,Right,Centre,56
<_io.BytesIO object at 0x000001B18988A180>,3187001016,-0.5056264996528625,0.0,0.0,0.0,0.0,0.0,9.183549615799121e-40,2.424457098570968e-38,0,248932,22,2,False,Right,Back,Right,Centre,56
<_io.BytesIO object at 0x000001B18988AD60>,947,0.8701208829879761,0.03875065967440605,-0.05473267287015915,0.010346917435526848,-3882655154176.0,1.2649718091868392e-36,-5.095955412917482e+32,6.871327724963795e+21,15274,248932,22,2,False,Right,Back,Right,Centre,56
<_io.BytesIO object at 0x000001B18988A270>,3157026411,0.009439405053853989,-487479377920.0,1.7188457003905696e-36,-3360107534483456.0,-2.4585510653785727e+23,4.0091208575177006e-07,-5.311415293328968e+25,1.6746203284929083e-39,-30678,248932,22,2,False,Right,Back,Right,Centre,56
<_io.BytesIO object at 0x000001B18988AF90>,68434353,3.8203566401724344e-38,-2.517906482610697e-21,-6.03289144834786e-38,2179148294389760.0,1.6745726843451213e-39,0.00019264398724772036,1.5498361015432477e-42,0.8368374705314636,25828,248932,22,2,False,Right,Back,Right,Centre,56
<_io.BytesIO object at 0x000001B18988AC20>,326253855,1.742935478342716e-37,1.674597907717479e-39,0.0003725900314748287,1.778247751228193e-42,0.5399195551872253,0.11263295263051987,-0.08116669207811356,0.009340264834463596,18,248932,22,2,False,Right,Back,Right,Centre,56
<_io.BytesIO object at 0x000001B189832C70>,1063174117,0.03874702379107475,-0.05472702160477638,0.9178087711334229,0.00520008709281683,-0.01051969826221466,0.8314197659492493,0.029401272535324097,-0.05860959365963936,131,248933,22,2,False,Right,Back,Right,Centre,56
<_io.BytesIO object at 0x000001B189832720>,2797354853,-4.069457668436101e-34,0.003185126930475235,1.6079412878351413e+24,3.8318819863497496e-24,2.5079287020487444e+30,5.446927529514662e-15,1.3780428729221523e-24,4.504907750204303e-30,16136,248933,22,2,False,Right,Back,Right,Centre,56
<_io.BytesIO object at 0x000001B1898322C0>,1040812977,-0.04494743049144745,0.615058422088623,0.12390455603599548,-0.044244010001420975,0.5053706765174866,0.10543657094240189,-0.02062368392944336,0.5578075647354126,-10315,248933,22,2,False,Right,Back,Right,Centre,56
<_io.BytesIO object at 0x000001B1898327C0>,3557047739,2.054990184947701e-40,6.979497708007332e-39,9.183549615799121e-41,340848604610560.0,76367880192.0,-9.210502867063042e-07,-5.129510263870418e+23,-2.43583738251224e-22,15888,248933,22,2,False,Right,Back,Right,Centre,56
<_io.BytesIO object at 0x000001B189832AE0>,1058242174,0.8047011494636536,0.0,1.8367099231598242e-40,5.361788965174065e-31,-3.855362838958758e-16,2.5363747703200903e-24,363443159040.0,1.1347946311893818e+38,16199,248933,22,2,False,Right,Back,Right,Centre,56
<_io.BytesIO object at 0x000001B18988A130>,3187001016,-0.5056264996528625,0.0,0.0,0.0,0.0,0.0,9.183549615799121e-40,2.424457098570968e-38,0,248933,22,2,False,Right,Back,Right,Centre,56
<_io.BytesIO object at 0x000001B18988AA90>,947,0.8701155781745911,0.03874702379107475,-0.05472702160477638,0.01034756749868393,-1.3471905882522783e-11,1.2649722576023478e-36,-3.3465975846025256e+32,7.504067935190635e+22,15274,248933,22,2,False,Right,Back,Right,Centre,56
<_io.BytesIO object at 0x000001B18988AEF0>,3157023440,0.009439850226044655,-1.7140802953669293e-32,1.7188465972215867e-36,-521168511565824.0,-3.3811812210180096e+16,6.20194701446383e-29,-3.747476423779553e+27,1.6746203284929083e-39,-10391,248933,22,2,False,Right,Back,Right,Centre,56
<_io.BytesIO object at 0x000001B18988A310>,68434357,1.203044999669685e-38,-1.3062303661471827e-15,-4.069457668436101e-34,1237966341013504.0,1.6745726843451213e-39,0.0001913780433824286,1.5498361015432477e-42,0.8368425369262695,26538,248933,22,2,False,Right,Back,Right,Centre,56
<_io.BytesIO object at 0x000001B18988A810>,412368159,9.228956170198331e-38,1.674597907717479e-39,0.0003725460555870086,1.778247751228193e-42,0.5408018231391907,0.11286881566047668,-0.07963529974222183,0.009341401979327202,18,248933,22,2,False,Right,Back,Right,Centre,56
<_io.BytesIO object at 0x000001B1898B76D0>,1063173662,0.03874474763870239,-0.05471634119749069,0.9177947640419006,0.0051931231282651424,-0.010526170022785664,0.8313974142074585,0.029392946511507034,-0.058609481900930405,-309,248934,22,2,False,Right,Back,Right,Centre,56
<_io.BytesIO object at 0x000001B1898B7360>,1964195684,-4.886770005294913e-30,0.003291938453912735,1.486521467142144e+16,6.808399478657639e-16,-150577348608.0,6.822880777368556e+34,-2.9542470473258863e+36,1.0682865381240845,16136,248934,22,2,False,Right,Back,Right,Centre,56
<_io.BytesIO object at 0x000001B18986DF90>,1040824854,-0.043341316282749176,0.615872859954834,0.1243525817990303,-0.04258841276168823,0.5062159299850464,0.10547003895044327,-0.019183292984962463,0.5585645437240601,3600,248934,22,2,False,Right,Back,Right,Centre,56
<_io.BytesIO object at 0x000001B1898B7040>,1229405628,2.0551723537480632e-40,6.979497708007332e-39,9.183549615799121e-41,340848604610560.0,76367880192.0,-9.210502867063042e-07,-5.129510263870418e+23,-2.43583738251224e-22,15888,248934,22,2,False,Right,Back,Right,Centre,56
<_io.BytesIO object at 0x000001B18986DC20>,1058242174,0.8047011494636536,0.0,1.8367099231598242e-40,5.361788965174065e-31,-3.855362838958758e-16,2.5363747703200903e-24,363443159040.0,1.1347946311893818e+38,16199,248934,22,2,False,Right,Back,Right,Centre,56
<_io.BytesIO object at 0x000001B18986D590>,3187001016,-0.5056264996528625,0.0,0.0,0.0,0.0,0.0,9.183549615799121e-40,2.424457098570968e-38,0,248934,22,2,False,Right,Back,Right,Centre,56
<_io.BytesIO object at 0x000001B18986DA90>,947,0.8700884580612183,0.03874474763870239,-0.05471634119749069,0.010348214767873287,1.5449518891112487e+30,1.264972167919246e-36,-9.697527091745955e+31,5.231289576870801e-13,15274,248934,22,2,False,Right,Back,Right,Centre,56
<_io.BytesIO object at 0x000001B18986DE00>,3157030389,0.009440162219107151,-3.0660847032441424e-31,1.7188465972215867e-36,-67619965108224.0,-1025013.25,5.033682725023394e-29,-2.584075917111721e+29,1.6746203284929083e-39,444,248934,22,2,False,Right,Back,Right,Centre,56
<_io.BytesIO object at 0x000001B18986D1D0>,68434357,-1.3491664157216896e+38,1.8665853340476102e+32,-4.886770005294913e-30,711342147239936.0,1.6745726843451213e-39,0.00019349169451743364,1.5498361015432477e-42,0.836842954158783,23123,248934,22,2,False,Right,Back,Right,Centre,56
<_io.BytesIO object at 0x000001B18986DEF0>,642006303,5.077991743857128e-38,1.674597907717479e-39,0.0003728715528268367,1.778247751228193e-42,0.5422675609588623,0.11351265013217926,-0.0771409124135971,0.009334903210401535,18,248934,22,2,False,Right,Back,Right,Centre,56
<_io.BytesIO object at 0x000001B186ABFF90>,1063173285,0.03875325247645378,-0.05471033230423927,0.9177866578102112,0.005205744411796331,-0.010531463660299778,0.8313634991645813,0.02939668484032154,-0.05859801545739174,-603,248935,22,2,False,Right,Back,Right,Centre,56
<_io.BytesIO object at 0x000001B186ABF040>,2743811940,-3.0720087245745464e-30,0.0008649462834000587,253159700168704.0,1.0359073841781363e-11,7.306349422383239e-35,-4.9545246838533785e-06,3.147286925341807e-22,3.719614015739226e+31,16136,248935,22,2,False,Right,Back,Right,Centre,56
<_io.BytesIO object at 0x000001B186ABF860>,1040838708,-0.041784774512052536,0.6167383193969727,0.12496699392795563,-0.04087572917342186,0.5071172118186951,0.10555177927017212,-0.017674710601568222,0.5594185590744019,24132,248935,22,2,False,Right,Back,Right,Centre,56
<_io.BytesIO object at 0x000001B186ABF450>,1539784124,2.0553545225484254e-40,6.979497708007332e-39,9.183549615799121e-41,340848604610560.0,76367880192.0,-9.210502867063042e-07,-5.129510263870418e+23,-2.43583738251224e-22,15888,248935,22,2,False,Right,Back,Right,Centre,56
<_io.BytesIO object at 0x000001B186ABF220>,1058242174,0.8047011494636536,0.0,1.8367099231598242e-40,5.361788965174065e-31,-3.855362838958758e-16,2.5363747703200903e-24,363443159040.0,1.1347946311893818e+38,16199,248935,22,2,False,Right,Back,Right,Centre,56
<_io.BytesIO object at 0x000001B186ABF090>,3187001016,-0.5056264996528625,0.0,0.0,0.0,0.0,0.0,9.183549615799121e-40,2.424457098570968e-38,0,248935,22,2,False,Right,Back,Right,Centre,56
<_io.BytesIO object at 0x000001B186ABFB30>,947,0.8700659871101379,0.03875325247645378,-0.05471033230423927,0.010348860174417496,1293028090183680.0,1.2649713607713306e-36,-4.595233425827332e+31,-2.4561742033368097e-26,15274,248935,22,2,False,Right,Back,Right,Centre,56
<_io.BytesIO object at 0x000001B186ABF590>,3157036073,0.009440605528652668,1.0237955627282753e+21,1.718847494052604e-36,-3246995275776.0,-56169414656.0,2.9297790463210597e-36,-1.740959565717192e+31,1.6746203284929083e-39,17097,248935,22,2,False,Right,Back,Right,Centre,56
<_io.BytesIO object at 0x000001B186ABF6D0>,68434357,-2.741532741306389e+37,-1.5097257171509533e-17,-3.0720087245745464e-30,984021030928384.0,1.6745726843451213e-39,0.00019692894420586526,1.5498361015432477e-42,0.836828351020813,22374,248935,22,2,False,Right,Back,Right,Centre,56
<_io.BytesIO object at 0x000001B189950F40>,758529311,2.832869459634136e-38,1.674597907717479e-39,0.0003745446738321334,1.778247751228193e-42,0.5430718660354614,0.11362962424755096,-0.07573650777339935,0.009330040775239468,18,248935,22,2,False,Right,Back,Right,Centre,56
<_io.BytesIO object at 0x000001B18983D360>,1063173047,0.03876493126153946,-0.054717618972063065,0.9177787899971008,0.005227783229202032,-0.010534113273024559,0.8313305974006653,0.029390258714556694,-0.058584243059158325,-997,248936,22,2,False,Right,Back,Right,Centre,56
<_io.BytesIO object at 0x000001B18983D6D0>,1152532324,-3.6924801580798136e-29,0.0012339819222688675,1.5849136263356586e+23,28351985664.0,516.9443359375,-2.4111177631652794e-34,2.2516864146453983e-37,-6.216981790485576e-12,16136,248936,22,2,False,Right,Back,Right,Centre,56
<_io.BytesIO object at 0x000001B18983DB30>,1040854488,-0.04019028693437576,0.6176126599311829,0.1256716102361679,-0.03910958766937256,0.5080565214157104,0.10561175644397736,-0.016185957938432693,0.5604919195175171,16763,248936,22,2,False,Right,Back,Right,Centre,56
<_io.BytesIO object at 0x000001B18983D270>,2551856572,2.0555226783641444e-40,6.979497708007332e-39,9.183549615799121e-41,340848604610560.0,76367880192.0,-9.210502867063042e-07,-5.129510263870418e+23,-2.43583738251224e-22,15888,248936,22,2,False,Right,Back,Right,Centre,56
<_io.BytesIO object at 0x000001B18983D130>,1058242174,0.8047011494636536,0.0,1.8367099231598242e-40,5.361788965174065e-31,-3.855362838958758e-16,2.5363747703200903e-24,363443159040.0,1.1347946311893818e+38,16199,248936,22,2,False,Right,Back,Right,Centre,56
<_io.BytesIO object at 0x000001B18983DDB0>,3187001016,-0.5056264996528625,0.0,0.0,0.0,0.0,0.0,9.183549615799121e-40,2.424457098570968e-38,0,248936,22,2,False,Right,Back,Right,Centre,56
<_io.BytesIO object at 0x000001B18983DE00>,947,0.8700518012046814,0.03876493126153946,-0.054717618972063065,0.01034950464963913,7.84440741530279e-12,1.2649708226727203e-36,-2.2342341829022543e+31,443018560.0,15275,248936,22,2,False,Right,Back,Right,Centre,56
<_io.BytesIO object at 0x000001B18984B630>,3157038918,0.00944104790687561,6208.0087890625,1.7188480321512142e-36,-159987531776.0,-430.4947509765625,-6.9080891806246e+32,-1.1547788638950538e+33,1.6746203284929083e-39,-20771,248936,22,2,False,Right,Back,Right,Centre,56
<_io.BytesIO object at 0x000001B18984BE50>,68434356,-3.219224052291593e+36,1425.98095703125,-3.6924801580798136e-29,1387499922391040.0,1.6745726843451213e-39,0.0001975169579964131,1.5498361015432477e-42,0.8368321061134338,26118,248936,22,2,False,Right,Back,Right,Centre,56
<_io.BytesIO object at 0x000001B18984BC20>,1356021023,6.54200111705741e-39,1.674597907717479e-39,0.0003771453339140862,1.778247751228193e-42,0.5440064072608948,0.1140282154083252,-0.07422370463609695,0.009326205588877201,18,248936,22,2,False,Right,Back,Right,Centre,56
<_io.BytesIO object at 0x000001B189837400>,1063172711,0.03876105323433876,-0.05470845475792885,0.9177678823471069,0.005238058976829052,-0.010543947108089924,0.8313040137290955,0.029385225847363472,-0.058578427881002426,-1564,248937,22,2,False,Right,Back,Right,Centre,56
<_io.BytesIO object at 0x000001B189837270>,1587691364,-6.494168817904429e-24,0.0004248437471687794,4.663507672702145e+20,2.567570583460511e+34,-5.943184356401363e-37,8232837.5,2.0394329474813813e-23,-7.406019279573217e+21,16136,248937,22,2,False,Right,Back,Right,Centre,56
<_io.BytesIO object at 0x000001B189837220>,1040880351,-0.0384632833302021,0.6185448169708252,0.12648746371269226,-0.03724071383476257,0.5090176463127136,0.10570450127124786,-0.014654729515314102,0.5614045262336731,-16713,248937,22,2,False,Right,Back,Right,Centre,56
<_io.BytesIO object at 0x000001B189837D10>,2365996476,2.055620769256647e-40,6.979497708007332e-39,9.183549615799121e-41,340848604610560.0,76367880192.0,-9.210502867063042e-07,-5.129510263870418e+23,-2.43583738251224e-22,15888,248937,22,2,False,Right,Back,Right,Centre,56
<_io.BytesIO object at 0x000001B189837B30>,1058242174,0.8047011494636536,0.0,1.8367099231598242e-40,5.361788965174065e-31,-3.855362838958758e-16,2.5363747703200903e-24,363443159040.0,1.1347946311893818e+38,16199,248937,22,2,False,Right,Back,Right,Centre,56
<_io.BytesIO object at 0x000001B189837E00>,3187001016,-0.5056264996528625,0.0,0.0,0.0,0.0,0.0,9.183549615799121e-40,2.424457098570968e-38,0,248937,22,2,False,Right,Back,Right,Centre,56
<_io.BytesIO object at 0x000001B189837860>,947,0.8700317740440369,0.03876105323433876,-0.05470845475792885,0.01035014633089304,1.349168241138554e+38,1.2649726163347547e-36,-8.477413389026284e+30,-2.911033202286826e-17,15275,248937,22,2,False,Right,Back,Right,Centre,56
<_io.BytesIO object at 0x000001B189837540>,3157049477,0.009441489353775978,-9.110097361831037e-37,1.718848390883621e-36,-14428405760.0,-0.00019192445324733853,-1.4808117252886848e+29,-7.585295861123401e+34,1.6746203284929083e-39,-11093,248937,22,2,False,Right,Back,Right,Centre,56
<_io.BytesIO object at 0x000001B189837040>,68434350,-1.4798046046824259e+35,5.845586554419937e+18,-6.494168817904429e-24,640973403062272.0,1.6745726843451213e-39,0.0001976294443011284,1.5498361015432477e-42,0.8368204832077026,25034,248937,22,2,False,Right,Back,Right,Centre,56
<_io.BytesIO object at 0x000001B189837D60>,2023636255,-3.259746684086921e+38,1.6745965064190148e-39,0.0003812494978774339,1.778247751228193e-42,0.5449720621109009,0.11440082639455795,-0.0728030577301979,0.00932371150702238,18,248937,22,2,False,Right,Back,Right,Centre,56
<_io.BytesIO object at 0x000001B186B13720>,1063172418,0.03876996785402298,-0.05470920354127884,0.9177571535110474,0.005240169353783131,-0.010549146682024002,0.8312929272651672,0.02939072623848915,-0.05856678634881973,-1939,248938,22,2,False,Right,Back,Right,Centre,56
<_io.BytesIO object at 0x000001B186B13CC0>,631062372,-1.0385936953313179e-19,0.0004038629122078419,2.8426347014009127e+19,-8.547771901925497e-35,-324.47216796875,1.6518934052846174e+19,-4.793258196691384e+37,5.717150310515514e-19,16137,248938,22,2,False,Right,Back,Right,Centre,56
<_io.BytesIO object at 0x000001B186B134F0>,1040904551,-0.03673406317830086,0.6195260286331177,0.12738282978534698,-0.03528141230344772,0.5100573897361755,0.10586149245500565,-0.01297018863260746,0.5623664855957031,32257,248938,22,2,False,Right,Back,Right,Centre,56
<_io.BytesIO object at 0x000001B186B13C20>,1405763005,2.05571886014915e-40,6.979497708007332e-39,9.183549615799121e-41,340848604610560.0,76367880192.0,-9.210502867063042e-07,-5.129510263870418e+23,-2.43583738251224e-22,15888,248938,22,2,False,Right,Back,Right,Centre,56
<_io.BytesIO object at 0x000001B186B132C0>,1058242174,0.8047011494636536,0.0,1.8367099231598242e-40,5.361788965174065e-31,-3.855362838958758e-16,2.5363747703200903e-24,363443159040.0,1.1347946311893818e+38,16199,248938,22,2,False,Right,Back,Right,Centre,56
<_io.BytesIO object at 0x000001B186B13D60>,3187001016,-0.5056264996528625,0.0,0.0,0.0,0.0,0.0,9.183549615799121e-40,2.424457098570968e-38,0,248938,22,2,False,Right,Back,Right,Centre,56
<_io.BytesIO object at 0x000001B186B131D0>,947,0.8700143098831177,0.03876996785402298,-0.05470920354127884,0.010350785218179226,-7.253563218722608e+25,1.2649720782361444e-36,-3.2087405818277057e+30,-1.3876535831514047e-06,15275,248938,22,2,False,Right,Back,Right,Centre,56
<_io.BytesIO object at 0x000001B186B13770>,3157055060,0.009441928938031197,-2.997608265125143e-14,1.7188478527850108e-36,-5268045824.0,-1681.97900390625,-6.870970814693326e+21,-4.916896913421394e+36,1.6746203284929083e-39,26458,248938,22,2,False,Right,Back,Right,Centre,56
<_io.BytesIO object at 0x000001B186B13860>,68434352,-1.9227724304261784e+34,2.7278113731173505e-16,-1.0385936953313179e-19,121903117238272.0,1.6745726843451213e-39,0.00019848349620588124,1.5498361015432477e-42,0.8368198275566101,24517,248938,22,2,False,Right,Back,Right,Centre,56
<_io.BytesIO object at 0x000001B186B13950>,2263039263,-4.327836222335669e+37,1.6745965064190148e-39,0.0003755624347832054,1.778247751228193e-42,0.5459538698196411,0.11492804437875748,-0.07128536701202393,0.009321991354227066,18,248938,22,2,False,Right,Back,Right,Centre,56
<_io.BytesIO object at 0x000001B1898B7400>,1063171975,0.03877350315451622,-0.054702479392290115,0.9177533388137817,0.005246953573077917,-0.010557593777775764,0.8312649726867676,0.029387567192316055,-0.058550722897052765,-2462,248939,22,2,False,Right,Back,Right,Centre,56
<_io.BytesIO object at 0x000001B1898B7E00>,922238820,-9.174031044795953e-18,0.0002028851304203272,1.1658769181755363e+20,-6.823291977569499e-28,2.2845003901733648e-32,14585453084672.0,-4.1044371268891024e-26,8.097127982872658e+18,16137,248939,22,2,False,Right,Back,Right,Centre,56
<_io.BytesIO object at 0x000001B1898B7F40>,1040929869,-0.03485574573278427,0.6205069422721863,0.12833383679389954,-0.033206794410943985,0.5110705494880676,0.1060636043548584,-0.01123532373458147,0.5634744763374329,18198,248939,22,2,False,Right,Back,Right,Centre,56
<_io.BytesIO object at 0x000001B1898B7D60>,593247678,2.055830964026296e-40,6.979497708007332e-39,9.183549615799121e-41,340848604610560.0,76367880192.0,-9.210502867063042e-07,-5.129510263870418e+23,-2.43583738251224e-22,15888,248939,22,2,False,Right,Back,Right,Centre,56
<_io.BytesIO object at 0x000001B189864DB0>,1058242174,0.8047011494636536,0.0,1.8367099231598242e-40,5.361788965174065e-31,-3.855362838958758e-16,2.5363747703200903e-24,363443159040.0,1.1347946311893818e+38,16199,248939,22,2,False,Right,Back,Right,Centre,56
<_io.BytesIO object at 0x000001B189864810>,3187001016,-0.5056264996528625,0.0,0.0,0.0,0.0,0.0,9.183549615799121e-40,2.424457098570968e-38,0,248939,22,2,False,Right,Back,Right,Centre,56
<_io.BytesIO object at 0x000001B189864400>,947,0.8699879050254822,0.03877350315451622,-0.054702479392290115,0.010351423174142838,-8.190364501826203e+21,1.264971898869941e-36,-2.2381955910279675e+30,-2.5261359749181076e+28,15275,248939,22,2,False,Right,Back,Right,Centre,56
<_io.BytesIO object at 0x000001B1898641D0>,3157064130,0.00944236759096384,-1.1244504201263087e-24,1.718847494052604e-36,-419430400.0,-0.17406970262527466,-485842485248.0,-3.133521744631843e+38,1.6746203284929083e-39,-19308,248939,22,2,False,Right,Back,Right,Centre,56
<_io.BytesIO object at 0x000001B189864AE0>,68434354,-1.1459561426063194e+33,7.398355592158623e-06,-9.174031044795953e-18,23466392682496.0,1.6745726843451213e-39,0.00020385259995236993,1.5498361015432477e-42,0.8368122577667236,24778,248939,22,2,False,Right,Back,Right,Centre,56
<_io.BytesIO object at 0x000001B189864130>,2455256351,-6.074409275812044e+36,1.6745965064190148e-39,0.00037226901622489095,1.778247751228193e-42,0.5470417141914368,0.1153971254825592,-0.06962069123983383,0.009321385063230991,18,248939,22,2,False,Right,Back,Right,Centre,56
<_io.BytesIO object at 0x000001B189832220>,1063171659,0.038761358708143234,-0.05469995737075806,0.9177460074424744,0.005251837894320488,-0.010559041053056717,0.8312444090843201,0.02939014881849289,-0.058540914207696915,-2763,248940,22,2,False,Right,Back,Right,Centre,56
<_io.BytesIO object at 0x000001B189832360>,1087913828,-3.409404227394105e-17,0.0005559558048844337,5.827302241533251e+24,-31170557952.0,9.414554568936653e+16,1.6579662208353022e-25,-2.1075489661891024e-21,-3.2547966760376713e-22,16137,248940,22,2,False,Right,Back,Right,Centre,56
<_io.BytesIO object at 0x000001B1898324F0>,1040961543,-0.03284401074051857,0.6214688420295715,0.12940935790538788,-0.030846795067191124,0.5122548937797546,0.10629113763570786,-0.009125325828790665,0.5646845102310181,17332,248940,22,2,False,Right,Back,Right,Centre,56
<_io.BytesIO object at 0x000001B189832EF0>,3232710079,2.055943067903442e-40,6.979497708007332e-39,9.183549615799121e-41,340848604610560.0,76367880192.0,-9.210502867063042e-07,-5.129510263870418e+23,-2.43583738251224e-22,15888,248940,22,2,False,Right,Back,Right,Centre,56
<_io.BytesIO object at 0x000001B189832BD0>,1058242174,0.8047011494636536,0.0,1.8367099231598242e-40,5.361788965174065e-31,-3.855362838958758e-16,2.5363747703200903e-24,363443159040.0,1.1347946311893818e+38,16199,248940,22,2,False,Right,Back,Right,Centre,56
<_io.BytesIO object at 0x000001B18984F040>,3187001016,-0.5056264996528625,0.0,0.0,0.0,0.0,0.0,9.183549615799121e-40,2.424457098570968e-38,0,248940,22,2,False,Right,Back,Right,Centre,56
<_io.BytesIO object at 0x000001B18984F1D0>,947,0.8699690699577332,0.038761358708143234,-0.05469995737075806,0.0103520592674613,-202.00027465820312,1.2649719885530426e-36,-1.1438565962996914e+30,1.0097271675409222e-24,15276,248940,22,2,False,Right,Back,Right,Centre,56
<_io.BytesIO object at 0x000001B18984F360>,3157065684,0.009442804381251335,6.465026765429871e+31,1.7188465972215867e-36,-62652416.0,-312.4947509765625,-313831.5,3.625518083822923e-37,1.6746217297913726e-39,21171,248940,22,2,False,Right,Back,Right,Centre,56
<_io.BytesIO object at 0x000001B189832BD0>,68434355,-2.2944475864130952e+32,6.75773811340332,-3.409404227394105e-17,4290508750848.0,1.6745726843451213e-39,0.0002093781076837331,1.5498361015432477e-42,0.8368235230445862,26778,248940,22,2,False,Right,Back,Right,Centre,56
<_io.BytesIO object at 0x000001B189832540>,3504880927,-2.0274474110894242e+36,1.6745965064190148e-39,0.00036818243097513914,1.778247751228193e-42,0.548273503780365,0.11576519161462784,-0.06768249720335007,0.009321398101747036,18,248940,22,2,False,Right,Back,Right,Centre,56
<_io.BytesIO object at 0x000001B189864D10>,1063171520,0.038732245564460754,-0.05470677465200424,0.9177402257919312,0.005253701005131006,-0.010569234378635883,0.8311838507652283,0.029400093480944633,-0.058502282947301865,-3003,248941,22,2,False,Right,Back,Right,Centre,56
<_io.BytesIO object at 0x000001B189864220>,3000778596,-1.7540743407035256e-16,0.0002608117647469044,6.197983510856545e+23,-3.348349375539124e+29,-1.320914488900371e-10,432632.375,5.157801314956083e+16,-1.980031149702738e+20,16137,248941,22,2,False,Right,Back,Right,Centre,56
<_io.BytesIO object at 0x000001B1898647C0>,1040984809,-0.030609359964728355,0.6225458979606628,0.1304914653301239,-0.02829158864915371,0.5134958028793335,0.10647530853748322,-0.006996866315603256,0.5658794045448303,23465,248941,22,2,False,Right,Back,Right,Centre,56
<_io.BytesIO object at 0x000001B189864C20>,931872192,2.0560831977498743e-40,6.979497708007332e-39,9.183549615799121e-41,340848604610560.0,76367880192.0,-9.210502867063042e-07,-5.129510263870418e+23,-2.43583738251224e-22,15888,248941,22,2,False,Right,Back,Right,Centre,56
<_io.BytesIO object at 0x000001B1898645E0>,1058242174,0.8047011494636536,0.0,1.8367099231598242e-40,5.361788965174065e-31,-3.855362838958758e-16,2.5363747703200903e-24,363443159040.0,1.1347946311893818e+38,16199,248941,22,2,False,Right,Back,Right,Centre,56
<_io.BytesIO object at 0x000001B189864900>,3187001016,-0.5056264996528625,0.0,0.0,0.0,0.0,0.0,9.183549615799121e-40,2.424457098570968e-38,0,248941,22,2,False,Right,Back,Right,Centre,56
<_io.BytesIO object at 0x000001B189864E50>,947,0.8699607849121094,0.038732245564460754,-0.05470677465200424,0.010352693498134613,1.6170613013814453e+28,1.2649719885530426e-36,-6.635358610569638e+29,2.626339578893364e-15,15276,248941,22,2,False,Right,Back,Right,Centre,56
<_io.BytesIO object at 0x000001B189864EF0>,3157076629,0.009443240240216255,5.3617974287333905e-31,1.7188478527850108e-36,-252928.0,-1087405457145856.0,-1.2810360030970915e-19,8.921530748358539e-36,1.6746217297913726e-39,12450,248941,22,2,False,Right,Back,Right,Centre,56
<_io.BytesIO object at 0x000001B1898B70E0>,68434366,-6.24317920612403e+31,-2.5640197520715446e-08,-1.7540743407035256e-16,3654853591040.0,1.6745726843451213e-39,0.00020333737484179437,1.5498361015432477e-42,0.836815357208252,26371,248941,22,2,False,Right,Back,Right,Centre,56
<_io.BytesIO object at 0x000001B1898B7D60>,4035394847,-6.340731258064593e+35,1.6745965064190148e-39,0.0003685773990582675,1.778247751228193e-42,0.5495463013648987,0.11634983867406845,-0.06560366600751877,0.009321498684585094,18,248941,22,2,False,Right,Back,Right,Centre,56
<_io.BytesIO object at 0x000001B186B13860>,1063171197,0.03873177245259285,-0.05468626692891121,0.9177411794662476,0.005263800732791424,-0.010559050366282463,0.8311671018600464,0.029378898441791534,-0.05847533047199249,-3089,248942,22,2,False,Right,Back,Right,Centre,56
<_io.BytesIO object at 0x000001B186B13270>,3131981668,-4.803855129714465e-18,9.57205193117261e-05,2.8138116637857415e+19,-8323260219392.0,2.858655215678177e-23,5.68994192040595e-11,-6.56552344935335e-07,4.436277734054528e-13,16138,248942,22,2,False,Right,Back,Right,Centre,56
<_io.BytesIO object at 0x000001B186B13E50>,1041019143,-0.028182459995150566,0.6237174272537231,0.13176095485687256,-0.025426384061574936,0.5147587656974792,0.10672067105770111,-0.004667310509830713,0.5671595931053162,-20581,248942,22,2,False,Right,Back,Right,Centre,56
<_io.BytesIO object at 0x000001B186B13310>,3200466369,2.056223327596307e-40,6.979497708007332e-39,9.183549615799121e-41,340848604610560.0,76367880192.0,-9.210502867063042e-07,-5.129510263870418e+23,-2.43583738251224e-22,15888,248942,22,2,False,Right,Back,Right,Centre,56
<_io.BytesIO object at 0x000001B186B133B0>,1058242174,0.8047011494636536,0.0,1.8367099231598242e-40,5.361788965174065e-31,-3.855362838958758e-16,2.5363747703200903e-24,363443159040.0,1.1347946311893818e+38,16199,248942,22,2,False,Right,Back,Right,Centre,56
<_io.BytesIO object at 0x000001B186B13810>,3187001016,-0.5056264996528625,0.0,0.0,0.0,0.0,0.0,9.183549615799121e-40,2.424457098570968e-38,0,248942,22,2,False,Right,Back,Right,Centre,56
<_io.BytesIO object at 0x000001B186B13450>,947,0.8699415326118469,0.03873177245259285,-0.05468626692891121,0.010353174060583115,1.0106633133634033e+27,1.2649724369685512e-36,-7.427640235712282e+29,2.5571824343796483e+36,15276,248942,22,2,False,Right,Back,Right,Centre,56
<_io.BytesIO object at 0x000001B186B13A90>,3157065694,0.009443674236536026,-352187908096.0,1.7188480321512142e-36,-56832.0,-1.8793482395307315e-12,-1.2474230682584067e-36,4.445888152945341e-34,1.6746217297913726e-39,-11554,248942,22,2,False,Right,Back,Right,Centre,56
<_io.BytesIO object at 0x000001B186B13590>,68434365,-3.7871061681818353e+31,-0.0013294038362801075,-4.803855129714465e-18,711849934848.0,1.6745726843451213e-39,0.00020119507098570466,1.5498361015432477e-42,0.8368039131164551,24515,248942,22,2,False,Right,Back,Right,Centre,56
<_io.BytesIO object at 0x000001B186A8CAE0>,3572645151,-3.536890954455786e+35,1.6745965064190148e-39,0.0003775698132812977,1.778247751228193e-42,0.5511785745620728,0.1167878657579422,-0.06284558773040771,0.009315092116594315,18,248942,22,2,False,Right,Back,Right,Centre,56
<_io.BytesIO object at 0x000001B189837900>,1063171382,0.03870576620101929,-0.054685674607753754,0.9177533388137817,0.005263094324618578,-0.010553902015089989,0.8311516642570496,0.029356788843870163,-0.05845899134874344,-3278,248943,22,2,False,Right,Back,Right,Centre,56
<_io.BytesIO object at 0x000001B189848630>,3384426340,-1.008947283683476e-19,0.0002875146456062794,1.1037367295221863e+27,-2721914624.0,1.1326961992565266e+27,3.5057874374613637e+31,-9.183076089022057e-37,2.0666971963035556e+34,16138,248943,22,2,False,Right,Back,Right,Centre,56
<_io.BytesIO object at 0x000001B189837860>,1041053418,-0.02546193264424801,0.6248347163200378,0.13295316696166992,-0.02223733812570572,0.5160883069038391,0.10702136158943176,-0.0020493497140705585,0.5683321356773376,3688,248943,22,2,False,Right,Back,Right,Centre,56
<_io.BytesIO object at 0x000001B189837D60>,3592109507,2.056391483412026e-40,6.979497708007332e-39,9.183549615799121e-41,340848604610560.0,76367880192.0,-9.210502867063042e-07,-5.129510263870418e+23,-2.43583738251224e-22,15888,248943,22,2,False,Right,Back,Right,Centre,56
<_io.BytesIO object at 0x000001B189837950>,1058242174,0.8047011494636536,0.0,1.8367099231598242e-40,5.361788965174065e-31,-3.855362838958758e-16,2.5363747703200903e-24,363443159040.0,1.1347946311893818e+38,16199,248943,22,2,False,Right,Back,Right,Centre,56
<_io.BytesIO object at 0x000001B189837180>,3187001016,-0.5056264996528625,0.0,0.0,0.0,0.0,0.0,9.183549615799121e-40,2.424457098570968e-38,0,248943,22,2,False,Right,Back,Right,Centre,56
<_io.BytesIO object at 0x000001B189837AE0>,947,0.8699525594711304,0.03870576620101929,-0.054685674607753754,0.010353653691709042,7.698450244630545e+27,1.2649723472854495e-36,-2.2381955910279675e+30,6.959285738374296e+32,15276,248943,22,2,False,Right,Back,Right,Centre,56
<_io.BytesIO object at 0x000001B189837450>,3157060166,0.009444194845855236,8.185462307963576e-10,1.7188469559539936e-36,-14016.0,2.7622583215598804e+37,7.06073608516252e+30,2.212315486141276e-32,1.6746217297913726e-39,21550,248943,22,2,False,Right,Back,Right,Centre,56
<_io.BytesIO object at 0x000001B1898378B0>,68434367,-1.4102612927539052e+31,-1525740.5,-1.008947283683476e-19,343040065536.0,1.6745726843451213e-39,0.0001932195882545784,1.5498361015432477e-42,0.8368161916732788,27748,248943,22,2,False,Right,Back,Right,Centre,56
<_io.BytesIO object at 0x000001B189837C70>,3475127583,-1.2022509211992048e+35,1.6745965064190148e-39,0.0003745109133888036,1.778247751228193e-42,0.5524355173110962,0.11740849167108536,-0.06042824685573578,0.009315961971879005,18,248943,22,2,False,Right,Back,Right,Centre,56
<_io.BytesIO object at 0x000001B18983DE00>,1063171105,0.038685593754053116,-0.0546829029917717,0.9177494645118713,0.005258653778582811,-0.010559105314314365,0.8311744332313538,0.029300345107913017,-0.05845242366194725,-3385,248944,22,2,False,Right,Back,Right,Centre,56
<_io.BytesIO object at 0x000001B18984BDB0>,3572383588,-4.044797239487252e-27,1.5622049431840423e-07,-7.470040471861818e-17,-0.30124756693840027,-44102080.0,-57242865664.0,-0.8407889008522034,-781270.6875,16138,248944,22,2,False,Right,Back,Right,Centre,56
<_io.BytesIO object at 0x000001B18983D720>,1041092919,-0.022427452728152275,0.6260383129119873,0.1342695653438568,-0.018522676080465317,0.517486572265625,0.10717105120420456,0.0006285024574026465,0.5694667100906372,-31346,248944,22,2,False,Right,Back,Right,Centre,56
<_io.BytesIO object at 0x000001B18983DDB0>,3711385028,2.056573652212388e-40,6.979497708007332e-39,9.183549615799121e-41,340848604610560.0,76367880192.0,-9.210502867063042e-07,-5.129510263870418e+23,-2.43583738251224e-22,15888,248944,22,2,False,Right,Back,Right,Centre,56
<_io.BytesIO object at 0x000001B18983D4A0>,1058242174,0.8047011494636536,0.0,1.8367099231598242e-40,5.361788965174065e-31,-3.855362838958758e-16,2.5363747703200903e-24,363443159040.0,1.1347946311893818e+38,16199,248944,22,2,False,Right,Back,Right,Centre,56
<_io.BytesIO object at 0x000001B18983DF40>,3187001016,-0.5056264996528625,0.0,0.0,0.0,0.0,0.0,9.183549615799121e-40,2.424457098570968e-38,0,248944,22,2,False,Right,Back,Right,Centre,56
<_io.BytesIO object at 0x000001B18983D680>,947,0.8699360489845276,0.038685593754053116,-0.0546829029917717,0.010354283265769482,5.957202786621707e-11,1.2649724369685512e-36,-1.5944667705995698e+30,27011010560.0,15276,248944,22,2,False,Right,Back,Right,Centre,56
<_io.BytesIO object at 0x000001B18983D2C0>,3157065753,0.009444713592529297,231424.28125,1.7188464178553833e-36,-111104.0,1.498970651536907e-34,5.010708277355562e+26,2.831763822260833e-30,1.6746217297913726e-39,18713,248944,22,2,False,Right,Back,Right,Centre,56
<_io.BytesIO object at 0x000001B18983DBD0>,68434358,-7.883202170169302e+30,-8186125877248.0,-4.044797239487252e-27,166151323648.0,1.6745726843451213e-39,0.00019755359971895814,1.5498361015432477e-42,0.8367332816123962,-23380,248944,22,2,False,Right,Back,Right,Centre,56
<_io.BytesIO object at 0x000001B18983D4F0>,3197779231,-1.143837581540688e+35,1.6745965064190148e-39,0.0003722856054082513,1.778247751228193e-42,0.553896427154541,0.11807505041360855,-0.05755552276968956,0.009317384101450443,18,248944,22,2,False,Right,Back,Right,Centre,56
<_io.BytesIO object at 0x000001B186ABF270>,1063171124,0.03866248577833176,-0.05466463789343834,0.9177666902542114,0.005252713803201914,-0.010557301342487335,0.8311657905578613,0.029273921623826027,-0.05843203887343407,-3502,248945,22,2,False,Right,Back,Right,Centre,56
<_io.BytesIO object at 0x000001B186ABF860>,2665758564,-3.4163770356931366e-29,6.844866220490076e-07,-2.8647095859923866e-06,-1.945537506967552e+16,4.869367694482207e-05,2.3396701042433254e+30,-9.770739664202447e-23,2.5015317024198757e-26,16139,248945,22,2,False,Right,Back,Right,Centre,56
<_io.BytesIO object at 0x000001B186ABF2C0>,1041132189,-0.01893419586122036,0.6272808909416199,0.13569621741771698,-0.014542604796588421,0.5189141035079956,0.10739263892173767,0.0037965886294841766,0.5707119107246399,29160,248945,22,2,False,Right,Back,Right,Centre,56
<_io.BytesIO object at 0x000001B186ABFB80>,290209221,2.0567838469820368e-40,6.979497708007332e-39,9.183549615799121e-41,340848604610560.0,76367880192.0,-9.210502867063042e-07,-5.129510263870418e+23,-2.43583738251224e-22,15888,248945,22,2,False,Right,Back,Right,Centre,56
<_io.BytesIO object at 0x000001B186ABFA40>,1058242174,0.8047011494636536,0.0,1.8367099231598242e-40,5.361788965174065e-31,-3.855362838958758e-16,2.5363747703200903e-24,363443159040.0,1.1347946311893818e+38,16199,248945,22,2,False,Right,Back,Right,Centre,56
<_io.BytesIO object at 0x000001B186ABF900>,3187001016,-0.5056264996528625,0.0,0.0,0.0,0.0,0.0,9.183549615799121e-40,2.424457098570968e-38,0,248945,22,2,False,Right,Back,Right,Centre,56
<_io.BytesIO object at 0x000001B186ABF4A0>,947,0.8699371814727783,0.03866248577833176,-0.05466463789343834,0.010354910977184772,9.805509269128487e-13,1.2649726163347547e-36,-7.685131763883641e+30,2.596661145119456e-20,15276,248945,22,2,False,Right,Back,Right,Centre,56
<_io.BytesIO object at 0x000001B186ABF1D0>,3157063816,0.00944514386355877,2.817587511382824e-24,1.7188469559539936e-36,-51200.0,-7423830016.0,65761246707712.0,1.6387794470983106e-28,1.6746217297913726e-39,-27396,248945,22,2,False,Right,Back,Right,Centre,56
<_io.BytesIO object at 0x000001B186ABFAE0>,68434357,-4.159478531998878e+30,-2.416665674475637e-20,-3.4163770356931366e-29,81465049088.0,1.6745726843451213e-39,0.00019500759663060308,1.5498361015432477e-42,0.8367494940757751,-18880,248945,22,2,False,Right,Back,Right,Centre,56
<_io.BytesIO object at 0x000001B1FFEA52C0>,3666492703,-1.0854242418821711e+35,1.6745965064190148e-39,0.000364714942406863,1.778247751228193e-42,0.5555465221405029,0.11886963248252869,-0.054102823138237,0.009319206699728966,18,248945,22,2,False,Right,Back,Right,Centre,56
<_io.BytesIO object at 0x000001B18986D310>,1063171237,0.038627803325653076,-0.054672010242938995,0.917765736579895,0.00524904252961278,-0.010537547990679741,0.8311564922332764,0.02923918142914772,-0.058408815413713455,-3279,248946,22,2,False,Right,Back,Right,Centre,56
<_io.BytesIO object at 0x000001B18986D860>,1692483428,-8.359578944127991e-37,9.740924724610522e-07,-3.1757407188415527,1.2919816988254743e-21,-2.8114854804602192e-14,-5.776317062646301e-38,16793457664.0,8.204947587963753e+25,16139,248946,22,2,False,Right,Back,Right,Centre,56
<_io.BytesIO object at 0x000001B18986D810>,1041170895,-0.01520420704036951,0.6284138560295105,0.13713693618774414,-0.009900039993226528,0.5203127264976501,0.10750855505466461,0.007187678944319487,0.5719054341316223,506,248946,22,2,False,Right,Back,Right,Centre,56
<_io.BytesIO object at 0x000001B18986DC70>,1552694726,2.0569940417516855e-40,6.979497708007332e-39,9.183549615799121e-41,340848604610560.0,76367880192.0,-9.210502867063042e-07,-5.129510263870418e+23,-2.43583738251224e-22,15888,248946,22,2,False,Right,Back,Right,Centre,56
<_io.BytesIO object at 0x000001B18986D0E0>,1058242174,0.8047011494636536,0.0,1.8367099231598242e-40,5.361788965174065e-31,-3.855362838958758e-16,2.5363747703200903e-24,363443159040.0,1.1347946311893818e+38,16199,248946,22,2,False,Right,Back,Right,Centre,56
<_io.BytesIO object at 0x000001B189864630>,3187001016,-0.5056264996528625,0.0,0.0,0.0,0.0,0.0,9.183549615799121e-40,2.424457098570968e-38,0,248946,22,2,False,Right,Back,Right,Centre,56
<_io.BytesIO object at 0x000001B189864270>,947,0.8699439167976379,0.038627803325653076,-0.054672010242938995,0.010355537757277489,-5.851207607762672e+26,1.2649723472854495e-36,-7.051306463769526e+30,3.788004021747489e-39,15276,248946,22,2,False,Right,Back,Right,Centre,56
<_io.BytesIO object at 0x000001B1898640E0>,3157042606,0.009445572271943092,2.853542749314819e-11,1.7188464178553833e-36,-22016.0,-9.79872346213785e-35,0.14574025571346283,4.259595820998771e-27,1.6746217297913726e-39,-7217,248946,22,2,False,Right,Back,Right,Centre,56
<_io.BytesIO object at 0x000001B189864860>,68434359,-1.4023384765024788e+31,3.3240681540053677e+22,-8.359578944127991e-37,39927218176.0,1.6745726843451213e-39,0.00020230990776326507,1.5498361015432477e-42,0.8367539644241333,-16309,248946,22,2,False,Right,Back,Right,Centre,56
<_io.BytesIO object at 0x000001B189864040>,482557215,-7.211973749708218e+34,1.6745965064190148e-39,0.0003678173525258899,1.778247751228193e-42,0.5572660565376282,0.11987612396478653,-0.05036971718072891,0.009320165030658245,18,248946,22,2,False,Right,Back,Right,Centre,56
<_io.BytesIO object at 0x000001B1898B7D60>,1063171101,0.03860405087471008,-0.054659970104694366,0.9177689552307129,0.005245275795459747,-0.010546104982495308,0.8311498165130615,0.02920590341091156,-0.05837218835949898,-3330,248947,22,2,False,Right,Back,Right,Centre,56
<_io.BytesIO object at 0x000001B1898B7950>,2619228004,6.115728980951784e+36,3.781027771765366e-06,-60223.3359375,1.5351522433292085e-15,3.843195276845899e-17,-5.996722813944865e-38,123003.9296875,-0.19408126175403595,16139,248947,22,2,False,Right,Back,Right,Centre,56
<_io.BytesIO object at 0x000001B1898B7590>,1041212226,-0.011071467772126198,0.6296624541282654,0.13863268494606018,-0.004705514293164015,0.5217987298965454,0.10752660036087036,0.010881215333938599,0.5730618238449097,-7709,248947,22,2,False,Right,Back,Right,Centre,56
<_io.BytesIO object at 0x000001B1898B75E0>,1768701381,2.0572322624906207e-40,6.979497708007332e-39,9.183549615799121e-41,340848604610560.0,76367880192.0,-9.210502867063042e-07,-5.129510263870418e+23,-2.43583738251224e-22,15888,248947,22,2,False,Right,Back,Right,Centre,56
<_io.BytesIO object at 0x000001B1898B7630>,1058242174,0.8047011494636536,0.0,1.8367099231598242e-40,5.361788965174065e-31,-3.855362838958758e-16,2.5363747703200903e-24,363443159040.0,1.1347946311893818e+38,16199,248947,22,2,False,Right,Back,Right,Centre,56
<_io.BytesIO object at 0x000001B1898B7C70>,3187001016,-0.5056264996528625,0.0,0.0,0.0,0.0,0.0,9.183549615799121e-40,2.424457098570968e-38,0,248947,22,2,False,Right,Back,Right,Centre,56
<_io.BytesIO object at 0x000001B189832400>,947,0.8699358105659485,0.03860405087471008,-0.054659970104694366,0.010356009937822819,-0.271484911441803,1.2649727060178564e-36,-9.190466851654663e+30,-8.31531441058155e+19,15275,248947,22,2,False,Right,Back,Right,Centre,56
<_io.BytesIO object at 0x000001B189832360>,3157051794,0.00944599974900484,-5.250669278507534e-26,1.7188460591229764e-36,-12032.0,11.515460968017578,1.1195244768112693e-24,1.0288865651467193e-25,1.6746217297913726e-39,2711,248947,22,2,False,Right,Back,Right,Centre,56
<_io.BytesIO object at 0x000001B189832720>,68434360,-1.0061976639311571e+31,-5.235974517587888e-22,6.115728980951784e+36,24124358656.0,1.6745726843451213e-39,0.00019566912669688463,1.5498361015432477e-42,0.8367689251899719,-14485,248947,22,2,False,Right,Back,Right,Centre,56
<_io.BytesIO object at 0x000001B1898327C0>,652033311,-2.924497912171413e+34,1.6745965064190148e-39,0.00036599955637939274,1.778247751228193e-42,0.559145987033844,0.12085273116827011,-0.046211183071136475,0.00932113453745842,18,248947,22,2,False,Right,Back,Right,Centre,56
<_io.BytesIO object at 0x000001B18988A540>,1063171420,0.0385783351957798,-0.0546577163040638,0.9177778959274292,0.005241246894001961,-0.01054657343775034,0.8311487436294556,0.029176946729421616,-0.058345478028059006,-3363,248948,22,2,False,Right,Back,Right,Centre,56
<_io.BytesIO object at 0x000001B18988A310>,2186297188,6.2426921540898235e+32,9.700088412500918e-06,-638804847230976.0,1.0969958352204857e+19,-6.616856180472631e-20,-9.082199778020201e-22,-3.341467390782782e-06,1.8826525682091703e-30,16140,248948,22,2,False,Right,Back,Right,Centre,56
<_io.BytesIO object at 0x000001B18988AEA0>,1041246545,-0.006474658381193876,0.6309786438941956,0.1401592195034027,0.0011518212268128991,0.5233069658279419,0.10740629583597183,0.014871541410684586,0.5743110775947571,26621,248948,22,2,False,Right,Back,Right,Centre,56
<_io.BytesIO object at 0x000001B18988A9F0>,2750168517,2.0574004183063397e-40,6.979497708007332e-39,9.183549615799121e-41,340848604610560.0,76367880192.0,-9.210502867063042e-07,-5.129510263870418e+23,-2.43583738251224e-22,15888,248948,22,2,False,Right,Back,Right,Centre,56
<_io.BytesIO object at 0x000001B18988AC70>,1058242174,0.8047011494636536,0.0,1.8367099231598242e-40,5.361788965174065e-31,-3.855362838958758e-16,2.5363747703200903e-24,363443159040.0,1.1347946311893818e+38,16199,248948,22,2,False,Right,Back,Right,Centre,56
<_io.BytesIO object at 0x000001B18988A630>,3187001016,-0.5056264996528625,0.0,0.0,0.0,0.0,0.0,9.183549615799121e-40,2.424457098570968e-38,0,248948,22,2,False,Right,Back,Right,Centre,56
<_io.BytesIO object at 0x000001B18988ABD0>,947,0.8699548244476318,0.0385783351957798,-0.0546577163040638,0.010356481187045574,-4.908348694813881e+33,1.2649713607713306e-36,-2.0123953278623142e+31,-0.38329631090164185,15275,248948,22,2,False,Right,Back,Right,Centre,56
<_io.BytesIO object at 0x000001B18988A8B0>,3157052297,0.00944642536342144,2.1014563274687238e+23,1.71884677658779e-36,-10880.0,2.9886635359786754e-36,-1.778237285833031e+36,2.73667483719521e-24,1.6746217297913726e-39,10658,248948,22,2,False,Right,Back,Right,Centre,56
<_io.BytesIO object at 0x000001B18988AF40>,68434359,-8.754711957826209e+30,-1.5299618777872988e-37,6.2426921540898235e+32,14142554112.0,1.6745726843451213e-39,0.00019711829372681677,1.5498361015432477e-42,0.8367787599563599,-10223,248948,22,2,False,Right,Back,Right,Centre,56
<_io.BytesIO object at 0x000001B18988A2C0>,1595424031,-2.778464563025121e+34,1.6745965064190148e-39,0.00036744039971381426,1.778247751228193e-42,0.5610291957855225,0.12188059836626053,-0.04167783260345459,0.009322958067059517,18,248948,22,2,False,Right,Back,Right,Centre,56
<_io.BytesIO object at 0x000001B189963310>,1063171211,0.03855063393712044,-0.05463317409157753,0.9177824258804321,0.005242527462542057,-0.010537846945226192,0.8311386108398438,0.029160981997847557,-0.0583161860704422,-3369,248949,22,2,False,Right,Back,Right,Centre,56
<_io.BytesIO object at 0x000001B189963400>,650198884,3.539595379339925e+25,2.6791152777150273e-05,-2.5502145174443047e+21,-1.4719434786239574e-27,1.1489337043959744e-23,-2023720960.0,-1.1311767527978685e-27,2.349269815297344e+24,16140,248949,22,2,False,Right,Back,Right,Centre,56
<_io.BytesIO object at 0x000001B189963AE0>,1041273195,-0.00135898869484663,0.6322305798530579,0.14154383540153503,0.007410034537315369,0.52475905418396,0.10717606544494629,0.019236693158745766,0.575524091720581,27902,248949,22,2,False,Right,Back,Right,Centre,56
<_io.BytesIO object at 0x000001B189963B80>,2142584260,2.057540548152772e-40,6.979497708007332e-39,9.183549615799121e-41,340848604610560.0,76367880192.0,-9.210502867063042e-07,-5.129510263870418e+23,-2.43583738251224e-22,15888,248949,22,2,False,Right,Back,Right,Centre,56
<_io.BytesIO object at 0x000001B189963810>,1058242174,0.8047011494636536,0.0,1.8367099231598242e-40,5.361788965174065e-31,-3.855362838958758e-16,2.5363747703200903e-24,363443159040.0,1.1347946311893818e+38,16199,248949,22,2,False,Right,Back,Right,Centre,56
<_io.BytesIO object at 0x000001B189963950>,3187001016,-0.5056264996528625,0.0,0.0,0.0,0.0,0.0,9.183549615799121e-40,2.424457098570968e-38,0,248949,22,2,False,Right,Back,Right,Centre,56
<_io.BytesIO object at 0x000001B189963E50>,947,0.8699423670768738,0.03855063393712044,-0.05463317409157753,0.010356951504945755,-2.8966028681380657e-31,1.264971898869941e-36,-3.2008177655762792e+31,-1066989.25,15275,248949,22,2,False,Right,Back,Right,Centre,56
<_io.BytesIO object at 0x000001B189963360>,3157042927,0.009446850046515465,-3.63622867699309e+23,1.71884623848918e-36,-4096.0,-2.4210867459783844e+21,-5.499750977382646e+17,6.89620310078036e-23,1.6746217297913726e-39,-21123,248949,22,2,False,Right,Back,Right,Centre,56
<_io.BytesIO object at 0x000001B189963C20>,68434355,-8.517027470283416e+30,1.3409247297876004e-15,3.539595379339925e+25,8145018880.0,1.6745726843451213e-39,0.00019711957429535687,1.5498361015432477e-42,0.8367900848388672,-7414,248949,22,2,False,Right,Back,Right,Centre,56
<_io.BytesIO object at 0x000001B189963540>,2464759071,-1.0403748363297518e+34,1.6745965064190148e-39,0.0003698712680488825,1.778247751228193e-42,0.5628870725631714,0.12295330315828323,-0.03676099702715874,0.009324708953499794,18,248949,22,2,False,Right,Back,Right,Centre,56
<_io.BytesIO object at 0x000001B189848360>,1063171313,0.03852220997214317,-0.054639652371406555,0.9177787899971008,0.005231693387031555,-0.010533556342124939,0.8311458230018616,0.029142988845705986,-0.058235228061676025,-3603,248950,22,2,False,Right,Back,Right,Centre,56
<_io.BytesIO object at 0x000001B189950BD0>,575487844,6.48053863090183e+23,0.0001723675522953272,-3.8672733033801944e+30,-3.916255861269313e-11,-1.326776316472775e-27,5.8362433560550094e-36,0.00026558333775028586,-2.7744565159082413e-05,16140,248950,22,2,False,Right,Back,Right,Centre,56
<_io.BytesIO object at 0x000001B1898484A0>,1041303205,0.004107527434825897,0.6333287954330444,0.14276987314224243,0.014103935100138187,0.5261866450309753,0.10697031021118164,0.02400282211601734,0.5765604376792908,-1079,248950,22,2,False,Right,Back,Right,Centre,56
<_io.BytesIO object at 0x000001B189848DB0>,1738489283,2.0576806779992046e-40,6.979497708007332e-39,9.183549615799121e-41,340848604610560.0,76367880192.0,-9.210502867063042e-07,-5.129510263870418e+23,-2.43583738251224e-22,15888,248950,22,2,False,Right,Back,Right,Centre,56
<_io.BytesIO object at 0x000001B1898488B0>,1058242174,0.8047011494636536,0.0,1.8367099231598242e-40,5.361788965174065e-31,-3.855362838958758e-16,2.5363747703200903e-24,363443159040.0,1.1347946311893818e+38,16199,248950,22,2,False,Right,Back,Right,Centre,56
<_io.BytesIO object at 0x000001B189848C20>,3187001016,-0.5056264996528625,0.0,0.0,0.0,0.0,0.0,9.183549615799121e-40,2.424457098570968e-38,0,248950,22,2,False,Right,Back,Right,Centre,56
<_io.BytesIO object at 0x000001B1898485E0>,947,0.8699484467506409,0.03852220997214317,-0.054639652371406555,0.010357420891523361,1.5648201461132927e-34,1.2649719885530426e-36,-2.2342341829022543e+31,2.479713223444906e+28,15275,248950,22,2,False,Right,Back,Right,Centre,56
<_io.BytesIO object at 0x000001B1898481D0>,3157038320,0.00944727286696434,136339592839168.0,1.7188464178553833e-36,-7968.0,-0.048644378781318665,-4.340504625216642e-34,1.0150628949083705e-20,1.6746217297913726e-39,-30849,248950,22,2,False,Right,Back,Right,Centre,56
<_io.BytesIO object at 0x000001B1898484F0>,68434341,-2.347134314485081e+30,2.7816239387392327e-18,6.48053863090183e+23,4923793408.0,1.6745726843451213e-39,0.0002016975195147097,1.5498361015432477e-42,0.8368103504180908,-3517,248950,22,2,False,Right,Back,Right,Centre,56
<_io.BytesIO object at 0x000001B1898489F0>,2922134815,-7.473504057257746e+33,1.6745965064190148e-39,0.0003661139926407486,1.778247751228193e-42,0.5647403001785278,0.12403291463851929,-0.03130487725138664,0.009326276369392872,18,248950,22,2,False,Right,Back,Right,Centre,56
<_io.BytesIO object at 0x000001B18984B220>,1063171153,0.0384935662150383,-0.0546225979924202,0.9177951812744141,0.005240460392087698,-0.010537700727581978,0.8311482667922974,0.029111359268426895,-0.05820893868803978,-3775,248951,22,2,False,Right,Back,Right,Centre,56
<_io.BytesIO object at 0x000001B18984B770>,550256484,5.34898652638287e+22,0.0002894219942390919,-4.797991756299261e+32,-3.4615664773877756e-36,1.8430078692432248e-31,1.5727771465821242e-35,9.30427288562857e-33,7.998414331542279e-38,16141,248951,22,2,False,Right,Back,Right,Centre,56
<_io.BytesIO object at 0x000001B18984BC70>,1041325608,0.009896176867187023,0.6342406868934631,0.14397642016410828,0.021376462653279305,0.5274163484573364,0.10682367533445358,0.02915818803012371,0.5775650143623352,-31992,248951,22,2,False,Right,Back,Right,Centre,56
<_io.BytesIO object at 0x000001B18984B4A0>,1702772161,2.0578488338149236e-40,6.979497708007332e-39,9.183549615799121e-41,340848604610560.0,76367880192.0,-9.210502867063042e-07,-5.129510263870418e+23,-2.43583738251224e-22,15888,248951,22,2,False,Right,Back,Right,Centre,56
<_io.BytesIO object at 0x000001B18984B400>,1058242174,0.8047011494636536,0.0,1.8367099231598242e-40,5.361788965174065e-31,-3.855362838958758e-16,2.5363747703200903e-24,363443159040.0,1.1347946311893818e+38,16199,248951,22,2,False,Right,Back,Right,Centre,56
<_io.BytesIO object at 0x000001B18985B180>,3187001016,-0.5056264996528625,0.0,0.0,0.0,0.0,0.0,9.183549615799121e-40,2.424457098570968e-38,0,248951,22,2,False,Right,Back,Right,Centre,56
<_io.BytesIO object at 0x000001B18985B310>,947,0.8699389100074768,0.0384935662150383,-0.0546225979924202,0.010357888415455818,-1.0445132363126129e+27,1.2649719885530426e-36,-1.0141204801825835e+32,-4.0828635974321514e-05,15275,248951,22,2,False,Right,Back,Right,Centre,56
<_io.BytesIO object at 0x000001B18985B4A0>,3157042770,0.009447694756090641,3.628764497359029e-28,1.718845879756773e-36,-10368.0,6.289101433680548e+35,1.2342552652631686e+27,8.461518965043548e-19,1.6746217297913726e-39,2962,248951,22,2,False,Right,Back,Right,Centre,56
<_io.BytesIO object at 0x000001B189837EA0>,68434342,-9.556897103283136e+29,3.460089264478955e-19,5.34898652638287e+22,3032322048.0,1.6745726843451213e-39,0.00020205366308800876,1.5498361015432477e-42,0.8368162512779236,-2627,248951,22,2,False,Right,Back,Right,Centre,56
<_io.BytesIO object at 0x000001B189837E50>,2224241951,-4.8725669664333666e+33,1.6745965064190148e-39,0.00036257109604775906,1.778247751228193e-42,0.5665959715843201,0.1250215619802475,-0.02539551444351673,0.009327507577836514,18,248951,22,2,False,Right,Back,Right,Centre,56
<_io.BytesIO object at 0x000001B189963680>,1063171191,0.03847510367631912,-0.05461558327078819,0.9177983403205872,0.005216616205871105,-0.01053335890173912,0.8311733603477478,0.029068628326058388,-0.058169927448034286,-3606,248952,22,2,False,Right,Back,Right,Centre,56
<_io.BytesIO object at 0x000001B1899639F0>,208486244,1.7590012790964224e+17,42.18511962890625,nan,132770040.0,1.273338786155941e+36,-3.9187975045833116e+28,-1.101534508052282e-08,0.0020559197291731834,16141,248952,22,2,False,Right,Back,Right,Centre,56
<_io.BytesIO object at 0x000001B189963AE0>,1041340298,0.016162941232323647,0.634939968585968,0.14528869092464447,0.028934387490153313,0.5286090970039368,0.10656122118234634,0.03449079766869545,0.5781952142715454,31648,248952,22,2,False,Right,Back,Right,Centre,56
<_io.BytesIO object at 0x000001B189963B80>,2876587456,2.0580169896306426e-40,6.979497708007332e-39,9.183549615799121e-41,340848604610560.0,76367880192.0,-9.210502867063042e-07,-5.129510263870418e+23,-2.43583738251224e-22,15888,248952,22,2,False,Right,Back,Right,Centre,56
<_io.BytesIO object at 0x000001B189963EF0>,1058242174,0.8047011494636536,0.0,1.8367099231598242e-40,5.361788965174065e-31,-3.855362838958758e-16,2.5363747703200903e-24,363443159040.0,1.1347946311893818e+38,16199,248952,22,2,False,Right,Back,Right,Centre,56
<_io.BytesIO object at 0x000001B189963D10>,3187001016,-0.5056264996528625,0.0,0.0,0.0,0.0,0.0,9.183549615799121e-40,2.424457098570968e-38,0,248952,22,2,False,Right,Back,Right,Centre,56
<_io.BytesIO object at 0x000001B189963F40>,947,0.8699411749839783,0.03847510367631912,-0.05461558327078819,0.0103583550080657,2.7710607318511603e-23,1.2649719885530426e-36,-1.3500478892430643e+32,-2.0580469811130475e+29,15274,248952,22,2,False,Right,Back,Right,Centre,56
<_io.BytesIO object at 0x000001B18986D3B0>,3157038108,0.009448115713894367,-7.291344225844274e+24,1.7188453416581627e-36,-101888.0,7.225102118163332e-19,302.47601318359375,4.6130625299885974e-17,1.6746217297913726e-39,13010,248952,22,2,False,Right,Back,Right,Centre,56
<_io.BytesIO object at 0x000001B18986D7C0>,68434338,-2.317423753542232e+30,1.827689179511614e-31,1.7590012790964224e+17,1801373696.0,1.6745726843451213e-39,0.00020239705918356776,1.5498361015432477e-42,0.836946964263916,-103,248952,22,2,False,Right,Back,Right,Centre,56
<_io.BytesIO object at 0x000001B18986DEF0>,1291664671,-3.391951684336814e+33,1.6745965064190148e-39,0.00027798235532827675,1.778247751228193e-42,0.5682900547981262,0.1259116679430008,-0.01912795938551426,0.009328966960310936,18,248952,22,2,False,Right,Back,Right,Centre,56
<_io.BytesIO object at 0x000001B1898B7E50>,1063171553,0.038450151681900024,-0.05459224060177803,0.9178035259246826,0.0052083455957472324,-0.010531601496040821,0.8311669230461121,0.02903568185865879,-0.05813675746321678,-3761,248953,22,2,False,Right,Back,Right,Centre,56
<_io.BytesIO object at 0x000001B1898B79A0>,3614392164,30130831360000.0,22366.78125,-4.941163206240162e-05,3.6790193371696774e-30,-4.6468425611528265e+27,-6.626574188050869e+35,1.8320894820329805e+31,4.819781347624873e+28,16141,248953,22,2,False,Right,Back,Right,Centre,56
<_io.BytesIO object at 0x000001B1898B7BD0>,1041354402,0.022848129272460938,0.6352361440658569,0.1465158313512802,0.037078969180583954,0.5295670032501221,0.1058315560221672,0.040381066501140594,0.5785204768180847,-31911,248953,22,2,False,Right,Back,Right,Centre,56
<_io.BytesIO object at 0x000001B1898B77C0>,350502335,2.058213171415648e-40,6.979497708007332e-39,9.183549615799121e-41,340848604610560.0,76367880192.0,-9.210502867063042e-07,-5.129510263870418e+23,-2.43583738251224e-22,15888,248953,22,2,False,Right,Back,Right,Centre,56
<_io.BytesIO object at 0x000001B1898B7130>,1058242174,0.8047011494636536,0.0,1.8367099231598242e-40,5.361788965174065e-31,-3.855362838958758e-16,2.5363747703200903e-24,363443159040.0,1.1347946311893818e+38,16199,248953,22,2,False,Right,Back,Right,Centre,56
<_io.BytesIO object at 0x000001B1898B70E0>,3187001016,-0.5056264996528625,0.0,0.0,0.0,0.0,0.0,9.183549615799121e-40,2.424457098570968e-38,0,248953,22,2,False,Right,Back,Right,Centre,56
<_io.BytesIO object at 0x000001B1898B7F40>,947,0.869962751865387,0.038450151681900024,-0.05459224060177803,0.010358819738030434,8.230939541054028e-11,1.264971540137534e-36,-2.1803590323925546e+32,-3.503823208135526e-13,15274,248953,22,2,False,Right,Back,Right,Centre,56
<_io.BytesIO object at 0x000001B1898B7540>,3157036221,0.009448535740375519,-1.6485560352184643e+35,1.7188460591229764e-36,-56064.0,-2.1307360243246694e+17,3.510748131637175e-19,1.441485540076815e-15,1.6746217297913726e-39,855,248953,22,2,False,Right,Back,Right,Centre,56
<_io.BytesIO object at 0x000001B189848A40>,68434338,-1.0250143525282949e+30,-263055539699712.0,30130831360000.0,1051681792.0,1.6745726843451213e-39,0.0002103841834468767,1.5498361015432477e-42,0.8370159864425659,-18353,248953,22,2,False,Right,Back,Right,Centre,56
<_io.BytesIO object at 0x000001B189848EA0>,244661535,-1.2891303299636274e+33,1.6745965064190148e-39,0.0003601523640099913,1.778247751228193e-42,0.5700292587280273,0.12693403661251068,-0.012478685937821865,0.009327749721705914,18,248953,22,2,False,Right,Back,Right,Centre,56
<_io.BytesIO object at 0x000001B189831EF0>,1063171259,0.038421884179115295,-0.05459103733301163,0.9178130030632019,0.005209791008383036,-0.010539899580180645,0.8311588764190674,0.02898997627198696,-0.05811159685254097,-3900,248954,22,2,False,Right,Back,Right,Centre,56
<_io.BytesIO object at 0x000001B189831E50>,1437417316,281815646208.0,2379.84765625,2.1762608703496486e-31,-4.120625036851284e-19,55898572.0,-1.9913556089653027e-31,1.4919207842467586e-06,-1.6619418628608672e-23,16141,248954,22,2,False,Right,Back,Right,Centre,56
<_io.BytesIO object at 0x000001B189852220>,1041354405,0.0297464057803154,0.635195255279541,0.1479215770959854,0.045686960220336914,0.5303382873535156,0.10518151521682739,0.04640683904290199,0.5782711505889893,-2986,248954,22,2,False,Right,Back,Right,Centre,56
<_io.BytesIO object at 0x000001B189852090>,159727038,2.0584093532006535e-40,6.979497708007332e-39,9.183549615799121e-41,340848604610560.0,76367880192.0,-9.210502867063042e-07,-5.129510263870418e+23,-2.43583738251224e-22,15888,248954,22,2,False,Right,Back,Right,Centre,56
<_io.BytesIO object at 0x000001B1898521D0>,1058242174,0.8047011494636536,0.0,1.8367099231598242e-40,5.361788965174065e-31,-3.855362838958758e-16,2.5363747703200903e-24,363443159040.0,1.1347946311893818e+38,16199,248954,22,2,False,Right,Back,Right,Centre,56
<_io.BytesIO object at 0x000001B189852400>,3187001016,-0.5056264996528625,0.0,0.0,0.0,0.0,0.0,9.183549615799121e-40,2.424457098570968e-38,0,248954,22,2,False,Right,Back,Right,Centre,56
<_io.BytesIO object at 0x000001B189852590>,947,0.869945228099823,0.038421884179115295,-0.05459103733301163,0.01035943254828453,1.3690962658415608e+19,1.2649719885530426e-36,-5.1466614369266114e+32,-6.832114195276517e-06,15274,248954,22,2,False,Right,Back,Right,Centre,56
<_io.BytesIO object at 0x000001B189852720>,3157045131,0.009448820725083351,-4.2783294800361755e+31,1.71884623848918e-36,-27136.0,4.7197433354323485e+36,4.46195069779804e-35,2.3934624898344636e-13,1.6746217297913726e-39,-21468,248954,22,2,False,Right,Back,Right,Centre,56
<_io.BytesIO object at 0x000001B1898528B0>,68434341,-4.852724953998691e+29,23810971533312.0,281815646208.0,665805824.0,1.6745726843451213e-39,0.00020389964629430324,1.5498361015432477e-42,0.836991548538208,3213,248954,22,2,False,Right,Back,Right,Centre,56
<_io.BytesIO object at 0x000001B189852A40>,2700295456,-9.240469570978973e+32,1.6745965064190148e-39,0.00028051852132193744,1.778247751228193e-42,0.5714772343635559,0.1274891048669815,-0.005377504974603653,0.009329758584499359,18,248954,22,2,False,Right,Back,Right,Centre,56
<_io.BytesIO object at 0x000001B18983C4F0>,1063171457,0.03840234503149986,-0.05456928163766861,0.9178372621536255,0.005206183064728975,-0.010537990368902683,0.8311601281166077,0.028951680287718773,-0.05808352679014206,-3657,248955,22,2,False,Right,Back,Right,Centre,56
<_io.BytesIO object at 0x000001B18983C630>,32784228,272932420976640.0,5015.6953125,7.530514971776383e-21,-3.891915548592806e-05,-1.0470857382949405e-19,6.901602876590653e+17,-4.479120130351788e-10,-5.965231112294317e-23,16141,248955,22,2,False,Right,Back,Right,Centre,56
<_io.BytesIO object at 0x000001B18983C1D0>,1041328862,0.03695252165198326,0.6347249746322632,0.1494094282388687,0.055005211383104324,0.5309150815010071,0.10451015830039978,0.052526917308568954,0.577896773815155,3069,248955,22,2,False,Right,Back,Right,Centre,56
<_io.BytesIO object at 0x000001B18983C3B0>,1118322110,2.058605534985659e-40,6.979497708007332e-39,9.183549615799121e-41,340848604610560.0,76367880192.0,-9.210502867063042e-07,-5.129510263870418e+23,-2.43583738251224e-22,15888,248955,22,2,False,Right,Back,Right,Centre,56
<_io.BytesIO object at 0x000001B18983C130>,1058242174,0.8047011494636536,0.0,1.8367099231598242e-40,5.361788965174065e-31,-3.855362838958758e-16,2.5363747703200903e-24,363443159040.0,1.1347946311893818e+38,16199,248955,22,2,False,Right,Back,Right,Centre,56
<_io.BytesIO object at 0x000001B189831EF0>,3187001016,-0.5056264996528625,0.0,0.0,0.0,0.0,0.0,9.183549615799121e-40,2.424457098570968e-38,0,248955,22,2,False,Right,Back,Right,Centre,56
<_io.BytesIO object at 0x000001B189831DB0>,947,0.8699570298194885,0.03840234503149986,-0.05456928163766861,0.01035989448428154,6.072233418308315e-07,1.264972167919246e-36,-4.5838245704252775e+33,-4.1681556408750994e-24,15274,248955,22,2,False,Right,Back,Right,Centre,56
<_io.BytesIO object at 0x000001B189831BD0>,3157043081,0.009448942728340626,35.00006866455078,1.71884677658779e-36,-29824.0,2.0925110602587615e-12,-9.604839751544796e+24,1.9297197520473652e-11,1.6746217297913726e-39,-20235,248955,22,2,False,Right,Back,Right,Centre,56
<_io.BytesIO object at 0x000001B1898319F0>,68434338,-1.8123442175137967e+30,8.972240533611568e-38,272932420976640.0,988767232.0,1.6745726843451213e-39,0.0002085847081616521,1.5498361015432477e-42,0.8369996547698975,7694,248955,22,2,False,Right,Back,Right,Centre,56
<_io.BytesIO object at 0x000001B189831810>,3089317152,-2.8425306448405997e+32,1.6745965064190148e-39,0.00027856393717229366,1.778247751228193e-42,0.572753369808197,0.12828482687473297,0.001943110255524516,0.009330919943749905,18,248955,22,2,False,Right,Back,Right,Centre,56
<_io.BytesIO object at 0x000001B1898B71D0>,1063171675,0.038390517234802246,-0.0545676127076149,0.9178469181060791,0.005200333893299103,-0.010517925955355167,0.83116614818573,0.028931494802236557,-0.05804911255836487,-3514,248956,22,2,False,Right,Back,Right,Centre,56
<_io.BytesIO object at 0x000001B1898B7680>,2678865764,1948091264.0,28638.78125,4.1377120033672153e-19,-1.05556724763045e-19,-2.959235774859966e+28,0.007331737317144871,1.7660891440791427e-36,-2.464797690655028e-21,16141,248956,22,2,False,Right,Back,Right,Centre,56
<_io.BytesIO object at 0x000001B1898B7CC0>,1041332401,0.044539984315633774,0.633787214756012,0.15082205832004547,0.06487299501895905,0.531216561794281,0.10366547852754593,0.058874402195215225,0.5781049728393555,22800,248956,22,2,False,Right,Back,Right,Centre,56
<_io.BytesIO object at 0x000001B1898B7E50>,221986233,2.0588437557245942e-40,6.979497708007332e-39,9.183549615799121e-41,340848604610560.0,76367880192.0,-9.210502867063042e-07,-5.129510263870418e+23,-2.43583738251224e-22,15888,248956,22,2,False,Right,Back,Right,Centre,56
<_io.BytesIO object at 0x000001B1898B76D0>,1058242174,0.8047011494636536,0.0,1.8367099231598242e-40,5.361788965174065e-31,-3.855362838958758e-16,2.5363747703200903e-24,363443159040.0,1.1347946311893818e+38,16199,248956,22,2,False,Right,Back,Right,Centre,56
<_io.BytesIO object at 0x000001B1898B7EA0>,3187001016,-0.5056264996528625,0.0,0.0,0.0,0.0,0.0,9.183549615799121e-40,2.424457098570968e-38,0,248956,22,2,False,Right,Back,Right,Centre,56
<_io.BytesIO object at 0x000001B1898B7180>,947,0.8699700236320496,0.038390517234802246,-0.0545676127076149,0.010360504500567913,-5.407280470965846e-36,1.264971540137534e-36,-1.0709112270728082e+34,1.3623811130296813e+24,15274,248956,22,2,False,Right,Back,Right,Centre,56
<_io.BytesIO object at 0x000001B18988AB30>,3157021537,0.0094490647315979,6.508113301429285e-29,1.7188453416581627e-36,-52736.0,6.988584848288786e-38,-1857.9039306640625,2.41183362170716e-09,1.6746217297913726e-39,17669,248956,22,2,False,Right,Back,Right,Centre,56
<_io.BytesIO object at 0x000001B18988A2C0>,68434338,-3.9217940444560847e+30,-7.294970445590507e-20,1948091264.0,1039098880.0,1.6745726843451213e-39,0.00020866052363999188,1.5498361015432477e-42,0.8370189070701599,8436,248956,22,2,False,Right,Back,Right,Centre,56
<_io.BytesIO object at 0x000001B18988AC20>,2683911456,-3.965149751124924e+31,1.6745965064190148e-39,0.00026136887026950717,1.778247751228193e-42,0.5739554762840271,0.1291348934173584,0.009705564007163048,0.009332524612545967,18,248956,22,2,False,Right,Back,Right,Centre,56
<_io.BytesIO object at 0x000001B1899639F0>,1063171918,0.038388222455978394,-0.05454258248209953,0.9178621768951416,0.005191237665712833,-0.010522248223423958,0.8311808109283447,0.02893756330013275,-0.058013029396533966,-3292,248957,22,2,False,Right,Back,Right,Centre,56
<_io.BytesIO object at 0x000001B189963770>,1278230372,16270.7568359375,22110.78125,6.766819558813622e-30,5.066078001338675e-20,2.8286018818012015e-13,157.2463836669922,2.7770717846792207e-31,-1.1154325704105256e-29,16141,248957,22,2,False,Right,Back,Right,Centre,56
<_io.BytesIO object at 0x000001B189963B30>,1041329522,0.052430011332035065,0.6323975920677185,0.15230503678321838,0.07526835799217224,0.5312924385070801,0.10277063399553299,0.06528089195489883,0.575495719909668,-18500,248957,22,2,False,Right,Back,Right,Centre,56
<_io.BytesIO object at 0x000001B1899630E0>,1982348731,2.0590259245249565e-40,6.979497708007332e-39,9.183549615799121e-41,340848604610560.0,76367880192.0,-9.210502867063042e-07,-5.129510263870418e+23,-2.43583738251224e-22,15888,248957,22,2,False,Right,Back,Right,Centre,56
<_io.BytesIO object at 0x000001B189963810>,1058242174,0.8047011494636536,0.0,1.8367099231598242e-40,5.361788965174065e-31,-3.855362838958758e-16,2.5363747703200903e-24,363443159040.0,1.1347946311893818e+38,16199,248957,22,2,False,Right,Back,Right,Centre,56
<_io.BytesIO object at 0x000001B189963090>,3187001016,-0.5056264996528625,0.0,0.0,0.0,0.0,0.0,9.183549615799121e-40,2.424457098570968e-38,0,248957,22,2,False,Right,Back,Right,Centre,56
<_io.BytesIO object at 0x000001B189963450>,947,0.86998450756073,0.038388222455978394,-0.05454258248209953,0.010360962711274624,-9.61598882042524e-24,1.2649714504544323e-36,-4.283644908291233e+34,1.606779407222531e-22,15274,248957,22,2,False,Right,Back,Right,Centre,56
<_io.BytesIO object at 0x000001B189963C20>,3157026178,0.009449273347854614,-1.7455684755518673e-17,1.718845879756773e-36,-200704.0,3.0598851460379057e-30,-3.096709919983661e-20,6.472317295447283e-07,1.6746217297913726e-39,-23481,248957,22,2,False,Right,Back,Right,Centre,56
<_io.BytesIO object at 0x000001B186B130E0>,68434337,-1.2993418652339351e+31,46202256.0,16270.7568359375,653222912.0,1.6745726843451213e-39,0.00021079745783936232,1.5498361015432477e-42,0.8370158672332764,3849,248957,22,2,False,Right,Back,Right,Centre,56
<_io.BytesIO object at 0x000001B186B13EA0>,527383840,-2.579592313478225e+30,1.6745965064190148e-39,0.00024541866150684655,1.778247751228193e-42,0.5748690962791443,0.1301388293504715,0.0178283229470253,0.009331604465842247,18,248957,22,2,False,Right,Back,Right,Centre,56
<_io.BytesIO object at 0x000001B18986F630>,1063172078,0.03837339207530022,-0.054534051567316055,0.9178653359413147,0.005194939207285643,-0.010524912737309933,0.831196665763855,0.028931036591529846,-0.05798783525824547,-3092,248958,22,2,False,Right,Back,Right,Centre,56
<_io.BytesIO object at 0x000001B18986F6D0>,1219510116,50.057647705078125,178934.25,9.196256980602192e+18,-2.1280541773194273e-09,16508904275968.0,-6.00081364136735e-36,155.24227905273438,2.62602237577003e+17,16141,248958,22,2,False,Right,Back,Right,Centre,56
<_io.BytesIO object at 0x000001B18986F220>,1041309211,0.06031192094087601,0.6304763555526733,0.15375210344791412,0.08591797947883606,0.5310915112495422,0.10189982503652573,0.07189790904521942,0.5720072984695435,1762,248958,22,2,False,Right,Back,Right,Centre,56
<_io.BytesIO object at 0x000001B18986F4A0>,2728738236,2.059166054371389e-40,6.979497708007332e-39,9.183549615799121e-41,340848604610560.0,76367880192.0,-9.210502867063042e-07,-5.129510263870418e+23,-2.43583738251224e-22,15888,248958,22,2,False,Right,Back,Right,Centre,56
<_io.BytesIO object at 0x000001B18986F310>,1058242174,0.8047011494636536,0.0,1.8367099231598242e-40,5.361788965174065e-31,-3.855362838958758e-16,2.5363747703200903e-24,363443159040.0,1.1347946311893818e+38,16199,248958,22,2,False,Right,Back,Right,Centre,56
<_io.BytesIO object at 0x000001B18986F090>,3187001016,-0.5056264996528625,0.0,0.0,0.0,0.0,0.0,9.183549615799121e-40,2.424457098570968e-38,0,248958,22,2,False,Right,Back,Right,Centre,56
<_io.BytesIO object at 0x000001B18986FD60>,947,0.869994044303894,0.03837339207530022,-0.054534051567316055,0.010361720807850361,-15616.017578125,1.2649714504544323e-36,-6.003593242680894e+34,0.0007905872771516442,15274,248958,22,2,False,Right,Back,Right,Centre,56
<_io.BytesIO object at 0x000001B18986FEF0>,3157029039,0.009449394419789314,0.2402346432209015,1.7188469559539936e-36,-843776.0,1.8389817082301876e-38,-3.931746281096347e-36,7.66467783250846e-05,1.6746217297913726e-39,-4162,248958,22,2,False,Right,Back,Right,Centre,56
<_io.BytesIO object at 0x000001B18984B0E0>,68434338,-3.7395692706732767e+31,360955.125,50.057647705078125,703554560.0,1.6745726843451213e-39,0.0002106448810081929,1.5498361015432477e-42,0.8370388746261597,24319,248958,22,2,False,Right,Back,Right,Centre,56
<_io.BytesIO object at 0x000001B18984B270>,2970762528,-1.0290145401962992e+26,1.6745965064190148e-39,0.00038026354741305113,1.778247751228193e-42,0.5755224227905273,0.13136671483516693,0.02615504525601864,0.009329104796051979,18,248958,22,2,False,Right,Back,Right,Centre,56
<_io.BytesIO object at 0x000001B189837B80>,1063172338,0.03837406635284424,-0.054523687809705734,0.9178775548934937,0.005177585873752832,-0.010512092150747776,0.8312172889709473,0.028940556570887566,-0.05796615034341812,-2345,248959,22,2,False,Right,Back,Right,Centre,56
<_io.BytesIO object at 0x000001B18986F2C0>,1759330148,3.916924029567781e-08,2.770507308014203e-07,-5.8088258443184426e+26,1.0374093335485668e-06,3.34891608940944e+20,1.0077325832093439e+28,223467265851392.0,2.5685014240043466e-29,16141,248959,22,2,False,Right,Back,Right,Centre,56
<_io.BytesIO object at 0x000001B1898375E0>,1041302779,0.0682467594742775,0.627971351146698,0.15523917973041534,0.09680750966072083,0.5306284427642822,0.10101784765720367,0.07847048342227936,0.5684970617294312,27431,248959,22,2,False,Right,Back,Right,Centre,56
<_io.BytesIO object at 0x000001B1898378B0>,3062382012,2.0592641452638917e-40,6.979497708007332e-39,9.183549615799121e-41,340848604610560.0,76367880192.0,-9.210502867063042e-07,-5.129510263870418e+23,-2.43583738251224e-22,15888,248959,22,2,False,Right,Back,Right,Centre,56
<_io.BytesIO object at 0x000001B189837450>,1058242174,0.8047011494636536,0.0,1.8367099231598242e-40,5.361788965174065e-31,-3.855362838958758e-16,2.5363747703200903e-24,363443159040.0,1.1347946311893818e+38,16199,248959,22,2,False,Right,Back,Right,Centre,56
<_io.BytesIO object at 0x000001B189837B30>,3187001016,-0.5056264996528625,0.0,0.0,0.0,0.0,0.0,9.183549615799121e-40,2.424457098570968e-38,0,248959,22,2,False,Right,Back,Right,Centre,56
<_io.BytesIO object at 0x000001B189837860>,947,0.8700095415115356,0.03837406635284424,-0.054523687809705734,0.010362327098846436,-1.1091956352412478e+30,1.264971540137534e-36,-1.7394194476091673e+35,-2.101071663114691e-14,15273,248959,22,2,False,Right,Back,Right,Centre,56
<_io.BytesIO object at 0x000001B1898379A0>,3157015273,0.009449602104723454,0.00022220637765713036,1.718845521024366e-36,-5505024.0,1.931104995185002e-26,9.061643381028508e+27,0.014388424344360828,1.6746217297913726e-39,25531,248959,22,2,False,Right,Back,Right,Centre,56
<_io.BytesIO object at 0x000001B1898371D0>,68434340,-2.1803590323925546e+33,8.358498746801913e+24,3.916924029567781e-08,1289668608.0,1.6745726843451213e-39,0.00020222103921696544,1.5498361015432477e-42,0.8367397785186768,-5136,248959,22,2,False,Right,Back,Right,Centre,56
<_io.BytesIO object at 0x000001B189837360>,898317597,-5.928033869611094e+27,1.6745965064190148e-39,0.0002007366274483502,1.778247751228193e-42,0.5757074952125549,0.13225558400154114,0.03475121781229973,0.00933124590665102,18,248959,22,2,False,Right,Back,Right,Centre,56
<_io.BytesIO object at 0x000001B18986DD10>,1063172769,0.038370754569768906,-0.05451086163520813,0.9178891777992249,0.005160344764590263,-0.010507029481232166,0.8312519192695618,0.02894633077085018,-0.05795188993215561,-1946,248960,22,2,False,Right,Back,Right,Centre,56
<_io.BytesIO object at 0x000001B18986DE00>,3647225700,1.6333952999048051e-06,1.7116999515565112e-06,-1.1503488755614673e+25,4.7816321215032875e-12,8.119769676067635e+16,1.6306822607904495e+35,2.2663730964058606e-21,-0.004645966924726963,16140,248960,22,2,False,Right,Back,Right,Centre,56
<_io.BytesIO object at 0x000001B18986D130>,1041297307,0.07625400274991989,0.6247985363006592,0.1568296253681183,0.10781534761190414,0.5298710465431213,0.100067637860775,0.08497124910354614,2.802596928649634e-45,76,248960,22,2,False,Right,Back,Right,Centre,56
<_io.BytesIO object at 0x000001B18986DD60>,65536,340848604610560.0,76367880192.0,-9.210502867063042e-07,-5.129510263870418e+23,-2.43583738251224e-22,8.448653946328786e+37,2.105295538648344e-38,2.2709442912847985e-41,0,248960,22,2,False,Right,Back,Right,Centre,56
<_io.BytesIO object at 0x000001B18986D4F0>,131072,5.361788965174065e-31,-3.855362838958758e-16,2.5363747703200903e-24,363443159040.0,1.1347946311893818e+38,-23583.638671875,4.697784865274375e+29,6.851929101009058e-41,0,248960,22,2,False,Right,Back,Right,Centre,56
<_io.BytesIO object at 0x000001B18986DF40>,0,0.0,0.0,0.0,8.265194654219209e-40,2.1489506100969944e-38,1.0520674439859473e-36,-0.00122833251953125,2.970912903708933e-13,15645,248960,22,2,False,Right,Back,Right,Centre,56
<_io.BytesIO object at 0x000001B18986DEF0>,3177137864,0.010362779721617699,511101698048.0,1.264971540137534e-36,-5.218258342827502e+35,2.0194543350818444e-24,3.0051143428784434e-16,-960934707200.0,1.6745993090159434e-39,-27996,248960,22,2,False,Right,Back,Right,Centre,56
<_io.BytesIO object at 0x000001B18986D6D0>,68303141,-124256256.0,3.7141950127521823e-19,8.871658608094347e+18,1.677655816078186,1.6746217297913726e-39,0.000319256738293916,1.462955596755109e-42,0.8944152593612671,-9884,248960,22,2,False,Right,Back,Right,Centre,56
<_io.BytesIO object at 0x000001B18986D090>,903559945,2344456192.0,1.6745726843451213e-39,0.00021325217676348984,1.5498361015432477e-42,0.8367598652839661,0.03855237364768982,0.014659084379673004,0.009334689006209373,18,248960,22,2,False,Right,Back,Right,Centre,56
<_io.BytesIO object at 0x000001B1898B75E0>,1063173347,0.03836699202656746,-0.05454268306493759,0.9178975224494934,0.005142355803400278,-0.010512925684452057,0.831285297870636,0.028962604701519012,-0.057948801666498184,-1356,248961,22,2,False,Right,Back,Right,Centre,56
<_io.BytesIO object at 0x000001B1898B7810>,3749789540,700.9224243164062,3.0486640753224492e-05,-1.5981748459585995e+27,-37645045760.0,0.00018142325279768556,-1.3945525049102084e+23,1.324379078734478e+34,27806.666015625,16140,248961,22,2,False,Right,Back,Right,Centre,56
<_io.BytesIO object at 0x000001B189848E50>,1041284276,0.08404114097356796,0.6210374236106873,0.15860749781131744,0.11862806975841522,0.5288385152816772,0.0992235541343689,0.0915345624089241,2.802596928649634e-45,76,248961,22,2,False,Right,Back,Right,Centre,56
<_io.BytesIO object at 0x000001B1898B72C0>,65536,340848604610560.0,76367880192.0,-9.210502867063042e-07,-5.129510263870418e+23,-2.43583738251224e-22,8.448653946328786e+37,2.105295538648344e-38,2.2709442912847985e-41,0,248961,22,2,False,Right,Back,Right,Centre,56
<_io.BytesIO object at 0x000001B1898482C0>,131072,5.361788965174065e-31,-3.855362838958758e-16,2.5363747703200903e-24,363443159040.0,1.1347946311893818e+38,-23583.638671875,4.697784865274375e+29,6.851929101009058e-41,0,248961,22,2,False,Right,Back,Right,Centre,56
<_io.BytesIO object at 0x000001B1898489F0>,0,0.0,0.0,0.0,8.265194654219209e-40,2.1489506100969944e-38,1.0520674439859473e-36,-0.0277099609375,1.2576573676660032e-15,15645,248961,22,2,False,Right,Back,Right,Centre,56
<_io.BytesIO object at 0x000001B189848810>,3177146406,0.01036335900425911,-6225929.0,1.2649716298206358e-36,-1.1059592308679183e+36,-3.3289946967732517e-38,0.22679007053375244,-3259623276544.0,1.6745993090159434e-39,1842,248961,22,2,False,Right,Back,Right,Centre,56
<_io.BytesIO object at 0x000001B189848A90>,68303143,-2634022912.0,126.12368774414062,1.0427971859277414e+17,189.7399444580078,1.6746217297913726e-39,0.0003171483986079693,1.462955596755109e-42,0.8944504261016846,-8319,248961,22,2,False,Right,Back,Right,Centre,56
<_io.BytesIO object at 0x000001B189848B30>,1143945993,4257058816.0,1.6745726843451213e-39,0.00020943950221408159,1.5498361015432477e-42,0.8367919325828552,0.03855575993657112,0.014637243002653122,0.009335141628980637,18,248961,22,2,False,Right,Back,Right,Centre,56
<_io.BytesIO object at 0x000001B18983C4F0>,1063173995,0.03838399797677994,-0.05453179031610489,0.9179251790046692,0.0050505707040429115,-0.010581303387880325,0.8313301205635071,0.028979016467928886,-0.057950209826231,-781,248962,22,2,False,Right,Back,Right,Centre,56
<_io.BytesIO object at 0x000001B18983C270>,2892119908,32273938.0,4.7621841076761484e-05,-2.6634204599025664e+16,89248735232.0,1.695486839717415e-36,3.363224744796753,5.834155731944176e-18,-712.96044921875,16139,248962,22,2,False,Right,Back,Right,Centre,56
<_io.BytesIO object at 0x000001B18983C860>,1041262270,0.09171947091817856,0.616584837436676,0.1604752391576767,0.12941916286945343,0.5268645286560059,0.09910834580659866,0.09769076108932495,2.802596928649634e-45,76,248962,22,2,False,Right,Back,Right,Centre,56
<_io.BytesIO object at 0x000001B18983C4A0>,65536,340848604610560.0,76367880192.0,-9.210502867063042e-07,-5.129510263870418e+23,-2.43583738251224e-22,8.448653946328786e+37,2.105295538648344e-38,2.2709442912847985e-41,0,248962,22,2,False,Right,Back,Right,Centre,56
<_io.BytesIO object at 0x000001B18983C770>,131072,5.361788965174065e-31,-3.855362838958758e-16,2.5363747703200903e-24,363443159040.0,1.1347946311893818e+38,-23583.638671875,4.697784865274375e+29,6.851929101009058e-41,0,248962,22,2,False,Right,Back,Right,Centre,56
<_io.BytesIO object at 0x000001B18983CA40>,0,0.0,0.0,0.0,8.265194654219209e-40,2.1489506100969944e-38,1.0520674439859473e-36,-0.91796875,6.592155841644853e-05,15645,248962,22,2,False,Right,Back,Right,Centre,56
<_io.BytesIO object at 0x000001B18983CB80>,3177143482,0.010363808833062649,9.379183627672427e-13,1.2649716298206358e-36,-1.3707663706531945e+37,2.5819949581977936e+38,8.116972106169713e+17,-6519247077376.0,1.6745993090159434e-39,-7046,248962,22,2,False,Right,Back,Right,Centre,56
<_io.BytesIO object at 0x000001B18983CD60>,68303202,-151397597184.0,6.825217845358943e+22,8.072161509779702e+17,20702.712890625,1.6746217297913726e-39,0.00031835970003157854,1.462955596755109e-42,0.8944846987724304,-21406,248962,22,2,False,Right,Back,Right,Centre,56
<_io.BytesIO object at 0x000001B18983CF90>,1274428169,7910137856.0,1.6745726843451213e-39,0.00021088302310090512,1.5498361015432477e-42,0.836796224117279,0.03853868320584297,0.014606868848204613,0.00933559238910675,18,248962,22,2,False,Right,Back,Right,Centre,56
<_io.BytesIO object at 0x000001B186ABF590>,1063174878,0.03841798007488251,-0.05450248345732689,0.9179455041885376,0.005049857310950756,-0.01056918129324913,0.8313648700714111,0.0289962999522686,-0.05795450881123543,-162,248963,22,2,False,Right,Back,Right,Centre,56
<_io.BytesIO object at 0x000001B186ABF4A0>,2815573860,234449547558912.0,0.0002105145249515772,-6135723.0,-3.843968648948608e+22,-0.0025518196634948254,-6.323436682796503e+22,36763696.0,1.8400980400593314e-19,16139,248963,22,2,False,Right,Back,Right,Centre,56
<_io.BytesIO object at 0x000001B186ABF720>,1041270649,0.09908537566661835,0.6115125417709351,0.16256152093410492,0.13992437720298767,0.5252397656440735,0.09915899485349655,0.10320014506578445,2.802596928649634e-45,76,248963,22,2,False,Right,Back,Right,Centre,56
<_io.BytesIO object at 0x000001B186ABFD10>,65536,340848604610560.0,76367880192.0,-9.210502867063042e-07,-5.129510263870418e+23,-2.43583738251224e-22,8.448653946328786e+37,2.105295538648344e-38,2.2709442912847985e-41,0,248963,22,2,False,Right,Back,Right,Centre,56
<_io.BytesIO object at 0x000001B186ABF9A0>,131072,5.361788965174065e-31,-3.855362838958758e-16,2.5363747703200903e-24,363443159040.0,1.1347946311893818e+38,-23583.638671875,4.697784865274375e+29,6.851929101009058e-41,0,248963,22,2,False,Right,Back,Right,Centre,56
<_io.BytesIO object at 0x000001B189848590>,0,0.0,0.0,0.0,8.265194654219209e-40,2.1489506100969944e-38,1.0520674439859473e-36,-111.0,1.9393347581483418e+17,15645,248963,22,2,False,Right,Back,Right,Centre,56
<_io.BytesIO object at 0x000001B189848770>,3177135615,0.010364405810832977,-3637252.5,1.2649732441164667e-36,-8.307674973655724e+37,6.433506049875953e+34,1.9560618587117357e-13,-13038494154752.0,1.6745993090159434e-39,-18440,248963,22,2,False,Right,Back,Right,Centre,56
<_io.BytesIO object at 0x000001B189848F90>,68303206,-3642132267008.0,-4.002259982858368e-33,4.179063553191481e+20,2125659.25,1.6746217297913726e-39,0.00031518214382231236,1.462955596755109e-42,0.8945215940475464,-22574,248963,22,2,False,Right,Back,Right,Centre,56
<_io.BytesIO object at 0x000001B189848540>,1465203466,4823130112.0,1.6745726843451213e-39,0.0002042040869127959,1.5498361015432477e-42,0.8368127346038818,0.038523416966199875,0.014580966904759407,0.009336043149232864,18,248963,22,2,False,Right,Back,Right,Centre,56
<_io.BytesIO object at 0x000001B18986D270>,1063175551,0.03841293603181839,-0.05452043563127518,0.9179540872573853,0.00502327736467123,-0.01056620106101036,0.8314166069030762,0.02903149276971817,-0.05795985832810402,378,248964,22,2,False,Right,Back,Right,Centre,56
<_io.BytesIO object at 0x000001B18986DC20>,1018183525,1.3387184748042492e+20,0.002208564430475235,-1805626112.0,30439994.0,22297553403904.0,-1.745271447362029e-06,23520636928.0,3.222368632587028e+28,16138,248964,22,2,False,Right,Back,Right,Centre,56
<_io.BytesIO object at 0x000001B18986D720>,1041261312,0.10641919821500778,0.6057500839233398,0.16508689522743225,0.15022101998329163,0.523383378982544,0.09915433079004288,0.10889363288879395,2.802596928649634e-45,76,248964,22,2,False,Right,Back,Right,Centre,56
<_io.BytesIO object at 0x000001B18986D7C0>,65536,340848604610560.0,76367880192.0,-9.210502867063042e-07,-5.129510263870418e+23,-2.43583738251224e-22,8.448653946328786e+37,2.105295538648344e-38,2.2709442912847985e-41,0,248964,22,2,False,Right,Back,Right,Centre,56
<_io.BytesIO object at 0x000001B18986DB80>,131072,5.361788965174065e-31,-3.855362838958758e-16,2.5363747703200903e-24,363443159040.0,1.1347946311893818e+38,-23583.638671875,4.697784865274375e+29,6.851929101009058e-41,0,248964,22,2,False,Right,Back,Right,Centre,56
<_io.BytesIO object at 0x000001B18986D5E0>,0,0.0,0.0,0.0,8.265194654219209e-40,2.1489506100969944e-38,1.0520674439859473e-36,-4080.0,124380893937664.0,15645,248964,22,2,False,Right,Back,Right,Centre,56
<_io.BytesIO object at 0x000001B18986DC70>,3177140434,0.010365152731537819,-6.686957393093664e+20,1.2649730647502632e-36,-1.834334634183184e+38,-4.2651027018222357e-23,5.829518208463383e-21,-110905023004672.0,1.6745993090159434e-39,-32372,248964,22,2,False,Right,Back,Right,Centre,56
<_io.BytesIO object at 0x000001B189963720>,68303206,-404620279021568.0,-1049034489856.0,9.880984772139654e+23,108391272.0,1.6746217297913726e-39,0.00031964434310793877,1.462955596755109e-42,0.8945537805557251,15536,248964,22,2,False,Right,Back,Right,Centre,56
<_io.BytesIO object at 0x000001B189963090>,1625832203,3032322048.0,1.6745726843451213e-39,0.0002023771812673658,1.5498361015432477e-42,0.8368387222290039,0.03852733597159386,0.014544464647769928,0.009336492978036404,18,248964,22,2,False,Right,Back,Right,Centre,56
<_io.BytesIO object at 0x000001B189837AE0>,1063176229,0.03842359036207199,-0.05453013628721237,0.9180270433425903,0.0049403952434659,-0.010569915175437927,0.831452488899231,0.029046837240457535,-0.0579611212015152,823,248965,22,2,False,Right,Back,Right,Centre,56
<_io.BytesIO object at 0x000001B189837900>,1548238693,2.2107691443055528e+30,2.6038360374514014e-06,-1.9586575916719084e-08,-2374923190272.0,-1.5513641775477555e+18,-4181659904.0,-1.0156570732563465e+32,-3.2916100129853215e-14,16137,248965,22,2,False,Right,Back,Right,Centre,56
<_io.BytesIO object at 0x000001B189837C20>,1041273474,0.11351384967565536,0.5994336009025574,0.16767792403697968,0.1602167785167694,2.802596928649634e-45,1.064986832886861e-43,1.401298464324817e-45,0.5443055033683777,20878,248965,22,2,False,Right,Back,Right,Centre,56
<_io.BytesIO object at 0x000001B1898377C0>,3044490776,-5.129510263870418e+23,-2.43583738251224e-22,8.448653946328786e+37,2.105295538648344e-38,2.2709442912847985e-41,0.0,2.802596928649634e-45,0.6134823560714722,-23074,248965,22,2,False,Right,Back,Right,Centre,56
<_io.BytesIO object at 0x000001B189837270>,407125524,363443159040.0,1.1347946311893818e+38,-23583.638671875,4.697784865274375e+29,6.851929101009058e-41,0.0,0.0,0.0,0,248965,22,2,False,Right,Back,Right,Centre,56
<_io.BytesIO object at 0x000001B1898374A0>,0,7.346839692639297e-40,1.9101783200862172e-38,1.0520674439859473e-36,-168960.0,6.560009363847391e+20,3.578091942392627e+16,-25665313177600.0,1.6746203284929083e-39,12255,248965,22,2,False,Right,Back,Right,Centre,56
<_io.BytesIO object at 0x000001B189837770>,64436577,1.2342690683634019e-36,-2.5502204284188156e+21,1.3655660803524317e-11,-2249469391273984.0,1.6745993090159434e-39,0.0001905289973365143,1.4601529998264594e-42,0.831452488899231,-3166,248965,22,2,False,Right,Back,Right,Centre,56
<_io.BytesIO object at 0x000001B189837E50>,1755593965,5091547648.0,1.6746217297913726e-39,0.00032136484514921904,1.462955596755109e-42,0.8945803046226501,0.002126472070813179,-0.07052969187498093,0.008258545771241188,18,248965,22,2,False,Right,Back,Right,Centre,56
<_io.BytesIO object at 0x000001B18984BEF0>,1063176802,0.038439489901065826,-0.05454326048493385,0.9180310368537903,0.0049280705861747265,-0.010564586147665977,0.8314911127090454,0.029067670926451683,-0.05796591565012932,1293,248966,22,2,False,Right,Back,Right,Centre,56
<_io.BytesIO object at 0x000001B18984BE50>,269893477,-4.973963722401018e-35,5.773916200269014e-06,-5.4171188368368206e-11,1.0698445930726615e+23,1016774.75,3.317102569297266e-28,132344.296875,-56141392379904.0,16136,248966,22,2,False,Right,Back,Right,Centre,56
<_io.BytesIO object at 0x000001B18985B090>,1041278561,0.12049965560436249,0.5925489068031311,0.16954940557479858,0.1703128069639206,2.802596928649634e-45,1.064986832886861e-43,1.401298464324817e-45,0.5443055033683777,20878,248966,22,2,False,Right,Back,Right,Centre,56
<_io.BytesIO object at 0x000001B18984BB30>,3044490776,-5.129510263870418e+23,-2.43583738251224e-22,8.448653946328786e+37,2.105295538648344e-38,2.2709442912847985e-41,0.0,2.802596928649634e-45,0.6134823560714722,-23074,248966,22,2,False,Right,Back,Right,Centre,56
<_io.BytesIO object at 0x000001B18984BE50>,407125524,363443159040.0,1.1347946311893818e+38,-23583.638671875,4.697784865274375e+29,6.851929101009058e-41,0.0,0.0,0.0,0,248966,22,2,False,Right,Back,Right,Centre,56
<_io.BytesIO object at 0x000001B18984B590>,0,7.346839692639297e-40,1.9101783200862172e-38,1.0520674439859473e-36,-3702784.0,7.378024711149478e+30,7.300352578020519e+24,-1897666741010432.0,1.6746203284929083e-39,-25325,248966,22,2,False,Right,Back,Right,Centre,56
<_io.BytesIO object at 0x000001B18984BB30>,64436561,1.7514865827252084e-36,1.7367996891874706e+36,4.854287627751771e-25,-5.087239726746829e+16,1.6745993090159434e-39,0.00019462623458821326,1.4601529998264594e-42,0.8314911127090454,8019,248966,22,2,False,Right,Back,Right,Centre,56
<_io.BytesIO object at 0x000001B18984BEA0>,1839938798,234870226944.0,1.6746217297913726e-39,0.0003239859943278134,1.462955596755109e-42,0.8946083188056946,0.0021219304762780666,-0.07056906819343567,0.008258366025984287,18,248966,22,2,False,Right,Back,Right,Centre,56
<_io.BytesIO object at 0x000001B189837F90>,1063177257,0.03844122216105461,-0.054549288004636765,0.9180478453636169,0.004916454665362835,-0.010570604354143143,0.831507682800293,0.029078368097543716,-0.05797088146209717,1560,248967,22,2,False,Right,Back,Right,Centre,56
<_io.BytesIO object at 0x000001B1898375E0>,1196375909,-1.533335549300525e-32,5.191337550058961e-05,-5.7800825217112785e-18,6.760757454088787e-14,-6.750379028716087e-19,1.0118532021431339e+27,-6.65419868732035e+37,-5.025858898267022e+37,16135,248967,22,2,False,Right,Back,Right,Centre,56
<_io.BytesIO object at 0x000001B189837450>,1041290816,0.12731356918811798,0.5856693983078003,0.17133933305740356,0.1802118569612503,2.802596928649634e-45,1.064986832886861e-43,1.401298464324817e-45,0.5443055033683777,20878,248967,22,2,False,Right,Back,Right,Centre,56
<_io.BytesIO object at 0x000001B1898379F0>,3044490776,-5.129510263870418e+23,-2.43583738251224e-22,8.448653946328786e+37,2.105295538648344e-38,2.2709442912847985e-41,0.0,2.802596928649634e-45,0.6134823560714722,-23074,248967,22,2,False,Right,Back,Right,Centre,56
<_io.BytesIO object at 0x000001B189837720>,407125524,363443159040.0,1.1347946311893818e+38,-23583.638671875,4.697784865274375e+29,6.851929101009058e-41,0.0,0.0,0.0,0,248967,22,2,False,Right,Back,Right,Centre,56
<_io.BytesIO object at 0x000001B189837DB0>,0,7.346839692639297e-40,1.9101783200862172e-38,1.0520674439859473e-36,-44302336.0,8.825860627302825e+31,4.556817786736222e+28,-5.819206092193792e+16,1.6746203284929083e-39,20997,248967,22,2,False,Right,Back,Right,Centre,56
<_io.BytesIO object at 0x000001B189837A90>,64436564,8.228460455756013e-36,3.768794649834781e-23,7.720988848269883e-10,-1.0436419372753879e+18,1.6745993090159434e-39,0.00019553677702788264,1.4601529998264594e-42,0.831507682800293,13762,248967,22,2,False,Right,Back,Right,Centre,56
<_io.BytesIO object at 0x000001B189837D10>,1927298286,4732708454400.0,1.6746217297913726e-39,0.00032305470085702837,1.462955596755109e-42,0.8946242332458496,0.0021557395812124014,-0.07057689875364304,0.008258283138275146,18,248967,22,2,False,Right,Back,Right,Centre,56
<_io.BytesIO object at 0x000001B18986D590>,1063177558,0.03845178335905075,-0.05455295369029045,0.918058454990387,0.004910325165838003,-0.01057126373052597,0.831533670425415,0.029083698987960815,-0.057965170592069626,1512,248968,22,2,False,Right,Back,Right,Centre,56
<_io.BytesIO object at 0x000001B18986DF90>,1527529317,-3.787736996881813e-13,0.0012187231332063675,-5.857070384251983e-09,-81495100227584.0,-2.7635279213020198e+29,-2.1911174506448072e+30,5.55970330404913e-27,8.059697082797158e-32,16135,248968,22,2,False,Right,Back,Right,Centre,56
<_io.BytesIO object at 0x000001B18986D8B0>,1041305787,0.1338598132133484,0.5782368779182434,0.17312350869178772,0.18968835473060608,2.802596928649634e-45,1.064986832886861e-43,1.401298464324817e-45,0.5443055033683777,20878,248968,22,2,False,Right,Back,Right,Centre,56
<_io.BytesIO object at 0x000001B18986D400>,3044490776,-5.129510263870418e+23,-2.43583738251224e-22,8.448653946328786e+37,2.105295538648344e-38,2.2709442912847985e-41,0.0,2.802596928649634e-45,0.6134823560714722,-23074,248968,22,2,False,Right,Back,Right,Centre,56
<_io.BytesIO object at 0x000001B18986DE00>,407125524,363443159040.0,1.1347946311893818e+38,-23583.638671875,4.697784865274375e+29,6.851929101009058e-41,0.0,0.0,0.0,0,248968,22,2,False,Right,Back,Right,Centre,56
<_io.BytesIO object at 0x000001B18986D180>,0,7.346839692639297e-40,1.9101783200862172e-38,1.0520674439859473e-36,-224395264.0,nan,9.318765917649995e+30,-1.7810811562093445e+18,1.6746203284929083e-39,20775,248968,22,2,False,Right,Back,Right,Centre,56
<_io.BytesIO object at 0x000001B18986D950>,64436560,2.1158898314801175e-35,-4.799051255308719e+23,3.5444486456981394e-08,-2.2155557322895655e+19,1.6745993090159434e-39,0.0001939951762324199,1.4601529998264594e-42,0.831533670425415,16624,248968,22,2,False,Right,Back,Right,Centre,56
<_io.BytesIO object at 0x000001B18986D2C0>,1826831598,101012102709248.0,1.6746217297913726e-39,0.0003244792460463941,1.462955596755109e-42,0.8946213722229004,0.0021263984963297844,-0.07063833624124527,0.008258105255663395,18,248968,22,2,False,Right,Back,Right,Centre,56
<_io.BytesIO object at 0x000001B189848900>,1063177803,0.038450490683317184,-0.05457008630037308,0.9180672764778137,0.0048512052744627,-0.010558229871094227,0.8315356373786926,0.029084324836730957,-0.05796099826693535,1596,248969,22,2,False,Right,Back,Right,Centre,56
<_io.BytesIO object at 0x000001B189848B30>,3587850085,-1.6412755599048978e-07,0.003307197242975235,-7.33177657072909e-18,-3.0579964370201113e-34,6.067984026801319e-26,1.029014895849525e+29,5.50045129443788e-08,5.0026177387193723e-20,16134,248969,22,2,False,Right,Back,Right,Centre,56
<_io.BytesIO object at 0x000001B1898484A0>,1041291776,0.14052514731884003,0.5707453489303589,0.17449602484703064,0.1988879293203354,2.802596928649634e-45,1.064986832886861e-43,1.401298464324817e-45,0.5443055033683777,20878,248969,22,2,False,Right,Back,Right,Centre,56
<_io.BytesIO object at 0x000001B189848D10>,3044490776,-5.129510263870418e+23,-2.43583738251224e-22,8.448653946328786e+37,2.105295538648344e-38,2.2709442912847985e-41,0.0,2.802596928649634e-45,0.6134823560714722,-23074,248969,22,2,False,Right,Back,Right,Centre,56
<_io.BytesIO object at 0x000001B186ABF950>,407125524,363443159040.0,1.1347946311893818e+38,-23583.638671875,4.697784865274375e+29,6.851929101009058e-41,0.0,0.0,0.0,0,248969,22,2,False,Right,Back,Right,Centre,56
<_io.BytesIO object at 0x000001B186ABF630>,0,7.346839692639297e-40,1.9101783200862172e-38,1.0520674439859473e-36,-851443712.0,6.488212010666226e+37,-5.318846834222176e-36,-2.503853398552897e+19,1.6746203284929083e-39,-24243,248969,22,2,False,Right,Back,Right,Centre,56
<_io.BytesIO object at 0x000001B186ABF4A0>,64436547,4.607937855223367e-35,-2.2335773009689085e+33,-4.9271341427561874e+36,-4.651693464242157e+20,1.6745993090159434e-39,0.00015482769231311977,1.4601529998264594e-42,0.8315356373786926,16960,248969,22,2,False,Right,Back,Right,Centre,56
<_io.BytesIO object at 0x000001B186ABF590>,1753431278,4270326263316480.0,1.6746217297913726e-39,0.0003219471836928278,1.462955596755109e-42,0.8946263790130615,0.0021184594370424747,-0.0706561803817749,0.008257929235696793,18,248969,22,2,False,Right,Back,Right,Centre,56
<_io.BytesIO object at 0x000001B189840D60>,1063177931,0.03844096511602402,-0.054597362875938416,0.9180694818496704,0.0048830099403858185,-0.010598789900541306,0.8315337300300598,0.029073452576994896,-0.057960186153650284,1798,248970,22,2,False,Right,Back,Right,Centre,56
<_io.BytesIO object at 0x000001B189840EA0>,2839887717,-0.7391821146011353,56.68511962890625,-9.344871147761382e+26,1.1170682579013579e+23,7.01384089696333e-11,-1.8104415949473145e+29,1.1841776430585335e-24,2.775224857032299e-06,16133,248970,22,2,False,Right,Back,Right,Centre,56
<_io.BytesIO object at 0x000001B189840900>,1041287393,0.14671830832958221,0.563241720199585,0.17553412914276123,0.2077184021472931,2.802596928649634e-45,1.064986832886861e-43,1.401298464324817e-45,0.5443055033683777,20878,248970,22,2,False,Right,Back,Right,Centre,56
<_io.BytesIO object at 0x000001B189840B80>,3044490776,-5.129510263870418e+23,-2.43583738251224e-22,8.448653946328786e+37,2.105295538648344e-38,2.2709442912847985e-41,0.0,2.802596928649634e-45,0.6134823560714722,-23074,248970,22,2,False,Right,Back,Right,Centre,56
<_io.BytesIO object at 0x000001B1898409A0>,407125524,363443159040.0,1.1347946311893818e+38,-23583.638671875,4.697784865274375e+29,6.851929101009058e-41,0.0,0.0,0.0,0,248970,22,2,False,Right,Back,Right,Centre,56
<_io.BytesIO object at 0x000001B189840630>,0,7.346839692639297e-40,1.9101783200862172e-38,1.0520674439859473e-36,-1702887424.0,6.282714948988051e+31,-8.5461803837504675e-19,-1.814603731921514e+21,1.6746203284929083e-39,26053,248970,22,2,False,Right,Back,Right,Centre,56
<_io.BytesIO object at 0x000001B189840400>,64436547,5.792836160852233e-35,6.180445374044335e-38,-9.730612854103732e-16,-4.274757375079989e+21,1.6745993090159434e-39,0.00018999105668626726,1.4601529998264594e-42,0.8315337300300598,11123,248970,22,2,False,Right,Back,Right,Centre,56
<_io.BytesIO object at 0x000001B189840180>,1739144430,8.71108445250519e+16,1.6746217297913726e-39,0.00032316308352164924,1.462955596755109e-42,0.8946384191513062,0.002115802140906453,-0.0706772580742836,0.00825775321573019,18,248970,22,2,False,Right,Back,Right,Centre,56
<_io.BytesIO object at 0x000001B189848BD0>,1063177696,0.038435809314250946,-0.05460407957434654,0.9180742502212524,0.004891545046120882,-0.010602755472064018,0.8315231204032898,0.029056629166007042,-0.057956308126449585,1807,248971,22,2,False,Right,Back,Right,Centre,56
<_io.BytesIO object at 0x000001B189848E00>,1584480101,-183857479680.0,0.0012339819222688675,-9.378236295436306e-17,-4.611047460031574e+29,116.11799621582031,4490340258021376.0,-4.778297522956775e+34,487920.21875,16132,248971,22,2,False,Right,Back,Right,Centre,56
<_io.BytesIO object at 0x000001B1898B7040>,1041287978,0.1531825214624405,0.5558456182479858,0.17630451917648315,0.21621985733509064,2.802596928649634e-45,1.064986832886861e-43,1.401298464324817e-45,0.5443055033683777,20878,248971,22,2,False,Right,Back,Right,Centre,56
<_io.BytesIO object at 0x000001B1898484F0>,3044490776,-5.129510263870418e+23,-2.43583738251224e-22,8.448653946328786e+37,2.105295538648344e-38,2.2709442912847985e-41,0.0,2.802596928649634e-45,0.6134823560714722,-23074,248971,22,2,False,Right,Back,Right,Centre,56
<_io.BytesIO object at 0x000001B1898B7590>,407125524,363443159040.0,1.1347946311893818e+38,-23583.638671875,4.697784865274375e+29,6.851929101009058e-41,0.0,0.0,0.0,0,248971,22,2,False,Right,Back,Right,Centre,56
<_io.BytesIO object at 0x000001B1898B7680>,0,7.346839692639297e-40,1.9101783200862172e-38,1.0520674439859473e-36,-469762048.0,3.439113920471186e+28,-1.50145144933592e-14,-1.2794055505015101e+23,1.6746203284929083e-39,17566,248971,22,2,False,Right,Back,Right,Centre,56
<_io.BytesIO object at 0x000001B1898B7F40>,64436555,8.802101698957289e-35,791542.6875,-1.038509071804583e-05,-3.888132748334454e+22,1.6745993090159434e-39,0.00018724407709669322,1.4601529998264594e-42,0.8315231204032898,2091,248971,22,2,False,Right,Back,Right,Centre,56
<_io.BytesIO object at 0x000001B1898B7720>,1670921454,3.77833894282317e+18,1.6746217297913726e-39,0.00031824037432670593,1.462955596755109e-42,0.8946389555931091,0.0021113420370966196,-0.07071336358785629,0.008257578127086163,18,248971,22,2,False,Right,Back,Right,Centre,56
<_io.BytesIO object at 0x000001B189963680>,1063177778,0.03843945264816284,-0.0546005442738533,0.9180682301521301,0.004890060983598232,-0.010614647530019283,0.8315116763114929,0.029050074517726898,-0.057951364666223526,1601,248972,22,2,False,Right,Back,Right,Centre,56
<_io.BytesIO object at 0x000001B189963090>,4216733541,-5567245056999424.0,49.93511962890625,-2.463717921799521e+36,-2.3718034009329387e+27,5.577964303245164e+23,0.3813403844833374,148700911370240.0,7.773963028646014e+30,16131,248972,22,2,False,Right,Back,Right,Centre,56
<_io.BytesIO object at 0x000001B189963B30>,1041295382,0.15917055308818817,0.5490356087684631,0.17657729983329773,0.22403515875339508,2.802596928649634e-45,1.064986832886861e-43,1.401298464324817e-45,0.5443055033683777,20878,248972,22,2,False,Right,Back,Right,Centre,56
<_io.BytesIO object at 0x000001B1899639F0>,3044490776,-5.129510263870418e+23,-2.43583738251224e-22,8.448653946328786e+37,2.105295538648344e-38,2.2709442912847985e-41,0.0,2.802596928649634e-45,0.6134823560714722,-23074,248972,22,2,False,Right,Back,Right,Centre,56
<_io.BytesIO object at 0x000001B1899632C0>,407125524,363443159040.0,1.1347946311893818e+38,-23583.638671875,4.697784865274375e+29,6.851929101009058e-41,0.0,0.0,0.0,0,248972,22,2,False,Right,Back,Right,Centre,56
<_io.BytesIO object at 0x000001B1899637C0>,0,7.346839692639297e-40,1.9101783200862172e-38,1.0520674439859473e-36,-746586112.0,6.981883898578156e+30,-9.117651241424951e-17,-1.8416453367019016e+25,1.6746203284929083e-39,-4749,248972,22,2,False,Right,Back,Right,Centre,56
<_io.BytesIO object at 0x000001B189963180>,64436563,5.002903957099656e-35,0.025176724418997765,-1.0822372706652067e+25,-8.29885364979777e+23,1.6745993090159434e-39,0.0001907247060444206,1.4601529998264594e-42,0.8315116763114929,-1428,248972,22,2,False,Right,Back,Right,Centre,56
<_io.BytesIO object at 0x000001B186B13C20>,1583955181,7.054148625048063e+19,1.6746217297913726e-39,0.0003175102174282074,1.462955596755109e-42,0.8946266770362854,0.0021206936798989773,-0.07072757184505463,0.008257403038442135,18,248972,22,2,False,Right,Back,Right,Centre,56
<_io.BytesIO object at 0x000001B18986FD10>,1063177437,0.0384385921061039,-0.05461277812719345,0.9180737733840942,0.004896063357591629,-0.010614339262247086,0.831486701965332,0.029041646048426628,-0.05793062970042229,1198,248973,22,2,False,Right,Back,Right,Centre,56
<_io.BytesIO object at 0x000001B18986F040>,774782821,-3.648550424242584e+20,39.43511962890625,-9.645311043351386e+23,-2.220710607013806e+17,-2.7797688370369564e-27,-0.11486633867025375,4.826516784899212e+37,-2.5276941971388944e+20,16138,248973,22,2,False,Right,Back,Right,Centre,56
<_io.BytesIO object at 0x000001B18986FCC0>,1043663385,0.2313719242811203,2.802596928649634e-45,1.064986832886861e-43,1.401298464324817e-45,0.5443055033683777,0.14874860644340515,0.1911219209432602,0.023791717365384102,-25709,248973,22,2,False,Right,Back,Right,Centre,56
<_io.BytesIO object at 0x000001B18986FEA0>,2122202640,2.105295538648344e-38,2.2709442912847985e-41,0.0,2.802596928649634e-45,0.6134823560714722,0.14516398310661316,0.10014393925666809,-0.350240021944046,32426,248973,22,2,False,Right,Back,Right,Centre,56
<_io.BytesIO object at 0x000001B18986F950>,3333963591,4.697784865274375e+29,6.851929101009058e-41,0.0,0.0,0.0,0.0,0.0,9.80908925027372e-45,182,248973,22,2,False,Right,Back,Right,Centre,56
<_io.BytesIO object at 0x000001B18988A310>,62062592,-115867648.0,1.993058982501615e+30,-4.838183631505899e-09,-1.2547656834898922e+27,1.6746203284929083e-39,0.00020104901341255754,1.3774763904312952e-42,0.9180737733840942,28456,248973,22,2,False,Right,Back,Right,Centre,56
<_io.BytesIO object at 0x000001B18988A130>,3888397216,-7.583556216412145e+24,1.6745993090159434e-39,0.00019632998737506568,1.4601529998264594e-42,0.831486701965332,0.029041646048426628,-0.05793062970042229,0.010399751365184784,18,248973,22,2,False,Right,Back,Right,Centre,56
<_io.BytesIO object at 0x000001B189832E00>,1063177089,0.03844499588012695,-0.05460602417588234,0.9180066585540771,0.004964303225278854,-0.010633483529090881,0.8314542174339294,0.02902580425143242,-0.05791839212179184,726,248974,22,2,False,Right,Back,Right,Centre,56
<_io.BytesIO object at 0x000001B189832B30>,2782543717,-1.1297348119973225e+24,8.713745046406984e-05,-4.778323551583431e-36,-58064858251264.0,-27.779499053955078,0.00014805435785092413,5.769623001583568e-09,17127823114240.0,16137,248974,22,2,False,Right,Back,Right,Centre,56
<_io.BytesIO object at 0x000001B189832A90>,1043663029,0.2383589893579483,2.802596928649634e-45,1.064986832886861e-43,1.401298464324817e-45,0.5443055033683777,0.14874860644340515,0.1911219209432602,0.023791717365384102,-25709,248974,22,2,False,Right,Back,Right,Centre,56
<_io.BytesIO object at 0x000001B189832D10>,2122202640,2.105295538648344e-38,2.2709442912847985e-41,0.0,2.802596928649634e-45,0.6134823560714722,0.14516398310661316,0.10014393925666809,-0.350240021944046,32426,248974,22,2,False,Right,Back,Right,Centre,56
<_io.BytesIO object at 0x000001B189832A40>,3333963591,4.697784865274375e+29,6.851929101009058e-41,0.0,0.0,0.0,0.0,0.0,9.80908925027372e-45,182,248974,22,2,False,Right,Back,Right,Centre,56
<_io.BytesIO object at 0x000001B1898322C0>,62062592,-16908288.0,2.0809351160773885e+34,-2.579958002877497e-13,-8.71136739594227e+28,1.6746203284929083e-39,0.00020197159028612077,1.3774763904312952e-42,0.9180066585540771,-21608,248974,22,2,False,Right,Back,Right,Centre,56
<_io.BytesIO object at 0x000001B1898325E0>,940587938,-6.374630973258268e+24,1.6745993090159434e-39,0.0002227638615295291,1.4601529998264594e-42,0.8314542174339294,0.02902580425143242,-0.05791839212179184,0.010400393046438694,18,248974,22,2,False,Right,Back,Right,Centre,56
<_io.BytesIO object at 0x000001B189837F90>,1063176189,0.038424864411354065,-0.05461479350924492,0.918049693107605,0.0049113561399281025,-0.010633914731442928,0.8314087986946106,0.029009142890572548,-0.05789582431316376,138,248975,22,2,False,Right,Back,Right,Centre,56
<_io.BytesIO object at 0x000001B189837D60>,2570993509,-1.3916589897076349e+26,1.8339099884033203,-3.337120594637357e+18,9.839912218367886e-10,-6834071430758400.0,724.9849243164062,-4.6345740578601635e-09,-7.313974902442672e+32,16135,248975,22,2,False,Right,Back,Right,Centre,56
<_io.BytesIO object at 0x000001B189837590>,1043654014,0.2448490411043167,2.802596928649634e-45,1.064986832886861e-43,1.401298464324817e-45,0.5443055033683777,0.14874860644340515,0.1911219209432602,0.023791717365384102,-25709,248975,22,2,False,Right,Back,Right,Centre,56
<_io.BytesIO object at 0x000001B189837AE0>,2122202640,2.105295538648344e-38,2.2709442912847985e-41,0.0,2.802596928649634e-45,0.6134823560714722,0.14516398310661316,0.10014393925666809,-0.350240021944046,32426,248975,22,2,False,Right,Back,Right,Centre,56
<_io.BytesIO object at 0x000001B1898373B0>,3333963591,4.697784865274375e+29,6.851929101009058e-41,0.0,0.0,0.0,0.0,0.0,9.80908925027372e-45,182,248975,22,2,False,Right,Back,Right,Centre,56
<_io.BytesIO object at 0x000001B1898379F0>,62062592,-129536.0,4.210423735877978e+21,-9.091511543601882e-08,-1.1623748464466845e+30,1.6746203284929083e-39,0.00019387232896406204,1.3774763904312952e-42,0.918049693107605,-4239,248975,22,2,False,Right,Back,Right,Centre,56
<_io.BytesIO object at 0x000001B189837040>,970931104,-1.273815377840395e+26,1.6745993090159434e-39,0.00019250101468060166,1.4601529998264594e-42,0.8314087986946106,0.029009142890572548,-0.05789582431316376,0.0104011669754982,18,248975,22,2,False,Right,Back,Right,Centre,56
<_io.BytesIO object at 0x000001B18986DD60>,1063175866,0.03843431547284126,-0.0545659102499485,0.9179894328117371,0.004990588407963514,-0.010649650357663631,0.8313493728637695,0.02898997627198696,-0.057852670550346375,-725,248976,22,2,False,Right,Back,Right,Centre,56
<_io.BytesIO object at 0x000001B18986D8B0>,2640723812,-5.470167457052565e+20,2.9763650672975928e-06,-4.7244844466875505e-33,-5.256546595479861e-39,2.6074935590363765e-31,3.2765365431745925e-26,-3.0494279424109927e+26,-3603.885009765625,16134,248976,22,2,False,Right,Back,Right,Centre,56
<_io.BytesIO object at 0x000001B18986D360>,1043614381,0.2513352036476135,2.802596928649634e-45,1.064986832886861e-43,1.401298464324817e-45,0.5443055033683777,0.14874860644340515,0.1911219209432602,0.023791717365384102,-25709,248976,22,2,False,Right,Back,Right,Centre,56
<_io.BytesIO object at 0x000001B18986D900>,2122202640,2.105295538648344e-38,2.2709442912847985e-41,0.0,2.802596928649634e-45,0.6134823560714722,0.14516398310661316,0.10014393925666809,-0.350240021944046,32426,248976,22,2,False,Right,Back,Right,Centre,56
<_io.BytesIO object at 0x000001B18986DDB0>,3333963591,4.697784865274375e+29,6.851929101009058e-41,0.0,0.0,0.0,0.0,0.0,9.80908925027372e-45,182,248976,22,2,False,Right,Back,Right,Centre,56
<_io.BytesIO object at 0x000001B18986D310>,62062592,-23808.0,3.970064577653803e+27,-1.1868702318855228e-38,-7.692729137304427e+31,1.6746203284929083e-39,0.00020345021039247513,1.3774763904312952e-42,0.9179894328117371,-30697,248976,22,2,False,Right,Back,Right,Centre,56
<_io.BytesIO object at 0x000001B189864CC0>,2078227363,-5.820617003130358e+26,1.6745993090159434e-39,0.000215541833313182,1.4601529998264594e-42,0.8313493728637695,0.02898997627198696,-0.057852670550346375,0.010401937179267406,18,248976,22,2,False,Right,Back,Right,Centre,56
<_io.BytesIO object at 0x000001B189848C70>,1063174539,0.03841107711195946,-0.054572977125644684,0.9179676175117493,0.005004506558179855,-0.01064892578870058,0.8312715291976929,0.028965037316083908,-0.05781096965074539,-1430,248977,22,2,False,Right,Back,Right,Centre,56
<_io.BytesIO object at 0x000001B189848A40>,3145416548,-122722390638592.0,0.0016535986214876175,-2.407372463676117e-31,3.181326365604459e-15,7.757455315828791e+33,-3.5431070546292163e-16,-1.4991992027912413e-18,-4.641923510070173e-15,16133,248977,22,2,False,Right,Back,Right,Centre,56
<_io.BytesIO object at 0x000001B189848180>,1043591470,0.2576943039894104,2.802596928649634e-45,1.064986832886861e-43,1.401298464324817e-45,0.5443055033683777,0.14874860644340515,0.1911219209432602,0.023791717365384102,-25709,248977,22,2,False,Right,Back,Right,Centre,56
<_io.BytesIO object at 0x000001B189848E00>,2122202640,2.105295538648344e-38,2.2709442912847985e-41,0.0,2.802596928649634e-45,0.6134823560714722,0.14516398310661316,0.10014393925666809,-0.350240021944046,32426,248977,22,2,False,Right,Back,Right,Centre,56
<_io.BytesIO object at 0x000001B189848220>,3333963591,4.697784865274375e+29,6.851929101009058e-41,0.0,0.0,0.0,0.0,0.0,9.80908925027372e-45,182,248977,22,2,False,Right,Back,Right,Centre,56
<_io.BytesIO object at 0x000001B189848270>,62062592,-17.375,8220482469888.0,-3.524432595426395e-34,-2.198001999089945e+33,1.6746203284929083e-39,0.00020355175365693867,1.3774763904312952e-42,0.9179676175117493,-808,248977,22,2,False,Right,Back,Right,Centre,56
<_io.BytesIO object at 0x000001B1898489F0>,2027240355,-2.7608979173485476e+27,1.6745993090159434e-39,0.000213134684599936,1.4601529998264594e-42,0.8312715291976929,0.028965037316083908,-0.05781096965074539,0.01040270458906889,18,248977,22,2,False,Right,Back,Right,Centre,56
<_io.BytesIO object at 0x000001B18985B590>,1063173772,0.038426220417022705,-0.05451052263379097,0.9179592132568359,0.005042107310146093,-0.010634402744472027,0.831204891204834,0.028948510065674782,-0.05775497853755951,-2444,248978,22,2,False,Right,Back,Right,Centre,56
<_io.BytesIO object at 0x000001B189840950>,919682916,-11549460.0,0.0006360644474625587,-2.350949671558708e-34,5.737550420890447e-37,-492280676352.0,-8.746697894468118e-27,-3.858581421715065e+33,-2.4312078215684183e-30,16132,248978,22,2,False,Right,Back,Right,Centre,56
<_io.BytesIO object at 0x000001B1898409F0>,1043556164,0.26373398303985596,2.802596928649634e-45,1.064986832886861e-43,1.401298464324817e-45,0.5443055033683777,0.14874860644340515,0.1911219209432602,0.023791717365384102,-25709,248978,22,2,False,Right,Back,Right,Centre,56
<_io.BytesIO object at 0x000001B189840A40>,2122202640,2.105295538648344e-38,2.2709442912847985e-41,0.0,2.802596928649634e-45,0.6134823560714722,0.14516398310661316,0.10014393925666809,-0.350240021944046,32426,248978,22,2,False,Right,Back,Right,Centre,56
<_io.BytesIO object at 0x000001B189840CC0>,3333963591,4.697784865274375e+29,6.851929101009058e-41,0.0,0.0,0.0,0.0,0.0,9.80908925027372e-45,182,248978,22,2,False,Right,Back,Right,Centre,56
<_io.BytesIO object at 0x000001B189840860>,62062592,-0.2734375,3.0731910835230296e+22,15183.2783203125,-6.092502591478386e+34,1.6746203284929083e-39,0.0001964908151421696,1.3774763904312952e-42,0.9179592132568359,14403,248978,22,2,False,Right,Back,Right,Centre,56
<_io.BytesIO object at 0x000001B189840450>,1005271973,-4.888607359870295e+27,1.6745993090159434e-39,0.00022436719154939055,1.4601529998264594e-42,0.831204891204834,0.028948510065674782,-0.05775497853755951,0.010403554886579514,18,248978,22,2,False,Right,Back,Right,Centre,56
<_io.BytesIO object at 0x000001B186ABF3B0>,1063172755,0.03842615336179733,-0.0544326975941658,0.917945146560669,0.005060363560914993,-0.01063829381018877,0.8311211466789246,0.028936335816979408,-0.05769280716776848,-3172,248979,22,2,False,Right,Back,Right,Centre,56
<_io.BytesIO object at 0x000001B186ABF860>,519126884,-5.536813841899857e-05,0.0003447351045906544,-1.4760291344061831e-33,-1.6398323441496635e+22,9.133580533671193e-06,10393559760896.0,4.906569997806635e+36,3.408804186732236e-35,16132,248979,22,2,False,Right,Back,Right,Centre,56
<_io.BytesIO object at 0x000001B186ABFB30>,1043405290,0.27089592814445496,2.802596928649634e-45,1.064986832886861e-43,1.401298464324817e-45,0.5443055033683777,0.14874860644340515,0.1911219209432602,0.023791717365384102,-25709,248979,22,2,False,Right,Back,Right,Centre,56
<_io.BytesIO object at 0x000001B186ABF130>,2122202640,2.105295538648344e-38,2.2709442912847985e-41,0.0,2.802596928649634e-45,0.6134823560714722,0.14516398310661316,0.10014393925666809,-0.350240021944046,32426,248979,22,2,False,Right,Back,Right,Centre,56
<_io.BytesIO object at 0x000001B186ABF770>,3333963591,4.697784865274375e+29,6.851929101009058e-41,0.0,0.0,0.0,0.0,0.0,9.80908925027372e-45,182,248979,22,2,False,Right,Back,Right,Centre,56
<_io.BytesIO object at 0x000001B186ABF9A0>,62062592,-0.00112152099609375,2.807557968861612e+22,-1.3325462217954705e+32,-1.60690907815346e+36,1.6746203284929083e-39,0.00020353883155621588,1.3774763904312952e-42,0.917945146560669,-11928,248979,22,2,False,Right,Back,Right,Centre,56
<_io.BytesIO object at 0x000001B186ABF040>,1279081381,-9.003502195187227e+27,1.6745993090159434e-39,0.0002200119779445231,1.4601529998264594e-42,0.8311211466789246,0.028936335816979408,-0.05769280716776848,0.010404559783637524,18,248979,22,2,False,Right,Back,Right,Centre,56
<_io.BytesIO object at 0x000001B189963270>,1063171822,0.03844645246863365,-0.05436824634671211,0.9179292917251587,0.005081796552985907,-0.010623752139508724,0.8310362100601196,0.028904715552926064,-0.05761565640568733,-4217,248980,22,2,False,Right,Back,Right,Centre,56
<_io.BytesIO object at 0x000001B189963090>,3894558564,-1.9221138944448234e-21,5.3343886975198984e-05,-8.075243444965823e-23,-4.932361746209318e-26,-1.8098217910159514e-26,4.363311650365269e-29,-8101650.5,339824705536.0,16131,248980,22,2,False,Right,Back,Right,Centre,56
<_io.BytesIO object at 0x000001B1899639A0>,1043335720,0.2772316038608551,2.802596928649634e-45,1.064986832886861e-43,1.401298464324817e-45,0.5443055033683777,0.14874860644340515,0.1911219209432602,0.023791717365384102,-25709,248980,22,2,False,Right,Back,Right,Centre,56
<_io.BytesIO object at 0x000001B189963220>,2122202640,2.105295538648344e-38,2.2709442912847985e-41,0.0,2.802596928649634e-45,0.6134823560714722,0.14516398310661316,0.10014393925666809,-0.350240021944046,32426,248980,22,2,False,Right,Back,Right,Centre,56
<_io.BytesIO object at 0x000001B189963EF0>,3333963591,4.697784865274375e+29,6.851929101009058e-41,0.0,0.0,0.0,0.0,0.0,9.80908925027372e-45,182,248980,22,2,False,Right,Back,Right,Centre,56
<_io.BytesIO object at 0x000001B189963F90>,62062592,-7.092952728271484e-06,1.7556132878862703e+35,-2.753785866005387e-09,-1.0217756700392898e+38,1.6746203284929083e-39,0.00020607192709576339,1.3774763904312952e-42,0.9179292917251587,-31437,248980,22,2,False,Right,Back,Right,Centre,56
<_io.BytesIO object at 0x000001B189963CC0>,255802278,-2.7657913515572592e+28,1.6745993090159434e-39,0.00021699376520700753,1.4601529998264594e-42,0.8310362100601196,0.028904715552926064,-0.05761565640568733,0.010405427776277065,18,248980,22,2,False,Right,Back,Right,Centre,56
<_io.BytesIO object at 0x000001B18988A950>,1063170986,0.03844521567225456,-0.05436089634895325,0.91791832447052,0.005107197444885969,-0.010610547848045826,0.8309647440910339,0.02885507233440876,-0.057543788105249405,-4986,248981,22,2,False,Right,Back,Right,Centre,56
<_io.BytesIO object at 0x000001B18988AB80>,3089252196,-1.0759611628217784e-29,7.353439286816865e-06,-7.503937045886579e-29,64317.11328125,2.442619720330652e-37,-8.44862781080799e-14,8.860871913741601e-23,1.4620631660382713e-24,16131,248981,22,2,False,Right,Back,Right,Centre,56
<_io.BytesIO object at 0x000001B18988ACC0>,1043161293,0.28349509835243225,2.802596928649634e-45,1.064986832886861e-43,1.401298464324817e-45,0.5443055033683777,0.14874860644340515,0.1911219209432602,0.023791717365384102,-25709,248981,22,2,False,Right,Back,Right,Centre,56
<_io.BytesIO object at 0x000001B18988A400>,2122202640,2.105295538648344e-38,2.2709442912847985e-41,0.0,2.802596928649634e-45,0.6134823560714722,0.14516398310661316,0.10014393925666809,-0.350240021944046,32426,248981,22,2,False,Right,Back,Right,Centre,56
<_io.BytesIO object at 0x000001B18988A8B0>,3333963591,4.697784865274375e+29,6.851929101009058e-41,0.0,0.0,0.0,0.0,0.0,9.80908925027372e-45,182,248981,22,2,False,Right,Back,Right,Centre,56
<_io.BytesIO object at 0x000001B18988A220>,62062592,-7.916241884231567e-08,3.0382648493697474e+34,-6.050214718328686e-14,7.506607335750827e-39,1.6746217297913726e-39,0.00018650827405508608,1.3774763904312952e-42,0.91791832447052,23111,248981,22,2,False,Right,Back,Right,Centre,56
<_io.BytesIO object at 0x000001B18988A1D0>,3621600167,-4.91261221123518e+28,1.6745993090159434e-39,0.00022029568208381534,1.4601529998264594e-42,0.8309647440910339,0.02885507233440876,-0.057543788105249405,0.010406427085399628,18,248981,22,2,False,Right,Back,Right,Centre,56
<_io.BytesIO object at 0x000001B18983C2C0>,1063170470,0.03846064209938049,-0.05428050830960274,0.9179069995880127,0.00519010191783309,-0.01054359320551157,0.8309061527252197,0.028887715190649033,-0.05746699497103691,-5539,248982,22,2,False,Right,Back,Right,Centre,56
<_io.BytesIO object at 0x000001B189832E50>,1112686436,nan,1.6222929843934253e-06,-1.345454967297714e-26,3.2969965508078416e-36,2.1783498870747526e+27,-27547674624.0,-2.0805566983051814e-35,2.060231041204276e-40,0,248982,22,2,False,Right,Back,Right,Centre,56
<_io.BytesIO object at 0x000001B189832C20>,76,1.401298464324817e-45,0.5443055033683777,0.14874860644340515,0.1911219209432602,0.023791717365384102,0.14121846854686737,0.5761488676071167,0.8047011494636536,0,248982,22,2,False,Right,Back,Right,Centre,56
<_io.BytesIO object at 0x000001B189832B30>,0,2.802596928649634e-45,0.6134823560714722,0.14516398310661316,0.10014393925666809,-0.350240021944046,0.7792764902114868,-0.12000793218612671,-0.5056264996528625,0,248982,22,2,False,Right,Back,Right,Centre,56
<_io.BytesIO object at 0x000001B189832F90>,0,0.0,0.0,0.0,0.0,8.407790785948902e-45,2.1860256043467146e-43,1.3270296457156018e-42,0.8698982000350952,-30488,248982,22,2,False,Right,Back,Right,Centre,56
<_io.BytesIO object at 0x000001B189832810>,1430076701,5.811047964824898e-37,1.6746217297913726e-39,0.00020907238649670035,1.3774763904312952e-42,0.9179069995880127,0.00519010191783309,-0.01054359320551157,0.009456610307097435,18,248982,22,2,False,Right,Back,Right,Centre,56
<_io.BytesIO object at 0x000001B189837D10>,1063170312,0.03846794366836548,-0.05424395948648453,0.9179003238677979,0.005198621191084385,-0.010529489256441593,0.83084636926651,0.028884097933769226,-0.0574081651866436,-5643,248983,22,2,False,Right,Back,Right,Centre,56
<_io.BytesIO object at 0x000001B189837A40>,1285308260,1.2982018628253746e+27,2.90089246846037e-07,9.62180675612701e+34,2.1831070960697533e+38,-11080060370944.0,-4.9247250941085775e+32,9551.5341796875,2.0603151191121353e-40,0,248983,22,2,False,Right,Back,Right,Centre,56
<_io.BytesIO object at 0x000001B189837540>,76,1.401298464324817e-45,0.5443055033683777,0.14874860644340515,0.1911219209432602,0.023791717365384102,0.14121846854686737,0.5761488676071167,0.8047011494636536,0,248983,22,2,False,Right,Back,Right,Centre,56
<_io.BytesIO object at 0x000001B189837180>,0,2.802596928649634e-45,0.6134823560714722,0.14516398310661316,0.10014393925666809,-0.350240021944046,0.7792764902114868,-0.12000793218612671,-0.5056264996528625,0,248983,22,2,False,Right,Back,Right,Centre,56
<_io.BytesIO object at 0x000001B1898374A0>,0,0.0,0.0,0.0,0.0,8.407790785948902e-45,2.1860256043467146e-43,1.3270296457156018e-42,0.8698887825012207,-28528,248983,22,2,False,Right,Back,Right,Centre,56
<_io.BytesIO object at 0x000001B189837860>,787103005,1.4457613372545223e-35,1.6746217297913726e-39,0.0002093247603625059,1.3774763904312952e-42,0.9179003238677979,0.005198621191084385,-0.010529489256441593,0.009456796571612358,18,248983,22,2,False,Right,Back,Right,Centre,56
<_io.BytesIO object at 0x000001B18986D040>,1063170067,0.03850293159484863,-0.05420226976275444,0.9179105162620544,0.0052182674407958984,-0.010512171313166618,0.830845057964325,0.028908884152770042,-0.05737036094069481,-5275,248984,22,2,False,Right,Back,Right,Centre,56
<_io.BytesIO object at 0x000001B18986D400>,511131492,1.1139008045073092e+20,2.7230453270021826e-06,-1.7506503360440334e-31,-1.3974597797517722e+17,4423.55517578125,473592.125,-0.001306478283368051,2.0603851840353515e-40,0,248984,22,2,False,Right,Back,Right,Centre,56
<_io.BytesIO object at 0x000001B18986D5E0>,76,1.401298464324817e-45,0.5443055033683777,0.14874860644340515,0.1911219209432602,0.023791717365384102,0.14121846854686737,0.5761488676071167,0.8047011494636536,0,248984,22,2,False,Right,Back,Right,Centre,56
<_io.BytesIO object at 0x000001B18986D540>,0,2.802596928649634e-45,0.6134823560714722,0.14516398310661316,0.10014393925666809,-0.350240021944046,0.7792764902114868,-0.12000793218612671,-0.5056264996528625,0,248984,22,2,False,Right,Back,Right,Centre,56
<_io.BytesIO object at 0x000001B18986D7C0>,0,0.0,0.0,0.0,0.0,8.407790785948902e-45,2.1860256043467146e-43,1.3270296457156018e-42,0.8698741793632507,-19136,248984,22,2,False,Right,Back,Right,Centre,56
<_io.BytesIO object at 0x000001B18986DC20>,53689629,3.5470170102303086e-34,1.6746217297913726e-39,0.00020049308659508824,1.3774763904312952e-42,0.9179105162620544,0.0052182674407958984,-0.010512171313166618,0.009456980973482132,18,248984,22,2,False,Right,Back,Right,Centre,56
<_io.BytesIO object at 0x000001B189848220>,1063170433,0.03851340338587761,-0.054161861538887024,0.9179103374481201,0.005221804138273001,-0.010503975674510002,0.8308610320091248,0.02895055152475834,-0.05733508989214897,-4714,248985,22,2,False,Right,Back,Right,Centre,56
<_io.BytesIO object at 0x000001B189848CC0>,1986215780,374158295040.0,8.111464921967126e-07,1.864312009490116e+30,6.5974753601370315e-34,-5.7403264364097595e-09,-3.4981905372433175e-08,8.3015001674562e-37,-4.202980221080443e-23,16128,248985,22,2,False,Right,Back,Right,Centre,56
<_io.BytesIO object at 0x000001B1898489F0>,1042458494,0.30792436003685,2.802596928649634e-45,1.064986832886861e-43,1.401298464324817e-45,0.5443055033683777,0.14874860644340515,0.1911219209432602,0.023791717365384102,-25709,248985,22,2,False,Right,Back,Right,Centre,56
<_io.BytesIO object at 0x000001B189848F40>,2122202640,2.105295538648344e-38,2.2709442912847985e-41,0.0,2.802596928649634e-45,0.6134823560714722,0.14516398310661316,0.10014393925666809,-0.350240021944046,32426,248985,22,2,False,Right,Back,Right,Centre,56
<_io.BytesIO object at 0x000001B189848680>,3333963591,4.697784865274375e+29,6.851929101009058e-41,0.0,0.0,0.0,0.0,0.0,9.80908925027372e-45,182,248985,22,2,False,Right,Back,Right,Centre,56
<_io.BytesIO object at 0x000001B1898484A0>,62062592,-3.754394128918648e-09,-2.9257426261901855,-1866871557062656.0,8.991189516178654e-33,1.6746217297913726e-39,0.0002153199602616951,1.3774763904312952e-42,0.9179103374481201,7083,248985,22,2,False,Right,Back,Right,Centre,56
<_io.BytesIO object at 0x000001B189831630>,417217451,-2.1860540159650788e+30,1.6745993090159434e-39,0.00016237012459896505,1.4601529998264594e-42,0.8308610320091248,0.02895055152475834,-0.05733508989214897,0.010409924201667309,18,248985,22,2,False,Right,Back,Right,Centre,56
<_io.BytesIO object at 0x000001B1898409F0>,1063170753,0.038543835282325745,-0.05413487181067467,0.9179130792617798,0.005213319323956966,-0.010488756000995636,0.8309100270271301,0.02897811494767666,-0.057311635464429855,-4357,248986,22,2,False,Right,Back,Right,Centre,56
<_io.BytesIO object at 0x000001B189840900>,1966948196,97433816137728.0,1.2348627933533862e-06,2.2352568600239884e+36,-1.5186449001715255e+26,4.5690010742203173e-32,1.0024325394055868e-34,3.698228009908159e-15,-3.372150793205742e+20,16127,248986,22,2,False,Right,Back,Right,Centre,56
<_io.BytesIO object at 0x000001B189840F40>,1042307488,0.31306180357933044,2.802596928649634e-45,1.064986832886861e-43,1.401298464324817e-45,0.5443055033683777,0.14874860644340515,0.1911219209432602,0.023791717365384102,-25709,248986,22,2,False,Right,Back,Right,Centre,56
<_io.BytesIO object at 0x000001B189840E00>,2122202640,2.105295538648344e-38,2.2709442912847985e-41,0.0,2.802596928649634e-45,0.6134823560714722,0.14516398310661316,0.10014393925666809,-0.350240021944046,32426,248986,22,2,False,Right,Back,Right,Centre,56
<_io.BytesIO object at 0x000001B189840900>,3333963591,4.697784865274375e+29,6.851929101009058e-41,0.0,0.0,0.0,0.0,0.0,9.80908925027372e-45,182,248986,22,2,False,Right,Back,Right,Centre,56
<_io.BytesIO object at 0x000001B1898409F0>,62062592,-2.246815711259842e-08,-4.7341126799383855e+19,-0.01650863327085972,5.261323224591206e-31,1.6746217297913726e-39,0.00021117969299666584,1.3774763904312952e-42,0.9179130792617798,-11138,248986,22,2,False,Right,Back,Right,Centre,56
<_io.BytesIO object at 0x000001B189840680>,3641195434,-3.8967387546131166e+30,1.6745993090159434e-39,0.00016058346955105662,1.4601529998264594e-42,0.8309100270271301,0.02897811494767666,-0.057311635464429855,0.010411154478788376,18,248986,22,2,False,Right,Back,Right,Centre,56
<_io.BytesIO object at 0x000001B189848270>,1063171412,0.03858175873756409,-0.05409969389438629,0.9179248809814453,0.005215715151280165,-0.010472985915839672,0.83095383644104,0.029008913785219193,-0.05730054900050163,-3343,248987,22,2,False,Right,Back,Right,Centre,56
<_io.BytesIO object at 0x000001B1898489A0>,3079946084,5.540685822772537e+19,1.0485982784302905e-06,2.433285749605221e+28,-2.020364930568631e+20,1511929984.0,4.154716308742893e+28,25.530336380004883,2.0187736270067292e-23,16126,248987,22,2,False,Right,Back,Right,Centre,56
<_io.BytesIO object at 0x000001B189848180>,1042168063,0.3178696036338806,2.802596928649634e-45,1.064986832886861e-43,1.401298464324817e-45,0.5443055033683777,0.14874860644340515,0.1911219209432602,0.023791717365384102,-25709,248987,22,2,False,Right,Back,Right,Centre,56
<_io.BytesIO object at 0x000001B1898488B0>,2122202640,2.105295538648344e-38,2.2709442912847985e-41,0.0,2.802596928649634e-45,0.6134823560714722,0.14516398310661316,0.10014393925666809,-0.350240021944046,32426,248987,22,2,False,Right,Back,Right,Centre,56
<_io.BytesIO object at 0x000001B189848EA0>,3333963591,4.697784865274375e+29,6.851929101009058e-41,0.0,0.0,0.0,0.0,0.0,9.80908925027372e-45,182,248987,22,2,False,Right,Back,Right,Centre,56
<_io.BytesIO object at 0x000001B189848E50>,62062592,-7.897615432739258e-07,3.4944724127485523e-34,-1.0613679745489527e-24,1.206659884599311e-29,1.6746217297913726e-39,0.0002062737476080656,1.3774763904312952e-42,0.9179248809814453,-5993,248987,22,2,False,Right,Back,Right,Centre,56
<_io.BytesIO object at 0x000001B189848810>,2531474346,-6.803125477797929e+30,1.6745993090159434e-39,0.00016759088612161577,1.4601529998264594e-42,0.83095383644104,0.029008913785219193,-0.05730054900050163,0.010412109084427357,18,248987,22,2,False,Right,Back,Right,Centre,56
<_io.BytesIO object at 0x000001B189963BD0>,1063172039,0.038621414452791214,-0.05407678335905075,0.9179412126541138,0.005184170790016651,-0.010455976240336895,0.8310278058052063,0.029085978865623474,-0.057310912758111954,-2323,248988,22,2,False,Right,Back,Right,Centre,56
<_io.BytesIO object at 0x000001B18986DE00>,3240181604,4646508691456.0,3.348894097143784e-06,1.8062806801156664e+24,-2995.819580078125,1.917226611168252e+38,-7.297417113769001e+22,1.3899266926807575e-27,2.36607018422319e-08,16124,248988,22,2,False,Right,Back,Right,Centre,56
<_io.BytesIO object at 0x000001B189963180>,1042029960,0.32262301445007324,2.802596928649634e-45,1.064986832886861e-43,1.401298464324817e-45,0.5443055033683777,0.14874860644340515,0.1911219209432602,0.023791717365384102,-25709,248988,22,2,False,Right,Back,Right,Centre,56
<_io.BytesIO object at 0x000001B1899639F0>,2122202640,2.105295538648344e-38,2.2709442912847985e-41,0.0,2.802596928649634e-45,0.6134823560714722,0.14516398310661316,0.10014393925666809,-0.350240021944046,32426,248988,22,2,False,Right,Back,Right,Centre,56
<_io.BytesIO object at 0x000001B189963C20>,3333963591,4.697784865274375e+29,6.851929101009058e-41,0.0,0.0,0.0,0.0,0.0,9.80908925027372e-45,182,248988,22,2,False,Right,Back,Right,Centre,56
<_io.BytesIO object at 0x000001B189963270>,62062592,-2.372264862060547e-05,3.6852365603579074e-09,nan,2.9620101987658417e-28,1.6746217297913726e-39,0.00020907004363834858,1.3774763904312952e-42,0.9179412126541138,-8198,248988,22,2,False,Right,Back,Right,Centre,56
<_io.BytesIO object at 0x000001B189963A40>,1334524841,-1.162554689273925e+31,1.6745993090159434e-39,0.00016372943355236202,1.4601529998264594e-42,0.8310278058052063,0.029085978865623474,-0.057310912758111954,0.010413035750389099,18,248988,22,2,False,Right,Back,Right,Centre,56
<_io.BytesIO object at 0x000001B18986F450>,1063173339,0.0386597104370594,-0.0540630929172039,0.9179677367210388,0.005165537819266319,-0.010449144057929516,0.8310983180999756,0.029128337278962135,-0.057303737848997116,-1384,248989,22,2,False,Right,Back,Right,Centre,56
<_io.BytesIO object at 0x000001B18986FEF0>,1289043812,1.1653384692114627e+25,5.535497621167451e-06,3.540896795464827e+17,-8.78784756041967e-30,-1.013571889721572e-13,7115901816012800.0,-4551.765625,-60357068.0,16121,248989,22,2,False,Right,Back,Right,Centre,56
<_io.BytesIO object at 0x000001B18986FDB0>,1041902154,0.3269045650959015,2.802596928649634e-45,1.064986832886861e-43,1.401298464324817e-45,0.5443055033683777,0.14874860644340515,0.1911219209432602,0.023791717365384102,-25709,248989,22,2,False,Right,Back,Right,Centre,56
<_io.BytesIO object at 0x000001B18986F1D0>,2122202640,2.105295538648344e-38,2.2709442912847985e-41,0.0,2.802596928649634e-45,0.6134823560714722,0.14516398310661316,0.10014393925666809,-0.350240021944046,32426,248989,22,2,False,Right,Back,Right,Centre,56
<_io.BytesIO object at 0x000001B18986FD60>,3333963591,4.697784865274375e+29,6.851929101009058e-41,0.0,0.0,0.0,0.0,0.0,9.80908925027372e-45,182,248989,22,2,False,Right,Back,Right,Centre,56
<_io.BytesIO object at 0x000001B18986F7C0>,62062592,-0.0267333984375,5814130514591744.0,9.667754089784523e+29,1.602861359192099e-26,1.6746217297913726e-39,0.00021115064737387002,1.3774763904312952e-42,0.9179677367210388,17324,248989,22,2,False,Right,Back,Right,Centre,56
<_io.BytesIO object at 0x000001B18986F360>,853752745,-1.9786047631708476e+31,1.6745993090159434e-39,0.00016168353613466024,1.4601529998264594e-42,0.8310983180999756,0.029128337278962135,-0.057303737848997116,0.010414117015898228,18,248989,22,2,False,Right,Back,Right,Centre,56
<_io.BytesIO object at 0x000001B189833130>,1063174678,0.03868436440825462,-0.05403793230652809,0.917999804019928,0.005072489846497774,-0.010509496554732323,0.8311728239059448,0.029166653752326965,-0.05732354894280434,136,248990,22,2,False,Right,Back,Right,Centre,56
<_io.BytesIO object at 0x000001B189832EF0>,3179757413,1.2768149106605006e+26,3.474723780527711e-05,14.077962875366211,7.433742109204627e-31,-4.352173324173713e-31,-63.311519622802734,6.945629086387321e-15,13417066790912.0,16119,248990,22,2,False,Right,Back,Right,Centre,56
<_io.BytesIO object at 0x000001B1898328B0>,1041768382,0.3309776782989502,2.802596928649634e-45,1.064986832886861e-43,1.401298464324817e-45,0.5443055033683777,0.14874860644340515,0.1911219209432602,0.023791717365384102,-25709,248990,22,2,False,Right,Back,Right,Centre,56
<_io.BytesIO object at 0x000001B189832B30>,2122202640,2.105295538648344e-38,2.2709442912847985e-41,0.0,2.802596928649634e-45,0.6134823560714722,0.14516398310661316,0.10014393925666809,-0.350240021944046,32426,248990,22,2,False,Right,Back,Right,Centre,56
<_io.BytesIO object at 0x000001B189832BD0>,3333963591,4.697784865274375e+29,6.851929101009058e-41,0.0,0.0,0.0,0.0,0.0,9.80908925027372e-45,182,248990,22,2,False,Right,Back,Right,Centre,56
<_io.BytesIO object at 0x000001B189832540>,62062592,-37.5,2.0222792635783195e+31,123826306285568.0,8.2633953891664235e-25,1.6746217297913726e-39,0.00020961445989087224,1.3774763904312952e-42,0.917999804019928,14113,248990,22,2,False,Right,Back,Right,Centre,56
<_io.BytesIO object at 0x000001B189832810>,805714854,-3.5610689555555375e+31,1.6745993090159434e-39,0.0002088983019348234,1.4601529998264594e-42,0.8311728239059448,0.029166653752326965,-0.05732354894280434,0.010415034368634224,18,248990,22,2,False,Right,Back,Right,Centre,56
<_io.BytesIO object at 0x000001B18988AF40>,1063175790,0.03872228041291237,-0.05404069647192955,0.9180814027786255,0.00497142318636179,-0.010502100922167301,0.8312534689903259,0.029201369732618332,-0.05733250826597214,1395,248991,22,2,False,Right,Back,Right,Centre,56
<_io.BytesIO object at 0x000001B18988AEF0>,1633632101,1.8683278893954093e+33,0.0010051000863313675,5.065791119918117e-10,1.4746262752220924e+29,-3.0329506245611302e-28,-9.67567719065788e-30,2.5004644044201996e-07,171257.9375,16116,248991,22,2,False,Right,Back,Right,Centre,56
<_io.BytesIO object at 0x000001B18988A860>,1041654060,0.33449602127075195,2.802596928649634e-45,1.064986832886861e-43,1.401298464324817e-45,0.5443055033683777,0.14874860644340515,0.1911219209432602,0.023791717365384102,-25709,248991,22,2,False,Right,Back,Right,Centre,56
<_io.BytesIO object at 0x000001B18988A5E0>,2122202640,2.105295538648344e-38,2.2709442912847985e-41,0.0,2.802596928649634e-45,0.6134823560714722,0.14516398310661316,0.10014393925666809,-0.350240021944046,32426,248991,22,2,False,Right,Back,Right,Centre,56
<_io.BytesIO object at 0x000001B18988AF90>,3333963591,4.697784865274375e+29,6.851929101009058e-41,0.0,0.0,0.0,0.0,0.0,9.80908925027372e-45,182,248991,22,2,False,Right,Back,Right,Centre,56
<_io.BytesIO object at 0x000001B18988AEA0>,62062592,-15232.0,-1.5985060864840627e-22,7010089927966720.0,4.5854695283964375e-23,1.6746217297913726e-39,0.0002148738713003695,1.3774763904312952e-42,0.9180814027786255,-6318,248991,22,2,False,Right,Back,Right,Centre,56
<_io.BytesIO object at 0x000001B18988A630>,285293474,-4.100470572601291e+32,1.6745993090159434e-39,0.00018997622828464955,1.4601529998264594e-42,0.8312534689903259,0.029201369732618332,-0.05733250826597214,0.010416105389595032,18,248991,22,2,False,Right,Back,Right,Centre,56
<_io.BytesIO object at 0x000001B18986D220>,1063177596,0.038756683468818665,-0.05401945486664772,0.9181147217750549,0.004871380981057882,-0.010491026565432549,0.8313404321670532,0.029239041730761528,-0.057336434721946716,2999,248992,22,2,False,Right,Back,Right,Centre,56
<_io.BytesIO object at 0x000001B18986D040>,1296187237,6.522340032883853e+35,0.00533265620470047,3.298373502441208e-29,-6.313640408026972e+18,1.8612192869186401,-4.028042455454247e-29,-6.2613971082634e-13,5.425431814543468e+27,16113,248992,22,2,False,Right,Back,Right,Centre,56
<_io.BytesIO object at 0x000001B18986D270>,1041530139,0.3379781246185303,2.802596928649634e-45,1.064986832886861e-43,1.401298464324817e-45,0.5443055033683777,0.14874860644340515,0.1911219209432602,0.023791717365384102,-25709,248992,22,2,False,Right,Back,Right,Centre,56
<_io.BytesIO object at 0x000001B18986D590>,2122202640,2.105295538648344e-38,2.2709442912847985e-41,0.0,2.802596928649634e-45,0.6134823560714722,0.14516398310661316,0.10014393925666809,-0.350240021944046,32426,248992,22,2,False,Right,Back,Right,Centre,56
<_io.BytesIO object at 0x000001B18986D770>,3333963591,4.697784865274375e+29,6.851929101009058e-41,0.0,0.0,0.0,0.0,0.0,9.80908925027372e-45,182,248992,22,2,False,Right,Back,Right,Centre,56
<_io.BytesIO object at 0x000001B18986D450>,62062592,-264241152.0,-0.8290919065475464,258.47747802734375,2.4450095755423276e-21,1.6746217297913726e-39,0.00022017981973476708,1.3774763904312952e-42,0.9181147217750549,-24549,248992,22,2,False,Right,Back,Right,Centre,56
<_io.BytesIO object at 0x000001B18986DDB0>,3800972191,-2.1269659047856516e+33,1.6745993090159434e-39,0.00015743650146760046,1.4601529998264594e-42,0.8313404321670532,0.029239041730761528,-0.057336434721946716,0.010417305864393711,18,248992,22,2,False,Right,Back,Right,Centre,56
<_io.BytesIO object at 0x000001B189831540>,1063179006,0.03879804164171219,-0.05401802435517311,0.9181545972824097,0.00484385946765542,-0.010482104495167732,0.8314259648323059,0.029273994266986847,-0.057357560843229294,4792,248993,22,2,False,Right,Back,Right,Centre,56
<_io.BytesIO object at 0x000001B189831090>,2406170469,-4.801458204502294e-36,0.04217296838760376,-1.5398237011247005e+35,3.589165493363147e+18,3.4735420915557927e-16,-1.4692217785006736e-28,1.0495112911150464e+24,1.5428562517682693e+26,16110,248993,22,2,False,Right,Back,Right,Centre,56
<_io.BytesIO object at 0x000001B186ABFC70>,1041426063,0.3408995270729065,2.802596928649634e-45,1.064986832886861e-43,1.401298464324817e-45,0.5443055033683777,0.14874860644340515,0.1911219209432602,0.023791717365384102,-25709,248993,22,2,False,Right,Back,Right,Centre,56
<_io.BytesIO object at 0x000001B189831950>,2122202640,2.105295538648344e-38,2.2709442912847985e-41,0.0,2.802596928649634e-45,0.6134823560714722,0.14516398310661316,0.10014393925666809,-0.350240021944046,32426,248993,22,2,False,Right,Back,Right,Centre,56
<_io.BytesIO object at 0x000001B186ABF040>,3333963591,4.697784865274375e+29,6.851929101009058e-41,0.0,0.0,0.0,0.0,0.0,9.80908925027372e-45,182,248993,22,2,False,Right,Back,Right,Centre,56
<_io.BytesIO object at 0x000001B186ABFD60>,62062592,-545460846592.0,-1.0774401948688385e+26,32.30968475341797,1.2344632789179125e-19,1.6746217297913726e-39,0.0001965981355169788,1.3774763904312952e-42,0.9181545972824097,-18115,248993,22,2,False,Right,Back,Right,Centre,56
<_io.BytesIO object at 0x000001B186ABFE00>,3173137310,-1.037384530267856e+34,1.6745993090159434e-39,0.00014652755635324866,1.4601529998264594e-42,0.8314259648323059,0.029273994266986847,-0.057357560843229294,0.010418501682579517,18,248993,22,2,False,Right,Back,Right,Centre,56
<_io.BytesIO object at 0x000001B18983C2C0>,1063180494,0.038834210485219955,-0.05399155616760254,0.9181764721870422,0.004793724976480007,-0.010472817346453667,0.8315131068229675,0.029329882934689522,-0.057355135679244995,6440,248994,22,2,False,Right,Back,Right,Centre,56
<_io.BytesIO object at 0x000001B189852F90>,1389772645,-7.611925141574587e-28,0.9442987442016602,-7.297455394365833e+22,-11286398107648.0,0.14671489596366882,-4.583154266475263e-28,-1070489075712.0,-2.1605211379126795e+21,16106,248994,22,2,False,Right,Back,Right,Centre,56
<_io.BytesIO object at 0x000001B189852D10>,1041268245,0.34294623136520386,2.802596928649634e-45,1.064986832886861e-43,1.401298464324817e-45,0.5443055033683777,0.14874860644340515,0.1911219209432602,0.023791717365384102,-25709,248994,22,2,False,Right,Back,Right,Centre,56
<_io.BytesIO object at 0x000001B189852C70>,2122202640,2.105295538648344e-38,2.2709442912847985e-41,0.0,2.802596928649634e-45,0.6134823560714722,0.14516398310661316,0.10014393925666809,-0.350240021944046,32426,248994,22,2,False,Right,Back,Right,Centre,56
<_io.BytesIO object at 0x000001B189852EF0>,3333963591,4.697784865274375e+29,6.851929101009058e-41,0.0,0.0,0.0,0.0,0.0,9.80908925027372e-45,182,248994,22,2,False,Right,Back,Right,Centre,56
<_io.BytesIO object at 0x000001B189852BD0>,62062592,-1811995162574848.0,6.281207457618872e-29,6.669621600579494e-16,6.281317163381155e-18,1.6746217297913726e-39,0.0002043952263193205,1.3774763904312952e-42,0.9181764721870422,5294,248994,22,2,False,Right,Back,Right,Centre,56
<_io.BytesIO object at 0x000001B189852950>,2519612317,-9.069322039410196e+34,1.6745993090159434e-39,0.00014280066534411162,1.4601529998264594e-42,0.8315131068229675,0.029329882934689522,-0.057355135679244995,0.010419607162475586,18,248994,22,2,False,Right,Back,Right,Centre,56
<_io.BytesIO object at 0x000001B189831720>,1063181666,0.03889515995979309,-0.053955357521772385,0.9182062149047852,0.004760324489325285,-0.010478904470801353,0.8316195607185364,0.02939346805214882,-0.057321444153785706,7655,248995,22,2,False,Right,Back,Right,Centre,56
<_io.BytesIO object at 0x000001B189831310>,2135244645,-4.2440896561176826e-23,17.342559814453125,-216087756800.0,2.54073214858535e+29,1.792838577642537e+17,5.97629813557896e-33,1.2561672016042597e+22,2.061590300714671e-40,0,248995,22,2,False,Right,Back,Right,Centre,56
<_io.BytesIO object at 0x000001B189831AE0>,76,1.401298464324817e-45,0.5443055033683777,0.14874860644340515,0.1911219209432602,0.023791717365384102,0.14121846854686737,0.5761488676071167,0.8047011494636536,0,248995,22,2,False,Right,Back,Right,Centre,56
<_io.BytesIO object at 0x000001B189831220>,0,2.802596928649634e-45,0.6134823560714722,0.14516398310661316,0.10014393925666809,-0.350240021944046,0.7792764902114868,-0.12000793218612671,-0.5056264996528625,0,248995,22,2,False,Right,Back,Right,Centre,56
<_io.BytesIO object at 0x000001B189831B30>,0,0.0,0.0,0.0,0.0,8.407790785948902e-45,2.1860256043467146e-43,1.3270296457156018e-42,0.8705655336380005,20616,248995,22,2,False,Right,Back,Right,Centre,56
<_io.BytesIO object at 0x000001B189831EA0>,4930847,1.3595001887906668e-16,1.6746217297913726e-39,0.00019115878967568278,1.3774763904312952e-42,0.9182062149047852,0.004760324489325285,-0.010478904470801353,0.009459277614951134,18,248995,22,2,False,Right,Back,Right,Centre,56
<_io.BytesIO object at 0x000001B189963C70>,1063182922,0.03893734887242317,-0.05394952744245529,0.9182327389717102,0.004736909177154303,-0.010465026833117008,0.8316692113876343,0.029378194361925125,-0.057403016835451126,8688,248996,22,2,False,Right,Back,Right,Centre,56
<_io.BytesIO object at 0x000001B18986D860>,3640672101,-8.957224524703967e-18,433.48095703125,-55377240.0,1.6117529060135745e-34,-4.446133538378236e-14,3.1711970559302694e-17,1.1903876785911816e-16,2.061604313699314e-40,0,248996,22,2,False,Right,Back,Right,Centre,56
<_io.BytesIO object at 0x000001B189963B80>,76,1.401298464324817e-45,0.5443055033683777,0.14874860644340515,0.1911219209432602,0.023791717365384102,0.14121846854686737,0.5761488676071167,0.8047011494636536,0,248996,22,2,False,Right,Back,Right,Centre,56
<_io.BytesIO object at 0x000001B189963A90>,0,2.802596928649634e-45,0.6134823560714722,0.14516398310661316,0.10014393925666809,-0.350240021944046,0.7792764902114868,-0.12000793218612671,-0.5056264996528625,0,248996,22,2,False,Right,Back,Right,Centre,56
<_io.BytesIO object at 0x000001B1899637C0>,0,0.0,0.0,0.0,0.0,8.407790785948902e-45,2.1860256043467146e-43,1.3270296457156018e-42,0.8706403970718384,31941,248996,22,2,False,Right,Back,Right,Centre,56
<_io.BytesIO object at 0x000001B1899636D0>,4197334303,1.5958310790441937e-14,1.6746217297913726e-39,0.0001814464631024748,1.3774763904312952e-42,0.9182327389717102,0.004736909177154303,-0.010465026833117008,0.009459644556045532,18,248996,22,2,False,Right,Back,Right,Centre,56
<_io.BytesIO object at 0x000001B189950860>,1063183629,0.03899534046649933,-0.05392418056726456,0.9182655215263367,0.004713958594948053,-0.01046051736921072,0.8317015171051025,0.029475169256329536,-0.05734531581401825,9881,248997,22,2,False,Right,Back,Right,Centre,56
<_io.BytesIO object at 0x000001B18986F8B0>,929447781,-1.2916626969394773e-11,966.9619140625,-3149781.5,-4.214651972124778e+32,-524.9441528320312,3.7775745198587174e-08,-4.313008616918523e-08,2.061604313699314e-40,0,248997,22,2,False,Right,Back,Right,Centre,56
<_io.BytesIO object at 0x000001B189950C20>,76,1.401298464324817e-45,0.5443055033683777,0.14874860644340515,0.1911219209432602,0.023791717365384102,0.14121846854686737,0.5761488676071167,0.8047011494636536,0,248997,22,2,False,Right,Back,Right,Centre,56
<_io.BytesIO object at 0x000001B189950DB0>,0,2.802596928649634e-45,0.6134823560714722,0.14516398310661316,0.10014393925666809,-0.350240021944046,0.7792764902114868,-0.12000793218612671,-0.5056264996528625,0,248997,22,2,False,Right,Back,Right,Centre,56
<_io.BytesIO object at 0x000001B189950950>,0,0.0,0.0,0.0,0.0,8.407790785948902e-45,2.1860256043467146e-43,1.3270296457156018e-42,0.8706825375556946,-18028,248997,22,2,False,Right,Back,Right,Centre,56
<_io.BytesIO object at 0x000001B189950B30>,3751427359,1.8171397546395962e-12,1.6746217297913726e-39,0.0001777856086846441,1.3774763904312952e-42,0.9182655215263367,0.004713958594948053,-0.01046051736921072,0.009460167028009892,18,248997,22,2,False,Right,Back,Right,Centre,56
<_io.BytesIO object at 0x000001B1898328B0>,1063184439,0.039032258093357086,-0.05389915406703949,0.9182746410369873,0.004675679374486208,-0.010450001806020737,0.8317674398422241,0.029533319175243378,-0.05728781223297119,10507,248998,22,2,False,Right,Back,Right,Centre,56
<_io.BytesIO object at 0x000001B189832040>,947863397,-8.557681230314529e-10,4503.6953125,-442.49481201171875,-184564.4375,-26654.212890625,-2.887832587017912e+17,1.7364044128606333e-15,2.0616183266839574e-40,0,248998,22,2,False,Right,Back,Right,Centre,56
<_io.BytesIO object at 0x000001B18985A0E0>,76,1.401298464324817e-45,0.5443055033683777,0.14874860644340515,0.1911219209432602,0.023791717365384102,0.14121846854686737,0.5761488676071167,0.8047011494636536,0,248998,22,2,False,Right,Back,Right,Centre,56
<_io.BytesIO object at 0x000001B1898378B0>,0,2.802596928649634e-45,0.6134823560714722,0.14516398310661316,0.10014393925666809,-0.350240021944046,0.7792764902114868,-0.12000793218612671,-0.5056264996528625,0,248998,22,2,False,Right,Back,Right,Centre,56
<_io.BytesIO object at 0x000001B1898374F0>,0,0.0,0.0,0.0,0.0,8.407790785948902e-45,2.1860256043467146e-43,1.3270296457156018e-42,0.8707308173179626,-8118,248998,22,2,False,Right,Back,Right,Centre,56
<_io.BytesIO object at 0x000001B189837720>,3311156511,9.128583999817863e-11,1.6746217297913726e-39,0.00018341020040679723,1.3774763904312952e-42,0.9182746410369873,0.004675679374486208,-0.010450001806020737,0.00946082267910242,18,248998,22,2,False,Right,Back,Right,Centre,56
<_io.BytesIO object at 0x000001B1899637C0>,1063184874,0.03904275223612785,-0.05388667806982994,0.9182869791984558,0.004647009074687958,-0.010443084873259068,0.831782877445221,0.029555128887295723,-0.05724814161658287,10985,248999,22,2,False,Right,Back,Right,Centre,56
<_io.BytesIO object at 0x000001B189963D10>,1119371109,-6.235593446035637e-06,43197.5625,-7.756019826388183e-09,-1.2432201011409403e+34,-2.7466745162235065e+20,102013.6796875,1.1134410285044692e+34,2.0616183266839574e-40,0,248999,22,2,False,Right,Back,Right,Centre,56
<_io.BytesIO object at 0x000001B189963450>,76,1.401298464324817e-45,0.5443055033683777,0.14874860644340515,0.1911219209432602,0.023791717365384102,0.14121846854686737,0.5761488676071167,0.8047011494636536,0,248999,22,2,False,Right,Back,Right,Centre,56
<_io.BytesIO object at 0x000001B189963AE0>,0,2.802596928649634e-45,0.6134823560714722,0.14516398310661316,0.10014393925666809,-0.350240021944046,0.7792764902114868,-0.12000793218612671,-0.5056264996528625,0,248999,22,2,False,Right,Back,Right,Centre,56
<_io.BytesIO object at 0x000001B189963180>,0,0.0,0.0,0.0,0.0,8.407790785948902e-45,2.1860256043467146e-43,1.3270296457156018e-42,0.8707567453384399,-5301,248999,22,2,False,Right,Back,Right,Centre,56
<_io.BytesIO object at 0x000001B1899634F0>,3091676447,4.212479254306345e-09,1.6746217297913726e-39,0.00018140052270609885,1.3774763904312952e-42,0.9182869791984558,0.004647009074687958,-0.010443084873259068,0.009461477398872375,18,248999,22,2,False,Right,Back,Right,Centre,56
<_io.BytesIO object at 0x000001B189848130>,1063185054,0.03905666247010231,-0.053872015327215195,0.9183063507080078,0.004649379290640354,-0.010432579554617405,0.831782341003418,0.029559141024947166,-0.05721414461731911,10830,249000,22,2,False,Right,Back,Right,Centre,56
<_io.BytesIO object at 0x000001B186ABF1D0>,2901819237,-3.460523203102639e-06,155382.25,-2.2267358777661553e-21,1.1685029925240781e-38,1.4317014382143184e-25,-1.5607657873113367e+32,-2.3214133393345548e-10,2.0616183266839574e-40,0,249000,22,2,False,Right,Back,Right,Centre,56
<_io.BytesIO object at 0x000001B1898483B0>,76,1.401298464324817e-45,0.5443055033683777,0.14874860644340515,0.1911219209432602,0.023791717365384102,0.14121846854686737,0.5761488676071167,0.8047011494636536,0,249000,22,2,False,Right,Back,Right,Centre,56
<_io.BytesIO object at 0x000001B1898482C0>,0,2.802596928649634e-45,0.6134823560714722,0.14516398310661316,0.10014393925666809,-0.350240021944046,0.7792764902114868,-0.12000793218612671,-0.5056264996528625,0,249000,22,2,False,Right,Back,Right,Centre,56
<_io.BytesIO object at 0x000001B189848770>,0,0.0,0.0,0.0,0.0,8.407790785948902e-45,2.1860256043467146e-43,1.3270296457156018e-42,0.8707674741744995,-1567,249000,22,2,False,Right,Back,Right,Centre,56
<_io.BytesIO object at 0x000001B189848C70>,2833726751,1.9999191636088653e-07,1.6746217297913726e-39,0.00017043737170752138,1.3774763904312952e-42,0.9183063507080078,0.004649379290640354,-0.010432579554617405,0.009462129324674606,18,249000,22,2,False,Right,Back,Right,Centre,56
<_io.BytesIO object at 0x000001B18986F950>,1063185085,0.03906576707959175,-0.05380866304039955,0.9183028936386108,0.004646513611078262,-0.01043832115828991,0.8317599296569824,0.029545433819293976,-0.057159099727869034,10467,249001,22,2,False,Right,Back,Right,Centre,56
<_io.BytesIO object at 0x000001B18986FD10>,3661840229,-1.5481541026929335e-07,316908.5,-1.0331828594207764,9224813805568.0,4577955938304.0,3.909703193031108e+36,-29653990.0,2.0616183266839574e-40,0,249001,22,2,False,Right,Back,Right,Centre,56
<_io.BytesIO object at 0x000001B18986FE00>,76,1.401298464324817e-45,0.5443055033683777,0.14874860644340515,0.1911219209432602,0.023791717365384102,0.14121846854686737,0.5761488676071167,0.8047011494636536,0,249001,22,2,False,Right,Back,Right,Centre,56
<_io.BytesIO object at 0x000001B18986F090>,0,2.802596928649634e-45,0.6134823560714722,0.14516398310661316,0.10014393925666809,-0.350240021944046,0.7792764902114868,-0.12000793218612671,-0.5056264996528625,0,249001,22,2,False,Right,Back,Right,Centre,56
<_io.BytesIO object at 0x000001B18986FE50>,0,0.0,0.0,0.0,0.0,8.407790785948902e-45,2.1860256043467146e-43,1.3270296457156018e-42,0.8707693219184875,877,249001,22,2,False,Right,Back,Right,Centre,56
<_io.BytesIO object at 0x000001B18986F720>,1719221536,9.16359931579791e-06,1.6746217297913726e-39,0.0001818705932237208,1.3774763904312952e-42,0.9183028936386108,0.004646513611078262,-0.01043832115828991,0.009462779387831688,18,249001,22,2,False,Right,Back,Right,Centre,56
<_io.BytesIO object at 0x000001B189854590>,1063184472,0.039028409868478775,-0.053806595504283905,0.9182926416397095,0.004648103844374418,-0.01043152529746294,0.8317123055458069,0.029533548280596733,-0.0571000911295414,9801,249002,22,2,False,Right,Back,Right,Centre,56
<_io.BytesIO object at 0x000001B1898544F0>,3453173605,-1.3335542725970671e-14,93563.125,-26271.66796875,-2.20988100729921e-15,-2.6559241632639896e-06,-2.3428036399764096e-08,-8527.4794921875,2.0616183266839574e-40,0,249002,22,2,False,Right,Back,Right,Centre,56
<_io.BytesIO object at 0x000001B189854860>,76,1.401298464324817e-45,0.5443055033683777,0.14874860644340515,0.1911219209432602,0.023791717365384102,0.14121846854686737,0.5761488676071167,0.8047011494636536,0,249002,22,2,False,Right,Back,Right,Centre,56
<_io.BytesIO object at 0x000001B18984F270>,0,2.802596928649634e-45,0.6134823560714722,0.14516398310661316,0.10014393925666809,-0.350240021944046,0.7792764902114868,-0.12000793218612671,-0.5056264996528625,0,249002,22,2,False,Right,Back,Right,Centre,56
<_io.BytesIO object at 0x000001B18984FCC0>,0,0.0,0.0,0.0,0.0,8.407790785948902e-45,2.1860256043467146e-43,1.3270296457156018e-42,0.8707327842712402,-9151,249002,22,2,False,Right,Back,Right,Centre,56
<_io.BytesIO object at 0x000001B18984FC70>,1682849055,0.0009641253855079412,1.6746217297913726e-39,0.00018169857503380626,1.3774763904312952e-42,0.9182926416397095,0.004648103844374418,-0.01043152529746294,0.009463428519666195,18,249002,22,2,False,Right,Back,Right,Centre,56
<_io.BytesIO object at 0x000001B1898484A0>,1063183715,0.03901062533259392,-0.053777579218149185,0.9182801842689514,0.004662452731281519,-0.010412801057100296,0.8316468000411987,0.029511557891964912,-0.05702807009220123,9022,249003,22,2,False,Right,Back,Right,Centre,56
<_io.BytesIO object at 0x000001B189848AE0>,157564773,-1.708456730592862e-23,53181.5625,-0.3715769648551941,5.1557956088441025e+26,2.9837499369023135e-06,-8.886777164984873e-30,-1.000878270914678e-15,2.0616183266839574e-40,0,249003,22,2,False,Right,Back,Right,Centre,56
<_io.BytesIO object at 0x000001B189848C70>,76,1.401298464324817e-45,0.5443055033683777,0.14874860644340515,0.1911219209432602,0.023791717365384102,0.14121846854686737,0.5761488676071167,0.8047011494636536,0,249003,22,2,False,Right,Back,Right,Centre,56
<_io.BytesIO object at 0x000001B189848360>,0,2.802596928649634e-45,0.6134823560714722,0.14516398310661316,0.10014393925666809,-0.350240021944046,0.7792764902114868,-0.12000793218612671,-0.5056264996528625,0,249003,22,2,False,Right,Back,Right,Centre,56
<_io.BytesIO object at 0x000001B189848220>,0,0.0,0.0,0.0,0.0,8.407790785948902e-45,2.1860256043467146e-43,1.3270296457156018e-42,0.8706876635551453,-13925,249003,22,2,False,Right,Back,Right,Centre,56
<_io.BytesIO object at 0x000001B189848B80>,1172389151,0.04534660279750824,1.6746217297913726e-39,0.00019452284323051572,1.3774763904312952e-42,0.9182801842689514,0.004662452731281519,-0.010412801057100296,0.009464074857532978,18,249003,22,2,False,Right,Back,Right,Centre,56
<_io.BytesIO object at 0x000001B18986DA90>,1063182793,0.03900084272027016,-0.05370405688881874,0.9182614088058472,0.004657150246202946,-0.010408181697130203,0.8315717577934265,0.029477830976247787,-0.05694316700100899,7728,249004,22,2,False,Right,Back,Right,Centre,56
<_io.BytesIO object at 0x000001B18986D1D0>,916406117,-7.433528169232778e-31,205558.25,-988149.375,8.553865449987999e-17,-0.8915472030639648,-1.9172606029838884e+32,-1.499137823753208e-38,2.0616183266839574e-40,0,249004,22,2,False,Right,Back,Right,Centre,56
<_io.BytesIO object at 0x000001B18986DE00>,76,1.401298464324817e-45,0.5443055033683777,0.14874860644340515,0.1911219209432602,0.023791717365384102,0.14121846854686737,0.5761488676071167,0.8047011494636536,0,249004,22,2,False,Right,Back,Right,Centre,56
<_io.BytesIO object at 0x000001B18986D130>,0,2.802596928649634e-45,0.6134823560714722,0.14516398310661316,0.10014393925666809,-0.350240021944046,0.7792764902114868,-0.12000793218612671,-0.5056264996528625,0,249004,22,2,False,Right,Back,Right,Centre,56
<_io.BytesIO object at 0x000001B18986D860>,0,0.0,0.0,0.0,0.0,8.407790785948902e-45,2.1860256043467146e-43,1.3270296457156018e-42,0.8706327080726624,-16551,249004,22,2,False,Right,Back,Right,Centre,56
<_io.BytesIO object at 0x000001B1899634A0>,4173937951,3.9803073406219482,1.6746217297913726e-39,0.00019901945779565722,1.3774763904312952e-42,0.9182614088058472,0.004657150246202946,-0.010408181697130203,0.009464719332754612,18,249004,22,2,False,Right,Back,Right,Centre,56
<_io.BytesIO object at 0x000001B189837C20>,1063181720,0.03897750750184059,-0.05365900695323944,0.9182414412498474,0.004665051121264696,-0.010397442616522312,0.8314952254295349,0.029444972053170204,-0.05686001107096672,6385,249005,22,2,False,Right,Back,Right,Centre,56
<_io.BytesIO object at 0x000001B189837A40>,4250091365,1.1895700105482343e+30,36797.5625,-660.9896240234375,3.329659166997652e-20,-1.2743663279524365e-29,1.2789965886353541e+27,0.001634533517062664,2.0616183266839574e-40,0,249005,22,2,False,Right,Back,Right,Centre,56
<_io.BytesIO object at 0x000001B189837DB0>,76,1.401298464324817e-45,0.5443055033683777,0.14874860644340515,0.1911219209432602,0.023791717365384102,0.14121846854686737,0.5761488676071167,0.8047011494636536,0,249005,22,2,False,Right,Back,Right,Centre,56
<_io.BytesIO object at 0x000001B1898372C0>,0,2.802596928649634e-45,0.6134823560714722,0.14516398310661316,0.10014393925666809,-0.350240021944046,0.7792764902114868,-0.12000793218612671,-0.5056264996528625,0,249005,22,2,False,Right,Back,Right,Centre,56
<_io.BytesIO object at 0x000001B189837310>,0,0.0,0.0,0.0,0.0,8.407790785948902e-45,2.1860256043467146e-43,1.3270296457156018e-42,0.8705687522888184,-22815,249005,22,2,False,Right,Back,Right,Centre,56
<_io.BytesIO object at 0x000001B189837D60>,3381411103,437.4793395996094,1.6746217297913726e-39,0.00019387152860872447,1.3774763904312952e-42,0.9182414412498474,0.004665051121264696,-0.010397442616522312,0.009465361014008522,18,249005,22,2,False,Right,Back,Right,Centre,56
<_io.BytesIO object at 0x000001B18985A590>,1063180579,0.03895796090364456,-0.05358022823929787,0.9182186722755432,0.004696384537965059,-0.010385336354374886,0.8314136862754822,0.029415588825941086,-0.05677584186196327,5288,249006,22,2,False,Right,Back,Right,Centre,56
<_io.BytesIO object at 0x000001B18985A4F0>,1016414053,145390364000256.0,2587.84765625,-2.6601157188415527,4.622646310740086e-16,-1360935168.0,-5.072816988247577e-24,-2.0251334024019827e-33,2.0616183266839574e-40,0,249006,22,2,False,Right,Back,Right,Centre,56
<_io.BytesIO object at 0x000001B18985A860>,76,1.401298464324817e-45,0.5443055033683777,0.14874860644340515,0.1911219209432602,0.023791717365384102,0.14121846854686737,0.5761488676071167,0.8047011494636536,0,249006,22,2,False,Right,Back,Right,Centre,56
<_io.BytesIO object at 0x000001B18986F040>,0,2.802596928649634e-45,0.6134823560714722,0.14516398310661316,0.10014393925666809,-0.350240021944046,0.7792764902114868,-0.12000793218612671,-0.5056264996528625,0,249006,22,2,False,Right,Back,Right,Centre,56
<_io.BytesIO object at 0x000001B18986F310>,0,0.0,0.0,0.0,0.0,8.407790785948902e-45,2.1860256043467146e-43,1.3270296457156018e-42,0.8705007433891296,-28062,249006,22,2,False,Right,Back,Right,Centre,56
<_io.BytesIO object at 0x000001B18986F400>,1995521311,18398.677734375,1.6746217297913726e-39,0.00021768118313048035,1.3774763904312952e-42,0.9182186722755432,0.004696384537965059,-0.010385336354374886,0.009465914219617844,18,249006,22,2,False,Right,Back,Right,Centre,56
<_io.BytesIO object at 0x000001B186B13F90>,1063180454,0.038967009633779526,-0.05342588201165199,0.9181918501853943,0.0046818009577691555,-0.010371198877692223,0.8313394784927368,0.029381515458226204,-0.05669674649834633,4333,249007,22,2,False,Right,Back,Right,Centre,56
<_io.BytesIO object at 0x000001B186B13400>,1028603749,0.2641245126724243,2987.84765625,-1.0768296476726391e-07,2.40559620150929e-26,4403553792.0,315086752.0,-9.420299819346242e+29,2.0616183266839574e-40,0,249007,22,2,False,Right,Back,Right,Centre,56
<_io.BytesIO object at 0x000001B186B13450>,76,1.401298464324817e-45,0.5443055033683777,0.14874860644340515,0.1911219209432602,0.023791717365384102,0.14121846854686737,0.5761488676071167,0.8047011494636536,0,249007,22,2,False,Right,Back,Right,Centre,56
<_io.BytesIO object at 0x000001B186B13540>,0,2.802596928649634e-45,0.6134823560714722,0.14516398310661316,0.10014393925666809,-0.350240021944046,0.7792764902114868,-0.12000793218612671,-0.5056264996528625,0,249007,22,2,False,Right,Back,Right,Centre,56
<_io.BytesIO object at 0x000001B186B13770>,0,0.0,0.0,0.0,0.0,8.407790785948902e-45,2.1860256043467146e-43,1.3270296457156018e-42,0.8704932928085327,-25633,249007,22,2,False,Right,Back,Right,Centre,56
<_io.BytesIO object at 0x000001B186B13360>,3575201055,333290.8125,1.6746217297913726e-39,0.0002360744692850858,1.3774763904312952e-42,0.9181918501853943,0.0046818009577691555,-0.010371198877692223,0.009466465562582016,18,249007,22,2,False,Right,Back,Right,Centre,56
<_io.BytesIO object at 0x000001B186ABF400>,1063177134,0.03896166384220123,-0.05334240570664406,0.9181801676750183,0.004712913651019335,-0.01036328449845314,0.8312843441963196,0.029360176995396614,-0.05657779052853584,3339,249008,22,2,False,Right,Back,Right,Centre,56
<_io.BytesIO object at 0x000001B189864310>,2996518757,7.026748540667205e-12,249.740478515625,-8.026102774824709e-24,1.159816378295314e-29,1.5169575588524043e-21,-1296343.375,7.3095006467071835e+34,2.0616323396686006e-40,0,249008,22,2,False,Right,Back,Right,Centre,56
<_io.BytesIO object at 0x000001B186ABF040>,76,1.401298464324817e-45,0.5443055033683777,0.14874860644340515,0.1911219209432602,0.023791717365384102,0.14121846854686737,0.5761488676071167,0.8047011494636536,0,249008,22,2,False,Right,Back,Right,Centre,56
<_io.BytesIO object at 0x000001B186ABF130>,0,2.802596928649634e-45,0.6134823560714722,0.14516398310661316,0.10014393925666809,-0.350240021944046,0.7792764902114868,-0.12000793218612671,-0.5056264996528625,0,249008,22,2,False,Right,Back,Right,Centre,56
<_io.BytesIO object at 0x000001B186ABFB80>,0,0.0,0.0,0.0,0.0,8.407790785948902e-45,2.1860256043467146e-43,1.3270296457156018e-42,0.8702954053878784,-27068,249008,22,2,False,Right,Back,Right,Centre,56
<_io.BytesIO object at 0x000001B186ABF310>,2106670367,13745498.0,1.6746217297913726e-39,0.0002517112880013883,1.3774763904312952e-42,0.9181801676750183,0.004712913651019335,-0.01036328449845314,0.009467014111578465,18,249008,22,2,False,Right,Back,Right,Centre,56
<_io.BytesIO object at 0x000001B1898B7A90>,1063176100,0.03895856440067291,-0.05330493301153183,0.9181728959083557,0.0047666942700743675,-0.010363314300775528,0.831183135509491,0.02938406728208065,-0.0564739815890789,2341,249009,22,2,False,Right,Back,Right,Centre,56
<_io.BytesIO object at 0x000001B1898B7EA0>,933838693,1.9294537087424894e-20,56.18511962890625,-0.19360098242759705,-2.875130367424439e-21,1.0615738567061953e-14,9.435608922337525e-19,8.095343789118613e-29,2.061646352653244e-40,0,249009,22,2,False,Right,Back,Right,Centre,56
<_io.BytesIO object at 0x000001B1898B7DB0>,76,1.401298464324817e-45,0.5443055033683777,0.14874860644340515,0.1911219209432602,0.023791717365384102,0.14121846854686737,0.5761488676071167,0.8047011494636536,0,249009,22,2,False,Right,Back,Right,Centre,56
<_io.BytesIO object at 0x000001B1898B7590>,0,2.802596928649634e-45,0.6134823560714722,0.14516398310661316,0.10014393925666809,-0.350240021944046,0.7792764902114868,-0.12000793218612671,-0.5056264996528625,0,249009,22,2,False,Right,Back,Right,Centre,56
<_io.BytesIO object at 0x000001B1898B71D0>,0,0.0,0.0,0.0,0.0,8.407790785948902e-45,2.1860256043467146e-43,1.3270296457156018e-42,0.8702337741851807,-27900,249009,22,2,False,Right,Back,Right,Centre,56
<_io.BytesIO object at 0x000001B1898B7C70>,1447443743,534227776.0,1.6746217297913726e-39,0.0002526284952182323,1.3774763904312952e-42,0.9181728959083557,0.0047666942700743675,-0.010363314300775528,0.009467404335737228,18,249009,22,2,False,Right,Back,Right,Centre,56
<_io.BytesIO object at 0x000001B18986A590>,1063175169,0.03896195814013481,-0.053257618099451065,0.9181575179100037,0.004784133285284042,-0.010364700108766556,0.8311036229133606,0.029378745704889297,-0.05640346184372902,1691,249010,22,2,False,Right,Back,Right,Centre,56
<_io.BytesIO object at 0x000001B18986A4F0>,1083981669,7.29896398308362e-36,119.8702392578125,-2.5900922090594177e+26,0.4653099775314331,2.993902099050418e+38,-5.124966532846199e-35,-4.1685690868993475e-17,2.061646352653244e-40,0,249010,22,2,False,Right,Back,Right,Centre,56
<_io.BytesIO object at 0x000001B18986A860>,76,1.401298464324817e-45,0.5443055033683777,0.14874860644340515,0.1911219209432602,0.023791717365384102,0.14121846854686737,0.5761488676071167,0.8047011494636536,0,249010,22,2,False,Right,Back,Right,Centre,56
<_io.BytesIO object at 0x000001B189852270>,0,2.802596928649634e-45,0.6134823560714722,0.14516398310661316,0.10014393925666809,-0.350240021944046,0.7792764902114868,-0.12000793218612671,-0.5056264996528625,0,249010,22,2,False,Right,Back,Right,Centre,56
<_io.BytesIO object at 0x000001B189852CC0>,0,0.0,0.0,0.0,0.0,8.407790785948902e-45,2.1860256043467146e-43,1.3270296457156018e-42,0.8701782822608948,-26989,249010,22,2,False,Right,Back,Right,Centre,56
<_io.BytesIO object at 0x000001B189852C70>,615071007,54690947072.0,1.6746217297913726e-39,0.000255967810517177,1.3774763904312952e-42,0.9181575179100037,0.004784133285284042,-0.010364700108766556,0.009467658586800098,18,249010,22,2,False,Right,Back,Right,Centre,56
<_io.BytesIO object at 0x000001B1898489F0>,1063174771,0.03895173966884613,-0.05322233587503433,0.9181490540504456,0.004765328951179981,-0.010362603701651096,0.8310322165489197,0.029302498325705528,-0.056350287050008774,1162,249011,22,2,False,Right,Back,Right,Centre,56
<_io.BytesIO object at 0x000001B189848630>,597245797,-1.2629316124125548e+36,172.74046325683594,-16853273411584.0,6.390407883308073e-15,5.1149189775420965e-21,1.2025578016022775e-12,2.422825309622567e-05,2.061660365637887e-40,0,249011,22,2,False,Right,Back,Right,Centre,56
<_io.BytesIO object at 0x000001B189848AE0>,76,1.401298464324817e-45,0.5443055033683777,0.14874860644340515,0.1911219209432602,0.023791717365384102,0.14121846854686737,0.5761488676071167,0.8047011494636536,0,249011,22,2,False,Right,Back,Right,Centre,56
<_io.BytesIO object at 0x000001B189848F40>,0,2.802596928649634e-45,0.6134823560714722,0.14516398310661316,0.10014393925666809,-0.350240021944046,0.7792764902114868,-0.12000793218612671,-0.5056264996528625,0,249011,22,2,False,Right,Back,Right,Centre,56
<_io.BytesIO object at 0x000001B189848450>,0,0.0,0.0,0.0,0.0,8.407790785948902e-45,2.1860256043467146e-43,1.3270296457156018e-42,0.8701545596122742,-29732,249011,22,2,False,Right,Back,Right,Centre,56
<_io.BytesIO object at 0x000001B189848040>,4289346847,5145014829056.0,1.6746217297913726e-39,0.000257340056123212,1.3774763904312952e-42,0.9181490540504456,0.004765328951179981,-0.010362603701651096,0.009467912837862968,18,249011,22,2,False,Right,Back,Right,Centre,56
<_io.BytesIO object at 0x000001B18986DA90>,1063175256,0.03897818177938461,-0.05309850722551346,0.918145477771759,0.004756453912705183,-0.010354094207286835,0.8310157060623169,0.029260724782943726,-0.05631038919091225,789,249012,22,2,False,Right,Back,Right,Centre,56
<_io.BytesIO object at 0x000001B18986D680>,2872196965,-2.0185020473904827e+32,25.842557907104492,-2.9984868064714813e-22,-1.0950345955976852e-38,-8.868145004688735e+27,-3.16626607745063e-13,-2009016.875,2.061660365637887e-40,0,249012,22,2,False,Right,Back,Right,Centre,56
<_io.BytesIO object at 0x000001B18986DE00>,76,1.401298464324817e-45,0.5443055033683777,0.14874860644340515,0.1911219209432602,0.023791717365384102,0.14121846854686737,0.5761488676071167,0.8047011494636536,0,249012,22,2,False,Right,Back,Right,Centre,56
<_io.BytesIO object at 0x000001B186A8CAE0>,0,2.802596928649634e-45,0.6134823560714722,0.14516398310661316,0.10014393925666809,-0.350240021944046,0.7792764902114868,-0.12000793218612671,-0.5056264996528625,0,249012,22,2,False,Right,Back,Right,Centre,56
<_io.BytesIO object at 0x000001B18986D130>,0,0.0,0.0,0.0,0.0,8.407790785948902e-45,2.1860256043467146e-43,1.3270296457156018e-42,0.8701834678649902,-22634,249012,22,2,False,Right,Back,Right,Centre,56
<_io.BytesIO object at 0x000001B18986DAE0>,2110930207,207521428013056.0,1.6746217297913726e-39,0.00027750481967814267,1.3774763904312952e-42,0.918145477771759,0.004756453912705183,-0.010354094207286835,0.009468166157603264,18,249012,22,2,False,Right,Back,Right,Centre,56
<_io.BytesIO object at 0x000001B189837950>,1063174408,0.03889508172869682,-0.05319586023688316,0.9181483387947083,0.004740925505757332,-0.01034964993596077,0.8310073018074036,0.029196076095104218,-0.05629202350974083,637,249013,22,2,False,Right,Back,Right,Centre,56
<_io.BytesIO object at 0x000001B1898372C0>,3695263589,-1.9631917145493984e+30,35.435115814208984,-3.3960052709651376e-28,-3.328830105860826e-34,-1.086090577473442e-07,-2.2246947135741814e-16,72.62066650390625,2.0616743786225304e-40,0,249013,22,2,False,Right,Back,Right,Centre,56
<_io.BytesIO object at 0x000001B1898375E0>,76,1.401298464324817e-45,0.5443055033683777,0.14874860644340515,0.1911219209432602,0.023791717365384102,0.14121846854686737,0.5761488676071167,0.8047011494636536,0,249013,22,2,False,Right,Back,Right,Centre,56
<_io.BytesIO object at 0x000001B189837720>,0,2.802596928649634e-45,0.6134823560714722,0.14516398310661316,0.10014393925666809,-0.350240021944046,0.7792764902114868,-0.12000793218612671,-0.5056264996528625,0,249013,22,2,False,Right,Back,Right,Centre,56
<_io.BytesIO object at 0x000001B1898374F0>,0,0.0,0.0,0.0,0.0,8.407790785948902e-45,2.1860256043467146e-43,1.3270296457156018e-42,0.8701329231262207,20595,249013,22,2,False,Right,Back,Right,Centre,56
<_io.BytesIO object at 0x000001B189837450>,3823582495,1.8259230972706816e+16,1.6746217297913726e-39,0.0002693302230909467,1.3774763904312952e-42,0.9181483387947083,0.004740925505757332,-0.01034964993596077,0.00946871004998684,18,249013,22,2,False,Right,Back,Right,Centre,56
<_io.BytesIO object at 0x000001B189869590>,1063175312,0.038925860077142715,-0.053084153681993484,0.9181539416313171,0.004736290313303471,-0.0103427330031991,0.8309964537620544,0.029162531718611717,-0.056270986795425415,768,249014,22,2,False,Right,Back,Right,Centre,56
<_io.BytesIO object at 0x000001B1898694F0>,1615937381,-1.0402884595101469e+23,82.87023162841797,-1.924453041368679e-09,1.3802515809634877e+18,1.181626391394595e-27,-1.4228257244272569e-12,-4406338650112.0,2.0616743786225304e-40,0,249014,22,2,False,Right,Back,Right,Centre,56
<_io.BytesIO object at 0x000001B189869860>,76,1.401298464324817e-45,0.5443055033683777,0.14874860644340515,0.1911219209432602,0.023791717365384102,0.14121846854686737,0.5761488676071167,0.8047011494636536,0,249014,22,2,False,Right,Back,Right,Centre,56
<_io.BytesIO object at 0x000001B18984F270>,0,2.802596928649634e-45,0.6134823560714722,0.14516398310661316,0.10014393925666809,-0.350240021944046,0.7792764902114868,-0.12000793218612671,-0.5056264996528625,0,249014,22,2,False,Right,Back,Right,Centre,56
<_io.BytesIO object at 0x000001B18984FCC0>,0,0.0,0.0,0.0,0.0,8.407790785948902e-45,2.1860256043467146e-43,1.3270296457156018e-42,0.8701868057250977,28857,249014,22,2,False,Right,Back,Right,Centre,56
<_io.BytesIO object at 0x000001B18984FC70>,1858419999,1.3890206844112077e+17,1.6746217297913726e-39,0.00027592777041718364,1.3774763904312952e-42,0.9181539416313171,0.004736290313303471,-0.0103427330031991,0.009469117969274521,18,249014,22,2,False,Right,Back,Right,Centre,56
<_io.BytesIO object at 0x000001B186B139A0>,1063175538,0.0389280766248703,-0.05305955559015274,0.9181801676750183,0.004745979327708483,-0.010342610068619251,0.8310065865516663,0.029143385589122772,-0.05625958368182182,916,249015,22,2,False,Right,Back,Right,Centre,56
<_io.BytesIO object at 0x000001B186B13BD0>,1801273189,-1.1493782976000132e+21,67.87023162841797,-2.065270018647425e-05,7719.638671875,-816.9447021484375,-4.1881303980417783e-10,5.825397062505612e+36,2.0616883916071736e-40,0,249015,22,2,False,Right,Back,Right,Centre,56
<_io.BytesIO object at 0x000001B186B13310>,76,1.401298464324817e-45,0.5443055033683777,0.14874860644340515,0.1911219209432602,0.023791717365384102,0.14121846854686737,0.5761488676071167,0.8047011494636536,0,249015,22,2,False,Right,Back,Right,Centre,56
<_io.BytesIO object at 0x000001B186B13400>,0,2.802596928649634e-45,0.6134823560714722,0.14516398310661316,0.10014393925666809,-0.350240021944046,0.7792764902114868,-0.12000793218612671,-0.5056264996528625,0,249015,22,2,False,Right,Back,Right,Centre,56
<_io.BytesIO object at 0x000001B1FFE97B80>,0,0.0,0.0,0.0,0.0,8.407790785948902e-45,2.1860256043467146e-43,1.3270296457156018e-42,0.8702002763748169,29452,249015,22,2,False,Right,Back,Right,Centre,56
<_io.BytesIO object at 0x000001B186B13360>,1425685791,5.466996663430152e+18,1.6746217297913726e-39,0.0002764997771009803,1.3774763904312952e-42,0.9181801676750183,0.004745979327708483,-0.010342610068619251,0.009469524025917053,18,249015,22,2,False,Right,Back,Right,Centre,56
<_io.BytesIO object at 0x000001B186ABFC20>,1063175611,0.03890847787261009,-0.0530690997838974,0.918176531791687,0.0047358362935483456,-0.010341661982238293,0.8310100436210632,0.029125185683369637,-0.05625419691205025,1173,249016,22,2,False,Right,Back,Right,Centre,56
<_io.BytesIO object at 0x000001B189864270>,512769893,-8.5832011827915e+18,497.4809265136719,-7.8796103480272e-05,2330439.0,-5.206132995952755e-27,9.067756681478691e-23,5.071472217062447e-23,2.061702404591817e-40,0,249016,22,2,False,Right,Back,Right,Centre,56
<_io.BytesIO object at 0x000001B186ABFD10>,76,1.401298464324817e-45,0.5443055033683777,0.14874860644340515,0.1911219209432602,0.023791717365384102,0.14121846854686737,0.5761488676071167,0.8047011494636536,0,249016,22,2,False,Right,Back,Right,Centre,56
<_io.BytesIO object at 0x000001B186ABF040>,0,2.802596928649634e-45,0.6134823560714722,0.14516398310661316,0.10014393925666809,-0.350240021944046,0.7792764902114868,-0.12000793218612671,-0.5056264996528625,0,249016,22,2,False,Right,Back,Right,Centre,56
<_io.BytesIO object at 0x000001B186ABFF90>,0,0.0,0.0,0.0,0.0,8.407790785948902e-45,2.1860256043467146e-43,1.3270296457156018e-42,0.8702046275138855,24191,249016,22,2,False,Right,Back,Right,Centre,56
<_io.BytesIO object at 0x000001B186ABFB80>,1593589023,8.631902511027559e+19,1.6746217297913726e-39,0.0002810949517879635,1.3774763904312952e-42,0.918176531791687,0.0047358362935483456,-0.010341661982238293,0.009469929151237011,18,249016,22,2,False,Right,Back,Right,Centre,56
<_io.BytesIO object at 0x000001B18988A630>,1063175632,0.03890303522348404,-0.05306389555335045,0.9181879758834839,0.004730030428618193,-0.01035330817103386,0.8310298323631287,0.0291131604462862,-0.05621117353439331,1065,249017,22,2,False,Right,Back,Right,Centre,56
<_io.BytesIO object at 0x000001B18988A0E0>,1793343333,-3258630073745408.0,922.9618530273438,-55.311851501464844,0.0005311535205692053,6.081118791982727e+35,-7.946150104960434e-35,-1.4530992963426673e-20,2.061702404591817e-40,0,249017,22,2,False,Right,Back,Right,Centre,56
<_io.BytesIO object at 0x000001B18988A1D0>,76,1.401298464324817e-45,0.5443055033683777,0.14874860644340515,0.1911219209432602,0.023791717365384102,0.14121846854686737,0.5761488676071167,0.8047011494636536,0,249017,22,2,False,Right,Back,Right,Centre,56
<_io.BytesIO object at 0x000001B18988A680>,0,2.802596928649634e-45,0.6134823560714722,0.14516398310661316,0.10014393925666809,-0.350240021944046,0.7792764902114868,-0.12000793218612671,-0.5056264996528625,0,249017,22,2,False,Right,Back,Right,Centre,56
<_io.BytesIO object at 0x000001B18988ABD0>,0,0.0,0.0,0.0,0.0,8.407790785948902e-45,2.1860256043467146e-43,1.3270296457156018e-42,0.8702058792114258,22730,249017,22,2,False,Right,Back,Right,Centre,56
<_io.BytesIO object at 0x000001B18988A9F0>,1502035231,1.3349875415801355e+21,1.6746217297913726e-39,0.00028179193031974137,1.3774763904312952e-42,0.9181879758834839,0.004730030428618193,-0.01035330817103386,0.009470468387007713,18,249017,22,2,False,Right,Back,Right,Centre,56
<_io.BytesIO object at 0x000001B18985B590>,1063176745,0.03877472132444382,-0.05306987091898918,0.9181931018829346,0.004732477478682995,-0.010354912839829922,0.8309991955757141,0.029074963182210922,-0.056216806173324585,914,249018,22,2,False,Right,Back,Right,Centre,56
<_io.BytesIO object at 0x000001B18985B4F0>,2833727333,-4247407558656.0,930.9618530273438,-12.202962875366211,2.222814048349166e+19,-1.3125878236542887e+35,6.438876119928563e-29,1.8235530122954476e-16,2.06171641757646e-40,0,249018,22,2,False,Right,Back,Right,Centre,56
<_io.BytesIO object at 0x000001B18985B860>,76,1.401298464324817e-45,0.5443055033683777,0.14874860644340515,0.1911219209432602,0.023791717365384102,0.14121846854686737,0.5761488676071167,0.8047011494636536,0,249018,22,2,False,Right,Back,Right,Centre,56
<_io.BytesIO object at 0x000001B1898529F0>,0,2.802596928649634e-45,0.6134823560714722,0.14516398310661316,0.10014393925666809,-0.350240021944046,0.7792764902114868,-0.12000793218612671,-0.5056264996528625,0,249018,22,2,False,Right,Back,Right,Centre,56
<_io.BytesIO object at 0x000001B189852A90>,0,0.0,0.0,0.0,0.0,8.407790785948902e-45,2.1860256043467146e-43,1.3270296457156018e-42,0.8702722191810608,-11714,249018,22,2,False,Right,Back,Right,Centre,56
<_io.BytesIO object at 0x000001B1898529A0>,1607154974,2.0621930902333786e+22,1.6746217297913726e-39,0.00023782587959431112,1.3774763904312952e-42,0.9181931018829346,0.004732477478682995,-0.010354912839829922,0.009470870718359947,18,249018,22,2,False,Right,Back,Right,Centre,56
<_io.BytesIO object at 0x000001B189848540>,1063175295,0.038877934217453,-0.053037434816360474,0.9181907773017883,0.004721212666481733,-0.01034537609666586,0.8309800624847412,0.029045401141047478,-0.05616480112075806,865,249019,22,2,False,Right,Back,Right,Centre,56
<_io.BytesIO object at 0x000001B189848860>,1409695589,-81526.609375,259.4809265136719,-1.0530095892469227e-11,4.441505209679316e+30,9.48868412623668e-21,4.498533435950275e-13,6.2683128706278835e+32,2.06171641757646e-40,0,249019,22,2,False,Right,Back,Right,Centre,56
<_io.BytesIO object at 0x000001B189848630>,76,1.401298464324817e-45,0.5443055033683777,0.14874860644340515,0.1911219209432602,0.023791717365384102,0.14121846854686737,0.5761488676071167,0.8047011494636536,0,249019,22,2,False,Right,Back,Right,Centre,56
<_io.BytesIO object at 0x000001B189848CC0>,0,2.802596928649634e-45,0.6134823560714722,0.14516398310661316,0.10014393925666809,-0.350240021944046,0.7792764902114868,-0.12000793218612671,-0.5056264996528625,0,249019,22,2,False,Right,Back,Right,Centre,56
<_io.BytesIO object at 0x000001B189848270>,0,0.0,0.0,0.0,0.0,8.407790785948902e-45,2.1860256043467146e-43,1.3270296457156018e-42,0.8701857924461365,15992,249019,22,2,False,Right,Back,Right,Centre,56
<_io.BytesIO object at 0x000001B189848810>,1036533023,7.874056839121616e+23,1.6746217297913726e-39,0.00028206140268594027,1.3774763904312952e-42,0.9181907773017883,0.004721212666481733,-0.01034537609666586,0.009471406228840351,18,249019,22,2,False,Right,Back,Right,Centre,56
<_io.BytesIO object at 0x000001B18986DA90>,1063176026,0.03874696418642998,-0.05303198844194412,0.9181798696517944,0.004716337658464909,-0.01034414954483509,0.8309361338615417,0.02899288199841976,-0.05616028606891632,546,249020,22,2,False,Right,Back,Right,Centre,56
<_io.BytesIO object at 0x000001B18986D1D0>,175914853,-3.39424467086792,168.74046325683594,-6.317053813636314e-14,-1041188608.0,0.6063913106918335,3.32019021752675e-15,-8.994979240617429e-12,2.06171641757646e-40,0,249020,22,2,False,Right,Back,Right,Centre,56
<_io.BytesIO object at 0x000001B18986DE00>,76,1.401298464324817e-45,0.5443055033683777,0.14874860644340515,0.1911219209432602,0.023791717365384102,0.14121846854686737,0.5761488676071167,0.8047011494636536,0,249020,22,2,False,Right,Back,Right,Centre,56
<_io.BytesIO object at 0x000001B1FFE97B80>,0,2.802596928649634e-45,0.6134823560714722,0.14516398310661316,0.10014393925666809,-0.350240021944046,0.7792764902114868,-0.12000793218612671,-0.5056264996528625,0,249020,22,2,False,Right,Back,Right,Centre,56
<_io.BytesIO object at 0x000001B18986D130>,0,0.0,0.0,0.0,0.0,8.407790785948902e-45,2.1860256043467146e-43,1.3270296457156018e-42,0.8702293634414673,-19165,249020,22,2,False,Right,Back,Right,Centre,56
<_io.BytesIO object at 0x000001B18986D860>,940719390,1.199402803278727e+25,1.6746217297913726e-39,0.00023967772722244263,1.3774763904312952e-42,0.9181798696517944,0.004716337658464909,-0.01034414954483509,0.00947194080799818,18,249020,22,2,False,Right,Back,Right,Centre,56
<_io.BytesIO object at 0x000001B1898374A0>,1063174254,0.03869147598743439,-0.05295410752296448,0.9181764721870422,0.004747315775603056,-0.010325048118829727,0.8309085965156555,0.028964122757315636,-0.056101035326719284,-50,249021,22,2,False,Right,Back,Right,Centre,56
<_io.BytesIO object at 0x000001B1898376D0>,3418111844,-2.0786889868900857e-14,35.935115814208984,-1.832015880343403e-32,11357417472.0,9.528621753492832e+18,-2.05100714191514e+33,-280.482666015625,2.06171641757646e-40,0,249021,22,2,False,Right,Back,Right,Centre,56
<_io.BytesIO object at 0x000001B189837A40>,76,1.401298464324817e-45,0.5443055033683777,0.14874860644340515,0.1911219209432602,0.023791717365384102,0.14121846854686737,0.5761488676071167,0.8047011494636536,0,249021,22,2,False,Right,Back,Right,Centre,56
<_io.BytesIO object at 0x000001B189837BD0>,0,2.802596928649634e-45,0.6134823560714722,0.14516398310661316,0.10014393925666809,-0.350240021944046,0.7792764902114868,-0.12000793218612671,-0.5056264996528625,0,249021,22,2,False,Right,Back,Right,Centre,56
<_io.BytesIO object at 0x000001B189837F90>,0,0.0,0.0,0.0,0.0,8.407790785948902e-45,2.1860256043467146e-43,1.3270296457156018e-42,0.8701237440109253,31476,249021,22,2,False,Right,Back,Right,Centre,56
<_io.BytesIO object at 0x000001B189837AE0>,3865591070,1.781198238676117e+25,1.6746217297913726e-39,0.00011664421617751941,1.3774763904312952e-42,0.9181764721870422,0.004747315775603056,-0.010325048118829727,0.009472472593188286,18,249021,22,2,False,Right,Back,Right,Centre,56
<_io.BytesIO object at 0x000001B18984B590>,1063173725,0.03869941458106041,-0.052923254668712616,0.9181665182113647,0.004777445457875729,-0.010315680876374245,0.8308767676353455,0.028954919427633286,-0.05605882778763771,-328,249022,22,2,False,Right,Back,Right,Centre,56
<_io.BytesIO object at 0x000001B18984B4F0>,1320173412,-5.338924324874299e-25,15.546278953552246,-7.868848192052366e-19,-121077510438912.0,1.1401136677549275e+37,-1.2684234889093204e-06,-10.702583312988281,2.06171641757646e-40,0,249022,22,2,False,Right,Back,Right,Centre,56
<_io.BytesIO object at 0x000001B18984B860>,76,1.401298464324817e-45,0.5443055033683777,0.14874860644340515,0.1911219209432602,0.023791717365384102,0.14121846854686737,0.5761488676071167,0.8047011494636536,0,249022,22,2,False,Right,Back,Right,Centre,56
<_io.BytesIO object at 0x000001B189833270>,0,2.802596928649634e-45,0.6134823560714722,0.14516398310661316,0.10014393925666809,-0.350240021944046,0.7792764902114868,-0.12000793218612671,-0.5056264996528625,0,249022,22,2,False,Right,Back,Right,Centre,56
<_io.BytesIO object at 0x000001B189833CC0>,0,0.0,0.0,0.0,0.0,8.407790785948902e-45,2.1860256043467146e-43,1.3270296457156018e-42,0.8700922131538391,-31929,249022,22,2,False,Right,Back,Right,Centre,56
<_io.BytesIO object at 0x000001B189833C70>,3322821918,2.7917062673479077e+25,1.6746217297913726e-39,0.00012218416668474674,1.3774763904312952e-42,0.9181665182113647,0.004777445457875729,-0.010315680876374245,0.009472868405282497,18,249022,22,2,False,Right,Back,Right,Centre,56
<_io.BytesIO object at 0x000001B186B136D0>,1063172060,0.038814909756183624,-0.0528687983751297,0.9181694388389587,0.004807982128113508,-0.010287838988006115,0.8308515548706055,0.0289539135992527,-0.056014638394117355,-694,249023,22,2,False,Right,Back,Right,Centre,56
<_io.BytesIO object at 0x000001B186B13040>,1251426148,3.655534186986467e+33,3.1209447383880615,-8.04705813095552e-09,-1.682138891123537e-25,-2.835666181386919e-32,1290594025472.0,-2.7893391264278977e-14,2.06171641757646e-40,0,249023,22,2,False,Right,Back,Right,Centre,56
<_io.BytesIO object at 0x000001B186B13310>,76,1.401298464324817e-45,0.5443055033683777,0.14874860644340515,0.1911219209432602,0.023791717365384102,0.14121846854686737,0.5761488676071167,0.8047011494636536,0,249023,22,2,False,Right,Back,Right,Centre,56
<_io.BytesIO object at 0x000001B186B13450>,0,2.802596928649634e-45,0.6134823560714722,0.14516398310661316,0.10014393925666809,-0.350240021944046,0.7792764902114868,-0.12000793218612671,-0.5056264996528625,0,249023,22,2,False,Right,Back,Right,Centre,56
<_io.BytesIO object at 0x000001B186A8CAE0>,0,0.0,0.0,0.0,0.0,8.407790785948902e-45,2.1860256043467146e-43,1.3270296457156018e-42,0.8699929714202881,-926,249023,22,2,False,Right,Back,Right,Centre,56
<_io.BytesIO object at 0x000001B186B13360>,2364816670,1.0078791831738465e+26,1.6746217297913726e-39,0.00018032938532996923,1.3774763904312952e-42,0.9181694388389587,0.004807982128113508,-0.010287838988006115,0.00947326235473156,18,249023,22,2,False,Right,Back,Right,Centre,56
<_io.BytesIO object at 0x000001B186ABF900>,1063171673,0.03883432224392891,-0.05282151326537132,0.9181499481201172,0.004818785469979048,-0.01027576345950365,0.8308216333389282,0.028962574899196625,-0.05595187842845917,-1133,249024,22,2,False,Right,Back,Right,Centre,56
<_io.BytesIO object at 0x000001B189864310>,1464352612,5.47739494598679e+25,1.8260973691940308,-8.765952941303112e-08,1.375557365901987e-15,-3.531943223726432e-31,-5.278375041363896e+30,-2.1224432595057258e-29,2.06171641757646e-40,0,249024,22,2,False,Right,Back,Right,Centre,56
<_io.BytesIO object at 0x000001B186ABF400>,76,1.401298464324817e-45,0.5443055033683777,0.14874860644340515,0.1911219209432602,0.023791717365384102,0.14121846854686737,0.5761488676071167,0.8047011494636536,0,249024,22,2,False,Right,Back,Right,Centre,56
<_io.BytesIO object at 0x000001B186ABFD10>,0,2.802596928649634e-45,0.6134823560714722,0.14516398310661316,0.10014393925666809,-0.350240021944046,0.7792764902114868,-0.12000793218612671,-0.5056264996528625,0,249024,22,2,False,Right,Back,Right,Centre,56
<_io.BytesIO object at 0x000001B186ABFBD0>,0,0.0,0.0,0.0,0.0,8.407790785948902e-45,2.1860256043467146e-43,1.3270296457156018e-42,0.86996990442276,4285,249024,22,2,False,Right,Back,Right,Centre,56
<_io.BytesIO object at 0x000001B186ABFF90>,1532968223,3.547946404849534e+26,1.6746217297913726e-39,0.00018523569451645017,1.3774763904312952e-42,0.9181499481201172,0.004818785469979048,-0.01027576345950365,0.009473655372858047,18,249024,22,2,False,Right,Back,Right,Centre,56
<_io.BytesIO object at 0x000001B1898B7860>,1063171390,0.0388430617749691,-0.05278380587697029,0.918138861656189,0.004826533608138561,-0.010262828320264816,0.8307941555976868,0.02897299826145172,-0.055904000997543335,-1593,249025,22,2,False,Right,Back,Right,Centre,56
<_io.BytesIO object at 0x000001B1898B7B30>,270155620,3.9518793996200323e+21,57789.55859375,2499.95849609375,-14671.2783203125,-1.2190077427561112e-31,-2.681334874600336e-20,2.2488008747917207e+35,2.06171641757646e-40,0,249025,22,2,False,Right,Back,Right,Centre,56
<_io.BytesIO object at 0x000001B1898B7EF0>,76,1.401298464324817e-45,0.5443055033683777,0.14874860644340515,0.1911219209432602,0.023791717365384102,0.14121846854686737,0.5761488676071167,0.8047011494636536,0,249025,22,2,False,Right,Back,Right,Centre,56
<_io.BytesIO object at 0x000001B1898B7180>,0,2.802596928649634e-45,0.6134823560714722,0.14516398310661316,0.10014393925666809,-0.350240021944046,0.7792764902114868,-0.12000793218612671,-0.5056264996528625,0,249025,22,2,False,Right,Back,Right,Centre,56
<_io.BytesIO object at 0x000001B1898B79F0>,0,0.0,0.0,0.0,0.0,8.407790785948902e-45,2.1860256043467146e-43,1.3270296457156018e-42,0.8699530363082886,6631,249025,22,2,False,Right,Back,Right,Centre,56
<_io.BytesIO object at 0x000001B1898B70E0>,869612831,1.2270095317649681e+27,1.6746217297913726e-39,0.00018303102115169168,1.3774763904312952e-42,0.918138861656189,0.004826533608138561,-0.010262828320264816,0.009473890997469425,18,249025,22,2,False,Right,Back,Right,Centre,56
<_io.BytesIO object at 0x000001B18983C590>,1063170922,0.03885219618678093,-0.05277276411652565,0.9181222915649414,0.004841475747525692,-0.010253095999360085,0.8307579159736633,0.028987620025873184,-0.055868394672870636,-1850,249026,22,2,False,Right,Back,Right,Centre,56
<_io.BytesIO object at 0x000001B18983C4F0>,1729314660,1.4775393590863462e+17,84347.1171875,194813.34375,3.992077440388884e+29,-1.5899123451368872e-29,1.8612884283065796,1.422625057053975e+21,2.06171641757646e-40,0,249026,22,2,False,Right,Back,Right,Centre,56
<_io.BytesIO object at 0x000001B18983C860>,76,1.401298464324817e-45,0.5443055033683777,0.14874860644340515,0.1911219209432602,0.023791717365384102,0.14121846854686737,0.5761488676071167,0.8047011494636536,0,249026,22,2,False,Right,Back,Right,Centre,56
<_io.BytesIO object at 0x000001B18984F270>,0,2.802596928649634e-45,0.6134823560714722,0.14516398310661316,0.10014393925666809,-0.350240021944046,0.7792764902114868,-0.12000793218612671,-0.5056264996528625,0,249026,22,2,False,Right,Back,Right,Centre,56
<_io.BytesIO object at 0x000001B18984FCC0>,0,0.0,0.0,0.0,0.0,8.407790785948902e-45,2.1860256043467146e-43,1.3270296457156018e-42,0.8699251413345337,9083,249026,22,2,False,Right,Back,Right,Centre,56
<_io.BytesIO object at 0x000001B18984FC70>,675364127,4.482496238555523e+27,1.6746217297913726e-39,0.00018371162877883762,1.3774763904312952e-42,0.9181222915649414,0.004841475747525692,-0.010253095999360085,0.009474125690758228,18,249026,22,2,False,Right,Back,Right,Centre,56
<_io.BytesIO object at 0x000001B1898484F0>,1063170433,0.03888525813817978,-0.052737489342689514,0.9181072115898132,0.004867852199822664,-0.010245723649859428,0.8307246565818787,0.0290056262165308,-0.0558403879404068,-2318,249027,22,2,False,Right,Back,Right,Centre,56
<_io.BytesIO object at 0x000001B1898483B0>,574242660,63560541536256.0,5303.69482421875,0.02078215405344963,-2.317903130408641e+29,-4.452203153600745e-24,-2889427168788480.0,241425504.0,2.06171641757646e-40,0,249027,22,2,False,Right,Back,Right,Centre,56
<_io.BytesIO object at 0x000001B189848860>,76,1.401298464324817e-45,0.5443055033683777,0.14874860644340515,0.1911219209432602,0.023791717365384102,0.14121846854686737,0.5761488676071167,0.8047011494636536,0,249027,22,2,False,Right,Back,Right,Centre,56
<_io.BytesIO object at 0x000001B189848C20>,0,2.802596928649634e-45,0.6134823560714722,0.14516398310661316,0.10014393925666809,-0.350240021944046,0.7792764902114868,-0.12000793218612671,-0.5056264996528625,0,249027,22,2,False,Right,Back,Right,Centre,56
<_io.BytesIO object at 0x000001B189848770>,0,0.0,0.0,0.0,0.0,8.407790785948902e-45,2.1860256043467146e-43,1.3270296457156018e-42,0.8698959946632385,17958,249027,22,2,False,Right,Back,Right,Centre,56
<_io.BytesIO object at 0x000001B1898485E0>,54803743,1.6150446147749358e+28,1.6746217297913726e-39,0.0001928336569108069,1.3774763904312952e-42,0.9181072115898132,0.004867852199822664,-0.010245723649859428,0.009474493563175201,18,249027,22,2,False,Right,Back,Right,Centre,56
<_io.BytesIO object at 0x000001B18986DA90>,1063169734,0.03890049830079079,-0.05272660404443741,0.918095588684082,0.004979605320841074,-0.010166484862565994,0.8307026028633118,0.02901143580675125,-0.05583611875772476,-2920,249028,22,2,False,Right,Back,Right,Centre,56
<_io.BytesIO object at 0x000001B18986D680>,1490370404,612348586885120.0,654.9618530273438,2.5063443899853155e-05,1.1813070028763375e-25,-1.1836862219560818e-11,54826577920.0,1.9120204086675585e-08,2.06171641757646e-40,0,249028,22,2,False,Right,Back,Right,Centre,56
<_io.BytesIO object at 0x000001B18986DE00>,76,1.401298464324817e-45,0.5443055033683777,0.14874860644340515,0.1911219209432602,0.023791717365384102,0.14121846854686737,0.5761488676071167,0.8047011494636536,0,249028,22,2,False,Right,Back,Right,Centre,56
<_io.BytesIO object at 0x000001B186A8CAE0>,0,2.802596928649634e-45,0.6134823560714722,0.14516398310661316,0.10014393925666809,-0.350240021944046,0.7792764902114868,-0.12000793218612671,-0.5056264996528625,0,249028,22,2,False,Right,Back,Right,Centre,56
<_io.BytesIO object at 0x000001B18986D130>,0,0.0,0.0,0.0,0.0,8.407790785948902e-45,2.1860256043467146e-43,1.3270296457156018e-42,0.8698543310165405,22049,249028,22,2,False,Right,Back,Right,Centre,56
<_io.BytesIO object at 0x000001B18986DAE0>,4158274847,5.717413963291867e+28,1.6746217297913726e-39,0.00018693141464609653,1.3774763904312952e-42,0.918095588684082,0.004979605320841074,-0.010166484862565994,0.009474946185946465,18,249028,22,2,False,Right,Back,Right,Centre,56
<_io.BytesIO object at 0x000001B189837D10>,1063169481,0.038925278931856155,-0.052724312990903854,0.9180749654769897,0.0049863457679748535,-0.010170552879571915,0.8306785821914673,0.02902551181614399,-0.0558309368789196,-2987,249029,22,2,False,Right,Back,Right,Centre,56
<_io.BytesIO object at 0x000001B1898377C0>,4166664036,2.659735635660636e+17,0.17064498364925385,365603520512.0,-9.42149345815779e-38,-7.306874613277614e-05,5.879982536576397e-33,4.378865654211511e-19,2.06171641757646e-40,0,249029,22,2,False,Right,Back,Right,Centre,56
<_io.BytesIO object at 0x000001B189837450>,76,1.401298464324817e-45,0.5443055033683777,0.14874860644340515,0.1911219209432602,0.023791717365384102,0.14121846854686737,0.5761488676071167,0.8047011494636536,0,249029,22,2,False,Right,Back,Right,Centre,56
<_io.BytesIO object at 0x000001B189837EF0>,0,2.802596928649634e-45,0.6134823560714722,0.14516398310661316,0.10014393925666809,-0.350240021944046,0.7792764902114868,-0.12000793218612671,-0.5056264996528625,0,249029,22,2,False,Right,Back,Right,Centre,56
<_io.BytesIO object at 0x000001B189837720>,0,0.0,0.0,0.0,0.0,8.407790785948902e-45,2.1860256043467146e-43,1.3270296457156018e-42,0.8698392510414124,28701,249029,22,2,False,Right,Back,Right,Centre,56
<_io.BytesIO object at 0x000001B189837810>,4117970207,1.9774805754954016e+29,1.6746217297913726e-39,0.00019102179794572294,1.3774763904312952e-42,0.9180749654769897,0.0049863457679748535,-0.010170552879571915,0.009475398808717728,18,249029,22,2,False,Right,Back,Right,Centre,56
<_io.BytesIO object at 0x000001B18986F590>,1063169324,0.03895903751254082,-0.05271869897842407,0.9180826544761658,0.005024698097258806,-0.010183503851294518,0.8306682705879211,0.029058143496513367,-0.05582757294178009,-3134,249030,22,2,False,Right,Back,Right,Centre,56
<_io.BytesIO object at 0x000001B18986F4F0>,2993045348,3.825815244855043e+26,0.06823264807462692,769861746688.0,-33.5596809387207,-1225.89013671875,-3.788538768596664e+17,6.083746073392602e-29,2.06171641757646e-40,0,249030,22,2,False,Right,Back,Right,Centre,56
<_io.BytesIO object at 0x000001B18986F860>,76,1.401298464324817e-45,0.5443055033683777,0.14874860644340515,0.1911219209432602,0.023791717365384102,0.14121846854686737,0.5761488676071167,0.8047011494636536,0,249030,22,2,False,Right,Back,Right,Centre,56
<_io.BytesIO object at 0x000001B189852270>,0,2.802596928649634e-45,0.6134823560714722,0.14516398310661316,0.10014393925666809,-0.350240021944046,0.7792764902114868,-0.12000793218612671,-0.5056264996528625,0,249030,22,2,False,Right,Back,Right,Centre,56
<_io.BytesIO object at 0x000001B189852CC0>,0,0.0,0.0,0.0,0.0,8.407790785948902e-45,2.1860256043467146e-43,1.3270296457156018e-42,0.8698298931121826,-27773,249030,22,2,False,Right,Back,Right,Centre,56
<_io.BytesIO object at 0x000001B189852C70>,4019207455,6.622464661124811e+29,1.6746217297913726e-39,0.00019324917229823768,1.3774763904312952e-42,0.9180826544761658,0.005024698097258806,-0.010183503851294518,0.009475848637521267,18,249030,22,2,False,Right,Back,Right,Centre,56
<_io.BytesIO object at 0x000001B186B13900>,1063169103,0.03897406533360481,-0.052734918892383575,0.918073296546936,0.005040216725319624,-0.01019048597663641,0.8306679129600525,0.029097428545355797,-0.05585235729813576,-3363,249031,22,2,False,Right,Back,Right,Centre,56
<_io.BytesIO object at 0x000001B186B13810>,3165994852,5.324623862331212e+37,0.04485851153731346,1.876014731997845e+22,-1.3508353463016763e-28,-271910371328.0,-0.07970943301916122,-3.8494599700206007e+34,2.061702404591817e-40,0,249031,22,2,False,Right,Back,Right,Centre,56
<_io.BytesIO object at 0x000001B186B13310>,76,1.401298464324817e-45,0.5443055033683777,0.14874860644340515,0.1911219209432602,0.023791717365384102,0.14121846854686737,0.5761488676071167,0.8047011494636536,0,249031,22,2,False,Right,Back,Right,Centre,56
<_io.BytesIO object at 0x000001B186B13770>,0,2.802596928649634e-45,0.6134823560714722,0.14516398310661316,0.10014393925666809,-0.350240021944046,0.7792764902114868,-0.12000793218612671,-0.5056264996528625,0,249031,22,2,False,Right,Back,Right,Centre,56
<_io.BytesIO object at 0x000001B1FFE97B80>,0,0.0,0.0,0.0,0.0,8.407790785948902e-45,2.1860256043467146e-43,1.3270296457156018e-42,0.8698167204856873,-23739,249031,22,2,False,Right,Back,Right,Centre,56
<_io.BytesIO object at 0x000001B186B13360>,9583903,2.324748635083277e+30,1.6746217297913726e-39,0.00019779129070229828,1.3774763904312952e-42,0.918073296546936,0.005040216725319624,-0.01019048597663641,0.009476297535002232,18,249031,22,2,False,Right,Back,Right,Centre,56
<_io.BytesIO object at 0x000001B186ABF1D0>,1063169240,0.039006877690553665,-0.052764348685741425,0.9180793166160583,0.005043207202106714,-0.01021000649780035,0.830683708190918,0.02914610132575035,-0.05586446821689606,-3011,249032,22,2,False,Right,Back,Right,Centre,56
<_io.BytesIO object at 0x000001B189864270>,3923328868,-8.747317039887493e-21,365.4809265136719,9.327962875366211,-2.0533825957494579e-22,-7.98911270822785e+20,-9.247843877346895e-07,-101837474627584.0,2.061702404591817e-40,0,249032,22,2,False,Right,Back,Right,Centre,56
<_io.BytesIO object at 0x000001B186ABFC20>,76,1.401298464324817e-45,0.5443055033683777,0.14874860644340515,0.1911219209432602,0.023791717365384102,0.14121846854686737,0.5761488676071167,0.8047011494636536,0,249032,22,2,False,Right,Back,Right,Centre,56
<_io.BytesIO object at 0x000001B186ABF400>,0,2.802596928649634e-45,0.6134823560714722,0.14516398310661316,0.10014393925666809,-0.350240021944046,0.7792764902114868,-0.12000793218612671,-0.5056264996528625,0,249032,22,2,False,Right,Back,Right,Centre,56
<_io.BytesIO object at 0x000001B186ABF950>,0,0.0,0.0,0.0,0.0,8.407790785948902e-45,2.1860256043467146e-43,1.3270296457156018e-42,0.8698248863220215,-14931,249032,22,2,False,Right,Back,Right,Centre,56
<_io.BytesIO object at 0x000001B186ABFBD0>,527318303,8.229414346390539e+30,1.6746217297913726e-39,0.000183983298484236,1.3774763904312952e-42,0.9180793166160583,0.005043207202106714,-0.01021000649780035,0.009476657025516033,18,249032,22,2,False,Right,Back,Right,Centre,56
<_io.BytesIO object at 0x000001B18988A3B0>,1063168209,0.03897401690483093,-0.052891310304403305,0.9180728197097778,0.005024324171245098,-0.010235126130282879,0.8306865692138672,0.02917236089706421,-0.05591227486729622,-2772,249033,22,2,False,Right,Back,Right,Centre,56
<_io.BytesIO object at 0x000001B18988A540>,597114724,-0.0019871853291988373,778.9618530273438,3.7516184603347824e-10,1.0893437471786328e-14,-8.153083002253829e+34,-1.0432605323279911e-22,-7.022475119246001e-22,2.061702404591817e-40,0,249033,22,2,False,Right,Back,Right,Centre,56
<_io.BytesIO object at 0x000001B18988A450>,76,1.401298464324817e-45,0.5443055033683777,0.14874860644340515,0.1911219209432602,0.023791717365384102,0.14121846854686737,0.5761488676071167,0.8047011494636536,0,249033,22,2,False,Right,Back,Right,Centre,56
<_io.BytesIO object at 0x000001B18988A310>,0,2.802596928649634e-45,0.6134823560714722,0.14516398310661316,0.10014393925666809,-0.350240021944046,0.7792764902114868,-0.12000793218612671,-0.5056264996528625,0,249033,22,2,False,Right,Back,Right,Centre,56
<_io.BytesIO object at 0x000001B18988A040>,0,0.0,0.0,0.0,0.0,8.407790785948902e-45,2.1860256043467146e-43,1.3270296457156018e-42,0.8697634339332581,-23752,249033,22,2,False,Right,Back,Right,Centre,56
<_io.BytesIO object at 0x000001B18988A1D0>,2760850719,6.710296537135254e+31,1.6746217297913726e-39,0.00019474021974019706,1.3774763904312952e-42,0.9180728197097778,0.005024324171245098,-0.010235126130282879,0.009477016516029835,18,249033,22,2,False,Right,Back,Right,Centre,56
<_io.BytesIO object at 0x000001B189831590>,1063168621,0.03900784254074097,-0.05290921777486801,0.9180783033370972,0.005030462518334389,-0.01026296429336071,0.8306884169578552,0.029173923656344414,-0.05597264692187309,-2995,249034,22,2,False,Right,Back,Right,Centre,56
<_io.BytesIO object at 0x000001B1898314F0>,682049380,-2.6883284699006894e+18,594.9618530273438,5.1142906354343764e-26,-1.485378253772776e-13,nan,-0.16039542853832245,1.882043904888364e+20,2.061702404591817e-40,0,249034,22,2,False,Right,Back,Right,Centre,56
<_io.BytesIO object at 0x000001B189831860>,76,1.401298464324817e-45,0.5443055033683777,0.14874860644340515,0.1911219209432602,0.023791717365384102,0.14121846854686737,0.5761488676071167,0.8047011494636536,0,249034,22,2,False,Right,Back,Right,Centre,56
<_io.BytesIO object at 0x000001B18984F9F0>,0,2.802596928649634e-45,0.6134823560714722,0.14516398310661316,0.10014393925666809,-0.350240021944046,0.7792764902114868,-0.12000793218612671,-0.5056264996528625,0,249034,22,2,False,Right,Back,Right,Centre,56
<_io.BytesIO object at 0x000001B18984FA90>,0,0.0,0.0,0.0,0.0,8.407790785948902e-45,2.1860256043467146e-43,1.3270296457156018e-42,0.8697879910469055,-14672,249034,22,2,False,Right,Back,Right,Centre,56
<_io.BytesIO object at 0x000001B18984F9A0>,3075882271,5.4189432537173325e+32,1.6746217297913726e-39,0.0001825591898523271,1.3774763904312952e-42,0.9180783033370972,0.005030462518334389,-0.01026296429336071,0.009477375075221062,18,249034,22,2,False,Right,Back,Right,Centre,56
<_io.BytesIO object at 0x000001B189848E00>,1063168922,0.03902798891067505,-0.052941061556339264,0.9180911183357239,0.004943450912833214,-0.010346789844334126,0.8307023048400879,0.029198385775089264,-0.056014131754636765,-2700,249035,22,2,False,Right,Back,Right,Centre,56
<_io.BytesIO object at 0x000001B1898486D0>,4135141220,1.0582407018199084e-38,0.3237118721008301,-9.160544946850704e-29,1.0618330761695572e+28,5.002489319834502e-34,-4349578878910464.0,9.448674285103426e-33,2.061702404591817e-40,0,249035,22,2,False,Right,Back,Right,Centre,56
<_io.BytesIO object at 0x000001B1898483B0>,76,1.401298464324817e-45,0.5443055033683777,0.14874860644340515,0.1911219209432602,0.023791717365384102,0.14121846854686737,0.5761488676071167,0.8047011494636536,0,249035,22,2,False,Right,Back,Right,Centre,56
<_io.BytesIO object at 0x000001B189848180>,0,2.802596928649634e-45,0.6134823560714722,0.14516398310661316,0.10014393925666809,-0.350240021944046,0.7792764902114868,-0.12000793218612671,-0.5056264996528625,0,249035,22,2,False,Right,Back,Right,Centre,56
<_io.BytesIO object at 0x000001B1898481D0>,0,0.0,0.0,0.0,0.0,8.407790785948902e-45,2.1860256043467146e-43,1.3270296457156018e-42,0.8698059320449829,-9264,249035,22,2,False,Right,Back,Right,Centre,56
<_io.BytesIO object at 0x000001B1898484A0>,3636083999,4.3554370125775177e+33,1.6746217297913726e-39,0.00017951734480448067,1.3774763904312952e-42,0.9180911183357239,0.004943450912833214,-0.010346789844334126,0.009477733634412289,18,249035,22,2,False,Right,Back,Right,Centre,56
<_io.BytesIO object at 0x000001B18986DA90>,1063169129,0.03903961181640625,-0.05298977345228195,0.9180982112884521,0.005031048320233822,-0.01029238197952509,0.830736517906189,0.029237691313028336,-0.056056197732686996,-2124,249036,22,2,False,Right,Back,Right,Centre,56
<_io.BytesIO object at 0x000001B18986D1D0>,935214948,4.171048495503646e-27,0.4272274971008301,-1.2884271493910968e-31,-5.23179412839245e+27,8.689623324736937e-19,4.065128678121255e-07,-8.801269054731084e-24,2.0616883916071736e-40,0,249036,22,2,False,Right,Back,Right,Centre,56
<_io.BytesIO object at 0x000001B18986DE00>,76,1.401298464324817e-45,0.5443055033683777,0.14874860644340515,0.1911219209432602,0.023791717365384102,0.14121846854686737,0.5761488676071167,0.8047011494636536,0,249036,22,2,False,Right,Back,Right,Centre,56
<_io.BytesIO object at 0x000001B1FFE97B80>,0,2.802596928649634e-45,0.6134823560714722,0.14516398310661316,0.10014393925666809,-0.350240021944046,0.7792764902114868,-0.12000793218612671,-0.5056264996528625,0,249036,22,2,False,Right,Back,Right,Centre,56
<_io.BytesIO object at 0x000001B18986D130>,0,0.0,0.0,0.0,0.0,8.407790785948902e-45,2.1860256043467146e-43,1.3270296457156018e-42,0.8698182702064514,-6144,249036,22,2,False,Right,Back,Right,Centre,56
<_io.BytesIO object at 0x000001B18986D860>,198065439,3.5005757853329434e+34,1.6746217297913726e-39,0.00017496952204965055,1.3774763904312952e-42,0.9180982112884521,0.005031048320233822,-0.01029238197952509,0.009478089399635792,18,249036,22,2,False,Right,Back,Right,Centre,56
<_io.BytesIO object at 0x000001B189837540>,1063169221,0.03904099017381668,-0.053022850304841995,0.918105959892273,0.004949512891471386,-0.010382447391748428,0.8307375311851501,0.029277171939611435,-0.05609525740146637,-1938,249037,22,2,False,Right,Back,Right,Centre,56
<_io.BytesIO object at 0x000001B1898374A0>,1587756900,1.076535862568363e-16,1.8651599884033203,-5.774644398358003e-30,-2.3037849627457798e-32,2.2949905729326124e-36,1.2392583297439821e-14,-6.953235435673229e+37,2.0616743786225304e-40,0,249037,22,2,False,Right,Back,Right,Centre,56
<_io.BytesIO object at 0x000001B1898376D0>,76,1.401298464324817e-45,0.5443055033683777,0.14874860644340515,0.1911219209432602,0.023791717365384102,0.14121846854686737,0.5761488676071167,0.8047011494636536,0,249037,22,2,False,Right,Back,Right,Centre,56
<_io.BytesIO object at 0x000001B189837A90>,0,2.802596928649634e-45,0.6134823560714722,0.14516398310661316,0.10014393925666809,-0.350240021944046,0.7792764902114868,-0.12000793218612671,-0.5056264996528625,0,249037,22,2,False,Right,Back,Right,Centre,56
<_io.BytesIO object at 0x000001B189837950>,0,0.0,0.0,0.0,0.0,8.407790785948902e-45,2.1860256043467146e-43,1.3270296457156018e-42,0.8698237538337708,-5774,249037,22,2,False,Right,Back,Right,Centre,56
<_io.BytesIO object at 0x000001B1898371D0>,779959583,2.7874798861200176e+35,1.6746217297913726e-39,0.00017285076319240034,1.3774763904312952e-42,0.918105959892273,0.004949512891471386,-0.010382447391748428,0.009478445164859295,18,249037,22,2,False,Right,Back,Right,Centre,56
<_io.BytesIO object at 0x000001B189832590>,1063169379,0.03904880955815315,-0.053040556609630585,0.9180948734283447,0.004996475763618946,-0.010400050319731236,0.8307580351829529,0.029309185221791267,-0.056119248270988464,-1777,249038,22,2,False,Right,Back,Right,Centre,56
<_io.BytesIO object at 0x000001B1898324F0>,884948836,3.2794621185328054e-11,1.6620349884033203,-3.189035102442399e-19,1.4000750169316737e+24,2.685690756890776e-25,74.12246704101562,1951673.0,2.0616743786225304e-40,0,249038,22,2,False,Right,Back,Right,Centre,56
<_io.BytesIO object at 0x000001B189832860>,76,1.401298464324817e-45,0.5443055033683777,0.14874860644340515,0.1911219209432602,0.023791717365384102,0.14121846854686737,0.5761488676071167,0.8047011494636536,0,249038,22,2,False,Right,Back,Right,Centre,56
<_io.BytesIO object at 0x000001B189851270>,0,2.802596928649634e-45,0.6134823560714722,0.14516398310661316,0.10014393925666809,-0.350240021944046,0.7792764902114868,-0.12000793218612671,-0.5056264996528625,0,249038,22,2,False,Right,Back,Right,Centre,56
<_io.BytesIO object at 0x000001B189851CC0>,0,0.0,0.0,0.0,0.0,8.407790785948902e-45,2.1860256043467146e-43,1.3270296457156018e-42,0.8698331713676453,-3675,249038,22,2,False,Right,Back,Right,Centre,56
<_io.BytesIO object at 0x000001B189851C70>,1091452191,2.2195993151789444e+36,1.6746217297913726e-39,0.0001693071681074798,1.3774763904312952e-42,0.9180948734283447,0.004996475763618946,-0.010400050319731236,0.009478799998760223,18,249038,22,2,False,Right,Back,Right,Centre,56
<_io.BytesIO object at 0x000001B186B139A0>,1063169384,0.03903766721487045,-0.05307134985923767,0.9180983304977417,0.004992169793695211,-0.010412130504846573,0.8307694792747498,0.02932475320994854,-0.05613932013511658,-1815,249039,22,2,False,Right,Back,Right,Centre,56
<_io.BytesIO object at 0x000001B186B134A0>,1323515748,4.545605492012328e-08,1.9354724884033203,-7.718477871929707e-20,898582272.0,2.771295682900111e+26,6.756006139260634e-31,-1.4338630500162338e-33,2.061660365637887e-40,0,249039,22,2,False,Right,Back,Right,Centre,56
<_io.BytesIO object at 0x000001B186B13310>,76,1.401298464324817e-45,0.5443055033683777,0.14874860644340515,0.1911219209432602,0.023791717365384102,0.14121846854686737,0.5761488676071167,0.8047011494636536,0,249039,22,2,False,Right,Back,Right,Centre,56
<_io.BytesIO object at 0x000001B186B13400>,0,2.802596928649634e-45,0.6134823560714722,0.14516398310661316,0.10014393925666809,-0.350240021944046,0.7792764902114868,-0.12000793218612671,-0.5056264996528625,0,249039,22,2,False,Right,Back,Right,Centre,56
<_io.BytesIO object at 0x000001B186A8CAE0>,0,0.0,0.0,0.0,0.0,8.407790785948902e-45,2.1860256043467146e-43,1.3270296457156018e-42,0.8698334693908691,-6666,249039,22,2,False,Right,Back,Right,Centre,56
<_io.BytesIO object at 0x000001B186B13360>,1633172767,1.759064102195844e+37,1.6746217297913726e-39,0.00017317676974926144,1.3774763904312952e-42,0.9180983304977417,0.004992169793695211,-0.010412130504846573,0.009479153901338577,18,249039,22,2,False,Right,Back,Right,Centre,56
<_io.BytesIO object at 0x000001B186ABF9F0>,1063169347,0.03903060406446457,-0.0530799999833107,0.9180923104286194,0.004934457130730152,-0.010399787686765194,0.8307821750640869,0.029322240501642227,-0.05615775287151337,-1746,249040,22,2,False,Right,Back,Right,Centre,56
<_io.BytesIO object at 0x000001B189864310>,2947366756,3.237012833778863e-06,3.3240699768066406,-5.058381658147853e-15,3.5545817685023647e-29,-2.523198402291133e+31,-3.756650678076926e-17,-2.256048787785403e-07,2.061646352653244e-40,0,249040,22,2,False,Right,Back,Right,Centre,56
<_io.BytesIO object at 0x000001B186ABF900>,76,1.401298464324817e-45,0.5443055033683777,0.14874860644340515,0.1911219209432602,0.023791717365384102,0.14121846854686737,0.5761488676071167,0.8047011494636536,0,249040,22,2,False,Right,Back,Right,Centre,56
<_io.BytesIO object at 0x000001B186ABFC20>,0,2.802596928649634e-45,0.6134823560714722,0.14516398310661316,0.10014393925666809,-0.350240021944046,0.7792764902114868,-0.12000793218612671,-0.5056264996528625,0,249040,22,2,False,Right,Back,Right,Centre,56
<_io.BytesIO object at 0x000001B186ABF310>,0,0.0,0.0,0.0,0.0,8.407790785948902e-45,2.1860256043467146e-43,1.3270296457156018e-42,0.8698312640190125,-8562,249040,22,2,False,Right,Back,Right,Centre,56
<_io.BytesIO object at 0x000001B186ABF950>,1785347359,1.3873128618199015e+38,1.6746217297913726e-39,0.00017274703714065254,1.3774763904312952e-42,0.9180923104286194,0.004934457130730152,-0.010399787686765194,0.009479506872594357,18,249040,22,2,False,Right,Back,Right,Centre,56
<_io.BytesIO object at 0x000001B1898B7130>,1063169335,0.03903581574559212,-0.05307426676154137,0.918089747428894,0.004978038836270571,-0.010415934957563877,0.8307729363441467,0.029307588934898376,-0.056169480085372925,-1829,249041,22,2,False,Right,Back,Right,Centre,56
<_io.BytesIO object at 0x000001B1898B7D10>,1824079716,1.958481021802072e-08,0.7333612442016602,-1.7651815069019284e-18,-1.006389339119857e+30,5.1140641460729165e-26,-7.37847665372374e-33,-4164800256.0,2.0616323396686006e-40,0,249041,22,2,False,Right,Back,Right,Centre,56
<_io.BytesIO object at 0x000001B1898B7360>,76,1.401298464324817e-45,0.5443055033683777,0.14874860644340515,0.1911219209432602,0.023791717365384102,0.14121846854686737,0.5761488676071167,0.8047011494636536,0,249041,22,2,False,Right,Back,Right,Centre,56
<_io.BytesIO object at 0x000001B1898B7090>,0,2.802596928649634e-45,0.6134823560714722,0.14516398310661316,0.10014393925666809,-0.350240021944046,0.7792764902114868,-0.12000793218612671,-0.5056264996528625,0,249041,22,2,False,Right,Back,Right,Centre,56
<_io.BytesIO object at 0x000001B1898B76D0>,0,0.0,0.0,0.0,0.0,8.407790785948902e-45,2.1860256043467146e-43,1.3270296457156018e-42,0.8698305487632751,-7163,249041,22,2,False,Right,Back,Right,Centre,56
<_io.BytesIO object at 0x000001B1898B7DB0>,1684487455,-7.047422848468549e-39,1.6746217297913726e-39,0.00017022824613377452,1.3774763904312952e-42,0.918089747428894,0.004978038836270571,-0.010415934957563877,0.009479858912527561,18,249041,22,2,False,Right,Back,Right,Centre,56
<_io.BytesIO object at 0x000001B189854590>,1063169127,0.039016127586364746,-0.053075775504112244,0.918086051940918,0.004933676682412624,-0.010389839299023151,0.830775797367096,0.029280399903655052,-0.05617537721991539,-1843,249042,22,2,False,Right,Back,Right,Centre,56
<_io.BytesIO object at 0x000001B1898544F0>,2918727524,1.124281917563863e-10,0.6669549942016602,-7.729783813351619e-15,8.486125875744639e-22,1.809057932407487e-37,-6.044096494406404e-07,-1.71603126208464e-18,2.0616183266839574e-40,0,249042,22,2,False,Right,Back,Right,Centre,56
<_io.BytesIO object at 0x000001B189854860>,76,1.401298464324817e-45,0.5443055033683777,0.14874860644340515,0.1911219209432602,0.023791717365384102,0.14121846854686737,0.5761488676071167,0.8047011494636536,0,249042,22,2,False,Right,Back,Right,Centre,56
<_io.BytesIO object at 0x000001B189852270>,0,2.802596928649634e-45,0.6134823560714722,0.14516398310661316,0.10014393925666809,-0.350240021944046,0.7792764902114868,-0.12000793218612671,-0.5056264996528625,0,249042,22,2,False,Right,Back,Right,Centre,56
<_io.BytesIO object at 0x000001B189852CC0>,0,0.0,0.0,0.0,0.0,8.407790785948902e-45,2.1860256043467146e-43,1.3270296457156018e-42,0.8698181509971619,-12448,249042,22,2,False,Right,Back,Right,Centre,56
<_io.BytesIO object at 0x000001B189852C70>,1711029535,-1.6731666214660178e-37,1.6746217297913726e-39,0.00018016973626799881,1.3774763904312952e-42,0.918086051940918,0.004933676682412624,-0.010389839299023151,0.009480210021138191,18,249042,22,2,False,Right,Back,Right,Centre,56
<_io.BytesIO object at 0x000001B189848F90>,1063169328,0.0390048511326313,-0.05308333784341812,0.9180911183357239,0.004936509765684605,-0.010382878594100475,0.830771803855896,0.02926248498260975,-0.056171830743551254,-1774,249043,22,2,False,Right,Back,Right,Centre,56
<_io.BytesIO object at 0x000001B1898488B0>,1982152548,3.054235164881343e-20,0.08971703052520752,-4.24083240999698e-25,1.4934971382759424e+16,4.468341387002528e-14,3.750513189742182e+16,660.9664916992188,2.061604313699314e-40,0,249043,22,2,False,Right,Back,Right,Centre,56
<_io.BytesIO object at 0x000001B1898486D0>,76,1.401298464324817e-45,0.5443055033683777,0.14874860644340515,0.1911219209432602,0.023791717365384102,0.14121846854686737,0.5761488676071167,0.8047011494636536,0,249043,22,2,False,Right,Back,Right,Centre,56
<_io.BytesIO object at 0x000001B189848A40>,0,2.802596928649634e-45,0.6134823560714722,0.14516398310661316,0.10014393925666809,-0.350240021944046,0.7792764902114868,-0.12000793218612671,-0.5056264996528625,0,249043,22,2,False,Right,Back,Right,Centre,56
<_io.BytesIO object at 0x000001B1898489A0>,0,0.0,0.0,0.0,0.0,8.407790785948902e-45,2.1860256043467146e-43,1.3270296457156018e-42,0.8698301315307617,-15475,249043,22,2,False,Right,Back,Right,Centre,56
<_io.BytesIO object at 0x000001B1898489F0>,1844067615,-1.2973909948940341e-36,1.6746217297913726e-39,0.00017084318096749485,1.3774763904312952e-42,0.9180911183357239,0.004936509765684605,-0.010382878594100475,0.009480560198426247,18,249043,22,2,False,Right,Back,Right,Centre,56
<_io.BytesIO object at 0x000001B18986DA90>,1063169341,0.03898191824555397,-0.053084466606378555,0.9180923700332642,0.004947902634739876,-0.01036761049181223,0.830787718296051,0.029259810224175453,-0.05617605149745941,-1444,249044,22,2,False,Right,Back,Right,Centre,56
<_io.BytesIO object at 0x000001B18986D680>,1782398820,6.381321870211738e-28,0.2651181221008301,-1.4391693170523467e-08,2.010379342508338e+33,-5.570786067914106e-29,-1.50057835823104e+16,-2.435910083933265e-22,2.0615762877300276e-40,0,249044,22,2,False,Right,Back,Right,Centre,56
<_io.BytesIO object at 0x000001B18986DE00>,76,1.401298464324817e-45,0.5443055033683777,0.14874860644340515,0.1911219209432602,0.023791717365384102,0.14121846854686737,0.5761488676071167,0.8047011494636536,0,249044,22,2,False,Right,Back,Right,Centre,56
<_io.BytesIO object at 0x000001B186A8CAE0>,0,2.802596928649634e-45,0.6134823560714722,0.14516398310661316,0.10014393925666809,-0.350240021944046,0.7792764902114868,-0.12000793218612671,-0.5056264996528625,0,249044,22,2,False,Right,Back,Right,Centre,56
<_io.BytesIO object at 0x000001B18986D130>,0,0.0,0.0,0.0,0.0,8.407790785948902e-45,2.1860256043467146e-43,1.3270296457156018e-42,0.8698309063911438,-21631,249044,22,2,False,Right,Back,Right,Centre,56
<_io.BytesIO object at 0x000001B18986DAE0>,1863925023,-2.2639046879620206e-35,1.6746217297913726e-39,0.00017815477622207254,1.3774763904312952e-42,0.9180923700332642,0.004947902634739876,-0.01036761049181223,0.009480908513069153,18,249044,22,2,False,Right,Back,Right,Centre,56
<_io.BytesIO object at 0x000001B189837D60>,1063169582,0.03899531811475754,-0.053072795271873474,0.9181022644042969,0.005033790599554777,-0.01029607467353344,0.8308202624320984,0.029256261885166168,-0.05616774782538414,-1156,249045,22,2,False,Right,Back,Right,Centre,56
<_io.BytesIO object at 0x000001B189837AE0>,3649453924,-8.568593862619849e+33,0.3491024672985077,-38337880.0,-0.0005693004932254553,3.0593394484412784e-09,2.6769839441903575e+29,-1.8271942963110632e-06,2.061548261760741e-40,0,249045,22,2,False,Right,Back,Right,Centre,56
<_io.BytesIO object at 0x000001B189837810>,76,1.401298464324817e-45,0.5443055033683777,0.14874860644340515,0.1911219209432602,0.023791717365384102,0.14121846854686737,0.5761488676071167,0.8047011494636536,0,249045,22,2,False,Right,Back,Right,Centre,56
<_io.BytesIO object at 0x000001B1898375E0>,0,2.802596928649634e-45,0.6134823560714722,0.14516398310661316,0.10014393925666809,-0.350240021944046,0.7792764902114868,-0.12000793218612671,-0.5056264996528625,0,249045,22,2,False,Right,Back,Right,Centre,56
<_io.BytesIO object at 0x000001B189837EF0>,0,0.0,0.0,0.0,0.0,8.407790785948902e-45,2.1860256043467146e-43,1.3270296457156018e-42,0.8698452711105347,-18034,249045,22,2,False,Right,Back,Right,Centre,56
<_io.BytesIO object at 0x000001B189837F40>,1658600735,-1.73589211191699e-34,1.6746217297913726e-39,0.00016979087376967072,1.3774763904312952e-42,0.9181022644042969,0.005033790599554777,-0.01029607467353344,0.009481255896389484,18,249045,22,2,False,Right,Back,Right,Centre,56
<_io.BytesIO object at 0x000001B189833590>,1063169737,0.03899144381284714,-0.05306622385978699,0.9181054830551147,0.0049461727030575275,-0.010357175953686237,0.8308275938034058,0.029269656166434288,-0.05615269020199776,-904,249046,22,2,False,Right,Back,Right,Centre,56
<_io.BytesIO object at 0x000001B1898334F0>,453132132,-1.7813349585644936e+28,1.6854723691940308,-9.358896946741248e+16,5.164709698023405e-39,2.1202355065473877e-25,3.701787574389437e-12,-1.7429789746470487e-37,2.0615202357914546e-40,0,249046,22,2,False,Right,Back,Right,Centre,56
<_io.BytesIO object at 0x000001B189833860>,76,1.401298464324817e-45,0.5443055033683777,0.14874860644340515,0.1911219209432602,0.023791717365384102,0.14121846854686737,0.5761488676071167,0.8047011494636536,0,249046,22,2,False,Right,Back,Right,Centre,56
<_io.BytesIO object at 0x000001B18984F270>,0,2.802596928649634e-45,0.6134823560714722,0.14516398310661316,0.10014393925666809,-0.350240021944046,0.7792764902114868,-0.12000793218612671,-0.5056264996528625,0,249046,22,2,False,Right,Back,Right,Centre,56
<_io.BytesIO object at 0x000001B18984FCC0>,0,0.0,0.0,0.0,0.0,8.407790785948902e-45,2.1860256043467146e-43,1.3270296457156018e-42,0.8698545098304749,-19074,249046,22,2,False,Right,Back,Right,Centre,56
<_io.BytesIO object at 0x000001B18984FC70>,1542995231,-1.328528378771491e-33,1.6746217297913726e-39,0.00016678629617672414,1.3774763904312952e-42,0.9181054830551147,0.0049461727030575275,-0.010357175953686237,0.009481603279709816,18,249046,22,2,False,Right,Back,Right,Centre,56
<_io.BytesIO object at 0x000001B186B136D0>,1063170005,0.0389757975935936,-0.053094230592250824,0.9181078672409058,0.004946379456669092,-0.010335398837924004,0.830858051776886,0.029278229922056198,-0.05616142973303795,-811,249047,22,2,False,Right,Back,Right,Centre,56
<_io.BytesIO object at 0x000001B186B13D60>,2555002724,-5.6875635896057425e+26,7.929389476776123,-7.33135146674526e+23,-7.313455185043925e+26,12.827262878417969,-29654398.0,9.002564524631265e-29,2.061492209822168e-40,0,249047,22,2,False,Right,Back,Right,Centre,56
<_io.BytesIO object at 0x000001B186B13310>,76,1.401298464324817e-45,0.5443055033683777,0.14874860644340515,0.1911219209432602,0.023791717365384102,0.14121846854686737,0.5761488676071167,0.8047011494636536,0,249047,22,2,False,Right,Back,Right,Centre,56
<_io.BytesIO object at 0x000001B186B13450>,0,2.802596928649634e-45,0.6134823560714722,0.14516398310661316,0.10014393925666809,-0.350240021944046,0.7792764902114868,-0.12000793218612671,-0.5056264996528625,0,249047,22,2,False,Right,Back,Right,Centre,56
<_io.BytesIO object at 0x000001B1FFE97B80>,0,0.0,0.0,0.0,0.0,8.407790785948902e-45,2.1860256043467146e-43,1.3270296457156018e-42,0.8698704838752747,-23274,249047,22,2,False,Right,Back,Right,Centre,56
<_io.BytesIO object at 0x000001B186B13360>,2035694879,-1.0098596295465438e-32,1.6746217297913726e-39,0.00016120666987262666,1.3774763904312952e-42,0.9181078672409058,0.004946379456669092,-0.010335398837924004,0.009481859393417835,18,249047,22,2,False,Right,Back,Right,Centre,56
<_io.BytesIO object at 0x000001B186ABFE50>,1063170109,0.038988567888736725,-0.05309845879673958,0.9181206822395325,0.00494384253397584,-0.010332714766263962,0.8308668732643127,0.02928793802857399,-0.05617891252040863,-592,249048,22,2,False,Right,Back,Right,Centre,56
<_io.BytesIO object at 0x000001B189864270>,1873624932,-5.353647900827836e+29,24.467557907104492,-1.0113841672593223e+30,-145.23870849609375,-0.00028273812495172024,-4.179630650469335e-06,15416834.0,2.0614501708682384e-40,0,249048,22,2,False,Right,Back,Right,Centre,56
<_io.BytesIO object at 0x000001B186ABF1D0>,76,1.401298464324817e-45,0.5443055033683777,0.14874860644340515,0.1911219209432602,0.023791717365384102,0.14121846854686737,0.5761488676071167,0.8047011494636536,0,249048,22,2,False,Right,Back,Right,Centre,56
<_io.BytesIO object at 0x000001B186ABF900>,0,2.802596928649634e-45,0.6134823560714722,0.14516398310661316,0.10014393925666809,-0.350240021944046,0.7792764902114868,-0.12000793218612671,-0.5056264996528625,0,249048,22,2,False,Right,Back,Right,Centre,56
<_io.BytesIO object at 0x000001B186ABFB80>,0,0.0,0.0,0.0,0.0,8.407790785948902e-45,2.1860256043467146e-43,1.3270296457156018e-42,0.8698766827583313,-19846,249048,22,2,False,Right,Back,Right,Centre,56
<_io.BytesIO object at 0x000001B186ABF310>,2110078239,-7.616653849719414e-32,1.6746217297913726e-39,0.00016367009084206074,1.3774763904312952e-42,0.9181206822395325,0.00494384253397584,-0.010332714766263962,0.009482115507125854,18,249048,22,2,False,Right,Back,Right,Centre,56
<_io.BytesIO object at 0x000001B18988AD60>,1063170015,0.03898034244775772,-0.053105708211660385,0.9181304574012756,0.004954728297889233,-0.010341307148337364,0.8308664560317993,0.02929723635315895,-0.05620334669947624,-674,249049,22,2,False,Right,Back,Right,Centre,56
<_io.BytesIO object at 0x000001B18988AE50>,2550873956,-5.136157206208265e+33,103.87023162841797,-1.8598759156741903e+34,-0.0008973644580692053,-1.4116003845465295e-31,-294115456.0,7463.7529296875,2.0614081319143086e-40,0,249049,22,2,False,Right,Back,Right,Centre,56
<_io.BytesIO object at 0x000001B18988AB30>,76,1.401298464324817e-45,0.5443055033683777,0.14874860644340515,0.1911219209432602,0.023791717365384102,0.14121846854686737,0.5761488676071167,0.8047011494636536,0,249049,22,2,False,Right,Back,Right,Centre,56
<_io.BytesIO object at 0x000001B18988A950>,0,2.802596928649634e-45,0.6134823560714722,0.14516398310661316,0.10014393925666809,-0.350240021944046,0.7792764902114868,-0.12000793218612671,-0.5056264996528625,0,249049,22,2,False,Right,Back,Right,Centre,56
<_io.BytesIO object at 0x000001B18988A4F0>,0,0.0,0.0,0.0,0.0,8.407790785948902e-45,2.1860256043467146e-43,1.3270296457156018e-42,0.8698710799217224,-22054,249049,22,2,False,Right,Back,Right,Centre,56
<_io.BytesIO object at 0x000001B18988A450>,2237611295,-5.692729651342986e-31,1.6746217297913726e-39,0.00016797783609945327,1.3774763904312952e-42,0.9181304574012756,0.004954728297889233,-0.010341307148337364,0.009482371620833874,18,249049,22,2,False,Right,Back,Right,Centre,56
<_io.BytesIO object at 0x000001B18985A590>,1063169780,0.03899241238832474,-0.053145065903663635,0.9181217551231384,0.005046838894486427,-0.010282021015882492,0.830860435962677,0.02931935526430607,-0.05622165650129318,-1307,249050,22,2,False,Right,Back,Right,Centre,56
<_io.BytesIO object at 0x000001B18985A4F0>,3953999716,2.844359407513406e-35,117.3702392578125,-3.6223962652508526e+34,-4.825152188914217e-08,2.591733875779722e-18,1.1257833925953684e+26,4.243938538604172e+33,2.061366092960379e-40,0,249050,22,2,False,Right,Back,Right,Centre,56
<_io.BytesIO object at 0x000001B18985A860>,76,1.401298464324817e-45,0.5443055033683777,0.14874860644340515,0.1911219209432602,0.023791717365384102,0.14121846854686737,0.5761488676071167,0.8047011494636536,0,249050,22,2,False,Right,Back,Right,Centre,56
<_io.BytesIO object at 0x000001B1898529F0>,0,2.802596928649634e-45,0.6134823560714722,0.14516398310661316,0.10014393925666809,-0.350240021944046,0.7792764902114868,-0.12000793218612671,-0.5056264996528625,0,249050,22,2,False,Right,Back,Right,Centre,56
<_io.BytesIO object at 0x000001B189852A90>,0,0.0,0.0,0.0,0.0,8.407790785948902e-45,2.1860256043467146e-43,1.3270296457156018e-42,0.8698570728302002,-18814,249050,22,2,False,Right,Back,Right,Centre,56
<_io.BytesIO object at 0x000001B1898529A0>,2929999135,-9.74931692764085e-30,1.6746217297913726e-39,0.00017040043894667178,1.3774763904312952e-42,0.9181217551231384,0.005046838894486427,-0.010282021015882492,0.009482713416218758,18,249050,22,2,False,Right,Back,Right,Centre,56
<_io.BytesIO object at 0x000001B189848C70>,1063169402,0.039005380123853683,-0.053161341696977615,0.918111264705658,0.0050214435905218124,-0.010364863090217113,0.8308454751968384,0.029335251078009605,-0.05623278394341469,-1883,249051,22,2,False,Right,Back,Right,Centre,56
<_io.BytesIO object at 0x000001B189848B80>,1048461156,2.358882221537728e-21,234.740478515625,1.1931581738243079e-33,-5.202592953304811e-22,3.7350433009515837e-34,1.792258023482933e-18,1457.93896484375,2.061324054006449e-40,0,249051,22,2,False,Right,Back,Right,Centre,56
<_io.BytesIO object at 0x000001B1898488B0>,76,1.401298464324817e-45,0.5443055033683777,0.14874860644340515,0.1911219209432602,0.023791717365384102,0.14121846854686737,0.5761488676071167,0.8047011494636536,0,249051,22,2,False,Right,Back,Right,Centre,56
<_io.BytesIO object at 0x000001B189848900>,0,2.802596928649634e-45,0.6134823560714722,0.14516398310661316,0.10014393925666809,-0.350240021944046,0.7792764902114868,-0.12000793218612671,-0.5056264996528625,0,249051,22,2,False,Right,Back,Right,Centre,56
<_io.BytesIO object at 0x000001B1898482C0>,0,0.0,0.0,0.0,0.0,8.407790785948902e-45,2.1860256043467146e-43,1.3270296457156018e-42,0.8698345422744751,-15333,249051,22,2,False,Right,Back,Right,Centre,56
<_io.BytesIO object at 0x000001B189848540>,3216325919,-7.16836481793587e-29,1.6746217297913726e-39,0.00016636776854284108,1.3774763904312952e-42,0.918111264705658,0.0050214435905218124,-0.010364863090217113,0.009482831694185734,18,249051,22,2,False,Right,Back,Right,Centre,56
<_io.BytesIO object at 0x000001B18986DA90>,1063168943,0.03900434449315071,-0.0531950518488884,0.9180566668510437,0.0051878709346055984,-0.010320759378373623,0.8308032751083374,0.029368354007601738,-0.056257326155900955,-2755,249052,22,2,False,Right,Back,Right,Centre,56
<_io.BytesIO object at 0x000001B18986D1D0>,223690596,6.627237956547197e-14,52.68511962890625,-6.8229184107457505e+34,-2.7450040243642447e-16,1.5011648914464157e-29,-4.419946667780922e-15,-0.0019015686120837927,2.061268002067876e-40,0,249052,22,2,False,Right,Back,Right,Centre,56
<_io.BytesIO object at 0x000001B18986DE00>,76,1.401298464324817e-45,0.5443055033683777,0.14874860644340515,0.1911219209432602,0.023791717365384102,0.14121846854686737,0.5761488676071167,0.8047011494636536,0,249052,22,2,False,Right,Back,Right,Centre,56
<_io.BytesIO object at 0x000001B1FFE97B80>,0,2.802596928649634e-45,0.6134823560714722,0.14516398310661316,0.10014393925666809,-0.350240021944046,0.7792764902114868,-0.12000793218612671,-0.5056264996528625,0,249052,22,2,False,Right,Back,Right,Centre,56
<_io.BytesIO object at 0x000001B18986D130>,0,0.0,0.0,0.0,0.0,8.407790785948902e-45,2.1860256043467146e-43,1.3270296457156018e-42,0.8698071837425232,-15611,249052,22,2,False,Right,Back,Right,Centre,56
<_io.BytesIO object at 0x000001B18986D860>,3809361183,-5.2298208750072485e-28,1.6746217297913726e-39,0.00016943896480370313,1.3774763904312952e-42,0.9180566668510437,0.0051878709346055984,-0.010320759378373623,0.009482848457992077,18,249052,22,2,False,Right,Back,Right,Centre,56
<_io.BytesIO object at 0x000001B189837E00>,1063168199,0.03900407999753952,-0.05324316769838333,0.9180372357368469,0.005205818917602301,-0.010343262925744057,0.8307473063468933,0.029367903247475624,-0.056276462972164154,-4210,249053,22,2,False,Right,Back,Right,Centre,56
<_io.BytesIO object at 0x000001B189837540>,1856257892,3907.7138671875,19.467559814453125,2.0199304623671517e-34,-4075730239488.0,2.053630925437306e-40,6.979497708007332e-39,9.183549615799121e-41,340848604610560.0,16139,249053,22,2,False,Right,Back,Right,Centre,56
<_io.BytesIO object at 0x000001B1898374A0>,1041781134,0.1911219209432602,0.023791717365384102,0.14121846854686737,0.5761488676071167,0.8047011494636536,0.0,1.8367099231598242e-40,5.361788965174065e-31,16157,249053,22,2,False,Right,Back,Right,Centre,56
<_io.BytesIO object at 0x000001B189837680>,1041540574,0.10014393925666809,-0.350240021944046,0.7792764902114868,-0.12000793218612671,-0.5056264996528625,0.0,0.0,0.0,0,249053,22,2,False,Right,Back,Right,Centre,56
<_io.BytesIO object at 0x000001B189837D10>,0,0.0,7.006492321624085e-45,1.821688003622262e-43,1.3270296457156018e-42,0.8697628378868103,0.03900407999753952,-0.05324316769838333,0.010411162860691547,18,249053,22,2,False,Right,Back,Right,Centre,56
<_io.BytesIO object at 0x000001B18983C400>,1063167153,0.03900773823261261,-0.05328214541077614,0.9180029034614563,0.005215199664235115,-0.010389969684183598,0.8306533098220825,0.029399560764431953,-0.05631095916032791,-5450,249054,22,2,False,Right,Back,Right,Centre,56
<_io.BytesIO object at 0x000001B18983C360>,365248356,3.7432148377154355e+17,6.054389953613281,5.509339080445437e-27,-9.288166394518569e+17,2.053630925437306e-40,6.979497708007332e-39,9.183549615799121e-41,340848604610560.0,16139,249054,22,2,False,Right,Back,Right,Centre,56
<_io.BytesIO object at 0x000001B18983C6D0>,1041781134,0.1911219209432602,0.023791717365384102,0.14121846854686737,0.5761488676071167,0.8047011494636536,0.0,1.8367099231598242e-40,5.361788965174065e-31,16157,249054,22,2,False,Right,Back,Right,Centre,56
<_io.BytesIO object at 0x000001B18983C540>,1041540574,0.10014393925666809,-0.350240021944046,0.7792764902114868,-0.12000793218612671,-0.5056264996528625,0.0,0.0,0.0,0,249054,22,2,False,Right,Back,Right,Centre,56
<_io.BytesIO object at 0x000001B1898690E0>,0,0.0,7.006492321624085e-45,1.821688003622262e-43,1.3270296457156018e-42,0.8697004914283752,0.03900773823261261,-0.05328214541077614,0.010411504656076431,18,249054,22,2,False,Right,Back,Right,Centre,56
<_io.BytesIO object at 0x000001B186B13590>,1063165960,0.03899729996919632,-0.05332960933446884,0.9179708957672119,0.005239895544946194,-0.010403442196547985,0.8305580615997314,0.029367530718445778,-0.05637306347489357,-7164,249055,22,2,False,Right,Back,Right,Centre,56
<_io.BytesIO object at 0x000001B186B13130>,3398713188,8.328152153781744e+30,1.5682849884033203,1.0614239836732234e-24,-1.6464479091641612e+27,2.053630925437306e-40,6.979497708007332e-39,9.183549615799121e-41,340848604610560.0,16139,249055,22,2,False,Right,Back,Right,Centre,56
<_io.BytesIO object at 0x000001B186B139A0>,1041781134,0.1911219209432602,0.023791717365384102,0.14121846854686737,0.5761488676071167,0.8047011494636536,0.0,1.8367099231598242e-40,5.361788965174065e-31,16157,249055,22,2,False,Right,Back,Right,Centre,56
<_io.BytesIO object at 0x000001B186B13EA0>,1041540574,0.10014393925666809,-0.350240021944046,0.7792764902114868,-0.12000793218612671,-0.5056264996528625,0.0,0.0,0.0,0,249055,22,2,False,Right,Back,Right,Centre,56
<_io.BytesIO object at 0x000001B186B13A40>,0,0.0,7.006492321624085e-45,1.821688003622262e-43,1.3270296457156018e-42,0.8696293830871582,0.03899729996919632,-0.05332960933446884,0.010411846451461315,18,249055,22,2,False,Right,Back,Right,Centre,56
<_io.BytesIO object at 0x000001B189864130>,1063163549,0.03907187655568123,-0.05336001515388489,0.9179301261901855,0.00525527261197567,-0.010447723791003227,0.8304598331451416,0.029341815039515495,-0.05641093850135803,-8926,249056,22,2,False,Right,Back,Right,Centre,56
<_io.BytesIO object at 0x000001B189864E00>,3528933220,-1.0907584737890255e-29,0.2807431221008301,9.420787703922437e-26,7.456967241839432e-24,2.053644938421949e-40,6.979497708007332e-39,9.183549615799121e-41,340848604610560.0,16139,249056,22,2,False,Right,Back,Right,Centre,56
<_io.BytesIO object at 0x000001B189864270>,1041781134,0.1911219209432602,0.023791717365384102,0.14121846854686737,0.5761488676071167,0.8047011494636536,0.0,1.8367099231598242e-40,5.361788965174065e-31,16157,249056,22,2,False,Right,Back,Right,Centre,56
<_io.BytesIO object at 0x000001B1898642C0>,1041540574,0.10014393925666809,-0.350240021944046,0.7792764902114868,-0.12000793218612671,-0.5056264996528625,0.0,0.0,0.0,0,249056,22,2,False,Right,Back,Right,Centre,56
<_io.BytesIO object at 0x000001B189864EA0>,0,0.0,7.006492321624085e-45,1.821688003622262e-43,1.3270296457156018e-42,0.8694856762886047,0.03907187655568123,-0.05336001515388489,0.010412581264972687,18,249056,22,2,False,Right,Back,Right,Centre,56
<_io.BytesIO object at 0x000001B18988A770>,1063161781,0.039065588265657425,-0.05341188237071037,0.9179020524024963,0.005313246976584196,-0.010480179451406002,0.8303500413894653,0.029320629313588142,-0.056454017758369446,-10830,249057,22,2,False,Right,Back,Right,Centre,56
<_io.BytesIO object at 0x000001B18988A8B0>,2236235620,-5.882435149446902e-21,0.00701112300157547,-8.645784557986071e-27,20.02984046936035,2.0536589514065924e-40,6.979497708007332e-39,9.183549615799121e-41,340848604610560.0,16139,249057,22,2,False,Right,Back,Right,Centre,56
<_io.BytesIO object at 0x000001B18988ADB0>,1041781134,0.1911219209432602,0.023791717365384102,0.14121846854686737,0.5761488676071167,0.8047011494636536,0.0,1.8367099231598242e-40,5.361788965174065e-31,16157,249057,22,2,False,Right,Back,Right,Centre,56
<_io.BytesIO object at 0x000001B18988ABD0>,1041540574,0.10014393925666809,-0.350240021944046,0.7792764902114868,-0.12000793218612671,-0.5056264996528625,0.0,0.0,0.0,0,249057,22,2,False,Right,Back,Right,Centre,56
<_io.BytesIO object at 0x000001B1898B79A0>,0,0.0,7.006492321624085e-45,1.821688003622262e-43,1.3270296457156018e-42,0.8693802952766418,0.039065588265657425,-0.05341188237071037,0.01041316706687212,18,249057,22,2,False,Right,Back,Right,Centre,56
<_io.BytesIO object at 0x000001B18984FD60>,1063160241,0.03906713426113129,-0.05343562737107277,0.9178690910339355,0.005352320149540901,-0.010513918474316597,0.8302500247955322,0.02930385060608387,-0.05646519362926483,-12617,249058,22,2,False,Right,Back,Right,Centre,56
<_io.BytesIO object at 0x000001B18984FCC0>,474103652,-3.6989457178650265e-13,0.0001052572624757886,-2.001787240441596e-26,-1.7325726318125819e-35,-1.988360035128132e-21,-46398.8828125,-2.653071001500809e-30,2.05951637898747e-40,0,249058,22,2,False,Right,Back,Right,Centre,56
<_io.BytesIO object at 0x000001B189833090>,76,1.401298464324817e-45,0.5443055033683777,0.14874860644340515,0.1911219209432602,0.023791717365384102,0.14121846854686737,0.5761488676071167,0.8047011494636536,0,249058,22,2,False,Right,Back,Right,Centre,56
<_io.BytesIO object at 0x000001B18984FEA0>,0,2.802596928649634e-45,0.6134823560714722,0.14516398310661316,0.10014393925666809,-0.350240021944046,0.7792764902114868,-0.12000793218612671,-0.5056264996528625,0,249058,22,2,False,Right,Back,Right,Centre,56
<_io.BytesIO object at 0x000001B189833040>,0,0.0,0.0,0.0,0.0,8.407790785948902e-45,2.1860256043467146e-43,1.3270296457156018e-42,0.8692885041236877,1244,249058,22,2,False,Right,Back,Right,Centre,56
<_io.BytesIO object at 0x000001B189833270>,3746643232,-1.2850530312585448e-20,1.6746217297913726e-39,0.00012894396786578,1.3774763904312952e-42,0.9178690910339355,0.005352320149540901,-0.010513918474316597,0.009483205154538155,18,249058,22,2,False,Right,Back,Right,Centre,56
<_io.BytesIO object at 0x000001B1898487C0>,1063158857,0.03906381130218506,-0.053472504019737244,0.9178295731544495,0.005395658779889345,-0.010544789023697376,0.8301798105239868,0.029284201562404633,-0.056470341980457306,-14643,249059,22,2,False,Right,Back,Right,Centre,56
<_io.BytesIO object at 0x000001B189848680>,2818588516,-1.4676576938654762e-05,1.5466270269826055e-05,-1.7696724619563342e-13,-9.833398678660288e-11,1.1474954658325096e-36,-1.8912671359062555e+24,-3.5206639880883076e-33,2.0593762491410377e-40,0,249059,22,2,False,Right,Back,Right,Centre,56
<_io.BytesIO object at 0x000001B186ABF7C0>,76,1.401298464324817e-45,0.5443055033683777,0.14874860644340515,0.1911219209432602,0.023791717365384102,0.14121846854686737,0.5761488676071167,0.8047011494636536,0,249059,22,2,False,Right,Back,Right,Centre,56
<_io.BytesIO object at 0x000001B186ABFDB0>,0,2.802596928649634e-45,0.6134823560714722,0.14516398310661316,0.10014393925666809,-0.350240021944046,0.7792764902114868,-0.12000793218612671,-0.5056264996528625,0,249059,22,2,False,Right,Back,Right,Centre,56
<_io.BytesIO object at 0x000001B186ABF270>,0,0.0,0.0,0.0,0.0,8.407790785948902e-45,2.1860256043467146e-43,1.3270296457156018e-42,0.8692060112953186,352,249059,22,2,False,Right,Back,Right,Centre,56
<_io.BytesIO object at 0x000001B186ABF220>,100416800,-3.891941392235167e-19,1.6746217297913726e-39,0.00013010713155381382,1.3774763904312952e-42,0.9178295731544495,0.005395658779889345,-0.010544789023697376,0.009483221918344498,18,249059,22,2,False,Right,Back,Right,Centre,56
<_io.BytesIO object at 0x000001B189963E00>,1063157497,0.03906690701842308,-0.053495462983846664,0.917784571647644,0.005406765267252922,-0.0105573870241642,0.830108106136322,0.029287423938512802,-0.05647661164402962,-16096,249060,22,2,False,Right,Back,Right,Centre,56
<_io.BytesIO object at 0x000001B1899631D0>,3011395428,-0.0618242509663105,6.993877832428552e-07,-4.585820653540795e-21,-1.636776502607244e+27,2.1486833869410524e-27,2838900244480.0,2.250646397372508e-29,2.059236119294605e-40,0,249060,22,2,False,Right,Back,Right,Centre,56
<_io.BytesIO object at 0x000001B189963BD0>,76,1.401298464324817e-45,0.5443055033683777,0.14874860644340515,0.1911219209432602,0.023791717365384102,0.14121846854686737,0.5761488676071167,0.8047011494636536,0,249060,22,2,False,Right,Back,Right,Centre,56
<_io.BytesIO object at 0x000001B1899633B0>,0,2.802596928649634e-45,0.6134823560714722,0.14516398310661316,0.10014393925666809,-0.350240021944046,0.7792764902114868,-0.12000793218612671,-0.5056264996528625,0,249060,22,2,False,Right,Back,Right,Centre,56
<_io.BytesIO object at 0x000001B189963C20>,0,0.0,0.0,0.0,0.0,8.407790785948902e-45,2.1860256043467146e-43,1.3270296457156018e-42,0.8691249489784241,1183,249060,22,2,False,Right,Back,Right,Centre,56
<_io.BytesIO object at 0x000001B189963040>,504315168,-1.1641060825788405e-17,1.6746217297913726e-39,0.00013663913705386221,1.3774763904312952e-42,0.917784571647644,0.005406765267252922,-0.0105573870241642,0.00948323868215084,18,249060,22,2,False,Right,Back,Right,Centre,56
<_io.BytesIO object at 0x000001B189950E50>,1063156532,0.03908258303999901,-0.05353715270757675,0.917768120765686,0.005430961027741432,-0.010569650679826736,0.8300682306289673,0.02930743806064129,-0.05649067834019661,-17147,249061,22,2,False,Right,Back,Right,Centre,56
<_io.BytesIO object at 0x000001B189950D60>,337854308,-2559707.5,2.2886365513841156e-07,-4.0130513874123545e-24,6.450408045533747e-39,-1.962571259712126e+23,1.580854779689489e+22,-1.673955071779254e-11,2.0590399375095997e-40,0,249061,22,2,False,Right,Back,Right,Centre,56
<_io.BytesIO object at 0x000001B18983D1D0>,76,1.401298464324817e-45,0.5443055033683777,0.14874860644340515,0.1911219209432602,0.023791717365384102,0.14121846854686737,0.5761488676071167,0.8047011494636536,0,249061,22,2,False,Right,Back,Right,Centre,56
<_io.BytesIO object at 0x000001B18983D040>,0,2.802596928649634e-45,0.6134823560714722,0.14516398310661316,0.10014393925666809,-0.350240021944046,0.7792764902114868,-0.12000793218612671,-0.5056264996528625,0,249061,22,2,False,Right,Back,Right,Centre,56
<_io.BytesIO object at 0x000001B18983D180>,0,0.0,0.0,0.0,0.0,8.407790785948902e-45,2.1860256043467146e-43,1.3270296457156018e-42,0.8690674304962158,5391,249061,22,2,False,Right,Back,Right,Centre,56
<_io.BytesIO object at 0x000001B18983D3B0>,1237728544,-1.4462360978917112e-16,1.6746217297913726e-39,0.0001216607925016433,1.3774763904312952e-42,0.917768120765686,0.005430961027741432,-0.010569650679826736,0.009483342990279198,18,249061,22,2,False,Right,Back,Right,Centre,56
<_io.BytesIO object at 0x000001B18985A130>,1063156225,0.03910244628787041,-0.053566813468933105,0.9177481532096863,0.005418989807367325,-0.010555160231888294,0.83003830909729,0.029321378096938133,-0.056511059403419495,-17544,249062,22,2,False,Right,Back,Right,Centre,56
<_io.BytesIO object at 0x000001B18986AF90>,4005642084,-2660504338169856.0,4.301324452171684e-08,-1.2048056021041034e-17,-7.653670791838359e+25,-99635674742784.0,2.605416683882268e-18,-8.641714188857563e-13,2.0587316518474482e-40,0,249062,22,2,False,Right,Back,Right,Centre,56
<_io.BytesIO object at 0x000001B18985A360>,76,1.401298464324817e-45,0.5443055033683777,0.14874860644340515,0.1911219209432602,0.023791717365384102,0.14121846854686737,0.5761488676071167,0.8047011494636536,0,249062,22,2,False,Right,Back,Right,Centre,56
<_io.BytesIO object at 0x000001B18986AF90>,0,2.802596928649634e-45,0.6134823560714722,0.14516398310661316,0.10014393925666809,-0.350240021944046,0.7792764902114868,-0.12000793218612671,-0.5056264996528625,0,249062,22,2,False,Right,Back,Right,Centre,56
<_io.BytesIO object at 0x000001B18986AD10>,0,0.0,0.0,0.0,0.0,8.407790785948902e-45,2.1860256043467146e-43,1.3270296457156018e-42,0.8690491318702698,10723,249062,22,2,False,Right,Back,Right,Centre,56
<_io.BytesIO object at 0x000001B18986ACC0>,1759526176,-1.6982226028181328e-15,1.6746217297913726e-39,0.00012552682892419398,1.3774763904312952e-42,0.9177481532096863,0.005418989807367325,-0.010555160231888294,0.00948335975408554,18,249062,22,2,False,Right,Back,Right,Centre,56
<_io.BytesIO object at 0x000001B186B13040>,1063156110,0.039125267416238785,-0.05359869822859764,0.9177069067955017,0.0054013775661587715,-0.01054738275706768,0.830053448677063,0.02937053143978119,-0.05653717368841171,-17653,249063,22,2,False,Right,Back,Right,Centre,56
<_io.BytesIO object at 0x000001B186B13900>,2698657636,-3.648586664145836e+20,1.929473114614666e-08,-3.055841801824499e-08,-11.452420234680176,-1.660223982220984e-36,-1.920275287580554e+19,-8.883164557400632e+30,-5.172603114178657e+35,16126,249063,22,2,False,Right,Back,Right,Centre,56
<_io.BytesIO object at 0x000001B186B13450>,1041944407,0.1881028413772583,2.802596928649634e-45,1.064986832886861e-43,1.401298464324817e-45,0.5443055033683777,0.14874860644340515,0.1911219209432602,0.023791717365384102,-25709,249063,22,2,False,Right,Back,Right,Centre,56
<_io.BytesIO object at 0x000001B186B13090>,2122202640,2.105295538648344e-38,2.2709442912847985e-41,0.0,2.802596928649634e-45,0.6134823560714722,0.14516398310661316,0.10014393925666809,-0.350240021944046,32426,249063,22,2,False,Right,Back,Right,Centre,56
<_io.BytesIO object at 0x000001B186B13A90>,3333963591,4.697784865274375e+29,6.851929101009058e-41,0.0,0.0,0.0,0.0,0.0,9.80908925027372e-45,182,249063,22,2,False,Right,Back,Right,Centre,56
<_io.BytesIO object at 0x000001B186B13360>,62062592,9.216326923899319e+34,26.155941009521484,-9.978183796954988e-33,-2.1509424219501826e-14,1.6746217297913726e-39,0.00012745408457703888,1.3774763904312952e-42,0.9177069067955017,-502,249063,22,2,False,Right,Back,Right,Centre,56
<_io.BytesIO object at 0x000001B186B133B0>,3471719344,4.949925701847561e+19,1.6746007103144078e-39,0.00016559333016630262,1.4601529998264594e-42,0.830053448677063,0.02937053143978119,-0.05653717368841171,0.010469471104443073,18,249063,22,2,False,Right,Back,Right,Centre,56
<_io.BytesIO object at 0x000001B186ABF950>,1063156441,0.03917364776134491,-0.053609661757946014,0.9177114963531494,0.0053949314169585705,-0.010534333996474743,0.8300924897193909,0.029401516541838646,-0.05657177045941353,-17109,249064,22,2,False,Right,Back,Right,Centre,56
<_io.BytesIO object at 0x000001B186ABFE50>,3793174372,-8.882754127084873e+30,1.4886055055285397e-08,-4.5076241350638924e-11,0.0011691186809912324,-6.862594352253502e+30,7859987968.0,836577.625,2.0581290935077886e-40,0,249064,22,2,False,Right,Back,Right,Centre,56
<_io.BytesIO object at 0x000001B186ABFB80>,76,1.401298464324817e-45,0.5443055033683777,0.14874860644340515,0.1911219209432602,0.023791717365384102,0.14121846854686737,0.5761488676071167,0.8047011494636536,0,249064,22,2,False,Right,Back,Right,Centre,56
<_io.BytesIO object at 0x000001B186ABF590>,0,2.802596928649634e-45,0.6134823560714722,0.14516398310661316,0.10014393925666809,-0.350240021944046,0.7792764902114868,-0.12000793218612671,-0.5056264996528625,0,249064,22,2,False,Right,Back,Right,Centre,56
<_io.BytesIO object at 0x000001B186ABF770>,0,0.0,0.0,0.0,0.0,8.407790785948902e-45,2.1860256043467146e-43,1.3270296457156018e-42,0.8690620064735413,29836,249064,22,2,False,Right,Back,Right,Centre,56
<_io.BytesIO object at 0x000001B186ABFE00>,2513321248,-2.5000387502381594e-13,1.6746217297913726e-39,0.0001330590748693794,1.3774763904312952e-42,0.9177114963531494,0.0053949314169585705,-0.010534333996474743,0.009483395144343376,18,249064,22,2,False,Right,Back,Right,Centre,56
<_io.BytesIO object at 0x000001B1898B7590>,1063157221,0.03919712454080582,-0.05364251136779785,0.917713463306427,0.005369498394429684,-0.010513360612094402,0.8301409482955933,0.029451536014676094,-0.05661572515964508,-15975,249065,22,2,False,Right,Back,Right,Centre,56
<_io.BytesIO object at 0x000001B1898B7130>,3857071972,2.8622966018286148e-34,5.8612901199239786e-08,-5.691948908985591e-17,-1.2096583709453696e-22,3.8554994543834877e-31,-1.0495273539135042e-09,-6.119284766403776e-13,2.7833100377696873e-22,16103,249065,22,2,False,Right,Back,Right,Centre,56
<_io.BytesIO object at 0x000001B1898B79A0>,1040297483,0.10571682453155518,2.802596928649634e-45,1.064986832886861e-43,1.401298464324817e-45,0.5443055033683777,0.14874860644340515,0.1911219209432602,0.023791717365384102,-25709,249065,22,2,False,Right,Back,Right,Centre,56
<_io.BytesIO object at 0x000001B1898B7C20>,2122202640,2.105295538648344e-38,2.2709442912847985e-41,0.0,2.802596928649634e-45,0.6134823560714722,0.14516398310661316,0.10014393925666809,-0.350240021944046,32426,249065,22,2,False,Right,Back,Right,Centre,56
<_io.BytesIO object at 0x000001B1898B7540>,3333963591,4.697784865274375e+29,6.851929101009058e-41,0.0,0.0,0.0,0.0,0.0,9.80908925027372e-45,182,249065,22,2,False,Right,Back,Right,Centre,56
<_io.BytesIO object at 0x000001B1898B71D0>,62062592,3.8049151379343217e+37,-5.246156996476897e-31,-4.583329427987337e-05,-1.4405519962665259e-12,1.6746217297913726e-39,0.00013127712009008974,1.3774763904312952e-42,0.917713463306427,-3426,249065,22,2,False,Right,Back,Right,Centre,56
<_io.BytesIO object at 0x000001B1898B7EA0>,1077623727,3.2912460888060776e+20,1.6746007103144078e-39,0.0001737994753057137,1.4601529998264594e-42,0.8301409482955933,0.029451536014676094,-0.05661572515964508,0.010470442473888397,18,249065,22,2,False,Right,Back,Right,Centre,56
<_io.BytesIO object at 0x000001B18983C8B0>,1063158041,0.03923146426677704,-0.05368034541606903,0.9177144765853882,0.005345609039068222,-0.01049740519374609,0.8302215933799744,0.02956206537783146,-0.0566575713455677,-15357,249066,22,2,False,Right,Back,Right,Centre,56
<_io.BytesIO object at 0x000001B18983DAE0>,2707439460,8.33551216565321e-24,8.483994520247506e-07,-1.6425578594207764,4.5794195936395624e-14,-2.163920392938915e+37,-24542702.0,4.525044502158639e+20,2.7689928907603045e-24,16105,249066,22,2,False,Right,Back,Right,Centre,56
<_io.BytesIO object at 0x000001B18983D360>,1040347784,0.09733706712722778,0.52266925573349,0.15016478300094604,0.1506497710943222,2.802596928649634e-45,1.064986832886861e-43,1.401298464324817e-45,0.5443055033683777,20878,249066,22,2,False,Right,Back,Right,Centre,56
<_io.BytesIO object at 0x000001B18983D400>,3044490776,-5.129510263870418e+23,-2.43583738251224e-22,8.448653946328786e+37,2.105295538648344e-38,2.2709442912847985e-41,0.0,2.802596928649634e-45,0.6134823560714722,-23074,249066,22,2,False,Right,Back,Right,Centre,56
<_io.BytesIO object at 0x000001B18983D130>,407125524,363443159040.0,1.1347946311893818e+38,-23583.638671875,4.697784865274375e+29,6.851929101009058e-41,0.0,0.0,0.0,0,249066,22,2,False,Right,Back,Right,Centre,56
<_io.BytesIO object at 0x000001B18983D450>,0,7.346839692639297e-40,1.9101783200862172e-38,1.0520674439859473e-36,-2.810166182434531e-38,-2.5065314268601924e-09,-3.4045594701804863e+19,-7.772750325318878e-12,1.6746217297913726e-39,5990,249066,22,2,False,Right,Back,Right,Centre,56
<_io.BytesIO object at 0x000001B18983D720>,64436483,-6.6229792101767845e+28,1.6364484095067466e-13,-1.7216255628988236e+37,2.0359213136596152e+21,1.6746007103144078e-39,0.00015837614773772657,1.4601529998264594e-42,0.8302215933799744,11301,249066,22,2,False,Right,Back,Right,Centre,56
<_io.BytesIO object at 0x000001B18983D540>,298138866,-1.8391850440649156e-31,1.674623131089837e-39,0.00035660777939483523,1.462955596755109e-42,0.8936159014701843,0.0037480220198631287,-0.07084871083498001,0.008264430798590183,18,249066,22,2,False,Right,Back,Right,Centre,56
<_io.BytesIO object at 0x000001B1898489A0>,1063159038,0.039271049201488495,-0.05370093882083893,0.9177209734916687,0.005316420923918486,-0.010487517341971397,0.8302509784698486,0.029652083292603493,-0.05668041855096817,-14434,249067,22,2,False,Right,Back,Right,Centre,56
<_io.BytesIO object at 0x000001B189848900>,3255254884,3.823831207228068e-08,1.2203484402562026e-05,-2340712611840.0,-4.074727215819419e+37,-8.253203986896551e-08,-9.786891314433888e-05,-1.4223200609023105e+25,-623801139200.0,16106,249067,22,2,False,Right,Back,Right,Centre,56
<_io.BytesIO object at 0x000001B189848310>,1040398817,0.08906716853380203,0.5295197367668152,0.14940248429775238,0.1379546821117401,2.802596928649634e-45,1.064986832886861e-43,1.401298464324817e-45,0.5443055033683777,20878,249067,22,2,False,Right,Back,Right,Centre,56
<_io.BytesIO object at 0x000001B189848EA0>,3044490776,-5.129510263870418e+23,-2.43583738251224e-22,8.448653946328786e+37,2.105295538648344e-38,2.2709442912847985e-41,0.0,2.802596928649634e-45,0.6134823560714722,-23074,249067,22,2,False,Right,Back,Right,Centre,56
<_io.BytesIO object at 0x000001B189848400>,407125524,363443159040.0,1.1347946311893818e+38,-23583.638671875,4.697784865274375e+29,6.851929101009058e-41,0.0,0.0,0.0,0,249067,22,2,False,Right,Back,Right,Centre,56
<_io.BytesIO object at 0x000001B1898481D0>,0,7.346839692639297e-40,1.9101783200862172e-38,1.0520674439859473e-36,-5.9715113021772205e-36,-2.452315945356493e+16,-3.352651111394631e+32,-9.492381186637644e-11,1.6746217297913726e-39,8370,249067,22,2,False,Right,Back,Right,Centre,56
<_io.BytesIO object at 0x000001B186ABFCC0>,64436477,-1.2069915383032458e+29,8.316625326187932e-07,-1840248520704.0,2.0178529001021024e+22,1.6746007103144078e-39,0.0001608913589734584,1.4601529998264594e-42,0.8302509784698486,-5907,249067,22,2,False,Right,Back,Right,Centre,56
<_io.BytesIO object at 0x000001B186ABF630>,700071154,-9.349999615875557e-32,1.674623131089837e-39,0.0003642936353571713,1.462955596755109e-42,0.893670916557312,0.0037957446184009314,-0.07089832425117493,0.008264406584203243,18,249067,22,2,False,Right,Back,Right,Centre,56
<_io.BytesIO object at 0x000001B1899638B0>,1063159446,0.03931874781847,-0.05372233688831329,0.9177186489105225,0.0052971309050917625,-0.01047142967581749,0.8302964568138123,0.029711322858929634,-0.05669575557112694,-13815,249068,22,2,False,Right,Back,Right,Centre,56
<_io.BytesIO object at 0x000001B189963310>,1783644004,0.000985964434221387,9.104042874241713e-06,-1.5938840734026904e+20,-2.315678121400893e+25,3.7855693335586693e-07,-3.7913841838879434e-29,5971721.0,1.7886362990756783e+36,16108,249068,22,2,False,Right,Back,Right,Centre,56
<_io.BytesIO object at 0x000001B189963CC0>,1040440513,0.08078289777040482,0.5358789563179016,0.1479882448911667,0.1258256584405899,2.802596928649634e-45,1.064986832886861e-43,1.401298464324817e-45,0.5443055033683777,20878,249068,22,2,False,Right,Back,Right,Centre,56
<_io.BytesIO object at 0x000001B189963860>,3044490776,-5.129510263870418e+23,-2.43583738251224e-22,8.448653946328786e+37,2.105295538648344e-38,2.2709442912847985e-41,0.0,2.802596928649634e-45,0.6134823560714722,-23074,249068,22,2,False,Right,Back,Right,Centre,56
<_io.BytesIO object at 0x000001B189963540>,407125524,363443159040.0,1.1347946311893818e+38,-23583.638671875,4.697784865274375e+29,6.851929101009058e-41,0.0,0.0,0.0,0,249068,22,2,False,Right,Back,Right,Centre,56
<_io.BytesIO object at 0x000001B1899639F0>,0,7.346839692639297e-40,1.9101783200862172e-38,1.0520674439859473e-36,-5.64237288394698e-35,2.7463380146792317e-31,9.40773578415772e-32,-5.083700127528346e-10,1.6746217297913726e-39,5210,249068,22,2,False,Right,Back,Right,Centre,56
<_io.BytesIO object at 0x000001B1899633B0>,64436459,-9.655932306425966e+28,-3.590837062667714e-27,-4.343332233678128e-29,1.2675718921206314e+23,1.6746007103144078e-39,0.0001592819462530315,1.4601529998264594e-42,0.8302964568138123,25897,249068,22,2,False,Right,Back,Right,Centre,56
<_io.BytesIO object at 0x000001B189963C70>,969882867,-4.752037005713268e-32,1.674623131089837e-39,0.0003674064064398408,1.462955596755109e-42,0.893707811832428,0.0038210339844226837,-0.07091236859560013,0.008264382369816303,18,249068,22,2,False,Right,Back,Right,Centre,56
<_io.BytesIO object at 0x000001B18985A0E0>,1063159719,0.039342764765024185,-0.0537295788526535,0.9176996946334839,0.005272091366350651,-0.010464796796441078,0.8303235769271851,0.02976156584918499,-0.05671544373035431,-13403,249069,22,2,False,Right,Back,Right,Centre,56
<_io.BytesIO object at 0x000001B18985A040>,2213560164,3.5036308765411377,3.3793567126849666e-05,-2.1430806925329834e+31,-6.86786900908885e+25,-1.4711033065460792e-37,1.6834861811941288e+24,1.0005950833190207e-36,1.1805088921734603e-31,16110,249069,22,2,False,Right,Back,Right,Centre,56
<_io.BytesIO object at 0x000001B18985A3B0>,1040468102,0.07254545390605927,0.5412435531616211,0.14615197479724884,0.11410852521657944,0.4585215747356415,0.08581935614347458,0.0631498396396637,2.802596928649634e-45,76,249069,22,2,False,Right,Back,Right,Centre,56
<_io.BytesIO object at 0x000001B18985A220>,65536,340848604610560.0,76367880192.0,-9.210502867063042e-07,-5.129510263870418e+23,-2.43583738251224e-22,8.448653946328786e+37,2.105295538648344e-38,2.2709442912847985e-41,0,249069,22,2,False,Right,Back,Right,Centre,56
<_io.BytesIO object at 0x000001B18985A360>,131072,5.361788965174065e-31,-3.855362838958758e-16,2.5363747703200903e-24,363443159040.0,1.1347946311893818e+38,-23583.638671875,4.697784865274375e+29,6.851929101009058e-41,0,249069,22,2,False,Right,Back,Right,Centre,56
<_io.BytesIO object at 0x000001B18985A590>,0,0.0,0.0,0.0,8.265194654219209e-40,2.1489506100969944e-38,1.0520674439859473e-36,-2.5127367243177218e-34,3.907421748594803e-16,15649,249069,22,2,False,Right,Back,Right,Centre,56
<_io.BytesIO object at 0x000001B18985A720>,3176928140,0.010418240912258625,1.0222345581700795e+34,1.2649657107359225e-36,-1.7176418045084651e+28,-16.280963897705078,8.76156318223113e+31,7.732168230701532e+23,1.6746007103144078e-39,-8872,249069,22,2,False,Right,Back,Right,Centre,56
<_io.BytesIO object at 0x000001B18985A8B0>,68303139,-2.958228394578794e-29,-1134537216.0,1024408768.0,-5.421102529325596e-32,1.674623131089837e-39,0.00036183284828439355,1.462955596755109e-42,0.8937323689460754,-31760,249069,22,2,False,Right,Back,Right,Centre,56
<_io.BytesIO object at 0x000001B18985AA40>,1080048509,3.7541017863570254e+24,1.6745726843451213e-39,0.0001831344561651349,1.5498361015432477e-42,0.8367927670478821,0.03856232389807701,0.015192600898444653,0.00940533448010683,18,249069,22,2,False,Right,Back,Right,Centre,56
