_io,pos_x,pos_y,pos_z,frame,trial_num,block_num,practicing,left_right_hand,palm_back_hand,target_loc,distractor_loc,participant_id
<_io.BytesIO object at 0x0000029FC1C50040>,0.6446207761764526,0.06821338832378387,-0.1620524525642395,844698,21,2,False,Left,Back,Right,Left,64
_io,pos_x,pos_y,pos_z,frame,trial_num,block_num,practicing,left_right_hand,palm_back_hand,target_loc,distractor_loc,participant_id
<_io.BytesIO object at 0x0000029FC49E2E50>,0.6129360198974609,0.04918769747018814,-0.09666582196950912,844698,21,2,False,Left,Back,Right,Left,64
_io,pos_x,pos_y,pos_z,frame,trial_num,block_num,practicing,left_right_hand,palm_back_hand,target_loc,distractor_loc,participant_id
<_io.BytesIO object at 0x0000029FC49E2590>,0.6718652248382568,0.08248327672481537,-0.13467741012573242,844698,21,2,False,Left,Back,Right,Left,64
_io,pos_x,pos_y,pos_z,frame,trial_num,block_num,practicing,left_right_hand,palm_back_hand,target_loc,distractor_loc,participant_id
<_io.BytesIO object at 0x0000029FC49E24F0>,0.708565354347229,0.05273391678929329,-0.12816818058490753,844698,21,2,False,Left,Back,Right,Left,64
_io,pos_x,pos_y,pos_z,frame,trial_num,block_num,practicing,left_right_hand,palm_back_hand,target_loc,distractor_loc,participant_id
<_io.BytesIO object at 0x0000029FC49E2C70>,0.7014270424842834,0.03843587636947632,-0.08029679208993912,844698,21,2,False,Left,Back,Right,Left,64
<_io.BytesIO object at 0x0000029FC49E2180>,0.6449597477912903,0.06656762212514877,-0.16219612956047058,844699,21,2,False,Left,Back,Right,Left,64
<_io.BytesIO object at 0x0000029FC1C50EA0>,0.6132329106330872,0.04766903817653656,-0.09684736281633377,844699,21,2,False,Left,Back,Right,Left,64
<_io.BytesIO object at 0x0000029FC1C50BD0>,0.6721900701522827,0.0809871256351471,-0.1348496973514557,844699,21,2,False,Left,Back,Right,Left,64
<_io.BytesIO object at 0x0000029FC1C50360>,0.7088977098464966,0.05125308036804199,-0.12842999398708344,844699,21,2,False,Left,Back,Right,Left,64
<_io.BytesIO object at 0x0000029FC1C504F0>,0.7018065452575684,0.036980390548706055,-0.08053033798933029,844699,21,2,False,Left,Back,Right,Left,64
<_io.BytesIO object at 0x0000029FC1C50E00>,0.645273745059967,0.06526779383420944,-0.16217149794101715,844700,21,2,False,Left,Back,Right,Left,64
<_io.BytesIO object at 0x0000029FC49E2EA0>,0.6135794520378113,0.04607455059885979,-0.09705401957035065,844700,21,2,False,Left,Back,Right,Left,64
<_io.BytesIO object at 0x0000029FC49E2180>,0.6723836064338684,0.07941989600658417,-0.1349288821220398,844700,21,2,False,Left,Back,Right,Left,64
<_io.BytesIO object at 0x0000029FC49E2130>,0.7092477083206177,0.04972682148218155,-0.12861283123493195,844700,21,2,False,Left,Back,Right,Left,64
<_io.BytesIO object at 0x0000029FC49E2770>,0.7021116614341736,0.03539438918232918,-0.08071738481521606,844700,21,2,False,Left,Back,Right,Left,64
<_io.BytesIO object at 0x0000029FC49E2590>,0.645561695098877,0.06395548582077026,-0.16223306953907013,844701,21,2,False,Left,Back,Right,Left,64
<_io.BytesIO object at 0x0000029FC1C50040>,0.6139276027679443,0.04457356408238411,-0.09729704260826111,844701,21,2,False,Left,Back,Right,Left,64
<_io.BytesIO object at 0x0000029FC1C50450>,0.6727891564369202,0.07804465293884277,-0.13497506082057953,844701,21,2,False,Left,Back,Right,Left,64
<_io.BytesIO object at 0x0000029FC1C50090>,0.7096261978149414,0.048201944679021835,-0.12873193621635437,844701,21,2,False,Left,Back,Right,Left,64
<_io.BytesIO object at 0x0000029FC1C50270>,0.7024242281913757,0.03377998247742653,-0.08087208122015,844701,21,2,False,Left,Back,Right,Left,64
<_io.BytesIO object at 0x0000029FC4A24090>,0.6458629965782166,0.06269288063049316,-0.16225174069404602,844702,21,2,False,Left,Back,Right,Left,64
<_io.BytesIO object at 0x0000029FC4A240E0>,0.6143085360527039,0.04356599599123001,-0.0976039469242096,844702,21,2,False,Left,Back,Right,Left,64
<_io.BytesIO object at 0x0000029FC4A248B0>,0.6731284260749817,0.07666922360658646,-0.1347494274377823,844702,21,2,False,Left,Back,Right,Left,64
<_io.BytesIO object at 0x0000029FC4A24C20>,0.7100173234939575,0.04678519815206528,-0.12884896993637085,844702,21,2,False,Left,Back,Right,Left,64
<_io.BytesIO object at 0x0000029FC4A244F0>,0.7027426362037659,0.03223360329866409,-0.08101531863212585,844702,21,2,False,Left,Back,Right,Left,64
<_io.BytesIO object at 0x0000029FC4A24D10>,0.6462920904159546,0.061995018273591995,-0.16204029321670532,844703,21,2,False,Left,Back,Right,Left,64
<_io.BytesIO object at 0x0000029FC4A24F90>,0.6146741509437561,0.042648717761039734,-0.09776632487773895,844703,21,2,False,Left,Back,Right,Left,64
<_io.BytesIO object at 0x0000029FC4A24A40>,0.6735670566558838,0.07570232450962067,-0.134726881980896,844703,21,2,False,Left,Back,Right,Left,64
<_io.BytesIO object at 0x0000029FC4A24810>,0.7103919982910156,0.04540153220295906,-0.12893769145011902,844703,21,2,False,Left,Back,Right,Left,64
<_io.BytesIO object at 0x0000029FC4A24E00>,0.7030451893806458,0.030825814232230186,-0.08110492676496506,844703,21,2,False,Left,Back,Right,Left,64
<_io.BytesIO object at 0x0000029FC4A245E0>,0.6469290852546692,0.060950759798288345,-0.1620127111673355,844704,21,2,False,Left,Back,Right,Left,64
<_io.BytesIO object at 0x0000029FC4A24C20>,0.6149500012397766,0.04225132241845131,-0.09786056727170944,844704,21,2,False,Left,Back,Right,Left,64
<_io.BytesIO object at 0x0000029FC4A248B0>,0.6739346981048584,0.07468295097351074,-0.13443301618099213,844704,21,2,False,Left,Back,Right,Left,64
<_io.BytesIO object at 0x0000029FC4A24B30>,0.7107748985290527,0.04433998465538025,-0.12883445620536804,844704,21,2,False,Left,Back,Right,Left,64
<_io.BytesIO object at 0x0000029FC4A243B0>,0.7033985257148743,0.030068520456552505,-0.08119254559278488,844704,21,2,False,Left,Back,Right,Left,64
<_io.BytesIO object at 0x0000029FC4A242C0>,0.6472119688987732,0.06062234938144684,-0.16188886761665344,844705,21,2,False,Left,Back,Right,Left,64
<_io.BytesIO object at 0x0000029FC4A24810>,0.6151514053344727,0.04223985970020294,-0.0979183241724968,844705,21,2,False,Left,Back,Right,Left,64
<_io.BytesIO object at 0x0000029FC4A24A40>,0.6745316982269287,0.0742245614528656,-0.1343230903148651,844705,21,2,False,Left,Back,Right,Left,64
<_io.BytesIO object at 0x0000029FC4A249F0>,0.7111175060272217,0.04366644471883774,-0.12862353026866913,844705,21,2,False,Left,Back,Right,Left,64
<_io.BytesIO object at 0x0000029FC4A24E50>,0.7036979794502258,0.029490740969777107,-0.0810573473572731,844705,21,2,False,Left,Back,Right,Left,64
<_io.BytesIO object at 0x0000029FC1C50DB0>,0.6474919319152832,0.06056259199976921,-0.16163858771324158,844706,21,2,False,Left,Back,Right,Left,64
<_io.BytesIO object at 0x0000029FC1C500E0>,0.6153475642204285,0.042617619037628174,-0.09785197675228119,844706,21,2,False,Left,Back,Right,Left,64
<_io.BytesIO object at 0x0000029FC1C50B80>,0.6747872233390808,0.07420676201581955,-0.1341448277235031,844706,21,2,False,Left,Back,Right,Left,64
<_io.BytesIO object at 0x0000029FC1C504F0>,0.7113965749740601,0.04347779601812363,-0.12830741703510284,844706,21,2,False,Left,Back,Right,Left,64
<_io.BytesIO object at 0x0000029FC1C509F0>,0.7038016319274902,0.029374388977885246,-0.08076847344636917,844706,21,2,False,Left,Back,Right,Left,64
<_io.BytesIO object at 0x0000029FC1C500E0>,0.6476835012435913,0.060761407017707825,-0.16144536435604095,844707,21,2,False,Left,Back,Right,Left,64
<_io.BytesIO object at 0x0000029FC1C502C0>,0.6154724359512329,0.04333942010998726,-0.09759395569562912,844707,21,2,False,Left,Back,Right,Left,64
<_io.BytesIO object at 0x0000029FC1C50B80>,0.6750462055206299,0.0745687261223793,-0.13393652439117432,844707,21,2,False,Left,Back,Right,Left,64
<_io.BytesIO object at 0x0000029FC1C50AE0>,0.7116042375564575,0.043719373643398285,-0.12791727483272552,844707,21,2,False,Left,Back,Right,Left,64
<_io.BytesIO object at 0x0000029FC1C50360>,0.703770637512207,0.02979259379208088,-0.08036773651838303,844707,21,2,False,Left,Back,Right,Left,64
<_io.BytesIO object at 0x0000029FC1C50C20>,0.6479561924934387,0.061316125094890594,-0.16113613545894623,844708,21,2,False,Left,Back,Right,Left,64
<_io.BytesIO object at 0x0000029FC4A24860>,0.6155101656913757,0.044501565396785736,-0.09723632037639618,844708,21,2,False,Left,Back,Right,Left,64
<_io.BytesIO object at 0x0000029FC4A24770>,0.6752230525016785,0.07530727982521057,-0.13363738358020782,844708,21,2,False,Left,Back,Right,Left,64
<_io.BytesIO object at 0x0000029FC4A243B0>,0.7117175459861755,0.04435798153281212,-0.12742899358272552,844708,21,2,False,Left,Back,Right,Left,64
<_io.BytesIO object at 0x0000029FC4A24B30>,0.7036826610565186,0.03064114786684513,-0.07979194074869156,844708,21,2,False,Left,Back,Right,Left,64
<_io.BytesIO object at 0x0000029FC49E2C20>,0.6482037901878357,0.06262142211198807,-0.1606243997812271,844709,21,2,False,Left,Back,Right,Left,64
<_io.BytesIO object at 0x0000029FC49E2270>,0.615439236164093,0.045913539826869965,-0.09670816361904144,844709,21,2,False,Left,Back,Right,Left,64
<_io.BytesIO object at 0x0000029FC49E2770>,0.6754087209701538,0.07647590339183807,-0.13319066166877747,844709,21,2,False,Left,Back,Right,Left,64
<_io.BytesIO object at 0x0000029FC49E2E00>,0.711717963218689,0.04524427652359009,-0.12689080834388733,844709,21,2,False,Left,Back,Right,Left,64
<_io.BytesIO object at 0x0000029FC4A24590>,0.7034007906913757,0.031519487500190735,-0.07908624410629272,844709,21,2,False,Left,Back,Right,Left,64
<_io.BytesIO object at 0x0000029FC4A24B30>,0.6482405066490173,0.06381302326917648,-0.1600491851568222,844710,21,2,False,Left,Back,Right,Left,64
<_io.BytesIO object at 0x0000029FC4A24180>,0.6152025461196899,0.047849129885435104,-0.09603852778673172,844710,21,2,False,Left,Back,Right,Left,64
<_io.BytesIO object at 0x0000029FC4A24EF0>,0.6754950284957886,0.0777231901884079,-0.1327941119670868,844710,21,2,False,Left,Back,Right,Left,64
<_io.BytesIO object at 0x0000029FC4A24130>,0.7116163969039917,0.04641018807888031,-0.1262030452489853,844710,21,2,False,Left,Back,Right,Left,64
<_io.BytesIO object at 0x0000029FC4A24D10>,0.7030627727508545,0.032933760434389114,-0.07824980467557907,844710,21,2,False,Left,Back,Right,Left,64
<_io.BytesIO object at 0x0000029FC49E2E00>,0.6482658386230469,0.06555056571960449,-0.1595168113708496,844711,21,2,False,Left,Back,Right,Left,64
<_io.BytesIO object at 0x0000029FC49E22C0>,0.6149409413337708,0.05013491213321686,-0.09527421742677689,844711,21,2,False,Left,Back,Right,Left,64
<_io.BytesIO object at 0x0000029FC49E2E50>,0.6754865646362305,0.07926468551158905,-0.1323540061712265,844711,21,2,False,Left,Back,Right,Left,64
<_io.BytesIO object at 0x0000029FC49E2540>,0.7113888263702393,0.04764658585190773,-0.12545999884605408,844711,21,2,False,Left,Back,Right,Left,64
<_io.BytesIO object at 0x0000029FC49E2720>,0.7027082443237305,0.03463757410645485,-0.07745988667011261,844711,21,2,False,Left,Back,Right,Left,64
<_io.BytesIO object at 0x0000029FC49E2770>,0.6484218835830688,0.06744755804538727,-0.15879753232002258,844712,21,2,False,Left,Back,Right,Left,64
<_io.BytesIO object at 0x0000029FC4A248B0>,0.614689826965332,0.0526416078209877,-0.09450449049472809,844712,21,2,False,Left,Back,Right,Left,64
<_io.BytesIO object at 0x0000029FC4A24E00>,0.6754841208457947,0.08089109510183334,-0.13188394904136658,844712,21,2,False,Left,Back,Right,Left,64
<_io.BytesIO object at 0x0000029FC4A24E50>,0.7111563086509705,0.04895307496190071,-0.12477905303239822,844712,21,2,False,Left,Back,Right,Left,64
<_io.BytesIO object at 0x0000029FC4A24400>,0.7019981145858765,0.03603805974125862,-0.07663924247026443,844712,21,2,False,Left,Back,Right,Left,64
<_io.BytesIO object at 0x0000029FC4A24D60>,0.6482588648796082,0.0692211240530014,-0.15805937349796295,844713,21,2,False,Left,Back,Right,Left,64
<_io.BytesIO object at 0x0000029FC49E2630>,0.6143180727958679,0.05536605417728424,-0.09357447177171707,844713,21,2,False,Left,Back,Right,Left,64
<_io.BytesIO object at 0x0000029FC49E2090>,0.6755213737487793,0.08276551961898804,-0.13135255873203278,844713,21,2,False,Left,Back,Right,Left,64
<_io.BytesIO object at 0x0000029FC49E2900>,0.7108309864997864,0.05033640190958977,-0.1240130215883255,844713,21,2,False,Left,Back,Right,Left,64
<_io.BytesIO object at 0x0000029FC49E2720>,0.7015125155448914,0.037975408136844635,-0.07584569603204727,844713,21,2,False,Left,Back,Right,Left,64
<_io.BytesIO object at 0x0000029FC1C50630>,0.6480469107627869,0.07119987905025482,-0.15724493563175201,844714,21,2,False,Left,Back,Right,Left,64
<_io.BytesIO object at 0x0000029FC49E2220>,0.6140050888061523,0.058202240616083145,-0.0926733985543251,844714,21,2,False,Left,Back,Right,Left,64
<_io.BytesIO object at 0x0000029FC49E2A40>,0.6753222346305847,0.08460572361946106,-0.13080060482025146,844714,21,2,False,Left,Back,Right,Left,64
<_io.BytesIO object at 0x0000029FC49E2EF0>,0.7104042768478394,0.051846086978912354,-0.1232079267501831,844714,21,2,False,Left,Back,Right,Left,64
<_io.BytesIO object at 0x0000029FC49E23B0>,0.7009017467498779,0.03985696658492088,-0.07498633116483688,844714,21,2,False,Left,Back,Right,Left,64
<_io.BytesIO object at 0x0000029FC4A24A40>,0.6478742957115173,0.0731319785118103,-0.15661178529262543,844715,21,2,False,Left,Back,Right,Left,64
<_io.BytesIO object at 0x0000029FC4A245E0>,0.6136813163757324,0.06127951666712761,-0.09194018691778183,844715,21,2,False,Left,Back,Right,Left,64
<_io.BytesIO object at 0x0000029FC4A24360>,0.6751969456672668,0.08638982474803925,-0.1303299367427826,844715,21,2,False,Left,Back,Right,Left,64
<_io.BytesIO object at 0x0000029FC4A24EF0>,0.7100304365158081,0.053240783512592316,-0.1224530041217804,844715,21,2,False,Left,Back,Right,Left,64
<_io.BytesIO object at 0x0000029FC4A24900>,0.700329601764679,0.04180276393890381,-0.07409855723381042,844715,21,2,False,Left,Back,Right,Left,64
<_io.BytesIO object at 0x0000029FC49E2770>,0.6477606892585754,0.07493206858634949,-0.1561180055141449,844716,21,2,False,Left,Back,Right,Left,64
<_io.BytesIO object at 0x0000029FC4A24590>,0.6134656667709351,0.06444436311721802,-0.09117759764194489,844716,21,2,False,Left,Back,Right,Left,64
<_io.BytesIO object at 0x0000029FC4A24220>,0.6750735640525818,0.08829524368047714,-0.12978407740592957,844716,21,2,False,Left,Back,Right,Left,64
<_io.BytesIO object at 0x0000029FC4A242C0>,0.7096005082130432,0.05470939353108406,-0.12166672199964523,844716,21,2,False,Left,Back,Right,Left,64
<_io.BytesIO object at 0x0000029FC4A24F90>,0.6997596025466919,0.04383181408047676,-0.07319079339504242,844716,21,2,False,Left,Back,Right,Left,64
<_io.BytesIO object at 0x0000029FC4A24DB0>,0.6476584672927856,0.07671234756708145,-0.15553244948387146,844717,21,2,False,Left,Back,Right,Left,64
<_io.BytesIO object at 0x0000029FC4A24450>,0.6132402420043945,0.06762278079986572,-0.09041483700275421,844717,21,2,False,Left,Back,Right,Left,64
<_io.BytesIO object at 0x0000029FC4A24F90>,0.6750923991203308,0.09008058905601501,-0.12926574051380157,844717,21,2,False,Left,Back,Right,Left,64
<_io.BytesIO object at 0x0000029FC4A24B30>,0.7091786861419678,0.05602443963289261,-0.12097638845443726,844717,21,2,False,Left,Back,Right,Left,64
<_io.BytesIO object at 0x0000029FC4A24C20>,0.6990437507629395,0.04578154534101486,-0.07233797013759613,844717,21,2,False,Left,Back,Right,Left,64
<_io.BytesIO object at 0x0000029FC49E2EF0>,0.6474274396896362,0.07829386740922928,-0.1549338549375534,844718,21,2,False,Left,Back,Right,Left,64
<_io.BytesIO object at 0x0000029FC4A24180>,0.6129461526870728,0.07078421115875244,-0.08963672816753387,844718,21,2,False,Left,Back,Right,Left,64
<_io.BytesIO object at 0x0000029FC4A24F90>,0.6751078367233276,0.09174579381942749,-0.1288847029209137,844718,21,2,False,Left,Back,Right,Left,64
<_io.BytesIO object at 0x0000029FC4A24900>,0.7088130116462708,0.05733926221728325,-0.1203223168849945,844718,21,2,False,Left,Back,Right,Left,64
<_io.BytesIO object at 0x0000029FC4A24C70>,0.6984261870384216,0.04771709814667702,-0.07141172885894775,844718,21,2,False,Left,Back,Right,Left,64
<_io.BytesIO object at 0x0000029FC1C507C0>,0.6473244428634644,0.07993635535240173,-0.15453583002090454,844719,21,2,False,Left,Back,Right,Left,64
<_io.BytesIO object at 0x0000029FC1C50DB0>,0.6128950715065002,0.07376246899366379,-0.08905792236328125,844719,21,2,False,Left,Back,Right,Left,64
<_io.BytesIO object at 0x0000029FC1C50C70>,0.6750665307044983,0.09327676147222519,-0.12844951450824738,844719,21,2,False,Left,Back,Right,Left,64
<_io.BytesIO object at 0x0000029FC1C50B30>,0.7084311842918396,0.05865282192826271,-0.11963124573230743,844719,21,2,False,Left,Back,Right,Left,64
<_io.BytesIO object at 0x0000029FC1C50310>,0.6978766918182373,0.04965975135564804,-0.0705409049987793,844719,21,2,False,Left,Back,Right,Left,64
<_io.BytesIO object at 0x0000029FC4A24D10>,0.6472475528717041,0.08146414905786514,-0.1541048288345337,844720,21,2,False,Left,Back,Right,Left,64
<_io.BytesIO object at 0x0000029FC4A24040>,0.6126754283905029,0.07664977014064789,-0.08850239217281342,844720,21,2,False,Left,Back,Right,Left,64
<_io.BytesIO object at 0x0000029FC4A24A90>,0.6751574873924255,0.09478636085987091,-0.1281612068414688,844720,21,2,False,Left,Back,Right,Left,64
<_io.BytesIO object at 0x0000029FC4A24450>,0.7081314325332642,0.059879351407289505,-0.11892939358949661,844720,21,2,False,Left,Back,Right,Left,64
<_io.BytesIO object at 0x0000029FC4A245E0>,0.6973023414611816,0.05146431177854538,-0.06974714249372482,844720,21,2,False,Left,Back,Right,Left,64
<_io.BytesIO object at 0x0000029FC1C50360>,0.6472021341323853,0.08279885351657867,-0.15365175902843475,844721,21,2,False,Left,Back,Right,Left,64
<_io.BytesIO object at 0x0000029FC1C50720>,0.612532377243042,0.07945206016302109,-0.08821450173854828,844721,21,2,False,Left,Back,Right,Left,64
<_io.BytesIO object at 0x0000029FC1C50270>,0.6751238703727722,0.09634704887866974,-0.12766917049884796,844721,21,2,False,Left,Back,Right,Left,64
<_io.BytesIO object at 0x0000029FC1C504F0>,0.7078845500946045,0.06113673746585846,-0.1181807741522789,844721,21,2,False,Left,Back,Right,Left,64
<_io.BytesIO object at 0x0000029FC1C508B0>,0.6967814564704895,0.05323326960206032,-0.0689096450805664,844721,21,2,False,Left,Back,Right,Left,64
<_io.BytesIO object at 0x0000029FC4A24C70>,0.6471691131591797,0.08428055047988892,-0.15324020385742188,844722,21,2,False,Left,Back,Right,Left,64
<_io.BytesIO object at 0x0000029FC4A244F0>,0.6123852133750916,0.08217600733041763,-0.08779516071081161,844722,21,2,False,Left,Back,Right,Left,64
<_io.BytesIO object at 0x0000029FC4A24090>,0.6752105355262756,0.09761346131563187,-0.1271628737449646,844722,21,2,False,Left,Back,Right,Left,64
<_io.BytesIO object at 0x0000029FC4A248B0>,0.7076123952865601,0.06233861297369003,-0.11750432103872299,844722,21,2,False,Left,Back,Right,Left,64
<_io.BytesIO object at 0x0000029FC4A24860>,0.6961913704872131,0.05483601987361908,-0.06815259158611298,844722,21,2,False,Left,Back,Right,Left,64
<_io.BytesIO object at 0x0000029FC4A24C70>,0.647124707698822,0.08567582070827484,-0.15264573693275452,844723,21,2,False,Left,Back,Right,Left,64
<_io.BytesIO object at 0x0000029FC1C50DB0>,0.6123089790344238,0.08466044813394547,-0.08732137084007263,844723,21,2,False,Left,Back,Right,Left,64
<_io.BytesIO object at 0x0000029FC1C50310>,0.6753126978874207,0.09900324046611786,-0.1269548535346985,844723,21,2,False,Left,Back,Right,Left,64
<_io.BytesIO object at 0x0000029FC1C50D10>,0.7073650360107422,0.06346224248409271,-0.11683332175016403,844723,21,2,False,Left,Back,Right,Left,64
<_io.BytesIO object at 0x0000029FC1C50180>,0.6957103610038757,0.056494612246751785,-0.06732706725597382,844723,21,2,False,Left,Back,Right,Left,64
<_io.BytesIO object at 0x0000029FC1C50B80>,0.6469815373420715,0.08697442710399628,-0.15207837522029877,844724,21,2,False,Left,Back,Right,Left,64
<_io.BytesIO object at 0x0000029FC4A24450>,0.6122246980667114,0.08713002502918243,-0.08683844655752182,844724,21,2,False,Left,Back,Right,Left,64
<_io.BytesIO object at 0x0000029FC4A24A40>,0.675376296043396,0.10022437572479248,-0.12644019722938538,844724,21,2,False,Left,Back,Right,Left,64
<_io.BytesIO object at 0x0000029FC4A242C0>,0.7071611881256104,0.06461051106452942,-0.11617591977119446,844724,21,2,False,Left,Back,Right,Left,64
<_io.BytesIO object at 0x0000029FC4A244A0>,0.6953446269035339,0.05813369154930115,-0.06664945930242538,844724,21,2,False,Left,Back,Right,Left,64
<_io.BytesIO object at 0x0000029FC4A24A40>,0.6469471454620361,0.08819294720888138,-0.15158027410507202,844725,21,2,False,Left,Back,Right,Left,64
<_io.BytesIO object at 0x0000029FC1C50EA0>,0.6122245192527771,0.0894181951880455,-0.08644231408834457,844725,21,2,False,Left,Back,Right,Left,64
<_io.BytesIO object at 0x0000029FC1C50DB0>,0.6754353642463684,0.10144425183534622,-0.12605468928813934,844725,21,2,False,Left,Back,Right,Left,64
<_io.BytesIO object at 0x0000029FC1C503B0>,0.7069597840309143,0.06563292443752289,-0.11555535346269608,844725,21,2,False,Left,Back,Right,Left,64
<_io.BytesIO object at 0x0000029FC1C50A90>,0.6949970126152039,0.05953501909971237,-0.06588750332593918,844725,21,2,False,Left,Back,Right,Left,64
<_io.BytesIO object at 0x0000029FC1C50590>,0.6469720005989075,0.08941753953695297,-0.1509801596403122,844726,21,2,False,Left,Back,Right,Left,64
<_io.BytesIO object at 0x0000029FC1C50180>,0.612419843673706,0.09156107157468796,-0.08602742850780487,844726,21,2,False,Left,Back,Right,Left,64
<_io.BytesIO object at 0x0000029FC1C50A90>,0.6756672263145447,0.10265687853097916,-0.12555815279483795,844726,21,2,False,Left,Back,Right,Left,64
<_io.BytesIO object at 0x0000029FC1C50130>,0.7067175507545471,0.0666830837726593,-0.11492285877466202,844726,21,2,False,Left,Back,Right,Left,64
<_io.BytesIO object at 0x0000029FC1C50270>,0.6947029232978821,0.060877323150634766,-0.06512417644262314,844726,21,2,False,Left,Back,Right,Left,64
<_io.BytesIO object at 0x0000029FC4A24C70>,0.6470384001731873,0.09044316411018372,-0.1505071520805359,844727,21,2,False,Left,Back,Right,Left,64
<_io.BytesIO object at 0x0000029FC1C50450>,0.6124640107154846,0.09360305219888687,-0.08558352291584015,844727,21,2,False,Left,Back,Right,Left,64
<_io.BytesIO object at 0x0000029FC1C50E00>,0.6757211089134216,0.10358167439699173,-0.12519073486328125,844727,21,2,False,Left,Back,Right,Left,64
<_io.BytesIO object at 0x0000029FC1C50EA0>,0.7065784931182861,0.0675329864025116,-0.11435957998037338,844727,21,2,False,Left,Back,Right,Left,64
<_io.BytesIO object at 0x0000029FC1C50590>,0.6944921016693115,0.06218934431672096,-0.0643395408987999,844727,21,2,False,Left,Back,Right,Left,64
<_io.BytesIO object at 0x0000029FC1C50130>,0.6471135020256042,0.09156669676303864,-0.14996196329593658,844728,21,2,False,Left,Back,Right,Left,64
<_io.BytesIO object at 0x0000029FC4A24E50>,0.6125484108924866,0.09552659094333649,-0.08511275798082352,844728,21,2,False,Left,Back,Right,Left,64
<_io.BytesIO object at 0x0000029FC1C50360>,0.6758003830909729,0.1044888123869896,-0.12464359402656555,844728,21,2,False,Left,Back,Right,Left,64
<_io.BytesIO object at 0x0000029FC1C504F0>,0.7064816951751709,0.06842648237943649,-0.11371314525604248,844728,21,2,False,Left,Back,Right,Left,64
<_io.BytesIO object at 0x0000029FC1C50AE0>,0.6942146420478821,0.06338102370500565,-0.06348376721143723,844728,21,2,False,Left,Back,Right,Left,64
<_io.BytesIO object at 0x0000029FC4A24090>,0.6471053957939148,0.09253010898828506,-0.14938941597938538,844729,21,2,False,Left,Back,Right,Left,64
<_io.BytesIO object at 0x0000029FC4A24B30>,0.612715482711792,0.09745806455612183,-0.08461242914199829,844729,21,2,False,Left,Back,Right,Left,64
<_io.BytesIO object at 0x0000029FC4A24450>,0.6757907867431641,0.10551594197750092,-0.12421023100614548,844729,21,2,False,Left,Back,Right,Left,64
<_io.BytesIO object at 0x0000029FC4A24C70>,0.7063966393470764,0.06933186948299408,-0.11308359354734421,844729,21,2,False,Left,Back,Right,Left,64
<_io.BytesIO object at 0x0000029FC1C502C0>,0.6940729022026062,0.06447722762823105,-0.06278815120458603,844729,21,2,False,Left,Back,Right,Left,64
<_io.BytesIO object at 0x0000029FC1C50040>,0.6470032930374146,0.09359505027532578,-0.14878757297992706,844730,21,2,False,Left,Back,Right,Left,64
<_io.BytesIO object at 0x0000029FC4A24130>,0.6129066348075867,0.0990416556596756,-0.08409042656421661,844730,21,2,False,Left,Back,Right,Left,64
<_io.BytesIO object at 0x0000029FC4A249F0>,0.6760249733924866,0.10645939409732819,-0.12370264530181885,844730,21,2,False,Left,Back,Right,Left,64
<_io.BytesIO object at 0x0000029FC4A24F90>,0.7064075469970703,0.07018211483955383,-0.11250254511833191,844730,21,2,False,Left,Back,Right,Left,64
<_io.BytesIO object at 0x0000029FC4A24630>,0.6939456462860107,0.0656094029545784,-0.06204394996166229,844730,21,2,False,Left,Back,Right,Left,64
<_io.BytesIO object at 0x0000029FC4A24F40>,0.6470090746879578,0.09440618008375168,-0.14814338088035583,844731,21,2,False,Left,Back,Right,Left,64
<_io.BytesIO object at 0x0000029FC1C506D0>,0.6130918264389038,0.10051709413528442,-0.08350785821676254,844731,21,2,False,Left,Back,Right,Left,64
<_io.BytesIO object at 0x0000029FC1C50130>,0.6762095093727112,0.10736409574747086,-0.12320791929960251,844731,21,2,False,Left,Back,Right,Left,64
<_io.BytesIO object at 0x0000029FC1C50310>,0.7063745856285095,0.07097221165895462,-0.11189071834087372,844731,21,2,False,Left,Back,Right,Left,64
<_io.BytesIO object at 0x0000029FC1C50AE0>,0.6938394904136658,0.06666084378957748,-0.06124472990632057,844731,21,2,False,Left,Back,Right,Left,64
<_io.BytesIO object at 0x0000029FC49E24F0>,0.6470242738723755,0.09537994116544724,-0.14749541878700256,844732,21,2,False,Left,Back,Right,Left,64
<_io.BytesIO object at 0x0000029FC49E2EA0>,0.6133348941802979,0.10206864029169083,-0.08292114734649658,844732,21,2,False,Left,Back,Right,Left,64
<_io.BytesIO object at 0x0000029FC49E25E0>,0.6762431859970093,0.10809621959924698,-0.12280130386352539,844732,21,2,False,Left,Back,Right,Left,64
<_io.BytesIO object at 0x0000029FC49E2630>,0.706383466720581,0.07172679156064987,-0.11119996756315231,844732,21,2,False,Left,Back,Right,Left,64
<_io.BytesIO object at 0x0000029FC49E2180>,0.6937886476516724,0.06761441379785538,-0.06051668897271156,844732,21,2,False,Left,Back,Right,Left,64
<_io.BytesIO object at 0x0000029FC1C50630>,0.6471255421638489,0.09620676934719086,-0.14681845903396606,844733,21,2,False,Left,Back,Right,Left,64
<_io.BytesIO object at 0x0000029FC1C50090>,0.6135832667350769,0.10337665677070618,-0.08223263174295425,844733,21,2,False,Left,Back,Right,Left,64
<_io.BytesIO object at 0x0000029FC1C50040>,0.6764387488365173,0.10898570716381073,-0.12225192040205002,844733,21,2,False,Left,Back,Right,Left,64
<_io.BytesIO object at 0x0000029FC1C50A90>,0.7064099907875061,0.07248508930206299,-0.11062625795602798,844733,21,2,False,Left,Back,Right,Left,64
<_io.BytesIO object at 0x0000029FC49E23B0>,0.6938374638557434,0.06859436631202698,-0.05984616279602051,844733,21,2,False,Left,Back,Right,Left,64
<_io.BytesIO object at 0x0000029FC49E23B0>,0.647253155708313,0.09689542651176453,-0.14617708325386047,844734,21,2,False,Left,Back,Right,Left,64
<_io.BytesIO object at 0x0000029FC1C50EA0>,0.6138730645179749,0.10475006699562073,-0.08158619701862335,844734,21,2,False,Left,Back,Right,Left,64
<_io.BytesIO object at 0x0000029FC1C500E0>,0.6767265796661377,0.10967344045639038,-0.1216544359922409,844734,21,2,False,Left,Back,Right,Left,64
<_io.BytesIO object at 0x0000029FC1C50180>,0.7064090371131897,0.0731741189956665,-0.1099468320608139,844734,21,2,False,Left,Back,Right,Left,64
<_io.BytesIO object at 0x0000029FC1C508B0>,0.6939765810966492,0.06948533654212952,-0.05909128487110138,844734,21,2,False,Left,Back,Right,Left,64
<_io.BytesIO object at 0x0000029FC1C50C20>,0.6473022699356079,0.09770983457565308,-0.14548446238040924,844735,21,2,False,Left,Back,Right,Left,64
<_io.BytesIO object at 0x0000029FC1C50A90>,0.6141161918640137,0.10596393048763275,-0.08084791898727417,844735,21,2,False,Left,Back,Right,Left,64
<_io.BytesIO object at 0x0000029FC1C504F0>,0.6767745614051819,0.11034572869539261,-0.12096122652292252,844735,21,2,False,Left,Back,Right,Left,64
<_io.BytesIO object at 0x0000029FC49E2B80>,0.706563413143158,0.07374732196331024,-0.10936455428600311,844735,21,2,False,Left,Back,Right,Left,64
<_io.BytesIO object at 0x0000029FC49E23B0>,0.6940259337425232,0.07027075439691544,-0.05830422416329384,844735,21,2,False,Left,Back,Right,Left,64
<_io.BytesIO object at 0x0000029FC49E3630>,0.6474792957305908,0.09837915748357773,-0.1448596864938736,844736,21,2,False,Left,Back,Right,Left,64
<_io.BytesIO object at 0x0000029FC4A842C0>,0.6144688725471497,0.10708142817020416,-0.08012418448925018,844736,21,2,False,Left,Back,Right,Left,64
<_io.BytesIO object at 0x0000029FC4A84400>,0.6769992113113403,0.11104445904493332,-0.12037105858325958,844736,21,2,False,Left,Back,Right,Left,64
<_io.BytesIO object at 0x0000029FC4A84130>,0.7066335082054138,0.07438059896230698,-0.10873328894376755,844736,21,2,False,Left,Back,Right,Left,64
<_io.BytesIO object at 0x0000029FC4A84450>,0.6941244006156921,0.07095807790756226,-0.057499270886182785,844736,21,2,False,Left,Back,Right,Left,64
<_io.BytesIO object at 0x0000029FC49EE6D0>,0.6476452946662903,0.09918862581253052,-0.14404134452342987,844737,21,2,False,Left,Back,Right,Left,64
<_io.BytesIO object at 0x0000029FC49F18B0>,0.6148466467857361,0.10811804980039597,-0.07944197207689285,844737,21,2,False,Left,Back,Right,Left,64
<_io.BytesIO object at 0x0000029FC49F10E0>,0.6773611903190613,0.11169715970754623,-0.11970534175634384,844737,21,2,False,Left,Back,Right,Left,64
<_io.BytesIO object at 0x0000029FC49F1810>,0.7066436409950256,0.07483299821615219,-0.10831990838050842,844737,21,2,False,Left,Back,Right,Left,64
<_io.BytesIO object at 0x0000029FC49F1D60>,0.6942632794380188,0.07165060937404633,-0.05678235739469528,844737,21,2,False,Left,Back,Right,Left,64
<_io.BytesIO object at 0x0000029FC4A06090>,0.6476953029632568,0.09982418268918991,-0.14332535862922668,844738,21,2,False,Left,Back,Right,Left,64
<_io.BytesIO object at 0x0000029FC4A07720>,0.6151213049888611,0.10908422619104385,-0.07870699465274811,844738,21,2,False,Left,Back,Right,Left,64
<_io.BytesIO object at 0x0000029FC4A07E00>,0.677513837814331,0.11223400384187698,-0.11916818469762802,844738,21,2,False,Left,Back,Right,Left,64
<_io.BytesIO object at 0x0000029FC4A072C0>,0.7068239450454712,0.07541841268539429,-0.10760318487882614,844738,21,2,False,Left,Back,Right,Left,64
<_io.BytesIO object at 0x0000029FC4A07E50>,0.6944575905799866,0.07229499518871307,-0.05602921172976494,844738,21,2,False,Left,Back,Right,Left,64
<_io.BytesIO object at 0x0000029FC49DEE00>,0.6478204131126404,0.10042201727628708,-0.14242717623710632,844739,21,2,False,Left,Back,Right,Left,64
<_io.BytesIO object at 0x0000029FC49DEEA0>,0.6154490113258362,0.10991701483726501,-0.07773271203041077,844739,21,2,False,Left,Back,Right,Left,64
<_io.BytesIO object at 0x0000029FC49DEA90>,0.6777130365371704,0.11271551996469498,-0.11834961175918579,844739,21,2,False,Left,Back,Right,Left,64
<_io.BytesIO object at 0x0000029FC49DEEF0>,0.7070457935333252,0.07585166394710541,-0.1067781075835228,844739,21,2,False,Left,Back,Right,Left,64
<_io.BytesIO object at 0x0000029FC49DEE50>,0.6946493983268738,0.07286365330219269,-0.05523408204317093,844739,21,2,False,Left,Back,Right,Left,64
<_io.BytesIO object at 0x0000029FC1C483B0>,0.6479244828224182,0.1009858250617981,-0.1415591984987259,844740,21,2,False,Left,Back,Right,Left,64
<_io.BytesIO object at 0x0000029FC1C484F0>,0.6157122254371643,0.11065219342708588,-0.07688388228416443,844740,21,2,False,Left,Back,Right,Left,64
<_io.BytesIO object at 0x0000029FC1C48DB0>,0.6779485940933228,0.11322053521871567,-0.11777175962924957,844740,21,2,False,Left,Back,Right,Left,64
<_io.BytesIO object at 0x0000029FC1C48860>,0.7072118520736694,0.07632911950349808,-0.10608181357383728,844740,21,2,False,Left,Back,Right,Left,64
<_io.BytesIO object at 0x0000029FC49DE810>,0.6948519349098206,0.07336543500423431,-0.05443885549902916,844740,21,2,False,Left,Back,Right,Left,64
<_io.BytesIO object at 0x0000029FC4A1C180>,0.6481648683547974,0.10148399323225021,-0.14069847762584686,844741,21,2,False,Left,Back,Right,Left,64
<_io.BytesIO object at 0x0000029FC4A1B7C0>,0.616115152835846,0.11146915704011917,-0.07590532302856445,844741,21,2,False,Left,Back,Right,Left,64
<_io.BytesIO object at 0x0000029FC4A1BF90>,0.6782810091972351,0.1138305515050888,-0.11691783368587494,844741,21,2,False,Left,Back,Right,Left,64
<_io.BytesIO object at 0x0000029FC4A07680>,0.7073872089385986,0.07672742009162903,-0.10543230921030045,844741,21,2,False,Left,Back,Right,Left,64
<_io.BytesIO object at 0x0000029FC4A07DB0>,0.6950861215591431,0.07381536811590195,-0.05362606421113014,844741,21,2,False,Left,Back,Right,Left,64
<_io.BytesIO object at 0x0000029FC4A14E00>,0.6482862830162048,0.10196632146835327,-0.13985717296600342,844742,21,2,False,Left,Back,Right,Left,64
<_io.BytesIO object at 0x0000029FC4A14D60>,0.6165487170219421,0.1121293157339096,-0.07503169029951096,844742,21,2,False,Left,Back,Right,Left,64
<_io.BytesIO object at 0x0000029FC4A147C0>,0.6784898638725281,0.11412166059017181,-0.11623942106962204,844742,21,2,False,Left,Back,Right,Left,64
<_io.BytesIO object at 0x0000029FC49F1D10>,0.7075695991516113,0.07703237235546112,-0.10478031635284424,844742,21,2,False,Left,Back,Right,Left,64
<_io.BytesIO object at 0x0000029FC49F1B30>,0.6953524351119995,0.07420635223388672,-0.052844081073999405,844742,21,2,False,Left,Back,Right,Left,64
<_io.BytesIO object at 0x0000029FC4AA5040>,0.6485382318496704,0.1024106815457344,-0.13891753554344177,844743,21,2,False,Left,Back,Right,Left,64
<_io.BytesIO object at 0x0000029FC4AA5E00>,0.6170269250869751,0.11281614005565643,-0.0740133598446846,844743,21,2,False,Left,Back,Right,Left,64
<_io.BytesIO object at 0x0000029FC4AA5B80>,0.6788581013679504,0.1146458238363266,-0.11542101949453354,844743,21,2,False,Left,Back,Right,Left,64
<_io.BytesIO object at 0x0000029FC4AA5A40>,0.7078456878662109,0.07739003747701645,-0.10395611822605133,844743,21,2,False,Left,Back,Right,Left,64
<_io.BytesIO object at 0x0000029FC4A84A90>,0.6957592964172363,0.07461313158273697,-0.0520457848906517,844743,21,2,False,Left,Back,Right,Left,64
<_io.BytesIO object at 0x0000029FC49E3770>,0.6487903594970703,0.10276984423398972,-0.1380729377269745,844744,21,2,False,Left,Back,Right,Left,64
<_io.BytesIO object at 0x0000029FC49E26D0>,0.6175326704978943,0.11342623084783554,-0.07296766340732574,844744,21,2,False,Left,Back,Right,Left,64
<_io.BytesIO object at 0x0000029FC49E20E0>,0.6791841983795166,0.11482022702693939,-0.11456209421157837,844744,21,2,False,Left,Back,Right,Left,64
<_io.BytesIO object at 0x0000029FC49E2680>,0.7080461382865906,0.07760708034038544,-0.10324665904045105,844744,21,2,False,Left,Back,Right,Left,64
<_io.BytesIO object at 0x0000029FC49E2400>,0.6961780786514282,0.07497813552618027,-0.051188498735427856,844744,21,2,False,Left,Back,Right,Left,64
<_io.BytesIO object at 0x0000029FC4A243B0>,0.6490364670753479,0.10300135612487793,-0.1370888501405716,844745,21,2,False,Left,Back,Right,Left,64
<_io.BytesIO object at 0x0000029FC49E85E0>,0.6181385517120361,0.11407262831926346,-0.07194653153419495,844745,21,2,False,Left,Back,Right,Left,64
<_io.BytesIO object at 0x0000029FC49E8220>,0.679455578327179,0.11505082249641418,-0.11380317807197571,844745,21,2,False,Left,Back,Right,Left,64
<_io.BytesIO object at 0x0000029FC49E8540>,0.7083191275596619,0.07779285311698914,-0.10252105444669724,844745,21,2,False,Left,Back,Right,Left,64
<_io.BytesIO object at 0x0000029FC49E8900>,0.6965270638465881,0.075298972427845,-0.050311602652072906,844745,21,2,False,Left,Back,Right,Left,64
<_io.BytesIO object at 0x0000029FC4A24180>,0.6493839025497437,0.10333140194416046,-0.1360514760017395,844746,21,2,False,Left,Back,Right,Left,64
<_io.BytesIO object at 0x0000029FC4A24D60>,0.6186184287071228,0.11473456770181656,-0.0708191841840744,844746,21,2,False,Left,Back,Right,Left,64
<_io.BytesIO object at 0x0000029FC1C50C70>,0.679982602596283,0.11531073600053787,-0.11289282143115997,844746,21,2,False,Left,Back,Right,Left,64
<_io.BytesIO object at 0x0000029FC1C50090>,0.708699643611908,0.0780310407280922,-0.10161121934652328,844746,21,2,False,Left,Back,Right,Left,64
<_io.BytesIO object at 0x0000029FC1C50BD0>,0.6970629096031189,0.07566036283969879,-0.04937296733260155,844746,21,2,False,Left,Back,Right,Left,64
<_io.BytesIO object at 0x0000029FC49E30E0>,0.6495174169540405,0.10382502526044846,-0.1349663883447647,844747,21,2,False,Left,Back,Right,Left,64
<_io.BytesIO object at 0x0000029FBD0556D0>,0.6192840933799744,0.11533383280038834,-0.0697164386510849,844747,21,2,False,Left,Back,Right,Left,64
<_io.BytesIO object at 0x0000029FC4A84040>,0.6803169250488281,0.11555887758731842,-0.11210276186466217,844747,21,2,False,Left,Back,Right,Left,64
<_io.BytesIO object at 0x0000029FC4A84DB0>,0.7090250253677368,0.07829036563634872,-0.10082467645406723,844747,21,2,False,Left,Back,Right,Left,64
<_io.BytesIO object at 0x0000029FC4A844A0>,0.6976240277290344,0.07605638355016708,-0.048434652388095856,844747,21,2,False,Left,Back,Right,Left,64
<_io.BytesIO object at 0x0000029FC49EE130>,0.6499454379081726,0.10399200022220612,-0.13393139839172363,844748,21,2,False,Left,Back,Right,Left,64
<_io.BytesIO object at 0x0000029FC49EE590>,0.6198761463165283,0.1158573105931282,-0.06859561055898666,844748,21,2,False,Left,Back,Right,Left,64
<_io.BytesIO object at 0x0000029FC49EE2C0>,0.680800199508667,0.11579656600952148,-0.11104786396026611,844748,21,2,False,Left,Back,Right,Left,64
<_io.BytesIO object at 0x0000029FC49F19A0>,0.7093840837478638,0.07845522463321686,-0.09991065412759781,844748,21,2,False,Left,Back,Right,Left,64
<_io.BytesIO object at 0x0000029FC49F1090>,0.6981794834136963,0.07626886665821075,-0.04739239439368248,844748,21,2,False,Left,Back,Right,Left,64
<_io.BytesIO object at 0x0000029FC4A069A0>,0.6501606702804565,0.10436280071735382,-0.13265971839427948,844749,21,2,False,Left,Back,Right,Left,64
<_io.BytesIO object at 0x0000029FC4A06D10>,0.6205071806907654,0.11639080196619034,-0.0672864094376564,844749,21,2,False,Left,Back,Right,Left,64
<_io.BytesIO object at 0x0000029FC4A06F90>,0.6810992956161499,0.11601237207651138,-0.10997508466243744,844749,21,2,False,Left,Back,Right,Left,64
<_io.BytesIO object at 0x0000029FC4A07AE0>,0.7097416520118713,0.07858885824680328,-0.09893852472305298,844749,21,2,False,Left,Back,Right,Left,64
<_io.BytesIO object at 0x0000029FC4A07040>,0.6986318826675415,0.07652401924133301,-0.046325162053108215,844749,21,2,False,Left,Back,Right,Left,64
<_io.BytesIO object at 0x0000029FC4A1C720>,0.6503570079803467,0.10453511029481888,-0.1313553899526596,844750,21,2,False,Left,Back,Right,Left,64
<_io.BytesIO object at 0x0000029FC4A1CE00>,0.6211762428283691,0.11694119870662689,-0.06586338579654694,844750,21,2,False,Left,Back,Right,Left,64
<_io.BytesIO object at 0x0000029FC49DE360>,0.6815217137336731,0.1162346601486206,-0.10884687304496765,844750,21,2,False,Left,Back,Right,Left,64
<_io.BytesIO object at 0x0000029FC49DE540>,0.7099848985671997,0.07867573946714401,-0.097925566136837,844750,21,2,False,Left,Back,Right,Left,64
<_io.BytesIO object at 0x0000029FC49DE630>,0.6990911960601807,0.07674017548561096,-0.04512479528784752,844750,21,2,False,Left,Back,Right,Left,64
<_io.BytesIO object at 0x0000029FC1C48BD0>,0.6505990624427795,0.10489990562200546,-0.12990468740463257,844751,21,2,False,Left,Back,Right,Left,64
<_io.BytesIO object at 0x0000029FC1C48810>,0.6217761635780334,0.11744031310081482,-0.06430267542600632,844751,21,2,False,Left,Back,Right,Left,64
<_io.BytesIO object at 0x0000029FC1C48DB0>,0.6820366978645325,0.11641869693994522,-0.10765943676233292,844751,21,2,False,Left,Back,Right,Left,64
<_io.BytesIO object at 0x0000029FC1C48860>,0.7103446125984192,0.07879839837551117,-0.0967474952340126,844751,21,2,False,Left,Back,Right,Left,64
<_io.BytesIO object at 0x0000029FC1C48400>,0.6996493339538574,0.07697463035583496,-0.04397375136613846,844751,21,2,False,Left,Back,Right,Left,64
<_io.BytesIO object at 0x0000029FC4A1C770>,0.6507839560508728,0.10531596839427948,-0.12841182947158813,844752,21,2,False,Left,Back,Right,Left,64
<_io.BytesIO object at 0x0000029FC4A1B8B0>,0.6222475171089172,0.11800684034824371,-0.06253711134195328,844752,21,2,False,Left,Back,Right,Left,64
<_io.BytesIO object at 0x0000029FC4A1B2C0>,0.6823973059654236,0.11679748445749283,-0.10628670454025269,844752,21,2,False,Left,Back,Right,Left,64
<_io.BytesIO object at 0x0000029FC4A07DB0>,0.7104753851890564,0.07888555526733398,-0.09557913988828659,844752,21,2,False,Left,Back,Right,Left,64
<_io.BytesIO object at 0x0000029FC4A07680>,0.6999834179878235,0.0770278200507164,-0.04260599613189697,844752,21,2,False,Left,Back,Right,Left,64
<_io.BytesIO object at 0x0000029FC4A141D0>,0.6509597897529602,0.10583987832069397,-0.1267741322517395,844753,21,2,False,Left,Back,Right,Left,64
<_io.BytesIO object at 0x0000029FC4A142C0>,0.6228938102722168,0.11859945207834244,-0.060779474675655365,844753,21,2,False,Left,Back,Right,Left,64
<_io.BytesIO object at 0x0000029FC4A14C20>,0.6826068758964539,0.11695103347301483,-0.10480884462594986,844753,21,2,False,Left,Back,Right,Left,64
<_io.BytesIO object at 0x0000029FC49F1360>,0.7105868458747864,0.07901649177074432,-0.0942847952246666,844753,21,2,False,Left,Back,Right,Left,64
<_io.BytesIO object at 0x0000029FC49F1D10>,0.7002305388450623,0.07705911993980408,-0.04114494472742081,844753,21,2,False,Left,Back,Right,Left,64
<_io.BytesIO object at 0x0000029FC4AA54F0>,0.6509527564048767,0.10645201802253723,-0.12500698864459991,844754,21,2,False,Left,Back,Right,Left,64
<_io.BytesIO object at 0x0000029FC4AA59A0>,0.623345673084259,0.11931220442056656,-0.058784689754247665,844754,21,2,False,Left,Back,Right,Left,64
<_io.BytesIO object at 0x0000029FC4AA54A0>,0.6828798651695251,0.11733687669038773,-0.10314512997865677,844754,21,2,False,Left,Back,Right,Left,64
<_io.BytesIO object at 0x0000029FC4A84130>,0.7107313871383667,0.07910174876451492,-0.0927606001496315,844754,21,2,False,Left,Back,Right,Left,64
<_io.BytesIO object at 0x0000029FC4A84220>,0.7004240155220032,0.07713446766138077,-0.039582509547472,844754,21,2,False,Left,Back,Right,Left,64
<_io.BytesIO object at 0x0000029FC49E3040>,0.6509787440299988,0.10709699243307114,-0.1231122687458992,844755,21,2,False,Left,Back,Right,Left,64
<_io.BytesIO object at 0x0000029FC49E2450>,0.6237314939498901,0.12002984434366226,-0.05674831196665764,844755,21,2,False,Left,Back,Right,Left,64
<_io.BytesIO object at 0x0000029FC49E29A0>,0.6830618381500244,0.11775785684585571,-0.10143855959177017,844755,21,2,False,Left,Back,Right,Left,64
<_io.BytesIO object at 0x0000029FC49E2680>,0.7106099724769592,0.07931160181760788,-0.09118008613586426,844755,21,2,False,Left,Back,Right,Left,64
<_io.BytesIO object at 0x0000029FC49E2B80>,0.7005558013916016,0.07720925658941269,-0.03788280114531517,844755,21,2,False,Left,Back,Right,Left,64
<_io.BytesIO object at 0x0000029FC4A244A0>,0.6508864760398865,0.10779761523008347,-0.12096136063337326,844756,21,2,False,Left,Back,Right,Left,64
<_io.BytesIO object at 0x0000029FC49E8040>,0.624025285243988,0.1207844540476799,-0.05446259304881096,844756,21,2,False,Left,Back,Right,Left,64
<_io.BytesIO object at 0x0000029FC49E8EA0>,0.6833081841468811,0.11822758615016937,-0.09948688745498657,844756,21,2,False,Left,Back,Right,Left,64
<_io.BytesIO object at 0x0000029FC49E8540>,0.7105535864830017,0.07962297648191452,-0.08939441293478012,844756,21,2,False,Left,Back,Right,Left,64
<_io.BytesIO object at 0x0000029FC49E82C0>,0.7005685567855835,0.07733552902936935,-0.03602182865142822,844756,21,2,False,Left,Back,Right,Left,64
<_io.BytesIO object at 0x0000029FC4A24400>,0.6508921980857849,0.10837436467409134,-0.11886725574731827,844757,21,2,False,Left,Back,Right,Left,64
<_io.BytesIO object at 0x0000029FC4A24220>,0.6243216395378113,0.12164893001317978,-0.0521014928817749,844757,21,2,False,Left,Back,Right,Left,64
<_io.BytesIO object at 0x0000029FC1C505E0>,0.6832317113876343,0.11861172318458557,-0.09747571498155594,844757,21,2,False,Left,Back,Right,Left,64
<_io.BytesIO object at 0x0000029FC1C500E0>,0.7103925347328186,0.07985581457614899,-0.08741532266139984,844757,21,2,False,Left,Back,Right,Left,64
<_io.BytesIO object at 0x0000029FC1C50BD0>,0.7005344033241272,0.07757439464330673,-0.03394860774278641,844757,21,2,False,Left,Back,Right,Left,64
<_io.BytesIO object at 0x0000029FC49E3310>,0.6507598161697388,0.10921351611614227,-0.11651290953159332,844758,21,2,False,Left,Back,Right,Left,64
<_io.BytesIO object at 0x0000029FBD0551D0>,0.6244524717330933,0.12265179306268692,-0.04960303753614426,844758,21,2,False,Left,Back,Right,Left,64
<_io.BytesIO object at 0x0000029FC4A84950>,0.6833712458610535,0.11919738352298737,-0.09517225623130798,844758,21,2,False,Left,Back,Right,Left,64
<_io.BytesIO object at 0x0000029FC4A84040>,0.7100570797920227,0.08021028339862823,-0.0853525698184967,844758,21,2,False,Left,Back,Right,Left,64
<_io.BytesIO object at 0x0000029FC4A84F40>,0.7003352642059326,0.0779317244887352,-0.03174702823162079,844758,21,2,False,Left,Back,Right,Left,64
<_io.BytesIO object at 0x0000029FC49EE5E0>,0.6503368020057678,0.11043593287467957,-0.11397400498390198,844759,21,2,False,Left,Back,Right,Left,64
<_io.BytesIO object at 0x0000029FC49EE220>,0.6245032548904419,0.12377763539552689,-0.04690391197800636,844759,21,2,False,Left,Back,Right,Left,64
<_io.BytesIO object at 0x0000029FC49F1680>,0.6832810044288635,0.11984091252088547,-0.09296049177646637,844759,21,2,False,Left,Back,Right,Left,64
<_io.BytesIO object at 0x0000029FC49F1950>,0.7096412777900696,0.08064816892147064,-0.08306347578763962,844759,21,2,False,Left,Back,Right,Left,64
<_io.BytesIO object at 0x0000029FC49F1900>,0.700018048286438,0.07815807312726974,-0.02939988300204277,844759,21,2,False,Left,Back,Right,Left,64
<_io.BytesIO object at 0x0000029FC4A06680>,0.6500308513641357,0.11151323467493057,-0.11125767976045609,844760,21,2,False,Left,Back,Right,Left,64
<_io.BytesIO object at 0x0000029FC4A06810>,0.624470591545105,0.1250496804714203,-0.04398135840892792,844760,21,2,False,Left,Back,Right,Left,64
<_io.BytesIO object at 0x0000029FC4A06090>,0.6830828189849854,0.12058347463607788,-0.09015511721372604,844760,21,2,False,Left,Back,Right,Left,64
<_io.BytesIO object at 0x0000029FC4A07310>,0.7090851068496704,0.08107750117778778,-0.08058556914329529,844760,21,2,False,Left,Back,Right,Left,64
<_io.BytesIO object at 0x0000029FC4A07E00>,0.6994202136993408,0.07854984700679779,-0.026759374886751175,844760,21,2,False,Left,Back,Right,Left,64
<_io.BytesIO object at 0x0000029FC4A1CB30>,0.6495253443717957,0.11263681203126907,-0.10847502946853638,844761,21,2,False,Left,Back,Right,Left,64
<_io.BytesIO object at 0x0000029FC4A1CA40>,0.6243733763694763,0.1264568567276001,-0.04081983119249344,844761,21,2,False,Left,Back,Right,Left,64
<_io.BytesIO object at 0x0000029FC49DE0E0>,0.6825851202011108,0.12131964415311813,-0.08751574158668518,844761,21,2,False,Left,Back,Right,Left,64
<_io.BytesIO object at 0x0000029FC49DE270>,0.7083460092544556,0.0816601887345314,-0.07794711738824844,844761,21,2,False,Left,Back,Right,Left,64
<_io.BytesIO object at 0x0000029FC49DEF90>,0.6986923217773438,0.07899533957242966,-0.023895299062132835,844761,21,2,False,Left,Back,Right,Left,64
<_io.BytesIO object at 0x0000029FC1C48B30>,0.6489129662513733,0.11393898725509644,-0.10530281066894531,844762,21,2,False,Left,Back,Right,Left,64
<_io.BytesIO object at 0x0000029FC1C48F40>,0.6240238547325134,0.12798482179641724,-0.037703897804021835,844762,21,2,False,Left,Back,Right,Left,64
<_io.BytesIO object at 0x0000029FC1C48130>,0.6821695566177368,0.12236252427101135,-0.0843106210231781,844762,21,2,False,Left,Back,Right,Left,64
<_io.BytesIO object at 0x0000029FC1C48310>,0.7075031399726868,0.08234310895204544,-0.07509542256593704,844762,21,2,False,Left,Back,Right,Left,64
<_io.BytesIO object at 0x0000029FC1C48C20>,0.6977139115333557,0.07959020137786865,-0.020847242325544357,844762,21,2,False,Left,Back,Right,Left,64
<_io.BytesIO object at 0x0000029FC4A1CCC0>,0.6481451392173767,0.11529351025819778,-0.10201345384120941,844763,21,2,False,Left,Back,Right,Left,64
<_io.BytesIO object at 0x0000029FC4A1B9A0>,0.6235818862915039,0.12961995601654053,-0.034226298332214355,844763,21,2,False,Left,Back,Right,Left,64
<_io.BytesIO object at 0x0000029FC4A1B180>,0.6813523769378662,0.12323717772960663,-0.08111660182476044,844763,21,2,False,Left,Back,Right,Left,64
<_io.BytesIO object at 0x0000029FC4A073B0>,0.7064313888549805,0.08308518677949905,-0.07186373323202133,844763,21,2,False,Left,Back,Right,Left,64
<_io.BytesIO object at 0x0000029FC4A07400>,0.6965448260307312,0.08026277273893356,-0.017512381076812744,844763,21,2,False,Left,Back,Right,Left,64
<_io.BytesIO object at 0x0000029FC4A14EF0>,0.6471427083015442,0.11677418649196625,-0.0983656644821167,844764,21,2,False,Left,Back,Right,Left,64
<_io.BytesIO object at 0x0000029FC4A14D10>,0.6228832006454468,0.13148345053195953,-0.030649788677692413,844764,21,2,False,Left,Back,Right,Left,64
<_io.BytesIO object at 0x0000029FC4A14DB0>,0.6805983781814575,0.12429767102003098,-0.07770979404449463,844764,21,2,False,Left,Back,Right,Left,64
<_io.BytesIO object at 0x0000029FC49F1BD0>,0.7050831317901611,0.083880215883255,-0.0684354156255722,844764,21,2,False,Left,Back,Right,Left,64
<_io.BytesIO object at 0x0000029FC49F1B30>,0.695136308670044,0.08097020536661148,-0.013910099864006042,844764,21,2,False,Left,Back,Right,Left,64
<_io.BytesIO object at 0x0000029FC4AA5E00>,0.646166205406189,0.11847042292356491,-0.09469540417194366,844765,21,2,False,Left,Back,Right,Left,64
<_io.BytesIO object at 0x0000029FC4AA57C0>,0.6220335960388184,0.1332915872335434,-0.02686186321079731,844765,21,2,False,Left,Back,Right,Left,64
<_io.BytesIO object at 0x0000029FC4AA5860>,0.679646909236908,0.12539121508598328,-0.07418309152126312,844765,21,2,False,Left,Back,Right,Left,64
<_io.BytesIO object at 0x0000029FC4A84590>,0.7037183046340942,0.08486386388540268,-0.06465473026037216,844765,21,2,False,Left,Back,Right,Left,64
<_io.BytesIO object at 0x0000029FC4A84A90>,0.6933815479278564,0.08168422430753708,-0.010128244757652283,844765,21,2,False,Left,Back,Right,Left,64
<_io.BytesIO object at 0x0000029FC49E3DB0>,0.6448579430580139,0.12014925479888916,-0.09077078104019165,844766,21,2,False,Left,Back,Right,Left,64
<_io.BytesIO object at 0x0000029FC49E2810>,0.6210112571716309,0.13530412316322327,-0.022842463105916977,844766,21,2,False,Left,Back,Right,Left,64
<_io.BytesIO object at 0x0000029FC49E24F0>,0.6786155104637146,0.1264857053756714,-0.07026372849941254,844766,21,2,False,Left,Back,Right,Left,64
<_io.BytesIO object at 0x0000029FC49E2400>,0.701991081237793,0.08573353290557861,-0.06064137443900108,844766,21,2,False,Left,Back,Right,Left,64
<_io.BytesIO object at 0x0000029FC49E2A40>,0.69140625,0.08248460292816162,-0.006016256753355265,844766,21,2,False,Left,Back,Right,Left,64
<_io.BytesIO object at 0x0000029FC4A24950>,0.6434928774833679,0.1219526007771492,-0.08675531297922134,844767,21,2,False,Left,Back,Right,Left,64
<_io.BytesIO object at 0x0000029FC49E8EF0>,0.6197322607040405,0.13732598721981049,-0.01862010918557644,844767,21,2,False,Left,Back,Right,Left,64
<_io.BytesIO object at 0x0000029FC49E8360>,0.6772038340568542,0.12781676650047302,-0.06601586937904358,844767,21,2,False,Left,Back,Right,Left,64
<_io.BytesIO object at 0x0000029FC49E8540>,0.700059711933136,0.08675616979598999,-0.056387338787317276,844767,21,2,False,Left,Back,Right,Left,64
<_io.BytesIO object at 0x0000029FC49E8E50>,0.6893041729927063,0.08352792263031006,-0.0017982402350753546,844767,21,2,False,Left,Back,Right,Left,64
<_io.BytesIO object at 0x0000029FC4A244F0>,0.6417670249938965,0.12394832819700241,-0.08204927295446396,844768,21,2,False,Left,Back,Right,Left,64
<_io.BytesIO object at 0x0000029FC4A24C20>,0.6181581020355225,0.139484703540802,-0.014227882958948612,844768,21,2,False,Left,Back,Right,Left,64
<_io.BytesIO object at 0x0000029FC1C506D0>,0.6756122708320618,0.1290379762649536,-0.06152203306555748,844768,21,2,False,Left,Back,Right,Left,64
<_io.BytesIO object at 0x0000029FC1C500E0>,0.6978167295455933,0.08777333796024323,-0.05185208469629288,844768,21,2,False,Left,Back,Right,Left,64
<_io.BytesIO object at 0x0000029FC1C50BD0>,0.6866430044174194,0.08425301313400269,0.002785273129120469,844768,21,2,False,Left,Back,Right,Left,64
<_io.BytesIO object at 0x0000029FC49E3B30>,0.6400147080421448,0.12571638822555542,-0.07768304646015167,844769,21,2,False,Left,Back,Right,Left,64
<_io.BytesIO object at 0x0000029FBD0552C0>,0.6164315938949585,0.14172933995723724,-0.009568029083311558,844769,21,2,False,Left,Back,Right,Left,64
<_io.BytesIO object at 0x0000029FC4A84090>,0.6738423705101013,0.13038256764411926,-0.05676131695508957,844769,21,2,False,Left,Back,Right,Left,64
<_io.BytesIO object at 0x0000029FC4A849A0>,0.6953198909759521,0.0888107493519783,-0.04709291458129883,844769,21,2,False,Left,Back,Right,Left,64
<_io.BytesIO object at 0x0000029FC4A849F0>,0.6837910413742065,0.08520807325839996,0.00760771194472909,844769,21,2,False,Left,Back,Right,Left,64
<_io.BytesIO object at 0x0000029FC49EE900>,0.6379749178886414,0.12767943739891052,-0.07288910448551178,844770,21,2,False,Left,Back,Right,Left,64
<_io.BytesIO object at 0x0000029FC49EE9F0>,0.6143288612365723,0.1439734250307083,-0.004727168474346399,844770,21,2,False,Left,Back,Right,Left,64
<_io.BytesIO object at 0x0000029FC49F1C20>,0.6717908382415771,0.13165408372879028,-0.051793914288282394,844770,21,2,False,Left,Back,Right,Left,64
<_io.BytesIO object at 0x0000029FC49F1680>,0.6919968128204346,0.08935914933681488,-0.042481109499931335,844770,21,2,False,Left,Back,Right,Left,64
<_io.BytesIO object at 0x0000029FC49F1590>,0.6804887056350708,0.0861099362373352,0.012653855606913567,844770,21,2,False,Left,Back,Right,Left,64
<_io.BytesIO object at 0x0000029FC4A06310>,0.6355705857276917,0.12964604794979095,-0.0678572803735733,844771,21,2,False,Left,Back,Right,Left,64
<_io.BytesIO object at 0x0000029FC4A063B0>,0.6119521260261536,0.1462838500738144,0.0002478940587025136,844771,21,2,False,Left,Back,Right,Left,64
<_io.BytesIO object at 0x0000029FC4A06A90>,0.6691962480545044,0.13290268182754517,-0.04663347825407982,844771,21,2,False,Left,Back,Right,Left,64
<_io.BytesIO object at 0x0000029FC4A07220>,0.6887559294700623,0.09028778970241547,-0.037291113287210464,844771,21,2,False,Left,Back,Right,Left,64
<_io.BytesIO object at 0x0000029FC4A079A0>,0.6767938733100891,0.08708937466144562,0.01781817153096199,844771,21,2,False,Left,Back,Right,Left,64
<_io.BytesIO object at 0x0000029FC4A1C8B0>,0.6329328417778015,0.13153554499149323,-0.06263205409049988,844772,21,2,False,Left,Back,Right,Left,64
<_io.BytesIO object at 0x0000029FC4A1CF40>,0.6091997623443604,0.14857104420661926,0.005414384882897139,844772,21,2,False,Left,Back,Right,Left,64
<_io.BytesIO object at 0x0000029FC49DEC70>,0.6665816903114319,0.13411788642406464,-0.04124310985207558,844772,21,2,False,Left,Back,Right,Left,64
<_io.BytesIO object at 0x0000029FC49DE450>,0.685194730758667,0.0912589430809021,-0.03185175359249115,844772,21,2,False,Left,Back,Right,Left,64
<_io.BytesIO object at 0x0000029FC49DE270>,0.6729183197021484,0.08810388296842575,0.023348510265350342,844772,21,2,False,Left,Back,Right,Left,64
<_io.BytesIO object at 0x0000029FC1C48EF0>,0.6300607323646545,0.13343243300914764,-0.05725965276360512,844773,21,2,False,Left,Back,Right,Left,64
<_io.BytesIO object at 0x0000029FC1C481D0>,0.6062496304512024,0.1507261097431183,0.01068200170993805,844773,21,2,False,Left,Back,Right,Left,64
<_io.BytesIO object at 0x0000029FC1C48DB0>,0.6635562777519226,0.13543759286403656,-0.035637471824884415,844773,21,2,False,Left,Back,Right,Left,64
<_io.BytesIO object at 0x0000029FC1C489F0>,0.6814935207366943,0.09216716140508652,-0.026184096932411194,844773,21,2,False,Left,Back,Right,Left,64
<_io.BytesIO object at 0x0000029FC1C48400>,0.6684604287147522,0.0890204980969429,0.029115930199623108,844773,21,2,False,Left,Back,Right,Left,64
<_io.BytesIO object at 0x0000029FC4A1C4F0>,0.6271086931228638,0.13530176877975464,-0.05169254168868065,844774,21,2,False,Left,Back,Right,Left,64
<_io.BytesIO object at 0x0000029FC4A1B9F0>,0.6029207706451416,0.1529781073331833,0.01602092757821083,844774,21,2,False,Left,Back,Right,Left,64
<_io.BytesIO object at 0x0000029FC4A07770>,0.660376787185669,0.13665111362934113,-0.029726196080446243,844774,21,2,False,Left,Back,Right,Left,64
<_io.BytesIO object at 0x0000029FC4A07F40>,0.6773577332496643,0.09310664236545563,-0.02029644511640072,844774,21,2,False,Left,Back,Right,Left,64
<_io.BytesIO object at 0x0000029FC4A07950>,0.663553774356842,0.0898844450712204,0.035043567419052124,844774,21,2,False,Left,Back,Right,Left,64
<_io.BytesIO object at 0x0000029FC4A14EA0>,0.6238011121749878,0.13708806037902832,-0.045986417680978775,844775,21,2,False,Left,Back,Right,Left,64
<_io.BytesIO object at 0x0000029FC4A14590>,0.5992233157157898,0.15509368479251862,0.02159547246992588,844775,21,2,False,Left,Back,Right,Left,64
<_io.BytesIO object at 0x0000029FC4A147C0>,0.6569737792015076,0.13780969381332397,-0.023687662556767464,844775,21,2,False,Left,Back,Right,Left,64
<_io.BytesIO object at 0x0000029FC49F1810>,0.6734302043914795,0.09431485086679459,-0.014154041185975075,844775,21,2,False,Left,Back,Right,Left,64
<_io.BytesIO object at 0x0000029FC49F1360>,0.6584534049034119,0.09077692031860352,0.0411844328045845,844775,21,2,False,Left,Back,Right,Left,64
<_io.BytesIO object at 0x0000029FC4AA53B0>,0.6202123761177063,0.1388990581035614,-0.03999967500567436,844776,21,2,False,Left,Back,Right,Left,64
<_io.BytesIO object at 0x0000029FC4AA5AE0>,0.5951786637306213,0.15698403120040894,0.027124833315610886,844776,21,2,False,Left,Back,Right,Left,64
<_io.BytesIO object at 0x0000029FC4AA5590>,0.6530012488365173,0.13895054161548615,-0.017410626634955406,844776,21,2,False,Left,Back,Right,Left,64
<_io.BytesIO object at 0x0000029FC4A84180>,0.6682803630828857,0.09480743110179901,-0.007816983386874199,844776,21,2,False,Left,Back,Right,Left,64
<_io.BytesIO object at 0x0000029FC4A84130>,0.6528321504592896,0.09159497171640396,0.04748066887259483,844776,21,2,False,Left,Back,Right,Left,64
<_io.BytesIO object at 0x0000029FC49E3A90>,0.616377055644989,0.14061884582042694,-0.03402217850089073,844777,21,2,False,Left,Back,Right,Left,64
<_io.BytesIO object at 0x0000029FC49E2630>,0.5908753275871277,0.15888623893260956,0.03298123925924301,844777,21,2,False,Left,Back,Right,Left,64
<_io.BytesIO object at 0x0000029FC49E2C20>,0.6489956378936768,0.14001300930976868,-0.010919381864368916,844777,21,2,False,Left,Back,Right,Left,64
<_io.BytesIO object at 0x0000029FC49E2900>,0.6633363366127014,0.0956713855266571,-0.0013246465241536498,844777,21,2,False,Left,Back,Right,Left,64
<_io.BytesIO object at 0x0000029FC49E2860>,0.6468823552131653,0.092379130423069,0.05394160374999046,844777,21,2,False,Left,Back,Right,Left,64
<_io.BytesIO object at 0x0000029FC49E8860>,0.6123836040496826,0.1423265039920807,-0.02782832831144333,844778,21,2,False,Left,Back,Right,Left,64
<_io.BytesIO object at 0x0000029FC49E8900>,0.5861350297927856,0.16068975627422333,0.03881831839680672,844778,21,2,False,Left,Back,Right,Left,64
<_io.BytesIO object at 0x0000029FC49E8590>,0.6445972919464111,0.14094173908233643,-0.004305053502321243,844778,21,2,False,Left,Back,Right,Left,64
<_io.BytesIO object at 0x0000029FC49E8C20>,0.6581673622131348,0.09646832942962646,0.005258829332888126,844778,21,2,False,Left,Back,Right,Left,64
<_io.BytesIO object at 0x0000029FC4A4F950>,0.6404845714569092,0.09303587675094604,0.06040932238101959,844778,21,2,False,Left,Back,Right,Left,64
<_io.BytesIO object at 0x0000029FC49E8270>,0.608132004737854,0.14395172894001007,-0.021460190415382385,844779,21,2,False,Left,Back,Right,Left,64
<_io.BytesIO object at 0x0000029FC4A24360>,0.5812618136405945,0.16239731013774872,0.044881340116262436,844779,21,2,False,Left,Back,Right,Left,64
<_io.BytesIO object at 0x0000029FC4A24090>,0.6399655938148499,0.14198042452335358,0.002453611232340336,844779,21,2,False,Left,Back,Right,Left,64
<_io.BytesIO object at 0x0000029FC4A24D10>,0.65265291929245,0.09719152748584747,0.01197037473320961,844779,21,2,False,Left,Back,Right,Left,64
<_io.BytesIO object at 0x0000029FC4A249A0>,0.6340363025665283,0.09369443356990814,0.06697189062833786,844779,21,2,False,Left,Back,Right,Left,64
<_io.BytesIO object at 0x0000029FC49E24F0>,0.6035053133964539,0.1454467475414276,-0.01493645180016756,844780,21,2,False,Left,Back,Right,Left,64
<_io.BytesIO object at 0x0000029FC49E3DB0>,0.5760481357574463,0.16391593217849731,0.051031142473220825,844780,21,2,False,Left,Back,Right,Left,64
<_io.BytesIO object at 0x0000029FC49E39A0>,0.6349998116493225,0.14284980297088623,0.009419643320143223,844780,21,2,False,Left,Back,Right,Left,64
<_io.BytesIO object at 0x0000029FC49E3810>,0.6469033360481262,0.09786706417798996,0.018787402659654617,844780,21,2,False,Left,Back,Right,Left,64
<_io.BytesIO object at 0x0000029FBD055720>,0.6271389722824097,0.09432820975780487,0.07371177524328232,844780,21,2,False,Left,Back,Right,Left,64
<_io.BytesIO object at 0x0000029FC4AA5950>,0.598597526550293,0.14682798087596893,-0.008337737061083317,844781,21,2,False,Left,Back,Right,Left,64
<_io.BytesIO object at 0x0000029FC49EEDB0>,0.5705004930496216,0.1654244363307953,0.05736689269542694,844781,21,2,False,Left,Back,Right,Left,64
<_io.BytesIO object at 0x0000029FC49EE450>,0.6298608183860779,0.14361241459846497,0.01624440588057041,844781,21,2,False,Left,Back,Right,Left,64
<_io.BytesIO object at 0x0000029FC49EEEA0>,0.6407943964004517,0.09845758974552155,0.025594312697649002,844781,21,2,False,Left,Back,Right,Left,64
<_io.BytesIO object at 0x0000029FC49EEE50>,0.6202065348625183,0.09487918764352798,0.08029063791036606,844781,21,2,False,Left,Back,Right,Left,64
<_io.BytesIO object at 0x0000029FC4A14450>,0.5935631990432739,0.14822904765605927,-0.0017129635671153665,844782,21,2,False,Left,Back,Right,Left,64
<_io.BytesIO object at 0x0000029FC4A14130>,0.5648258924484253,0.166768416762352,0.06367887556552887,844782,21,2,False,Left,Back,Right,Left,64
<_io.BytesIO object at 0x0000029FC4A06270>,0.6243336200714111,0.14436911046504974,0.023228848353028297,844782,21,2,False,Left,Back,Right,Left,64
<_io.BytesIO object at 0x0000029FC4A06BD0>,0.6347366571426392,0.09907153993844986,0.03246498107910156,844782,21,2,False,Left,Back,Right,Left,64
<_io.BytesIO object at 0x0000029FC4A06EA0>,0.6129238605499268,0.0952831506729126,0.08694235235452652,844782,21,2,False,Left,Back,Right,Left,64
<_io.BytesIO object at 0x0000029FC4A1BB80>,0.5882413983345032,0.1494312435388565,0.004958294797688723,844783,21,2,False,Left,Back,Right,Left,64
<_io.BytesIO object at 0x0000029FC4A1CCC0>,0.5589596033096313,0.16785791516304016,0.07024481147527695,844783,21,2,False,Left,Back,Right,Left,64
<_io.BytesIO object at 0x0000029FC4A1CA40>,0.6187525987625122,0.1451176106929779,0.03041851334273815,844783,21,2,False,Left,Back,Right,Left,64
<_io.BytesIO object at 0x0000029FC4A1C360>,0.6285420060157776,0.0997307151556015,0.039385486394166946,844783,21,2,False,Left,Back,Right,Left,64
<_io.BytesIO object at 0x0000029FC4A1CB30>,0.6059467196464539,0.09580530226230621,0.09362566471099854,844783,21,2,False,Left,Back,Right,Left,64
<_io.BytesIO object at 0x0000029FC49DE590>,0.5827369689941406,0.1505970060825348,0.011900785379111767,844784,21,2,False,Left,Back,Right,Left,64
<_io.BytesIO object at 0x0000029FC49DE270>,0.5529256463050842,0.16903017461299896,0.07668639719486237,844784,21,2,False,Left,Back,Right,Left,64
<_io.BytesIO object at 0x0000029FC49DE5E0>,0.6128664612770081,0.14587485790252686,0.037642545998096466,844784,21,2,False,Left,Back,Right,Left,64
<_io.BytesIO object at 0x0000029FC49DE9F0>,0.6219958662986755,0.1001533567905426,0.04641230031847954,844784,21,2,False,Left,Back,Right,Left,64
<_io.BytesIO object at 0x0000029FC4A1CF40>,0.5986951589584351,0.09617701917886734,0.10035040229558945,844784,21,2,False,Left,Back,Right,Left,64
<_io.BytesIO object at 0x0000029FC4A06A90>,0.5771883726119995,0.1517709642648697,0.01878299005329609,844785,21,2,False,Left,Back,Right,Left,64
<_io.BytesIO object at 0x0000029FC4A06F40>,0.5468050241470337,0.17001605033874512,0.08336447924375534,844785,21,2,False,Left,Back,Right,Left,64
<_io.BytesIO object at 0x0000029FC4A06720>,0.6068468689918518,0.14655794203281403,0.044797178357839584,844785,21,2,False,Left,Back,Right,Left,64
<_io.BytesIO object at 0x0000029FC4A14450>,0.6155291795730591,0.10073854774236679,0.053412094712257385,844785,21,2,False,Left,Back,Right,Left,64
<_io.BytesIO object at 0x0000029FC4A14270>,0.5913907289505005,0.09663209319114685,0.10716619342565536,844785,21,2,False,Left,Back,Right,Left,64
<_io.BytesIO object at 0x0000029FC49EE400>,0.5715351700782776,0.15285935997962952,0.025737252086400986,844786,21,2,False,Left,Back,Right,Left,64
<_io.BytesIO object at 0x0000029FC49EEB30>,0.5404690504074097,0.17091383039951324,0.09004168212413788,844786,21,2,False,Left,Back,Right,Left,64
<_io.BytesIO object at 0x0000029FC49EED10>,0.6008997559547424,0.14708900451660156,0.05209936574101448,844786,21,2,False,Left,Back,Right,Left,64
<_io.BytesIO object at 0x0000029FC49EE7C0>,0.6089031100273132,0.10118523240089417,0.06047388166189194,844786,21,2,False,Left,Back,Right,Left,64
<_io.BytesIO object at 0x0000029FC4AA5F90>,0.5849542617797852,0.09745215624570847,0.11355429887771606,844786,21,2,False,Left,Back,Right,Left,64
<_io.BytesIO object at 0x0000029FC4A844A0>,0.5658190250396729,0.15406635403633118,0.03298125043511391,844787,21,2,False,Left,Back,Right,Left,64
<_io.BytesIO object at 0x0000029FC4A24D60>,0.5341804027557373,0.17179842293262482,0.09685419499874115,844787,21,2,False,Left,Back,Right,Left,64
<_io.BytesIO object at 0x0000029FC4A24590>,0.5947248935699463,0.14768142998218536,0.05957118794322014,844787,21,2,False,Left,Back,Right,Left,64
<_io.BytesIO object at 0x0000029FC4A24090>,0.602304220199585,0.10164571553468704,0.06756521761417389,844787,21,2,False,Left,Back,Right,Left,64
<_io.BytesIO object at 0x0000029FC4A248B0>,0.5786769986152649,0.09877430647611618,0.119533970952034,844787,21,2,False,Left,Back,Right,Left,64
<_io.BytesIO object at 0x0000029FC1C50310>,0.5600582957267761,0.15541070699691772,0.04011271893978119,844788,21,2,False,Left,Back,Right,Left,64
<_io.BytesIO object at 0x0000029FC4A4F9F0>,0.5278061032295227,0.17266735434532166,0.10383542627096176,844788,21,2,False,Left,Back,Right,Left,64
<_io.BytesIO object at 0x0000029FC4A4F180>,0.5885843634605408,0.14824654161930084,0.06694714725017548,844788,21,2,False,Left,Back,Right,Left,64
<_io.BytesIO object at 0x0000029FC4A4F680>,0.5954796671867371,0.1020505353808403,0.07454860955476761,844788,21,2,False,Left,Back,Right,Left,64
<_io.BytesIO object at 0x0000029FC4A4F220>,0.5726274847984314,0.10027936100959778,0.12537188827991486,844788,21,2,False,Left,Back,Right,Left,64
<_io.BytesIO object at 0x0000029FC49E2C70>,0.5543382167816162,0.15670982003211975,0.047367531806230545,844789,21,2,False,Left,Back,Right,Left,64
<_io.BytesIO object at 0x0000029FC49E37C0>,0.521436333656311,0.17377178370952606,0.11087098717689514,844789,21,2,False,Left,Back,Right,Left,64
<_io.BytesIO object at 0x0000029FC49E35E0>,0.5824238657951355,0.14867500960826874,0.07461290061473846,844789,21,2,False,Left,Back,Right,Left,64
<_io.BytesIO object at 0x0000029FC49E3270>,0.588466227054596,0.10227896273136139,0.0812799483537674,844789,21,2,False,Left,Back,Right,Left,64
<_io.BytesIO object at 0x0000029FC49E3C20>,0.5663675665855408,0.1014602780342102,0.13101042807102203,844789,21,2,False,Left,Back,Right,Left,64
<_io.BytesIO object at 0x0000029FC49E21D0>,0.548614501953125,0.1582365781068802,0.0547582171857357,844790,21,2,False,Left,Back,Right,Left,64
<_io.BytesIO object at 0x0000029FC49E2270>,0.5151807069778442,0.17408832907676697,0.11832180619239807,844790,21,2,False,Left,Back,Right,Left,64
<_io.BytesIO object at 0x0000029FC49E84A0>,0.5762101411819458,0.1490149050951004,0.08201602101325989,844790,21,2,False,Left,Back,Right,Left,64
<_io.BytesIO object at 0x0000029FC49E8590>,0.5814804434776306,0.10259363055229187,0.08805730938911438,844790,21,2,False,Left,Back,Right,Left,64
<_io.BytesIO object at 0x0000029FC49E8630>,0.5597209930419922,0.10210733860731125,0.13688887655735016,844790,21,2,False,Left,Back,Right,Left,64
<_io.BytesIO object at 0x0000029FC1C50E00>,0.5426890254020691,0.1596781611442566,0.06218305230140686,844791,21,2,False,Left,Back,Right,Left,64
<_io.BytesIO object at 0x0000029FC1C50220>,0.5088933706283569,0.17497527599334717,0.12574243545532227,844791,21,2,False,Left,Back,Right,Left,64
<_io.BytesIO object at 0x0000029FC4A1BF90>,0.5698944926261902,0.14958955347537994,0.08954853564500809,844791,21,2,False,Left,Back,Right,Left,64
<_io.BytesIO object at 0x0000029FC4A1B720>,0.574508011341095,0.1029631569981575,0.094638891518116,844791,21,2,False,Left,Back,Right,Left,64
<_io.BytesIO object at 0x0000029FC4A1B810>,0.5524911284446716,0.10216835886240005,0.1429787129163742,844791,21,2,False,Left,Back,Right,Left,64
<_io.BytesIO object at 0x0000029FC4A84950>,0.5367857813835144,0.16127713024616241,0.06958921253681183,844792,21,2,False,Left,Back,Right,Left,64
<_io.BytesIO object at 0x0000029FC4A84360>,0.5027135610580444,0.17573858797550201,0.13323132693767548,844792,21,2,False,Left,Back,Right,Left,64
<_io.BytesIO object at 0x0000029FC4A84180>,0.563734769821167,0.15008051693439484,0.09703519195318222,844792,21,2,False,Left,Back,Right,Left,64
<_io.BytesIO object at 0x0000029FC4AA5F40>,0.5676149725914001,0.10349032282829285,0.10116631537675858,844792,21,2,False,Left,Back,Right,Left,64
<_io.BytesIO object at 0x0000029FC4AA5E00>,0.5447774529457092,0.10171515494585037,0.14930562674999237,844792,21,2,False,Left,Back,Right,Left,64
<_io.BytesIO object at 0x0000029FC49F1E00>,0.5311033725738525,0.16272763907909393,0.07698031514883041,844793,21,2,False,Left,Back,Right,Left,64
<_io.BytesIO object at 0x0000029FC49F1F40>,0.4966066777706146,0.17655014991760254,0.14072461426258087,844793,21,2,False,Left,Back,Right,Left,64
<_io.BytesIO object at 0x0000029FC49F14A0>,0.5575128793716431,0.15063488483428955,0.10434281826019287,844793,21,2,False,Left,Back,Right,Left,64
<_io.BytesIO object at 0x0000029FC4A14E00>,0.5605478286743164,0.1038879007101059,0.10759273916482925,844793,21,2,False,Left,Back,Right,Left,64
<_io.BytesIO object at 0x0000029FC4A143B0>,0.5367390513420105,0.10092148184776306,0.15574875473976135,844793,21,2,False,Left,Back,Right,Left,64
<_io.BytesIO object at 0x0000029FC4A06D10>,0.5253269672393799,0.16429157555103302,0.08442053943872452,844794,21,2,False,Left,Back,Right,Left,64
<_io.BytesIO object at 0x0000029FC4A079A0>,0.4906364977359772,0.17726454138755798,0.14843222498893738,844794,21,2,False,Left,Back,Right,Left,64
<_io.BytesIO object at 0x0000029FC4A07360>,0.5514240264892578,0.15126429498195648,0.11172252148389816,844794,21,2,False,Left,Back,Right,Left,64
<_io.BytesIO object at 0x0000029FC4A07F90>,0.5535961389541626,0.10438883304595947,0.11392765492200851,844794,21,2,False,Left,Back,Right,Left,64
<_io.BytesIO object at 0x0000029FC4A1C900>,0.528597354888916,0.09998024255037308,0.16220782697200775,844794,21,2,False,Left,Back,Right,Left,64
<_io.BytesIO object at 0x0000029FC49DEBD0>,0.5196146965026855,0.16598792374134064,0.09190258383750916,844795,21,2,False,Left,Back,Right,Left,64
<_io.BytesIO object at 0x0000029FC49DE220>,0.48478180170059204,0.17800939083099365,0.15618225932121277,844795,21,2,False,Left,Back,Right,Left,64
<_io.BytesIO object at 0x0000029FC49DE8B0>,0.545317530632019,0.15184269845485687,0.11902529746294022,844795,21,2,False,Left,Back,Right,Left,64
<_io.BytesIO object at 0x0000029FC49DE7C0>,0.5492373704910278,0.10692407935857773,0.11896175891160965,844795,21,2,False,Left,Back,Right,Left,64
<_io.BytesIO object at 0x0000029FC4A1CF90>,0.5205731987953186,0.09910845011472702,0.16867311298847198,844795,21,2,False,Left,Back,Right,Left,64
<_io.BytesIO object at 0x0000029FC4A06A40>,0.5140971541404724,0.1676856279373169,0.09932460635900497,844796,21,2,False,Left,Back,Right,Left,64
<_io.BytesIO object at 0x0000029FC4A06A90>,0.4792172610759735,0.17869046330451965,0.16380824148654938,844796,21,2,False,Left,Back,Right,Left,64
<_io.BytesIO object at 0x0000029FC4A14540>,0.539467453956604,0.1522919237613678,0.1262693852186203,844796,21,2,False,Left,Back,Right,Left,64
<_io.BytesIO object at 0x0000029FC4A14040>,0.544866681098938,0.10901669412851334,0.12418477237224579,844796,21,2,False,Left,Back,Right,Left,64
<_io.BytesIO object at 0x0000029FC4A14180>,0.5130569338798523,0.09859652072191238,0.17485131323337555,844796,21,2,False,Left,Back,Right,Left,64
<_io.BytesIO object at 0x0000029FC49EE630>,0.508550226688385,0.16899113357067108,0.10673678666353226,844797,21,2,False,Left,Back,Right,Left,64
<_io.BytesIO object at 0x0000029FC49EEEA0>,0.4738682210445404,0.1794680655002594,0.1714666187763214,844797,21,2,False,Left,Back,Right,Left,64
<_io.BytesIO object at 0x0000029FC49EED60>,0.5336573123931885,0.1527189165353775,0.133514404296875,844797,21,2,False,Left,Back,Right,Left,64
<_io.BytesIO object at 0x0000029FC4AA5130>,0.5398710370063782,0.11087244749069214,0.1295085847377777,844797,21,2,False,Left,Back,Right,Left,64
<_io.BytesIO object at 0x0000029FC4AA5F90>,0.5061293244361877,0.09847363829612732,0.18073925375938416,844797,21,2,False,Left,Back,Right,Left,64
<_io.BytesIO object at 0x0000029FC4A84680>,0.5029869079589844,0.17050930857658386,0.11421029269695282,844798,21,2,False,Left,Back,Right,Left,64
<_io.BytesIO object at 0x0000029FC4A24860>,0.4688756763935089,0.18038204312324524,0.17883732914924622,844798,21,2,False,Left,Back,Right,Left,64
<_io.BytesIO object at 0x0000029FC4A24BD0>,0.527604341506958,0.15318292379379272,0.1402963399887085,844798,21,2,False,Left,Back,Right,Left,64
<_io.BytesIO object at 0x0000029FC4A24C70>,0.5343133807182312,0.11211364716291428,0.1350632607936859,844798,21,2,False,Left,Back,Right,Left,64
<_io.BytesIO object at 0x0000029FC4A24040>,0.49963030219078064,0.09867923706769943,0.18641017377376556,844798,21,2,False,Left,Back,Right,Left,64
<_io.BytesIO object at 0x0000029FC4A4F5E0>,0.497825026512146,0.1718805879354477,0.12148047238588333,844799,21,2,False,Left,Back,Right,Left,64
<_io.BytesIO object at 0x0000029FC4A4F8B0>,0.4630735218524933,0.18294160068035126,0.18454435467720032,844799,21,2,False,Left,Back,Right,Left,64
<_io.BytesIO object at 0x0000029FC4A4F4A0>,0.522421658039093,0.15353506803512573,0.147407665848732,844799,21,2,False,Left,Back,Right,Left,64
<_io.BytesIO object at 0x0000029FC4A4FD10>,0.5282555222511292,0.11266755312681198,0.1408587098121643,844799,21,2,False,Left,Back,Right,Left,64
<_io.BytesIO object at 0x0000029FC49E87C0>,0.493533194065094,0.09900084137916565,0.1920054703950882,844799,21,2,False,Left,Back,Right,Left,64
<_io.BytesIO object at 0x0000029FC49E2450>,0.4928688406944275,0.17296428978443146,0.1287841796875,844800,21,2,False,Left,Back,Right,Left,64
<_io.BytesIO object at 0x0000029FC49E34F0>,0.45548883080482483,0.18349549174308777,0.19222886860370636,844800,21,2,False,Left,Back,Right,Left,64
<_io.BytesIO object at 0x0000029FC49E3B80>,0.5172889232635498,0.15390539169311523,0.15450438857078552,844800,21,2,False,Left,Back,Right,Left,64
<_io.BytesIO object at 0x0000029FC49E3720>,0.5217463970184326,0.11288511753082275,0.14691966772079468,844800,21,2,False,Left,Back,Right,Left,64
<_io.BytesIO object at 0x0000029FC49E31D0>,0.487699955701828,0.09938722848892212,0.19762641191482544,844800,21,2,False,Left,Back,Right,Left,64
<_io.BytesIO object at 0x0000029FC49E2220>,0.4876388907432556,0.17416159808635712,0.13585062325000763,844801,21,2,False,Left,Back,Right,Left,64
<_io.BytesIO object at 0x0000029FC49E2400>,0.4495046138763428,0.18398825824260712,0.1985681802034378,844801,21,2,False,Left,Back,Right,Left,64
<_io.BytesIO object at 0x0000029FC49E8B30>,0.5122795701026917,0.15399275720119476,0.16127018630504608,844801,21,2,False,Left,Back,Right,Left,64
<_io.BytesIO object at 0x0000029FC49E8C20>,0.5152998566627502,0.11298208683729172,0.15311287343502045,844801,21,2,False,Left,Back,Right,Left,64
<_io.BytesIO object at 0x0000029FC49E8630>,0.4822266697883606,0.09975363314151764,0.20334699749946594,844801,21,2,False,Left,Back,Right,Left,64
<_io.BytesIO object at 0x0000029FC1C50B30>,0.48259109258651733,0.17508289217948914,0.14289093017578125,844802,21,2,False,Left,Back,Right,Left,64
<_io.BytesIO object at 0x0000029FC1C50A90>,0.4507901668548584,0.1847069263458252,0.2047790139913559,844802,21,2,False,Left,Back,Right,Left,64
<_io.BytesIO object at 0x0000029FC4A1BAE0>,0.5070809721946716,0.15438725054264069,0.16744859516620636,844802,21,2,False,Left,Back,Right,Left,64
<_io.BytesIO object at 0x0000029FC4A1BF90>,0.509574294090271,0.11320590227842331,0.15906834602355957,844802,21,2,False,Left,Back,Right,Left,64
<_io.BytesIO object at 0x0000029FC4A1B0E0>,0.47737929224967957,0.10031573474407196,0.20893464982509613,844802,21,2,False,Left,Back,Right,Left,64
<_io.BytesIO object at 0x0000029FC4A84AE0>,0.47744694352149963,0.1760159581899643,0.14968085289001465,844803,21,2,False,Left,Back,Right,Left,64
<_io.BytesIO object at 0x0000029FC4A84E50>,0.4427889883518219,0.18352308869361877,0.21463893353939056,844803,21,2,False,Left,Back,Right,Left,64
<_io.BytesIO object at 0x0000029FC4A849F0>,0.5019060969352722,0.15495066344738007,0.173879012465477,844803,21,2,False,Left,Back,Right,Left,64
<_io.BytesIO object at 0x0000029FC4AA5B30>,0.5040022134780884,0.11351045221090317,0.16496117413043976,844803,21,2,False,Left,Back,Right,Left,64
<_io.BytesIO object at 0x0000029FC4AA5F40>,0.4728090167045593,0.10079663246870041,0.2145370990037918,844803,21,2,False,Left,Back,Right,Left,64
<_io.BytesIO object at 0x0000029FC49F1D10>,0.4726008176803589,0.1768738180398941,0.15650911629199982,844804,21,2,False,Left,Back,Right,Left,64
<_io.BytesIO object at 0x0000029FC49F1CC0>,0.4432890713214874,0.1792442798614502,0.22343982756137848,844804,21,2,False,Left,Back,Right,Left,64
<_io.BytesIO object at 0x0000029FC49F1950>,0.4967445433139801,0.15564140677452087,0.17990057170391083,844804,21,2,False,Left,Back,Right,Left,64
<_io.BytesIO object at 0x0000029FC4A14E00>,0.49889329075813293,0.1139686331152916,0.17051534354686737,844804,21,2,False,Left,Back,Right,Left,64
<_io.BytesIO object at 0x0000029FC4A14400>,0.46843427419662476,0.10114969313144684,0.21999169886112213,844804,21,2,False,Left,Back,Right,Left,64
<_io.BytesIO object at 0x0000029FC4A07770>,0.4681321978569031,0.17788277566432953,0.16350220143795013,844805,21,2,False,Left,Back,Right,Left,64
<_io.BytesIO object at 0x0000029FC4A07900>,0.4412197470664978,0.18106421828269958,0.2256281077861786,844805,21,2,False,Left,Back,Right,Left,64
<_io.BytesIO object at 0x0000029FC4A074A0>,0.4946076273918152,0.15279801189899445,0.1902187466621399,844805,21,2,False,Left,Back,Right,Left,64
<_io.BytesIO object at 0x0000029FC4A077C0>,0.49416348338127136,0.11454431712627411,0.17570362985134125,844805,21,2,False,Left,Back,Right,Left,64
<_io.BytesIO object at 0x0000029FC4A1C950>,0.46426233649253845,0.10135181993246078,0.2251993715763092,844805,21,2,False,Left,Back,Right,Left,64
<_io.BytesIO object at 0x0000029FC49DEEA0>,0.46382319927215576,0.17871128022670746,0.17029434442520142,844806,21,2,False,Left,Back,Right,Left,64
<_io.BytesIO object at 0x0000029FC49DED60>,0.4385632574558258,0.18263685703277588,0.22884900867938995,844806,21,2,False,Left,Back,Right,Left,64
<_io.BytesIO object at 0x0000029FC49DE8B0>,0.4916129410266876,0.15503492951393127,0.19414016604423523,844806,21,2,False,Left,Back,Right,Left,64
<_io.BytesIO object at 0x0000029FC49DEA40>,0.48961955308914185,0.11511309444904327,0.18065567314624786,844806,21,2,False,Left,Back,Right,Left,64
<_io.BytesIO object at 0x0000029FC4A1C900>,0.460135281085968,0.10124620795249939,0.23012734949588776,844806,21,2,False,Left,Back,Right,Left,64
<_io.BytesIO object at 0x0000029FC4A061D0>,0.46020081639289856,0.17899492383003235,0.1758674681186676,844807,21,2,False,Left,Back,Right,Left,64
<_io.BytesIO object at 0x0000029FC4A06360>,0.4349690079689026,0.18643735349178314,0.24016496539115906,844807,21,2,False,Left,Back,Right,Left,64
<_io.BytesIO object at 0x0000029FC4A14F90>,0.4886331558227539,0.1569599211215973,0.19692808389663696,844807,21,2,False,Left,Back,Right,Left,64
<_io.BytesIO object at 0x0000029FC4A14540>,0.48526692390441895,0.11544446647167206,0.18542103469371796,844807,21,2,False,Left,Back,Right,Left,64
<_io.BytesIO object at 0x0000029FC4A14040>,0.45599257946014404,0.10114552825689316,0.23492299020290375,844807,21,2,False,Left,Back,Right,Left,64
<_io.BytesIO object at 0x0000029FC49EE310>,0.45789068937301636,0.18110065162181854,0.1796317845582962,844808,21,2,False,Left,Back,Right,Left,64
<_io.BytesIO object at 0x0000029FC49EE400>,0.4327588975429535,0.1873933970928192,0.245012566447258,844808,21,2,False,Left,Back,Right,Left,64
<_io.BytesIO object at 0x0000029FC49EE8B0>,0.48550543189048767,0.15896160900592804,0.19982674717903137,844808,21,2,False,Left,Back,Right,Left,64
<_io.BytesIO object at 0x0000029FC4AA5DB0>,0.4808087646961212,0.11273466795682907,0.19271720945835114,844808,21,2,False,Left,Back,Right,Left,64
<_io.BytesIO object at 0x0000029FC4AA5E50>,0.45247822999954224,0.09759240597486496,0.24064160883426666,844808,21,2,False,Left,Back,Right,Left,64
<_io.BytesIO object at 0x0000029FC4A24090>,0.45789068937301636,0.18110065162181854,0.1796317845582962,844809,21,2,False,Left,Back,Right,Left,64
<_io.BytesIO object at 0x0000029FC4A24950>,0.4327588975429535,0.1873933970928192,0.245012566447258,844809,21,2,False,Left,Back,Right,Left,64
<_io.BytesIO object at 0x0000029FC4A1B590>,0.48550543189048767,0.15896160900592804,0.19982674717903137,844809,21,2,False,Left,Back,Right,Left,64
<_io.BytesIO object at 0x0000029FC4A1B3B0>,0.4808087646961212,0.11273466795682907,0.19271720945835114,844809,21,2,False,Left,Back,Right,Left,64
<_io.BytesIO object at 0x0000029FC4A1BE00>,0.45247822999954224,0.09759240597486496,0.24064160883426666,844809,21,2,False,Left,Back,Right,Left,64
<_io.BytesIO object at 0x0000029FC4A4FA40>,0.45789068937301636,0.18110065162181854,0.1796317845582962,844810,21,2,False,Left,Back,Right,Left,64
<_io.BytesIO object at 0x0000029FC49E8720>,0.4327588975429535,0.1873933970928192,0.245012566447258,844810,21,2,False,Left,Back,Right,Left,64
<_io.BytesIO object at 0x0000029FC49E8540>,0.48550543189048767,0.15896160900592804,0.19982674717903137,844810,21,2,False,Left,Back,Right,Left,64
<_io.BytesIO object at 0x0000029FC49E8DB0>,0.4808087646961212,0.11273466795682907,0.19271720945835114,844810,21,2,False,Left,Back,Right,Left,64
<_io.BytesIO object at 0x0000029FC49E8A40>,0.45247822999954224,0.09759240597486496,0.24064160883426666,844810,21,2,False,Left,Back,Right,Left,64
<_io.BytesIO object at 0x0000029FC49E33B0>,0.45789068937301636,0.18110065162181854,0.1796317845582962,844811,21,2,False,Left,Back,Right,Left,64
<_io.BytesIO object at 0x0000029FC49E34A0>,0.4327588975429535,0.1873933970928192,0.245012566447258,844811,21,2,False,Left,Back,Right,Left,64
<_io.BytesIO object at 0x0000029FC49E3E50>,0.48550543189048767,0.15896160900592804,0.19982674717903137,844811,21,2,False,Left,Back,Right,Left,64
<_io.BytesIO object at 0x0000029FC49E34F0>,0.4808087646961212,0.11273466795682907,0.19271720945835114,844811,21,2,False,Left,Back,Right,Left,64
<_io.BytesIO object at 0x0000029FC49E2F90>,0.45247822999954224,0.09759240597486496,0.24064160883426666,844811,21,2,False,Left,Back,Right,Left,64
<_io.BytesIO object at 0x0000029FC4A4F400>,0.45789068937301636,0.18110065162181854,0.1796317845582962,844812,21,2,False,Left,Back,Right,Left,64
<_io.BytesIO object at 0x0000029FC4A4F450>,0.4327588975429535,0.1873933970928192,0.245012566447258,844812,21,2,False,Left,Back,Right,Left,64
<_io.BytesIO object at 0x0000029FC4A4F180>,0.48550543189048767,0.15896160900592804,0.19982674717903137,844812,21,2,False,Left,Back,Right,Left,64
<_io.BytesIO object at 0x0000029FC4A4F270>,0.4808087646961212,0.11273466795682907,0.19271720945835114,844812,21,2,False,Left,Back,Right,Left,64
<_io.BytesIO object at 0x0000029FC1C505E0>,0.45247822999954224,0.09759240597486496,0.24064160883426666,844812,21,2,False,Left,Back,Right,Left,64
<_io.BytesIO object at 0x0000029FC4A244A0>,0.45789068937301636,0.18110065162181854,0.1796317845582962,844813,21,2,False,Left,Back,Right,Left,64
<_io.BytesIO object at 0x0000029FC4A24EA0>,0.4327588975429535,0.1873933970928192,0.245012566447258,844813,21,2,False,Left,Back,Right,Left,64
<_io.BytesIO object at 0x0000029FBD0554A0>,0.48550543189048767,0.15896160900592804,0.19982674717903137,844813,21,2,False,Left,Back,Right,Left,64
<_io.BytesIO object at 0x0000029FBD055590>,0.4808087646961212,0.11273466795682907,0.19271720945835114,844813,21,2,False,Left,Back,Right,Left,64
<_io.BytesIO object at 0x0000029FC4A849F0>,0.45247822999954224,0.09759240597486496,0.24064160883426666,844813,21,2,False,Left,Back,Right,Left,64
<_io.BytesIO object at 0x0000029FC49EE5E0>,0.45789068937301636,0.18110065162181854,0.1796317845582962,844814,21,2,False,Left,Back,Right,Left,64
<_io.BytesIO object at 0x0000029FC49EED10>,0.4327588975429535,0.1873933970928192,0.245012566447258,844814,21,2,False,Left,Back,Right,Left,64
<_io.BytesIO object at 0x0000029FC49EE590>,0.48550543189048767,0.15896160900592804,0.19982674717903137,844814,21,2,False,Left,Back,Right,Left,64
<_io.BytesIO object at 0x0000029FC49EE9F0>,0.4808087646961212,0.11273466795682907,0.19271720945835114,844814,21,2,False,Left,Back,Right,Left,64
<_io.BytesIO object at 0x0000029FC49F1040>,0.45247822999954224,0.09759240597486496,0.24064160883426666,844814,21,2,False,Left,Back,Right,Left,64
<_io.BytesIO object at 0x0000029FC4A14CC0>,0.45789068937301636,0.18110065162181854,0.1796317845582962,844815,21,2,False,Left,Back,Right,Left,64
<_io.BytesIO object at 0x0000029FC4A06450>,0.4327588975429535,0.1873933970928192,0.245012566447258,844815,21,2,False,Left,Back,Right,Left,64
<_io.BytesIO object at 0x0000029FC4A06950>,0.48550543189048767,0.15896160900592804,0.19982674717903137,844815,21,2,False,Left,Back,Right,Left,64
<_io.BytesIO object at 0x0000029FC4A06130>,0.4808087646961212,0.11273466795682907,0.19271720945835114,844815,21,2,False,Left,Back,Right,Left,64
<_io.BytesIO object at 0x0000029FC4A066D0>,0.45247822999954224,0.09759240597486496,0.24064160883426666,844815,21,2,False,Left,Back,Right,Left,64
<_io.BytesIO object at 0x0000029FC4A1C040>,0.45789068937301636,0.18110065162181854,0.1796317845582962,844816,21,2,False,Left,Back,Right,Left,64
<_io.BytesIO object at 0x0000029FC49DE3B0>,0.4327588975429535,0.1873933970928192,0.245012566447258,844816,21,2,False,Left,Back,Right,Left,64
<_io.BytesIO object at 0x0000029FC49DE860>,0.48550543189048767,0.15896160900592804,0.19982674717903137,844816,21,2,False,Left,Back,Right,Left,64
<_io.BytesIO object at 0x0000029FC49DE5E0>,0.4808087646961212,0.11273466795682907,0.19271720945835114,844816,21,2,False,Left,Back,Right,Left,64
<_io.BytesIO object at 0x0000029FC49DE9A0>,0.45247822999954224,0.09759240597486496,0.24064160883426666,844816,21,2,False,Left,Back,Right,Left,64
<_io.BytesIO object at 0x0000029FC4A1CA40>,0.45789068937301636,0.18110065162181854,0.1796317845582962,844817,21,2,False,Left,Back,Right,Left,64
<_io.BytesIO object at 0x0000029FC4A1C9A0>,0.4327588975429535,0.1873933970928192,0.245012566447258,844817,21,2,False,Left,Back,Right,Left,64
<_io.BytesIO object at 0x0000029FC4A07A90>,0.48550543189048767,0.15896160900592804,0.19982674717903137,844817,21,2,False,Left,Back,Right,Left,64
<_io.BytesIO object at 0x0000029FC4A074A0>,0.4808087646961212,0.11273466795682907,0.19271720945835114,844817,21,2,False,Left,Back,Right,Left,64
<_io.BytesIO object at 0x0000029FC4A074F0>,0.45247822999954224,0.09759240597486496,0.24064160883426666,844817,21,2,False,Left,Back,Right,Left,64
<_io.BytesIO object at 0x0000029FC4A14E50>,0.45789068937301636,0.18110065162181854,0.1796317845582962,844818,21,2,False,Left,Back,Right,Left,64
<_io.BytesIO object at 0x0000029FC4A14220>,0.4327588975429535,0.1873933970928192,0.245012566447258,844818,21,2,False,Left,Back,Right,Left,64
<_io.BytesIO object at 0x0000029FC49F1400>,0.48550543189048767,0.15896160900592804,0.19982674717903137,844818,21,2,False,Left,Back,Right,Left,64
<_io.BytesIO object at 0x0000029FC49F19F0>,0.4808087646961212,0.11273466795682907,0.19271720945835114,844818,21,2,False,Left,Back,Right,Left,64
<_io.BytesIO object at 0x0000029FC49F1DB0>,0.45247822999954224,0.09759240597486496,0.24064160883426666,844818,21,2,False,Left,Back,Right,Left,64
<_io.BytesIO object at 0x0000029FC4AA5040>,0.45789068937301636,0.18110065162181854,0.1796317845582962,844819,21,2,False,Left,Back,Right,Left,64
<_io.BytesIO object at 0x0000029FC4AA5720>,0.4327588975429535,0.1873933970928192,0.245012566447258,844819,21,2,False,Left,Back,Right,Left,64
<_io.BytesIO object at 0x0000029FC4A840E0>,0.48550543189048767,0.15896160900592804,0.19982674717903137,844819,21,2,False,Left,Back,Right,Left,64
<_io.BytesIO object at 0x0000029FC4A84180>,0.4808087646961212,0.11273466795682907,0.19271720945835114,844819,21,2,False,Left,Back,Right,Left,64
<_io.BytesIO object at 0x0000029FC4A84590>,0.45247822999954224,0.09759240597486496,0.24064160883426666,844819,21,2,False,Left,Back,Right,Left,64
<_io.BytesIO object at 0x0000029FC4A1BC20>,0.45789068937301636,0.18110065162181854,0.1796317845582962,844820,21,2,False,Left,Back,Right,Left,64
<_io.BytesIO object at 0x0000029FC4A1BE00>,0.4327588975429535,0.1873933970928192,0.245012566447258,844820,21,2,False,Left,Back,Right,Left,64
<_io.BytesIO object at 0x0000029FC4A1B220>,0.48550543189048767,0.15896160900592804,0.19982674717903137,844820,21,2,False,Left,Back,Right,Left,64
<_io.BytesIO object at 0x0000029FC1C50220>,0.4808087646961212,0.11273466795682907,0.19271720945835114,844820,21,2,False,Left,Back,Right,Left,64
<_io.BytesIO object at 0x0000029FC1C503B0>,0.45247822999954224,0.09759240597486496,0.24064160883426666,844820,21,2,False,Left,Back,Right,Left,64
<_io.BytesIO object at 0x0000029FC49E8EA0>,0.45789068937301636,0.18110065162181854,0.1796317845582962,844821,21,2,False,Left,Back,Right,Left,64
<_io.BytesIO object at 0x0000029FC49E8090>,0.4327588975429535,0.1873933970928192,0.245012566447258,844821,21,2,False,Left,Back,Right,Left,64
<_io.BytesIO object at 0x0000029FC49E83B0>,0.48550543189048767,0.15896160900592804,0.19982674717903137,844821,21,2,False,Left,Back,Right,Left,64
<_io.BytesIO object at 0x0000029FC49E88B0>,0.4808087646961212,0.11273466795682907,0.19271720945835114,844821,21,2,False,Left,Back,Right,Left,64
<_io.BytesIO object at 0x0000029FC49E2400>,0.45247822999954224,0.09759240597486496,0.24064160883426666,844821,21,2,False,Left,Back,Right,Left,64
<_io.BytesIO object at 0x0000029FC49E39F0>,0.45789068937301636,0.18110065162181854,0.1796317845582962,844822,21,2,False,Left,Back,Right,Left,64
<_io.BytesIO object at 0x0000029FC49E3B80>,0.4327588975429535,0.1873933970928192,0.245012566447258,844822,21,2,False,Left,Back,Right,Left,64
<_io.BytesIO object at 0x0000029FC49E3310>,0.48550543189048767,0.15896160900592804,0.19982674717903137,844822,21,2,False,Left,Back,Right,Left,64
<_io.BytesIO object at 0x0000029FC49E3A90>,0.4808087646961212,0.11273466795682907,0.19271720945835114,844822,21,2,False,Left,Back,Right,Left,64
<_io.BytesIO object at 0x0000029FC49E29F0>,0.45247822999954224,0.09759240597486496,0.24064160883426666,844822,21,2,False,Left,Back,Right,Left,64
<_io.BytesIO object at 0x0000029FC4A4F450>,0.45789068937301636,0.18110065162181854,0.1796317845582962,844823,21,2,False,Left,Back,Right,Left,64
<_io.BytesIO object at 0x0000029FC4A4F0E0>,0.4327588975429535,0.1873933970928192,0.245012566447258,844823,21,2,False,Left,Back,Right,Left,64
<_io.BytesIO object at 0x0000029FC4A4FAE0>,0.48550543189048767,0.15896160900592804,0.19982674717903137,844823,21,2,False,Left,Back,Right,Left,64
<_io.BytesIO object at 0x0000029FC1C50D10>,0.4808087646961212,0.11273466795682907,0.19271720945835114,844823,21,2,False,Left,Back,Right,Left,64
<_io.BytesIO object at 0x0000029FC1C50630>,0.45247822999954224,0.09759240597486496,0.24064160883426666,844823,21,2,False,Left,Back,Right,Left,64
<_io.BytesIO object at 0x0000029FC4A24C20>,0.45789068937301636,0.18110065162181854,0.1796317845582962,844824,21,2,False,Left,Back,Right,Left,64
<_io.BytesIO object at 0x0000029FC4A24D10>,0.4327588975429535,0.1873933970928192,0.245012566447258,844824,21,2,False,Left,Back,Right,Left,64
<_io.BytesIO object at 0x0000029FBD0554A0>,0.48550543189048767,0.15896160900592804,0.19982674717903137,844824,21,2,False,Left,Back,Right,Left,64
<_io.BytesIO object at 0x0000029FC4A84C70>,0.4808087646961212,0.11273466795682907,0.19271720945835114,844824,21,2,False,Left,Back,Right,Left,64
<_io.BytesIO object at 0x0000029FC4A84860>,0.45247822999954224,0.09759240597486496,0.24064160883426666,844824,21,2,False,Left,Back,Right,Left,64
<_io.BytesIO object at 0x0000029FC49EE7C0>,0.45789068937301636,0.18110065162181854,0.1796317845582962,844825,21,2,False,Left,Back,Right,Left,64
<_io.BytesIO object at 0x0000029FC49EEB30>,0.4327588975429535,0.1873933970928192,0.245012566447258,844825,21,2,False,Left,Back,Right,Left,64
<_io.BytesIO object at 0x0000029FC49EE900>,0.48550543189048767,0.15896160900592804,0.19982674717903137,844825,21,2,False,Left,Back,Right,Left,64
<_io.BytesIO object at 0x0000029FC49EE0E0>,0.4808087646961212,0.11273466795682907,0.19271720945835114,844825,21,2,False,Left,Back,Right,Left,64
<_io.BytesIO object at 0x0000029FC49F1630>,0.45247822999954224,0.09759240597486496,0.24064160883426666,844825,21,2,False,Left,Back,Right,Left,64
<_io.BytesIO object at 0x0000029FC4A14E00>,0.45789068937301636,0.18110065162181854,0.1796317845582962,844826,21,2,False,Left,Back,Right,Left,64
<_io.BytesIO object at 0x0000029FC4A06AE0>,0.4327588975429535,0.1873933970928192,0.245012566447258,844826,21,2,False,Left,Back,Right,Left,64
<_io.BytesIO object at 0x0000029FC4A06A90>,0.48550543189048767,0.15896160900592804,0.19982674717903137,844826,21,2,False,Left,Back,Right,Left,64
<_io.BytesIO object at 0x0000029FC4A066D0>,0.4808087646961212,0.11273466795682907,0.19271720945835114,844826,21,2,False,Left,Back,Right,Left,64
<_io.BytesIO object at 0x0000029FC4A06860>,0.45247822999954224,0.09759240597486496,0.24064160883426666,844826,21,2,False,Left,Back,Right,Left,64
<_io.BytesIO object at 0x0000029FC49DEAE0>,0.45789068937301636,0.18110065162181854,0.1796317845582962,844827,21,2,False,Left,Back,Right,Left,64
<_io.BytesIO object at 0x0000029FC49DE040>,0.4327588975429535,0.1873933970928192,0.245012566447258,844827,21,2,False,Left,Back,Right,Left,64
<_io.BytesIO object at 0x0000029FC49DE720>,0.48550543189048767,0.15896160900592804,0.19982674717903137,844827,21,2,False,Left,Back,Right,Left,64
<_io.BytesIO object at 0x0000029FC49DE900>,0.4808087646961212,0.11273466795682907,0.19271720945835114,844827,21,2,False,Left,Back,Right,Left,64
<_io.BytesIO object at 0x0000029FC1C484A0>,0.45247822999954224,0.09759240597486496,0.24064160883426666,844827,21,2,False,Left,Back,Right,Left,64
<_io.BytesIO object at 0x0000029FC49DE810>,0.45789068937301636,0.18110065162181854,0.1796317845582962,844828,21,2,False,Left,Back,Right,Left,64
<_io.BytesIO object at 0x0000029FC4A1C720>,0.4327588975429535,0.1873933970928192,0.245012566447258,844828,21,2,False,Left,Back,Right,Left,64
<_io.BytesIO object at 0x0000029FC4A1CC20>,0.48550543189048767,0.15896160900592804,0.19982674717903137,844828,21,2,False,Left,Back,Right,Left,64
<_io.BytesIO object at 0x0000029FC4A1C6D0>,0.4808087646961212,0.11273466795682907,0.19271720945835114,844828,21,2,False,Left,Back,Right,Left,64
<_io.BytesIO object at 0x0000029FC4A1C4F0>,0.45247822999954224,0.09759240597486496,0.24064160883426666,844828,21,2,False,Left,Back,Right,Left,64
<_io.BytesIO object at 0x0000029FC4A062C0>,0.45789068937301636,0.18110065162181854,0.1796317845582962,844829,21,2,False,Left,Back,Right,Left,64
<_io.BytesIO object at 0x0000029FC4A14900>,0.4327588975429535,0.1873933970928192,0.245012566447258,844829,21,2,False,Left,Back,Right,Left,64
<_io.BytesIO object at 0x0000029FC4A14770>,0.48550543189048767,0.15896160900592804,0.19982674717903137,844829,21,2,False,Left,Back,Right,Left,64
<_io.BytesIO object at 0x0000029FC4A14F40>,0.4808087646961212,0.11273466795682907,0.19271720945835114,844829,21,2,False,Left,Back,Right,Left,64
<_io.BytesIO object at 0x0000029FC4A14360>,0.45247822999954224,0.09759240597486496,0.24064160883426666,844829,21,2,False,Left,Back,Right,Left,64
<_io.BytesIO object at 0x0000029FC49EED60>,0.45789068937301636,0.18110065162181854,0.1796317845582962,844830,21,2,False,Left,Back,Right,Left,64
<_io.BytesIO object at 0x0000029FC4AA5630>,0.4327588975429535,0.1873933970928192,0.245012566447258,844830,21,2,False,Left,Back,Right,Left,64
<_io.BytesIO object at 0x0000029FC4AA5270>,0.48550543189048767,0.15896160900592804,0.19982674717903137,844830,21,2,False,Left,Back,Right,Left,64
<_io.BytesIO object at 0x0000029FC4AA58B0>,0.4808087646961212,0.11273466795682907,0.19271720945835114,844830,21,2,False,Left,Back,Right,Left,64
<_io.BytesIO object at 0x0000029FC4AA5860>,0.45247822999954224,0.09759240597486496,0.24064160883426666,844830,21,2,False,Left,Back,Right,Left,64
<_io.BytesIO object at 0x0000029FC4A24900>,0.45789068937301636,0.18110065162181854,0.1796317845582962,844831,21,2,False,Left,Back,Right,Left,64
<_io.BytesIO object at 0x0000029FC4A24090>,0.4327588975429535,0.1873933970928192,0.245012566447258,844831,21,2,False,Left,Back,Right,Left,64
<_io.BytesIO object at 0x0000029FC4A1B4F0>,0.48550543189048767,0.15896160900592804,0.19982674717903137,844831,21,2,False,Left,Back,Right,Left,64
<_io.BytesIO object at 0x0000029FC4A1B590>,0.4808087646961212,0.11273466795682907,0.19271720945835114,844831,21,2,False,Left,Back,Right,Left,64
<_io.BytesIO object at 0x0000029FC4A1B2C0>,0.45247822999954224,0.09759240597486496,0.24064160883426666,844831,21,2,False,Left,Back,Right,Left,64
<_io.BytesIO object at 0x0000029FC4A4FEF0>,0.45789068937301636,0.18110065162181854,0.1796317845582962,844832,21,2,False,Left,Back,Right,Left,64
<_io.BytesIO object at 0x0000029FC4A4F130>,0.4327588975429535,0.1873933970928192,0.245012566447258,844832,21,2,False,Left,Back,Right,Left,64
<_io.BytesIO object at 0x0000029FC49E8EA0>,0.48550543189048767,0.15896160900592804,0.19982674717903137,844832,21,2,False,Left,Back,Right,Left,64
<_io.BytesIO object at 0x0000029FC49E8810>,0.4808087646961212,0.11273466795682907,0.19271720945835114,844832,21,2,False,Left,Back,Right,Left,64
<_io.BytesIO object at 0x0000029FC49E8AE0>,0.45247822999954224,0.09759240597486496,0.24064160883426666,844832,21,2,False,Left,Back,Right,Left,64
<_io.BytesIO object at 0x0000029FC49E2180>,0.45789068937301636,0.18110065162181854,0.1796317845582962,844833,21,2,False,Left,Back,Right,Left,64
<_io.BytesIO object at 0x0000029FC49E2310>,0.4327588975429535,0.1873933970928192,0.245012566447258,844833,21,2,False,Left,Back,Right,Left,64
<_io.BytesIO object at 0x0000029FC49E8F40>,0.48550543189048767,0.15896160900592804,0.19982674717903137,844833,21,2,False,Left,Back,Right,Left,64
<_io.BytesIO object at 0x0000029FC49E8040>,0.4808087646961212,0.11273466795682907,0.19271720945835114,844833,21,2,False,Left,Back,Right,Left,64
<_io.BytesIO object at 0x0000029FC49E8C20>,0.45247822999954224,0.09759240597486496,0.24064160883426666,844833,21,2,False,Left,Back,Right,Left,64
<_io.BytesIO object at 0x0000029FC1C50130>,0.45789068937301636,0.18110065162181854,0.1796317845582962,844834,21,2,False,Left,Back,Right,Left,64
<_io.BytesIO object at 0x0000029FC1C50A90>,0.4327588975429535,0.1873933970928192,0.245012566447258,844834,21,2,False,Left,Back,Right,Left,64
<_io.BytesIO object at 0x0000029FC4A1BF90>,0.48550543189048767,0.15896160900592804,0.19982674717903137,844834,21,2,False,Left,Back,Right,Left,64
<_io.BytesIO object at 0x0000029FC4A1B090>,0.4808087646961212,0.11273466795682907,0.19271720945835114,844834,21,2,False,Left,Back,Right,Left,64
<_io.BytesIO object at 0x0000029FC4A1BF40>,0.45247822999954224,0.09759240597486496,0.24064160883426666,844834,21,2,False,Left,Back,Right,Left,64
<_io.BytesIO object at 0x0000029FC4A847C0>,0.45789068937301636,0.18110065162181854,0.1796317845582962,844835,21,2,False,Left,Back,Right,Left,64
<_io.BytesIO object at 0x0000029FC4A848B0>,0.4327588975429535,0.1873933970928192,0.245012566447258,844835,21,2,False,Left,Back,Right,Left,64
<_io.BytesIO object at 0x0000029FC4AA59A0>,0.48550543189048767,0.15896160900592804,0.19982674717903137,844835,21,2,False,Left,Back,Right,Left,64
<_io.BytesIO object at 0x0000029FC4AA5720>,0.4808087646961212,0.11273466795682907,0.19271720945835114,844835,21,2,False,Left,Back,Right,Left,64
<_io.BytesIO object at 0x0000029FC4AA5A40>,0.45247822999954224,0.09759240597486496,0.24064160883426666,844835,21,2,False,Left,Back,Right,Left,64
<_io.BytesIO object at 0x0000029FC49F10E0>,0.45789068937301636,0.18110065162181854,0.1796317845582962,844836,21,2,False,Left,Back,Right,Left,64
<_io.BytesIO object at 0x0000029FC49F1D60>,0.4327588975429535,0.1873933970928192,0.245012566447258,844836,21,2,False,Left,Back,Right,Left,64
<_io.BytesIO object at 0x0000029FC4A14AE0>,0.48550543189048767,0.15896160900592804,0.19982674717903137,844836,21,2,False,Left,Back,Right,Left,64
<_io.BytesIO object at 0x0000029FC4A140E0>,0.4808087646961212,0.11273466795682907,0.19271720945835114,844836,21,2,False,Left,Back,Right,Left,64
<_io.BytesIO object at 0x0000029FC4A146D0>,0.45247822999954224,0.09759240597486496,0.24064160883426666,844836,21,2,False,Left,Back,Right,Left,64
<_io.BytesIO object at 0x0000029FC4A07A90>,0.45789068937301636,0.18110065162181854,0.1796317845582962,844837,21,2,False,Left,Back,Right,Left,64
<_io.BytesIO object at 0x0000029FC4A1CA40>,0.4327588975429535,0.1873933970928192,0.245012566447258,844837,21,2,False,Left,Back,Right,Left,64
<_io.BytesIO object at 0x0000029FC4A1C7C0>,0.48550543189048767,0.15896160900592804,0.19982674717903137,844837,21,2,False,Left,Back,Right,Left,64
<_io.BytesIO object at 0x0000029FC4A1C770>,0.4808087646961212,0.11273466795682907,0.19271720945835114,844837,21,2,False,Left,Back,Right,Left,64
<_io.BytesIO object at 0x0000029FC4A1C9A0>,0.45247822999954224,0.09759240597486496,0.24064160883426666,844837,21,2,False,Left,Back,Right,Left,64
<_io.BytesIO object at 0x0000029FC49DE630>,0.45789068937301636,0.18110065162181854,0.1796317845582962,844838,21,2,False,Left,Back,Right,Left,64
<_io.BytesIO object at 0x0000029FC49DE4F0>,0.4327588975429535,0.1873933970928192,0.245012566447258,844838,21,2,False,Left,Back,Right,Left,64
<_io.BytesIO object at 0x0000029FC4A1C400>,0.48550543189048767,0.15896160900592804,0.19982674717903137,844838,21,2,False,Left,Back,Right,Left,64
<_io.BytesIO object at 0x0000029FC4A1C810>,0.4808087646961212,0.11273466795682907,0.19271720945835114,844838,21,2,False,Left,Back,Right,Left,64
<_io.BytesIO object at 0x0000029FC4A1CCC0>,0.45247822999954224,0.09759240597486496,0.24064160883426666,844838,21,2,False,Left,Back,Right,Left,64
<_io.BytesIO object at 0x0000029FC4A06BD0>,0.45789068937301636,0.18110065162181854,0.1796317845582962,844839,21,2,False,Left,Back,Right,Left,64
<_io.BytesIO object at 0x0000029FC4A14CC0>,0.4327588975429535,0.1873933970928192,0.245012566447258,844839,21,2,False,Left,Back,Right,Left,64
<_io.BytesIO object at 0x0000029FC4A144F0>,0.48550543189048767,0.15896160900592804,0.19982674717903137,844839,21,2,False,Left,Back,Right,Left,64
<_io.BytesIO object at 0x0000029FC4A14680>,0.4808087646961212,0.11273466795682907,0.19271720945835114,844839,21,2,False,Left,Back,Right,Left,64
<_io.BytesIO object at 0x0000029FC4A14130>,0.45247822999954224,0.09759240597486496,0.24064160883426666,844839,21,2,False,Left,Back,Right,Left,64
<_io.BytesIO object at 0x0000029FC49EEAE0>,0.45789068937301636,0.18110065162181854,0.1796317845582962,844840,21,2,False,Left,Back,Right,Left,64
<_io.BytesIO object at 0x0000029FC4AA5DB0>,0.4327588975429535,0.1873933970928192,0.245012566447258,844840,21,2,False,Left,Back,Right,Left,64
<_io.BytesIO object at 0x0000029FC4AA5D10>,0.48550543189048767,0.15896160900592804,0.19982674717903137,844840,21,2,False,Left,Back,Right,Left,64
<_io.BytesIO object at 0x0000029FC4AA5860>,0.4808087646961212,0.11273466795682907,0.19271720945835114,844840,21,2,False,Left,Back,Right,Left,64
<_io.BytesIO object at 0x0000029FC4AA54F0>,0.45247822999954224,0.09759240597486496,0.24064160883426666,844840,21,2,False,Left,Back,Right,Left,64
<_io.BytesIO object at 0x0000029FC4A24180>,0.45789068937301636,0.18110065162181854,0.1796317845582962,844841,21,2,False,Left,Back,Right,Left,64
<_io.BytesIO object at 0x0000029FC4A1BE50>,0.4327588975429535,0.1873933970928192,0.245012566447258,844841,21,2,False,Left,Back,Right,Left,64
<_io.BytesIO object at 0x0000029FC4A1B0E0>,0.48550543189048767,0.15896160900592804,0.19982674717903137,844841,21,2,False,Left,Back,Right,Left,64
<_io.BytesIO object at 0x0000029FC4A1B950>,0.4808087646961212,0.11273466795682907,0.19271720945835114,844841,21,2,False,Left,Back,Right,Left,64
<_io.BytesIO object at 0x0000029FC4A1BD60>,0.45247822999954224,0.09759240597486496,0.24064160883426666,844841,21,2,False,Left,Back,Right,Left,64
<_io.BytesIO object at 0x0000029FC4A4F680>,0.45789068937301636,0.18110065162181854,0.1796317845582962,844842,21,2,False,Left,Back,Right,Left,64
<_io.BytesIO object at 0x0000029FC49E8540>,0.4327588975429535,0.1873933970928192,0.245012566447258,844842,21,2,False,Left,Back,Right,Left,64
<_io.BytesIO object at 0x0000029FC49E8AE0>,0.48550543189048767,0.15896160900592804,0.19982674717903137,844842,21,2,False,Left,Back,Right,Left,64
<_io.BytesIO object at 0x0000029FC49E8360>,0.4808087646961212,0.11273466795682907,0.19271720945835114,844842,21,2,False,Left,Back,Right,Left,64
<_io.BytesIO object at 0x0000029FC49E83B0>,0.45247822999954224,0.09759240597486496,0.24064160883426666,844842,21,2,False,Left,Back,Right,Left,64
<_io.BytesIO object at 0x0000029FC49E2590>,0.45789068937301636,0.18110065162181854,0.1796317845582962,844843,21,2,False,Left,Back,Right,Left,64
<_io.BytesIO object at 0x0000029FC49E8400>,0.4327588975429535,0.1873933970928192,0.245012566447258,844843,21,2,False,Left,Back,Right,Left,64
<_io.BytesIO object at 0x0000029FC49E8EF0>,0.48550543189048767,0.15896160900592804,0.19982674717903137,844843,21,2,False,Left,Back,Right,Left,64
<_io.BytesIO object at 0x0000029FC49E8EA0>,0.4808087646961212,0.11273466795682907,0.19271720945835114,844843,21,2,False,Left,Back,Right,Left,64
<_io.BytesIO object at 0x0000029FC49E8220>,0.45247822999954224,0.09759240597486496,0.24064160883426666,844843,21,2,False,Left,Back,Right,Left,64
<_io.BytesIO object at 0x0000029FC1C50540>,0.45789068937301636,0.18110065162181854,0.1796317845582962,844844,21,2,False,Left,Back,Right,Left,64
<_io.BytesIO object at 0x0000029FC4A1B180>,0.4327588975429535,0.1873933970928192,0.245012566447258,844844,21,2,False,Left,Back,Right,Left,64
<_io.BytesIO object at 0x0000029FC4A1B4F0>,0.48550543189048767,0.15896160900592804,0.19982674717903137,844844,21,2,False,Left,Back,Right,Left,64
<_io.BytesIO object at 0x0000029FC4A1B630>,0.4808087646961212,0.11273466795682907,0.19271720945835114,844844,21,2,False,Left,Back,Right,Left,64
<_io.BytesIO object at 0x0000029FC4A244F0>,0.45247822999954224,0.09759240597486496,0.24064160883426666,844844,21,2,False,Left,Back,Right,Left,64
<_io.BytesIO object at 0x0000029FC4A848B0>,0.45789068937301636,0.18110065162181854,0.1796317845582962,844845,21,2,False,Left,Back,Right,Left,64
<_io.BytesIO object at 0x0000029FC4AA5BD0>,0.4327588975429535,0.1873933970928192,0.245012566447258,844845,21,2,False,Left,Back,Right,Left,64
<_io.BytesIO object at 0x0000029FC4AA5F90>,0.48550543189048767,0.15896160900592804,0.19982674717903137,844845,21,2,False,Left,Back,Right,Left,64
<_io.BytesIO object at 0x0000029FC4AA5220>,0.4808087646961212,0.11273466795682907,0.19271720945835114,844845,21,2,False,Left,Back,Right,Left,64
<_io.BytesIO object at 0x0000029FC4AA5A90>,0.45247822999954224,0.09759240597486496,0.24064160883426666,844845,21,2,False,Left,Back,Right,Left,64
<_io.BytesIO object at 0x0000029FC4A147C0>,0.45789068937301636,0.18110065162181854,0.1796317845582962,844846,21,2,False,Left,Back,Right,Left,64
<_io.BytesIO object at 0x0000029FC4A140E0>,0.4327588975429535,0.1873933970928192,0.245012566447258,844846,21,2,False,Left,Back,Right,Left,64
<_io.BytesIO object at 0x0000029FC4A14C20>,0.48550543189048767,0.15896160900592804,0.19982674717903137,844846,21,2,False,Left,Back,Right,Left,64
<_io.BytesIO object at 0x0000029FC4A14540>,0.4808087646961212,0.11273466795682907,0.19271720945835114,844846,21,2,False,Left,Back,Right,Left,64
<_io.BytesIO object at 0x0000029FC4A06860>,0.45247822999954224,0.09759240597486496,0.24064160883426666,844846,21,2,False,Left,Back,Right,Left,64
<_io.BytesIO object at 0x0000029FC4A1C2C0>,0.45789068937301636,0.18110065162181854,0.1796317845582962,844847,21,2,False,Left,Back,Right,Left,64
<_io.BytesIO object at 0x0000029FC4A1C810>,0.4327588975429535,0.1873933970928192,0.245012566447258,844847,21,2,False,Left,Back,Right,Left,64
<_io.BytesIO object at 0x0000029FC49DEBD0>,0.48550543189048767,0.15896160900592804,0.19982674717903137,844847,21,2,False,Left,Back,Right,Left,64
<_io.BytesIO object at 0x0000029FC49DEF90>,0.4808087646961212,0.11273466795682907,0.19271720945835114,844847,21,2,False,Left,Back,Right,Left,64
<_io.BytesIO object at 0x0000029FC49DE630>,0.45247822999954224,0.09759240597486496,0.24064160883426666,844847,21,2,False,Left,Back,Right,Left,64
<_io.BytesIO object at 0x0000029FC4A14040>,0.45789068937301636,0.18110065162181854,0.1796317845582962,844848,21,2,False,Left,Back,Right,Left,64
<_io.BytesIO object at 0x0000029FC4A14C70>,0.4327588975429535,0.1873933970928192,0.245012566447258,844848,21,2,False,Left,Back,Right,Left,64
<_io.BytesIO object at 0x0000029FC4A14E50>,0.48550543189048767,0.15896160900592804,0.19982674717903137,844848,21,2,False,Left,Back,Right,Left,64
<_io.BytesIO object at 0x0000029FC4A14950>,0.4808087646961212,0.11273466795682907,0.19271720945835114,844848,21,2,False,Left,Back,Right,Left,64
<_io.BytesIO object at 0x0000029FC49EEB30>,0.45247822999954224,0.09759240597486496,0.24064160883426666,844848,21,2,False,Left,Back,Right,Left,64
<_io.BytesIO object at 0x0000029FC4A24630>,0.45789068937301636,0.18110065162181854,0.1796317845582962,844849,21,2,False,Left,Back,Right,Left,64
<_io.BytesIO object at 0x0000029FC4A1B9A0>,0.4327588975429535,0.1873933970928192,0.245012566447258,844849,21,2,False,Left,Back,Right,Left,64
<_io.BytesIO object at 0x0000029FC4A1B9F0>,0.48550543189048767,0.15896160900592804,0.19982674717903137,844849,21,2,False,Left,Back,Right,Left,64
<_io.BytesIO object at 0x0000029FC4A1B090>,0.4808087646961212,0.11273466795682907,0.19271720945835114,844849,21,2,False,Left,Back,Right,Left,64
<_io.BytesIO object at 0x0000029FC1C50A90>,0.45247822999954224,0.09759240597486496,0.24064160883426666,844849,21,2,False,Left,Back,Right,Left,64
<_io.BytesIO object at 0x0000029FC49F17C0>,0.45789068937301636,0.18110065162181854,0.1796317845582962,844850,21,2,False,Left,Back,Right,Left,64
<_io.BytesIO object at 0x0000029FC49F1220>,0.4327588975429535,0.1873933970928192,0.245012566447258,844850,21,2,False,Left,Back,Right,Left,64
<_io.BytesIO object at 0x0000029FC49F1F90>,0.48550543189048767,0.15896160900592804,0.19982674717903137,844850,21,2,False,Left,Back,Right,Left,64
<_io.BytesIO object at 0x0000029FC4A846D0>,0.4808087646961212,0.11273466795682907,0.19271720945835114,844850,21,2,False,Left,Back,Right,Left,64
<_io.BytesIO object at 0x0000029FC4A84D10>,0.45247822999954224,0.09759240597486496,0.24064160883426666,844850,21,2,False,Left,Back,Right,Left,64
<_io.BytesIO object at 0x0000029FC49E2C20>,0.45789068937301636,0.18110065162181854,0.1796317845582962,844851,21,2,False,Left,Back,Right,Left,64
<_io.BytesIO object at 0x0000029FC49E2770>,0.4327588975429535,0.1873933970928192,0.245012566447258,844851,21,2,False,Left,Back,Right,Left,64
<_io.BytesIO object at 0x0000029FC4AA5130>,0.48550543189048767,0.15896160900592804,0.19982674717903137,844851,21,2,False,Left,Back,Right,Left,64
<_io.BytesIO object at 0x0000029FC4AA5EF0>,0.4808087646961212,0.11273466795682907,0.19271720945835114,844851,21,2,False,Left,Back,Right,Left,64
<_io.BytesIO object at 0x0000029FC4AA5590>,0.45247822999954224,0.09759240597486496,0.24064160883426666,844851,21,2,False,Left,Back,Right,Left,64
<_io.BytesIO object at 0x0000029FC49DEA90>,0.45789068937301636,0.18110065162181854,0.1796317845582962,844852,21,2,False,Left,Back,Right,Left,64
<_io.BytesIO object at 0x0000029FC49DEB30>,0.4327588975429535,0.1873933970928192,0.245012566447258,844852,21,2,False,Left,Back,Right,Left,64
<_io.BytesIO object at 0x0000029FC49DE720>,0.48550543189048767,0.15896160900592804,0.19982674717903137,844852,21,2,False,Left,Back,Right,Left,64
<_io.BytesIO object at 0x0000029FC1C484F0>,0.4808087646961212,0.11273466795682907,0.19271720945835114,844852,21,2,False,Left,Back,Right,Left,64
<_io.BytesIO object at 0x0000029FC49DE9A0>,0.45247822999954224,0.09759240597486496,0.24064160883426666,844852,21,2,False,Left,Back,Right,Left,64
<_io.BytesIO object at 0x0000029FC4AA5C20>,0.45789068937301636,0.18110065162181854,0.1796317845582962,844853,21,2,False,Left,Back,Right,Left,64
<_io.BytesIO object at 0x0000029FC4AA5D10>,0.4327588975429535,0.1873933970928192,0.245012566447258,844853,21,2,False,Left,Back,Right,Left,64
<_io.BytesIO object at 0x0000029FC4AA5130>,0.48550543189048767,0.15896160900592804,0.19982674717903137,844853,21,2,False,Left,Back,Right,Left,64
<_io.BytesIO object at 0x0000029FC49E21D0>,0.4808087646961212,0.11273466795682907,0.19271720945835114,844853,21,2,False,Left,Back,Right,Left,64
<_io.BytesIO object at 0x0000029FC49E2EA0>,0.45247822999954224,0.09759240597486496,0.24064160883426666,844853,21,2,False,Left,Back,Right,Left,64
<_io.BytesIO object at 0x0000029FC4A84630>,0.45789068937301636,0.18110065162181854,0.1796317845582962,844854,21,2,False,Left,Back,Right,Left,64
<_io.BytesIO object at 0x0000029FC4A84900>,0.4327588975429535,0.1873933970928192,0.245012566447258,844854,21,2,False,Left,Back,Right,Left,64
<_io.BytesIO object at 0x0000029FC49F1EF0>,0.48550543189048767,0.15896160900592804,0.19982674717903137,844854,21,2,False,Left,Back,Right,Left,64
<_io.BytesIO object at 0x0000029FC49F1DB0>,0.4808087646961212,0.11273466795682907,0.19271720945835114,844854,21,2,False,Left,Back,Right,Left,64
<_io.BytesIO object at 0x0000029FC49F1040>,0.45247822999954224,0.09759240597486496,0.24064160883426666,844854,21,2,False,Left,Back,Right,Left,64
<_io.BytesIO object at 0x0000029FC1C50E00>,0.45789068937301636,0.18110065162181854,0.1796317845582962,844855,21,2,False,Left,Back,Right,Left,64
<_io.BytesIO object at 0x0000029FC1C50B30>,0.4327588975429535,0.1873933970928192,0.245012566447258,844855,21,2,False,Left,Back,Right,Left,64
<_io.BytesIO object at 0x0000029FC4A1BD10>,0.48550543189048767,0.15896160900592804,0.19982674717903137,844855,21,2,False,Left,Back,Right,Left,64
<_io.BytesIO object at 0x0000029FC4A1B950>,0.4808087646961212,0.11273466795682907,0.19271720945835114,844855,21,2,False,Left,Back,Right,Left,64
<_io.BytesIO object at 0x0000029FC4A1BF40>,0.45247822999954224,0.09759240597486496,0.24064160883426666,844855,21,2,False,Left,Back,Right,Left,64
<_io.BytesIO object at 0x0000029FC49EECC0>,0.45789068937301636,0.18110065162181854,0.1796317845582962,844856,21,2,False,Left,Back,Right,Left,64
<_io.BytesIO object at 0x0000029FC4A14450>,0.4327588975429535,0.1873933970928192,0.245012566447258,844856,21,2,False,Left,Back,Right,Left,64
<_io.BytesIO object at 0x0000029FC4A14540>,0.48550543189048767,0.15896160900592804,0.19982674717903137,844856,21,2,False,Left,Back,Right,Left,64
<_io.BytesIO object at 0x0000029FC4A148B0>,0.4808087646961212,0.11273466795682907,0.19271720945835114,844856,21,2,False,Left,Back,Right,Left,64
<_io.BytesIO object at 0x0000029FC4A14D60>,0.45247822999954224,0.09759240597486496,0.24064160883426666,844856,21,2,False,Left,Back,Right,Left,64
<_io.BytesIO object at 0x0000029FC4A1C770>,0.45789068937301636,0.18110065162181854,0.1796317845582962,844857,21,2,False,Left,Back,Right,Left,64
<_io.BytesIO object at 0x0000029FC4A1C810>,0.4327588975429535,0.1873933970928192,0.245012566447258,844857,21,2,False,Left,Back,Right,Left,64
<_io.BytesIO object at 0x0000029FC4A1C040>,0.48550543189048767,0.15896160900592804,0.19982674717903137,844857,21,2,False,Left,Back,Right,Left,64
<_io.BytesIO object at 0x0000029FC4A1C360>,0.4808087646961212,0.11273466795682907,0.19271720945835114,844857,21,2,False,Left,Back,Right,Left,64
<_io.BytesIO object at 0x0000029FC4A1C720>,0.45247822999954224,0.09759240597486496,0.24064160883426666,844857,21,2,False,Left,Back,Right,Left,64
<_io.BytesIO object at 0x0000029FC4A14630>,0.45789068937301636,0.18110065162181854,0.1796317845582962,844858,21,2,False,Left,Back,Right,Left,64
<_io.BytesIO object at 0x0000029FC49EEB30>,0.4327588975429535,0.1873933970928192,0.245012566447258,844858,21,2,False,Left,Back,Right,Left,64
<_io.BytesIO object at 0x0000029FC49EEBD0>,0.48550543189048767,0.15896160900592804,0.19982674717903137,844858,21,2,False,Left,Back,Right,Left,64
<_io.BytesIO object at 0x0000029FC49EE310>,0.4808087646961212,0.11273466795682907,0.19271720945835114,844858,21,2,False,Left,Back,Right,Left,64
<_io.BytesIO object at 0x0000029FC49EE810>,0.45247822999954224,0.09759240597486496,0.24064160883426666,844858,21,2,False,Left,Back,Right,Left,64
<_io.BytesIO object at 0x0000029FC1C50DB0>,0.45789068937301636,0.18110065162181854,0.1796317845582962,844859,21,2,False,Left,Back,Right,Left,64
<_io.BytesIO object at 0x0000029FC1C50720>,0.4327588975429535,0.1873933970928192,0.245012566447258,844859,21,2,False,Left,Back,Right,Left,64
<_io.BytesIO object at 0x0000029FC1C509F0>,0.48550543189048767,0.15896160900592804,0.19982674717903137,844859,21,2,False,Left,Back,Right,Left,64
<_io.BytesIO object at 0x0000029FC4A4FEA0>,0.4808087646961212,0.11273466795682907,0.19271720945835114,844859,21,2,False,Left,Back,Right,Left,64
<_io.BytesIO object at 0x0000029FC4A4FF90>,0.45247822999954224,0.09759240597486496,0.24064160883426666,844859,21,2,False,Left,Back,Right,Left,64
<_io.BytesIO object at 0x0000029FC4A07310>,0.45789068937301636,0.18110065162181854,0.1796317845582962,844860,21,2,False,Left,Back,Right,Left,64
<_io.BytesIO object at 0x0000029FC4A07F40>,0.4327588975429535,0.1873933970928192,0.245012566447258,844860,21,2,False,Left,Back,Right,Left,64
<_io.BytesIO object at 0x0000029FC4A07680>,0.48550543189048767,0.15896160900592804,0.19982674717903137,844860,21,2,False,Left,Back,Right,Left,64
<_io.BytesIO object at 0x0000029FC49E2E00>,0.4808087646961212,0.11273466795682907,0.19271720945835114,844860,21,2,False,Left,Back,Right,Left,64
<_io.BytesIO object at 0x0000029FC49E2DB0>,0.45247822999954224,0.09759240597486496,0.24064160883426666,844860,21,2,False,Left,Back,Right,Left,64
<_io.BytesIO object at 0x0000029FC4A84B30>,0.45789068937301636,0.18110065162181854,0.1796317845582962,844861,21,2,False,Left,Back,Right,Left,64
<_io.BytesIO object at 0x0000029FC4A84540>,0.4327588975429535,0.1873933970928192,0.245012566447258,844861,21,2,False,Left,Back,Right,Left,64
<_io.BytesIO object at 0x0000029FC49E84F0>,0.48550543189048767,0.15896160900592804,0.19982674717903137,844861,21,2,False,Left,Back,Right,Left,64
<_io.BytesIO object at 0x0000029FC49E8DB0>,0.4808087646961212,0.11273466795682907,0.19271720945835114,844861,21,2,False,Left,Back,Right,Left,64
<_io.BytesIO object at 0x0000029FC49E8220>,0.45247822999954224,0.09759240597486496,0.24064160883426666,844861,21,2,False,Left,Back,Right,Left,64
<_io.BytesIO object at 0x0000029FC49DE270>,0.45789068937301636,0.18110065162181854,0.1796317845582962,844862,21,2,False,Left,Back,Right,Left,64
<_io.BytesIO object at 0x0000029FC49DE770>,0.4327588975429535,0.1873933970928192,0.245012566447258,844862,21,2,False,Left,Back,Right,Left,64
<_io.BytesIO object at 0x0000029FC49DE450>,0.48550543189048767,0.15896160900592804,0.19982674717903137,844862,21,2,False,Left,Back,Right,Left,64
<_io.BytesIO object at 0x0000029FC49DED10>,0.4808087646961212,0.11273466795682907,0.19271720945835114,844862,21,2,False,Left,Back,Right,Left,64
<_io.BytesIO object at 0x0000029FC49DECC0>,0.45247822999954224,0.09759240597486496,0.24064160883426666,844862,21,2,False,Left,Back,Right,Left,64
<_io.BytesIO object at 0x0000029FC4A84220>,0.45789068937301636,0.18110065162181854,0.1796317845582962,844863,21,2,False,Left,Back,Right,Left,64
<_io.BytesIO object at 0x0000029FC4AA5810>,0.4327588975429535,0.1873933970928192,0.245012566447258,844863,21,2,False,Left,Back,Right,Left,64
<_io.BytesIO object at 0x0000029FC4AA5220>,0.48550543189048767,0.15896160900592804,0.19982674717903137,844863,21,2,False,Left,Back,Right,Left,64
<_io.BytesIO object at 0x0000029FC4AA5130>,0.4808087646961212,0.11273466795682907,0.19271720945835114,844863,21,2,False,Left,Back,Right,Left,64
<_io.BytesIO object at 0x0000029FC49E21D0>,0.45247822999954224,0.09759240597486496,0.24064160883426666,844863,21,2,False,Left,Back,Right,Left,64
<_io.BytesIO object at 0x0000029FC49F1AE0>,0.45789068937301636,0.18110065162181854,0.1796317845582962,844864,21,2,False,Left,Back,Right,Left,64
<_io.BytesIO object at 0x0000029FC49F1BD0>,0.4327588975429535,0.1873933970928192,0.245012566447258,844864,21,2,False,Left,Back,Right,Left,64
<_io.BytesIO object at 0x0000029FC49F1220>,0.48550543189048767,0.15896160900592804,0.19982674717903137,844864,21,2,False,Left,Back,Right,Left,64
<_io.BytesIO object at 0x0000029FC4A4F4F0>,0.4808087646961212,0.11273466795682907,0.19271720945835114,844864,21,2,False,Left,Back,Right,Left,64
<_io.BytesIO object at 0x0000029FC4A4FCC0>,0.45247822999954224,0.09759240597486496,0.24064160883426666,844864,21,2,False,Left,Back,Right,Left,64
<_io.BytesIO object at 0x0000029FC4A1B040>,0.45789068937301636,0.18110065162181854,0.1796317845582962,844865,21,2,False,Left,Back,Right,Left,64
<_io.BytesIO object at 0x0000029FC4A1B9A0>,0.4327588975429535,0.1873933970928192,0.245012566447258,844865,21,2,False,Left,Back,Right,Left,64
<_io.BytesIO object at 0x0000029FC4A24F40>,0.48550543189048767,0.15896160900592804,0.19982674717903137,844865,21,2,False,Left,Back,Right,Left,64
<_io.BytesIO object at 0x0000029FC4A24590>,0.4808087646961212,0.11273466795682907,0.19271720945835114,844865,21,2,False,Left,Back,Right,Left,64
<_io.BytesIO object at 0x0000029FC4A24360>,0.45247822999954224,0.09759240597486496,0.24064160883426666,844865,21,2,False,Left,Back,Right,Left,64
<_io.BytesIO object at 0x0000029FC4A142C0>,0.45789068937301636,0.18110065162181854,0.1796317845582962,844866,21,2,False,Left,Back,Right,Left,64
<_io.BytesIO object at 0x0000029FBD0556D0>,0.4327588975429535,0.1873933970928192,0.245012566447258,844866,21,2,False,Left,Back,Right,Left,64
<_io.BytesIO object at 0x0000029FC4A06DB0>,0.48550543189048767,0.15896160900592804,0.19982674717903137,844866,21,2,False,Left,Back,Right,Left,64
<_io.BytesIO object at 0x0000029FC4A06D60>,0.4808087646961212,0.11273466795682907,0.19271720945835114,844866,21,2,False,Left,Back,Right,Left,64
<_io.BytesIO object at 0x0000029FC4A06860>,0.45247822999954224,0.09759240597486496,0.24064160883426666,844866,21,2,False,Left,Back,Right,Left,64
<_io.BytesIO object at 0x0000029FC4A1C270>,0.45789068937301636,0.18110065162181854,0.1796317845582962,844867,21,2,False,Left,Back,Right,Left,64
<_io.BytesIO object at 0x0000029FC4A1CC70>,0.4327588975429535,0.1873933970928192,0.245012566447258,844867,21,2,False,Left,Back,Right,Left,64
<_io.BytesIO object at 0x0000029FC4A060E0>,0.48550543189048767,0.15896160900592804,0.19982674717903137,844867,21,2,False,Left,Back,Right,Left,64
<_io.BytesIO object at 0x0000029FC4A06F40>,0.4808087646961212,0.11273466795682907,0.19271720945835114,844867,21,2,False,Left,Back,Right,Left,64
<_io.BytesIO object at 0x0000029FC4A06090>,0.45247822999954224,0.09759240597486496,0.24064160883426666,844867,21,2,False,Left,Back,Right,Left,64
<_io.BytesIO object at 0x0000029FC49EEBD0>,0.45789068937301636,0.18110065162181854,0.1796317845582962,844868,21,2,False,Left,Back,Right,Left,64
<_io.BytesIO object at 0x0000029FC49EECC0>,0.4327588975429535,0.1873933970928192,0.245012566447258,844868,21,2,False,Left,Back,Right,Left,64
<_io.BytesIO object at 0x0000029FC4A243B0>,0.48550543189048767,0.15896160900592804,0.19982674717903137,844868,21,2,False,Left,Back,Right,Left,64
<_io.BytesIO object at 0x0000029FC4A24B30>,0.4808087646961212,0.11273466795682907,0.19271720945835114,844868,21,2,False,Left,Back,Right,Left,64
<_io.BytesIO object at 0x0000029FC4A24C20>,0.45247822999954224,0.09759240597486496,0.24064160883426666,844868,21,2,False,Left,Back,Right,Left,64
<_io.BytesIO object at 0x0000029FC1C50040>,0.45789068937301636,0.18110065162181854,0.1796317845582962,844869,21,2,False,Left,Back,Right,Left,64
<_io.BytesIO object at 0x0000029FC49F1590>,0.4327588975429535,0.1873933970928192,0.245012566447258,844869,21,2,False,Left,Back,Right,Left,64
<_io.BytesIO object at 0x0000029FC49F1130>,0.48550543189048767,0.15896160900592804,0.19982674717903137,844869,21,2,False,Left,Back,Right,Left,64
<_io.BytesIO object at 0x0000029FC49F1C20>,0.4808087646961212,0.11273466795682907,0.19271720945835114,844869,21,2,False,Left,Back,Right,Left,64
<_io.BytesIO object at 0x0000029FC49F1040>,0.45247822999954224,0.09759240597486496,0.24064160883426666,844869,21,2,False,Left,Back,Right,Left,64
<_io.BytesIO object at 0x0000029FC4AA5D10>,0.45789068937301636,0.18110065162181854,0.1796317845582962,844870,21,2,False,Left,Back,Right,Left,64
<_io.BytesIO object at 0x0000029FC4AA53B0>,0.4327588975429535,0.1873933970928192,0.245012566447258,844870,21,2,False,Left,Back,Right,Left,64
<_io.BytesIO object at 0x0000029FC4AA54A0>,0.48550543189048767,0.15896160900592804,0.19982674717903137,844870,21,2,False,Left,Back,Right,Left,64
<_io.BytesIO object at 0x0000029FC4A4F7C0>,0.4808087646961212,0.11273466795682907,0.19271720945835114,844870,21,2,False,Left,Back,Right,Left,64
<_io.BytesIO object at 0x0000029FC4A4FBD0>,0.45247822999954224,0.09759240597486496,0.24064160883426666,844870,21,2,False,Left,Back,Right,Left,64
<_io.BytesIO object at 0x0000029FC49E8A90>,0.45789068937301636,0.18110065162181854,0.1796317845582962,844871,21,2,False,Left,Back,Right,Left,64
<_io.BytesIO object at 0x0000029FC49E8DB0>,0.4327588975429535,0.1873933970928192,0.245012566447258,844871,21,2,False,Left,Back,Right,Left,64
<_io.BytesIO object at 0x0000029FC49E8F40>,0.48550543189048767,0.15896160900592804,0.19982674717903137,844871,21,2,False,Left,Back,Right,Left,64
<_io.BytesIO object at 0x0000029FC49E8450>,0.4808087646961212,0.11273466795682907,0.19271720945835114,844871,21,2,False,Left,Back,Right,Left,64
<_io.BytesIO object at 0x0000029FC49E89A0>,0.45247822999954224,0.09759240597486496,0.24064160883426666,844871,21,2,False,Left,Back,Right,Left,64
<_io.BytesIO object at 0x0000029FC49DE040>,0.45789068937301636,0.18110065162181854,0.1796317845582962,844872,21,2,False,Left,Back,Right,Left,64
<_io.BytesIO object at 0x0000029FC49E8D10>,0.4327588975429535,0.1873933970928192,0.245012566447258,844872,21,2,False,Left,Back,Right,Left,64
<_io.BytesIO object at 0x0000029FC49E8F40>,0.48550543189048767,0.15896160900592804,0.19982674717903137,844872,21,2,False,Left,Back,Right,Left,64
<_io.BytesIO object at 0x0000029FC49E8EF0>,0.4808087646961212,0.11273466795682907,0.19271720945835114,844872,21,2,False,Left,Back,Right,Left,64
<_io.BytesIO object at 0x0000029FC49E8EA0>,0.45247822999954224,0.09759240597486496,0.24064160883426666,844872,21,2,False,Left,Back,Right,Left,64
<_io.BytesIO object at 0x0000029FC4A4F130>,0.45789068937301636,0.18110065162181854,0.1796317845582962,844873,21,2,False,Left,Back,Right,Left,64
<_io.BytesIO object at 0x0000029FC4A4FBD0>,0.4327588975429535,0.1873933970928192,0.245012566447258,844873,21,2,False,Left,Back,Right,Left,64
<_io.BytesIO object at 0x0000029FC4AA54A0>,0.48550543189048767,0.15896160900592804,0.19982674717903137,844873,21,2,False,Left,Back,Right,Left,64
<_io.BytesIO object at 0x0000029FC4AA58B0>,0.4808087646961212,0.11273466795682907,0.19271720945835114,844873,21,2,False,Left,Back,Right,Left,64
<_io.BytesIO object at 0x0000029FC4AA59A0>,0.45247822999954224,0.09759240597486496,0.24064160883426666,844873,21,2,False,Left,Back,Right,Left,64
<_io.BytesIO object at 0x0000029FC4A07860>,0.45789068937301636,0.18110065162181854,0.1796317845582962,844874,21,2,False,Left,Back,Right,Left,64
<_io.BytesIO object at 0x0000029FC49F19F0>,0.4327588975429535,0.1873933970928192,0.245012566447258,844874,21,2,False,Left,Back,Right,Left,64
<_io.BytesIO object at 0x0000029FC49F1130>,0.48550543189048767,0.15896160900592804,0.19982674717903137,844874,21,2,False,Left,Back,Right,Left,64
<_io.BytesIO object at 0x0000029FC49F1450>,0.4808087646961212,0.11273466795682907,0.19271720945835114,844874,21,2,False,Left,Back,Right,Left,64
<_io.BytesIO object at 0x0000029FC49F1AE0>,0.45247822999954224,0.09759240597486496,0.24064160883426666,844874,21,2,False,Left,Back,Right,Left,64
<_io.BytesIO object at 0x0000029FC4A248B0>,0.45789068937301636,0.18110065162181854,0.1796317845582962,844875,21,2,False,Left,Back,Right,Left,64
<_io.BytesIO object at 0x0000029FC4A245E0>,0.4327588975429535,0.1873933970928192,0.245012566447258,844875,21,2,False,Left,Back,Right,Left,64
<_io.BytesIO object at 0x0000029FC4A24090>,0.48550543189048767,0.15896160900592804,0.19982674717903137,844875,21,2,False,Left,Back,Right,Left,64
<_io.BytesIO object at 0x0000029FC49EEB80>,0.4808087646961212,0.11273466795682907,0.19271720945835114,844875,21,2,False,Left,Back,Right,Left,64
<_io.BytesIO object at 0x0000029FC49EE900>,0.45247822999954224,0.09759240597486496,0.24064160883426666,844875,21,2,False,Left,Back,Right,Left,64
<_io.BytesIO object at 0x0000029FC4A142C0>,0.45789068937301636,0.18110065162181854,0.1796317845582962,844876,21,2,False,Left,Back,Right,Left,64
<_io.BytesIO object at 0x0000029FC4A06B30>,0.4327588975429535,0.1873933970928192,0.245012566447258,844876,21,2,False,Left,Back,Right,Left,64
<_io.BytesIO object at 0x0000029FC4A06360>,0.48550543189048767,0.15896160900592804,0.19982674717903137,844876,21,2,False,Left,Back,Right,Left,64
<_io.BytesIO object at 0x0000029FC4A069F0>,0.4808087646961212,0.11273466795682907,0.19271720945835114,844876,21,2,False,Left,Back,Right,Left,64
<_io.BytesIO object at 0x0000029FC4A06720>,0.45247822999954224,0.09759240597486496,0.24064160883426666,844876,21,2,False,Left,Back,Right,Left,64
<_io.BytesIO object at 0x0000029FC4A14950>,0.45789068937301636,0.18110065162181854,0.1796317845582962,844877,21,2,False,Left,Back,Right,Left,64
<_io.BytesIO object at 0x0000029FC49EE540>,0.4327588975429535,0.1873933970928192,0.245012566447258,844877,21,2,False,Left,Back,Right,Left,64
<_io.BytesIO object at 0x0000029FC49EE130>,0.48550543189048767,0.15896160900592804,0.19982674717903137,844877,21,2,False,Left,Back,Right,Left,64
<_io.BytesIO object at 0x0000029FC49EE770>,0.4808087646961212,0.11273466795682907,0.19271720945835114,844877,21,2,False,Left,Back,Right,Left,64
<_io.BytesIO object at 0x0000029FC49EE310>,0.45247822999954224,0.09759240597486496,0.24064160883426666,844877,21,2,False,Left,Back,Right,Left,64
<_io.BytesIO object at 0x0000029FC4A1BF40>,0.45789068937301636,0.18110065162181854,0.1796317845582962,844878,21,2,False,Left,Back,Right,Left,64
<_io.BytesIO object at 0x0000029FC1C50C20>,0.4327588975429535,0.1873933970928192,0.245012566447258,844878,21,2,False,Left,Back,Right,Left,64
<_io.BytesIO object at 0x0000029FC1C50860>,0.48550543189048767,0.15896160900592804,0.19982674717903137,844878,21,2,False,Left,Back,Right,Left,64
<_io.BytesIO object at 0x0000029FC1C50B80>,0.4808087646961212,0.11273466795682907,0.19271720945835114,844878,21,2,False,Left,Back,Right,Left,64
<_io.BytesIO object at 0x0000029FC49F1270>,0.45247822999954224,0.09759240597486496,0.24064160883426666,844878,21,2,False,Left,Back,Right,Left,64
<_io.BytesIO object at 0x0000029FC49E2C70>,0.45789068937301636,0.18110065162181854,0.1796317845582962,844879,21,2,False,Left,Back,Right,Left,64
<_io.BytesIO object at 0x0000029FC49E2270>,0.4327588975429535,0.1873933970928192,0.245012566447258,844879,21,2,False,Left,Back,Right,Left,64
<_io.BytesIO object at 0x0000029FC4AA55E0>,0.48550543189048767,0.15896160900592804,0.19982674717903137,844879,21,2,False,Left,Back,Right,Left,64
<_io.BytesIO object at 0x0000029FC4AA5130>,0.4808087646961212,0.11273466795682907,0.19271720945835114,844879,21,2,False,Left,Back,Right,Left,64
<_io.BytesIO object at 0x0000029FC4AA5040>,0.45247822999954224,0.09759240597486496,0.24064160883426666,844879,21,2,False,Left,Back,Right,Left,64
<_io.BytesIO object at 0x0000029FC4A84EF0>,0.45789068937301636,0.18110065162181854,0.1796317845582962,844880,21,2,False,Left,Back,Right,Left,64
<_io.BytesIO object at 0x0000029FC4A84400>,0.4327588975429535,0.1873933970928192,0.245012566447258,844880,21,2,False,Left,Back,Right,Left,64
<_io.BytesIO object at 0x0000029FC49E8BD0>,0.48550543189048767,0.15896160900592804,0.19982674717903137,844880,21,2,False,Left,Back,Right,Left,64
<_io.BytesIO object at 0x0000029FC49E86D0>,0.4808087646961212,0.11273466795682907,0.19271720945835114,844880,21,2,False,Left,Back,Right,Left,64
<_io.BytesIO object at 0x0000029FC49E8810>,0.45247822999954224,0.09759240597486496,0.24064160883426666,844880,21,2,False,Left,Back,Right,Left,64
<_io.BytesIO object at 0x0000029FC4A1C4A0>,0.45789068937301636,0.18110065162181854,0.1796317845582962,844881,21,2,False,Left,Back,Right,Left,64
<_io.BytesIO object at 0x0000029FC4A1C130>,0.4327588975429535,0.1873933970928192,0.245012566447258,844881,21,2,False,Left,Back,Right,Left,64
<_io.BytesIO object at 0x0000029FC4A1C2C0>,0.48550543189048767,0.15896160900592804,0.19982674717903137,844881,21,2,False,Left,Back,Right,Left,64
<_io.BytesIO object at 0x0000029FC4A1C720>,0.4808087646961212,0.11273466795682907,0.19271720945835114,844881,21,2,False,Left,Back,Right,Left,64
<_io.BytesIO object at 0x0000029FC4A1C270>,0.45247822999954224,0.09759240597486496,0.24064160883426666,844881,21,2,False,Left,Back,Right,Left,64
<_io.BytesIO object at 0x0000029FC49E8DB0>,0.45789068937301636,0.18110065162181854,0.1796317845582962,844882,21,2,False,Left,Back,Right,Left,64
<_io.BytesIO object at 0x0000029FC4A84860>,0.4327588975429535,0.1873933970928192,0.245012566447258,844882,21,2,False,Left,Back,Right,Left,64
<_io.BytesIO object at 0x0000029FC4A84AE0>,0.48550543189048767,0.15896160900592804,0.19982674717903137,844882,21,2,False,Left,Back,Right,Left,64
<_io.BytesIO object at 0x0000029FC4A84450>,0.4808087646961212,0.11273466795682907,0.19271720945835114,844882,21,2,False,Left,Back,Right,Left,64
<_io.BytesIO object at 0x0000029FC4A849F0>,0.45247822999954224,0.09759240597486496,0.24064160883426666,844882,21,2,False,Left,Back,Right,Left,64
<_io.BytesIO object at 0x0000029FC49E21D0>,0.45789068937301636,0.18110065162181854,0.1796317845582962,844883,21,2,False,Left,Back,Right,Left,64
<_io.BytesIO object at 0x0000029FC49E25E0>,0.4327588975429535,0.1873933970928192,0.245012566447258,844883,21,2,False,Left,Back,Right,Left,64
<_io.BytesIO object at 0x0000029FC49E2720>,0.48550543189048767,0.15896160900592804,0.19982674717903137,844883,21,2,False,Left,Back,Right,Left,64
<_io.BytesIO object at 0x0000029FC4A07950>,0.4808087646961212,0.11273466795682907,0.19271720945835114,844883,21,2,False,Left,Back,Right,Left,64
<_io.BytesIO object at 0x0000029FC4A073B0>,0.45247822999954224,0.09759240597486496,0.24064160883426666,844883,21,2,False,Left,Back,Right,Left,64
<_io.BytesIO object at 0x0000029FC4A1B3B0>,0.45789068937301636,0.18110065162181854,0.1796317845582962,844884,21,2,False,Left,Back,Right,Left,64
<_io.BytesIO object at 0x0000029FC4A24B30>,0.4327588975429535,0.1873933970928192,0.245012566447258,844884,21,2,False,Left,Back,Right,Left,64
<_io.BytesIO object at 0x0000029FC4A24C70>,0.48550543189048767,0.15896160900592804,0.19982674717903137,844884,21,2,False,Left,Back,Right,Left,64
<_io.BytesIO object at 0x0000029FC4A24360>,0.4808087646961212,0.11273466795682907,0.19271720945835114,844884,21,2,False,Left,Back,Right,Left,64
<_io.BytesIO object at 0x0000029FC4A24BD0>,0.45247822999954224,0.09759240597486496,0.24064160883426666,844884,21,2,False,Left,Back,Right,Left,64
<_io.BytesIO object at 0x0000029FC4A14270>,0.45789068937301636,0.18110065162181854,0.1796317845582962,844885,21,2,False,Left,Back,Right,Left,64
<_io.BytesIO object at 0x0000029FC4A14360>,0.4327588975429535,0.1873933970928192,0.245012566447258,844885,21,2,False,Left,Back,Right,Left,64
<_io.BytesIO object at 0x0000029FC4A14A40>,0.48550543189048767,0.15896160900592804,0.19982674717903137,844885,21,2,False,Left,Back,Right,Left,64
<_io.BytesIO object at 0x0000029FC4A14D60>,0.4808087646961212,0.11273466795682907,0.19271720945835114,844885,21,2,False,Left,Back,Right,Left,64
<_io.BytesIO object at 0x0000029FBD0552C0>,0.45247822999954224,0.09759240597486496,0.24064160883426666,844885,21,2,False,Left,Back,Right,Left,64
<_io.BytesIO object at 0x0000029FC4A069F0>,0.45789068937301636,0.18110065162181854,0.1796317845582962,844886,21,2,False,Left,Back,Right,Left,64
<_io.BytesIO object at 0x0000029FBD0556D0>,0.4327588975429535,0.1873933970928192,0.245012566447258,844886,21,2,False,Left,Back,Right,Left,64
<_io.BytesIO object at 0x0000029FC4A14630>,0.48550543189048767,0.15896160900592804,0.19982674717903137,844886,21,2,False,Left,Back,Right,Left,64
<_io.BytesIO object at 0x0000029FC4A147C0>,0.4808087646961212,0.11273466795682907,0.19271720945835114,844886,21,2,False,Left,Back,Right,Left,64
<_io.BytesIO object at 0x0000029FC4A14040>,0.45247822999954224,0.09759240597486496,0.24064160883426666,844886,21,2,False,Left,Back,Right,Left,64
<_io.BytesIO object at 0x0000029FC49EE8B0>,0.45789068937301636,0.18110065162181854,0.1796317845582962,844887,21,2,False,Left,Back,Right,Left,64
<_io.BytesIO object at 0x0000029FC4A24F90>,0.4327588975429535,0.1873933970928192,0.245012566447258,844887,21,2,False,Left,Back,Right,Left,64
<_io.BytesIO object at 0x0000029FC4A24400>,0.48550543189048767,0.15896160900592804,0.19982674717903137,844887,21,2,False,Left,Back,Right,Left,64
<_io.BytesIO object at 0x0000029FC4A24450>,0.4808087646961212,0.11273466795682907,0.19271720945835114,844887,21,2,False,Left,Back,Right,Left,64
<_io.BytesIO object at 0x0000029FC4A24220>,0.45247822999954224,0.09759240597486496,0.24064160883426666,844887,21,2,False,Left,Back,Right,Left,64
<_io.BytesIO object at 0x0000029FC4A075E0>,0.45789068937301636,0.18110065162181854,0.1796317845582962,844888,21,2,False,Left,Back,Right,Left,64
<_io.BytesIO object at 0x0000029FC4A072C0>,0.4327588975429535,0.1873933970928192,0.245012566447258,844888,21,2,False,Left,Back,Right,Left,64
<_io.BytesIO object at 0x0000029FC49E28B0>,0.48550543189048767,0.15896160900592804,0.19982674717903137,844888,21,2,False,Left,Back,Right,Left,64
<_io.BytesIO object at 0x0000029FC49E2540>,0.4808087646961212,0.11273466795682907,0.19271720945835114,844888,21,2,False,Left,Back,Right,Left,64
<_io.BytesIO object at 0x0000029FC49E2680>,0.45247822999954224,0.09759240597486496,0.24064160883426666,844888,21,2,False,Left,Back,Right,Left,64
<_io.BytesIO object at 0x0000029FC4A848B0>,0.45789068937301636,0.18110065162181854,0.1796317845582962,844889,21,2,False,Left,Back,Right,Left,64
<_io.BytesIO object at 0x0000029FC4A84400>,0.4327588975429535,0.1873933970928192,0.245012566447258,844889,21,2,False,Left,Back,Right,Left,64
<_io.BytesIO object at 0x0000029FC4A4F270>,0.48550543189048767,0.15896160900592804,0.19982674717903137,844889,21,2,False,Left,Back,Right,Left,64
<_io.BytesIO object at 0x0000029FC4A4F400>,0.4808087646961212,0.11273466795682907,0.19271720945835114,844889,21,2,False,Left,Back,Right,Left,64
<_io.BytesIO object at 0x0000029FC4A4FDB0>,0.45247822999954224,0.09759240597486496,0.24064160883426666,844889,21,2,False,Left,Back,Right,Left,64
<_io.BytesIO object at 0x0000029FC49DE1D0>,0.45789068937301636,0.18110065162181854,0.1796317845582962,844890,21,2,False,Left,Back,Right,Left,64
<_io.BytesIO object at 0x0000029FC49DE680>,0.4327588975429535,0.1873933970928192,0.245012566447258,844890,21,2,False,Left,Back,Right,Left,64
<_io.BytesIO object at 0x0000029FC4A1C360>,0.48550543189048767,0.15896160900592804,0.19982674717903137,844890,21,2,False,Left,Back,Right,Left,64
<_io.BytesIO object at 0x0000029FC4A1CBD0>,0.4808087646961212,0.11273466795682907,0.19271720945835114,844890,21,2,False,Left,Back,Right,Left,64
<_io.BytesIO object at 0x0000029FC49DECC0>,0.45247822999954224,0.09759240597486496,0.24064160883426666,844890,21,2,False,Left,Back,Right,Left,64
<_io.BytesIO object at 0x0000029FC4A4FD60>,0.45789068937301636,0.18110065162181854,0.1796317845582962,844891,21,2,False,Left,Back,Right,Left,64
<_io.BytesIO object at 0x0000029FC4A4FEA0>,0.4327588975429535,0.1873933970928192,0.245012566447258,844891,21,2,False,Left,Back,Right,Left,64
<_io.BytesIO object at 0x0000029FC4A84040>,0.48550543189048767,0.15896160900592804,0.19982674717903137,844891,21,2,False,Left,Back,Right,Left,64
<_io.BytesIO object at 0x0000029FC4A84270>,0.4808087646961212,0.11273466795682907,0.19271720945835114,844891,21,2,False,Left,Back,Right,Left,64
<_io.BytesIO object at 0x0000029FC4A84B30>,0.45247822999954224,0.09759240597486496,0.24064160883426666,844891,21,2,False,Left,Back,Right,Left,64
<_io.BytesIO object at 0x0000029FC49E2E00>,0.45789068937301636,0.18110065162181854,0.1796317845582962,844892,21,2,False,Left,Back,Right,Left,64
<_io.BytesIO object at 0x0000029FC49E28B0>,0.4327588975429535,0.1873933970928192,0.245012566447258,844892,21,2,False,Left,Back,Right,Left,64
<_io.BytesIO object at 0x0000029FC4A07A40>,0.48550543189048767,0.15896160900592804,0.19982674717903137,844892,21,2,False,Left,Back,Right,Left,64
<_io.BytesIO object at 0x0000029FC4A07680>,0.4808087646961212,0.11273466795682907,0.19271720945835114,844892,21,2,False,Left,Back,Right,Left,64
<_io.BytesIO object at 0x0000029FC4A07720>,0.45247822999954224,0.09759240597486496,0.24064160883426666,844892,21,2,False,Left,Back,Right,Left,64
<_io.BytesIO object at 0x0000029FC4A1B9F0>,0.45789068937301636,0.18110065162181854,0.1796317845582962,844893,21,2,False,Left,Back,Right,Left,64
<_io.BytesIO object at 0x0000029FC4A24EA0>,0.4327588975429535,0.1873933970928192,0.245012566447258,844893,21,2,False,Left,Back,Right,Left,64
<_io.BytesIO object at 0x0000029FC4A24810>,0.48550543189048767,0.15896160900592804,0.19982674717903137,844893,21,2,False,Left,Back,Right,Left,64
<_io.BytesIO object at 0x0000029FC4A24900>,0.4808087646961212,0.11273466795682907,0.19271720945835114,844893,21,2,False,Left,Back,Right,Left,64
<_io.BytesIO object at 0x0000029FC49EEF40>,0.45247822999954224,0.09759240597486496,0.24064160883426666,844893,21,2,False,Left,Back,Right,Left,64
<_io.BytesIO object at 0x0000029FC4A14AE0>,0.45789068937301636,0.18110065162181854,0.1796317845582962,844894,21,2,False,Left,Back,Right,Left,64
<_io.BytesIO object at 0x0000029FC4A149F0>,0.4327588975429535,0.1873933970928192,0.245012566447258,844894,21,2,False,Left,Back,Right,Left,64
<_io.BytesIO object at 0x0000029FBD055590>,0.48550543189048767,0.15896160900592804,0.19982674717903137,844894,21,2,False,Left,Back,Right,Left,64
<_io.BytesIO object at 0x0000029FBD055180>,0.4808087646961212,0.11273466795682907,0.19271720945835114,844894,21,2,False,Left,Back,Right,Left,64
<_io.BytesIO object at 0x0000029FC4A06130>,0.45247822999954224,0.09759240597486496,0.24064160883426666,844894,21,2,False,Left,Back,Right,Left,64
<_io.BytesIO object at 0x0000029FC4A06630>,0.45789068937301636,0.18110065162181854,0.1796317845582962,844895,21,2,False,Left,Back,Right,Left,64
<_io.BytesIO object at 0x0000029FC4A068B0>,0.4327588975429535,0.1873933970928192,0.245012566447258,844895,21,2,False,Left,Back,Right,Left,64
<_io.BytesIO object at 0x0000029FC4A06040>,0.48550543189048767,0.15896160900592804,0.19982674717903137,844895,21,2,False,Left,Back,Right,Left,64
<_io.BytesIO object at 0x0000029FBD055630>,0.4808087646961212,0.11273466795682907,0.19271720945835114,844895,21,2,False,Left,Back,Right,Left,64
<_io.BytesIO object at 0x0000029FBD055590>,0.45247822999954224,0.09759240597486496,0.24064160883426666,844895,21,2,False,Left,Back,Right,Left,64
<_io.BytesIO object at 0x0000029FC49EEBD0>,0.45789068937301636,0.18110065162181854,0.1796317845582962,844896,21,2,False,Left,Back,Right,Left,64
<_io.BytesIO object at 0x0000029FC49EEF90>,0.4327588975429535,0.1873933970928192,0.245012566447258,844896,21,2,False,Left,Back,Right,Left,64
<_io.BytesIO object at 0x0000029FC49EEA40>,0.48550543189048767,0.15896160900592804,0.19982674717903137,844896,21,2,False,Left,Back,Right,Left,64
<_io.BytesIO object at 0x0000029FC4A24950>,0.4808087646961212,0.11273466795682907,0.19271720945835114,844896,21,2,False,Left,Back,Right,Left,64
<_io.BytesIO object at 0x0000029FC4A249F0>,0.45247822999954224,0.09759240597486496,0.24064160883426666,844896,21,2,False,Left,Back,Right,Left,64
<_io.BytesIO object at 0x0000029FC49F1EA0>,0.45789068937301636,0.18110065162181854,0.1796317845582962,844897,21,2,False,Left,Back,Right,Left,64
<_io.BytesIO object at 0x0000029FC4A07450>,0.4327588975429535,0.1873933970928192,0.245012566447258,844897,21,2,False,Left,Back,Right,Left,64
<_io.BytesIO object at 0x0000029FC4A07720>,0.48550543189048767,0.15896160900592804,0.19982674717903137,844897,21,2,False,Left,Back,Right,Left,64
<_io.BytesIO object at 0x0000029FC4A07900>,0.4808087646961212,0.11273466795682907,0.19271720945835114,844897,21,2,False,Left,Back,Right,Left,64
<_io.BytesIO object at 0x0000029FC4A075E0>,0.45247822999954224,0.09759240597486496,0.24064160883426666,844897,21,2,False,Left,Back,Right,Left,64
<_io.BytesIO object at 0x0000029FC4AA5270>,0.45789068937301636,0.18110065162181854,0.1796317845582962,844898,21,2,False,Left,Back,Right,Left,64
<_io.BytesIO object at 0x0000029FC4A84C70>,0.4327588975429535,0.1873933970928192,0.245012566447258,844898,21,2,False,Left,Back,Right,Left,64
<_io.BytesIO object at 0x0000029FC4A84720>,0.48550543189048767,0.15896160900592804,0.19982674717903137,844898,21,2,False,Left,Back,Right,Left,64
<_io.BytesIO object at 0x0000029FC4A84A90>,0.4808087646961212,0.11273466795682907,0.19271720945835114,844898,21,2,False,Left,Back,Right,Left,64
<_io.BytesIO object at 0x0000029FC4A84EA0>,0.45247822999954224,0.09759240597486496,0.24064160883426666,844898,21,2,False,Left,Back,Right,Left,64
<_io.BytesIO object at 0x0000029FC49E8C20>,0.45789068937301636,0.18110065162181854,0.1796317845582962,844899,21,2,False,Left,Back,Right,Left,64
<_io.BytesIO object at 0x0000029FC49DEF90>,0.4327588975429535,0.1873933970928192,0.245012566447258,844899,21,2,False,Left,Back,Right,Left,64
<_io.BytesIO object at 0x0000029FC49DE9A0>,0.48550543189048767,0.15896160900592804,0.19982674717903137,844899,21,2,False,Left,Back,Right,Left,64
<_io.BytesIO object at 0x0000029FC49DE090>,0.4808087646961212,0.11273466795682907,0.19271720945835114,844899,21,2,False,Left,Back,Right,Left,64
<_io.BytesIO object at 0x0000029FC49DE680>,0.45247822999954224,0.09759240597486496,0.24064160883426666,844899,21,2,False,Left,Back,Right,Left,64
<_io.BytesIO object at 0x0000029FC49DE3B0>,0.45789068937301636,0.18110065162181854,0.1796317845582962,844900,21,2,False,Left,Back,Right,Left,64
<_io.BytesIO object at 0x0000029FC49E8C70>,0.4327588975429535,0.1873933970928192,0.245012566447258,844900,21,2,False,Left,Back,Right,Left,64
<_io.BytesIO object at 0x0000029FC49E8130>,0.48550543189048767,0.15896160900592804,0.19982674717903137,844900,21,2,False,Left,Back,Right,Left,64
<_io.BytesIO object at 0x0000029FC49E8F90>,0.4808087646961212,0.11273466795682907,0.19271720945835114,844900,21,2,False,Left,Back,Right,Left,64
<_io.BytesIO object at 0x0000029FC49E80E0>,0.45247822999954224,0.09759240597486496,0.24064160883426666,844900,21,2,False,Left,Back,Right,Left,64
<_io.BytesIO object at 0x0000029FC4A845E0>,0.45789068937301636,0.18110065162181854,0.1796317845582962,844901,21,2,False,Left,Back,Right,Left,64
<_io.BytesIO object at 0x0000029FC4A84770>,0.4327588975429535,0.1873933970928192,0.245012566447258,844901,21,2,False,Left,Back,Right,Left,64
<_io.BytesIO object at 0x0000029FC4AA58B0>,0.48550543189048767,0.15896160900592804,0.19982674717903137,844901,21,2,False,Left,Back,Right,Left,64
<_io.BytesIO object at 0x0000029FC4AA5A40>,0.4808087646961212,0.11273466795682907,0.19271720945835114,844901,21,2,False,Left,Back,Right,Left,64
<_io.BytesIO object at 0x0000029FC4AA53B0>,0.45247822999954224,0.09759240597486496,0.24064160883426666,844901,21,2,False,Left,Back,Right,Left,64
<_io.BytesIO object at 0x0000029FC4A07E00>,0.45789068937301636,0.18110065162181854,0.1796317845582962,844902,21,2,False,Left,Back,Right,Left,64
<_io.BytesIO object at 0x0000029FC49F10E0>,0.4327588975429535,0.1873933970928192,0.245012566447258,844902,21,2,False,Left,Back,Right,Left,64
<_io.BytesIO object at 0x0000029FC49F1900>,0.48550543189048767,0.15896160900592804,0.19982674717903137,844902,21,2,False,Left,Back,Right,Left,64
<_io.BytesIO object at 0x0000029FC49F15E0>,0.4808087646961212,0.11273466795682907,0.19271720945835114,844902,21,2,False,Left,Back,Right,Left,64
<_io.BytesIO object at 0x0000029FC49F1F90>,0.45247822999954224,0.09759240597486496,0.24064160883426666,844902,21,2,False,Left,Back,Right,Left,64
<_io.BytesIO object at 0x0000029FC49EEA40>,0.45789068937301636,0.18110065162181854,0.1796317845582962,844903,21,2,False,Left,Back,Right,Left,64
<_io.BytesIO object at 0x0000029FC49EE770>,0.4327588975429535,0.1873933970928192,0.245012566447258,844903,21,2,False,Left,Back,Right,Left,64
<_io.BytesIO object at 0x0000029FC49EEC20>,0.48550543189048767,0.15896160900592804,0.19982674717903137,844903,21,2,False,Left,Back,Right,Left,64
<_io.BytesIO object at 0x0000029FC49EE040>,0.4808087646961212,0.11273466795682907,0.19271720945835114,844903,21,2,False,Left,Back,Right,Left,64
<_io.BytesIO object at 0x0000029FC4A1CEA0>,0.45247822999954224,0.09759240597486496,0.24064160883426666,844903,21,2,False,Left,Back,Right,Left,64
<_io.BytesIO object at 0x0000029FC4A14400>,0.45789068937301636,0.18110065162181854,0.1796317845582962,844904,21,2,False,Left,Back,Right,Left,64
<_io.BytesIO object at 0x0000029FC4A14AE0>,0.4327588975429535,0.1873933970928192,0.245012566447258,844904,21,2,False,Left,Back,Right,Left,64
<_io.BytesIO object at 0x0000029FBD055900>,0.48550543189048767,0.15896160900592804,0.19982674717903137,844904,21,2,False,Left,Back,Right,Left,64
<_io.BytesIO object at 0x0000029FC4A06EF0>,0.4808087646961212,0.11273466795682907,0.19271720945835114,844904,21,2,False,Left,Back,Right,Left,64
<_io.BytesIO object at 0x0000029FC4A06BD0>,0.45247822999954224,0.09759240597486496,0.24064160883426666,844904,21,2,False,Left,Back,Right,Left,64
<_io.BytesIO object at 0x0000029FC49EEF90>,0.45789068937301636,0.18110065162181854,0.1796317845582962,844905,21,2,False,Left,Back,Right,Left,64
<_io.BytesIO object at 0x0000029FC4A241D0>,0.4327588975429535,0.1873933970928192,0.245012566447258,844905,21,2,False,Left,Back,Right,Left,64
<_io.BytesIO object at 0x0000029FC4A248B0>,0.48550543189048767,0.15896160900592804,0.19982674717903137,844905,21,2,False,Left,Back,Right,Left,64
<_io.BytesIO object at 0x0000029FC4A24450>,0.4808087646961212,0.11273466795682907,0.19271720945835114,844905,21,2,False,Left,Back,Right,Left,64
<_io.BytesIO object at 0x0000029FC4A24AE0>,0.45247822999954224,0.09759240597486496,0.24064160883426666,844905,21,2,False,Left,Back,Right,Left,64
<_io.BytesIO object at 0x0000029FC4A07CC0>,0.45789068937301636,0.18110065162181854,0.1796317845582962,844906,21,2,False,Left,Back,Right,Left,64
<_io.BytesIO object at 0x0000029FC4A84630>,0.4327588975429535,0.1873933970928192,0.245012566447258,844906,21,2,False,Left,Back,Right,Left,64
<_io.BytesIO object at 0x0000029FC4A848B0>,0.48550543189048767,0.15896160900592804,0.19982674717903137,844906,21,2,False,Left,Back,Right,Left,64
<_io.BytesIO object at 0x0000029FC4A84130>,0.4808087646961212,0.11273466795682907,0.19271720945835114,844906,21,2,False,Left,Back,Right,Left,64
<_io.BytesIO object at 0x0000029FC4A84680>,0.45247822999954224,0.09759240597486496,0.24064160883426666,844906,21,2,False,Left,Back,Right,Left,64
<_io.BytesIO object at 0x0000029FC49E8450>,0.45789068937301636,0.18110065162181854,0.1796317845582962,844907,21,2,False,Left,Back,Right,Left,64
<_io.BytesIO object at 0x0000029FC49DE950>,0.4327588975429535,0.1873933970928192,0.245012566447258,844907,21,2,False,Left,Back,Right,Left,64
<_io.BytesIO object at 0x0000029FC49DEA90>,0.48550543189048767,0.15896160900592804,0.19982674717903137,844907,21,2,False,Left,Back,Right,Left,64
<_io.BytesIO object at 0x0000029FC49DE450>,0.4808087646961212,0.11273466795682907,0.19271720945835114,844907,21,2,False,Left,Back,Right,Left,64
<_io.BytesIO object at 0x0000029FC49DE9A0>,0.45247822999954224,0.09759240597486496,0.24064160883426666,844907,21,2,False,Left,Back,Right,Left,64
<_io.BytesIO object at 0x0000029FC4A1CAE0>,0.45789068937301636,0.18110065162181854,0.1796317845582962,844908,21,2,False,Left,Back,Right,Left,64
<_io.BytesIO object at 0x0000029FC4A1BC20>,0.4327588975429535,0.1873933970928192,0.245012566447258,844908,21,2,False,Left,Back,Right,Left,64
<_io.BytesIO object at 0x0000029FC4A1B950>,0.48550543189048767,0.15896160900592804,0.19982674717903137,844908,21,2,False,Left,Back,Right,Left,64
<_io.BytesIO object at 0x0000029FC4A1BA40>,0.4808087646961212,0.11273466795682907,0.19271720945835114,844908,21,2,False,Left,Back,Right,Left,64
<_io.BytesIO object at 0x0000029FC4AA5DB0>,0.45247822999954224,0.09759240597486496,0.24064160883426666,844908,21,2,False,Left,Back,Right,Left,64
<_io.BytesIO object at 0x0000029FC4A068B0>,0.45789068937301636,0.18110065162181854,0.1796317845582962,844909,21,2,False,Left,Back,Right,Left,64
<_io.BytesIO object at 0x0000029FC4A06F90>,0.4327588975429535,0.1873933970928192,0.245012566447258,844909,21,2,False,Left,Back,Right,Left,64
<_io.BytesIO object at 0x0000029FC4A069F0>,0.48550543189048767,0.15896160900592804,0.19982674717903137,844909,21,2,False,Left,Back,Right,Left,64
<_io.BytesIO object at 0x0000029FC1C486D0>,0.4808087646961212,0.11273466795682907,0.19271720945835114,844909,21,2,False,Left,Back,Right,Left,64
<_io.BytesIO object at 0x0000029FC4A06AE0>,0.45247822999954224,0.09759240597486496,0.24064160883426666,844909,21,2,False,Left,Back,Right,Left,64
<_io.BytesIO object at 0x0000029FC4AA5D10>,0.45789068937301636,0.18110065162181854,0.1796317845582962,844910,21,2,False,Left,Back,Right,Left,64
<_io.BytesIO object at 0x0000029FC4AA5DB0>,0.4327588975429535,0.1873933970928192,0.245012566447258,844910,21,2,False,Left,Back,Right,Left,64
<_io.BytesIO object at 0x0000029FC4A1C860>,0.48550543189048767,0.15896160900592804,0.19982674717903137,844910,21,2,False,Left,Back,Right,Left,64
<_io.BytesIO object at 0x0000029FC4A1C270>,0.4808087646961212,0.11273466795682907,0.19271720945835114,844910,21,2,False,Left,Back,Right,Left,64
<_io.BytesIO object at 0x0000029FC4A1C040>,0.45247822999954224,0.09759240597486496,0.24064160883426666,844910,21,2,False,Left,Back,Right,Left,64
<_io.BytesIO object at 0x0000029FC49DE3B0>,0.45789068937301636,0.18110065162181854,0.1796317845582962,844911,21,2,False,Left,Back,Right,Left,64
<_io.BytesIO object at 0x0000029FC49E81D0>,0.4327588975429535,0.1873933970928192,0.245012566447258,844911,21,2,False,Left,Back,Right,Left,64
<_io.BytesIO object at 0x0000029FC49E8130>,0.48550543189048767,0.15896160900592804,0.19982674717903137,844911,21,2,False,Left,Back,Right,Left,64
<_io.BytesIO object at 0x0000029FC49E8BD0>,0.4808087646961212,0.11273466795682907,0.19271720945835114,844911,21,2,False,Left,Back,Right,Left,64
<_io.BytesIO object at 0x0000029FC49E8630>,0.45247822999954224,0.09759240597486496,0.24064160883426666,844911,21,2,False,Left,Back,Right,Left,64
<_io.BytesIO object at 0x0000029FC4A84AE0>,0.45789068937301636,0.18110065162181854,0.1796317845582962,844912,21,2,False,Left,Back,Right,Left,64
<_io.BytesIO object at 0x0000029FC4A84450>,0.4327588975429535,0.1873933970928192,0.245012566447258,844912,21,2,False,Left,Back,Right,Left,64
<_io.BytesIO object at 0x0000029FC4A072C0>,0.48550543189048767,0.15896160900592804,0.19982674717903137,844912,21,2,False,Left,Back,Right,Left,64
<_io.BytesIO object at 0x0000029FC4A07F90>,0.4808087646961212,0.11273466795682907,0.19271720945835114,844912,21,2,False,Left,Back,Right,Left,64
<_io.BytesIO object at 0x0000029FC4A07630>,0.45247822999954224,0.09759240597486496,0.24064160883426666,844912,21,2,False,Left,Back,Right,Left,64
<_io.BytesIO object at 0x0000029FC4A24DB0>,0.45789068937301636,0.18110065162181854,0.1796317845582962,844913,21,2,False,Left,Back,Right,Left,64
<_io.BytesIO object at 0x0000029FC4A1BA40>,0.4327588975429535,0.1873933970928192,0.245012566447258,844913,21,2,False,Left,Back,Right,Left,64
<_io.BytesIO object at 0x0000029FC4A1B900>,0.48550543189048767,0.15896160900592804,0.19982674717903137,844913,21,2,False,Left,Back,Right,Left,64
<_io.BytesIO object at 0x0000029FC4A1BF90>,0.4808087646961212,0.11273466795682907,0.19271720945835114,844913,21,2,False,Left,Back,Right,Left,64
<_io.BytesIO object at 0x0000029FC4A1B040>,0.45247822999954224,0.09759240597486496,0.24064160883426666,844913,21,2,False,Left,Back,Right,Left,64
<_io.BytesIO object at 0x0000029FBD0556D0>,0.45789068937301636,0.18110065162181854,0.1796317845582962,844914,21,2,False,Left,Back,Right,Left,64
<_io.BytesIO object at 0x0000029FBD0552C0>,0.4327588975429535,0.1873933970928192,0.245012566447258,844914,21,2,False,Left,Back,Right,Left,64
<_io.BytesIO object at 0x0000029FC1C50590>,0.48550543189048767,0.15896160900592804,0.19982674717903137,844914,21,2,False,Left,Back,Right,Left,64
<_io.BytesIO object at 0x0000029FC1C500E0>,0.4808087646961212,0.11273466795682907,0.19271720945835114,844914,21,2,False,Left,Back,Right,Left,64
<_io.BytesIO object at 0x0000029FC1C50360>,0.45247822999954224,0.09759240597486496,0.24064160883426666,844914,21,2,False,Left,Back,Right,Left,64
<_io.BytesIO object at 0x0000029FC4A1B900>,0.45789068937301636,0.18110065162181854,0.1796317845582962,844915,21,2,False,Left,Back,Right,Left,64
<_io.BytesIO object at 0x0000029FC4A24040>,0.4327588975429535,0.1873933970928192,0.245012566447258,844915,21,2,False,Left,Back,Right,Left,64
<_io.BytesIO object at 0x0000029FC4A24E00>,0.48550543189048767,0.15896160900592804,0.19982674717903137,844915,21,2,False,Left,Back,Right,Left,64
<_io.BytesIO object at 0x0000029FC4A24F40>,0.4808087646961212,0.11273466795682907,0.19271720945835114,844915,21,2,False,Left,Back,Right,Left,64
<_io.BytesIO object at 0x0000029FC49F1040>,0.45247822999954224,0.09759240597486496,0.24064160883426666,844915,21,2,False,Left,Back,Right,Left,64
<_io.BytesIO object at 0x0000029FC4A84AE0>,0.45789068937301636,0.18110065162181854,0.1796317845582962,844916,21,2,False,Left,Back,Right,Left,64
<_io.BytesIO object at 0x0000029FC4A84220>,0.4327588975429535,0.1873933970928192,0.245012566447258,844916,21,2,False,Left,Back,Right,Left,64
<_io.BytesIO object at 0x0000029FC4A844F0>,0.48550543189048767,0.15896160900592804,0.19982674717903137,844916,21,2,False,Left,Back,Right,Left,64
<_io.BytesIO object at 0x0000029FC4A843B0>,0.4808087646961212,0.11273466795682907,0.19271720945835114,844916,21,2,False,Left,Back,Right,Left,64
<_io.BytesIO object at 0x0000029FC4A4F130>,0.45247822999954224,0.09759240597486496,0.24064160883426666,844916,21,2,False,Left,Back,Right,Left,64
<_io.BytesIO object at 0x0000029FC49E8950>,0.45789068937301636,0.18110065162181854,0.1796317845582962,844917,21,2,False,Left,Back,Right,Left,64
<_io.BytesIO object at 0x0000029FC49DE770>,0.4327588975429535,0.1873933970928192,0.245012566447258,844917,21,2,False,Left,Back,Right,Left,64
<_io.BytesIO object at 0x0000029FC49DE900>,0.48550543189048767,0.15896160900592804,0.19982674717903137,844917,21,2,False,Left,Back,Right,Left,64
<_io.BytesIO object at 0x0000029FC49DEE00>,0.4808087646961212,0.11273466795682907,0.19271720945835114,844917,21,2,False,Left,Back,Right,Left,64
<_io.BytesIO object at 0x0000029FC49DEEA0>,0.45247822999954224,0.09759240597486496,0.24064160883426666,844917,21,2,False,Left,Back,Right,Left,64
<_io.BytesIO object at 0x0000029FC49E2130>,0.45789068937301636,0.18110065162181854,0.1796317845582962,844918,21,2,False,Left,Back,Right,Left,64
<_io.BytesIO object at 0x0000029FC49E2860>,0.4327588975429535,0.1873933970928192,0.245012566447258,844918,21,2,False,Left,Back,Right,Left,64
<_io.BytesIO object at 0x0000029FC49E24F0>,0.48550543189048767,0.15896160900592804,0.19982674717903137,844918,21,2,False,Left,Back,Right,Left,64
<_io.BytesIO object at 0x0000029FC4A14F40>,0.4808087646961212,0.11273466795682907,0.19271720945835114,844918,21,2,False,Left,Back,Right,Left,64
<_io.BytesIO object at 0x0000029FC4A14DB0>,0.45247822999954224,0.09759240597486496,0.24064160883426666,844918,21,2,False,Left,Back,Right,Left,64
<_io.BytesIO object at 0x0000029FC4A06F90>,0.45789068937301636,0.18110065162181854,0.1796317845582962,844919,21,2,False,Left,Back,Right,Left,64
<_io.BytesIO object at 0x0000029FC4A06720>,0.4327588975429535,0.1873933970928192,0.245012566447258,844919,21,2,False,Left,Back,Right,Left,64
<_io.BytesIO object at 0x0000029FC4A06630>,0.48550543189048767,0.15896160900592804,0.19982674717903137,844919,21,2,False,Left,Back,Right,Left,64
<_io.BytesIO object at 0x0000029FC4A149A0>,0.4808087646961212,0.11273466795682907,0.19271720945835114,844919,21,2,False,Left,Back,Right,Left,64
<_io.BytesIO object at 0x0000029FC4A14130>,0.45247822999954224,0.09759240597486496,0.24064160883426666,844919,21,2,False,Left,Back,Right,Left,64
<_io.BytesIO object at 0x0000029FC4AA5130>,0.45789068937301636,0.18110065162181854,0.1796317845582962,844920,21,2,False,Left,Back,Right,Left,64
<_io.BytesIO object at 0x0000029FC4A1C270>,0.4327588975429535,0.1873933970928192,0.245012566447258,844920,21,2,False,Left,Back,Right,Left,64
<_io.BytesIO object at 0x0000029FC4A1C680>,0.48550543189048767,0.15896160900592804,0.19982674717903137,844920,21,2,False,Left,Back,Right,Left,64
<_io.BytesIO object at 0x0000029FC4A1C2C0>,0.4808087646961212,0.11273466795682907,0.19271720945835114,844920,21,2,False,Left,Back,Right,Left,64
<_io.BytesIO object at 0x0000029FC4A1CA40>,0.45247822999954224,0.09759240597486496,0.24064160883426666,844920,21,2,False,Left,Back,Right,Left,64
<_io.BytesIO object at 0x0000029FC49E8220>,0.45789068937301636,0.18110065162181854,0.1796317845582962,844921,21,2,False,Left,Back,Right,Left,64
<_io.BytesIO object at 0x0000029FC4A84A90>,0.4327588975429535,0.1873933970928192,0.245012566447258,844921,21,2,False,Left,Back,Right,Left,64
<_io.BytesIO object at 0x0000029FC4A84090>,0.48550543189048767,0.15896160900592804,0.19982674717903137,844921,21,2,False,Left,Back,Right,Left,64
<_io.BytesIO object at 0x0000029FC4A84630>,0.4808087646961212,0.11273466795682907,0.19271720945835114,844921,21,2,False,Left,Back,Right,Left,64
<_io.BytesIO object at 0x0000029FC4A84590>,0.45247822999954224,0.09759240597486496,0.24064160883426666,844921,21,2,False,Left,Back,Right,Left,64
<_io.BytesIO object at 0x0000029FC49F19A0>,0.45789068937301636,0.18110065162181854,0.1796317845582962,844922,21,2,False,Left,Back,Right,Left,64
<_io.BytesIO object at 0x0000029FC4A24E00>,0.4327588975429535,0.1873933970928192,0.245012566447258,844922,21,2,False,Left,Back,Right,Left,64
<_io.BytesIO object at 0x0000029FC4A24EA0>,0.48550543189048767,0.15896160900592804,0.19982674717903137,844922,21,2,False,Left,Back,Right,Left,64
<_io.BytesIO object at 0x0000029FC4A243B0>,0.4808087646961212,0.11273466795682907,0.19271720945835114,844922,21,2,False,Left,Back,Right,Left,64
<_io.BytesIO object at 0x0000029FC4A4FA90>,0.45247822999954224,0.09759240597486496,0.24064160883426666,844922,21,2,False,Left,Back,Right,Left,64
<_io.BytesIO object at 0x0000029FC49EEBD0>,0.45789068937301636,0.18110065162181854,0.1796317845582962,844923,21,2,False,Left,Back,Right,Left,64
<_io.BytesIO object at 0x0000029FC49EE770>,0.4327588975429535,0.1873933970928192,0.245012566447258,844923,21,2,False,Left,Back,Right,Left,64
<_io.BytesIO object at 0x0000029FC1C50630>,0.48550543189048767,0.15896160900592804,0.19982674717903137,844923,21,2,False,Left,Back,Right,Left,64
<_io.BytesIO object at 0x0000029FC1C50DB0>,0.4808087646961212,0.11273466795682907,0.19271720945835114,844923,21,2,False,Left,Back,Right,Left,64
<_io.BytesIO object at 0x0000029FC1C50220>,0.45247822999954224,0.09759240597486496,0.24064160883426666,844923,21,2,False,Left,Back,Right,Left,64
<_io.BytesIO object at 0x0000029FC1C50540>,0.45789068937301636,0.18110065162181854,0.1796317845582962,844924,21,2,False,Left,Back,Right,Left,64
<_io.BytesIO object at 0x0000029FC49EEA40>,0.4327588975429535,0.1873933970928192,0.245012566447258,844924,21,2,False,Left,Back,Right,Left,64
<_io.BytesIO object at 0x0000029FC49EE400>,0.48550543189048767,0.15896160900592804,0.19982674717903137,844924,21,2,False,Left,Back,Right,Left,64
<_io.BytesIO object at 0x0000029FC49EE900>,0.4808087646961212,0.11273466795682907,0.19271720945835114,844924,21,2,False,Left,Back,Right,Left,64
<_io.BytesIO object at 0x0000029FC4A1B3B0>,0.45247822999954224,0.09759240597486496,0.24064160883426666,844924,21,2,False,Left,Back,Right,Left,64
<_io.BytesIO object at 0x0000029FC4A249A0>,0.45789068937301636,0.18110065162181854,0.1796317845582962,844925,21,2,False,Left,Back,Right,Left,64
<_io.BytesIO object at 0x0000029FC4A24130>,0.4327588975429535,0.1873933970928192,0.245012566447258,844925,21,2,False,Left,Back,Right,Left,64
<_io.BytesIO object at 0x0000029FC49F18B0>,0.48550543189048767,0.15896160900592804,0.19982674717903137,844925,21,2,False,Left,Back,Right,Left,64
<_io.BytesIO object at 0x0000029FC49F17C0>,0.4808087646961212,0.11273466795682907,0.19271720945835114,844925,21,2,False,Left,Back,Right,Left,64
<_io.BytesIO object at 0x0000029FC49F1B30>,0.45247822999954224,0.09759240597486496,0.24064160883426666,844925,21,2,False,Left,Back,Right,Left,64
<_io.BytesIO object at 0x0000029FC4A849F0>,0.45789068937301636,0.18110065162181854,0.1796317845582962,844926,21,2,False,Left,Back,Right,Left,64
<_io.BytesIO object at 0x0000029FC49E8090>,0.4327588975429535,0.1873933970928192,0.245012566447258,844926,21,2,False,Left,Back,Right,Left,64
<_io.BytesIO object at 0x0000029FC49E8F90>,0.48550543189048767,0.15896160900592804,0.19982674717903137,844926,21,2,False,Left,Back,Right,Left,64
<_io.BytesIO object at 0x0000029FC49E8AE0>,0.4808087646961212,0.11273466795682907,0.19271720945835114,844926,21,2,False,Left,Back,Right,Left,64
<_io.BytesIO object at 0x0000029FC49E8720>,0.45247822999954224,0.09759240597486496,0.24064160883426666,844926,21,2,False,Left,Back,Right,Left,64
<_io.BytesIO object at 0x0000029FC4AA5D60>,0.45789068937301636,0.18110065162181854,0.1796317845582962,844927,21,2,False,Left,Back,Right,Left,64
<_io.BytesIO object at 0x0000029FC4AA5C20>,0.4327588975429535,0.1873933970928192,0.245012566447258,844927,21,2,False,Left,Back,Right,Left,64
<_io.BytesIO object at 0x0000029FC4AA56D0>,0.48550543189048767,0.15896160900592804,0.19982674717903137,844927,21,2,False,Left,Back,Right,Left,64
<_io.BytesIO object at 0x0000029FC49E2E00>,0.4808087646961212,0.11273466795682907,0.19271720945835114,844927,21,2,False,Left,Back,Right,Left,64
<_io.BytesIO object at 0x0000029FC49E28B0>,0.45247822999954224,0.09759240597486496,0.24064160883426666,844927,21,2,False,Left,Back,Right,Left,64
<_io.BytesIO object at 0x0000029FC4A06360>,0.6340115666389465,0.20654037594795227,0.07164929807186127,844928,21,2,False,Left,Back,Right,Left,64
<_io.BytesIO object at 0x0000029FC4A06450>,0.6171889901161194,0.232009157538414,0.13729175925254822,844928,21,2,False,Left,Back,Right,Left,64
<_io.BytesIO object at 0x0000029FC4A06EA0>,0.6508898138999939,0.1792304664850235,0.0953514575958252,844928,21,2,False,Left,Back,Right,Left,64
<_io.BytesIO object at 0x0000029FC4A069A0>,0.6277905106544495,0.13788852095603943,0.09800490736961365,844928,21,2,False,Left,Back,Right,Left,64
<_io.BytesIO object at 0x0000029FC4A06F90>,0.5992106199264526,0.1445995420217514,0.15093638002872467,844928,21,2,False,Left,Back,Right,Left,64
<_io.BytesIO object at 0x0000029FC49E2860>,0.6353869438171387,0.20540274679660797,0.06338245421648026,844929,21,2,False,Left,Back,Right,Left,64
<_io.BytesIO object at 0x0000029FC4AA5C20>,0.6176808476448059,0.23054666817188263,0.12897443771362305,844929,21,2,False,Left,Back,Right,Left,64
<_io.BytesIO object at 0x0000029FC4AA54A0>,0.6535691618919373,0.17894840240478516,0.08730700612068176,844929,21,2,False,Left,Back,Right,Left,64
<_io.BytesIO object at 0x0000029FC4AA59F0>,0.6315357685089111,0.1371784806251526,0.08885718882083893,844929,21,2,False,Left,Back,Right,Left,64
<_io.BytesIO object at 0x0000029FC4AA5C70>,0.6040894985198975,0.14237716794013977,0.1437910795211792,844929,21,2,False,Left,Back,Right,Left,64
<_io.BytesIO object at 0x0000029FC49E8220>,0.6365825533866882,0.20395269989967346,0.05517071112990379,844930,21,2,False,Left,Back,Right,Left,64
<_io.BytesIO object at 0x0000029FC4A84A40>,0.6180314421653748,0.22869057953357697,0.12072161585092545,844930,21,2,False,Left,Back,Right,Left,64
<_io.BytesIO object at 0x0000029FC4A84F90>,0.6566280722618103,0.17874328792095184,0.07953780144453049,844930,21,2,False,Left,Back,Right,Left,64
<_io.BytesIO object at 0x0000029FC4A84900>,0.6360920667648315,0.13581383228302002,0.08139405399560928,844930,21,2,False,Left,Back,Right,Left,64
<_io.BytesIO object at 0x0000029FC4A84EA0>,0.6090236902236938,0.14015471935272217,0.13641169667243958,844930,21,2,False,Left,Back,Right,Left,64
<_io.BytesIO object at 0x0000029FC49F1900>,0.6374465227127075,0.2018025815486908,0.04708320274949074,844931,21,2,False,Left,Back,Right,Left,64
<_io.BytesIO object at 0x0000029FC4A24630>,0.6183010935783386,0.22628146409988403,0.11237982660531998,844931,21,2,False,Left,Back,Right,Left,64
<_io.BytesIO object at 0x0000029FC4A24F90>,0.6589727997779846,0.17788191139698029,0.07125755399465561,844931,21,2,False,Left,Back,Right,Left,64
<_io.BytesIO object at 0x0000029FC4A24950>,0.6407579779624939,0.13417020440101624,0.07397522777318954,844931,21,2,False,Left,Back,Right,Left,64
<_io.BytesIO object at 0x0000029FC4A24DB0>,0.6140958070755005,0.1379217803478241,0.1289132535457611,844931,21,2,False,Left,Back,Right,Left,64
<_io.BytesIO object at 0x0000029FC4A1B090>,0.6383939385414124,0.1996784657239914,0.038883764296770096,844932,21,2,False,Left,Back,Right,Left,64
<_io.BytesIO object at 0x0000029FC49EE6D0>,0.6185945272445679,0.22374403476715088,0.1043839231133461,844932,21,2,False,Left,Back,Right,Left,64
<_io.BytesIO object at 0x0000029FC49EE9F0>,0.6610618233680725,0.17690758407115936,0.06309011578559875,844932,21,2,False,Left,Back,Right,Left,64
<_io.BytesIO object at 0x0000029FC49EE180>,0.6454331874847412,0.13291914761066437,0.0663963109254837,844932,21,2,False,Left,Back,Right,Left,64
<_io.BytesIO object at 0x0000029FC49EE8B0>,0.6191076636314392,0.13507331907749176,0.12181305140256882,844932,21,2,False,Left,Back,Right,Left,64
<_io.BytesIO object at 0x0000029FC1C50AE0>,0.6394000053405762,0.1970175951719284,0.03089137002825737,844933,21,2,False,Left,Back,Right,Left,64
<_io.BytesIO object at 0x0000029FC1C484A0>,0.6189595460891724,0.220929354429245,0.09644696116447449,844933,21,2,False,Left,Back,Right,Left,64
<_io.BytesIO object at 0x0000029FC1C48720>,0.6631187200546265,0.17568323016166687,0.05506834015250206,844933,21,2,False,Left,Back,Right,Left,64
<_io.BytesIO object at 0x0000029FC1C48B30>,0.6496514081954956,0.13080404698848724,0.059107258915901184,844933,21,2,False,Left,Back,Right,Left,64
<_io.BytesIO object at 0x0000029FC1C48860>,0.6242563128471375,0.13244779407978058,0.11474025994539261,844933,21,2,False,Left,Back,Right,Left,64
<_io.BytesIO object at 0x0000029FBD0551D0>,0.6404452323913574,0.19433115422725677,0.023350298404693604,844934,21,2,False,Left,Back,Right,Left,64
<_io.BytesIO object at 0x0000029FC1C50450>,0.6192691922187805,0.21776385605335236,0.08872104436159134,844934,21,2,False,Left,Back,Right,Left,64
<_io.BytesIO object at 0x0000029FC1C50B30>,0.665181040763855,0.17421752214431763,0.0471322126686573,844934,21,2,False,Left,Back,Right,Left,64
<_io.BytesIO object at 0x0000029FC1C50400>,0.6539719700813293,0.129084974527359,0.051693145185709,844934,21,2,False,Left,Back,Right,Left,64
<_io.BytesIO object at 0x0000029FC1C509F0>,0.6288906931877136,0.12970387935638428,0.10752635449171066,844934,21,2,False,Left,Back,Right,Left,64
<_io.BytesIO object at 0x0000029FC49EE040>,0.6413672566413879,0.19152478873729706,0.01577354408800602,844935,21,2,False,Left,Back,Right,Left,64
<_io.BytesIO object at 0x0000029FC4A1B9A0>,0.6197882890701294,0.21434201300144196,0.08111723512411118,844935,21,2,False,Left,Back,Right,Left,64
<_io.BytesIO object at 0x0000029FC4A1B0E0>,0.667243242263794,0.1726590096950531,0.039392612874507904,844935,21,2,False,Left,Back,Right,Left,64
<_io.BytesIO object at 0x0000029FC4A1B950>,0.6579359173774719,0.1270531266927719,0.044233087450265884,844935,21,2,False,Left,Back,Right,Left,64
<_io.BytesIO object at 0x0000029FC4A4F2C0>,0.6332746148109436,0.1267077475786209,0.10033697634935379,844935,21,2,False,Left,Back,Right,Left,64
<_io.BytesIO object at 0x0000029FC49F1900>,0.6424316167831421,0.18865607678890228,0.008250688202679157,844936,21,2,False,Left,Back,Right,Left,64
<_io.BytesIO object at 0x0000029FC49F1590>,0.6201671361923218,0.21077567338943481,0.07375387847423553,844936,21,2,False,Left,Back,Right,Left,64
<_io.BytesIO object at 0x0000029FC49F1D10>,0.668928861618042,0.17077624797821045,0.03180892392992973,844936,21,2,False,Left,Back,Right,Left,64
<_io.BytesIO object at 0x0000029FC49F1680>,0.6615754961967468,0.12485797703266144,0.03693295270204544,844936,21,2,False,Left,Back,Right,Left,64
<_io.BytesIO object at 0x0000029FC4A84270>,0.6374292373657227,0.123691625893116,0.0932629331946373,844936,21,2,False,Left,Back,Right,Left,64
<_io.BytesIO object at 0x0000029FC49E8DB0>,0.6433737277984619,0.1856013685464859,0.0010223087156191468,844937,21,2,False,Left,Back,Right,Left,64
<_io.BytesIO object at 0x0000029FC4A1C4A0>,0.6205312609672546,0.20683763921260834,0.06657200306653976,844937,21,2,False,Left,Back,Right,Left,64
<_io.BytesIO object at 0x0000029FC4A1CC70>,0.6707432866096497,0.1688634604215622,0.024396201595664024,844937,21,2,False,Left,Back,Right,Left,64
<_io.BytesIO object at 0x0000029FC4A1C270>,0.6654571294784546,0.12286387383937836,0.029511788859963417,844937,21,2,False,Left,Back,Right,Left,64
<_io.BytesIO object at 0x0000029FC4A1C400>,0.6426393389701843,0.12173041701316833,0.08597927540540695,844937,21,2,False,Left,Back,Right,Left,64
