_io,pos_x,pos_y,pos_z,frame,trial_num,block_num,practicing,left_right_hand,palm_back_hand,target_loc,distractor_loc,participant_id
<_io.BytesIO object at 0x000001DA0BC83270>,0.6681480407714844,0.08174148201942444,-0.1403176188468933,213635,49,4,False,Left,Back,Right,Left,60
_io,pos_x,pos_y,pos_z,frame,trial_num,block_num,practicing,left_right_hand,palm_back_hand,target_loc,distractor_loc,participant_id
<_io.BytesIO object at 0x000001DA0EA173B0>,0.7032615542411804,0.05170610174536705,-0.14455176889896393,213635,49,4,False,Left,Back,Right,Left,60
_io,pos_x,pos_y,pos_z,frame,trial_num,block_num,practicing,left_right_hand,palm_back_hand,target_loc,distractor_loc,participant_id
<_io.BytesIO object at 0x000001DA0EA17C20>,0.6002607345581055,0.04744429886341095,-0.09231668710708618,213635,49,4,False,Left,Back,Right,Left,60
_io,pos_x,pos_y,pos_z,frame,trial_num,block_num,practicing,left_right_hand,palm_back_hand,target_loc,distractor_loc,participant_id
<_io.BytesIO object at 0x000001DA0EA17950>,0.6390013098716736,0.06615191698074341,-0.16329951584339142,213635,49,4,False,Left,Back,Right,Left,60
_io,pos_x,pos_y,pos_z,frame,trial_num,block_num,practicing,left_right_hand,palm_back_hand,target_loc,distractor_loc,participant_id
<_io.BytesIO object at 0x000001DA0EA17680>,0.6865045428276062,0.02177068032324314,-0.08980925381183624,213635,49,4,False,Left,Back,Right,Left,60
<_io.BytesIO object at 0x000001DA0EA1BE50>,0.6671617031097412,0.08079629391431808,-0.14051948487758636,213636,49,4,False,Left,Back,Right,Left,60
<_io.BytesIO object at 0x000001DA0EA179F0>,0.7023137807846069,0.050716280937194824,-0.14504458010196686,213636,49,4,False,Left,Back,Right,Left,60
<_io.BytesIO object at 0x000001DA0EA17CC0>,0.5997289419174194,0.04686889052391052,-0.09209351241588593,213636,49,4,False,Left,Back,Right,Left,60
<_io.BytesIO object at 0x000001DA0EA17310>,0.63800048828125,0.06541693210601807,-0.16359242796897888,213636,49,4,False,Left,Back,Right,Left,60
<_io.BytesIO object at 0x000001DA0EA17770>,0.6858280301094055,0.02080998383462429,-0.09024103730916977,213636,49,4,False,Left,Back,Right,Left,60
<_io.BytesIO object at 0x000001DA0BC83900>,0.666433572769165,0.07999790459871292,-0.1409432291984558,213637,49,4,False,Left,Back,Right,Left,60
<_io.BytesIO object at 0x000001DA0EA17900>,0.7014317512512207,0.04975481331348419,-0.14565175771713257,213637,49,4,False,Left,Back,Right,Left,60
<_io.BytesIO object at 0x000001DA0EA173B0>,0.5992531180381775,0.04648062214255333,-0.09202713519334793,213637,49,4,False,Left,Back,Right,Left,60
<_io.BytesIO object at 0x000001DA0EA176D0>,0.6370431184768677,0.06475267559289932,-0.1638835370540619,213637,49,4,False,Left,Back,Right,Left,60
<_io.BytesIO object at 0x000001DA0EA17180>,0.6851921677589417,0.020065706223249435,-0.0908031240105629,213637,49,4,False,Left,Back,Right,Left,60
<_io.BytesIO object at 0x000001DA0EA1BF40>,0.6655507683753967,0.07929351925849915,-0.14135286211967468,213638,49,4,False,Left,Back,Right,Left,60
<_io.BytesIO object at 0x000001DA0EA170E0>,0.7005189657211304,0.048916708678007126,-0.14616602659225464,213638,49,4,False,Left,Back,Right,Left,60
<_io.BytesIO object at 0x000001DA0EA17BD0>,0.5987342596054077,0.04611557722091675,-0.09199424088001251,213638,49,4,False,Left,Back,Right,Left,60
<_io.BytesIO object at 0x000001DA0EA17310>,0.6361803412437439,0.06406483799219131,-0.16434557735919952,213638,49,4,False,Left,Back,Right,Left,60
<_io.BytesIO object at 0x000001DA0EA17860>,0.6845303177833557,0.019392898306250572,-0.09136834740638733,213638,49,4,False,Left,Back,Right,Left,60
<_io.BytesIO object at 0x000001DA0EA174A0>,0.6648540496826172,0.07868640124797821,-0.14197906851768494,213639,49,4,False,Left,Back,Right,Left,60
<_io.BytesIO object at 0x000001DA0EA1B9F0>,0.6996598839759827,0.04825258627533913,-0.1467416137456894,213639,49,4,False,Left,Back,Right,Left,60
<_io.BytesIO object at 0x000001DA0EA1B770>,0.5982341766357422,0.045705292373895645,-0.09201528131961823,213639,49,4,False,Left,Back,Right,Left,60
<_io.BytesIO object at 0x000001DA0EA1BB30>,0.635348916053772,0.0636184886097908,-0.16468262672424316,213639,49,4,False,Left,Back,Right,Left,60
<_io.BytesIO object at 0x000001DA0EA1B130>,0.6839081048965454,0.01888970099389553,-0.09188829362392426,213639,49,4,False,Left,Back,Right,Left,60
<_io.BytesIO object at 0x000001DA0EA17900>,0.6641513109207153,0.07822398096323013,-0.14237123727798462,213640,49,4,False,Left,Back,Right,Left,60
<_io.BytesIO object at 0x000001DA0EA1B400>,0.6989015936851501,0.04773518815636635,-0.14715002477169037,213640,49,4,False,Left,Back,Right,Left,60
<_io.BytesIO object at 0x000001DA0EA1BBD0>,0.5976992845535278,0.045369889587163925,-0.09217137843370438,213640,49,4,False,Left,Back,Right,Left,60
<_io.BytesIO object at 0x000001DA0EA1BF90>,0.6346029043197632,0.06314389407634735,-0.16512547433376312,213640,49,4,False,Left,Back,Right,Left,60
<_io.BytesIO object at 0x000001DA0EA1BD60>,0.683373212814331,0.018497807905077934,-0.09242583811283112,213640,49,4,False,Left,Back,Right,Left,60
<_io.BytesIO object at 0x000001DA0BC83D10>,0.6636003255844116,0.07787508517503738,-0.14290215075016022,213641,49,4,False,Left,Back,Right,Left,60
<_io.BytesIO object at 0x000001DA0BC830E0>,0.6982347965240479,0.04731077328324318,-0.14757826924324036,213641,49,4,False,Left,Back,Right,Left,60
<_io.BytesIO object at 0x000001DA0BC83130>,0.5972304940223694,0.04503961279988289,-0.0922875851392746,213641,49,4,False,Left,Back,Right,Left,60
<_io.BytesIO object at 0x000001DA0BC83900>,0.6340271234512329,0.06277740746736526,-0.1655295044183731,213641,49,4,False,Left,Back,Right,Left,60
<_io.BytesIO object at 0x000001DA0BC83680>,0.6828905344009399,0.018224414438009262,-0.0928753912448883,213641,49,4,False,Left,Back,Right,Left,60
<_io.BytesIO object at 0x000001DA0EA17900>,0.6631075143814087,0.07755910605192184,-0.14318686723709106,213642,49,4,False,Left,Back,Right,Left,60
<_io.BytesIO object at 0x000001DA0EA17810>,0.697804868221283,0.047070711851119995,-0.14783266186714172,213642,49,4,False,Left,Back,Right,Left,60
<_io.BytesIO object at 0x000001DA0BC834A0>,0.5968188047409058,0.04473276436328888,-0.09243476390838623,213642,49,4,False,Left,Back,Right,Left,60
<_io.BytesIO object at 0x000001DA0BC83770>,0.6335568428039551,0.0624714195728302,-0.16594389081001282,213642,49,4,False,Left,Back,Right,Left,60
<_io.BytesIO object at 0x000001DA0BC83310>,0.6824457049369812,0.017995493486523628,-0.09317777305841446,213642,49,4,False,Left,Back,Right,Left,60
<_io.BytesIO object at 0x000001DA0BC83C20>,0.662716269493103,0.07726527005434036,-0.14339038729667664,213643,49,4,False,Left,Back,Right,Left,60
<_io.BytesIO object at 0x000001DA0EA17E50>,0.6974931955337524,0.04690460115671158,-0.148019939661026,213643,49,4,False,Left,Back,Right,Left,60
<_io.BytesIO object at 0x000001DA0EA17400>,0.5965525507926941,0.04433896020054817,-0.09255421161651611,213643,49,4,False,Left,Back,Right,Left,60
<_io.BytesIO object at 0x000001DA0EA175E0>,0.6332499384880066,0.06221068277955055,-0.16629570722579956,213643,49,4,False,Left,Back,Right,Left,60
<_io.BytesIO object at 0x000001DA0EA17540>,0.6821980476379395,0.017895622178912163,-0.09342338144779205,213643,49,4,False,Left,Back,Right,Left,60
<_io.BytesIO object at 0x000001DA0BC839F0>,0.6624477505683899,0.07706071436405182,-0.14372707903385162,213644,49,4,False,Left,Back,Right,Left,60
<_io.BytesIO object at 0x000001DA0EA171D0>,0.6972230076789856,0.046748511493206024,-0.14816021919250488,213644,49,4,False,Left,Back,Right,Left,60
<_io.BytesIO object at 0x000001DA0EA17360>,0.5963795781135559,0.04405080899596214,-0.09265325963497162,213644,49,4,False,Left,Back,Right,Left,60
<_io.BytesIO object at 0x000001DA0EA17950>,0.6330265402793884,0.06186417117714882,-0.16655433177947998,213644,49,4,False,Left,Back,Right,Left,60
<_io.BytesIO object at 0x000001DA0EA17DB0>,0.6820780038833618,0.0178526658564806,-0.09362414479255676,213644,49,4,False,Left,Back,Right,Left,60
<_io.BytesIO object at 0x000001DA0EA1BDB0>,0.6622096300125122,0.07678060233592987,-0.14399386942386627,213645,49,4,False,Left,Back,Right,Left,60
<_io.BytesIO object at 0x000001DA0EA17B30>,0.6970584988594055,0.04662654921412468,-0.14833062887191772,213645,49,4,False,Left,Back,Right,Left,60
<_io.BytesIO object at 0x000001DA0EA17EA0>,0.5962316989898682,0.04367747902870178,-0.0927482470870018,213645,49,4,False,Left,Back,Right,Left,60
<_io.BytesIO object at 0x000001DA0EA175E0>,0.632803201675415,0.06157425791025162,-0.16676472127437592,213645,49,4,False,Left,Back,Right,Left,60
<_io.BytesIO object at 0x000001DA0EA17360>,0.6820663809776306,0.017892811447381973,-0.09373795986175537,213645,49,4,False,Left,Back,Right,Left,60
<_io.BytesIO object at 0x000001DA0BC83810>,0.6619067788124084,0.07655301690101624,-0.1442720890045166,213646,49,4,False,Left,Back,Right,Left,60
<_io.BytesIO object at 0x000001DA0BC83130>,0.6970083117485046,0.04657013341784477,-0.14843130111694336,213646,49,4,False,Left,Back,Right,Left,60
<_io.BytesIO object at 0x000001DA0BC83BD0>,0.596161425113678,0.04324532300233841,-0.09285318851470947,213646,49,4,False,Left,Back,Right,Left,60
<_io.BytesIO object at 0x000001DA0BC830E0>,0.6327822804450989,0.06107603386044502,-0.1670602262020111,213646,49,4,False,Left,Back,Right,Left,60
<_io.BytesIO object at 0x000001DA0BC83EF0>,0.6821763515472412,0.018016716465353966,-0.09383268654346466,213646,49,4,False,Left,Back,Right,Left,60
<_io.BytesIO object at 0x000001DA0EA17360>,0.661761999130249,0.07630011439323425,-0.14449205994606018,213647,49,4,False,Left,Back,Right,Left,60
<_io.BytesIO object at 0x000001DA0EA174F0>,0.6970308423042297,0.04644059017300606,-0.14847531914710999,213647,49,4,False,Left,Back,Right,Left,60
<_io.BytesIO object at 0x000001DA0EA17270>,0.5961335301399231,0.04277447238564491,-0.09295797348022461,213647,49,4,False,Left,Back,Right,Left,60
<_io.BytesIO object at 0x000001DA0EA17F40>,0.632758617401123,0.06058994680643082,-0.16731895506381989,213647,49,4,False,Left,Back,Right,Left,60
<_io.BytesIO object at 0x000001DA0EA17090>,0.6823693513870239,0.018147321417927742,-0.09386110305786133,213647,49,4,False,Left,Back,Right,Left,60
<_io.BytesIO object at 0x000001DA0BC83450>,0.6616395115852356,0.07592006027698517,-0.14474323391914368,213648,49,4,False,Left,Back,Right,Left,60
<_io.BytesIO object at 0x000001DA0EA17770>,0.6970799565315247,0.046293847262859344,-0.14855068922042847,213648,49,4,False,Left,Back,Right,Left,60
<_io.BytesIO object at 0x000001DA0EA17B80>,0.5961806178092957,0.04208853468298912,-0.09309831261634827,213648,49,4,False,Left,Back,Right,Left,60
<_io.BytesIO object at 0x000001DA0EA17F40>,0.6327582597732544,0.06001757085323334,-0.16758674383163452,213648,49,4,False,Left,Back,Right,Left,60
<_io.BytesIO object at 0x000001DA0EA17630>,0.6826199889183044,0.01826007291674614,-0.0938749611377716,213648,49,4,False,Left,Back,Right,Left,60
<_io.BytesIO object at 0x000001DA0EA17090>,0.6614455580711365,0.07562439888715744,-0.14488811790943146,213649,49,4,False,Left,Back,Right,Left,60
<_io.BytesIO object at 0x000001DA0EA17040>,0.6971561908721924,0.04607649892568588,-0.1486540585756302,213649,49,4,False,Left,Back,Right,Left,60
<_io.BytesIO object at 0x000001DA0EA17720>,0.5962647199630737,0.04133116453886032,-0.09321002662181854,213649,49,4,False,Left,Back,Right,Left,60
<_io.BytesIO object at 0x000001DA0EA17950>,0.6327762603759766,0.059363216161727905,-0.16790401935577393,213649,49,4,False,Left,Back,Right,Left,60
<_io.BytesIO object at 0x000001DA0EA17BD0>,0.6828382611274719,0.018289176747202873,-0.09391995519399643,213649,49,4,False,Left,Back,Right,Left,60
<_io.BytesIO object at 0x000001DA0BC832C0>,0.6613408923149109,0.07519175112247467,-0.14516066014766693,213650,49,4,False,Left,Back,Right,Left,60
<_io.BytesIO object at 0x000001DA0BC83E50>,0.697277307510376,0.04588532820343971,-0.14869242906570435,213650,49,4,False,Left,Back,Right,Left,60
<_io.BytesIO object at 0x000001DA0BC83860>,0.5963024497032166,0.04039466381072998,-0.09329580515623093,213650,49,4,False,Left,Back,Right,Left,60
<_io.BytesIO object at 0x000001DA0BC83130>,0.6328061819076538,0.05872349813580513,-0.16813980042934418,213650,49,4,False,Left,Back,Right,Left,60
<_io.BytesIO object at 0x000001DA0BC836D0>,0.683086633682251,0.018244704231619835,-0.09400905668735504,213650,49,4,False,Left,Back,Right,Left,60
<_io.BytesIO object at 0x000001DA0EA17C70>,0.6611791253089905,0.07466598600149155,-0.1453692466020584,213651,49,4,False,Left,Back,Right,Left,60
<_io.BytesIO object at 0x000001DA0BC83810>,0.6973331570625305,0.045625802129507065,-0.14866015315055847,213651,49,4,False,Left,Back,Right,Left,60
<_io.BytesIO object at 0x000001DA0BC83270>,0.5963495373725891,0.039378270506858826,-0.09331687539815903,213651,49,4,False,Left,Back,Right,Left,60
<_io.BytesIO object at 0x000001DA0BC83130>,0.6327804923057556,0.05802943557500839,-0.1683930903673172,213651,49,4,False,Left,Back,Right,Left,60
<_io.BytesIO object at 0x000001DA0BC831D0>,0.6833266019821167,0.01811406947672367,-0.09412717074155807,213651,49,4,False,Left,Back,Right,Left,60
<_io.BytesIO object at 0x000001DA0BC83C20>,0.6609390377998352,0.0740756168961525,-0.14567124843597412,213652,49,4,False,Left,Back,Right,Left,60
<_io.BytesIO object at 0x000001DA0BC83770>,0.6973987817764282,0.04544534534215927,-0.14860235154628754,213652,49,4,False,Left,Back,Right,Left,60
<_io.BytesIO object at 0x000001DA0BC83130>,0.5963605046272278,0.03827350214123726,-0.09353270381689072,213652,49,4,False,Left,Back,Right,Left,60
<_io.BytesIO object at 0x000001DA0BC839F0>,0.6327595710754395,0.057318005710840225,-0.16862687468528748,213652,49,4,False,Left,Back,Right,Left,60
<_io.BytesIO object at 0x000001DA0BC839A0>,0.6835429072380066,0.017934611067175865,-0.09424293041229248,213652,49,4,False,Left,Back,Right,Left,60
<_io.BytesIO object at 0x000001DA0EA179F0>,0.6607084274291992,0.07365647703409195,-0.1457977443933487,213653,49,4,False,Left,Back,Right,Left,60
<_io.BytesIO object at 0x000001DA0BC83E00>,0.6974144577980042,0.045254480093717575,-0.148532897233963,213653,49,4,False,Left,Back,Right,Left,60
<_io.BytesIO object at 0x000001DA0BC83C20>,0.5963324308395386,0.03726064786314964,-0.09373106807470322,213653,49,4,False,Left,Back,Right,Left,60
<_io.BytesIO object at 0x000001DA0BC839A0>,0.6326833963394165,0.05654807388782501,-0.16887912154197693,213653,49,4,False,Left,Back,Right,Left,60
<_io.BytesIO object at 0x000001DA0BC83900>,0.6836894154548645,0.017664818093180656,-0.09437641501426697,213653,49,4,False,Left,Back,Right,Left,60
<_io.BytesIO object at 0x000001DA0EA1B4A0>,0.6603118777275085,0.0733734518289566,-0.14579549431800842,213654,49,4,False,Left,Back,Right,Left,60
<_io.BytesIO object at 0x000001DA0EA1BA90>,0.6973639726638794,0.04509405046701431,-0.14833708107471466,213654,49,4,False,Left,Back,Right,Left,60
<_io.BytesIO object at 0x000001DA0EA1B400>,0.596155047416687,0.03610282391309738,-0.0939551591873169,213654,49,4,False,Left,Back,Right,Left,60
<_io.BytesIO object at 0x000001DA0EA1B7C0>,0.6325634121894836,0.055820174515247345,-0.16909965872764587,213654,49,4,False,Left,Back,Right,Left,60
<_io.BytesIO object at 0x000001DA0EA1BB30>,0.6837553381919861,0.017365816980600357,-0.09453199058771133,213654,49,4,False,Left,Back,Right,Left,60
<_io.BytesIO object at 0x000001DA0EA1B680>,0.6599093079566956,0.07296114414930344,-0.14580437541007996,213655,49,4,False,Left,Back,Right,Left,60
<_io.BytesIO object at 0x000001DA0EA17950>,0.6972770094871521,0.04499351605772972,-0.14820712804794312,213655,49,4,False,Left,Back,Right,Left,60
<_io.BytesIO object at 0x000001DA0EA174A0>,0.5958281755447388,0.03514665737748146,-0.09421440213918686,213655,49,4,False,Left,Back,Right,Left,60
<_io.BytesIO object at 0x000001DA0EA178B0>,0.6323789358139038,0.055040277540683746,-0.16928935050964355,213655,49,4,False,Left,Back,Right,Left,60
<_io.BytesIO object at 0x000001DA0EA17310>,0.683747410774231,0.01704820618033409,-0.09462913870811462,213655,49,4,False,Left,Back,Right,Left,60
<_io.BytesIO object at 0x000001DA0EA17090>,0.6593554019927979,0.07249250262975693,-0.14595364034175873,213656,49,4,False,Left,Back,Right,Left,60
<_io.BytesIO object at 0x000001DA0EA1BAE0>,0.6970847845077515,0.044932764023542404,-0.148153617978096,213656,49,4,False,Left,Back,Right,Left,60
<_io.BytesIO object at 0x000001DA0EA1BA40>,0.5955500602722168,0.03405555710196495,-0.09439729899168015,213656,49,4,False,Left,Back,Right,Left,60
<_io.BytesIO object at 0x000001DA0EA1B6D0>,0.6321357488632202,0.054405272006988525,-0.16955600678920746,213656,49,4,False,Left,Back,Right,Left,60
<_io.BytesIO object at 0x000001DA0EA1BDB0>,0.6837024688720703,0.016868237406015396,-0.09473740309476852,213656,49,4,False,Left,Back,Right,Left,60
<_io.BytesIO object at 0x000001DA0BC830E0>,0.6588411331176758,0.07223053276538849,-0.14618071913719177,213657,49,4,False,Left,Back,Right,Left,60
<_io.BytesIO object at 0x000001DA0EA1BB80>,0.6968324184417725,0.044995568692684174,-0.14811117947101593,213657,49,4,False,Left,Back,Right,Left,60
<_io.BytesIO object at 0x000001DA0EA1BD60>,0.5952116847038269,0.03315148875117302,-0.09456619620323181,213657,49,4,False,Left,Back,Right,Left,60
<_io.BytesIO object at 0x000001DA0EA1B4F0>,0.6317766308784485,0.053877659142017365,-0.16981545090675354,213657,49,4,False,Left,Back,Right,Left,60
<_io.BytesIO object at 0x000001DA0EA1B540>,0.6838194727897644,0.017060816287994385,-0.09468220919370651,213657,49,4,False,Left,Back,Right,Left,60
<_io.BytesIO object at 0x000001DA0EA17270>,0.6580877900123596,0.0719948336482048,-0.146246999502182,213658,49,4,False,Left,Back,Right,Left,60
<_io.BytesIO object at 0x000001DA0EA1B9A0>,0.6965010166168213,0.04516169801354408,-0.1480669230222702,213658,49,4,False,Left,Back,Right,Left,60
<_io.BytesIO object at 0x000001DA0EA1B7C0>,0.5948474407196045,0.03217947855591774,-0.09472217410802841,213658,49,4,False,Left,Back,Right,Left,60
<_io.BytesIO object at 0x000001DA0EA1BB30>,0.6312745809555054,0.05350114405155182,-0.170115664601326,213658,49,4,False,Left,Back,Right,Left,60
<_io.BytesIO object at 0x000001DA0EA171D0>,0.683789849281311,0.017228644341230392,-0.09480653703212738,213658,49,4,False,Left,Back,Right,Left,60
<_io.BytesIO object at 0x000001DA0EA1B950>,0.6574126482009888,0.07198925316333771,-0.14633464813232422,213659,49,4,False,Left,Back,Right,Left,60
<_io.BytesIO object at 0x000001DA0EA17680>,0.696037769317627,0.04549423232674599,-0.14794455468654633,213659,49,4,False,Left,Back,Right,Left,60
<_io.BytesIO object at 0x000001DA0EA17B30>,0.594482958316803,0.03137922286987305,-0.09484518319368362,213659,49,4,False,Left,Back,Right,Left,60
<_io.BytesIO object at 0x000001DA0EA17F40>,0.6307358145713806,0.05332043394446373,-0.17032089829444885,213659,49,4,False,Left,Back,Right,Left,60
<_io.BytesIO object at 0x000001DA0EA174A0>,0.683570921421051,0.017217442393302917,-0.09508879482746124,213659,49,4,False,Left,Back,Right,Left,60
<_io.BytesIO object at 0x000001DA0BC83720>,0.6566556692123413,0.0722154974937439,-0.1466011106967926,213660,49,4,False,Left,Back,Right,Left,60
<_io.BytesIO object at 0x000001DA0EA1BEA0>,0.6954537034034729,0.04580647125840187,-0.14798186719417572,213660,49,4,False,Left,Back,Right,Left,60
<_io.BytesIO object at 0x000001DA0EA1B770>,0.5941327214241028,0.03069256991147995,-0.09489297866821289,213660,49,4,False,Left,Back,Right,Left,60
<_io.BytesIO object at 0x000001DA0BC837C0>,0.6301012635231018,0.05339692905545235,-0.17042982578277588,213660,49,4,False,Left,Back,Right,Left,60
<_io.BytesIO object at 0x000001DA0BC83130>,0.6832267642021179,0.017293769866228104,-0.09541827440261841,213660,49,4,False,Left,Back,Right,Left,60
<_io.BytesIO object at 0x000001DA0EA1BA90>,0.6559075117111206,0.07261224836111069,-0.1465434730052948,213661,49,4,False,Left,Back,Right,Left,60
<_io.BytesIO object at 0x000001DA0BC83E50>,0.6948758959770203,0.04632551223039627,-0.14794369041919708,213661,49,4,False,Left,Back,Right,Left,60
<_io.BytesIO object at 0x000001DA0BC83BD0>,0.5936914086341858,0.030384045094251633,-0.09497088938951492,213661,49,4,False,Left,Back,Right,Left,60
<_io.BytesIO object at 0x000001DA0BC83B80>,0.6293816566467285,0.053630270063877106,-0.17063334584236145,213661,49,4,False,Left,Back,Right,Left,60
<_io.BytesIO object at 0x000001DA0BC83040>,0.6827974319458008,0.017559435218572617,-0.0957491546869278,213661,49,4,False,Left,Back,Right,Left,60
<_io.BytesIO object at 0x000001DA0EA1BA90>,0.6550650596618652,0.07293780893087387,-0.14641518890857697,213662,49,4,False,Left,Back,Right,Left,60
<_io.BytesIO object at 0x000001DA0BC83A40>,0.6942632794380188,0.046873126178979874,-0.14794404804706573,213662,49,4,False,Left,Back,Right,Left,60
<_io.BytesIO object at 0x000001DA0BC83EF0>,0.5931949019432068,0.03028096631169319,-0.09500669687986374,213662,49,4,False,Left,Back,Right,Left,60
<_io.BytesIO object at 0x000001DA0BC83270>,0.6287033557891846,0.054047007113695145,-0.17071083188056946,213662,49,4,False,Left,Back,Right,Left,60
<_io.BytesIO object at 0x000001DA0BC834F0>,0.6822474002838135,0.018078692257404327,-0.09605597704648972,213662,49,4,False,Left,Back,Right,Left,60
<_io.BytesIO object at 0x000001DA0BC83C70>,0.6542885899543762,0.07356393337249756,-0.14655622839927673,213663,49,4,False,Left,Back,Right,Left,60
<_io.BytesIO object at 0x000001DA0EA1B9F0>,0.6936541795730591,0.04747498035430908,-0.147914856672287,213663,49,4,False,Left,Back,Right,Left,60
<_io.BytesIO object at 0x000001DA0EA1BE00>,0.592627227306366,0.03043513372540474,-0.09490631520748138,213663,49,4,False,Left,Back,Right,Left,60
<_io.BytesIO object at 0x000001DA0EA1B130>,0.6280401945114136,0.05462995916604996,-0.17080755531787872,213663,49,4,False,Left,Back,Right,Left,60
<_io.BytesIO object at 0x000001DA0EA1BEA0>,0.6818176507949829,0.018523169681429863,-0.09623468667268753,213663,49,4,False,Left,Back,Right,Left,60
<_io.BytesIO object at 0x000001DA0BC83400>,0.6536924242973328,0.07418233901262283,-0.1466871052980423,213664,49,4,False,Left,Back,Right,Left,60
<_io.BytesIO object at 0x000001DA0EA1B400>,0.6930173635482788,0.048103705048561096,-0.14799942076206207,213664,49,4,False,Left,Back,Right,Left,60
<_io.BytesIO object at 0x000001DA0EA1B6D0>,0.592187225818634,0.03059152513742447,-0.0947936624288559,213664,49,4,False,Left,Back,Right,Left,60
<_io.BytesIO object at 0x000001DA0EA1B590>,0.6274067759513855,0.055221330374479294,-0.17102456092834473,213664,49,4,False,Left,Back,Right,Left,60
<_io.BytesIO object at 0x000001DA0EA1B130>,0.6813413500785828,0.019126057624816895,-0.09644345194101334,213664,49,4,False,Left,Back,Right,Left,60
<_io.BytesIO object at 0x000001DA0EA17EA0>,0.6530381441116333,0.07482843846082687,-0.14679262042045593,213665,49,4,False,Left,Back,Right,Left,60
<_io.BytesIO object at 0x000001DA0EA1B810>,0.6924277544021606,0.04875241592526436,-0.14794734120368958,213665,49,4,False,Left,Back,Right,Left,60
<_io.BytesIO object at 0x000001DA0EA1B7C0>,0.5917873978614807,0.030732886865735054,-0.09472695738077164,213665,49,4,False,Left,Back,Right,Left,60
<_io.BytesIO object at 0x000001DA0EA1B2C0>,0.6268555521965027,0.05583749711513519,-0.171062633395195,213665,49,4,False,Left,Back,Right,Left,60
<_io.BytesIO object at 0x000001DA0EA1B8B0>,0.6809183359146118,0.019857298582792282,-0.09664224088191986,213665,49,4,False,Left,Back,Right,Left,60
<_io.BytesIO object at 0x000001DA0EA1B900>,0.6525298953056335,0.07541567832231522,-0.14682890474796295,213666,49,4,False,Left,Back,Right,Left,60
<_io.BytesIO object at 0x000001DA0EA1B8B0>,0.6919686198234558,0.04943564161658287,-0.14789144694805145,213666,49,4,False,Left,Back,Right,Left,60
<_io.BytesIO object at 0x000001DA0EA1B6D0>,0.5914778113365173,0.030808044597506523,-0.0947083905339241,213666,49,4,False,Left,Back,Right,Left,60
<_io.BytesIO object at 0x000001DA0EA1BF90>,0.6263505220413208,0.05640091374516487,-0.17111985385417938,213666,49,4,False,Left,Back,Right,Left,60
<_io.BytesIO object at 0x000001DA0EA1BE00>,0.6805350184440613,0.020514853298664093,-0.09667762368917465,213666,49,4,False,Left,Back,Right,Left,60
<_io.BytesIO object at 0x000001DA0EA17DB0>,0.6520655155181885,0.07605598866939545,-0.14690928161144257,213667,49,4,False,Left,Back,Right,Left,60
<_io.BytesIO object at 0x000001DA0EA1B770>,0.691551685333252,0.050029486417770386,-0.14786887168884277,213667,49,4,False,Left,Back,Right,Left,60
<_io.BytesIO object at 0x000001DA0EA1BE00>,0.5911923050880432,0.03083878383040428,-0.09471911936998367,213667,49,4,False,Left,Back,Right,Left,60
<_io.BytesIO object at 0x000001DA0EA1B4F0>,0.6258377432823181,0.05693170428276062,-0.17120184004306793,213667,49,4,False,Left,Back,Right,Left,60
<_io.BytesIO object at 0x000001DA0EA1B180>,0.6802074909210205,0.021168384701013565,-0.09670519828796387,213667,49,4,False,Left,Back,Right,Left,60
<_io.BytesIO object at 0x000001DA0EA1B770>,0.651789128780365,0.07657750695943832,-0.14699533581733704,213668,49,4,False,Left,Back,Right,Left,60
<_io.BytesIO object at 0x000001DA0EA17720>,0.6912485361099243,0.05056630074977875,-0.14784540235996246,213668,49,4,False,Left,Back,Right,Left,60
<_io.BytesIO object at 0x000001DA0EA17CC0>,0.590932309627533,0.030794240534305573,-0.09472530335187912,213668,49,4,False,Left,Back,Right,Left,60
<_io.BytesIO object at 0x000001DA0EA17E00>,0.6255290508270264,0.05732470005750656,-0.17123723030090332,213668,49,4,False,Left,Back,Right,Left,60
<_io.BytesIO object at 0x000001DA0EA170E0>,0.6799310445785522,0.02164018154144287,-0.09669528901576996,213668,49,4,False,Left,Back,Right,Left,60
<_io.BytesIO object at 0x000001DA0BC83270>,0.6515335440635681,0.0769951120018959,-0.14696693420410156,213669,49,4,False,Left,Back,Right,Left,60
<_io.BytesIO object at 0x000001DA0EA17C20>,0.6910096406936646,0.05103170499205589,-0.14773866534233093,213669,49,4,False,Left,Back,Right,Left,60
<_io.BytesIO object at 0x000001DA0EA17C70>,0.5908114910125732,0.03074144572019577,-0.09472738951444626,213669,49,4,False,Left,Back,Right,Left,60
<_io.BytesIO object at 0x000001DA0EA17130>,0.6252651214599609,0.05771232023835182,-0.17126663029193878,213669,49,4,False,Left,Back,Right,Left,60
<_io.BytesIO object at 0x000001DA0EA17B80>,0.6797984838485718,0.02204032614827156,-0.09671449661254883,213669,49,4,False,Left,Back,Right,Left,60
<_io.BytesIO object at 0x000001DA0EA17EF0>,0.651291012763977,0.0772302895784378,-0.14706026017665863,213670,49,4,False,Left,Back,Right,Left,60
<_io.BytesIO object at 0x000001DA0BC83040>,0.6908327341079712,0.051426827907562256,-0.14770027995109558,213670,49,4,False,Left,Back,Right,Left,60
<_io.BytesIO object at 0x000001DA0BC834A0>,0.5907737016677856,0.030654244124889374,-0.09471540153026581,213670,49,4,False,Left,Back,Right,Left,60
<_io.BytesIO object at 0x000001DA0BC83EA0>,0.6250095367431641,0.05809039622545242,-0.17122316360473633,213670,49,4,False,Left,Back,Right,Left,60
<_io.BytesIO object at 0x000001DA0BC83B30>,0.6797837018966675,0.02234993688762188,-0.0967802107334137,213670,49,4,False,Left,Back,Right,Left,60
<_io.BytesIO object at 0x000001DA0EA1BAE0>,0.6511974930763245,0.07741307467222214,-0.14712393283843994,213671,49,4,False,Left,Back,Right,Left,60
<_io.BytesIO object at 0x000001DA0BC83630>,0.690741240978241,0.051677003502845764,-0.14769203960895538,213671,49,4,False,Left,Back,Right,Left,60
<_io.BytesIO object at 0x000001DA0BC83A90>,0.5908364057540894,0.03053716942667961,-0.09472344070672989,213671,49,4,False,Left,Back,Right,Left,60
<_io.BytesIO object at 0x000001DA0BC83180>,0.624894380569458,0.05831590294837952,-0.1712149977684021,213671,49,4,False,Left,Back,Right,Left,60
<_io.BytesIO object at 0x000001DA0BC83860>,0.6798635721206665,0.022549768909811974,-0.09685586392879486,213671,49,4,False,Left,Back,Right,Left,60
<_io.BytesIO object at 0x000001DA0EA172C0>,0.6511701941490173,0.07757215946912766,-0.14712205529212952,213672,49,4,False,Left,Back,Right,Left,60
<_io.BytesIO object at 0x000001DA0EA17400>,0.6907269954681396,0.0518626794219017,-0.14769233763217926,213672,49,4,False,Left,Back,Right,Left,60
<_io.BytesIO object at 0x000001DA0BCB6270>,0.5910020470619202,0.030352897942066193,-0.09473015367984772,213672,49,4,False,Left,Back,Right,Left,60
<_io.BytesIO object at 0x000001DA0BCB64A0>,0.6248638033866882,0.05844840034842491,-0.1712156981229782,213672,49,4,False,Left,Back,Right,Left,60
<_io.BytesIO object at 0x000001DA0BCB6B80>,0.680027425289154,0.02267831191420555,-0.09697680920362473,213672,49,4,False,Left,Back,Right,Left,60
<_io.BytesIO object at 0x000001DA0BC954F0>,0.6512202024459839,0.07769880443811417,-0.1471128761768341,213673,49,4,False,Left,Back,Right,Left,60
<_io.BytesIO object at 0x000001DA0BC95810>,0.6907419562339783,0.05196750536561012,-0.14772692322731018,213673,49,4,False,Left,Back,Right,Left,60
<_io.BytesIO object at 0x000001DA0BC95770>,0.5911701917648315,0.030099648982286453,-0.09475565701723099,213673,49,4,False,Left,Back,Right,Left,60
<_io.BytesIO object at 0x000001DA0BCE7130>,0.6248870491981506,0.05855660140514374,-0.17120014131069183,213673,49,4,False,Left,Back,Right,Left,60
<_io.BytesIO object at 0x000001DA0BCE78B0>,0.6802499294281006,0.02269916981458664,-0.09713204950094223,213673,49,4,False,Left,Back,Right,Left,60
<_io.BytesIO object at 0x000001DA0BCF2E50>,0.6514078378677368,0.07784151285886765,-0.14706043899059296,213674,49,4,False,Left,Back,Right,Left,60
<_io.BytesIO object at 0x000001DA0BCF2900>,0.690848708152771,0.05204470455646515,-0.14770916104316711,213674,49,4,False,Left,Back,Right,Left,60
<_io.BytesIO object at 0x000001DA0BCF2810>,0.5914376974105835,0.02976711094379425,-0.09479929506778717,213674,49,4,False,Left,Back,Right,Left,60
<_io.BytesIO object at 0x000001DA7EFF5810>,0.6250067353248596,0.05863505229353905,-0.17117078602313995,213674,49,4,False,Left,Back,Right,Left,60
<_io.BytesIO object at 0x000001DA7EFF5770>,0.6805037260055542,0.022645501419901848,-0.0973191037774086,213674,49,4,False,Left,Back,Right,Left,60
<_io.BytesIO object at 0x000001DA0BC9E180>,0.651674211025238,0.07787282764911652,-0.14690078794956207,213675,49,4,False,Left,Back,Right,Left,60
<_io.BytesIO object at 0x000001DA0EA1C8B0>,0.6910073161125183,0.052028313279151917,-0.14774508774280548,213675,49,4,False,Left,Back,Right,Left,60
<_io.BytesIO object at 0x000001DA0EA1CE00>,0.591765284538269,0.02942822501063347,-0.09482668340206146,213675,49,4,False,Left,Back,Right,Left,60
<_io.BytesIO object at 0x000001DA0EA1CAE0>,0.6251909136772156,0.05870802327990532,-0.17113280296325684,213675,49,4,False,Left,Back,Right,Left,60
<_io.BytesIO object at 0x000001DA0EA1C4A0>,0.680772066116333,0.022482415661215782,-0.09753456711769104,213675,49,4,False,Left,Back,Right,Left,60
<_io.BytesIO object at 0x000001DA0EA3F270>,0.6519016027450562,0.0778297409415245,-0.1468876153230667,213676,49,4,False,Left,Back,Right,Left,60
<_io.BytesIO object at 0x000001DA0EA3F5E0>,0.6912128329277039,0.05193619057536125,-0.14778713881969452,213676,49,4,False,Left,Back,Right,Left,60
<_io.BytesIO object at 0x000001DA0EA3FCC0>,0.5920183658599854,0.0292567927390337,-0.09487927705049515,213676,49,4,False,Left,Back,Right,Left,60
<_io.BytesIO object at 0x000001DA0EA3F810>,0.6255026459693909,0.05869763344526291,-0.1711406260728836,213676,49,4,False,Left,Back,Right,Left,60
<_io.BytesIO object at 0x000001DA0BC74360>,0.6811496615409851,0.022292042151093483,-0.0976824164390564,213676,49,4,False,Left,Back,Right,Left,60
<_io.BytesIO object at 0x000001DA0BC9E770>,0.652273416519165,0.07771598547697067,-0.14695942401885986,213677,49,4,False,Left,Back,Right,Left,60
<_io.BytesIO object at 0x000001DA0BCBE090>,0.6914684176445007,0.05178684741258621,-0.14784811437129974,213677,49,4,False,Left,Back,Right,Left,60
<_io.BytesIO object at 0x000001DA0BCBEC20>,0.5923093557357788,0.029095789417624474,-0.09493806958198547,213677,49,4,False,Left,Back,Right,Left,60
<_io.BytesIO object at 0x000001DA0BCBE540>,0.6257750988006592,0.05868847668170929,-0.17111383378505707,213677,49,4,False,Left,Back,Right,Left,60
<_io.BytesIO object at 0x000001DA0BCBE4A0>,0.6814737319946289,0.022067558020353317,-0.09778288751840591,213677,49,4,False,Left,Back,Right,Left,60
<_io.BytesIO object at 0x000001DA0BC80CC0>,0.6525868773460388,0.07756683230400085,-0.14698255062103271,213678,49,4,False,Left,Back,Right,Left,60
<_io.BytesIO object at 0x000001DA0BCE7D10>,0.6917235255241394,0.05156635865569115,-0.14793455600738525,213678,49,4,False,Left,Back,Right,Left,60
<_io.BytesIO object at 0x000001DA0BCE77C0>,0.5926555395126343,0.02890915982425213,-0.09506550431251526,213678,49,4,False,Left,Back,Right,Left,60
<_io.BytesIO object at 0x000001DA0BCE7B30>,0.6261078119277954,0.05859263986349106,-0.1710718721151352,213678,49,4,False,Left,Back,Right,Left,60
<_io.BytesIO object at 0x000001DA0BCE7630>,0.6818264126777649,0.02189701423048973,-0.09790822863578796,213678,49,4,False,Left,Back,Right,Left,60
<_io.BytesIO object at 0x000001DA0BC81090>,0.6530020833015442,0.07738716900348663,-0.14704936742782593,213679,49,4,False,Left,Back,Right,Left,60
<_io.BytesIO object at 0x000001DA0BC81F40>,0.6920100450515747,0.05134657397866249,-0.14810095727443695,213679,49,4,False,Left,Back,Right,Left,60
<_io.BytesIO object at 0x000001DA0BCB6EA0>,0.5930740237236023,0.02868097648024559,-0.09520372003316879,213679,49,4,False,Left,Back,Right,Left,60
<_io.BytesIO object at 0x000001DA0BCB61D0>,0.6263936161994934,0.05846020206809044,-0.17110809683799744,213679,49,4,False,Left,Back,Right,Left,60
<_io.BytesIO object at 0x000001DA0BCB6DB0>,0.6821392178535461,0.021767331287264824,-0.0979388877749443,213679,49,4,False,Left,Back,Right,Left,60
<_io.BytesIO object at 0x000001DA0EA1BF90>,0.6532764434814453,0.0773860290646553,-0.14692193269729614,213680,49,4,False,Left,Back,Right,Left,60
<_io.BytesIO object at 0x000001DA0EA1BB80>,0.6922808289527893,0.051223043352365494,-0.14817014336585999,213680,49,4,False,Left,Back,Right,Left,60
<_io.BytesIO object at 0x000001DA0BC83770>,0.5933966636657715,0.028520196676254272,-0.09528691321611404,213680,49,4,False,Left,Back,Right,Left,60
<_io.BytesIO object at 0x000001DA0BC836D0>,0.62674880027771,0.058269351720809937,-0.1711842566728592,213680,49,4,False,Left,Back,Right,Left,60
<_io.BytesIO object at 0x000001DA0BC83E50>,0.682444155216217,0.02165289968252182,-0.09797635674476624,213680,49,4,False,Left,Back,Right,Left,60
<_io.BytesIO object at 0x000001DA0BC83F90>,0.6535330414772034,0.07731946557760239,-0.14699101448059082,213681,49,4,False,Left,Back,Right,Left,60
<_io.BytesIO object at 0x000001DA0EA1B4A0>,0.6925713419914246,0.05115526169538498,-0.14823469519615173,213681,49,4,False,Left,Back,Right,Left,60
<_io.BytesIO object at 0x000001DA0EA1B7C0>,0.5937456488609314,0.0284273698925972,-0.09536987543106079,213681,49,4,False,Left,Back,Right,Left,60
<_io.BytesIO object at 0x000001DA0EA1BC20>,0.6270285248756409,0.05811901390552521,-0.17124219238758087,213681,49,4,False,Left,Back,Right,Left,60
<_io.BytesIO object at 0x000001DA0EA1B630>,0.6827738285064697,0.02158348262310028,-0.0980309247970581,213681,49,4,False,Left,Back,Right,Left,60
<_io.BytesIO object at 0x000001DA0BCB64F0>,0.6538554430007935,0.07727133482694626,-0.14703547954559326,213682,49,4,False,Left,Back,Right,Left,60
<_io.BytesIO object at 0x000001DA0BC81450>,0.6928402781486511,0.05111708864569664,-0.14826911687850952,213682,49,4,False,Left,Back,Right,Left,60
<_io.BytesIO object at 0x000001DA0BC819A0>,0.5941334962844849,0.028294239193201065,-0.09544698894023895,213682,49,4,False,Left,Back,Right,Left,60
<_io.BytesIO object at 0x000001DA0BC81900>,0.6273068785667419,0.05798709765076637,-0.1713172048330307,213682,49,4,False,Left,Back,Right,Left,60
<_io.BytesIO object at 0x000001DA0BC81680>,0.6830601692199707,0.02158082276582718,-0.09807170927524567,213682,49,4,False,Left,Back,Right,Left,60
<_io.BytesIO object at 0x000001DA0BCE76D0>,0.6541337966918945,0.07716052979230881,-0.1474444568157196,213683,49,4,False,Left,Back,Right,Left,60
<_io.BytesIO object at 0x000001DA0BC80590>,0.6930974125862122,0.051118168979883194,-0.14833097159862518,213683,49,4,False,Left,Back,Right,Left,60
<_io.BytesIO object at 0x000001DA0BC80450>,0.5944028496742249,0.028426453471183777,-0.09558123350143433,213683,49,4,False,Left,Back,Right,Left,60
<_io.BytesIO object at 0x000001DA0BC801D0>,0.627659022808075,0.05788317695260048,-0.17142407596111298,213683,49,4,False,Left,Back,Right,Left,60
<_io.BytesIO object at 0x000001DA0BC80180>,0.683294951915741,0.021650608628988266,-0.09811464697122574,213683,49,4,False,Left,Back,Right,Left,60
<_io.BytesIO object at 0x000001DA0BCBEF90>,0.6545597314834595,0.07717961072921753,-0.14760254323482513,213684,49,4,False,Left,Back,Right,Left,60
<_io.BytesIO object at 0x000001DA0BCBEDB0>,0.6933293342590332,0.0511295385658741,-0.14841462671756744,213684,49,4,False,Left,Back,Right,Left,60
<_io.BytesIO object at 0x000001DA0BC9E450>,0.5945467352867126,0.028714748099446297,-0.09576299786567688,213684,49,4,False,Left,Back,Right,Left,60
<_io.BytesIO object at 0x000001DA0BC9E270>,0.6279745697975159,0.05790506675839424,-0.17151807248592377,213684,49,4,False,Left,Back,Right,Left,60
<_io.BytesIO object at 0x000001DA0BC9EDB0>,0.6834878325462341,0.02176263928413391,-0.09815575182437897,213684,49,4,False,Left,Back,Right,Left,60
<_io.BytesIO object at 0x000001DA0EA3FE50>,0.6548860669136047,0.07736465334892273,-0.1477782428264618,213685,49,4,False,Left,Back,Right,Left,60
<_io.BytesIO object at 0x000001DA0EA3F270>,0.6935644745826721,0.05123382806777954,-0.148541659116745,213685,49,4,False,Left,Back,Right,Left,60
<_io.BytesIO object at 0x000001DA0EA3FAE0>,0.5948123335838318,0.029263723641633987,-0.09598667174577713,213685,49,4,False,Left,Back,Right,Left,60
<_io.BytesIO object at 0x000001DA0BC935E0>,0.6282985210418701,0.05804276093840599,-0.171695739030838,213685,49,4,False,Left,Back,Right,Left,60
<_io.BytesIO object at 0x000001DA0EA3F4A0>,0.6836413741111755,0.021985474973917007,-0.09821364283561707,213685,49,4,False,Left,Back,Right,Left,60
<_io.BytesIO object at 0x000001DA0BC9E400>,0.6550664305686951,0.07750627398490906,-0.14806441962718964,213686,49,4,False,Left,Back,Right,Left,60
<_io.BytesIO object at 0x000001DA0BC9EE00>,0.6937576532363892,0.05136945843696594,-0.14874014258384705,213686,49,4,False,Left,Back,Right,Left,60
<_io.BytesIO object at 0x000001DA0BC9E310>,0.59494948387146,0.029894262552261353,-0.09611275792121887,213686,49,4,False,Left,Back,Right,Left,60
<_io.BytesIO object at 0x000001DA0BCBEA90>,0.6284626722335815,0.05839853733778,-0.1718219667673111,213686,49,4,False,Left,Back,Right,Left,60
<_io.BytesIO object at 0x000001DA0BCBEF90>,0.6837049126625061,0.022204015403985977,-0.09828197956085205,213686,49,4,False,Left,Back,Right,Left,60
<_io.BytesIO object at 0x000001DA0BCF26D0>,0.6553635001182556,0.07775618135929108,-0.14829187095165253,213687,49,4,False,Left,Back,Right,Left,60
<_io.BytesIO object at 0x000001DA0BC807C0>,0.6939125061035156,0.051531832665205,-0.14899109303951263,213687,49,4,False,Left,Back,Right,Left,60
<_io.BytesIO object at 0x000001DA0BC80450>,0.5950754284858704,0.030676344409585,-0.09626350551843643,213687,49,4,False,Left,Back,Right,Left,60
<_io.BytesIO object at 0x000001DA0BC804F0>,0.6286575198173523,0.05881119892001152,-0.17196030914783478,213687,49,4,False,Left,Back,Right,Left,60
<_io.BytesIO object at 0x000001DA0BC806D0>,0.6837097406387329,0.022493302822113037,-0.09838402271270752,213687,49,4,False,Left,Back,Right,Left,60
<_io.BytesIO object at 0x000001DA0BC81B80>,0.6557703614234924,0.07824166119098663,-0.14847302436828613,213688,49,4,False,Left,Back,Right,Left,60
<_io.BytesIO object at 0x000001DA0BCB6F40>,0.6940192580223083,0.05185985192656517,-0.149236798286438,213688,49,4,False,Left,Back,Right,Left,60
<_io.BytesIO object at 0x000001DA0BCB6900>,0.5950745940208435,0.031746454536914825,-0.09639769792556763,213688,49,4,False,Left,Back,Right,Left,60
<_io.BytesIO object at 0x000001DA0BCB6BD0>,0.6289488673210144,0.059255216270685196,-0.1721988320350647,213688,49,4,False,Left,Back,Right,Left,60
<_io.BytesIO object at 0x000001DA0BCB6180>,0.683668851852417,0.022766482084989548,-0.0985165685415268,213688,49,4,False,Left,Back,Right,Left,60
<_io.BytesIO object at 0x000001DA0EA1B8B0>,0.6560001373291016,0.0786944255232811,-0.14859163761138916,213689,49,4,False,Left,Back,Right,Left,60
<_io.BytesIO object at 0x000001DA0BC95B80>,0.6941496133804321,0.052039287984371185,-0.1494142860174179,213689,49,4,False,Left,Back,Right,Left,60
<_io.BytesIO object at 0x000001DA0BC952C0>,0.5951392650604248,0.03292973339557648,-0.09649035334587097,213689,49,4,False,Left,Back,Right,Left,60
<_io.BytesIO object at 0x000001DA0BC95EA0>,0.6291754245758057,0.05990353599190712,-0.17241144180297852,213689,49,4,False,Left,Back,Right,Left,60
<_io.BytesIO object at 0x000001DA0BC95130>,0.6835178732872009,0.0230505783110857,-0.09860973805189133,213689,49,4,False,Left,Back,Right,Left,60
<_io.BytesIO object at 0x000001DA0BC83A90>,0.6561812162399292,0.07922328263521194,-0.1487637162208557,213690,49,4,False,Left,Back,Right,Left,60
<_io.BytesIO object at 0x000001DA0BC831D0>,0.6942051649093628,0.052370429039001465,-0.1495783030986786,213690,49,4,False,Left,Back,Right,Left,60
<_io.BytesIO object at 0x000001DA0BC83450>,0.5950361490249634,0.03434424474835396,-0.09657083451747894,213690,49,4,False,Left,Back,Right,Left,60
<_io.BytesIO object at 0x000001DA0EA1BC70>,0.6293553113937378,0.060523245483636856,-0.17260488867759705,213690,49,4,False,Left,Back,Right,Left,60
<_io.BytesIO object at 0x000001DA0EA1B770>,0.6830689311027527,0.02315959893167019,-0.09891309589147568,213690,49,4,False,Left,Back,Right,Left,60
<_io.BytesIO object at 0x000001DA0BCB69F0>,0.6563459038734436,0.07988180965185165,-0.1489260196685791,213691,49,4,False,Left,Back,Right,Left,60
<_io.BytesIO object at 0x000001DA0BCB6860>,0.6942234635353088,0.05275915563106537,-0.14976675808429718,213691,49,4,False,Left,Back,Right,Left,60
<_io.BytesIO object at 0x000001DA0BCB6E50>,0.5949130654335022,0.03586174175143242,-0.09672097116708755,213691,49,4,False,Left,Back,Right,Left,60
<_io.BytesIO object at 0x000001DA0BC81AE0>,0.6295053958892822,0.06134139001369476,-0.17280229926109314,213691,49,4,False,Left,Back,Right,Left,60
<_io.BytesIO object at 0x000001DA0BC81BD0>,0.6827970743179321,0.023664899170398712,-0.09903843700885773,213691,49,4,False,Left,Back,Right,Left,60
<_io.BytesIO object at 0x000001DA0BC805E0>,0.6564861536026001,0.08060625940561295,-0.14914101362228394,213692,49,4,False,Left,Back,Right,Left,60
<_io.BytesIO object at 0x000001DA0BC80540>,0.6942093968391418,0.05325843393802643,-0.14995071291923523,213692,49,4,False,Left,Back,Right,Left,60
<_io.BytesIO object at 0x000001DA0BC80860>,0.5948623418807983,0.03734610229730606,-0.09670549631118774,213692,49,4,False,Left,Back,Right,Left,60
<_io.BytesIO object at 0x000001DA7EFF5680>,0.6296310424804688,0.06217297166585922,-0.17301741242408752,213692,49,4,False,Left,Back,Right,Left,60
<_io.BytesIO object at 0x000001DA7EFF5590>,0.6824555397033691,0.024321643635630608,-0.09899187833070755,213692,49,4,False,Left,Back,Right,Left,60
<_io.BytesIO object at 0x000001DA0BC9EF40>,0.6566879153251648,0.081277035176754,-0.14944379031658173,213693,49,4,False,Left,Back,Right,Left,60
<_io.BytesIO object at 0x000001DA0BCF2720>,0.6942108869552612,0.053772564977407455,-0.15009967982769012,213693,49,4,False,Left,Back,Right,Left,60
<_io.BytesIO object at 0x000001DA0BCF2450>,0.5947235226631165,0.03886222839355469,-0.09668701887130737,213693,49,4,False,Left,Back,Right,Left,60
<_io.BytesIO object at 0x000001DA0BCF2C20>,0.62977534532547,0.06309282779693604,-0.17322970926761627,213693,49,4,False,Left,Back,Right,Left,60
<_io.BytesIO object at 0x000001DA0BCF2860>,0.682117223739624,0.025019925087690353,-0.09907834976911545,213693,49,4,False,Left,Back,Right,Left,60
<_io.BytesIO object at 0x000001DA0EA1C4A0>,0.6569463014602661,0.08234971016645432,-0.14962442219257355,213694,49,4,False,Left,Back,Right,Left,60
<_io.BytesIO object at 0x000001DA0EA3F4F0>,0.694216787815094,0.05432182177901268,-0.15017272531986237,213694,49,4,False,Left,Back,Right,Left,60
<_io.BytesIO object at 0x000001DA0EA3FF90>,0.59449303150177,0.04056137055158615,-0.0967492163181305,213694,49,4,False,Left,Back,Right,Left,60
<_io.BytesIO object at 0x000001DA0EA3F9F0>,0.6297933459281921,0.06408441066741943,-0.17329543828964233,213694,49,4,False,Left,Back,Right,Left,60
<_io.BytesIO object at 0x000001DA0EA3F180>,0.6817556619644165,0.025733938440680504,-0.09903053194284439,213694,49,4,False,Left,Back,Right,Left,60
<_io.BytesIO object at 0x000001DA0EA3F3B0>,0.6571212410926819,0.08317258954048157,-0.1496359258890152,213695,49,4,False,Left,Back,Right,Left,60
<_io.BytesIO object at 0x000001DA0EA3FAE0>,0.6941921710968018,0.05502999201416969,-0.15017227828502655,213695,49,4,False,Left,Back,Right,Left,60
<_io.BytesIO object at 0x000001DA0EA3F810>,0.5942580699920654,0.04239030182361603,-0.09675893932580948,213695,49,4,False,Left,Back,Right,Left,60
<_io.BytesIO object at 0x000001DA0EA3FB30>,0.6299489140510559,0.06504952162504196,-0.1733921319246292,213695,49,4,False,Left,Back,Right,Left,60
<_io.BytesIO object at 0x000001DA0EA3F130>,0.6813323497772217,0.026418711990118027,-0.09897903352975845,213695,49,4,False,Left,Back,Right,Left,60
<_io.BytesIO object at 0x000001DA0BC95950>,0.6572700142860413,0.08412789553403854,-0.149784117937088,213696,49,4,False,Left,Back,Right,Left,60
<_io.BytesIO object at 0x000001DA0BCF2270>,0.6941603422164917,0.05569193884730339,-0.1501486897468567,213696,49,4,False,Left,Back,Right,Left,60
<_io.BytesIO object at 0x000001DA0BCF27C0>,0.5940329432487488,0.04429704695940018,-0.09671247750520706,213696,49,4,False,Left,Back,Right,Left,60
<_io.BytesIO object at 0x000001DA0BCF2310>,0.6299804449081421,0.06619065999984741,-0.17336593568325043,213696,49,4,False,Left,Back,Right,Left,60
<_io.BytesIO object at 0x000001DA0BCF2900>,0.6807990074157715,0.02725445292890072,-0.09879199415445328,213696,49,4,False,Left,Back,Right,Left,60
<_io.BytesIO object at 0x000001DA0BCBE720>,0.6574878692626953,0.08517192304134369,-0.14966151118278503,213697,49,4,False,Left,Back,Right,Left,60
<_io.BytesIO object at 0x000001DA7EFF52C0>,0.6941226720809937,0.05634140595793724,-0.15007323026657104,213697,49,4,False,Left,Back,Right,Left,60
<_io.BytesIO object at 0x000001DA0BC80D10>,0.5937650799751282,0.046310000121593475,-0.09664613753557205,213697,49,4,False,Left,Back,Right,Left,60
<_io.BytesIO object at 0x000001DA0BC80AE0>,0.6301031708717346,0.06735393404960632,-0.17336831986904144,213697,49,4,False,Left,Back,Right,Left,60
<_io.BytesIO object at 0x000001DA0BC80F90>,0.6803373694419861,0.02799835056066513,-0.09864803403615952,213697,49,4,False,Left,Back,Right,Left,60
<_io.BytesIO object at 0x000001DA0BC81810>,0.6576443910598755,0.08623766899108887,-0.14963990449905396,213698,49,4,False,Left,Back,Right,Left,60
<_io.BytesIO object at 0x000001DA0BC811D0>,0.6940309405326843,0.057160984724760056,-0.14990772306919098,213698,49,4,False,Left,Back,Right,Left,60
<_io.BytesIO object at 0x000001DA0BCB6E50>,0.5935925245285034,0.04832444339990616,-0.09645097702741623,213698,49,4,False,Left,Back,Right,Left,60
<_io.BytesIO object at 0x000001DA0BCB6770>,0.6301079392433167,0.0686524361371994,-0.17327536642551422,213698,49,4,False,Left,Back,Right,Left,60
<_io.BytesIO object at 0x000001DA0BCB69A0>,0.679830014705658,0.029093822464346886,-0.09839873760938644,213698,49,4,False,Left,Back,Right,Left,60
<_io.BytesIO object at 0x000001DA0EA1B360>,0.6578816175460815,0.0872001200914383,-0.1495397388935089,213699,49,4,False,Left,Back,Right,Left,60
<_io.BytesIO object at 0x000001DA0EA1BEA0>,0.6939577460289001,0.05788630619645119,-0.14975252747535706,213699,49,4,False,Left,Back,Right,Left,60
<_io.BytesIO object at 0x000001DA0BC83F40>,0.5933469533920288,0.05048888549208641,-0.0961993858218193,213699,49,4,False,Left,Back,Right,Left,60
<_io.BytesIO object at 0x000001DA0BC83310>,0.6301233172416687,0.07001529633998871,-0.17315222322940826,213699,49,4,False,Left,Back,Right,Left,60
<_io.BytesIO object at 0x000001DA0EA1B680>,0.6792673468589783,0.029883740469813347,-0.09804776310920715,213699,49,4,False,Left,Back,Right,Left,60
<_io.BytesIO object at 0x000001DA0BCB6590>,0.6581066250801086,0.08840871602296829,-0.1493462324142456,213700,49,4,False,Left,Back,Right,Left,60
<_io.BytesIO object at 0x000001DA0BCB6EF0>,0.693854808807373,0.058726295828819275,-0.14943520724773407,213700,49,4,False,Left,Back,Right,Left,60
<_io.BytesIO object at 0x000001DA0BC81310>,0.593178391456604,0.05269872397184372,-0.095882348716259,213700,49,4,False,Left,Back,Right,Left,60
<_io.BytesIO object at 0x000001DA0BC81AE0>,0.6302036046981812,0.07137945294380188,-0.1729065328836441,213700,49,4,False,Left,Back,Right,Left,60
<_io.BytesIO object at 0x000001DA0BC81E00>,0.6787490844726562,0.03104238770902157,-0.09765969961881638,213700,49,4,False,Left,Back,Right,Left,60
<_io.BytesIO object at 0x000001DA0BC80CC0>,0.6583108901977539,0.08950281143188477,-0.14904525876045227,213701,49,4,False,Left,Back,Right,Left,60
<_io.BytesIO object at 0x000001DA0BC80C70>,0.693758487701416,0.0595867894589901,-0.14907702803611755,213701,49,4,False,Left,Back,Right,Left,60
<_io.BytesIO object at 0x000001DA0BC80EF0>,0.5929279923439026,0.0550248809158802,-0.09542137384414673,213701,49,4,False,Left,Back,Right,Left,60
<_io.BytesIO object at 0x000001DA7EFF54F0>,0.6302624344825745,0.0728636384010315,-0.17256993055343628,213701,49,4,False,Left,Back,Right,Left,60
<_io.BytesIO object at 0x000001DA7EFF5360>,0.6782414317131042,0.03214619681239128,-0.09716714173555374,213701,49,4,False,Left,Back,Right,Left,60
<_io.BytesIO object at 0x000001DA0BC9E860>,0.6585474014282227,0.09085540473461151,-0.14868059754371643,213702,49,4,False,Left,Back,Right,Left,60
<_io.BytesIO object at 0x000001DA0BCF2900>,0.6937012076377869,0.060367804020643234,-0.1486416608095169,213702,49,4,False,Left,Back,Right,Left,60
<_io.BytesIO object at 0x000001DA0BCF2630>,0.5928323268890381,0.05747067183256149,-0.09482792764902115,213702,49,4,False,Left,Back,Right,Left,60
<_io.BytesIO object at 0x000001DA0BCF2E00>,0.6304201483726501,0.07429718971252441,-0.17207150161266327,213702,49,4,False,Left,Back,Right,Left,60
<_io.BytesIO object at 0x000001DA0BCF2EA0>,0.6776702404022217,0.03343011066317558,-0.09648523479700089,213702,49,4,False,Left,Back,Right,Left,60
<_io.BytesIO object at 0x000001DA0EA3F4A0>,0.6588003635406494,0.09200401604175568,-0.14814138412475586,213703,49,4,False,Left,Back,Right,Left,60
<_io.BytesIO object at 0x000001DA0BC95D10>,0.6935910582542419,0.06131196394562721,-0.14807938039302826,213703,49,4,False,Left,Back,Right,Left,60
<_io.BytesIO object at 0x000001DA0BC95590>,0.5927241444587708,0.06004442274570465,-0.0942085012793541,213703,49,4,False,Left,Back,Right,Left,60
<_io.BytesIO object at 0x000001DA0BC95770>,0.6304633617401123,0.0758826807141304,-0.17144723236560822,213703,49,4,False,Left,Back,Right,Left,60
<_io.BytesIO object at 0x000001DA0BC957C0>,0.6772290468215942,0.03451952710747719,-0.09575069695711136,213703,49,4,False,Left,Back,Right,Left,60
<_io.BytesIO object at 0x000001DA0BC95EA0>,0.6593014597892761,0.09346870332956314,-0.14735791087150574,213704,49,4,False,Left,Back,Right,Left,60
<_io.BytesIO object at 0x000001DA0BC957C0>,0.6935955882072449,0.06216845288872719,-0.14732380211353302,213704,49,4,False,Left,Back,Right,Left,60
<_io.BytesIO object at 0x000001DA0BC95180>,0.5926881432533264,0.06243256852030754,-0.09333163499832153,213704,49,4,False,Left,Back,Right,Left,60
<_io.BytesIO object at 0x000001DA0BC95EF0>,0.6306139230728149,0.07746724784374237,-0.1706954836845398,213704,49,4,False,Left,Back,Right,Left,60
<_io.BytesIO object at 0x000001DA0EA3F4A0>,0.6767107248306274,0.03570839762687683,-0.09475624561309814,213704,49,4,False,Left,Back,Right,Left,60
<_io.BytesIO object at 0x000001DA0BCF2770>,0.6597025990486145,0.09464500099420547,-0.1466590166091919,213705,49,4,False,Left,Back,Right,Left,60
<_io.BytesIO object at 0x000001DA0BCF2A40>,0.6936404705047607,0.0630120262503624,-0.14643791317939758,213705,49,4,False,Left,Back,Right,Left,60
<_io.BytesIO object at 0x000001DA0BCF2EF0>,0.5927363634109497,0.06503869593143463,-0.09242452681064606,213705,49,4,False,Left,Back,Right,Left,60
<_io.BytesIO object at 0x000001DA0BCF2360>,0.6308301687240601,0.07913532853126526,-0.16964775323867798,213705,49,4,False,Left,Back,Right,Left,60
<_io.BytesIO object at 0x000001DA0BC9EF40>,0.6763654947280884,0.03690789267420769,-0.09383242577314377,213705,49,4,False,Left,Back,Right,Left,60
<_io.BytesIO object at 0x000001DA0BCBE270>,0.6602348685264587,0.09614615142345428,-0.14549480378627777,213706,49,4,False,Left,Back,Right,Left,60
<_io.BytesIO object at 0x000001DA0BC80810>,0.6936898827552795,0.06391385942697525,-0.1453152298927307,213706,49,4,False,Left,Back,Right,Left,60
<_io.BytesIO object at 0x000001DA0BC80CC0>,0.5928261876106262,0.067694753408432,-0.09131035953760147,213706,49,4,False,Left,Back,Right,Left,60
<_io.BytesIO object at 0x000001DA0BC80720>,0.6311413645744324,0.0807444229722023,-0.1684958040714264,213706,49,4,False,Left,Back,Right,Left,60
<_io.BytesIO object at 0x000001DA0BC80090>,0.6759377717971802,0.03813999891281128,-0.09260360151529312,213706,49,4,False,Left,Back,Right,Left,60
<_io.BytesIO object at 0x000001DA0BCB64F0>,0.660796582698822,0.09747166186571121,-0.14432205259799957,213707,49,4,False,Left,Back,Right,Left,60
<_io.BytesIO object at 0x000001DA0BCB64A0>,0.6938557028770447,0.06489375233650208,-0.14401090145111084,213707,49,4,False,Left,Back,Right,Left,60
<_io.BytesIO object at 0x000001DA0BCE7400>,0.5930829644203186,0.07037089020013809,-0.08992338180541992,213707,49,4,False,Left,Back,Right,Left,60
<_io.BytesIO object at 0x000001DA0BCE7CC0>,0.6314918994903564,0.08249207586050034,-0.16707301139831543,213707,49,4,False,Left,Back,Right,Left,60
<_io.BytesIO object at 0x000001DA0BCE7180>,0.6756696105003357,0.03930722549557686,-0.09102264791727066,213707,49,4,False,Left,Back,Right,Left,60
<_io.BytesIO object at 0x000001DA0EA1B400>,0.6612775325775146,0.09882719814777374,-0.14276371896266937,213708,49,4,False,Left,Back,Right,Left,60
<_io.BytesIO object at 0x000001DA0EA1B4F0>,0.6940155029296875,0.06590428948402405,-0.14249615371227264,213708,49,4,False,Left,Back,Right,Left,60
<_io.BytesIO object at 0x000001DA0BC938B0>,0.593386709690094,0.07306075096130371,-0.0883767381310463,213708,49,4,False,Left,Back,Right,Left,60
<_io.BytesIO object at 0x000001DA0BC93C70>,0.6319271922111511,0.08418867737054825,-0.16544853150844574,213708,49,4,False,Left,Back,Right,Left,60
<_io.BytesIO object at 0x000001DA0BC93220>,0.6753416061401367,0.04047396779060364,-0.08930947631597519,213708,49,4,False,Left,Back,Right,Left,60
<_io.BytesIO object at 0x000001DA0EA1B6D0>,0.6620765328407288,0.10024499893188477,-0.1409887820482254,213709,49,4,False,Left,Back,Right,Left,60
<_io.BytesIO object at 0x000001DA0EA1BEF0>,0.6942853331565857,0.0668548122048378,-0.14081257581710815,213709,49,4,False,Left,Back,Right,Left,60
<_io.BytesIO object at 0x000001DA0EA1B9A0>,0.5937826633453369,0.07583477348089218,-0.08649937063455582,213709,49,4,False,Left,Back,Right,Left,60
<_io.BytesIO object at 0x000001DA0EA17680>,0.6322783827781677,0.0859769806265831,-0.16343951225280762,213709,49,4,False,Left,Back,Right,Left,60
<_io.BytesIO object at 0x000001DA0EA17B80>,0.6751429438591003,0.04172912612557411,-0.08736944198608398,213709,49,4,False,Left,Back,Right,Left,60
<_io.BytesIO object at 0x000001DA0BCB6680>,0.6627662777900696,0.10174013674259186,-0.1387789398431778,213710,49,4,False,Left,Back,Right,Left,60
<_io.BytesIO object at 0x000001DA0BCB6B30>,0.6946362257003784,0.06785763800144196,-0.13885608315467834,213710,49,4,False,Left,Back,Right,Left,60
<_io.BytesIO object at 0x000001DA0BCB6450>,0.5943390130996704,0.07868505269289017,-0.08441315591335297,213710,49,4,False,Left,Back,Right,Left,60
<_io.BytesIO object at 0x000001DA0BCB6220>,0.6326651573181152,0.08770143240690231,-0.16126427054405212,213710,49,4,False,Left,Back,Right,Left,60
<_io.BytesIO object at 0x000001DA0BC81B30>,0.674986720085144,0.04305296391248703,-0.0850922167301178,213710,49,4,False,Left,Back,Right,Left,60
<_io.BytesIO object at 0x000001DA7EFF5630>,0.663593053817749,0.10309333354234695,-0.13683731853961945,213711,49,4,False,Left,Back,Right,Left,60
<_io.BytesIO object at 0x000001DA0BCBE720>,0.6949776411056519,0.06884254515171051,-0.13670045137405396,213711,49,4,False,Left,Back,Right,Left,60
<_io.BytesIO object at 0x000001DA0BCBE590>,0.594963014125824,0.08161948621273041,-0.08206923305988312,213711,49,4,False,Left,Back,Right,Left,60
<_io.BytesIO object at 0x000001DA0BCBEC20>,0.6332187056541443,0.08954933285713196,-0.15902017056941986,213711,49,4,False,Left,Back,Right,Left,60
<_io.BytesIO object at 0x000001DA0BCBE090>,0.6749256253242493,0.044391337782144547,-0.08264516294002533,213711,49,4,False,Left,Back,Right,Left,60
<_io.BytesIO object at 0x000001DA0BCF2220>,0.6644808650016785,0.10450395941734314,-0.1346711814403534,213712,49,4,False,Left,Back,Right,Left,60
<_io.BytesIO object at 0x000001DA0BC93EA0>,0.6952628493309021,0.06991973519325256,-0.1343674212694168,213712,49,4,False,Left,Back,Right,Left,60
<_io.BytesIO object at 0x000001DA0BC934A0>,0.5956763625144958,0.08452890068292618,-0.07948180288076401,213712,49,4,False,Left,Back,Right,Left,60
<_io.BytesIO object at 0x000001DA0BC934F0>,0.6338635683059692,0.09128906577825546,-0.15647025406360626,213712,49,4,False,Left,Back,Right,Left,60
<_io.BytesIO object at 0x000001DA0BC93B80>,0.6749120354652405,0.04579433053731918,-0.0799369364976883,213712,49,4,False,Left,Back,Right,Left,60
<_io.BytesIO object at 0x000001DA0EA3F450>,0.6653429269790649,0.10590686649084091,-0.13217531144618988,213713,49,4,False,Left,Back,Right,Left,60
<_io.BytesIO object at 0x000001DA0EA3F040>,0.6955440640449524,0.0707939937710762,-0.13170813024044037,213713,49,4,False,Left,Back,Right,Left,60
<_io.BytesIO object at 0x000001DA0BC95090>,0.5965099334716797,0.08744080364704132,-0.0765329897403717,213713,49,4,False,Left,Back,Right,Left,60
<_io.BytesIO object at 0x000001DA0BC95900>,0.6343695521354675,0.09305631369352341,-0.15373417735099792,213713,49,4,False,Left,Back,Right,Left,60
<_io.BytesIO object at 0x000001DA0EA3F1D0>,0.6749624013900757,0.04730202630162239,-0.07698569446802139,213713,49,4,False,Left,Back,Right,Left,60
<_io.BytesIO object at 0x000001DA0BC93360>,0.6660899519920349,0.10732767730951309,-0.12934596836566925,213714,49,4,False,Left,Back,Right,Left,60
<_io.BytesIO object at 0x000001DA0BC93540>,0.6958581209182739,0.0718119740486145,-0.12888899445533752,213714,49,4,False,Left,Back,Right,Left,60
<_io.BytesIO object at 0x000001DA0BC93F40>,0.5973467230796814,0.09046384692192078,-0.07328324764966965,213714,49,4,False,Left,Back,Right,Left,60
<_io.BytesIO object at 0x000001DA0BCF2CC0>,0.635077714920044,0.09470932930707932,-0.15098422765731812,213714,49,4,False,Left,Back,Right,Left,60
<_io.BytesIO object at 0x000001DA0BCF2B80>,0.6750393509864807,0.0488240122795105,-0.07372568547725677,213714,49,4,False,Left,Back,Right,Left,60
<_io.BytesIO object at 0x000001DA0BCBE310>,0.6669377088546753,0.10874234139919281,-0.12621912360191345,213715,49,4,False,Left,Back,Right,Left,60
<_io.BytesIO object at 0x000001DA0BCBECC0>,0.6961023211479187,0.07283485680818558,-0.12571364641189575,213715,49,4,False,Left,Back,Right,Left,60
<_io.BytesIO object at 0x000001DA0BCBEEA0>,0.5980958342552185,0.09358661621809006,-0.06976299732923508,213715,49,4,False,Left,Back,Right,Left,60
<_io.BytesIO object at 0x000001DA7EFF5630>,0.6355697512626648,0.09649873524904251,-0.14743055403232574,213715,49,4,False,Left,Back,Right,Left,60
<_io.BytesIO object at 0x000001DA7EFF5360>,0.6751126050949097,0.05037549510598183,-0.0702071413397789,213715,49,4,False,Left,Back,Right,Left,60
<_io.BytesIO object at 0x000001DA0BCB6CC0>,0.6676190495491028,0.11014825105667114,-0.12291783094406128,213716,49,4,False,Left,Back,Right,Left,60
<_io.BytesIO object at 0x000001DA0BCE7C20>,0.6962994933128357,0.07377219200134277,-0.1223139688372612,213716,49,4,False,Left,Back,Right,Left,60
<_io.BytesIO object at 0x000001DA0BCE7DB0>,0.5989460349082947,0.09666973352432251,-0.0659157857298851,213716,49,4,False,Left,Back,Right,Left,60
<_io.BytesIO object at 0x000001DA0BCE79A0>,0.6360599994659424,0.09825402498245239,-0.1437111794948578,213716,49,4,False,Left,Back,Right,Left,60
<_io.BytesIO object at 0x000001DA0BCE78B0>,0.675174355506897,0.0518970750272274,-0.06648501008749008,213716,49,4,False,Left,Back,Right,Left,60
<_io.BytesIO object at 0x000001DA0EA1B680>,0.6683652400970459,0.11147629469633102,-0.11939247697591782,213717,49,4,False,Left,Back,Right,Left,60
<_io.BytesIO object at 0x000001DA0BC81130>,0.6964840888977051,0.07470808178186417,-0.11850187927484512,213717,49,4,False,Left,Back,Right,Left,60
<_io.BytesIO object at 0x000001DA0BC81F90>,0.5998822450637817,0.09977298229932785,-0.06180593743920326,213717,49,4,False,Left,Back,Right,Left,60
<_io.BytesIO object at 0x000001DA0BC81EA0>,0.6365314722061157,0.09999111294746399,-0.1398434340953827,213717,49,4,False,Left,Back,Right,Left,60
<_io.BytesIO object at 0x000001DA0BC814A0>,0.6751245856285095,0.053439658135175705,-0.062276601791381836,213717,49,4,False,Left,Back,Right,Left,60
<_io.BytesIO object at 0x000001DA0BC83090>,0.6691938638687134,0.11278718709945679,-0.11535964906215668,213718,49,4,False,Left,Back,Right,Left,60
<_io.BytesIO object at 0x000001DA0BC83810>,0.6965429186820984,0.07565310597419739,-0.11442349851131439,213718,49,4,False,Left,Back,Right,Left,60
<_io.BytesIO object at 0x000001DA0BC81F40>,0.6007856130599976,0.10278711467981339,-0.05746675282716751,213718,49,4,False,Left,Back,Right,Left,60
<_io.BytesIO object at 0x000001DA0BC81A90>,0.6369851231575012,0.10168255865573883,-0.1356118768453598,213718,49,4,False,Left,Back,Right,Left,60
<_io.BytesIO object at 0x000001DA0BC81D60>,0.6749749779701233,0.054862648248672485,-0.05776945501565933,213718,49,4,False,Left,Back,Right,Left,60
<_io.BytesIO object at 0x000001DA0EA17450>,0.6698954105377197,0.11410246044397354,-0.11099506914615631,213719,49,4,False,Left,Back,Right,Left,60
<_io.BytesIO object at 0x000001DA0EA17090>,0.6965809464454651,0.07660946249961853,-0.11002878844738007,213719,49,4,False,Left,Back,Right,Left,60
<_io.BytesIO object at 0x000001DA0BCE7E00>,0.6015942692756653,0.10599558800458908,-0.05286206677556038,213719,49,4,False,Left,Back,Right,Left,60
<_io.BytesIO object at 0x000001DA0BCE72C0>,0.6374073624610901,0.1034018024802208,-0.13107717037200928,213719,49,4,False,Left,Back,Right,Left,60
<_io.BytesIO object at 0x000001DA0BCE74A0>,0.6747673153877258,0.05604654923081398,-0.05288452282547951,213719,49,4,False,Left,Back,Right,Left,60
<_io.BytesIO object at 0x000001DA0BC80950>,0.6703992486000061,0.1154257208108902,-0.10651034861803055,213720,49,4,False,Left,Back,Right,Left,60
<_io.BytesIO object at 0x000001DA0BC80CC0>,0.6966175436973572,0.07758844643831253,-0.10533498227596283,213720,49,4,False,Left,Back,Right,Left,60
<_io.BytesIO object at 0x000001DA0BC809F0>,0.6023712754249573,0.10877314954996109,-0.04802393913269043,213720,49,4,False,Left,Back,Right,Left,60
<_io.BytesIO object at 0x000001DA7EFF5720>,0.6376960277557373,0.10513155907392502,-0.12630359828472137,213720,49,4,False,Left,Back,Right,Left,60
<_io.BytesIO object at 0x000001DA7EFF5590>,0.6744877099990845,0.05753404647111893,-0.04779297858476639,213720,49,4,False,Left,Back,Right,Left,60
<_io.BytesIO object at 0x000001DA0BC9EEA0>,0.6707257032394409,0.11678066104650497,-0.10185625404119492,213721,49,4,False,Left,Back,Right,Left,60
<_io.BytesIO object at 0x000001DA0BCF2C70>,0.6965543031692505,0.07879448682069778,-0.10045507550239563,213721,49,4,False,Left,Back,Right,Left,60
<_io.BytesIO object at 0x000001DA0BCF2720>,0.6029828190803528,0.11156576126813889,-0.04304443299770355,213721,49,4,False,Left,Back,Right,Left,60
<_io.BytesIO object at 0x000001DA0BCF2C20>,0.637894868850708,0.10680680721998215,-0.12135878205299377,213721,49,4,False,Left,Back,Right,Left,60
<_io.BytesIO object at 0x000001DA0BCF2180>,0.6743353009223938,0.05963696911931038,-0.042627930641174316,213721,49,4,False,Left,Back,Right,Left,60
<_io.BytesIO object at 0x000001DA0EA1C4F0>,0.6708641052246094,0.11835640668869019,-0.09672471135854721,213722,49,4,False,Left,Back,Right,Left,60
<_io.BytesIO object at 0x000001DA0EA3F680>,0.6963224411010742,0.08014402538537979,-0.09526042640209198,213722,49,4,False,Left,Back,Right,Left,60
<_io.BytesIO object at 0x000001DA0EA3F950>,0.6032000184059143,0.1143125370144844,-0.03797166049480438,213722,49,4,False,Left,Back,Right,Left,60
<_io.BytesIO object at 0x000001DA0EA3FAE0>,0.6379919052124023,0.10847346484661102,-0.11630985140800476,213722,49,4,False,Left,Back,Right,Left,60
<_io.BytesIO object at 0x000001DA0EA3F9A0>,0.673445999622345,0.06066402792930603,-0.03700201213359833,213722,49,4,False,Left,Back,Right,Left,60
<_io.BytesIO object at 0x000001DA0EA3FA40>,0.6708205938339233,0.11990740895271301,-0.09173309057950974,213723,49,4,False,Left,Back,Right,Left,60
<_io.BytesIO object at 0x000001DA0EA3F9A0>,0.695978045463562,0.08150970935821533,-0.08990393579006195,213723,49,4,False,Left,Back,Right,Left,60
<_io.BytesIO object at 0x000001DA0EA3FC70>,0.6033694744110107,0.11720958352088928,-0.03277915343642235,213723,49,4,False,Left,Back,Right,Left,60
<_io.BytesIO object at 0x000001DA0EA3F090>,0.6378041505813599,0.11023537814617157,-0.11099207401275635,213723,49,4,False,Left,Back,Right,Left,60
<_io.BytesIO object at 0x000001DA0EA3F720>,0.6726601123809814,0.06240883097052574,-0.03138464689254761,213723,49,4,False,Left,Back,Right,Left,60
<_io.BytesIO object at 0x000001DA0BC93950>,0.6707251667976379,0.12150376290082932,-0.08648171275854111,213724,49,4,False,Left,Back,Right,Left,60
<_io.BytesIO object at 0x000001DA0BCF2180>,0.6954007744789124,0.0828816220164299,-0.08434813469648361,213724,49,4,False,Left,Back,Right,Left,60
<_io.BytesIO object at 0x000001DA0BCF2310>,0.6033484935760498,0.11998917162418365,-0.02757345512509346,213724,49,4,False,Left,Back,Right,Left,60
<_io.BytesIO object at 0x000001DA0BCF21D0>,0.6375681757926941,0.11206322908401489,-0.10560449212789536,213724,49,4,False,Left,Back,Right,Left,60
<_io.BytesIO object at 0x000001DA0BCF2630>,0.6716815829277039,0.06422755122184753,-0.025475522503256798,213724,49,4,False,Left,Back,Right,Left,60
<_io.BytesIO object at 0x000001DA0BCBED10>,0.6703128218650818,0.12313713133335114,-0.08103401213884354,213725,49,4,False,Left,Back,Right,Left,60
<_io.BytesIO object at 0x000001DA7EFF54F0>,0.6946511268615723,0.08422661572694778,-0.07865610718727112,213725,49,4,False,Left,Back,Right,Left,60
<_io.BytesIO object at 0x000001DA0BC80B80>,0.6027647852897644,0.12286969274282455,-0.0219449233263731,213725,49,4,False,Left,Back,Right,Left,60
<_io.BytesIO object at 0x000001DA0BC80950>,0.6370748281478882,0.11396828293800354,-0.10000933706760406,213725,49,4,False,Left,Back,Right,Left,60
<_io.BytesIO object at 0x000001DA0BC80630>,0.6703773736953735,0.0659693032503128,-0.019513621926307678,213725,49,4,False,Left,Back,Right,Left,60
<_io.BytesIO object at 0x000001DA0BCE7CC0>,0.669804036617279,0.12455972284078598,-0.07530435919761658,213726,49,4,False,Left,Back,Right,Left,60
<_io.BytesIO object at 0x000001DA0BCE7180>,0.6936080455780029,0.08552813529968262,-0.07275746017694473,213726,49,4,False,Left,Back,Right,Left,60
<_io.BytesIO object at 0x000001DA0EA179F0>,0.6022235155105591,0.12572325766086578,-0.016314560547471046,213726,49,4,False,Left,Back,Right,Left,60
<_io.BytesIO object at 0x000001DA0EA17450>,0.6364410519599915,0.11594704538583755,-0.09434407949447632,213726,49,4,False,Left,Back,Right,Left,60
<_io.BytesIO object at 0x000001DA0EA17D10>,0.6688330769538879,0.06766737252473831,-0.013476436026394367,213726,49,4,False,Left,Back,Right,Left,60
<_io.BytesIO object at 0x000001DA0BC810E0>,0.6691420078277588,0.12604020535945892,-0.0695524662733078,213727,49,4,False,Left,Back,Right,Left,60
<_io.BytesIO object at 0x000001DA0BC81AE0>,0.6923601031303406,0.08665686845779419,-0.06669033318758011,213727,49,4,False,Left,Back,Right,Left,60
<_io.BytesIO object at 0x000001DA0BC83A90>,0.6015464067459106,0.1287662386894226,-0.010641757398843765,213727,49,4,False,Left,Back,Right,Left,60
<_io.BytesIO object at 0x000001DA0BC839A0>,0.6356844902038574,0.11790944635868073,-0.08859720826148987,213727,49,4,False,Left,Back,Right,Left,60
<_io.BytesIO object at 0x000001DA0BC81540>,0.6669787764549255,0.06927601993083954,-0.007325293030589819,213727,49,4,False,Left,Back,Right,Left,60
<_io.BytesIO object at 0x000001DA0EA172C0>,0.6682244539260864,0.12755437195301056,-0.06352141499519348,213728,49,4,False,Left,Back,Right,Left,60
<_io.BytesIO object at 0x000001DA0EA174F0>,0.6907259225845337,0.08770370483398438,-0.060489293187856674,213728,49,4,False,Left,Back,Right,Left,60
<_io.BytesIO object at 0x000001DA0BCE7180>,0.6006768941879272,0.13178181648254395,-0.004802512004971504,213728,49,4,False,Left,Back,Right,Left,60
<_io.BytesIO object at 0x000001DA0BCE7E50>,0.6347226500511169,0.11993569135665894,-0.08258025348186493,213728,49,4,False,Left,Back,Right,Left,60
<_io.BytesIO object at 0x000001DA0BCE7680>,0.6648469567298889,0.07090142369270325,-0.0010468142572790384,213728,49,4,False,Left,Back,Right,Left,60
<_io.BytesIO object at 0x000001DA0BC801D0>,0.6672302484512329,0.12878115475177765,-0.05743981525301933,213729,49,4,False,Left,Back,Right,Left,60
<_io.BytesIO object at 0x000001DA0BC80220>,0.6886711120605469,0.08851446211338043,-0.054376330226659775,213729,49,4,False,Left,Back,Right,Left,60
<_io.BytesIO object at 0x000001DA0BC80040>,0.5997396111488342,0.13485045731067657,0.0010819081217050552,213729,49,4,False,Left,Back,Right,Left,60
<_io.BytesIO object at 0x000001DA7EFF58B0>,0.6335965394973755,0.12181698530912399,-0.07645595818758011,213729,49,4,False,Left,Back,Right,Left,60
<_io.BytesIO object at 0x000001DA7EFF5590>,0.6623396277427673,0.0723852589726448,0.005378281231969595,213729,49,4,False,Left,Back,Right,Left,60
<_io.BytesIO object at 0x000001DA0BC9E220>,0.6661120057106018,0.12983334064483643,-0.05122213438153267,213730,49,4,False,Left,Back,Right,Left,60
<_io.BytesIO object at 0x000001DA0BCF2450>,0.6866666078567505,0.08908194303512573,-0.047814544290304184,213730,49,4,False,Left,Back,Right,Left,60
<_io.BytesIO object at 0x000001DA0BCF2180>,0.5986114144325256,0.13782399892807007,0.007077266927808523,213730,49,4,False,Left,Back,Right,Left,60
<_io.BytesIO object at 0x000001DA0BCF2E00>,0.632187008857727,0.12374795228242874,-0.0701662227511406,213730,49,4,False,Left,Back,Right,Left,60
<_io.BytesIO object at 0x000001DA0BCF24A0>,0.6596205830574036,0.07381146401166916,0.011950532905757427,213730,49,4,False,Left,Back,Right,Left,60
<_io.BytesIO object at 0x000001DA0EA3FB30>,0.6646088361740112,0.13077615201473236,-0.0447269082069397,213731,49,4,False,Left,Back,Right,Left,60
<_io.BytesIO object at 0x000001DA0BC93A40>,0.6842365264892578,0.0896550863981247,-0.04127882421016693,213731,49,4,False,Left,Back,Right,Left,60
<_io.BytesIO object at 0x000001DA0BC93720>,0.5972945690155029,0.14072328805923462,0.013216891326010227,213731,49,4,False,Left,Back,Right,Left,60
<_io.BytesIO object at 0x000001DA0BC93BD0>,0.6306749582290649,0.12548628449440002,-0.06384020298719406,213731,49,4,False,Left,Back,Right,Left,60
<_io.BytesIO object at 0x000001DA0BC93180>,0.6566399931907654,0.07510848343372345,0.018580660223960876,213731,49,4,False,Left,Back,Right,Left,60
<_io.BytesIO object at 0x000001DA0BC95540>,0.6628963351249695,0.13174991309642792,-0.03813190385699272,213732,49,4,False,Left,Back,Right,Left,60
<_io.BytesIO object at 0x000001DA0BC95E50>,0.6815697550773621,0.090053491294384,-0.03462539613246918,213732,49,4,False,Left,Back,Right,Left,60
<_io.BytesIO object at 0x000001DA0BC95EF0>,0.5957974195480347,0.1434134840965271,0.01944064162671566,213732,49,4,False,Left,Back,Right,Left,60
<_io.BytesIO object at 0x000001DA0BC93C20>,0.629033088684082,0.1272069811820984,-0.05740867182612419,213732,49,4,False,Left,Back,Right,Left,60
<_io.BytesIO object at 0x000001DA0BC930E0>,0.6534442901611328,0.07631353288888931,0.02531062625348568,213732,49,4,False,Left,Back,Right,Left,60
<_io.BytesIO object at 0x000001DA0EA1CDB0>,0.6610428094863892,0.1325436681509018,-0.03135840967297554,213733,49,4,False,Left,Back,Right,Left,60
<_io.BytesIO object at 0x000001DA0EA1CB80>,0.6788346171379089,0.09053434431552887,-0.02788304165005684,213733,49,4,False,Left,Back,Right,Left,60
<_io.BytesIO object at 0x000001DA0EA1C400>,0.594149649143219,0.14600785076618195,0.02574353665113449,213733,49,4,False,Left,Back,Right,Left,60
<_io.BytesIO object at 0x000001DA0EA1C720>,0.6271522045135498,0.12872090935707092,-0.05080579221248627,213733,49,4,False,Left,Back,Right,Left,60
<_io.BytesIO object at 0x000001DA0BCF2950>,0.6500375866889954,0.0774322971701622,0.0320536270737648,213733,49,4,False,Left,Back,Right,Left,60
<_io.BytesIO object at 0x000001DA0BCBEEF0>,0.6589265465736389,0.1333642154932022,-0.02464085817337036,213734,49,4,False,Left,Back,Right,Left,60
<_io.BytesIO object at 0x000001DA0BCBEC20>,0.6758440732955933,0.0910261869430542,-0.0210854634642601,213734,49,4,False,Left,Back,Right,Left,60
<_io.BytesIO object at 0x000001DA0BCBECC0>,0.59213787317276,0.14829790592193604,0.03213660418987274,213734,49,4,False,Left,Back,Right,Left,60
<_io.BytesIO object at 0x000001DA0BCBE090>,0.6251041293144226,0.1303311288356781,-0.04419597610831261,213734,49,4,False,Left,Back,Right,Left,60
<_io.BytesIO object at 0x000001DA7EFF56D0>,0.64641273021698,0.07841544598340988,0.03882494196295738,213734,49,4,False,Left,Back,Right,Left,60
<_io.BytesIO object at 0x000001DA0BCB62C0>,0.6566628813743591,0.13420216739177704,-0.017638415098190308,213735,49,4,False,Left,Back,Right,Left,60
<_io.BytesIO object at 0x000001DA0BCE7E00>,0.672692060470581,0.0913819819688797,-0.014080479741096497,213735,49,4,False,Left,Back,Right,Left,60
<_io.BytesIO object at 0x000001DA0BCE7270>,0.5898847579956055,0.1504889577627182,0.038615986704826355,213735,49,4,False,Left,Back,Right,Left,60
<_io.BytesIO object at 0x000001DA0BCE7C20>,0.6229485869407654,0.13175876438617706,-0.03740858659148216,213735,49,4,False,Left,Back,Right,Left,60
<_io.BytesIO object at 0x000001DA0BCE70E0>,0.6425416469573975,0.07928693294525146,0.04566650837659836,213735,49,4,False,Left,Back,Right,Left,60
<_io.BytesIO object at 0x000001DA0EA1B900>,0.6542456150054932,0.13491210341453552,-0.010542456060647964,213736,49,4,False,Left,Back,Right,Left,60
<_io.BytesIO object at 0x000001DA0EA1BC70>,0.6694977879524231,0.09189452230930328,-0.007106211502104998,213736,49,4,False,Left,Back,Right,Left,60
<_io.BytesIO object at 0x000001DA0BC81900>,0.5873265266418457,0.1524197906255722,0.04510805383324623,213736,49,4,False,Left,Back,Right,Left,60
<_io.BytesIO object at 0x000001DA0BC815E0>,0.6206300854682922,0.13322749733924866,-0.030580278486013412,213736,49,4,False,Left,Back,Right,Left,60
<_io.BytesIO object at 0x000001DA0BC812C0>,0.6384732723236084,0.08000405877828598,0.052596356719732285,213736,49,4,False,Left,Back,Right,Left,60
<_io.BytesIO object at 0x000001DA0BC81BD0>,0.6515491008758545,0.13561011850833893,-0.003345833159983158,213737,49,4,False,Left,Back,Right,Left,60
<_io.BytesIO object at 0x000001DA0BC815E0>,0.6662245392799377,0.09242430329322815,0.00012542432523332536,213737,49,4,False,Left,Back,Right,Left,60
<_io.BytesIO object at 0x000001DA0BC81360>,0.584531843662262,0.1540963053703308,0.05165686458349228,213737,49,4,False,Left,Back,Right,Left,60
<_io.BytesIO object at 0x000001DA0EA1B900>,0.6181617975234985,0.13462811708450317,-0.023537592962384224,213737,49,4,False,Left,Back,Right,Left,60
<_io.BytesIO object at 0x000001DA0EA1B4A0>,0.6342963576316833,0.08068171888589859,0.059550512582063675,213737,49,4,False,Left,Back,Right,Left,60
<_io.BytesIO object at 0x000001DA0BCE7C70>,0.6489744782447815,0.13614682853221893,0.004041283391416073,213738,49,4,False,Left,Back,Right,Left,60
<_io.BytesIO object at 0x000001DA0BCE7950>,0.6627457141876221,0.09278158843517303,0.007384156342595816,213738,49,4,False,Left,Back,Right,Left,60
<_io.BytesIO object at 0x000001DA0BCE7040>,0.5816300511360168,0.15563257038593292,0.058394525200128555,213738,49,4,False,Left,Back,Right,Left,60
<_io.BytesIO object at 0x000001DA0BCB62C0>,0.6156246662139893,0.13576875627040863,-0.016348276287317276,213738,49,4,False,Left,Back,Right,Left,60
<_io.BytesIO object at 0x000001DA0BCB6810>,0.629836916923523,0.08123733848333359,0.06652624905109406,213738,49,4,False,Left,Back,Right,Left,60
<_io.BytesIO object at 0x000001DA7EFF5090>,0.6461283564567566,0.13665008544921875,0.011446353979408741,213739,49,4,False,Left,Back,Right,Left,60
<_io.BytesIO object at 0x000001DA0BCBE090>,0.6591411232948303,0.09287919104099274,0.014685090631246567,213739,49,4,False,Left,Back,Right,Left,60
<_io.BytesIO object at 0x000001DA0BCBEF40>,0.5785379409790039,0.1569221168756485,0.06521190702915192,213739,49,4,False,Left,Back,Right,Left,60
<_io.BytesIO object at 0x000001DA0BCBE1D0>,0.6129505634307861,0.1370851993560791,-0.009211988188326359,213739,49,4,False,Left,Back,Right,Left,60
<_io.BytesIO object at 0x000001DA0BCBEB30>,0.6252089738845825,0.08160097897052765,0.07362397015094757,213739,49,4,False,Left,Back,Right,Left,60
<_io.BytesIO object at 0x000001DA0BCF2040>,0.6430563926696777,0.13690662384033203,0.019059041514992714,213740,49,4,False,Left,Back,Right,Left,60
<_io.BytesIO object at 0x000001DA0EA1C720>,0.6552175283432007,0.09300458431243896,0.021872298792004585,213740,49,4,False,Left,Back,Right,Left,60
<_io.BytesIO object at 0x000001DA0EA1C8B0>,0.5752898454666138,0.1579771339893341,0.07223902642726898,213740,49,4,False,Left,Back,Right,Left,60
<_io.BytesIO object at 0x000001DA0EA1C680>,0.6102349758148193,0.13807033002376556,-0.0019414866110309958,213740,49,4,False,Left,Back,Right,Left,60
<_io.BytesIO object at 0x000001DA0EA1C5E0>,0.6203742623329163,0.08168277144432068,0.08059418201446533,213740,49,4,False,Left,Back,Right,Left,60
<_io.BytesIO object at 0x000001DA0BC93180>,0.6398609280586243,0.1369330734014511,0.026553595438599586,213741,49,4,False,Left,Back,Right,Left,60
<_io.BytesIO object at 0x000001DA0BC93F90>,0.651109516620636,0.09277427941560745,0.029222512617707253,213741,49,4,False,Left,Back,Right,Left,60
<_io.BytesIO object at 0x000001DA0BC95220>,0.5718477368354797,0.15876857936382294,0.07931423932313919,213741,49,4,False,Left,Back,Right,Left,60
<_io.BytesIO object at 0x000001DA0BC95860>,0.607025146484375,0.13908162713050842,0.005443596746772528,213741,49,4,False,Left,Back,Right,Left,60
<_io.BytesIO object at 0x000001DA0BC93DB0>,0.6152076721191406,0.08149964362382889,0.08740518242120743,213741,49,4,False,Left,Back,Right,Left,60
<_io.BytesIO object at 0x000001DA0EA1CD10>,0.6364772319793701,0.13698813319206238,0.03421567380428314,213742,49,4,False,Left,Back,Right,Left,60
<_io.BytesIO object at 0x000001DA0EA1CDB0>,0.6468358039855957,0.09252355247735977,0.03643624484539032,213742,49,4,False,Left,Back,Right,Left,60
<_io.BytesIO object at 0x000001DA0EA1C6D0>,0.5682900547981262,0.15931342542171478,0.08651681244373322,213742,49,4,False,Left,Back,Right,Left,60
<_io.BytesIO object at 0x000001DA0BCF2220>,0.6037581562995911,0.1398894488811493,0.012823821976780891,213742,49,4,False,Left,Back,Right,Left,60
<_io.BytesIO object at 0x000001DA0BCF2950>,0.6129783391952515,0.08366258442401886,0.09268499165773392,213742,49,4,False,Left,Back,Right,Left,60
<_io.BytesIO object at 0x000001DA0BCBE3B0>,0.6326834559440613,0.13703854382038116,0.0416383221745491,213743,49,4,False,Left,Back,Right,Left,60
<_io.BytesIO object at 0x000001DA0BCBE4A0>,0.6425424814224243,0.09246626496315002,0.04358338192105293,213743,49,4,False,Left,Back,Right,Left,60
<_io.BytesIO object at 0x000001DA0BCBEEA0>,0.5644868016242981,0.15985746681690216,0.09364373981952667,213743,49,4,False,Left,Back,Right,Left,60
<_io.BytesIO object at 0x000001DA0BCBE180>,0.600306510925293,0.14062710106372833,0.020096497610211372,213743,49,4,False,Left,Back,Right,Left,60
<_io.BytesIO object at 0x000001DA7EFF5680>,0.6122901439666748,0.08738061785697937,0.0971473678946495,213743,49,4,False,Left,Back,Right,Left,60
<_io.BytesIO object at 0x000001DA0BCB65E0>,0.6288398504257202,0.13696394860744476,0.0491950623691082,213744,49,4,False,Left,Back,Right,Left,60
<_io.BytesIO object at 0x000001DA0BCE7040>,0.6379914283752441,0.09221618622541428,0.05068078264594078,213744,49,4,False,Left,Back,Right,Left,60
<_io.BytesIO object at 0x000001DA0BCE73B0>,0.5606499910354614,0.15998660027980804,0.10096565634012222,213744,49,4,False,Left,Back,Right,Left,60
<_io.BytesIO object at 0x000001DA0BCE7590>,0.5966218709945679,0.1413358896970749,0.027362221851944923,213744,49,4,False,Left,Back,Right,Left,60
<_io.BytesIO object at 0x000001DA0BCE7220>,0.6118362545967102,0.0909900814294815,0.10137156397104263,213744,49,4,False,Left,Back,Right,Left,60
<_io.BytesIO object at 0x000001DA0BC81720>,0.6248906254768372,0.1369711011648178,0.05659506469964981,213745,49,4,False,Left,Back,Right,Left,60
<_io.BytesIO object at 0x000001DA0EA17A90>,0.6335076093673706,0.091982901096344,0.057661522179841995,213745,49,4,False,Left,Back,Right,Left,60
<_io.BytesIO object at 0x000001DA0EA17900>,0.5566624999046326,0.16022397577762604,0.1082146167755127,213745,49,4,False,Left,Back,Right,Left,60
<_io.BytesIO object at 0x000001DA0EA17630>,0.592972993850708,0.14208966493606567,0.034587327390909195,213745,49,4,False,Left,Back,Right,Left,60
<_io.BytesIO object at 0x000001DA0EA174A0>,0.6155720353126526,0.08858507871627808,0.11373239755630493,213745,49,4,False,Left,Back,Right,Left,60
<_io.BytesIO object at 0x000001DA0BC83E00>,0.620762288570404,0.13702532649040222,0.06406234204769135,213746,49,4,False,Left,Back,Right,Left,60
<_io.BytesIO object at 0x000001DA0BC83B30>,0.6290090680122375,0.09187877923250198,0.06457757949829102,213746,49,4,False,Left,Back,Right,Left,60
<_io.BytesIO object at 0x000001DA0EA17360>,0.5525596141815186,0.16018293797969818,0.11560677736997604,213746,49,4,False,Left,Back,Right,Left,60
<_io.BytesIO object at 0x000001DA0EA17B80>,0.5891698598861694,0.14274710416793823,0.04188424348831177,213746,49,4,False,Left,Back,Right,Left,60
<_io.BytesIO object at 0x000001DA0EA17B30>,0.6106844544410706,0.08790192753076553,0.12063509225845337,213746,49,4,False,Left,Back,Right,Left,60
<_io.BytesIO object at 0x000001DA0EA1B9F0>,0.6168557405471802,0.13665860891342163,0.07154574990272522,213747,49,4,False,Left,Back,Right,Left,60
<_io.BytesIO object at 0x000001DA0EA1BE50>,0.6242140531539917,0.0915062204003334,0.07147035747766495,213747,49,4,False,Left,Back,Right,Left,60
<_io.BytesIO object at 0x000001DA0BCE7A90>,0.548481822013855,0.16009759902954102,0.1230493113398552,213747,49,4,False,Left,Back,Right,Left,60
<_io.BytesIO object at 0x000001DA0BCE71D0>,0.5854713916778564,0.14349906146526337,0.04920024424791336,213747,49,4,False,Left,Back,Right,Left,60
<_io.BytesIO object at 0x000001DA0BCE7630>,0.6054702401161194,0.08683251589536667,0.12706877291202545,213747,49,4,False,Left,Back,Right,Left,60
<_io.BytesIO object at 0x000001DA0BC807C0>,0.6129107475280762,0.1362077295780182,0.07915312051773071,213748,49,4,False,Left,Back,Right,Left,60
<_io.BytesIO object at 0x000001DA0BC80400>,0.6195418238639832,0.09106649458408356,0.0783093050122261,213748,49,4,False,Left,Back,Right,Left,60
<_io.BytesIO object at 0x000001DA7EFF51D0>,0.5444944500923157,0.15978583693504333,0.1306215524673462,213748,49,4,False,Left,Back,Right,Left,60
<_io.BytesIO object at 0x000001DA7EFF5400>,0.5818035006523132,0.14409120380878448,0.05663519352674484,213748,49,4,False,Left,Back,Right,Left,60
<_io.BytesIO object at 0x000001DA0BCBEBD0>,0.6002601385116577,0.08558937907218933,0.13361883163452148,213748,49,4,False,Left,Back,Right,Left,60
<_io.BytesIO object at 0x000001DA0BC9ED60>,0.6088611483573914,0.13567085564136505,0.0866711288690567,213749,49,4,False,Left,Back,Right,Left,60
<_io.BytesIO object at 0x000001DA0BCF22C0>,0.614536702632904,0.09028931707143784,0.08485236763954163,213749,49,4,False,Left,Back,Right,Left,60
<_io.BytesIO object at 0x000001DA0BCF2810>,0.5404887795448303,0.1592748612165451,0.1383211314678192,213749,49,4,False,Left,Back,Right,Left,60
<_io.BytesIO object at 0x000001DA0BCF29A0>,0.5782274603843689,0.14476150274276733,0.06408131867647171,213749,49,4,False,Left,Back,Right,Left,60
<_io.BytesIO object at 0x000001DA0BCF2040>,0.594679057598114,0.0839163213968277,0.1398191899061203,213749,49,4,False,Left,Back,Right,Left,60
<_io.BytesIO object at 0x000001DA0EA3FE50>,0.6048673391342163,0.1348194181919098,0.09418468922376633,213750,49,4,False,Left,Back,Right,Left,60
<_io.BytesIO object at 0x000001DA0BC93950>,0.60957270860672,0.08946991711854935,0.09126997739076614,213750,49,4,False,Left,Back,Right,Left,60
<_io.BytesIO object at 0x000001DA0BC931D0>,0.5366196632385254,0.15853236615657806,0.14615002274513245,213750,49,4,False,Left,Back,Right,Left,60
<_io.BytesIO object at 0x000001DA0BC93130>,0.5745429396629333,0.1452595591545105,0.07164160162210464,213750,49,4,False,Left,Back,Right,Left,60
<_io.BytesIO object at 0x000001DA0BC93E00>,0.5891960859298706,0.08205300569534302,0.14590002596378326,213750,49,4,False,Left,Back,Right,Left,60
<_io.BytesIO object at 0x000001DA0BC938B0>,0.600882887840271,0.1337754726409912,0.10162544995546341,213751,49,4,False,Left,Back,Right,Left,60
<_io.BytesIO object at 0x000001DA0BC93220>,0.604327917098999,0.08837201446294785,0.09745212644338608,213751,49,4,False,Left,Back,Right,Left,60
<_io.BytesIO object at 0x000001DA0BC932C0>,0.5328332185745239,0.1575072556734085,0.15409788489341736,213751,49,4,False,Left,Back,Right,Left,60
<_io.BytesIO object at 0x000001DA0BC93720>,0.570995569229126,0.1456967443227768,0.07922234386205673,213751,49,4,False,Left,Back,Right,Left,60
<_io.BytesIO object at 0x000001DA0EA3FE50>,0.5834609270095825,0.07980991899967194,0.1516522616147995,213751,49,4,False,Left,Back,Right,Left,60
<_io.BytesIO object at 0x000001DA0EA1CBD0>,0.5968808531761169,0.13257312774658203,0.10892021656036377,213752,49,4,False,Left,Back,Right,Left,60
<_io.BytesIO object at 0x000001DA0BCF2E00>,0.5997104644775391,0.08775517344474792,0.1033211424946785,213752,49,4,False,Left,Back,Right,Left,60
<_io.BytesIO object at 0x000001DA0BCF2360>,0.5289604663848877,0.15661881864070892,0.16175620257854462,213752,49,4,False,Left,Back,Right,Left,60
<_io.BytesIO object at 0x000001DA0BCF2540>,0.5672863125801086,0.14590567350387573,0.08677783608436584,213752,49,4,False,Left,Back,Right,Left,60
<_io.BytesIO object at 0x000001DA0BC9ED60>,0.5782352685928345,0.0779133215546608,0.15734300017356873,213752,49,4,False,Left,Back,Right,Left,60
<_io.BytesIO object at 0x000001DA0BCBEE00>,0.5927242040634155,0.13126128911972046,0.11599944531917572,213753,49,4,False,Left,Back,Right,Left,60
<_io.BytesIO object at 0x000001DA7EFF5810>,0.5953230857849121,0.0874609649181366,0.10868982970714569,213753,49,4,False,Left,Back,Right,Left,60
<_io.BytesIO object at 0x000001DA0BC809F0>,0.5254591107368469,0.15484115481376648,0.16980014741420746,213753,49,4,False,Left,Back,Right,Left,60
<_io.BytesIO object at 0x000001DA0BC80CC0>,0.5635527968406677,0.14608028531074524,0.09425202757120132,213753,49,4,False,Left,Back,Right,Left,60
<_io.BytesIO object at 0x000001DA0BC806D0>,0.5736952424049377,0.07567255198955536,0.16251537203788757,213753,49,4,False,Left,Back,Right,Left,60
<_io.BytesIO object at 0x000001DA0BCE7630>,0.58834308385849,0.12985572218894958,0.12282998114824295,213754,49,4,False,Left,Back,Right,Left,60
<_io.BytesIO object at 0x000001DA0BCE7D60>,0.5912955403327942,0.08717961609363556,0.11386251449584961,213754,49,4,False,Left,Back,Right,Left,60
<_io.BytesIO object at 0x000001DA0EA1B2C0>,0.5216543078422546,0.15330404043197632,0.17744041979312897,213754,49,4,False,Left,Back,Right,Left,60
<_io.BytesIO object at 0x000001DA0EA1B540>,0.5597199201583862,0.14616292715072632,0.10150451958179474,213754,49,4,False,Left,Back,Right,Left,60
<_io.BytesIO object at 0x000001DA0EA1BBD0>,0.5692594051361084,0.07359186559915543,0.16746258735656738,213754,49,4,False,Left,Back,Right,Left,60
<_io.BytesIO object at 0x000001DA0EA17900>,0.5841817259788513,0.12878835201263428,0.1294449418783188,213755,49,4,False,Left,Back,Right,Left,60
<_io.BytesIO object at 0x000001DA0EA17360>,0.5872578024864197,0.08711329102516174,0.11893020570278168,213755,49,4,False,Left,Back,Right,Left,60
<_io.BytesIO object at 0x000001DA0BC83D10>,0.517794668674469,0.15175558626651764,0.18480448424816132,213755,49,4,False,Left,Back,Right,Left,60
<_io.BytesIO object at 0x000001DA0BC83810>,0.555817186832428,0.14612770080566406,0.10862550139427185,213755,49,4,False,Left,Back,Right,Left,60
<_io.BytesIO object at 0x000001DA0EA176D0>,0.5649338364601135,0.07167968153953552,0.17226797342300415,213755,49,4,False,Left,Back,Right,Left,60
<_io.BytesIO object at 0x000001DA0EA1B4A0>,0.5800694227218628,0.12797367572784424,0.13597893714904785,213756,49,4,False,Left,Back,Right,Left,60
<_io.BytesIO object at 0x000001DA0EA1BAE0>,0.5764251947402954,0.08135271072387695,0.127391517162323,213756,49,4,False,Left,Back,Right,Left,60
<_io.BytesIO object at 0x000001DA0BCE78B0>,0.5137613415718079,0.15015992522239685,0.1917431503534317,213756,49,4,False,Left,Back,Right,Left,60
<_io.BytesIO object at 0x000001DA0BCE7E50>,0.5519440770149231,0.1460275948047638,0.11531968414783478,213756,49,4,False,Left,Back,Right,Left,60
<_io.BytesIO object at 0x000001DA0BCE77C0>,0.5553285479545593,0.06902651488780975,0.17777681350708008,213756,49,4,False,Left,Back,Right,Left,60
<_io.BytesIO object at 0x000001DA0BC80720>,0.5761241316795349,0.12672419846057892,0.142070010304451,213757,49,4,False,Left,Back,Right,Left,60
<_io.BytesIO object at 0x000001DA0BC80CC0>,0.577128529548645,0.08440946042537689,0.13035206496715546,213757,49,4,False,Left,Back,Right,Left,60
<_io.BytesIO object at 0x000001DA0BC80B30>,0.5096169710159302,0.14856219291687012,0.19842597842216492,213757,49,4,False,Left,Back,Right,Left,60
<_io.BytesIO object at 0x000001DA7EFF52C0>,0.5480956435203552,0.1457904577255249,0.12200011312961578,213757,49,4,False,Left,Back,Right,Left,60
<_io.BytesIO object at 0x000001DA7EFF5770>,0.5538167357444763,0.0679408460855484,0.18255244195461273,213757,49,4,False,Left,Back,Right,Left,60
<_io.BytesIO object at 0x000001DA0BC9ECC0>,0.5723068714141846,0.12583383917808533,0.14792130887508392,213758,49,4,False,Left,Back,Right,Left,60
<_io.BytesIO object at 0x000001DA0BCF27C0>,0.5761603116989136,0.08694431930780411,0.13349565863609314,213758,49,4,False,Left,Back,Right,Left,60
<_io.BytesIO object at 0x000001DA0BCF2180>,0.5054066777229309,0.1469338983297348,0.20475874841213226,213758,49,4,False,Left,Back,Right,Left,60
<_io.BytesIO object at 0x000001DA0BCF2B80>,0.5444183349609375,0.14541520178318024,0.12837016582489014,213758,49,4,False,Left,Back,Right,Left,60
<_io.BytesIO object at 0x000001DA0BCF2220>,0.552187979221344,0.06625036150217056,0.18568989634513855,213758,49,4,False,Left,Back,Right,Left,60
<_io.BytesIO object at 0x000001DA0BC93C20>,0.5681849122047424,0.12456522136926651,0.1536070704460144,213759,49,4,False,Left,Back,Right,Left,60
<_io.BytesIO object at 0x000001DA0EA1C220>,0.5747881531715393,0.08840841799974442,0.13640394806861877,213759,49,4,False,Left,Back,Right,Left,60
<_io.BytesIO object at 0x000001DA0EA1CAE0>,0.5011118054389954,0.14539147913455963,0.21079128980636597,213759,49,4,False,Left,Back,Right,Left,60
<_io.BytesIO object at 0x000001DA0EA1C180>,0.5406402945518494,0.14505603909492493,0.13453619182109833,213759,49,4,False,Left,Back,Right,Left,60
<_io.BytesIO object at 0x000001DA0EA1C590>,0.5486207604408264,0.06404652446508408,0.188866525888443,213759,49,4,False,Left,Back,Right,Left,60
<_io.BytesIO object at 0x000001DA0BC93090>,0.5639992952346802,0.12334027141332626,0.15903066098690033,213760,49,4,False,Left,Back,Right,Left,60
<_io.BytesIO object at 0x000001DA0BC93400>,0.5624017119407654,0.0813986286520958,0.14184445142745972,213760,49,4,False,Left,Back,Right,Left,60
<_io.BytesIO object at 0x000001DA0BC93360>,0.4972476363182068,0.14439493417739868,0.2163580358028412,213760,49,4,False,Left,Back,Right,Left,60
<_io.BytesIO object at 0x000001DA0BC93F40>,0.5369239449501038,0.14436306059360504,0.14049293100833893,213760,49,4,False,Left,Back,Right,Left,60
<_io.BytesIO object at 0x000001DA0BC934A0>,0.5383278131484985,0.06191049516201019,0.1928855925798416,213760,49,4,False,Left,Back,Right,Left,60
<_io.BytesIO object at 0x000001DA0BC9E3B0>,0.560687780380249,0.12281906604766846,0.1642749309539795,213761,49,4,False,Left,Back,Right,Left,60
<_io.BytesIO object at 0x000001DA0BC9E4A0>,0.559068500995636,0.08106701821088791,0.14523890614509583,213761,49,4,False,Left,Back,Right,Left,60
<_io.BytesIO object at 0x000001DA0BC9EBD0>,0.4961954951286316,0.14129050076007843,0.21890462934970856,213761,49,4,False,Left,Back,Right,Left,60
<_io.BytesIO object at 0x000001DA0BC9E900>,0.5335749387741089,0.14445415139198303,0.14523698389530182,213761,49,4,False,Left,Back,Right,Left,60
<_io.BytesIO object at 0x000001DA7F38F6D0>,0.5347307324409485,0.06031528115272522,0.19565296173095703,213761,49,4,False,Left,Back,Right,Left,60
<_io.BytesIO object at 0x000001DA0BC80950>,0.560687780380249,0.12281906604766846,0.1642749309539795,213762,49,4,False,Left,Back,Right,Left,60
<_io.BytesIO object at 0x000001DA0BCB66D0>,0.559068500995636,0.08106701821088791,0.14523890614509583,213762,49,4,False,Left,Back,Right,Left,60
<_io.BytesIO object at 0x000001DA0BCB6180>,0.4961954951286316,0.14129050076007843,0.21890462934970856,213762,49,4,False,Left,Back,Right,Left,60
<_io.BytesIO object at 0x000001DA0BCB6540>,0.5335749387741089,0.14445415139198303,0.14523698389530182,213762,49,4,False,Left,Back,Right,Left,60
<_io.BytesIO object at 0x000001DA0BCB6950>,0.5347307324409485,0.06031528115272522,0.19565296173095703,213762,49,4,False,Left,Back,Right,Left,60
<_io.BytesIO object at 0x000001DA0BC819A0>,0.560687780380249,0.12281906604766846,0.1642749309539795,213763,49,4,False,Left,Back,Right,Left,60
<_io.BytesIO object at 0x000001DA0BC81180>,0.559068500995636,0.08106701821088791,0.14523890614509583,213763,49,4,False,Left,Back,Right,Left,60
<_io.BytesIO object at 0x000001DA0BC81B30>,0.4961954951286316,0.14129050076007843,0.21890462934970856,213763,49,4,False,Left,Back,Right,Left,60
<_io.BytesIO object at 0x000001DA0BC813B0>,0.5335749387741089,0.14445415139198303,0.14523698389530182,213763,49,4,False,Left,Back,Right,Left,60
<_io.BytesIO object at 0x000001DA0EA17D10>,0.5347307324409485,0.06031528115272522,0.19565296173095703,213763,49,4,False,Left,Back,Right,Left,60
<_io.BytesIO object at 0x000001DA0BC83310>,0.560687780380249,0.12281906604766846,0.1642749309539795,213764,49,4,False,Left,Back,Right,Left,60
<_io.BytesIO object at 0x000001DA0BC83680>,0.559068500995636,0.08106701821088791,0.14523890614509583,213764,49,4,False,Left,Back,Right,Left,60
<_io.BytesIO object at 0x000001DA0BC95CC0>,0.4961954951286316,0.14129050076007843,0.21890462934970856,213764,49,4,False,Left,Back,Right,Left,60
<_io.BytesIO object at 0x000001DA0BC95770>,0.5335749387741089,0.14445415139198303,0.14523698389530182,213764,49,4,False,Left,Back,Right,Left,60
<_io.BytesIO object at 0x000001DA0BC95B30>,0.5347307324409485,0.06031528115272522,0.19565296173095703,213764,49,4,False,Left,Back,Right,Left,60
<_io.BytesIO object at 0x000001DA0EA1C540>,0.560687780380249,0.12281906604766846,0.1642749309539795,213765,49,4,False,Left,Back,Right,Left,60
<_io.BytesIO object at 0x000001DA0EA176D0>,0.559068500995636,0.08106701821088791,0.14523890614509583,213765,49,4,False,Left,Back,Right,Left,60
<_io.BytesIO object at 0x000001DA0EA17310>,0.4961954951286316,0.14129050076007843,0.21890462934970856,213765,49,4,False,Left,Back,Right,Left,60
<_io.BytesIO object at 0x000001DA0EA179F0>,0.5335749387741089,0.14445415139198303,0.14523698389530182,213765,49,4,False,Left,Back,Right,Left,60
<_io.BytesIO object at 0x000001DA0EA17950>,0.5347307324409485,0.06031528115272522,0.19565296173095703,213765,49,4,False,Left,Back,Right,Left,60
<_io.BytesIO object at 0x000001DA0EA1B3B0>,0.560687780380249,0.12281906604766846,0.1642749309539795,213766,49,4,False,Left,Back,Right,Left,60
<_io.BytesIO object at 0x000001DA0BCE7680>,0.559068500995636,0.08106701821088791,0.14523890614509583,213766,49,4,False,Left,Back,Right,Left,60
<_io.BytesIO object at 0x000001DA0BCE7180>,0.4961954951286316,0.14129050076007843,0.21890462934970856,213766,49,4,False,Left,Back,Right,Left,60
<_io.BytesIO object at 0x000001DA0BCE7A40>,0.5335749387741089,0.14445415139198303,0.14523698389530182,213766,49,4,False,Left,Back,Right,Left,60
<_io.BytesIO object at 0x000001DA0BCE7040>,0.5347307324409485,0.06031528115272522,0.19565296173095703,213766,49,4,False,Left,Back,Right,Left,60
<_io.BytesIO object at 0x000001DA0BC80720>,0.560687780380249,0.12281906604766846,0.1642749309539795,213767,49,4,False,Left,Back,Right,Left,60
<_io.BytesIO object at 0x000001DA7EFF56D0>,0.559068500995636,0.08106701821088791,0.14523890614509583,213767,49,4,False,Left,Back,Right,Left,60
<_io.BytesIO object at 0x000001DA0BCBED10>,0.4961954951286316,0.14129050076007843,0.21890462934970856,213767,49,4,False,Left,Back,Right,Left,60
<_io.BytesIO object at 0x000001DA0BCBE090>,0.5335749387741089,0.14445415139198303,0.14523698389530182,213767,49,4,False,Left,Back,Right,Left,60
<_io.BytesIO object at 0x000001DA0BCBEA40>,0.5347307324409485,0.06031528115272522,0.19565296173095703,213767,49,4,False,Left,Back,Right,Left,60
<_io.BytesIO object at 0x000001DA0BC95AE0>,0.560687780380249,0.12281906604766846,0.1642749309539795,213768,49,4,False,Left,Back,Right,Left,60
<_io.BytesIO object at 0x000001DA0BC95130>,0.559068500995636,0.08106701821088791,0.14523890614509583,213768,49,4,False,Left,Back,Right,Left,60
<_io.BytesIO object at 0x000001DA0BCF2EA0>,0.4961954951286316,0.14129050076007843,0.21890462934970856,213768,49,4,False,Left,Back,Right,Left,60
<_io.BytesIO object at 0x000001DA0BCF2AE0>,0.5335749387741089,0.14445415139198303,0.14523698389530182,213768,49,4,False,Left,Back,Right,Left,60
<_io.BytesIO object at 0x000001DA0BCF2A40>,0.5347307324409485,0.06031528115272522,0.19565296173095703,213768,49,4,False,Left,Back,Right,Left,60
<_io.BytesIO object at 0x000001DA0EA3FC70>,0.560687780380249,0.12281906604766846,0.1642749309539795,213769,49,4,False,Left,Back,Right,Left,60
<_io.BytesIO object at 0x000001DA0EA3F540>,0.559068500995636,0.08106701821088791,0.14523890614509583,213769,49,4,False,Left,Back,Right,Left,60
<_io.BytesIO object at 0x000001DA0EA3FA40>,0.4961954951286316,0.14129050076007843,0.21890462934970856,213769,49,4,False,Left,Back,Right,Left,60
<_io.BytesIO object at 0x000001DA0EA3FB80>,0.5335749387741089,0.14445415139198303,0.14523698389530182,213769,49,4,False,Left,Back,Right,Left,60
<_io.BytesIO object at 0x000001DA0EA3FCC0>,0.5347307324409485,0.06031528115272522,0.19565296173095703,213769,49,4,False,Left,Back,Right,Left,60
<_io.BytesIO object at 0x000001DA0BC9E9A0>,0.560687780380249,0.12281906604766846,0.1642749309539795,213770,49,4,False,Left,Back,Right,Left,60
<_io.BytesIO object at 0x000001DA0BC9EF40>,0.559068500995636,0.08106701821088791,0.14523890614509583,213770,49,4,False,Left,Back,Right,Left,60
<_io.BytesIO object at 0x000001DA0BC9E950>,0.4961954951286316,0.14129050076007843,0.21890462934970856,213770,49,4,False,Left,Back,Right,Left,60
<_io.BytesIO object at 0x000001DA0BC9E630>,0.5335749387741089,0.14445415139198303,0.14523698389530182,213770,49,4,False,Left,Back,Right,Left,60
<_io.BytesIO object at 0x000001DA0BC9E400>,0.5347307324409485,0.06031528115272522,0.19565296173095703,213770,49,4,False,Left,Back,Right,Left,60
<_io.BytesIO object at 0x000001DA0BCB6630>,0.560687780380249,0.12281906604766846,0.1642749309539795,213771,49,4,False,Left,Back,Right,Left,60
<_io.BytesIO object at 0x000001DA0BCE7DB0>,0.559068500995636,0.08106701821088791,0.14523890614509583,213771,49,4,False,Left,Back,Right,Left,60
<_io.BytesIO object at 0x000001DA0BCE7AE0>,0.4961954951286316,0.14129050076007843,0.21890462934970856,213771,49,4,False,Left,Back,Right,Left,60
<_io.BytesIO object at 0x000001DA0BCE79A0>,0.5335749387741089,0.14445415139198303,0.14523698389530182,213771,49,4,False,Left,Back,Right,Left,60
<_io.BytesIO object at 0x000001DA0BCE71D0>,0.5347307324409485,0.06031528115272522,0.19565296173095703,213771,49,4,False,Left,Back,Right,Left,60
<_io.BytesIO object at 0x000001DA0BC81900>,0.560687780380249,0.12281906604766846,0.1642749309539795,213772,49,4,False,Left,Back,Right,Left,60
<_io.BytesIO object at 0x000001DA0EA17590>,0.559068500995636,0.08106701821088791,0.14523890614509583,213772,49,4,False,Left,Back,Right,Left,60
<_io.BytesIO object at 0x000001DA0EA17A40>,0.4961954951286316,0.14129050076007843,0.21890462934970856,213772,49,4,False,Left,Back,Right,Left,60
<_io.BytesIO object at 0x000001DA0EA175E0>,0.5335749387741089,0.14445415139198303,0.14523698389530182,213772,49,4,False,Left,Back,Right,Left,60
<_io.BytesIO object at 0x000001DA0EA17D60>,0.5347307324409485,0.06031528115272522,0.19565296173095703,213772,49,4,False,Left,Back,Right,Left,60
<_io.BytesIO object at 0x000001DA0EA1C6D0>,0.560687780380249,0.12281906604766846,0.1642749309539795,213773,49,4,False,Left,Back,Right,Left,60
<_io.BytesIO object at 0x000001DA0BC834A0>,0.559068500995636,0.08106701821088791,0.14523890614509583,213773,49,4,False,Left,Back,Right,Left,60
<_io.BytesIO object at 0x000001DA0BC83D60>,0.4961954951286316,0.14129050076007843,0.21890462934970856,213773,49,4,False,Left,Back,Right,Left,60
<_io.BytesIO object at 0x000001DA0BC837C0>,0.5335749387741089,0.14445415139198303,0.14523698389530182,213773,49,4,False,Left,Back,Right,Left,60
<_io.BytesIO object at 0x000001DA0BC83B80>,0.5347307324409485,0.06031528115272522,0.19565296173095703,213773,49,4,False,Left,Back,Right,Left,60
<_io.BytesIO object at 0x000001DA0BC83F40>,0.560687780380249,0.12281906604766846,0.1642749309539795,213774,49,4,False,Left,Back,Right,Left,60
<_io.BytesIO object at 0x000001DA0BC83F90>,0.559068500995636,0.08106701821088791,0.14523890614509583,213774,49,4,False,Left,Back,Right,Left,60
<_io.BytesIO object at 0x000001DA0BC830E0>,0.4961954951286316,0.14129050076007843,0.21890462934970856,213774,49,4,False,Left,Back,Right,Left,60
<_io.BytesIO object at 0x000001DA0EA1C270>,0.5335749387741089,0.14445415139198303,0.14523698389530182,213774,49,4,False,Left,Back,Right,Left,60
<_io.BytesIO object at 0x000001DA0EA1C680>,0.5347307324409485,0.06031528115272522,0.19565296173095703,213774,49,4,False,Left,Back,Right,Left,60
<_io.BytesIO object at 0x000001DA0EA17090>,0.560687780380249,0.12281906604766846,0.1642749309539795,213775,49,4,False,Left,Back,Right,Left,60
<_io.BytesIO object at 0x000001DA0EA179F0>,0.559068500995636,0.08106701821088791,0.14523890614509583,213775,49,4,False,Left,Back,Right,Left,60
<_io.BytesIO object at 0x000001DA0EA178B0>,0.4961954951286316,0.14129050076007843,0.21890462934970856,213775,49,4,False,Left,Back,Right,Left,60
<_io.BytesIO object at 0x000001DA0BC817C0>,0.5335749387741089,0.14445415139198303,0.14523698389530182,213775,49,4,False,Left,Back,Right,Left,60
<_io.BytesIO object at 0x000001DA0BC81040>,0.5347307324409485,0.06031528115272522,0.19565296173095703,213775,49,4,False,Left,Back,Right,Left,60
<_io.BytesIO object at 0x000001DA0BCE7BD0>,0.560687780380249,0.12281906604766846,0.1642749309539795,213776,49,4,False,Left,Back,Right,Left,60
<_io.BytesIO object at 0x000001DA0BCE7DB0>,0.559068500995636,0.08106701821088791,0.14523890614509583,213776,49,4,False,Left,Back,Right,Left,60
<_io.BytesIO object at 0x000001DA0BCB6630>,0.4961954951286316,0.14129050076007843,0.21890462934970856,213776,49,4,False,Left,Back,Right,Left,60
<_io.BytesIO object at 0x000001DA0BCB6360>,0.5335749387741089,0.14445415139198303,0.14523698389530182,213776,49,4,False,Left,Back,Right,Left,60
<_io.BytesIO object at 0x000001DA0BCB6310>,0.5347307324409485,0.06031528115272522,0.19565296173095703,213776,49,4,False,Left,Back,Right,Left,60
<_io.BytesIO object at 0x000001DA0BC9E860>,0.560687780380249,0.12281906604766846,0.1642749309539795,213777,49,4,False,Left,Back,Right,Left,60
<_io.BytesIO object at 0x000001DA0BC9E4A0>,0.559068500995636,0.08106701821088791,0.14523890614509583,213777,49,4,False,Left,Back,Right,Left,60
<_io.BytesIO object at 0x000001DA0BC9E1D0>,0.4961954951286316,0.14129050076007843,0.21890462934970856,213777,49,4,False,Left,Back,Right,Left,60
<_io.BytesIO object at 0x000001DA0BC9ECC0>,0.5335749387741089,0.14445415139198303,0.14523698389530182,213777,49,4,False,Left,Back,Right,Left,60
<_io.BytesIO object at 0x000001DA0BC9E3B0>,0.5347307324409485,0.06031528115272522,0.19565296173095703,213777,49,4,False,Left,Back,Right,Left,60
<_io.BytesIO object at 0x000001DA0BC95540>,0.560687780380249,0.12281906604766846,0.1642749309539795,213778,49,4,False,Left,Back,Right,Left,60
<_io.BytesIO object at 0x000001DA0BC95680>,0.559068500995636,0.08106701821088791,0.14523890614509583,213778,49,4,False,Left,Back,Right,Left,60
<_io.BytesIO object at 0x000001DA0BC958B0>,0.4961954951286316,0.14129050076007843,0.21890462934970856,213778,49,4,False,Left,Back,Right,Left,60
<_io.BytesIO object at 0x000001DA0BC95590>,0.5335749387741089,0.14445415139198303,0.14523698389530182,213778,49,4,False,Left,Back,Right,Left,60
<_io.BytesIO object at 0x000001DA0BC95BD0>,0.5347307324409485,0.06031528115272522,0.19565296173095703,213778,49,4,False,Left,Back,Right,Left,60
<_io.BytesIO object at 0x000001DA0BC801D0>,0.560687780380249,0.12281906604766846,0.1642749309539795,213779,49,4,False,Left,Back,Right,Left,60
<_io.BytesIO object at 0x000001DA0BC80040>,0.559068500995636,0.08106701821088791,0.14523890614509583,213779,49,4,False,Left,Back,Right,Left,60
<_io.BytesIO object at 0x000001DA0BCB63B0>,0.4961954951286316,0.14129050076007843,0.21890462934970856,213779,49,4,False,Left,Back,Right,Left,60
<_io.BytesIO object at 0x000001DA0BCB60E0>,0.5335749387741089,0.14445415139198303,0.14523698389530182,213779,49,4,False,Left,Back,Right,Left,60
<_io.BytesIO object at 0x000001DA0BCB6C70>,0.5347307324409485,0.06031528115272522,0.19565296173095703,213779,49,4,False,Left,Back,Right,Left,60
<_io.BytesIO object at 0x000001DA0EA1B8B0>,0.560687780380249,0.12281906604766846,0.1642749309539795,213780,49,4,False,Left,Back,Right,Left,60
<_io.BytesIO object at 0x000001DA0BC81B30>,0.559068500995636,0.08106701821088791,0.14523890614509583,213780,49,4,False,Left,Back,Right,Left,60
<_io.BytesIO object at 0x000001DA0BC81590>,0.4961954951286316,0.14129050076007843,0.21890462934970856,213780,49,4,False,Left,Back,Right,Left,60
<_io.BytesIO object at 0x000001DA0BC81D60>,0.5335749387741089,0.14445415139198303,0.14523698389530182,213780,49,4,False,Left,Back,Right,Left,60
<_io.BytesIO object at 0x000001DA0BC81720>,0.5347307324409485,0.06031528115272522,0.19565296173095703,213780,49,4,False,Left,Back,Right,Left,60
<_io.BytesIO object at 0x000001DA0EA1C810>,0.560687780380249,0.12281906604766846,0.1642749309539795,213781,49,4,False,Left,Back,Right,Left,60
<_io.BytesIO object at 0x000001DA0BC831D0>,0.559068500995636,0.08106701821088791,0.14523890614509583,213781,49,4,False,Left,Back,Right,Left,60
<_io.BytesIO object at 0x000001DA0BC83F40>,0.4961954951286316,0.14129050076007843,0.21890462934970856,213781,49,4,False,Left,Back,Right,Left,60
<_io.BytesIO object at 0x000001DA0BC83D60>,0.5335749387741089,0.14445415139198303,0.14523698389530182,213781,49,4,False,Left,Back,Right,Left,60
<_io.BytesIO object at 0x000001DA0BC837C0>,0.5347307324409485,0.06031528115272522,0.19565296173095703,213781,49,4,False,Left,Back,Right,Left,60
<_io.BytesIO object at 0x000001DA0BC93270>,0.560687780380249,0.12281906604766846,0.1642749309539795,213782,49,4,False,Left,Back,Right,Left,60
<_io.BytesIO object at 0x000001DA0BCF2CC0>,0.559068500995636,0.08106701821088791,0.14523890614509583,213782,49,4,False,Left,Back,Right,Left,60
<_io.BytesIO object at 0x000001DA0BCF2040>,0.4961954951286316,0.14129050076007843,0.21890462934970856,213782,49,4,False,Left,Back,Right,Left,60
<_io.BytesIO object at 0x000001DA0BCF2AE0>,0.5335749387741089,0.14445415139198303,0.14523698389530182,213782,49,4,False,Left,Back,Right,Left,60
<_io.BytesIO object at 0x000001DA0BCF28B0>,0.5347307324409485,0.06031528115272522,0.19565296173095703,213782,49,4,False,Left,Back,Right,Left,60
<_io.BytesIO object at 0x000001DA0EA3F4F0>,0.560687780380249,0.12281906604766846,0.1642749309539795,213783,49,4,False,Left,Back,Right,Left,60
<_io.BytesIO object at 0x000001DA0BCF28B0>,0.559068500995636,0.08106701821088791,0.14523890614509583,213783,49,4,False,Left,Back,Right,Left,60
<_io.BytesIO object at 0x000001DA0BCF2A40>,0.4961954951286316,0.14129050076007843,0.21890462934970856,213783,49,4,False,Left,Back,Right,Left,60
<_io.BytesIO object at 0x000001DA0BCF2720>,0.5335749387741089,0.14445415139198303,0.14523698389530182,213783,49,4,False,Left,Back,Right,Left,60
<_io.BytesIO object at 0x000001DA0BC934A0>,0.5347307324409485,0.06031528115272522,0.19565296173095703,213783,49,4,False,Left,Back,Right,Left,60
<_io.BytesIO object at 0x000001DA0BCBE720>,0.560687780380249,0.12281906604766846,0.1642749309539795,213784,49,4,False,Left,Back,Right,Left,60
<_io.BytesIO object at 0x000001DA0BC836D0>,0.559068500995636,0.08106701821088791,0.14523890614509583,213784,49,4,False,Left,Back,Right,Left,60
<_io.BytesIO object at 0x000001DA0BC831D0>,0.4961954951286316,0.14129050076007843,0.21890462934970856,213784,49,4,False,Left,Back,Right,Left,60
<_io.BytesIO object at 0x000001DA0BC839A0>,0.5335749387741089,0.14445415139198303,0.14523698389530182,213784,49,4,False,Left,Back,Right,Left,60
<_io.BytesIO object at 0x000001DA0EA1C630>,0.5347307324409485,0.06031528115272522,0.19565296173095703,213784,49,4,False,Left,Back,Right,Left,60
<_io.BytesIO object at 0x000001DA0BC81680>,0.560687780380249,0.12281906604766846,0.1642749309539795,213785,49,4,False,Left,Back,Right,Left,60
<_io.BytesIO object at 0x000001DA0BC81310>,0.559068500995636,0.08106701821088791,0.14523890614509583,213785,49,4,False,Left,Back,Right,Left,60
<_io.BytesIO object at 0x000001DA0BC81590>,0.4961954951286316,0.14129050076007843,0.21890462934970856,213785,49,4,False,Left,Back,Right,Left,60
<_io.BytesIO object at 0x000001DA0BC815E0>,0.5335749387741089,0.14445415139198303,0.14523698389530182,213785,49,4,False,Left,Back,Right,Left,60
<_io.BytesIO object at 0x000001DA0BC81C70>,0.5347307324409485,0.06031528115272522,0.19565296173095703,213785,49,4,False,Left,Back,Right,Left,60
<_io.BytesIO object at 0x000001DA0BCB6D60>,0.560687780380249,0.12281906604766846,0.1642749309539795,213786,49,4,False,Left,Back,Right,Left,60
<_io.BytesIO object at 0x000001DA0BCB6BD0>,0.559068500995636,0.08106701821088791,0.14523890614509583,213786,49,4,False,Left,Back,Right,Left,60
<_io.BytesIO object at 0x000001DA0BCB60E0>,0.4961954951286316,0.14129050076007843,0.21890462934970856,213786,49,4,False,Left,Back,Right,Left,60
<_io.BytesIO object at 0x000001DA0BCB6DB0>,0.5335749387741089,0.14445415139198303,0.14523698389530182,213786,49,4,False,Left,Back,Right,Left,60
<_io.BytesIO object at 0x000001DA0BCB68B0>,0.5347307324409485,0.06031528115272522,0.19565296173095703,213786,49,4,False,Left,Back,Right,Left,60
<_io.BytesIO object at 0x000001DA0BC9E7C0>,0.560687780380249,0.12281906604766846,0.1642749309539795,213787,49,4,False,Left,Back,Right,Left,60
<_io.BytesIO object at 0x000001DA0BC9E270>,0.559068500995636,0.08106701821088791,0.14523890614509583,213787,49,4,False,Left,Back,Right,Left,60
<_io.BytesIO object at 0x000001DA0BC95900>,0.4961954951286316,0.14129050076007843,0.21890462934970856,213787,49,4,False,Left,Back,Right,Left,60
<_io.BytesIO object at 0x000001DA0BC95E00>,0.5335749387741089,0.14445415139198303,0.14523698389530182,213787,49,4,False,Left,Back,Right,Left,60
<_io.BytesIO object at 0x000001DA0BC9ECC0>,0.5347307324409485,0.06031528115272522,0.19565296173095703,213787,49,4,False,Left,Back,Right,Left,60
<_io.BytesIO object at 0x000001DA0BCB6A40>,0.560687780380249,0.12281906604766846,0.1642749309539795,213788,49,4,False,Left,Back,Right,Left,60
<_io.BytesIO object at 0x000001DA0BCB60E0>,0.559068500995636,0.08106701821088791,0.14523890614509583,213788,49,4,False,Left,Back,Right,Left,60
<_io.BytesIO object at 0x000001DA0BCB6900>,0.4961954951286316,0.14129050076007843,0.21890462934970856,213788,49,4,False,Left,Back,Right,Left,60
<_io.BytesIO object at 0x000001DA0BCB69A0>,0.5335749387741089,0.14445415139198303,0.14523698389530182,213788,49,4,False,Left,Back,Right,Left,60
<_io.BytesIO object at 0x000001DA0BCB6450>,0.5347307324409485,0.06031528115272522,0.19565296173095703,213788,49,4,False,Left,Back,Right,Left,60
<_io.BytesIO object at 0x000001DA0EA1BF90>,0.560687780380249,0.12281906604766846,0.1642749309539795,213789,49,4,False,Left,Back,Right,Left,60
<_io.BytesIO object at 0x000001DA0BC81590>,0.559068500995636,0.08106701821088791,0.14523890614509583,213789,49,4,False,Left,Back,Right,Left,60
<_io.BytesIO object at 0x000001DA0BC819F0>,0.4961954951286316,0.14129050076007843,0.21890462934970856,213789,49,4,False,Left,Back,Right,Left,60
<_io.BytesIO object at 0x000001DA0BC81CC0>,0.5335749387741089,0.14445415139198303,0.14523698389530182,213789,49,4,False,Left,Back,Right,Left,60
<_io.BytesIO object at 0x000001DA0BC81860>,0.5347307324409485,0.06031528115272522,0.19565296173095703,213789,49,4,False,Left,Back,Right,Left,60
<_io.BytesIO object at 0x000001DA0EA1C220>,0.560687780380249,0.12281906604766846,0.1642749309539795,213790,49,4,False,Left,Back,Right,Left,60
<_io.BytesIO object at 0x000001DA0BC831D0>,0.559068500995636,0.08106701821088791,0.14523890614509583,213790,49,4,False,Left,Back,Right,Left,60
<_io.BytesIO object at 0x000001DA0BC83270>,0.4961954951286316,0.14129050076007843,0.21890462934970856,213790,49,4,False,Left,Back,Right,Left,60
<_io.BytesIO object at 0x000001DA0BC839F0>,0.5335749387741089,0.14445415139198303,0.14523698389530182,213790,49,4,False,Left,Back,Right,Left,60
<_io.BytesIO object at 0x000001DA0BC83180>,0.5347307324409485,0.06031528115272522,0.19565296173095703,213790,49,4,False,Left,Back,Right,Left,60
<_io.BytesIO object at 0x000001DA0BCBE720>,0.560687780380249,0.12281906604766846,0.1642749309539795,213791,49,4,False,Left,Back,Right,Left,60
<_io.BytesIO object at 0x000001DA0BCBE450>,0.559068500995636,0.08106701821088791,0.14523890614509583,213791,49,4,False,Left,Back,Right,Left,60
<_io.BytesIO object at 0x000001DA0BCBED10>,0.4961954951286316,0.14129050076007843,0.21890462934970856,213791,49,4,False,Left,Back,Right,Left,60
<_io.BytesIO object at 0x000001DA0BCBED60>,0.5335749387741089,0.14445415139198303,0.14523698389530182,213791,49,4,False,Left,Back,Right,Left,60
<_io.BytesIO object at 0x000001DA0BCBEC20>,0.5347307324409485,0.06031528115272522,0.19565296173095703,213791,49,4,False,Left,Back,Right,Left,60
<_io.BytesIO object at 0x000001DA0EA3F8B0>,0.560687780380249,0.12281906604766846,0.1642749309539795,213792,49,4,False,Left,Back,Right,Left,60
<_io.BytesIO object at 0x000001DA0EA3F220>,0.559068500995636,0.08106701821088791,0.14523890614509583,213792,49,4,False,Left,Back,Right,Left,60
<_io.BytesIO object at 0x000001DA0EA3FAE0>,0.4961954951286316,0.14129050076007843,0.21890462934970856,213792,49,4,False,Left,Back,Right,Left,60
<_io.BytesIO object at 0x000001DA0EA3FE50>,0.5335749387741089,0.14445415139198303,0.14523698389530182,213792,49,4,False,Left,Back,Right,Left,60
<_io.BytesIO object at 0x000001DA0BCBE770>,0.5347307324409485,0.06031528115272522,0.19565296173095703,213792,49,4,False,Left,Back,Right,Left,60
<_io.BytesIO object at 0x000001DA0BC934F0>,0.560687780380249,0.12281906604766846,0.1642749309539795,213793,49,4,False,Left,Back,Right,Left,60
<_io.BytesIO object at 0x000001DA0BC931D0>,0.559068500995636,0.08106701821088791,0.14523890614509583,213793,49,4,False,Left,Back,Right,Left,60
<_io.BytesIO object at 0x000001DA0BC93450>,0.4961954951286316,0.14129050076007843,0.21890462934970856,213793,49,4,False,Left,Back,Right,Left,60
<_io.BytesIO object at 0x000001DA0BC938B0>,0.5335749387741089,0.14445415139198303,0.14523698389530182,213793,49,4,False,Left,Back,Right,Left,60
<_io.BytesIO object at 0x000001DA0BC83180>,0.5347307324409485,0.06031528115272522,0.19565296173095703,213793,49,4,False,Left,Back,Right,Left,60
<_io.BytesIO object at 0x000001DA0EA17180>,0.560687780380249,0.12281906604766846,0.1642749309539795,213794,49,4,False,Left,Back,Right,Left,60
<_io.BytesIO object at 0x000001DA0EA17F90>,0.559068500995636,0.08106701821088791,0.14523890614509583,213794,49,4,False,Left,Back,Right,Left,60
<_io.BytesIO object at 0x000001DA0EA17A40>,0.4961954951286316,0.14129050076007843,0.21890462934970856,213794,49,4,False,Left,Back,Right,Left,60
<_io.BytesIO object at 0x000001DA0BC81040>,0.5335749387741089,0.14445415139198303,0.14523698389530182,213794,49,4,False,Left,Back,Right,Left,60
<_io.BytesIO object at 0x000001DA0BC81860>,0.5347307324409485,0.06031528115272522,0.19565296173095703,213794,49,4,False,Left,Back,Right,Left,60
<_io.BytesIO object at 0x000001DA0BCE7360>,0.560687780380249,0.12281906604766846,0.1642749309539795,213795,49,4,False,Left,Back,Right,Left,60
<_io.BytesIO object at 0x000001DA0BCE70E0>,0.559068500995636,0.08106701821088791,0.14523890614509583,213795,49,4,False,Left,Back,Right,Left,60
<_io.BytesIO object at 0x000001DA0BCE7180>,0.4961954951286316,0.14129050076007843,0.21890462934970856,213795,49,4,False,Left,Back,Right,Left,60
<_io.BytesIO object at 0x000001DA0BCB6D10>,0.5335749387741089,0.14445415139198303,0.14523698389530182,213795,49,4,False,Left,Back,Right,Left,60
<_io.BytesIO object at 0x000001DA0BCB6450>,0.5347307324409485,0.06031528115272522,0.19565296173095703,213795,49,4,False,Left,Back,Right,Left,60
<_io.BytesIO object at 0x000001DA7EFF5400>,0.560687780380249,0.12281906604766846,0.1642749309539795,213796,49,4,False,Left,Back,Right,Left,60
<_io.BytesIO object at 0x000001DA0BC9EB30>,0.559068500995636,0.08106701821088791,0.14523890614509583,213796,49,4,False,Left,Back,Right,Left,60
<_io.BytesIO object at 0x000001DA0BC9E590>,0.4961954951286316,0.14129050076007843,0.21890462934970856,213796,49,4,False,Left,Back,Right,Left,60
<_io.BytesIO object at 0x000001DA0BC9EC70>,0.5335749387741089,0.14445415139198303,0.14523698389530182,213796,49,4,False,Left,Back,Right,Left,60
<_io.BytesIO object at 0x000001DA0BC9E720>,0.5347307324409485,0.06031528115272522,0.19565296173095703,213796,49,4,False,Left,Back,Right,Left,60
<_io.BytesIO object at 0x000001DA0BC9E090>,0.560687780380249,0.12281906604766846,0.1642749309539795,213797,49,4,False,Left,Back,Right,Left,60
<_io.BytesIO object at 0x000001DA0BC9EC70>,0.559068500995636,0.08106701821088791,0.14523890614509583,213797,49,4,False,Left,Back,Right,Left,60
<_io.BytesIO object at 0x000001DA0BC9E400>,0.4961954951286316,0.14129050076007843,0.21890462934970856,213797,49,4,False,Left,Back,Right,Left,60
<_io.BytesIO object at 0x000001DA0BC9E540>,0.5335749387741089,0.14445415139198303,0.14523698389530182,213797,49,4,False,Left,Back,Right,Left,60
<_io.BytesIO object at 0x000001DA0BC9EEF0>,0.5347307324409485,0.06031528115272522,0.19565296173095703,213797,49,4,False,Left,Back,Right,Left,60
<_io.BytesIO object at 0x000001DA0BCB69A0>,0.560687780380249,0.12281906604766846,0.1642749309539795,213798,49,4,False,Left,Back,Right,Left,60
<_io.BytesIO object at 0x000001DA0BCE7540>,0.559068500995636,0.08106701821088791,0.14523890614509583,213798,49,4,False,Left,Back,Right,Left,60
<_io.BytesIO object at 0x000001DA0BCE7900>,0.4961954951286316,0.14129050076007843,0.21890462934970856,213798,49,4,False,Left,Back,Right,Left,60
<_io.BytesIO object at 0x000001DA0BCE7310>,0.5335749387741089,0.14445415139198303,0.14523698389530182,213798,49,4,False,Left,Back,Right,Left,60
<_io.BytesIO object at 0x000001DA0BCE7F90>,0.5347307324409485,0.06031528115272522,0.19565296173095703,213798,49,4,False,Left,Back,Right,Left,60
<_io.BytesIO object at 0x000001DA0BC81CC0>,0.560687780380249,0.12281906604766846,0.1642749309539795,213799,49,4,False,Left,Back,Right,Left,60
<_io.BytesIO object at 0x000001DA0BC81D10>,0.559068500995636,0.08106701821088791,0.14523890614509583,213799,49,4,False,Left,Back,Right,Left,60
<_io.BytesIO object at 0x000001DA0EA17040>,0.4961954951286316,0.14129050076007843,0.21890462934970856,213799,49,4,False,Left,Back,Right,Left,60
<_io.BytesIO object at 0x000001DA0EA17090>,0.5335749387741089,0.14445415139198303,0.14523698389530182,213799,49,4,False,Left,Back,Right,Left,60
<_io.BytesIO object at 0x000001DA0EA175E0>,0.5347307324409485,0.06031528115272522,0.19565296173095703,213799,49,4,False,Left,Back,Right,Left,60
<_io.BytesIO object at 0x000001DA0BC839F0>,0.560687780380249,0.12281906604766846,0.1642749309539795,213800,49,4,False,Left,Back,Right,Left,60
<_io.BytesIO object at 0x000001DA0BC93D60>,0.559068500995636,0.08106701821088791,0.14523890614509583,213800,49,4,False,Left,Back,Right,Left,60
<_io.BytesIO object at 0x000001DA0BC93B30>,0.4961954951286316,0.14129050076007843,0.21890462934970856,213800,49,4,False,Left,Back,Right,Left,60
<_io.BytesIO object at 0x000001DA0BC93E00>,0.5335749387741089,0.14445415139198303,0.14523698389530182,213800,49,4,False,Left,Back,Right,Left,60
<_io.BytesIO object at 0x000001DA0BC93950>,0.5347307324409485,0.06031528115272522,0.19565296173095703,213800,49,4,False,Left,Back,Right,Left,60
<_io.BytesIO object at 0x000001DA0BCBE0E0>,0.560687780380249,0.12281906604766846,0.1642749309539795,213801,49,4,False,Left,Back,Right,Left,60
<_io.BytesIO object at 0x000001DA0EA3F450>,0.559068500995636,0.08106701821088791,0.14523890614509583,213801,49,4,False,Left,Back,Right,Left,60
<_io.BytesIO object at 0x000001DA0EA3F4F0>,0.4961954951286316,0.14129050076007843,0.21890462934970856,213801,49,4,False,Left,Back,Right,Left,60
<_io.BytesIO object at 0x000001DA0EA3FCC0>,0.5335749387741089,0.14445415139198303,0.14523698389530182,213801,49,4,False,Left,Back,Right,Left,60
<_io.BytesIO object at 0x000001DA0BCF23B0>,0.5347307324409485,0.06031528115272522,0.19565296173095703,213801,49,4,False,Left,Back,Right,Left,60
<_io.BytesIO object at 0x000001DA0BC83810>,0.560687780380249,0.12281906604766846,0.1642749309539795,213802,49,4,False,Left,Back,Right,Left,60
<_io.BytesIO object at 0x000001DA0BC837C0>,0.559068500995636,0.08106701821088791,0.14523890614509583,213802,49,4,False,Left,Back,Right,Left,60
<_io.BytesIO object at 0x000001DA0EA1C6D0>,0.4961954951286316,0.14129050076007843,0.21890462934970856,213802,49,4,False,Left,Back,Right,Left,60
<_io.BytesIO object at 0x000001DA0EA1CAE0>,0.5335749387741089,0.14445415139198303,0.14523698389530182,213802,49,4,False,Left,Back,Right,Left,60
<_io.BytesIO object at 0x000001DA0EA1CC20>,0.5347307324409485,0.06031528115272522,0.19565296173095703,213802,49,4,False,Left,Back,Right,Left,60
<_io.BytesIO object at 0x000001DA0BC81EA0>,0.560687780380249,0.12281906604766846,0.1642749309539795,213803,49,4,False,Left,Back,Right,Left,60
<_io.BytesIO object at 0x000001DA0BC81A90>,0.559068500995636,0.08106701821088791,0.14523890614509583,213803,49,4,False,Left,Back,Right,Left,60
<_io.BytesIO object at 0x000001DA0EA1BF90>,0.4961954951286316,0.14129050076007843,0.21890462934970856,213803,49,4,False,Left,Back,Right,Left,60
<_io.BytesIO object at 0x000001DA0EA1BA90>,0.5335749387741089,0.14445415139198303,0.14523698389530182,213803,49,4,False,Left,Back,Right,Left,60
<_io.BytesIO object at 0x000001DA0EA1B770>,0.5347307324409485,0.06031528115272522,0.19565296173095703,213803,49,4,False,Left,Back,Right,Left,60
<_io.BytesIO object at 0x000001DA0BCB6270>,0.560687780380249,0.12281906604766846,0.1642749309539795,213804,49,4,False,Left,Back,Right,Left,60
<_io.BytesIO object at 0x000001DA0BCB68B0>,0.559068500995636,0.08106701821088791,0.14523890614509583,213804,49,4,False,Left,Back,Right,Left,60
<_io.BytesIO object at 0x000001DA0BC800E0>,0.4961954951286316,0.14129050076007843,0.21890462934970856,213804,49,4,False,Left,Back,Right,Left,60
<_io.BytesIO object at 0x000001DA0BC801D0>,0.5335749387741089,0.14445415139198303,0.14523698389530182,213804,49,4,False,Left,Back,Right,Left,60
<_io.BytesIO object at 0x000001DA0BC808B0>,0.5347307324409485,0.06031528115272522,0.19565296173095703,213804,49,4,False,Left,Back,Right,Left,60
<_io.BytesIO object at 0x000001DA0BCBE860>,0.560687780380249,0.12281906604766846,0.1642749309539795,213805,49,4,False,Left,Back,Right,Left,60
<_io.BytesIO object at 0x000001DA0BCBE310>,0.559068500995636,0.08106701821088791,0.14523890614509583,213805,49,4,False,Left,Back,Right,Left,60
<_io.BytesIO object at 0x000001DA0BCBEA90>,0.4961954951286316,0.14129050076007843,0.21890462934970856,213805,49,4,False,Left,Back,Right,Left,60
<_io.BytesIO object at 0x000001DA0BCBEF40>,0.5335749387741089,0.14445415139198303,0.14523698389530182,213805,49,4,False,Left,Back,Right,Left,60
<_io.BytesIO object at 0x000001DA0BCBE1D0>,0.5347307324409485,0.06031528115272522,0.19565296173095703,213805,49,4,False,Left,Back,Right,Left,60
<_io.BytesIO object at 0x000001DA0BC95CC0>,0.560687780380249,0.12281906604766846,0.1642749309539795,213806,49,4,False,Left,Back,Right,Left,60
<_io.BytesIO object at 0x000001DA0BC95B30>,0.559068500995636,0.08106701821088791,0.14523890614509583,213806,49,4,False,Left,Back,Right,Left,60
<_io.BytesIO object at 0x000001DA0BC95F90>,0.4961954951286316,0.14129050076007843,0.21890462934970856,213806,49,4,False,Left,Back,Right,Left,60
<_io.BytesIO object at 0x000001DA0BCBE220>,0.5335749387741089,0.14445415139198303,0.14523698389530182,213806,49,4,False,Left,Back,Right,Left,60
<_io.BytesIO object at 0x000001DA0BCBEE50>,0.5347307324409485,0.06031528115272522,0.19565296173095703,213806,49,4,False,Left,Back,Right,Left,60
<_io.BytesIO object at 0x000001DA0BC9E450>,0.560687780380249,0.12281906604766846,0.1642749309539795,213807,49,4,False,Left,Back,Right,Left,60
<_io.BytesIO object at 0x000001DA0BC80720>,0.559068500995636,0.08106701821088791,0.14523890614509583,213807,49,4,False,Left,Back,Right,Left,60
<_io.BytesIO object at 0x000001DA0BC808B0>,0.4961954951286316,0.14129050076007843,0.21890462934970856,213807,49,4,False,Left,Back,Right,Left,60
<_io.BytesIO object at 0x000001DA0BC80310>,0.5335749387741089,0.14445415139198303,0.14523698389530182,213807,49,4,False,Left,Back,Right,Left,60
<_io.BytesIO object at 0x000001DA0BC80C20>,0.5347307324409485,0.06031528115272522,0.19565296173095703,213807,49,4,False,Left,Back,Right,Left,60
<_io.BytesIO object at 0x000001DA0BCE7040>,0.560687780380249,0.12281906604766846,0.1642749309539795,213808,49,4,False,Left,Back,Right,Left,60
<_io.BytesIO object at 0x000001DA0EA1B950>,0.559068500995636,0.08106701821088791,0.14523890614509583,213808,49,4,False,Left,Back,Right,Left,60
<_io.BytesIO object at 0x000001DA0EA1B7C0>,0.4961954951286316,0.14129050076007843,0.21890462934970856,213808,49,4,False,Left,Back,Right,Left,60
<_io.BytesIO object at 0x000001DA0EA1B900>,0.5335749387741089,0.14445415139198303,0.14523698389530182,213808,49,4,False,Left,Back,Right,Left,60
<_io.BytesIO object at 0x000001DA0BC81310>,0.5347307324409485,0.06031528115272522,0.19565296173095703,213808,49,4,False,Left,Back,Right,Left,60
<_io.BytesIO object at 0x000001DA0EA1C4A0>,0.560687780380249,0.12281906604766846,0.1642749309539795,213809,49,4,False,Left,Back,Right,Left,60
<_io.BytesIO object at 0x000001DA0EA1C360>,0.559068500995636,0.08106701821088791,0.14523890614509583,213809,49,4,False,Left,Back,Right,Left,60
<_io.BytesIO object at 0x000001DA0EA1C6D0>,0.4961954951286316,0.14129050076007843,0.21890462934970856,213809,49,4,False,Left,Back,Right,Left,60
<_io.BytesIO object at 0x000001DA0EA1C3B0>,0.5335749387741089,0.14445415139198303,0.14523698389530182,213809,49,4,False,Left,Back,Right,Left,60
<_io.BytesIO object at 0x000001DA7EFE7C20>,0.5347307324409485,0.06031528115272522,0.19565296173095703,213809,49,4,False,Left,Back,Right,Left,60
<_io.BytesIO object at 0x000001DA0BCF2EA0>,0.560687780380249,0.12281906604766846,0.1642749309539795,213810,49,4,False,Left,Back,Right,Left,60
<_io.BytesIO object at 0x000001DA0BCF2E00>,0.559068500995636,0.08106701821088791,0.14523890614509583,213810,49,4,False,Left,Back,Right,Left,60
<_io.BytesIO object at 0x000001DA0EA3F590>,0.4961954951286316,0.14129050076007843,0.21890462934970856,213810,49,4,False,Left,Back,Right,Left,60
<_io.BytesIO object at 0x000001DA0EA3F180>,0.5335749387741089,0.14445415139198303,0.14523698389530182,213810,49,4,False,Left,Back,Right,Left,60
<_io.BytesIO object at 0x000001DA0EA3F5E0>,0.5347307324409485,0.06031528115272522,0.19565296173095703,213810,49,4,False,Left,Back,Right,Left,60
<_io.BytesIO object at 0x000001DA0BCF2450>,0.560687780380249,0.12281906604766846,0.1642749309539795,213811,49,4,False,Left,Back,Right,Left,60
<_io.BytesIO object at 0x000001DA0BCF2D60>,0.559068500995636,0.08106701821088791,0.14523890614509583,213811,49,4,False,Left,Back,Right,Left,60
<_io.BytesIO object at 0x000001DA0BC93C20>,0.4961954951286316,0.14129050076007843,0.21890462934970856,213811,49,4,False,Left,Back,Right,Left,60
<_io.BytesIO object at 0x000001DA0BC93D10>,0.5335749387741089,0.14445415139198303,0.14523698389530182,213811,49,4,False,Left,Back,Right,Left,60
<_io.BytesIO object at 0x000001DA0BC931D0>,0.5347307324409485,0.06031528115272522,0.19565296173095703,213811,49,4,False,Left,Back,Right,Left,60
<_io.BytesIO object at 0x000001DA0EA1C720>,0.560687780380249,0.12281906604766846,0.1642749309539795,213812,49,4,False,Left,Back,Right,Left,60
<_io.BytesIO object at 0x000001DA0EA179F0>,0.559068500995636,0.08106701821088791,0.14523890614509583,213812,49,4,False,Left,Back,Right,Left,60
<_io.BytesIO object at 0x000001DA0EA17D60>,0.4961954951286316,0.14129050076007843,0.21890462934970856,213812,49,4,False,Left,Back,Right,Left,60
<_io.BytesIO object at 0x000001DA0EA17F90>,0.5335749387741089,0.14445415139198303,0.14523698389530182,213812,49,4,False,Left,Back,Right,Left,60
<_io.BytesIO object at 0x000001DA0EA17040>,0.5347307324409485,0.06031528115272522,0.19565296173095703,213812,49,4,False,Left,Back,Right,Left,60
<_io.BytesIO object at 0x000001DA0BCE7590>,0.560687780380249,0.12281906604766846,0.1642749309539795,213813,49,4,False,Left,Back,Right,Left,60
<_io.BytesIO object at 0x000001DA0BCE72C0>,0.559068500995636,0.08106701821088791,0.14523890614509583,213813,49,4,False,Left,Back,Right,Left,60
<_io.BytesIO object at 0x000001DA0BCB6D10>,0.4961954951286316,0.14129050076007843,0.21890462934970856,213813,49,4,False,Left,Back,Right,Left,60
<_io.BytesIO object at 0x000001DA0BCB62C0>,0.5335749387741089,0.14445415139198303,0.14523698389530182,213813,49,4,False,Left,Back,Right,Left,60
<_io.BytesIO object at 0x000001DA0BCB6EF0>,0.5347307324409485,0.06031528115272522,0.19565296173095703,213813,49,4,False,Left,Back,Right,Left,60
<_io.BytesIO object at 0x000001DA0EA1B7C0>,0.560687780380249,0.12281906604766846,0.1642749309539795,213814,49,4,False,Left,Back,Right,Left,60
<_io.BytesIO object at 0x000001DA0EA1B590>,0.559068500995636,0.08106701821088791,0.14523890614509583,213814,49,4,False,Left,Back,Right,Left,60
<_io.BytesIO object at 0x000001DA0BC9E1D0>,0.4961954951286316,0.14129050076007843,0.21890462934970856,213814,49,4,False,Left,Back,Right,Left,60
<_io.BytesIO object at 0x000001DA0BC9EEA0>,0.5335749387741089,0.14445415139198303,0.14523698389530182,213814,49,4,False,Left,Back,Right,Left,60
<_io.BytesIO object at 0x000001DA0BC9E400>,0.5347307324409485,0.06031528115272522,0.19565296173095703,213814,49,4,False,Left,Back,Right,Left,60
<_io.BytesIO object at 0x000001DA0BC9E0E0>,0.560687780380249,0.12281906604766846,0.1642749309539795,213815,49,4,False,Left,Back,Right,Left,60
<_io.BytesIO object at 0x000001DA0BC9E5E0>,0.559068500995636,0.08106701821088791,0.14523890614509583,213815,49,4,False,Left,Back,Right,Left,60
<_io.BytesIO object at 0x000001DA0BC9E180>,0.4961954951286316,0.14129050076007843,0.21890462934970856,213815,49,4,False,Left,Back,Right,Left,60
<_io.BytesIO object at 0x000001DA0BC9E770>,0.5335749387741089,0.14445415139198303,0.14523698389530182,213815,49,4,False,Left,Back,Right,Left,60
<_io.BytesIO object at 0x000001DA0BC9E400>,0.5347307324409485,0.06031528115272522,0.19565296173095703,213815,49,4,False,Left,Back,Right,Left,60
<_io.BytesIO object at 0x000001DA0BC80270>,0.560687780380249,0.12281906604766846,0.1642749309539795,213816,49,4,False,Left,Back,Right,Left,60
<_io.BytesIO object at 0x000001DA0BCB6EA0>,0.559068500995636,0.08106701821088791,0.14523890614509583,213816,49,4,False,Left,Back,Right,Left,60
<_io.BytesIO object at 0x000001DA0BCB67C0>,0.4961954951286316,0.14129050076007843,0.21890462934970856,213816,49,4,False,Left,Back,Right,Left,60
<_io.BytesIO object at 0x000001DA0BCB6DB0>,0.5335749387741089,0.14445415139198303,0.14523698389530182,213816,49,4,False,Left,Back,Right,Left,60
<_io.BytesIO object at 0x000001DA0BCB6040>,0.5347307324409485,0.06031528115272522,0.19565296173095703,213816,49,4,False,Left,Back,Right,Left,60
<_io.BytesIO object at 0x000001DA0BC81860>,0.560687780380249,0.12281906604766846,0.1642749309539795,213817,49,4,False,Left,Back,Right,Left,60
<_io.BytesIO object at 0x000001DA0BC811D0>,0.559068500995636,0.08106701821088791,0.14523890614509583,213817,49,4,False,Left,Back,Right,Left,60
<_io.BytesIO object at 0x000001DA0EA1C040>,0.4961954951286316,0.14129050076007843,0.21890462934970856,213817,49,4,False,Left,Back,Right,Left,60
<_io.BytesIO object at 0x000001DA0EA1CDB0>,0.5335749387741089,0.14445415139198303,0.14523698389530182,213817,49,4,False,Left,Back,Right,Left,60
<_io.BytesIO object at 0x000001DA0EA1C400>,0.5347307324409485,0.06031528115272522,0.19565296173095703,213817,49,4,False,Left,Back,Right,Left,60
<_io.BytesIO object at 0x000001DA0BC83310>,0.560687780380249,0.12281906604766846,0.1642749309539795,213818,49,4,False,Left,Back,Right,Left,60
<_io.BytesIO object at 0x000001DA0BC95220>,0.559068500995636,0.08106701821088791,0.14523890614509583,213818,49,4,False,Left,Back,Right,Left,60
<_io.BytesIO object at 0x000001DA0BC95810>,0.4961954951286316,0.14129050076007843,0.21890462934970856,213818,49,4,False,Left,Back,Right,Left,60
<_io.BytesIO object at 0x000001DA0BC95310>,0.5335749387741089,0.14445415139198303,0.14523698389530182,213818,49,4,False,Left,Back,Right,Left,60
<_io.BytesIO object at 0x000001DA0BC95090>,0.5347307324409485,0.06031528115272522,0.19565296173095703,213818,49,4,False,Left,Back,Right,Left,60
<_io.BytesIO object at 0x000001DA0EA3F2C0>,0.560687780380249,0.12281906604766846,0.1642749309539795,213819,49,4,False,Left,Back,Right,Left,60
<_io.BytesIO object at 0x000001DA0BC93DB0>,0.559068500995636,0.08106701821088791,0.14523890614509583,213819,49,4,False,Left,Back,Right,Left,60
<_io.BytesIO object at 0x000001DA0BC93F90>,0.4961954951286316,0.14129050076007843,0.21890462934970856,213819,49,4,False,Left,Back,Right,Left,60
<_io.BytesIO object at 0x000001DA0BC93590>,0.5335749387741089,0.14445415139198303,0.14523698389530182,213819,49,4,False,Left,Back,Right,Left,60
<_io.BytesIO object at 0x000001DA0BC93220>,0.5347307324409485,0.06031528115272522,0.19565296173095703,213819,49,4,False,Left,Back,Right,Left,60
<_io.BytesIO object at 0x000001DA0BC939F0>,0.560687780380249,0.12281906604766846,0.1642749309539795,213820,49,4,False,Left,Back,Right,Left,60
<_io.BytesIO object at 0x000001DA0BC93A40>,0.559068500995636,0.08106701821088791,0.14523890614509583,213820,49,4,False,Left,Back,Right,Left,60
<_io.BytesIO object at 0x000001DA0BC938B0>,0.4961954951286316,0.14129050076007843,0.21890462934970856,213820,49,4,False,Left,Back,Right,Left,60
<_io.BytesIO object at 0x000001DA0BC93F40>,0.5335749387741089,0.14445415139198303,0.14523698389530182,213820,49,4,False,Left,Back,Right,Left,60
<_io.BytesIO object at 0x000001DA0BC93810>,0.5347307324409485,0.06031528115272522,0.19565296173095703,213820,49,4,False,Left,Back,Right,Left,60
<_io.BytesIO object at 0x000001DA0BCBE450>,0.560687780380249,0.12281906604766846,0.1642749309539795,213821,49,4,False,Left,Back,Right,Left,60
<_io.BytesIO object at 0x000001DA0BC95310>,0.559068500995636,0.08106701821088791,0.14523890614509583,213821,49,4,False,Left,Back,Right,Left,60
<_io.BytesIO object at 0x000001DA0BC95130>,0.4961954951286316,0.14129050076007843,0.21890462934970856,213821,49,4,False,Left,Back,Right,Left,60
<_io.BytesIO object at 0x000001DA0BC95AE0>,0.5335749387741089,0.14445415139198303,0.14523698389530182,213821,49,4,False,Left,Back,Right,Left,60
<_io.BytesIO object at 0x000001DA0BC951D0>,0.5347307324409485,0.06031528115272522,0.19565296173095703,213821,49,4,False,Left,Back,Right,Left,60
<_io.BytesIO object at 0x000001DA0EA1CF90>,0.560687780380249,0.12281906604766846,0.1642749309539795,213822,49,4,False,Left,Back,Right,Left,60
<_io.BytesIO object at 0x000001DA0EA1CE00>,0.559068500995636,0.08106701821088791,0.14523890614509583,213822,49,4,False,Left,Back,Right,Left,60
<_io.BytesIO object at 0x000001DA0EA1C720>,0.4961954951286316,0.14129050076007843,0.21890462934970856,213822,49,4,False,Left,Back,Right,Left,60
<_io.BytesIO object at 0x000001DA0BCE7EF0>,0.5335749387741089,0.14445415139198303,0.14523698389530182,213822,49,4,False,Left,Back,Right,Left,60
<_io.BytesIO object at 0x000001DA0BCE7A40>,0.5347307324409485,0.06031528115272522,0.19565296173095703,213822,49,4,False,Left,Back,Right,Left,60
<_io.BytesIO object at 0x000001DA0BC805E0>,0.560687780380249,0.12281906604766846,0.1642749309539795,213823,49,4,False,Left,Back,Right,Left,60
<_io.BytesIO object at 0x000001DA0BC802C0>,0.559068500995636,0.08106701821088791,0.14523890614509583,213823,49,4,False,Left,Back,Right,Left,60
<_io.BytesIO object at 0x000001DA0BC80AE0>,0.4961954951286316,0.14129050076007843,0.21890462934970856,213823,49,4,False,Left,Back,Right,Left,60
<_io.BytesIO object at 0x000001DA0BC81E50>,0.5335749387741089,0.14445415139198303,0.14523698389530182,213823,49,4,False,Left,Back,Right,Left,60
<_io.BytesIO object at 0x000001DA0BC813B0>,0.5347307324409485,0.06031528115272522,0.19565296173095703,213823,49,4,False,Left,Back,Right,Left,60
<_io.BytesIO object at 0x000001DA0EA1B360>,0.560687780380249,0.12281906604766846,0.1642749309539795,213824,49,4,False,Left,Back,Right,Left,60
<_io.BytesIO object at 0x000001DA0EA1B7C0>,0.559068500995636,0.08106701821088791,0.14523890614509583,213824,49,4,False,Left,Back,Right,Left,60
<_io.BytesIO object at 0x000001DA0EA1BBD0>,0.4961954951286316,0.14129050076007843,0.21890462934970856,213824,49,4,False,Left,Back,Right,Left,60
<_io.BytesIO object at 0x000001DA0EA1B6D0>,0.5335749387741089,0.14445415139198303,0.14523698389530182,213824,49,4,False,Left,Back,Right,Left,60
<_io.BytesIO object at 0x000001DA0EA1BA90>,0.5347307324409485,0.06031528115272522,0.19565296173095703,213824,49,4,False,Left,Back,Right,Left,60
<_io.BytesIO object at 0x000001DA0BC80950>,0.560687780380249,0.12281906604766846,0.1642749309539795,213825,49,4,False,Left,Back,Right,Left,60
<_io.BytesIO object at 0x000001DA0BCB6270>,0.559068500995636,0.08106701821088791,0.14523890614509583,213825,49,4,False,Left,Back,Right,Left,60
<_io.BytesIO object at 0x000001DA0BCB6950>,0.4961954951286316,0.14129050076007843,0.21890462934970856,213825,49,4,False,Left,Back,Right,Left,60
<_io.BytesIO object at 0x000001DA0BCB67C0>,0.5335749387741089,0.14445415139198303,0.14523698389530182,213825,49,4,False,Left,Back,Right,Left,60
<_io.BytesIO object at 0x000001DA0BCB6810>,0.5347307324409485,0.06031528115272522,0.19565296173095703,213825,49,4,False,Left,Back,Right,Left,60
<_io.BytesIO object at 0x000001DA0EA1C950>,0.560687780380249,0.12281906604766846,0.1642749309539795,213826,49,4,False,Left,Back,Right,Left,60
<_io.BytesIO object at 0x000001DA0EA1C360>,0.559068500995636,0.08106701821088791,0.14523890614509583,213826,49,4,False,Left,Back,Right,Left,60
<_io.BytesIO object at 0x000001DA0BCF2450>,0.4961954951286316,0.14129050076007843,0.21890462934970856,213826,49,4,False,Left,Back,Right,Left,60
<_io.BytesIO object at 0x000001DA0BCF2680>,0.5335749387741089,0.14445415139198303,0.14523698389530182,213826,49,4,False,Left,Back,Right,Left,60
<_io.BytesIO object at 0x000001DA0BCF24F0>,0.5347307324409485,0.06031528115272522,0.19565296173095703,213826,49,4,False,Left,Back,Right,Left,60
<_io.BytesIO object at 0x000001DA0BC95E00>,0.560687780380249,0.12281906604766846,0.1642749309539795,213827,49,4,False,Left,Back,Right,Left,60
<_io.BytesIO object at 0x000001DA0EA3FA40>,0.559068500995636,0.08106701821088791,0.14523890614509583,213827,49,4,False,Left,Back,Right,Left,60
<_io.BytesIO object at 0x000001DA0EA3F900>,0.4961954951286316,0.14129050076007843,0.21890462934970856,213827,49,4,False,Left,Back,Right,Left,60
<_io.BytesIO object at 0x000001DA0EA3F720>,0.5335749387741089,0.14445415139198303,0.14523698389530182,213827,49,4,False,Left,Back,Right,Left,60
<_io.BytesIO object at 0x000001DA0EA3FB30>,0.5347307324409485,0.06031528115272522,0.19565296173095703,213827,49,4,False,Left,Back,Right,Left,60
<_io.BytesIO object at 0x000001DA0BCBE770>,0.560687780380249,0.12281906604766846,0.1642749309539795,213828,49,4,False,Left,Back,Right,Left,60
<_io.BytesIO object at 0x000001DA0EA17D10>,0.559068500995636,0.08106701821088791,0.14523890614509583,213828,49,4,False,Left,Back,Right,Left,60
<_io.BytesIO object at 0x000001DA0EA17E00>,0.4961954951286316,0.14129050076007843,0.21890462934970856,213828,49,4,False,Left,Back,Right,Left,60
<_io.BytesIO object at 0x000001DA0EA17310>,0.5335749387741089,0.14445415139198303,0.14523698389530182,213828,49,4,False,Left,Back,Right,Left,60
<_io.BytesIO object at 0x000001DA0EA17040>,0.5347307324409485,0.06031528115272522,0.19565296173095703,213828,49,4,False,Left,Back,Right,Left,60
<_io.BytesIO object at 0x000001DA0EA172C0>,0.560687780380249,0.12281906604766846,0.1642749309539795,213829,49,4,False,Left,Back,Right,Left,60
<_io.BytesIO object at 0x000001DA0EA17EF0>,0.559068500995636,0.08106701821088791,0.14523890614509583,213829,49,4,False,Left,Back,Right,Left,60
<_io.BytesIO object at 0x000001DA0EA17270>,0.4961954951286316,0.14129050076007843,0.21890462934970856,213829,49,4,False,Left,Back,Right,Left,60
<_io.BytesIO object at 0x000001DA0EA171D0>,0.5335749387741089,0.14445415139198303,0.14523698389530182,213829,49,4,False,Left,Back,Right,Left,60
<_io.BytesIO object at 0x000001DA0BCBE770>,0.5347307324409485,0.06031528115272522,0.19565296173095703,213829,49,4,False,Left,Back,Right,Left,60
<_io.BytesIO object at 0x000001DA0BC93F90>,0.560687780380249,0.12281906604766846,0.1642749309539795,213830,49,4,False,Left,Back,Right,Left,60
<_io.BytesIO object at 0x000001DA0EA3F720>,0.559068500995636,0.08106701821088791,0.14523890614509583,213830,49,4,False,Left,Back,Right,Left,60
<_io.BytesIO object at 0x000001DA0EA3F7C0>,0.4961954951286316,0.14129050076007843,0.21890462934970856,213830,49,4,False,Left,Back,Right,Left,60
<_io.BytesIO object at 0x000001DA0EA3FE00>,0.5335749387741089,0.14445415139198303,0.14523698389530182,213830,49,4,False,Left,Back,Right,Left,60
<_io.BytesIO object at 0x000001DA0EA3F590>,0.5347307324409485,0.06031528115272522,0.19565296173095703,213830,49,4,False,Left,Back,Right,Left,60
<_io.BytesIO object at 0x000001DA0BCF2540>,0.560687780380249,0.12281906604766846,0.1642749309539795,213831,49,4,False,Left,Back,Right,Left,60
<_io.BytesIO object at 0x000001DA0BCF2B80>,0.559068500995636,0.08106701821088791,0.14523890614509583,213831,49,4,False,Left,Back,Right,Left,60
<_io.BytesIO object at 0x000001DA0BCF2590>,0.4961954951286316,0.14129050076007843,0.21890462934970856,213831,49,4,False,Left,Back,Right,Left,60
<_io.BytesIO object at 0x000001DA0EA1CC20>,0.5335749387741089,0.14445415139198303,0.14523698389530182,213831,49,4,False,Left,Back,Right,Left,60
<_io.BytesIO object at 0x000001DA0EA1CC70>,0.5347307324409485,0.06031528115272522,0.19565296173095703,213831,49,4,False,Left,Back,Right,Left,60
<_io.BytesIO object at 0x000001DA0BCB6040>,0.560687780380249,0.12281906604766846,0.1642749309539795,213833,49,4,False,Left,Back,Right,Left,60
<_io.BytesIO object at 0x000001DA0BCB6DB0>,0.559068500995636,0.08106701821088791,0.14523890614509583,213833,49,4,False,Left,Back,Right,Left,60
<_io.BytesIO object at 0x000001DA0BCB6E00>,0.4961954951286316,0.14129050076007843,0.21890462934970856,213833,49,4,False,Left,Back,Right,Left,60
<_io.BytesIO object at 0x000001DA0BC807C0>,0.5335749387741089,0.14445415139198303,0.14523698389530182,213833,49,4,False,Left,Back,Right,Left,60
<_io.BytesIO object at 0x000001DA0BC80270>,0.5347307324409485,0.06031528115272522,0.19565296173095703,213833,49,4,False,Left,Back,Right,Left,60
<_io.BytesIO object at 0x000001DA7EFF5720>,0.560687780380249,0.12281906604766846,0.1642749309539795,213834,49,4,False,Left,Back,Right,Left,60
<_io.BytesIO object at 0x000001DA7EFF5400>,0.559068500995636,0.08106701821088791,0.14523890614509583,213834,49,4,False,Left,Back,Right,Left,60
<_io.BytesIO object at 0x000001DA7EFF58B0>,0.4961954951286316,0.14129050076007843,0.21890462934970856,213834,49,4,False,Left,Back,Right,Left,60
<_io.BytesIO object at 0x000001DA0BC81E00>,0.5335749387741089,0.14445415139198303,0.14523698389530182,213834,49,4,False,Left,Back,Right,Left,60
<_io.BytesIO object at 0x000001DA0BC81950>,0.5347307324409485,0.06031528115272522,0.19565296173095703,213834,49,4,False,Left,Back,Right,Left,60
<_io.BytesIO object at 0x000001DA0BCB6310>,0.560687780380249,0.12281906604766846,0.1642749309539795,213835,49,4,False,Left,Back,Right,Left,60
<_io.BytesIO object at 0x000001DA0BCB6B80>,0.559068500995636,0.08106701821088791,0.14523890614509583,213835,49,4,False,Left,Back,Right,Left,60
<_io.BytesIO object at 0x000001DA0BCE78B0>,0.4961954951286316,0.14129050076007843,0.21890462934970856,213835,49,4,False,Left,Back,Right,Left,60
<_io.BytesIO object at 0x000001DA0BCE7590>,0.5335749387741089,0.14445415139198303,0.14523698389530182,213835,49,4,False,Left,Back,Right,Left,60
<_io.BytesIO object at 0x000001DA0BCE7C20>,0.5347307324409485,0.06031528115272522,0.19565296173095703,213835,49,4,False,Left,Back,Right,Left,60
<_io.BytesIO object at 0x000001DA0BCF2A90>,0.560687780380249,0.12281906604766846,0.1642749309539795,213836,49,4,False,Left,Back,Right,Left,60
<_io.BytesIO object at 0x000001DA0BCF2DB0>,0.559068500995636,0.08106701821088791,0.14523890614509583,213836,49,4,False,Left,Back,Right,Left,60
<_io.BytesIO object at 0x000001DA0BC83450>,0.4961954951286316,0.14129050076007843,0.21890462934970856,213836,49,4,False,Left,Back,Right,Left,60
<_io.BytesIO object at 0x000001DA0BC836D0>,0.5335749387741089,0.14445415139198303,0.14523698389530182,213836,49,4,False,Left,Back,Right,Left,60
<_io.BytesIO object at 0x000001DA0BC83180>,0.5347307324409485,0.06031528115272522,0.19565296173095703,213836,49,4,False,Left,Back,Right,Left,60
<_io.BytesIO object at 0x000001DA0EA3FC20>,0.560687780380249,0.12281906604766846,0.1642749309539795,213837,49,4,False,Left,Back,Right,Left,60
<_io.BytesIO object at 0x000001DA0BCBE680>,0.559068500995636,0.08106701821088791,0.14523890614509583,213837,49,4,False,Left,Back,Right,Left,60
<_io.BytesIO object at 0x000001DA0BCBE360>,0.4961954951286316,0.14129050076007843,0.21890462934970856,213837,49,4,False,Left,Back,Right,Left,60
<_io.BytesIO object at 0x000001DA0BCBE900>,0.5335749387741089,0.14445415139198303,0.14523698389530182,213837,49,4,False,Left,Back,Right,Left,60
<_io.BytesIO object at 0x000001DA0BCBE6D0>,0.5347307324409485,0.06031528115272522,0.19565296173095703,213837,49,4,False,Left,Back,Right,Left,60
<_io.BytesIO object at 0x000001DA0BC93900>,0.560687780380249,0.12281906604766846,0.1642749309539795,213838,49,4,False,Left,Back,Right,Left,60
<_io.BytesIO object at 0x000001DA0BC93D10>,0.559068500995636,0.08106701821088791,0.14523890614509583,213838,49,4,False,Left,Back,Right,Left,60
<_io.BytesIO object at 0x000001DA0BC9EC20>,0.4961954951286316,0.14129050076007843,0.21890462934970856,213838,49,4,False,Left,Back,Right,Left,60
<_io.BytesIO object at 0x000001DA0BC9E950>,0.5335749387741089,0.14445415139198303,0.14523698389530182,213838,49,4,False,Left,Back,Right,Left,60
<_io.BytesIO object at 0x000001DA0BC9E4A0>,0.5347307324409485,0.06031528115272522,0.19565296173095703,213838,49,4,False,Left,Back,Right,Left,60
<_io.BytesIO object at 0x000001DA0BC93540>,0.560687780380249,0.12281906604766846,0.1642749309539795,213839,49,4,False,Left,Back,Right,Left,60
<_io.BytesIO object at 0x000001DA0BC93B30>,0.559068500995636,0.08106701821088791,0.14523890614509583,213839,49,4,False,Left,Back,Right,Left,60
<_io.BytesIO object at 0x000001DA0BC93A90>,0.4961954951286316,0.14129050076007843,0.21890462934970856,213839,49,4,False,Left,Back,Right,Left,60
<_io.BytesIO object at 0x000001DA0BC93F90>,0.5335749387741089,0.14445415139198303,0.14523698389530182,213839,49,4,False,Left,Back,Right,Left,60
<_io.BytesIO object at 0x000001DA0EA17630>,0.5347307324409485,0.06031528115272522,0.19565296173095703,213839,49,4,False,Left,Back,Right,Left,60
<_io.BytesIO object at 0x000001DA0EA3F2C0>,0.560687780380249,0.12281906604766846,0.1642749309539795,213840,49,4,False,Left,Back,Right,Left,60
<_io.BytesIO object at 0x000001DA0EA3F0E0>,0.559068500995636,0.08106701821088791,0.14523890614509583,213840,49,4,False,Left,Back,Right,Left,60
<_io.BytesIO object at 0x000001DA0EA3FEF0>,0.4961954951286316,0.14129050076007843,0.21890462934970856,213840,49,4,False,Left,Back,Right,Left,60
<_io.BytesIO object at 0x000001DA0EA3F4F0>,0.5335749387741089,0.14445415139198303,0.14523698389530182,213840,49,4,False,Left,Back,Right,Left,60
<_io.BytesIO object at 0x000001DA0BC955E0>,0.5347307324409485,0.06031528115272522,0.19565296173095703,213840,49,4,False,Left,Back,Right,Left,60
<_io.BytesIO object at 0x000001DA0BCF2360>,0.560687780380249,0.12281906604766846,0.1642749309539795,213841,49,4,False,Left,Back,Right,Left,60
<_io.BytesIO object at 0x000001DA0BCF24A0>,0.559068500995636,0.08106701821088791,0.14523890614509583,213841,49,4,False,Left,Back,Right,Left,60
<_io.BytesIO object at 0x000001DA0EA1C3B0>,0.4961954951286316,0.14129050076007843,0.21890462934970856,213841,49,4,False,Left,Back,Right,Left,60
<_io.BytesIO object at 0x000001DA0EA1CB80>,0.5335749387741089,0.14445415139198303,0.14523698389530182,213841,49,4,False,Left,Back,Right,Left,60
<_io.BytesIO object at 0x000001DA0EA1C860>,0.5347307324409485,0.06031528115272522,0.19565296173095703,213841,49,4,False,Left,Back,Right,Left,60
<_io.BytesIO object at 0x000001DA0BC9EC20>,0.560687780380249,0.12281906604766846,0.1642749309539795,213842,49,4,False,Left,Back,Right,Left,60
<_io.BytesIO object at 0x000001DA0BC9EEF0>,0.559068500995636,0.08106701821088791,0.14523890614509583,213842,49,4,False,Left,Back,Right,Left,60
<_io.BytesIO object at 0x000001DA0BCB6360>,0.4961954951286316,0.14129050076007843,0.21890462934970856,213842,49,4,False,Left,Back,Right,Left,60
<_io.BytesIO object at 0x000001DA0BCB6770>,0.5335749387741089,0.14445415139198303,0.14523698389530182,213842,49,4,False,Left,Back,Right,Left,60
<_io.BytesIO object at 0x000001DA0BCB6EF0>,0.5347307324409485,0.06031528115272522,0.19565296173095703,213842,49,4,False,Left,Back,Right,Left,60
<_io.BytesIO object at 0x000001DA0BC80D10>,0.560687780380249,0.12281906604766846,0.1642749309539795,213843,49,4,False,Left,Back,Right,Left,60
<_io.BytesIO object at 0x000001DA0BC80DB0>,0.559068500995636,0.08106701821088791,0.14523890614509583,213843,49,4,False,Left,Back,Right,Left,60
<_io.BytesIO object at 0x000001DA0BC80400>,0.4961954951286316,0.14129050076007843,0.21890462934970856,213843,49,4,False,Left,Back,Right,Left,60
<_io.BytesIO object at 0x000001DA0BC80720>,0.5335749387741089,0.14445415139198303,0.14523698389530182,213843,49,4,False,Left,Back,Right,Left,60
<_io.BytesIO object at 0x000001DA0BCB61D0>,0.5347307324409485,0.06031528115272522,0.19565296173095703,213843,49,4,False,Left,Back,Right,Left,60
<_io.BytesIO object at 0x000001DA0BCE7C70>,0.560687780380249,0.12281906604766846,0.1642749309539795,213844,49,4,False,Left,Back,Right,Left,60
<_io.BytesIO object at 0x000001DA0BCE7B80>,0.559068500995636,0.08106701821088791,0.14523890614509583,213844,49,4,False,Left,Back,Right,Left,60
<_io.BytesIO object at 0x000001DA0BCE7310>,0.4961954951286316,0.14129050076007843,0.21890462934970856,213844,49,4,False,Left,Back,Right,Left,60
<_io.BytesIO object at 0x000001DA0EA1C720>,0.5335749387741089,0.14445415139198303,0.14523698389530182,213844,49,4,False,Left,Back,Right,Left,60
<_io.BytesIO object at 0x000001DA0EA1CAE0>,0.5347307324409485,0.06031528115272522,0.19565296173095703,213844,49,4,False,Left,Back,Right,Left,60
<_io.BytesIO object at 0x000001DA0BC83D10>,0.560687780380249,0.12281906604766846,0.1642749309539795,213845,49,4,False,Left,Back,Right,Left,60
<_io.BytesIO object at 0x000001DA0BC957C0>,0.559068500995636,0.08106701821088791,0.14523890614509583,213845,49,4,False,Left,Back,Right,Left,60
<_io.BytesIO object at 0x000001DA0BC95A90>,0.4961954951286316,0.14129050076007843,0.21890462934970856,213845,49,4,False,Left,Back,Right,Left,60
<_io.BytesIO object at 0x000001DA0BC950E0>,0.5335749387741089,0.14445415139198303,0.14523698389530182,213845,49,4,False,Left,Back,Right,Left,60
<_io.BytesIO object at 0x000001DA0BC95B30>,0.5347307324409485,0.06031528115272522,0.19565296173095703,213845,49,4,False,Left,Back,Right,Left,60
<_io.BytesIO object at 0x000001DA0BCBE4A0>,0.560687780380249,0.12281906604766846,0.1642749309539795,213846,49,4,False,Left,Back,Right,Left,60
<_io.BytesIO object at 0x000001DA0BC93360>,0.559068500995636,0.08106701821088791,0.14523890614509583,213846,49,4,False,Left,Back,Right,Left,60
<_io.BytesIO object at 0x000001DA0BC93BD0>,0.4961954951286316,0.14129050076007843,0.21890462934970856,213846,49,4,False,Left,Back,Right,Left,60
<_io.BytesIO object at 0x000001DA0BC93D60>,0.5335749387741089,0.14445415139198303,0.14523698389530182,213846,49,4,False,Left,Back,Right,Left,60
<_io.BytesIO object at 0x000001DA0BC934F0>,0.5347307324409485,0.06031528115272522,0.19565296173095703,213846,49,4,False,Left,Back,Right,Left,60
<_io.BytesIO object at 0x000001DA0EA1B180>,0.560687780380249,0.12281906604766846,0.1642749309539795,213847,49,4,False,Left,Back,Right,Left,60
<_io.BytesIO object at 0x000001DA0BC814F0>,0.559068500995636,0.08106701821088791,0.14523890614509583,213847,49,4,False,Left,Back,Right,Left,60
<_io.BytesIO object at 0x000001DA0BC81810>,0.4961954951286316,0.14129050076007843,0.21890462934970856,213847,49,4,False,Left,Back,Right,Left,60
<_io.BytesIO object at 0x000001DA0BC81270>,0.5335749387741089,0.14445415139198303,0.14523698389530182,213847,49,4,False,Left,Back,Right,Left,60
<_io.BytesIO object at 0x000001DA0BC81C20>,0.5347307324409485,0.06031528115272522,0.19565296173095703,213847,49,4,False,Left,Back,Right,Left,60
<_io.BytesIO object at 0x000001DA0EA1B130>,0.560687780380249,0.12281906604766846,0.1642749309539795,213848,49,4,False,Left,Back,Right,Left,60
<_io.BytesIO object at 0x000001DA0EA1BE50>,0.559068500995636,0.08106701821088791,0.14523890614509583,213848,49,4,False,Left,Back,Right,Left,60
<_io.BytesIO object at 0x000001DA0EA174A0>,0.4961954951286316,0.14129050076007843,0.21890462934970856,213848,49,4,False,Left,Back,Right,Left,60
<_io.BytesIO object at 0x000001DA0EA172C0>,0.5335749387741089,0.14445415139198303,0.14523698389530182,213848,49,4,False,Left,Back,Right,Left,60
<_io.BytesIO object at 0x000001DA0EA17E50>,0.5347307324409485,0.06031528115272522,0.19565296173095703,213848,49,4,False,Left,Back,Right,Left,60
<_io.BytesIO object at 0x000001DA0BCBEEA0>,0.560687780380249,0.12281906604766846,0.1642749309539795,213849,49,4,False,Left,Back,Right,Left,60
<_io.BytesIO object at 0x000001DA0BCBE680>,0.559068500995636,0.08106701821088791,0.14523890614509583,213849,49,4,False,Left,Back,Right,Left,60
<_io.BytesIO object at 0x000001DA0BCBEA40>,0.4961954951286316,0.14129050076007843,0.21890462934970856,213849,49,4,False,Left,Back,Right,Left,60
<_io.BytesIO object at 0x000001DA0EA3FF40>,0.5335749387741089,0.14445415139198303,0.14523698389530182,213849,49,4,False,Left,Back,Right,Left,60
<_io.BytesIO object at 0x000001DA0EA3FD60>,0.5347307324409485,0.06031528115272522,0.19565296173095703,213849,49,4,False,Left,Back,Right,Left,60
<_io.BytesIO object at 0x000001DA0BC83090>,0.560687780380249,0.12281906604766846,0.1642749309539795,213850,49,4,False,Left,Back,Right,Left,60
<_io.BytesIO object at 0x000001DA0BC83900>,0.559068500995636,0.08106701821088791,0.14523890614509583,213850,49,4,False,Left,Back,Right,Left,60
<_io.BytesIO object at 0x000001DA0BCF2180>,0.4961954951286316,0.14129050076007843,0.21890462934970856,213850,49,4,False,Left,Back,Right,Left,60
<_io.BytesIO object at 0x000001DA0BCF2CC0>,0.5335749387741089,0.14445415139198303,0.14523698389530182,213850,49,4,False,Left,Back,Right,Left,60
<_io.BytesIO object at 0x000001DA0BCF2950>,0.5347307324409485,0.06031528115272522,0.19565296173095703,213850,49,4,False,Left,Back,Right,Left,60
<_io.BytesIO object at 0x000001DA0BCE74A0>,0.560687780380249,0.12281906604766846,0.1642749309539795,213851,49,4,False,Left,Back,Right,Left,60
<_io.BytesIO object at 0x000001DA0BCE7D60>,0.559068500995636,0.08106701821088791,0.14523890614509583,213851,49,4,False,Left,Back,Right,Left,60
<_io.BytesIO object at 0x000001DA0BC9E1D0>,0.4961954951286316,0.14129050076007843,0.21890462934970856,213851,49,4,False,Left,Back,Right,Left,60
<_io.BytesIO object at 0x000001DA0BC9E720>,0.5335749387741089,0.14445415139198303,0.14523698389530182,213851,49,4,False,Left,Back,Right,Left,60
<_io.BytesIO object at 0x000001DA0BC9E4F0>,0.5347307324409485,0.06031528115272522,0.19565296173095703,213851,49,4,False,Left,Back,Right,Left,60
<_io.BytesIO object at 0x000001DA0BC80680>,0.560687780380249,0.12281906604766846,0.1642749309539795,213852,49,4,False,Left,Back,Right,Left,60
<_io.BytesIO object at 0x000001DA0BC80900>,0.559068500995636,0.08106701821088791,0.14523890614509583,213852,49,4,False,Left,Back,Right,Left,60
<_io.BytesIO object at 0x000001DA0BC80A90>,0.4961954951286316,0.14129050076007843,0.21890462934970856,213852,49,4,False,Left,Back,Right,Left,60
<_io.BytesIO object at 0x000001DA0BC80950>,0.5335749387741089,0.14445415139198303,0.14523698389530182,213852,49,4,False,Left,Back,Right,Left,60
<_io.BytesIO object at 0x000001DA0BC80720>,0.5347307324409485,0.06031528115272522,0.19565296173095703,213852,49,4,False,Left,Back,Right,Left,60
<_io.BytesIO object at 0x000001DA0BC9ECC0>,0.560687780380249,0.12281906604766846,0.1642749309539795,213853,49,4,False,Left,Back,Right,Left,60
<_io.BytesIO object at 0x000001DA0BCE7810>,0.559068500995636,0.08106701821088791,0.14523890614509583,213853,49,4,False,Left,Back,Right,Left,60
<_io.BytesIO object at 0x000001DA0BCE7400>,0.4961954951286316,0.14129050076007843,0.21890462934970856,213853,49,4,False,Left,Back,Right,Left,60
<_io.BytesIO object at 0x000001DA0BCE74F0>,0.5335749387741089,0.14445415139198303,0.14523698389530182,213853,49,4,False,Left,Back,Right,Left,60
<_io.BytesIO object at 0x000001DA0BCE7A40>,0.5347307324409485,0.06031528115272522,0.19565296173095703,213853,49,4,False,Left,Back,Right,Left,60
<_io.BytesIO object at 0x000001DA0BC83F90>,0.560687780380249,0.12281906604766846,0.1642749309539795,213854,49,4,False,Left,Back,Right,Left,60
<_io.BytesIO object at 0x000001DA0BC83F40>,0.559068500995636,0.08106701821088791,0.14523890614509583,213854,49,4,False,Left,Back,Right,Left,60
<_io.BytesIO object at 0x000001DA0BC836D0>,0.4961954951286316,0.14129050076007843,0.21890462934970856,213854,49,4,False,Left,Back,Right,Left,60
<_io.BytesIO object at 0x000001DA0BC955E0>,0.5335749387741089,0.14445415139198303,0.14523698389530182,213854,49,4,False,Left,Back,Right,Left,60
<_io.BytesIO object at 0x000001DA0BC95180>,0.5347307324409485,0.06031528115272522,0.19565296173095703,213854,49,4,False,Left,Back,Right,Left,60
<_io.BytesIO object at 0x000001DA0BCBE9F0>,0.560687780380249,0.12281906604766846,0.1642749309539795,213855,49,4,False,Left,Back,Right,Left,60
<_io.BytesIO object at 0x000001DA0BCBE6D0>,0.559068500995636,0.08106701821088791,0.14523890614509583,213855,49,4,False,Left,Back,Right,Left,60
<_io.BytesIO object at 0x000001DA0BCBE950>,0.4961954951286316,0.14129050076007843,0.21890462934970856,213855,49,4,False,Left,Back,Right,Left,60
<_io.BytesIO object at 0x000001DA0BC93EA0>,0.5335749387741089,0.14445415139198303,0.14523698389530182,213855,49,4,False,Left,Back,Right,Left,60
<_io.BytesIO object at 0x000001DA0BC933B0>,0.5347307324409485,0.06031528115272522,0.19565296173095703,213855,49,4,False,Left,Back,Right,Left,60
<_io.BytesIO object at 0x000001DA0EA17720>,0.560687780380249,0.12281906604766846,0.1642749309539795,213856,49,4,False,Left,Back,Right,Left,60
<_io.BytesIO object at 0x000001DA0EA172C0>,0.559068500995636,0.08106701821088791,0.14523890614509583,213856,49,4,False,Left,Back,Right,Left,60
<_io.BytesIO object at 0x000001DA0BC81770>,0.4961954951286316,0.14129050076007843,0.21890462934970856,213856,49,4,False,Left,Back,Right,Left,60
<_io.BytesIO object at 0x000001DA0BC814A0>,0.5335749387741089,0.14445415139198303,0.14523698389530182,213856,49,4,False,Left,Back,Right,Left,60
<_io.BytesIO object at 0x000001DA0BC81F40>,0.5347307324409485,0.06031528115272522,0.19565296173095703,213856,49,4,False,Left,Back,Right,Left,60
<_io.BytesIO object at 0x000001DA0BC81860>,0.560687780380249,0.12281906604766846,0.1642749309539795,213857,49,4,False,Left,Back,Right,Left,60
<_io.BytesIO object at 0x000001DA0EA17F40>,0.559068500995636,0.08106701821088791,0.14523890614509583,213857,49,4,False,Left,Back,Right,Left,60
<_io.BytesIO object at 0x000001DA0EA17B30>,0.4961954951286316,0.14129050076007843,0.21890462934970856,213857,49,4,False,Left,Back,Right,Left,60
<_io.BytesIO object at 0x000001DA0EA17BD0>,0.5335749387741089,0.14445415139198303,0.14523698389530182,213857,49,4,False,Left,Back,Right,Left,60
<_io.BytesIO object at 0x000001DA0EA17900>,0.5347307324409485,0.06031528115272522,0.19565296173095703,213857,49,4,False,Left,Back,Right,Left,60
<_io.BytesIO object at 0x000001DA0BCBE4A0>,0.560687780380249,0.12281906604766846,0.1642749309539795,213858,49,4,False,Left,Back,Right,Left,60
<_io.BytesIO object at 0x000001DA0BCBED60>,0.559068500995636,0.08106701821088791,0.14523890614509583,213858,49,4,False,Left,Back,Right,Left,60
<_io.BytesIO object at 0x000001DA0BCBEE00>,0.4961954951286316,0.14129050076007843,0.21890462934970856,213858,49,4,False,Left,Back,Right,Left,60
<_io.BytesIO object at 0x000001DA0BCBE630>,0.5335749387741089,0.14445415139198303,0.14523698389530182,213858,49,4,False,Left,Back,Right,Left,60
<_io.BytesIO object at 0x000001DA0BCBE7C0>,0.5347307324409485,0.06031528115272522,0.19565296173095703,213858,49,4,False,Left,Back,Right,Left,60
<_io.BytesIO object at 0x000001DA0BC831D0>,0.560687780380249,0.12281906604766846,0.1642749309539795,213859,49,4,False,Left,Back,Right,Left,60
<_io.BytesIO object at 0x000001DA0BC839F0>,0.559068500995636,0.08106701821088791,0.14523890614509583,213859,49,4,False,Left,Back,Right,Left,60
<_io.BytesIO object at 0x000001DA0EA1C8B0>,0.4961954951286316,0.14129050076007843,0.21890462934970856,213859,49,4,False,Left,Back,Right,Left,60
<_io.BytesIO object at 0x000001DA0EA1CE00>,0.5335749387741089,0.14445415139198303,0.14523698389530182,213859,49,4,False,Left,Back,Right,Left,60
<_io.BytesIO object at 0x000001DA0EA1CA40>,0.5347307324409485,0.06031528115272522,0.19565296173095703,213859,49,4,False,Left,Back,Right,Left,60
<_io.BytesIO object at 0x000001DA0BCF2EA0>,0.560687780380249,0.12281906604766846,0.1642749309539795,213860,49,4,False,Left,Back,Right,Left,60
<_io.BytesIO object at 0x000001DA0BCF24F0>,0.559068500995636,0.08106701821088791,0.14523890614509583,213860,49,4,False,Left,Back,Right,Left,60
<_io.BytesIO object at 0x000001DA0BC9EAE0>,0.4961954951286316,0.14129050076007843,0.21890462934970856,213860,49,4,False,Left,Back,Right,Left,60
<_io.BytesIO object at 0x000001DA0BC9E3B0>,0.5335749387741089,0.14445415139198303,0.14523698389530182,213860,49,4,False,Left,Back,Right,Left,60
<_io.BytesIO object at 0x000001DA0BC9E860>,0.5347307324409485,0.06031528115272522,0.19565296173095703,213860,49,4,False,Left,Back,Right,Left,60
<_io.BytesIO object at 0x000001DA0BCB6C70>,0.560687780380249,0.12281906604766846,0.1642749309539795,213861,49,4,False,Left,Back,Right,Left,60
<_io.BytesIO object at 0x000001DA0BCB6A90>,0.559068500995636,0.08106701821088791,0.14523890614509583,213861,49,4,False,Left,Back,Right,Left,60
<_io.BytesIO object at 0x000001DA0BCB65E0>,0.4961954951286316,0.14129050076007843,0.21890462934970856,213861,49,4,False,Left,Back,Right,Left,60
<_io.BytesIO object at 0x000001DA0BCB6450>,0.5335749387741089,0.14445415139198303,0.14523698389530182,213861,49,4,False,Left,Back,Right,Left,60
<_io.BytesIO object at 0x000001DA0BCF24F0>,0.5347307324409485,0.06031528115272522,0.19565296173095703,213861,49,4,False,Left,Back,Right,Left,60
<_io.BytesIO object at 0x000001DA0EA1C720>,0.560687780380249,0.12281906604766846,0.1642749309539795,213862,49,4,False,Left,Back,Right,Left,60
<_io.BytesIO object at 0x000001DA0EA1C1D0>,0.559068500995636,0.08106701821088791,0.14523890614509583,213862,49,4,False,Left,Back,Right,Left,60
<_io.BytesIO object at 0x000001DA0BC83A90>,0.4961954951286316,0.14129050076007843,0.21890462934970856,213862,49,4,False,Left,Back,Right,Left,60
<_io.BytesIO object at 0x000001DA0BC83090>,0.5335749387741089,0.14445415139198303,0.14523698389530182,213862,49,4,False,Left,Back,Right,Left,60
<_io.BytesIO object at 0x000001DA0BC83040>,0.5347307324409485,0.06031528115272522,0.19565296173095703,213862,49,4,False,Left,Back,Right,Left,60
<_io.BytesIO object at 0x000001DA0EA3FF40>,0.560687780380249,0.12281906604766846,0.1642749309539795,213863,49,4,False,Left,Back,Right,Left,60
<_io.BytesIO object at 0x000001DA0BCBE090>,0.559068500995636,0.08106701821088791,0.14523890614509583,213863,49,4,False,Left,Back,Right,Left,60
<_io.BytesIO object at 0x000001DA0BCBEE00>,0.4961954951286316,0.14129050076007843,0.21890462934970856,213863,49,4,False,Left,Back,Right,Left,60
<_io.BytesIO object at 0x000001DA0BCBE040>,0.5335749387741089,0.14445415139198303,0.14523698389530182,213863,49,4,False,Left,Back,Right,Left,60
<_io.BytesIO object at 0x000001DA0BCBE720>,0.5347307324409485,0.06031528115272522,0.19565296173095703,213863,49,4,False,Left,Back,Right,Left,60
<_io.BytesIO object at 0x000001DA0EA176D0>,0.560687780380249,0.12281906604766846,0.1642749309539795,213864,49,4,False,Left,Back,Right,Left,60
<_io.BytesIO object at 0x000001DA0BC9E770>,0.559068500995636,0.08106701821088791,0.14523890614509583,213864,49,4,False,Left,Back,Right,Left,60
<_io.BytesIO object at 0x000001DA0BC9E4A0>,0.4961954951286316,0.14129050076007843,0.21890462934970856,213864,49,4,False,Left,Back,Right,Left,60
<_io.BytesIO object at 0x000001DA0BC9E130>,0.5335749387741089,0.14445415139198303,0.14523698389530182,213864,49,4,False,Left,Back,Right,Left,60
<_io.BytesIO object at 0x000001DA0BC9E1D0>,0.5347307324409485,0.06031528115272522,0.19565296173095703,213864,49,4,False,Left,Back,Right,Left,60
<_io.BytesIO object at 0x000001DA0BC93810>,0.560687780380249,0.12281906604766846,0.1642749309539795,213865,49,4,False,Left,Back,Right,Left,60
<_io.BytesIO object at 0x000001DA7EFF5590>,0.559068500995636,0.08106701821088791,0.14523890614509583,213865,49,4,False,Left,Back,Right,Left,60
<_io.BytesIO object at 0x000001DA0BC80D10>,0.4961954951286316,0.14129050076007843,0.21890462934970856,213865,49,4,False,Left,Back,Right,Left,60
<_io.BytesIO object at 0x000001DA0BC80220>,0.5335749387741089,0.14445415139198303,0.14523698389530182,213865,49,4,False,Left,Back,Right,Left,60
<_io.BytesIO object at 0x000001DA0BC80770>,0.5347307324409485,0.06031528115272522,0.19565296173095703,213865,49,4,False,Left,Back,Right,Left,60
<_io.BytesIO object at 0x000001DA0BC93630>,0.560687780380249,0.12281906604766846,0.1642749309539795,213866,49,4,False,Left,Back,Right,Left,60
<_io.BytesIO object at 0x000001DA0BC93900>,0.559068500995636,0.08106701821088791,0.14523890614509583,213866,49,4,False,Left,Back,Right,Left,60
<_io.BytesIO object at 0x000001DA0BC81C20>,0.4961954951286316,0.14129050076007843,0.21890462934970856,213866,49,4,False,Left,Back,Right,Left,60
<_io.BytesIO object at 0x000001DA0BC813B0>,0.5335749387741089,0.14445415139198303,0.14523698389530182,213866,49,4,False,Left,Back,Right,Left,60
<_io.BytesIO object at 0x000001DA0BC81220>,0.5347307324409485,0.06031528115272522,0.19565296173095703,213866,49,4,False,Left,Back,Right,Left,60
<_io.BytesIO object at 0x000001DA0EA17E00>,0.560687780380249,0.12281906604766846,0.1642749309539795,213867,49,4,False,Left,Back,Right,Left,60
<_io.BytesIO object at 0x000001DA0EA1B860>,0.559068500995636,0.08106701821088791,0.14523890614509583,213867,49,4,False,Left,Back,Right,Left,60
<_io.BytesIO object at 0x000001DA0EA1BF40>,0.4961954951286316,0.14129050076007843,0.21890462934970856,213867,49,4,False,Left,Back,Right,Left,60
<_io.BytesIO object at 0x000001DA0EA1BC20>,0.5335749387741089,0.14445415139198303,0.14523698389530182,213867,49,4,False,Left,Back,Right,Left,60
<_io.BytesIO object at 0x000001DA0EA1B770>,0.5347307324409485,0.06031528115272522,0.19565296173095703,213867,49,4,False,Left,Back,Right,Left,60
<_io.BytesIO object at 0x000001DA0EA3F770>,0.560687780380249,0.12281906604766846,0.1642749309539795,213868,49,4,False,Left,Back,Right,Left,60
<_io.BytesIO object at 0x000001DA0BC959F0>,0.559068500995636,0.08106701821088791,0.14523890614509583,213868,49,4,False,Left,Back,Right,Left,60
<_io.BytesIO object at 0x000001DA0BC95310>,0.4961954951286316,0.14129050076007843,0.21890462934970856,213868,49,4,False,Left,Back,Right,Left,60
<_io.BytesIO object at 0x000001DA0BC950E0>,0.5335749387741089,0.14445415139198303,0.14523698389530182,213868,49,4,False,Left,Back,Right,Left,60
<_io.BytesIO object at 0x000001DA0BC953B0>,0.5347307324409485,0.06031528115272522,0.19565296173095703,213868,49,4,False,Left,Back,Right,Left,60
<_io.BytesIO object at 0x000001DA0BCE7B30>,0.560687780380249,0.12281906604766846,0.1642749309539795,213869,49,4,False,Left,Back,Right,Left,60
<_io.BytesIO object at 0x000001DA0BCE7C20>,0.559068500995636,0.08106701821088791,0.14523890614509583,213869,49,4,False,Left,Back,Right,Left,60
<_io.BytesIO object at 0x000001DA0BCE7F90>,0.4961954951286316,0.14129050076007843,0.21890462934970856,213869,49,4,False,Left,Back,Right,Left,60
<_io.BytesIO object at 0x000001DA7F38F6D0>,0.5335749387741089,0.14445415139198303,0.14523698389530182,213869,49,4,False,Left,Back,Right,Left,60
<_io.BytesIO object at 0x000001DA0BCF2540>,0.5347307324409485,0.06031528115272522,0.19565296173095703,213869,49,4,False,Left,Back,Right,Left,60
<_io.BytesIO object at 0x000001DA0BCF2D60>,0.560687780380249,0.12281906604766846,0.1642749309539795,213870,49,4,False,Left,Back,Right,Left,60
<_io.BytesIO object at 0x000001DA0BCF2A40>,0.559068500995636,0.08106701821088791,0.14523890614509583,213870,49,4,False,Left,Back,Right,Left,60
<_io.BytesIO object at 0x000001DA0BCE7F90>,0.4961954951286316,0.14129050076007843,0.21890462934970856,213870,49,4,False,Left,Back,Right,Left,60
<_io.BytesIO object at 0x000001DA0BCE7EF0>,0.5335749387741089,0.14445415139198303,0.14523698389530182,213870,49,4,False,Left,Back,Right,Left,60
<_io.BytesIO object at 0x000001DA0BCE7A90>,0.5347307324409485,0.06031528115272522,0.19565296173095703,213870,49,4,False,Left,Back,Right,Left,60
<_io.BytesIO object at 0x000001DA0BC95E00>,0.560687780380249,0.12281906604766846,0.1642749309539795,213871,49,4,False,Left,Back,Right,Left,60
<_io.BytesIO object at 0x000001DA0EA3FAE0>,0.559068500995636,0.08106701821088791,0.14523890614509583,213871,49,4,False,Left,Back,Right,Left,60
<_io.BytesIO object at 0x000001DA0EA3F1D0>,0.4961954951286316,0.14129050076007843,0.21890462934970856,213871,49,4,False,Left,Back,Right,Left,60
<_io.BytesIO object at 0x000001DA0EA3F720>,0.5335749387741089,0.14445415139198303,0.14523698389530182,213871,49,4,False,Left,Back,Right,Left,60
<_io.BytesIO object at 0x000001DA0EA3F680>,0.5347307324409485,0.06031528115272522,0.19565296173095703,213871,49,4,False,Left,Back,Right,Left,60
<_io.BytesIO object at 0x000001DA0EA1B4A0>,0.560687780380249,0.12281906604766846,0.1642749309539795,213872,49,4,False,Left,Back,Right,Left,60
<_io.BytesIO object at 0x000001DA0EA17A40>,0.559068500995636,0.08106701821088791,0.14523890614509583,213872,49,4,False,Left,Back,Right,Left,60
<_io.BytesIO object at 0x000001DA0EA17130>,0.4961954951286316,0.14129050076007843,0.21890462934970856,213872,49,4,False,Left,Back,Right,Left,60
<_io.BytesIO object at 0x000001DA0EA17770>,0.5335749387741089,0.14445415139198303,0.14523698389530182,213872,49,4,False,Left,Back,Right,Left,60
<_io.BytesIO object at 0x000001DA0EA17540>,0.5347307324409485,0.06031528115272522,0.19565296173095703,213872,49,4,False,Left,Back,Right,Left,60
<_io.BytesIO object at 0x000001DA0BC93270>,0.560687780380249,0.12281906604766846,0.1642749309539795,213873,49,4,False,Left,Back,Right,Left,60
<_io.BytesIO object at 0x000001DA0BCB6220>,0.559068500995636,0.08106701821088791,0.14523890614509583,213873,49,4,False,Left,Back,Right,Left,60
<_io.BytesIO object at 0x000001DA0BCB6360>,0.4961954951286316,0.14129050076007843,0.21890462934970856,213873,49,4,False,Left,Back,Right,Left,60
<_io.BytesIO object at 0x000001DA0BCB69A0>,0.5335749387741089,0.14445415139198303,0.14523698389530182,213873,49,4,False,Left,Back,Right,Left,60
<_io.BytesIO object at 0x000001DA0BCB6310>,0.5347307324409485,0.06031528115272522,0.19565296173095703,213873,49,4,False,Left,Back,Right,Left,60
<_io.BytesIO object at 0x000001DA0BC80450>,0.560687780380249,0.12281906604766846,0.1642749309539795,213874,49,4,False,Left,Back,Right,Left,60
<_io.BytesIO object at 0x000001DA0BC81EA0>,0.559068500995636,0.08106701821088791,0.14523890614509583,213874,49,4,False,Left,Back,Right,Left,60
<_io.BytesIO object at 0x000001DA0BC81220>,0.4961954951286316,0.14129050076007843,0.21890462934970856,213874,49,4,False,Left,Back,Right,Left,60
<_io.BytesIO object at 0x000001DA0BC81180>,0.5335749387741089,0.14445415139198303,0.14523698389530182,213874,49,4,False,Left,Back,Right,Left,60
<_io.BytesIO object at 0x000001DA0BC81400>,0.5347307324409485,0.06031528115272522,0.19565296173095703,213874,49,4,False,Left,Back,Right,Left,60
