_io,pos_x,pos_y,pos_z,frame,trial_num,block_num,practicing,left_right_hand,palm_back_hand,target_loc,distractor_loc,participant_id
<_io.BytesIO object at 0x000001C1F4677310>,0.35580122470855713,-0.14265389740467072,-0.22292017936706543,1053308,46,2,False,Left,Back,Right,Centre,65
_io,pos_x,pos_y,pos_z,frame,trial_num,block_num,practicing,left_right_hand,palm_back_hand,target_loc,distractor_loc,participant_id
<_io.BytesIO object at 0x000001C1F4569D60>,0.3648008108139038,-0.225816547870636,-0.20681454241275787,1053308,46,2,False,Left,Back,Right,Centre,65
_io,pos_x,pos_y,pos_z,frame,trial_num,block_num,practicing,left_right_hand,palm_back_hand,target_loc,distractor_loc,participant_id
<_io.BytesIO object at 0x000001C1F45694F0>,0.3380419909954071,-0.15566539764404297,-0.2626515030860901,1053308,46,2,False,Left,Back,Right,Centre,65
_io,pos_x,pos_y,pos_z,frame,trial_num,block_num,practicing,left_right_hand,palm_back_hand,target_loc,distractor_loc,participant_id
<_io.BytesIO object at 0x000001C1F45694A0>,0.3727503716945648,-0.16962869465351105,-0.2865569293498993,1053308,46,2,False,Left,Back,Right,Centre,65
_io,pos_x,pos_y,pos_z,frame,trial_num,block_num,practicing,left_right_hand,palm_back_hand,target_loc,distractor_loc,participant_id
<_io.BytesIO object at 0x000001C1F4565C70>,0.3869675099849701,-0.2137477546930313,-0.2888427972793579,1053308,46,2,False,Left,Back,Right,Centre,65
<_io.BytesIO object at 0x000001C1F4569CC0>,0.35580122470855713,-0.14265389740467072,-0.22292017936706543,1053309,46,2,False,Left,Back,Right,Centre,65
<_io.BytesIO object at 0x000001C1F45696D0>,0.3648008108139038,-0.225816547870636,-0.20681454241275787,1053309,46,2,False,Left,Back,Right,Centre,65
<_io.BytesIO object at 0x000001C1F4569AE0>,0.3380419909954071,-0.15566539764404297,-0.2626515030860901,1053309,46,2,False,Left,Back,Right,Centre,65
<_io.BytesIO object at 0x000001C1F4569E00>,0.3727503716945648,-0.16962869465351105,-0.2865569293498993,1053309,46,2,False,Left,Back,Right,Centre,65
<_io.BytesIO object at 0x000001C1F45690E0>,0.3869675099849701,-0.2137477546930313,-0.2888427972793579,1053309,46,2,False,Left,Back,Right,Centre,65
<_io.BytesIO object at 0x000001C1F4677540>,0.35580122470855713,-0.14265389740467072,-0.22292017936706543,1053310,46,2,False,Left,Back,Right,Centre,65
<_io.BytesIO object at 0x000001C1F46773B0>,0.3648008108139038,-0.225816547870636,-0.20681454241275787,1053310,46,2,False,Left,Back,Right,Centre,65
<_io.BytesIO object at 0x000001C1F4677310>,0.3380419909954071,-0.15566539764404297,-0.2626515030860901,1053310,46,2,False,Left,Back,Right,Centre,65
<_io.BytesIO object at 0x000001C1F4569590>,0.3727503716945648,-0.16962869465351105,-0.2865569293498993,1053310,46,2,False,Left,Back,Right,Centre,65
<_io.BytesIO object at 0x000001C1F4569810>,0.3869675099849701,-0.2137477546930313,-0.2888427972793579,1053310,46,2,False,Left,Back,Right,Centre,65
<_io.BytesIO object at 0x000001C1F4677A90>,0.35580122470855713,-0.14265389740467072,-0.22292017936706543,1053311,46,2,False,Left,Back,Right,Centre,65
<_io.BytesIO object at 0x000001C1F4569B80>,0.3648008108139038,-0.225816547870636,-0.20681454241275787,1053311,46,2,False,Left,Back,Right,Centre,65
<_io.BytesIO object at 0x000001C1F4569130>,0.3380419909954071,-0.15566539764404297,-0.2626515030860901,1053311,46,2,False,Left,Back,Right,Centre,65
<_io.BytesIO object at 0x000001C1F4569E00>,0.3727503716945648,-0.16962869465351105,-0.2865569293498993,1053311,46,2,False,Left,Back,Right,Centre,65
<_io.BytesIO object at 0x000001C1F4569EF0>,0.3869675099849701,-0.2137477546930313,-0.2888427972793579,1053311,46,2,False,Left,Back,Right,Centre,65
<_io.BytesIO object at 0x000001C1F45691D0>,0.35580122470855713,-0.14265389740467072,-0.22292017936706543,1053312,46,2,False,Left,Back,Right,Centre,65
<_io.BytesIO object at 0x000001C1F4677C20>,0.3648008108139038,-0.225816547870636,-0.20681454241275787,1053312,46,2,False,Left,Back,Right,Centre,65
<_io.BytesIO object at 0x000001C1F4677A90>,0.3380419909954071,-0.15566539764404297,-0.2626515030860901,1053312,46,2,False,Left,Back,Right,Centre,65
<_io.BytesIO object at 0x000001C1F4677F40>,0.3727503716945648,-0.16962869465351105,-0.2865569293498993,1053312,46,2,False,Left,Back,Right,Centre,65
<_io.BytesIO object at 0x000001C1F4569040>,0.3869675099849701,-0.2137477546930313,-0.2888427972793579,1053312,46,2,False,Left,Back,Right,Centre,65
<_io.BytesIO object at 0x000001C1F4569400>,0.35580122470855713,-0.14265389740467072,-0.22292017936706543,1053313,46,2,False,Left,Back,Right,Centre,65
<_io.BytesIO object at 0x000001C1F4569EF0>,0.3648008108139038,-0.225816547870636,-0.20681454241275787,1053313,46,2,False,Left,Back,Right,Centre,65
<_io.BytesIO object at 0x000001C1F4569220>,0.3380419909954071,-0.15566539764404297,-0.2626515030860901,1053313,46,2,False,Left,Back,Right,Centre,65
<_io.BytesIO object at 0x000001C1F4677310>,0.3727503716945648,-0.16962869465351105,-0.2865569293498993,1053313,46,2,False,Left,Back,Right,Centre,65
<_io.BytesIO object at 0x000001C1F4677A90>,0.3869675099849701,-0.2137477546930313,-0.2888427972793579,1053313,46,2,False,Left,Back,Right,Centre,65
<_io.BytesIO object at 0x000001C1F4569810>,0.35580122470855713,-0.14265389740467072,-0.22292017936706543,1053314,46,2,False,Left,Back,Right,Centre,65
<_io.BytesIO object at 0x000001C1F46771D0>,0.3648008108139038,-0.225816547870636,-0.20681454241275787,1053314,46,2,False,Left,Back,Right,Centre,65
<_io.BytesIO object at 0x000001C1F4677310>,0.3380419909954071,-0.15566539764404297,-0.2626515030860901,1053314,46,2,False,Left,Back,Right,Centre,65
<_io.BytesIO object at 0x000001C1F4677400>,0.3727503716945648,-0.16962869465351105,-0.2865569293498993,1053314,46,2,False,Left,Back,Right,Centre,65
<_io.BytesIO object at 0x000001C1F4677B80>,0.3869675099849701,-0.2137477546930313,-0.2888427972793579,1053314,46,2,False,Left,Back,Right,Centre,65
<_io.BytesIO object at 0x000001C1F4677720>,0.35580122470855713,-0.14265389740467072,-0.22292017936706543,1053315,46,2,False,Left,Back,Right,Centre,65
<_io.BytesIO object at 0x000001C1F4569E00>,0.3648008108139038,-0.225816547870636,-0.20681454241275787,1053315,46,2,False,Left,Back,Right,Centre,65
<_io.BytesIO object at 0x000001C1F4569810>,0.3380419909954071,-0.15566539764404297,-0.2626515030860901,1053315,46,2,False,Left,Back,Right,Centre,65
<_io.BytesIO object at 0x000001C1F4569180>,0.3727503716945648,-0.16962869465351105,-0.2865569293498993,1053315,46,2,False,Left,Back,Right,Centre,65
<_io.BytesIO object at 0x000001C1F4569220>,0.3869675099849701,-0.2137477546930313,-0.2888427972793579,1053315,46,2,False,Left,Back,Right,Centre,65
<_io.BytesIO object at 0x000001C1F45654F0>,0.35580122470855713,-0.14265389740467072,-0.22292017936706543,1053316,46,2,False,Left,Back,Right,Centre,65
<_io.BytesIO object at 0x000001C1F4569360>,0.3648008108139038,-0.225816547870636,-0.20681454241275787,1053316,46,2,False,Left,Back,Right,Centre,65
<_io.BytesIO object at 0x000001C1F4569E00>,0.3380419909954071,-0.15566539764404297,-0.2626515030860901,1053316,46,2,False,Left,Back,Right,Centre,65
<_io.BytesIO object at 0x000001C1F4569D60>,0.3727503716945648,-0.16962869465351105,-0.2865569293498993,1053316,46,2,False,Left,Back,Right,Centre,65
<_io.BytesIO object at 0x000001C1F45699A0>,0.3869675099849701,-0.2137477546930313,-0.2888427972793579,1053316,46,2,False,Left,Back,Right,Centre,65
<_io.BytesIO object at 0x000001C1F45690E0>,0.35580122470855713,-0.14265389740467072,-0.22292017936706543,1053317,46,2,False,Left,Back,Right,Centre,65
<_io.BytesIO object at 0x000001C1F4565680>,0.3648008108139038,-0.225816547870636,-0.20681454241275787,1053317,46,2,False,Left,Back,Right,Centre,65
<_io.BytesIO object at 0x000001C1F4565130>,0.3380419909954071,-0.15566539764404297,-0.2626515030860901,1053317,46,2,False,Left,Back,Right,Centre,65
<_io.BytesIO object at 0x000001C1F4565900>,0.3727503716945648,-0.16962869465351105,-0.2865569293498993,1053317,46,2,False,Left,Back,Right,Centre,65
<_io.BytesIO object at 0x000001C1F4565630>,0.3869675099849701,-0.2137477546930313,-0.2888427972793579,1053317,46,2,False,Left,Back,Right,Centre,65
<_io.BytesIO object at 0x000001C1F46772C0>,0.35580122470855713,-0.14265389740467072,-0.22292017936706543,1053318,46,2,False,Left,Back,Right,Centre,65
<_io.BytesIO object at 0x000001C1F4565220>,0.3648008108139038,-0.225816547870636,-0.20681454241275787,1053318,46,2,False,Left,Back,Right,Centre,65
<_io.BytesIO object at 0x000001C1F4565680>,0.3380419909954071,-0.15566539764404297,-0.2626515030860901,1053318,46,2,False,Left,Back,Right,Centre,65
<_io.BytesIO object at 0x000001C1F45652C0>,0.3727503716945648,-0.16962869465351105,-0.2865569293498993,1053318,46,2,False,Left,Back,Right,Centre,65
<_io.BytesIO object at 0x000001C1F4565DB0>,0.3869675099849701,-0.2137477546930313,-0.2888427972793579,1053318,46,2,False,Left,Back,Right,Centre,65
<_io.BytesIO object at 0x000001C1F4565180>,0.35580122470855713,-0.14265389740467072,-0.22292017936706543,1053319,46,2,False,Left,Back,Right,Centre,65
<_io.BytesIO object at 0x000001C1F4565720>,0.3648008108139038,-0.225816547870636,-0.20681454241275787,1053319,46,2,False,Left,Back,Right,Centre,65
<_io.BytesIO object at 0x000001C1F4565DB0>,0.3380419909954071,-0.15566539764404297,-0.2626515030860901,1053319,46,2,False,Left,Back,Right,Centre,65
<_io.BytesIO object at 0x000001C1F4565B80>,0.3727503716945648,-0.16962869465351105,-0.2865569293498993,1053319,46,2,False,Left,Back,Right,Centre,65
<_io.BytesIO object at 0x000001C1F45653B0>,0.3869675099849701,-0.2137477546930313,-0.2888427972793579,1053319,46,2,False,Left,Back,Right,Centre,65
<_io.BytesIO object at 0x000001C1F4677AE0>,0.35580122470855713,-0.14265389740467072,-0.22292017936706543,1053320,46,2,False,Left,Back,Right,Centre,65
<_io.BytesIO object at 0x000001C1F4565860>,0.3648008108139038,-0.225816547870636,-0.20681454241275787,1053320,46,2,False,Left,Back,Right,Centre,65
<_io.BytesIO object at 0x000001C1F4565310>,0.3380419909954071,-0.15566539764404297,-0.2626515030860901,1053320,46,2,False,Left,Back,Right,Centre,65
<_io.BytesIO object at 0x000001C1F4565720>,0.3727503716945648,-0.16962869465351105,-0.2865569293498993,1053320,46,2,False,Left,Back,Right,Centre,65
<_io.BytesIO object at 0x000001C1F4565AE0>,0.3869675099849701,-0.2137477546930313,-0.2888427972793579,1053320,46,2,False,Left,Back,Right,Centre,65
<_io.BytesIO object at 0x000001C1F4565CC0>,0.35580122470855713,-0.14265389740467072,-0.22292017936706543,1053321,46,2,False,Left,Back,Right,Centre,65
<_io.BytesIO object at 0x000001C1F4677D10>,0.3648008108139038,-0.225816547870636,-0.20681454241275787,1053321,46,2,False,Left,Back,Right,Centre,65
<_io.BytesIO object at 0x000001C1F4677680>,0.3380419909954071,-0.15566539764404297,-0.2626515030860901,1053321,46,2,False,Left,Back,Right,Centre,65
<_io.BytesIO object at 0x000001C1F4677A40>,0.3727503716945648,-0.16962869465351105,-0.2865569293498993,1053321,46,2,False,Left,Back,Right,Centre,65
<_io.BytesIO object at 0x000001C1F46774F0>,0.3869675099849701,-0.2137477546930313,-0.2888427972793579,1053321,46,2,False,Left,Back,Right,Centre,65
<_io.BytesIO object at 0x000001C1F4565860>,0.35580122470855713,-0.14265389740467072,-0.22292017936706543,1053322,46,2,False,Left,Back,Right,Centre,65
<_io.BytesIO object at 0x000001C1F4565270>,0.3648008108139038,-0.225816547870636,-0.20681454241275787,1053322,46,2,False,Left,Back,Right,Centre,65
<_io.BytesIO object at 0x000001C1F4565CC0>,0.3380419909954071,-0.15566539764404297,-0.2626515030860901,1053322,46,2,False,Left,Back,Right,Centre,65
<_io.BytesIO object at 0x000001C1F4565F90>,0.3727503716945648,-0.16962869465351105,-0.2865569293498993,1053322,46,2,False,Left,Back,Right,Centre,65
<_io.BytesIO object at 0x000001C1F45659F0>,0.3869675099849701,-0.2137477546930313,-0.2888427972793579,1053322,46,2,False,Left,Back,Right,Centre,65
<_io.BytesIO object at 0x000001C1F4565D10>,0.35580122470855713,-0.14265389740467072,-0.22292017936706543,1053323,46,2,False,Left,Back,Right,Centre,65
<_io.BytesIO object at 0x000001C1F46779F0>,0.3648008108139038,-0.225816547870636,-0.20681454241275787,1053323,46,2,False,Left,Back,Right,Centre,65
<_io.BytesIO object at 0x000001C1F4677450>,0.3380419909954071,-0.15566539764404297,-0.2626515030860901,1053323,46,2,False,Left,Back,Right,Centre,65
<_io.BytesIO object at 0x000001C1F4677310>,0.3727503716945648,-0.16962869465351105,-0.2865569293498993,1053323,46,2,False,Left,Back,Right,Centre,65
<_io.BytesIO object at 0x000001C1F4677720>,0.3869675099849701,-0.2137477546930313,-0.2888427972793579,1053323,46,2,False,Left,Back,Right,Centre,65
<_io.BytesIO object at 0x000001C1F4677BD0>,0.35580122470855713,-0.14265389740467072,-0.22292017936706543,1053324,46,2,False,Left,Back,Right,Centre,65
<_io.BytesIO object at 0x000001C1F4565BD0>,0.3648008108139038,-0.225816547870636,-0.20681454241275787,1053324,46,2,False,Left,Back,Right,Centre,65
<_io.BytesIO object at 0x000001C1F4565C70>,0.3380419909954071,-0.15566539764404297,-0.2626515030860901,1053324,46,2,False,Left,Back,Right,Centre,65
<_io.BytesIO object at 0x000001C1F4565720>,0.3727503716945648,-0.16962869465351105,-0.2865569293498993,1053324,46,2,False,Left,Back,Right,Centre,65
<_io.BytesIO object at 0x000001C1F4565DB0>,0.3869675099849701,-0.2137477546930313,-0.2888427972793579,1053324,46,2,False,Left,Back,Right,Centre,65
<_io.BytesIO object at 0x000001C1F4565D60>,0.35580122470855713,-0.14265389740467072,-0.22292017936706543,1053325,46,2,False,Left,Back,Right,Centre,65
<_io.BytesIO object at 0x000001C1F4677C20>,0.3648008108139038,-0.225816547870636,-0.20681454241275787,1053325,46,2,False,Left,Back,Right,Centre,65
<_io.BytesIO object at 0x000001C1F4677360>,0.3380419909954071,-0.15566539764404297,-0.2626515030860901,1053325,46,2,False,Left,Back,Right,Centre,65
<_io.BytesIO object at 0x000001C1F4677D10>,0.3727503716945648,-0.16962869465351105,-0.2865569293498993,1053325,46,2,False,Left,Back,Right,Centre,65
<_io.BytesIO object at 0x000001C1F4677F90>,0.3869675099849701,-0.2137477546930313,-0.2888427972793579,1053325,46,2,False,Left,Back,Right,Centre,65
<_io.BytesIO object at 0x000001C1F4677A90>,0.35580122470855713,-0.14265389740467072,-0.22292017936706543,1053326,46,2,False,Left,Back,Right,Centre,65
<_io.BytesIO object at 0x000001C1F4677770>,0.3648008108139038,-0.225816547870636,-0.20681454241275787,1053326,46,2,False,Left,Back,Right,Centre,65
<_io.BytesIO object at 0x000001C1F46771D0>,0.3380419909954071,-0.15566539764404297,-0.2626515030860901,1053326,46,2,False,Left,Back,Right,Centre,65
<_io.BytesIO object at 0x000001C1F4677D60>,0.3727503716945648,-0.16962869465351105,-0.2865569293498993,1053326,46,2,False,Left,Back,Right,Centre,65
<_io.BytesIO object at 0x000001C1F4565130>,0.3869675099849701,-0.2137477546930313,-0.2888427972793579,1053326,46,2,False,Left,Back,Right,Centre,65
<_io.BytesIO object at 0x000001C1F4565C70>,0.35580122470855713,-0.14265389740467072,-0.22292017936706543,1053327,46,2,False,Left,Back,Right,Centre,65
<_io.BytesIO object at 0x000001C1F4565040>,0.3648008108139038,-0.225816547870636,-0.20681454241275787,1053327,46,2,False,Left,Back,Right,Centre,65
<_io.BytesIO object at 0x000001C1F4565E50>,0.3380419909954071,-0.15566539764404297,-0.2626515030860901,1053327,46,2,False,Left,Back,Right,Centre,65
<_io.BytesIO object at 0x000001C1F4565AE0>,0.3727503716945648,-0.16962869465351105,-0.2865569293498993,1053327,46,2,False,Left,Back,Right,Centre,65
<_io.BytesIO object at 0x000001C1F4565D10>,0.3869675099849701,-0.2137477546930313,-0.2888427972793579,1053327,46,2,False,Left,Back,Right,Centre,65
<_io.BytesIO object at 0x000001C1F4677AE0>,0.35580122470855713,-0.14265389740467072,-0.22292017936706543,1053328,46,2,False,Left,Back,Right,Centre,65
<_io.BytesIO object at 0x000001C1F4565180>,0.3648008108139038,-0.225816547870636,-0.20681454241275787,1053328,46,2,False,Left,Back,Right,Centre,65
<_io.BytesIO object at 0x000001C1F4565EA0>,0.3380419909954071,-0.15566539764404297,-0.2626515030860901,1053328,46,2,False,Left,Back,Right,Centre,65
<_io.BytesIO object at 0x000001C1F4565040>,0.3727503716945648,-0.16962869465351105,-0.2865569293498993,1053328,46,2,False,Left,Back,Right,Centre,65
<_io.BytesIO object at 0x000001C1F4565220>,0.3869675099849701,-0.2137477546930313,-0.2888427972793579,1053328,46,2,False,Left,Back,Right,Centre,65
<_io.BytesIO object at 0x000001C1F4565770>,0.35580122470855713,-0.14265389740467072,-0.22292017936706543,1053329,46,2,False,Left,Back,Right,Centre,65
<_io.BytesIO object at 0x000001C1F4677450>,0.3648008108139038,-0.225816547870636,-0.20681454241275787,1053329,46,2,False,Left,Back,Right,Centre,65
<_io.BytesIO object at 0x000001C1F4677810>,0.3380419909954071,-0.15566539764404297,-0.2626515030860901,1053329,46,2,False,Left,Back,Right,Centre,65
<_io.BytesIO object at 0x000001C1F46774A0>,0.3727503716945648,-0.16962869465351105,-0.2865569293498993,1053329,46,2,False,Left,Back,Right,Centre,65
<_io.BytesIO object at 0x000001C1F46779F0>,0.3869675099849701,-0.2137477546930313,-0.2888427972793579,1053329,46,2,False,Left,Back,Right,Centre,65
<_io.BytesIO object at 0x000001C1F4677720>,0.35580122470855713,-0.14265389740467072,-0.22292017936706543,1053330,46,2,False,Left,Back,Right,Centre,65
<_io.BytesIO object at 0x000001C1F45658B0>,0.3648008108139038,-0.225816547870636,-0.20681454241275787,1053330,46,2,False,Left,Back,Right,Centre,65
<_io.BytesIO object at 0x000001C1F4565630>,0.3380419909954071,-0.15566539764404297,-0.2626515030860901,1053330,46,2,False,Left,Back,Right,Centre,65
<_io.BytesIO object at 0x000001C1F4565EF0>,0.3727503716945648,-0.16962869465351105,-0.2865569293498993,1053330,46,2,False,Left,Back,Right,Centre,65
<_io.BytesIO object at 0x000001C1F45652C0>,0.3869675099849701,-0.2137477546930313,-0.2888427972793579,1053330,46,2,False,Left,Back,Right,Centre,65
<_io.BytesIO object at 0x000001C1F4565BD0>,0.35580122470855713,-0.14265389740467072,-0.22292017936706543,1053331,46,2,False,Left,Back,Right,Centre,65
<_io.BytesIO object at 0x000001C1F4677D60>,0.3648008108139038,-0.225816547870636,-0.20681454241275787,1053331,46,2,False,Left,Back,Right,Centre,65
<_io.BytesIO object at 0x000001C1F4677E00>,0.3380419909954071,-0.15566539764404297,-0.2626515030860901,1053331,46,2,False,Left,Back,Right,Centre,65
<_io.BytesIO object at 0x000001C1F4677770>,0.3727503716945648,-0.16962869465351105,-0.2865569293498993,1053331,46,2,False,Left,Back,Right,Centre,65
<_io.BytesIO object at 0x000001C1F4677BD0>,0.3869675099849701,-0.2137477546930313,-0.2888427972793579,1053331,46,2,False,Left,Back,Right,Centre,65
<_io.BytesIO object at 0x000001C1F4677B80>,0.35580122470855713,-0.14265389740467072,-0.22292017936706543,1053332,46,2,False,Left,Back,Right,Centre,65
<_io.BytesIO object at 0x000001C1F4565090>,0.3648008108139038,-0.225816547870636,-0.20681454241275787,1053332,46,2,False,Left,Back,Right,Centre,65
<_io.BytesIO object at 0x000001C1F4565F40>,0.3380419909954071,-0.15566539764404297,-0.2626515030860901,1053332,46,2,False,Left,Back,Right,Centre,65
<_io.BytesIO object at 0x000001C1F4565220>,0.3727503716945648,-0.16962869465351105,-0.2865569293498993,1053332,46,2,False,Left,Back,Right,Centre,65
<_io.BytesIO object at 0x000001C1F4565D10>,0.3869675099849701,-0.2137477546930313,-0.2888427972793579,1053332,46,2,False,Left,Back,Right,Centre,65
<_io.BytesIO object at 0x000001C1F4565950>,0.35580122470855713,-0.14265389740467072,-0.22292017936706543,1053333,46,2,False,Left,Back,Right,Centre,65
<_io.BytesIO object at 0x000001C1F4677810>,0.3648008108139038,-0.225816547870636,-0.20681454241275787,1053333,46,2,False,Left,Back,Right,Centre,65
<_io.BytesIO object at 0x000001C1F46771D0>,0.3380419909954071,-0.15566539764404297,-0.2626515030860901,1053333,46,2,False,Left,Back,Right,Centre,65
<_io.BytesIO object at 0x000001C1F46775E0>,0.3727503716945648,-0.16962869465351105,-0.2865569293498993,1053333,46,2,False,Left,Back,Right,Centre,65
<_io.BytesIO object at 0x000001C1F4677F90>,0.3869675099849701,-0.2137477546930313,-0.2888427972793579,1053333,46,2,False,Left,Back,Right,Centre,65
<_io.BytesIO object at 0x000001C1F4569040>,0.35580122470855713,-0.14265389740467072,-0.22292017936706543,1053334,46,2,False,Left,Back,Right,Centre,65
<_io.BytesIO object at 0x000001C1F4677EA0>,0.3648008108139038,-0.225816547870636,-0.20681454241275787,1053334,46,2,False,Left,Back,Right,Centre,65
<_io.BytesIO object at 0x000001C1F4677810>,0.3380419909954071,-0.15566539764404297,-0.2626515030860901,1053334,46,2,False,Left,Back,Right,Centre,65
<_io.BytesIO object at 0x000001C1F4677400>,0.3727503716945648,-0.16962869465351105,-0.2865569293498993,1053334,46,2,False,Left,Back,Right,Centre,65
<_io.BytesIO object at 0x000001C1F46772C0>,0.3869675099849701,-0.2137477546930313,-0.2888427972793579,1053334,46,2,False,Left,Back,Right,Centre,65
<_io.BytesIO object at 0x000001C1F4677D10>,0.35580122470855713,-0.14265389740467072,-0.22292017936706543,1053335,46,2,False,Left,Back,Right,Centre,65
<_io.BytesIO object at 0x000001C1F4677310>,0.3648008108139038,-0.225816547870636,-0.20681454241275787,1053335,46,2,False,Left,Back,Right,Centre,65
<_io.BytesIO object at 0x000001C1F46779F0>,0.3380419909954071,-0.15566539764404297,-0.2626515030860901,1053335,46,2,False,Left,Back,Right,Centre,65
<_io.BytesIO object at 0x000001C1F46778B0>,0.3727503716945648,-0.16962869465351105,-0.2865569293498993,1053335,46,2,False,Left,Back,Right,Centre,65
<_io.BytesIO object at 0x000001C1F4569130>,0.3869675099849701,-0.2137477546930313,-0.2888427972793579,1053335,46,2,False,Left,Back,Right,Centre,65
<_io.BytesIO object at 0x000001C1F4569180>,0.35580122470855713,-0.14265389740467072,-0.22292017936706543,1053336,46,2,False,Left,Back,Right,Centre,65
<_io.BytesIO object at 0x000001C1F4569040>,0.3648008108139038,-0.225816547870636,-0.20681454241275787,1053336,46,2,False,Left,Back,Right,Centre,65
<_io.BytesIO object at 0x000001C1F4569860>,0.3380419909954071,-0.15566539764404297,-0.2626515030860901,1053336,46,2,False,Left,Back,Right,Centre,65
<_io.BytesIO object at 0x000001C1F4569EF0>,0.3727503716945648,-0.16962869465351105,-0.2865569293498993,1053336,46,2,False,Left,Back,Right,Centre,65
<_io.BytesIO object at 0x000001C1F45695E0>,0.3869675099849701,-0.2137477546930313,-0.2888427972793579,1053336,46,2,False,Left,Back,Right,Centre,65
<_io.BytesIO object at 0x000001C1F4677F40>,0.35580122470855713,-0.14265389740467072,-0.22292017936706543,1053337,46,2,False,Left,Back,Right,Centre,65
<_io.BytesIO object at 0x000001C1F4677860>,0.3648008108139038,-0.225816547870636,-0.20681454241275787,1053337,46,2,False,Left,Back,Right,Centre,65
<_io.BytesIO object at 0x000001C1F4677D60>,0.3380419909954071,-0.15566539764404297,-0.2626515030860901,1053337,46,2,False,Left,Back,Right,Centre,65
<_io.BytesIO object at 0x000001C1F4677E00>,0.3727503716945648,-0.16962869465351105,-0.2865569293498993,1053337,46,2,False,Left,Back,Right,Centre,65
<_io.BytesIO object at 0x000001C1F4569720>,0.3869675099849701,-0.2137477546930313,-0.2888427972793579,1053337,46,2,False,Left,Back,Right,Centre,65
<_io.BytesIO object at 0x000001C1F4569680>,0.35580122470855713,-0.14265389740467072,-0.22292017936706543,1053338,46,2,False,Left,Back,Right,Centre,65
<_io.BytesIO object at 0x000001C1F4677E00>,0.3648008108139038,-0.225816547870636,-0.20681454241275787,1053338,46,2,False,Left,Back,Right,Centre,65
<_io.BytesIO object at 0x000001C1F4677F40>,0.3380419909954071,-0.15566539764404297,-0.2626515030860901,1053338,46,2,False,Left,Back,Right,Centre,65
<_io.BytesIO object at 0x000001C1F4569D60>,0.3727503716945648,-0.16962869465351105,-0.2865569293498993,1053338,46,2,False,Left,Back,Right,Centre,65
<_io.BytesIO object at 0x000001C1F4569720>,0.3869675099849701,-0.2137477546930313,-0.2888427972793579,1053338,46,2,False,Left,Back,Right,Centre,65
<_io.BytesIO object at 0x000001C1F4677BD0>,0.35580122470855713,-0.14265389740467072,-0.22292017936706543,1053339,46,2,False,Left,Back,Right,Centre,65
<_io.BytesIO object at 0x000001C1F4677860>,0.3648008108139038,-0.225816547870636,-0.20681454241275787,1053339,46,2,False,Left,Back,Right,Centre,65
<_io.BytesIO object at 0x000001C1F4677360>,0.3380419909954071,-0.15566539764404297,-0.2626515030860901,1053339,46,2,False,Left,Back,Right,Centre,65
<_io.BytesIO object at 0x000001C1F46775E0>,0.3727503716945648,-0.16962869465351105,-0.2865569293498993,1053339,46,2,False,Left,Back,Right,Centre,65
<_io.BytesIO object at 0x000001C1F4569F40>,0.3869675099849701,-0.2137477546930313,-0.2888427972793579,1053339,46,2,False,Left,Back,Right,Centre,65
<_io.BytesIO object at 0x000001C1F4569AE0>,0.35580122470855713,-0.14265389740467072,-0.22292017936706543,1053340,46,2,False,Left,Back,Right,Centre,65
<_io.BytesIO object at 0x000001C1F4569E50>,0.3648008108139038,-0.225816547870636,-0.20681454241275787,1053340,46,2,False,Left,Back,Right,Centre,65
<_io.BytesIO object at 0x000001C1F4569B80>,0.3380419909954071,-0.15566539764404297,-0.2626515030860901,1053340,46,2,False,Left,Back,Right,Centre,65
<_io.BytesIO object at 0x000001C1F45697C0>,0.3727503716945648,-0.16962869465351105,-0.2865569293498993,1053340,46,2,False,Left,Back,Right,Centre,65
<_io.BytesIO object at 0x000001C1F4677720>,0.3869675099849701,-0.2137477546930313,-0.2888427972793579,1053340,46,2,False,Left,Back,Right,Centre,65
<_io.BytesIO object at 0x000001C1F4677F40>,0.35580122470855713,-0.14265389740467072,-0.22292017936706543,1053341,46,2,False,Left,Back,Right,Centre,65
<_io.BytesIO object at 0x000001C1F45694A0>,0.3648008108139038,-0.225816547870636,-0.20681454241275787,1053341,46,2,False,Left,Back,Right,Centre,65
<_io.BytesIO object at 0x000001C1F4569810>,0.3380419909954071,-0.15566539764404297,-0.2626515030860901,1053341,46,2,False,Left,Back,Right,Centre,65
<_io.BytesIO object at 0x000001C1F45699A0>,0.3727503716945648,-0.16962869465351105,-0.2865569293498993,1053341,46,2,False,Left,Back,Right,Centre,65
<_io.BytesIO object at 0x000001C1F4565540>,0.3869675099849701,-0.2137477546930313,-0.2888427972793579,1053341,46,2,False,Left,Back,Right,Centre,65
<_io.BytesIO object at 0x000001C1F4569310>,0.35580122470855713,-0.14265389740467072,-0.22292017936706543,1053342,46,2,False,Left,Back,Right,Centre,65
<_io.BytesIO object at 0x000001C1F46778B0>,0.3648008108139038,-0.225816547870636,-0.20681454241275787,1053342,46,2,False,Left,Back,Right,Centre,65
<_io.BytesIO object at 0x000001C1F46775E0>,0.3380419909954071,-0.15566539764404297,-0.2626515030860901,1053342,46,2,False,Left,Back,Right,Centre,65
<_io.BytesIO object at 0x000001C1F4677EA0>,0.3727503716945648,-0.16962869465351105,-0.2865569293498993,1053342,46,2,False,Left,Back,Right,Centre,65
<_io.BytesIO object at 0x000001C1F4677D60>,0.3869675099849701,-0.2137477546930313,-0.2888427972793579,1053342,46,2,False,Left,Back,Right,Centre,65
<_io.BytesIO object at 0x000001C1F4677C20>,0.35580122470855713,-0.14265389740467072,-0.22292017936706543,1053343,46,2,False,Left,Back,Right,Centre,65
<_io.BytesIO object at 0x000001C1F45690E0>,0.3648008108139038,-0.225816547870636,-0.20681454241275787,1053343,46,2,False,Left,Back,Right,Centre,65
<_io.BytesIO object at 0x000001C1F4569310>,0.3380419909954071,-0.15566539764404297,-0.2626515030860901,1053343,46,2,False,Left,Back,Right,Centre,65
<_io.BytesIO object at 0x000001C1F4569590>,0.3727503716945648,-0.16962869465351105,-0.2865569293498993,1053343,46,2,False,Left,Back,Right,Centre,65
<_io.BytesIO object at 0x000001C1F45699F0>,0.3869675099849701,-0.2137477546930313,-0.2888427972793579,1053343,46,2,False,Left,Back,Right,Centre,65
<_io.BytesIO object at 0x000001C1F4565DB0>,0.35580122470855713,-0.14265389740467072,-0.22292017936706543,1053344,46,2,False,Left,Back,Right,Centre,65
<_io.BytesIO object at 0x000001C1F4569E00>,0.3648008108139038,-0.225816547870636,-0.20681454241275787,1053344,46,2,False,Left,Back,Right,Centre,65
<_io.BytesIO object at 0x000001C1F45690E0>,0.3380419909954071,-0.15566539764404297,-0.2626515030860901,1053344,46,2,False,Left,Back,Right,Centre,65
<_io.BytesIO object at 0x000001C1F4569AE0>,0.3727503716945648,-0.16962869465351105,-0.2865569293498993,1053344,46,2,False,Left,Back,Right,Centre,65
<_io.BytesIO object at 0x000001C1F45695E0>,0.3869675099849701,-0.2137477546930313,-0.2888427972793579,1053344,46,2,False,Left,Back,Right,Centre,65
<_io.BytesIO object at 0x000001C1F465A950>,0.35580122470855713,-0.14265389740467072,-0.22292017936706543,1053345,46,2,False,Left,Back,Right,Centre,65
<_io.BytesIO object at 0x000001C1F456C400>,0.3648008108139038,-0.225816547870636,-0.20681454241275787,1053345,46,2,False,Left,Back,Right,Centre,65
<_io.BytesIO object at 0x000001C1F456C220>,0.3380419909954071,-0.15566539764404297,-0.2626515030860901,1053345,46,2,False,Left,Back,Right,Centre,65
<_io.BytesIO object at 0x000001C1F456C0E0>,0.3727503716945648,-0.16962869465351105,-0.2865569293498993,1053345,46,2,False,Left,Back,Right,Centre,65
<_io.BytesIO object at 0x000001C1F456CCC0>,0.3869675099849701,-0.2137477546930313,-0.2888427972793579,1053345,46,2,False,Left,Back,Right,Centre,65
<_io.BytesIO object at 0x000001C1F4667450>,0.35580122470855713,-0.14265389740467072,-0.22292017936706543,1053346,46,2,False,Left,Back,Right,Centre,65
<_io.BytesIO object at 0x000001C1F4667950>,0.3648008108139038,-0.225816547870636,-0.20681454241275787,1053346,46,2,False,Left,Back,Right,Centre,65
<_io.BytesIO object at 0x000001C1F467A130>,0.3380419909954071,-0.15566539764404297,-0.2626515030860901,1053346,46,2,False,Left,Back,Right,Centre,65
<_io.BytesIO object at 0x000001C1F467A950>,0.3727503716945648,-0.16962869465351105,-0.2865569293498993,1053346,46,2,False,Left,Back,Right,Centre,65
<_io.BytesIO object at 0x000001C1F467A770>,0.3869675099849701,-0.2137477546930313,-0.2888427972793579,1053346,46,2,False,Left,Back,Right,Centre,65
<_io.BytesIO object at 0x000001C1F4563590>,0.35580122470855713,-0.14265389740467072,-0.22292017936706543,1053347,46,2,False,Left,Back,Right,Centre,65
<_io.BytesIO object at 0x000001C1F45636D0>,0.3648008108139038,-0.225816547870636,-0.20681454241275787,1053347,46,2,False,Left,Back,Right,Centre,65
<_io.BytesIO object at 0x000001C1F455C4F0>,0.3380419909954071,-0.15566539764404297,-0.2626515030860901,1053347,46,2,False,Left,Back,Right,Centre,65
<_io.BytesIO object at 0x000001C1F455CC20>,0.3727503716945648,-0.16962869465351105,-0.2865569293498993,1053347,46,2,False,Left,Back,Right,Centre,65
<_io.BytesIO object at 0x000001C1F455C950>,0.3869675099849701,-0.2137477546930313,-0.2888427972793579,1053347,46,2,False,Left,Back,Right,Centre,65
<_io.BytesIO object at 0x000001C1F4563310>,0.35580122470855713,-0.14265389740467072,-0.22292017936706543,1053348,46,2,False,Left,Back,Right,Centre,65
<_io.BytesIO object at 0x000001C1F45614A0>,0.3648008108139038,-0.225816547870636,-0.20681454241275787,1053348,46,2,False,Left,Back,Right,Centre,65
<_io.BytesIO object at 0x000001C1F4561E00>,0.3380419909954071,-0.15566539764404297,-0.2626515030860901,1053348,46,2,False,Left,Back,Right,Centre,65
<_io.BytesIO object at 0x000001C1F45611D0>,0.3727503716945648,-0.16962869465351105,-0.2865569293498993,1053348,46,2,False,Left,Back,Right,Centre,65
<_io.BytesIO object at 0x000001C1F4561590>,0.3869675099849701,-0.2137477546930313,-0.2888427972793579,1053348,46,2,False,Left,Back,Right,Centre,65
<_io.BytesIO object at 0x000001C1F4667F40>,0.35580122470855713,-0.14265389740467072,-0.22292017936706543,1053349,46,2,False,Left,Back,Right,Centre,65
<_io.BytesIO object at 0x000001C1F46674F0>,0.3648008108139038,-0.225816547870636,-0.20681454241275787,1053349,46,2,False,Left,Back,Right,Centre,65
<_io.BytesIO object at 0x000001C1F453BA90>,0.3380419909954071,-0.15566539764404297,-0.2626515030860901,1053349,46,2,False,Left,Back,Right,Centre,65
<_io.BytesIO object at 0x000001C1F453B540>,0.3727503716945648,-0.16962869465351105,-0.2865569293498993,1053349,46,2,False,Left,Back,Right,Centre,65
<_io.BytesIO object at 0x000001C1F453B130>,0.3869675099849701,-0.2137477546930313,-0.2888427972793579,1053349,46,2,False,Left,Back,Right,Centre,65
<_io.BytesIO object at 0x000001C1F465A1D0>,0.35580122470855713,-0.14265389740467072,-0.22292017936706543,1053350,46,2,False,Left,Back,Right,Centre,65
<_io.BytesIO object at 0x000001C1F465A2C0>,0.3648008108139038,-0.225816547870636,-0.20681454241275787,1053350,46,2,False,Left,Back,Right,Centre,65
<_io.BytesIO object at 0x000001C1F465AC20>,0.3380419909954071,-0.15566539764404297,-0.2626515030860901,1053350,46,2,False,Left,Back,Right,Centre,65
<_io.BytesIO object at 0x000001C1F46777C0>,0.3727503716945648,-0.16962869465351105,-0.2865569293498993,1053350,46,2,False,Left,Back,Right,Centre,65
<_io.BytesIO object at 0x000001C1F4677A90>,0.3869675099849701,-0.2137477546930313,-0.2888427972793579,1053350,46,2,False,Left,Back,Right,Centre,65
<_io.BytesIO object at 0x000001C1F4565540>,0.35580122470855713,-0.14265389740467072,-0.22292017936706543,1053351,46,2,False,Left,Back,Right,Centre,65
<_io.BytesIO object at 0x000001C1F4565C20>,0.3648008108139038,-0.225816547870636,-0.20681454241275787,1053351,46,2,False,Left,Back,Right,Centre,65
<_io.BytesIO object at 0x000001C1F4653F40>,0.3380419909954071,-0.15566539764404297,-0.2626515030860901,1053351,46,2,False,Left,Back,Right,Centre,65
<_io.BytesIO object at 0x000001C1F4653F90>,0.3727503716945648,-0.16962869465351105,-0.2865569293498993,1053351,46,2,False,Left,Back,Right,Centre,65
<_io.BytesIO object at 0x000001C1F4653D60>,0.3869675099849701,-0.2137477546930313,-0.2888427972793579,1053351,46,2,False,Left,Back,Right,Centre,65
<_io.BytesIO object at 0x000001C1F4687A40>,0.35580122470855713,-0.14265389740467072,-0.22292017936706543,1053352,46,2,False,Left,Back,Right,Centre,65
<_io.BytesIO object at 0x000001C1F4654720>,0.3648008108139038,-0.225816547870636,-0.20681454241275787,1053352,46,2,False,Left,Back,Right,Centre,65
<_io.BytesIO object at 0x000001C1F4654EA0>,0.3380419909954071,-0.15566539764404297,-0.2626515030860901,1053352,46,2,False,Left,Back,Right,Centre,65
<_io.BytesIO object at 0x000001C1F4654F90>,0.3727503716945648,-0.16962869465351105,-0.2865569293498993,1053352,46,2,False,Left,Back,Right,Centre,65
<_io.BytesIO object at 0x000001C1F4654DB0>,0.3869675099849701,-0.2137477546930313,-0.2888427972793579,1053352,46,2,False,Left,Back,Right,Centre,65
<_io.BytesIO object at 0x000001C1F456ECC0>,0.35580122470855713,-0.14265389740467072,-0.22292017936706543,1053353,46,2,False,Left,Back,Right,Centre,65
<_io.BytesIO object at 0x000001C1F456EC70>,0.3648008108139038,-0.225816547870636,-0.20681454241275787,1053353,46,2,False,Left,Back,Right,Centre,65
<_io.BytesIO object at 0x000001C1F4654180>,0.3380419909954071,-0.15566539764404297,-0.2626515030860901,1053353,46,2,False,Left,Back,Right,Centre,65
<_io.BytesIO object at 0x000001C1F4654590>,0.3727503716945648,-0.16962869465351105,-0.2865569293498993,1053353,46,2,False,Left,Back,Right,Centre,65
<_io.BytesIO object at 0x000001C1F4654B80>,0.3869675099849701,-0.2137477546930313,-0.2888427972793579,1053353,46,2,False,Left,Back,Right,Centre,65
<_io.BytesIO object at 0x000001C1ECBE5810>,0.35580122470855713,-0.14265389740467072,-0.22292017936706543,1053354,46,2,False,Left,Back,Right,Centre,65
<_io.BytesIO object at 0x000001C1ECBE58B0>,0.3648008108139038,-0.225816547870636,-0.20681454241275787,1053354,46,2,False,Left,Back,Right,Centre,65
<_io.BytesIO object at 0x000001C1F4653C20>,0.3380419909954071,-0.15566539764404297,-0.2626515030860901,1053354,46,2,False,Left,Back,Right,Centre,65
<_io.BytesIO object at 0x000001C1F4653D60>,0.3727503716945648,-0.16962869465351105,-0.2865569293498993,1053354,46,2,False,Left,Back,Right,Centre,65
<_io.BytesIO object at 0x000001C1F4653720>,0.3869675099849701,-0.2137477546930313,-0.2888427972793579,1053354,46,2,False,Left,Back,Right,Centre,65
<_io.BytesIO object at 0x000001C1F45696D0>,0.35580122470855713,-0.14265389740467072,-0.22292017936706543,1053355,46,2,False,Left,Back,Right,Centre,65
<_io.BytesIO object at 0x000001C1F4677AE0>,0.3648008108139038,-0.225816547870636,-0.20681454241275787,1053355,46,2,False,Left,Back,Right,Centre,65
<_io.BytesIO object at 0x000001C1F4677F40>,0.3380419909954071,-0.15566539764404297,-0.2626515030860901,1053355,46,2,False,Left,Back,Right,Centre,65
<_io.BytesIO object at 0x000001C1F4677A90>,0.3727503716945648,-0.16962869465351105,-0.2865569293498993,1053355,46,2,False,Left,Back,Right,Centre,65
<_io.BytesIO object at 0x000001C1F46779F0>,0.3869675099849701,-0.2137477546930313,-0.2888427972793579,1053355,46,2,False,Left,Back,Right,Centre,65
<_io.BytesIO object at 0x000001C1F456C950>,0.35580122470855713,-0.14265389740467072,-0.22292017936706543,1053356,46,2,False,Left,Back,Right,Centre,65
<_io.BytesIO object at 0x000001C1F453B040>,0.3648008108139038,-0.225816547870636,-0.20681454241275787,1053356,46,2,False,Left,Back,Right,Centre,65
<_io.BytesIO object at 0x000001C1F453B5E0>,0.3380419909954071,-0.15566539764404297,-0.2626515030860901,1053356,46,2,False,Left,Back,Right,Centre,65
<_io.BytesIO object at 0x000001C1F453B770>,0.3727503716945648,-0.16962869465351105,-0.2865569293498993,1053356,46,2,False,Left,Back,Right,Centre,65
<_io.BytesIO object at 0x000001C1F453B540>,0.3869675099849701,-0.2137477546930313,-0.2888427972793579,1053356,46,2,False,Left,Back,Right,Centre,65
<_io.BytesIO object at 0x000001C1F467A360>,0.35580122470855713,-0.14265389740467072,-0.22292017936706543,1053357,46,2,False,Left,Back,Right,Centre,65
<_io.BytesIO object at 0x000001C1F467AA90>,0.3648008108139038,-0.225816547870636,-0.20681454241275787,1053357,46,2,False,Left,Back,Right,Centre,65
<_io.BytesIO object at 0x000001C1F4561630>,0.3380419909954071,-0.15566539764404297,-0.2626515030860901,1053357,46,2,False,Left,Back,Right,Centre,65
<_io.BytesIO object at 0x000001C1F4561770>,0.3727503716945648,-0.16962869465351105,-0.2865569293498993,1053357,46,2,False,Left,Back,Right,Centre,65
<_io.BytesIO object at 0x000001C1F4561A40>,0.3869675099849701,-0.2137477546930313,-0.2888427972793579,1053357,46,2,False,Left,Back,Right,Centre,65
<_io.BytesIO object at 0x000001C1F455CCC0>,0.35580122470855713,-0.14265389740467072,-0.22292017936706543,1053358,46,2,False,Left,Back,Right,Centre,65
<_io.BytesIO object at 0x000001C1F455C400>,0.3648008108139038,-0.225816547870636,-0.20681454241275787,1053358,46,2,False,Left,Back,Right,Centre,65
<_io.BytesIO object at 0x000001C1F4535270>,0.3380419909954071,-0.15566539764404297,-0.2626515030860901,1053358,46,2,False,Left,Back,Right,Centre,65
<_io.BytesIO object at 0x000001C1F4535090>,0.3727503716945648,-0.16962869465351105,-0.2865569293498993,1053358,46,2,False,Left,Back,Right,Centre,65
<_io.BytesIO object at 0x000001C1F45351D0>,0.3869675099849701,-0.2137477546930313,-0.2888427972793579,1053358,46,2,False,Left,Back,Right,Centre,65
<_io.BytesIO object at 0x000001C1F455C950>,0.35580122470855713,-0.14265389740467072,-0.22292017936706543,1053359,46,2,False,Left,Back,Right,Centre,65
<_io.BytesIO object at 0x000001C1F45634F0>,0.3648008108139038,-0.225816547870636,-0.20681454241275787,1053359,46,2,False,Left,Back,Right,Centre,65
<_io.BytesIO object at 0x000001C1F4563950>,0.3380419909954071,-0.15566539764404297,-0.2626515030860901,1053359,46,2,False,Left,Back,Right,Centre,65
<_io.BytesIO object at 0x000001C1F4563CC0>,0.3727503716945648,-0.16962869465351105,-0.2865569293498993,1053359,46,2,False,Left,Back,Right,Centre,65
<_io.BytesIO object at 0x000001C1F4563DB0>,0.3869675099849701,-0.2137477546930313,-0.2888427972793579,1053359,46,2,False,Left,Back,Right,Centre,65
<_io.BytesIO object at 0x000001C1F467AA40>,0.35580122470855713,-0.14265389740467072,-0.22292017936706543,1053360,46,2,False,Left,Back,Right,Centre,65
<_io.BytesIO object at 0x000001C1F467AF90>,0.3648008108139038,-0.225816547870636,-0.20681454241275787,1053360,46,2,False,Left,Back,Right,Centre,65
<_io.BytesIO object at 0x000001C1F46679A0>,0.3380419909954071,-0.15566539764404297,-0.2626515030860901,1053360,46,2,False,Left,Back,Right,Centre,65
<_io.BytesIO object at 0x000001C1F4667770>,0.3727503716945648,-0.16962869465351105,-0.2865569293498993,1053360,46,2,False,Left,Back,Right,Centre,65
<_io.BytesIO object at 0x000001C1F46678B0>,0.3869675099849701,-0.2137477546930313,-0.2888427972793579,1053360,46,2,False,Left,Back,Right,Centre,65
<_io.BytesIO object at 0x000001C1F456CCC0>,0.35580122470855713,-0.14265389740467072,-0.22292017936706543,1053361,46,2,False,Left,Back,Right,Centre,65
<_io.BytesIO object at 0x000001C1F456CE50>,0.3648008108139038,-0.225816547870636,-0.20681454241275787,1053361,46,2,False,Left,Back,Right,Centre,65
<_io.BytesIO object at 0x000001C1F456C4A0>,0.3380419909954071,-0.15566539764404297,-0.2626515030860901,1053361,46,2,False,Left,Back,Right,Centre,65
<_io.BytesIO object at 0x000001C1F465AE50>,0.3727503716945648,-0.16962869465351105,-0.2865569293498993,1053361,46,2,False,Left,Back,Right,Centre,65
<_io.BytesIO object at 0x000001C1F465A090>,0.3869675099849701,-0.2137477546930313,-0.2888427972793579,1053361,46,2,False,Left,Back,Right,Centre,65
<_io.BytesIO object at 0x000001C1F4569220>,0.35580122470855713,-0.14265389740467072,-0.22292017936706543,1053362,46,2,False,Left,Back,Right,Centre,65
<_io.BytesIO object at 0x000001C1F4569E50>,0.3648008108139038,-0.225816547870636,-0.20681454241275787,1053362,46,2,False,Left,Back,Right,Centre,65
<_io.BytesIO object at 0x000001C1F4565C20>,0.3380419909954071,-0.15566539764404297,-0.2626515030860901,1053362,46,2,False,Left,Back,Right,Centre,65
<_io.BytesIO object at 0x000001C1F4565180>,0.3727503716945648,-0.16962869465351105,-0.2865569293498993,1053362,46,2,False,Left,Back,Right,Centre,65
<_io.BytesIO object at 0x000001C1F4565DB0>,0.3869675099849701,-0.2137477546930313,-0.2888427972793579,1053362,46,2,False,Left,Back,Right,Centre,65
<_io.BytesIO object at 0x000001C1ECBE5270>,0.35580122470855713,-0.14265389740467072,-0.22292017936706543,1053363,46,2,False,Left,Back,Right,Centre,65
<_io.BytesIO object at 0x000001C1F4687900>,0.3648008108139038,-0.225816547870636,-0.20681454241275787,1053363,46,2,False,Left,Back,Right,Centre,65
<_io.BytesIO object at 0x000001C1F4687B80>,0.3380419909954071,-0.15566539764404297,-0.2626515030860901,1053363,46,2,False,Left,Back,Right,Centre,65
<_io.BytesIO object at 0x000001C1F46873B0>,0.3727503716945648,-0.16962869465351105,-0.2865569293498993,1053363,46,2,False,Left,Back,Right,Centre,65
<_io.BytesIO object at 0x000001C1F4687680>,0.3869675099849701,-0.2137477546930313,-0.2888427972793579,1053363,46,2,False,Left,Back,Right,Centre,65
<_io.BytesIO object at 0x000001C1F4654630>,0.35580122470855713,-0.14265389740467072,-0.22292017936706543,1053364,46,2,False,Left,Back,Right,Centre,65
<_io.BytesIO object at 0x000001C1F4654680>,0.3648008108139038,-0.225816547870636,-0.20681454241275787,1053364,46,2,False,Left,Back,Right,Centre,65
<_io.BytesIO object at 0x000001C1F46540E0>,0.3380419909954071,-0.15566539764404297,-0.2626515030860901,1053364,46,2,False,Left,Back,Right,Centre,65
<_io.BytesIO object at 0x000001C1F4687D10>,0.3727503716945648,-0.16962869465351105,-0.2865569293498993,1053364,46,2,False,Left,Back,Right,Centre,65
<_io.BytesIO object at 0x000001C1F4687DB0>,0.3869675099849701,-0.2137477546930313,-0.2888427972793579,1053364,46,2,False,Left,Back,Right,Centre,65
<_io.BytesIO object at 0x000001C1F4653860>,0.35580122470855713,-0.14265389740467072,-0.22292017936706543,1053365,46,2,False,Left,Back,Right,Centre,65
<_io.BytesIO object at 0x000001C1F45653B0>,0.3648008108139038,-0.225816547870636,-0.20681454241275787,1053365,46,2,False,Left,Back,Right,Centre,65
<_io.BytesIO object at 0x000001C1F45659F0>,0.3380419909954071,-0.15566539764404297,-0.2626515030860901,1053365,46,2,False,Left,Back,Right,Centre,65
<_io.BytesIO object at 0x000001C1F4565400>,0.3727503716945648,-0.16962869465351105,-0.2865569293498993,1053365,46,2,False,Left,Back,Right,Centre,65
<_io.BytesIO object at 0x000001C1F4565220>,0.3869675099849701,-0.2137477546930313,-0.2888427972793579,1053365,46,2,False,Left,Back,Right,Centre,65
<_io.BytesIO object at 0x000001C1F46774F0>,0.35580122470855713,-0.14265389740467072,-0.22292017936706543,1053366,46,2,False,Left,Back,Right,Centre,65
<_io.BytesIO object at 0x000001C1F465AD10>,0.3648008108139038,-0.225816547870636,-0.20681454241275787,1053366,46,2,False,Left,Back,Right,Centre,65
<_io.BytesIO object at 0x000001C1F465ACC0>,0.3380419909954071,-0.15566539764404297,-0.2626515030860901,1053366,46,2,False,Left,Back,Right,Centre,65
<_io.BytesIO object at 0x000001C1F465A310>,0.3727503716945648,-0.16962869465351105,-0.2865569293498993,1053366,46,2,False,Left,Back,Right,Centre,65
<_io.BytesIO object at 0x000001C1F465A220>,0.3869675099849701,-0.2137477546930313,-0.2888427972793579,1053366,46,2,False,Left,Back,Right,Centre,65
<_io.BytesIO object at 0x000001C1F453B270>,0.35580122470855713,-0.14265389740467072,-0.22292017936706543,1053367,46,2,False,Left,Back,Right,Centre,65
<_io.BytesIO object at 0x000001C1F4667B30>,0.3648008108139038,-0.225816547870636,-0.20681454241275787,1053367,46,2,False,Left,Back,Right,Centre,65
<_io.BytesIO object at 0x000001C1F4667CC0>,0.3380419909954071,-0.15566539764404297,-0.2626515030860901,1053367,46,2,False,Left,Back,Right,Centre,65
<_io.BytesIO object at 0x000001C1F4667450>,0.3727503716945648,-0.16962869465351105,-0.2865569293498993,1053367,46,2,False,Left,Back,Right,Centre,65
<_io.BytesIO object at 0x000001C1F4667810>,0.3869675099849701,-0.2137477546930313,-0.2888427972793579,1053367,46,2,False,Left,Back,Right,Centre,65
<_io.BytesIO object at 0x000001C1F4561630>,0.35580122470855713,-0.14265389740467072,-0.22292017936706543,1053368,46,2,False,Left,Back,Right,Centre,65
<_io.BytesIO object at 0x000001C1F4561A90>,0.3648008108139038,-0.225816547870636,-0.20681454241275787,1053368,46,2,False,Left,Back,Right,Centre,65
<_io.BytesIO object at 0x000001C1F4563F40>,0.3380419909954071,-0.15566539764404297,-0.2626515030860901,1053368,46,2,False,Left,Back,Right,Centre,65
<_io.BytesIO object at 0x000001C1F45636D0>,0.3727503716945648,-0.16962869465351105,-0.2865569293498993,1053368,46,2,False,Left,Back,Right,Centre,65
<_io.BytesIO object at 0x000001C1F45632C0>,0.3869675099849701,-0.2137477546930313,-0.2888427972793579,1053368,46,2,False,Left,Back,Right,Centre,65
<_io.BytesIO object at 0x000001C1F4535090>,0.35580122470855713,-0.14265389740467072,-0.22292017936706543,1053369,46,2,False,Left,Back,Right,Centre,65
<_io.BytesIO object at 0x000001C1F4535450>,0.3648008108139038,-0.225816547870636,-0.20681454241275787,1053369,46,2,False,Left,Back,Right,Centre,65
<_io.BytesIO object at 0x000001C1F456E450>,0.3380419909954071,-0.15566539764404297,-0.2626515030860901,1053369,46,2,False,Left,Back,Right,Centre,65
<_io.BytesIO object at 0x000001C1F456E2C0>,0.3727503716945648,-0.16962869465351105,-0.2865569293498993,1053369,46,2,False,Left,Back,Right,Centre,65
<_io.BytesIO object at 0x000001C1F456E590>,0.3869675099849701,-0.2137477546930313,-0.2888427972793579,1053369,46,2,False,Left,Back,Right,Centre,65
<_io.BytesIO object at 0x000001C1F4535630>,0.35580122470855713,-0.14265389740467072,-0.22292017936706543,1053370,46,2,False,Left,Back,Right,Centre,65
<_io.BytesIO object at 0x000001C1F455CD10>,0.3648008108139038,-0.225816547870636,-0.20681454241275787,1053370,46,2,False,Left,Back,Right,Centre,65
<_io.BytesIO object at 0x000001C1F455CEF0>,0.3380419909954071,-0.15566539764404297,-0.2626515030860901,1053370,46,2,False,Left,Back,Right,Centre,65
<_io.BytesIO object at 0x000001C1F455C860>,0.3727503716945648,-0.16962869465351105,-0.2865569293498993,1053370,46,2,False,Left,Back,Right,Centre,65
<_io.BytesIO object at 0x000001C1F455C450>,0.3869675099849701,-0.2137477546930313,-0.2888427972793579,1053370,46,2,False,Left,Back,Right,Centre,65
<_io.BytesIO object at 0x000001C1F4561450>,0.35580122470855713,-0.14265389740467072,-0.22292017936706543,1053371,46,2,False,Left,Back,Right,Centre,65
<_io.BytesIO object at 0x000001C1F467A360>,0.3648008108139038,-0.225816547870636,-0.20681454241275787,1053371,46,2,False,Left,Back,Right,Centre,65
<_io.BytesIO object at 0x000001C1F467A1D0>,0.3380419909954071,-0.15566539764404297,-0.2626515030860901,1053371,46,2,False,Left,Back,Right,Centre,65
<_io.BytesIO object at 0x000001C1F467AEF0>,0.3727503716945648,-0.16962869465351105,-0.2865569293498993,1053371,46,2,False,Left,Back,Right,Centre,65
<_io.BytesIO object at 0x000001C1F467AD10>,0.3869675099849701,-0.2137477546930313,-0.2888427972793579,1053371,46,2,False,Left,Back,Right,Centre,65
<_io.BytesIO object at 0x000001C1F453B720>,0.35580122470855713,-0.14265389740467072,-0.22292017936706543,1053372,46,2,False,Left,Back,Right,Centre,65
<_io.BytesIO object at 0x000001C1F453B5E0>,0.3648008108139038,-0.225816547870636,-0.20681454241275787,1053372,46,2,False,Left,Back,Right,Centre,65
<_io.BytesIO object at 0x000001C1F456C360>,0.3380419909954071,-0.15566539764404297,-0.2626515030860901,1053372,46,2,False,Left,Back,Right,Centre,65
<_io.BytesIO object at 0x000001C1F456C0E0>,0.3727503716945648,-0.16962869465351105,-0.2865569293498993,1053372,46,2,False,Left,Back,Right,Centre,65
<_io.BytesIO object at 0x000001C1F456C590>,0.3869675099849701,-0.2137477546930313,-0.2888427972793579,1053372,46,2,False,Left,Back,Right,Centre,65
<_io.BytesIO object at 0x000001C1F4677EA0>,0.35580122470855713,-0.14265389740467072,-0.22292017936706543,1053373,46,2,False,Left,Back,Right,Centre,65
<_io.BytesIO object at 0x000001C1F4677950>,0.3648008108139038,-0.225816547870636,-0.20681454241275787,1053373,46,2,False,Left,Back,Right,Centre,65
<_io.BytesIO object at 0x000001C1F4569D60>,0.3380419909954071,-0.15566539764404297,-0.2626515030860901,1053373,46,2,False,Left,Back,Right,Centre,65
<_io.BytesIO object at 0x000001C1F4569EA0>,0.3727503716945648,-0.16962869465351105,-0.2865569293498993,1053373,46,2,False,Left,Back,Right,Centre,65
<_io.BytesIO object at 0x000001C1F4569680>,0.3869675099849701,-0.2137477546930313,-0.2888427972793579,1053373,46,2,False,Left,Back,Right,Centre,65
<_io.BytesIO object at 0x000001C1F4653450>,0.35580122470855713,-0.14265389740467072,-0.22292017936706543,1053374,46,2,False,Left,Back,Right,Centre,65
<_io.BytesIO object at 0x000001C1ECBE54A0>,0.3648008108139038,-0.225816547870636,-0.20681454241275787,1053374,46,2,False,Left,Back,Right,Centre,65
<_io.BytesIO object at 0x000001C1ECBE5590>,0.3380419909954071,-0.15566539764404297,-0.2626515030860901,1053374,46,2,False,Left,Back,Right,Centre,65
<_io.BytesIO object at 0x000001C1F4687860>,0.3727503716945648,-0.16962869465351105,-0.2865569293498993,1053374,46,2,False,Left,Back,Right,Centre,65
<_io.BytesIO object at 0x000001C1F46873B0>,0.3869675099849701,-0.2137477546930313,-0.2888427972793579,1053374,46,2,False,Left,Back,Right,Centre,65
<_io.BytesIO object at 0x000001C1F4687630>,0.35580122470855713,-0.14265389740467072,-0.22292017936706543,1053375,46,2,False,Left,Back,Right,Centre,65
<_io.BytesIO object at 0x000001C1F46870E0>,0.3648008108139038,-0.225816547870636,-0.20681454241275787,1053375,46,2,False,Left,Back,Right,Centre,65
<_io.BytesIO object at 0x000001C1F46873B0>,0.3380419909954071,-0.15566539764404297,-0.2626515030860901,1053375,46,2,False,Left,Back,Right,Centre,65
<_io.BytesIO object at 0x000001C1F4687B30>,0.3727503716945648,-0.16962869465351105,-0.2865569293498993,1053375,46,2,False,Left,Back,Right,Centre,65
<_io.BytesIO object at 0x000001C1ECBE52C0>,0.3869675099849701,-0.2137477546930313,-0.2888427972793579,1053375,46,2,False,Left,Back,Right,Centre,65
<_io.BytesIO object at 0x000001C1F4565180>,0.35580122470855713,-0.14265389740467072,-0.22292017936706543,1053376,46,2,False,Left,Back,Right,Centre,65
<_io.BytesIO object at 0x000001C1F4569360>,0.3648008108139038,-0.225816547870636,-0.20681454241275787,1053376,46,2,False,Left,Back,Right,Centre,65
<_io.BytesIO object at 0x000001C1F45694A0>,0.3380419909954071,-0.15566539764404297,-0.2626515030860901,1053376,46,2,False,Left,Back,Right,Centre,65
<_io.BytesIO object at 0x000001C1F4569900>,0.3727503716945648,-0.16962869465351105,-0.2865569293498993,1053376,46,2,False,Left,Back,Right,Centre,65
<_io.BytesIO object at 0x000001C1F4569C70>,0.3869675099849701,-0.2137477546930313,-0.2888427972793579,1053376,46,2,False,Left,Back,Right,Centre,65
<_io.BytesIO object at 0x000001C1F465AF90>,0.35580122470855713,-0.14265389740467072,-0.22292017936706543,1053377,46,2,False,Left,Back,Right,Centre,65
<_io.BytesIO object at 0x000001C1F456C130>,0.3648008108139038,-0.225816547870636,-0.20681454241275787,1053377,46,2,False,Left,Back,Right,Centre,65
<_io.BytesIO object at 0x000001C1F456C590>,0.3380419909954071,-0.15566539764404297,-0.2626515030860901,1053377,46,2,False,Left,Back,Right,Centre,65
<_io.BytesIO object at 0x000001C1F456C310>,0.3727503716945648,-0.16962869465351105,-0.2865569293498993,1053377,46,2,False,Left,Back,Right,Centre,65
<_io.BytesIO object at 0x000001C1F456CDB0>,0.3869675099849701,-0.2137477546930313,-0.2888427972793579,1053377,46,2,False,Left,Back,Right,Centre,65
<_io.BytesIO object at 0x000001C1F46671D0>,0.35580122470855713,-0.14265389740467072,-0.22292017936706543,1053378,46,2,False,Left,Back,Right,Centre,65
<_io.BytesIO object at 0x000001C1F4667F40>,0.3648008108139038,-0.225816547870636,-0.20681454241275787,1053378,46,2,False,Left,Back,Right,Centre,65
<_io.BytesIO object at 0x000001C1F467A950>,0.3380419909954071,-0.15566539764404297,-0.2626515030860901,1053378,46,2,False,Left,Back,Right,Centre,65
<_io.BytesIO object at 0x000001C1F467AEF0>,0.3727503716945648,-0.16962869465351105,-0.2865569293498993,1053378,46,2,False,Left,Back,Right,Centre,65
<_io.BytesIO object at 0x000001C1F467A450>,0.3869675099849701,-0.2137477546930313,-0.2888427972793579,1053378,46,2,False,Left,Back,Right,Centre,65
<_io.BytesIO object at 0x000001C1F4563950>,0.35580122470855713,-0.14265389740467072,-0.22292017936706543,1053379,46,2,False,Left,Back,Right,Centre,65
<_io.BytesIO object at 0x000001C1F4563C20>,0.3648008108139038,-0.225816547870636,-0.20681454241275787,1053379,46,2,False,Left,Back,Right,Centre,65
<_io.BytesIO object at 0x000001C1F455C950>,0.3380419909954071,-0.15566539764404297,-0.2626515030860901,1053379,46,2,False,Left,Back,Right,Centre,65
<_io.BytesIO object at 0x000001C1F455C860>,0.3727503716945648,-0.16962869465351105,-0.2865569293498993,1053379,46,2,False,Left,Back,Right,Centre,65
<_io.BytesIO object at 0x000001C1F455CD60>,0.3869675099849701,-0.2137477546930313,-0.2888427972793579,1053379,46,2,False,Left,Back,Right,Centre,65
<_io.BytesIO object at 0x000001C1F456ED10>,0.35580122470855713,-0.14265389740467072,-0.22292017936706543,1053380,46,2,False,Left,Back,Right,Centre,65
<_io.BytesIO object at 0x000001C1F4654EA0>,0.3648008108139038,-0.225816547870636,-0.20681454241275787,1053380,46,2,False,Left,Back,Right,Centre,65
<_io.BytesIO object at 0x000001C1F4654D10>,0.3380419909954071,-0.15566539764404297,-0.2626515030860901,1053380,46,2,False,Left,Back,Right,Centre,65
<_io.BytesIO object at 0x000001C1F4654CC0>,0.3727503716945648,-0.16962869465351105,-0.2865569293498993,1053380,46,2,False,Left,Back,Right,Centre,65
<_io.BytesIO object at 0x000001C1F4654A40>,0.3869675099849701,-0.2137477546930313,-0.2888427972793579,1053380,46,2,False,Left,Back,Right,Centre,65
<_io.BytesIO object at 0x000001C1F456EA40>,0.35580122470855713,-0.14265389740467072,-0.22292017936706543,1053381,46,2,False,Left,Back,Right,Centre,65
<_io.BytesIO object at 0x000001C1F4535680>,0.3648008108139038,-0.225816547870636,-0.20681454241275787,1053381,46,2,False,Left,Back,Right,Centre,65
<_io.BytesIO object at 0x000001C1F45351D0>,0.3380419909954071,-0.15566539764404297,-0.2626515030860901,1053381,46,2,False,Left,Back,Right,Centre,65
<_io.BytesIO object at 0x000001C1F4535E50>,0.3727503716945648,-0.16962869465351105,-0.2865569293498993,1053381,46,2,False,Left,Back,Right,Centre,65
<_io.BytesIO object at 0x000001C1F45359F0>,0.3869675099849701,-0.2137477546930313,-0.2888427972793579,1053381,46,2,False,Left,Back,Right,Centre,65
<_io.BytesIO object at 0x000001C1F4561F40>,0.35580122470855713,-0.14265389740467072,-0.22292017936706543,1053382,46,2,False,Left,Back,Right,Centre,65
<_io.BytesIO object at 0x000001C1F45611D0>,0.3648008108139038,-0.225816547870636,-0.20681454241275787,1053382,46,2,False,Left,Back,Right,Centre,65
<_io.BytesIO object at 0x000001C1F45616D0>,0.3380419909954071,-0.15566539764404297,-0.2626515030860901,1053382,46,2,False,Left,Back,Right,Centre,65
<_io.BytesIO object at 0x000001C1F4561810>,0.3727503716945648,-0.16962869465351105,-0.2865569293498993,1053382,46,2,False,Left,Back,Right,Centre,65
<_io.BytesIO object at 0x000001C1F467A270>,0.3869675099849701,-0.2137477546930313,-0.2888427972793579,1053382,46,2,False,Left,Back,Right,Centre,65
<_io.BytesIO object at 0x000001C1F4667C70>,0.35580122470855713,-0.14265389740467072,-0.22292017936706543,1053383,46,2,False,Left,Back,Right,Centre,65
<_io.BytesIO object at 0x000001C1F453B090>,0.3648008108139038,-0.225816547870636,-0.20681454241275787,1053383,46,2,False,Left,Back,Right,Centre,65
<_io.BytesIO object at 0x000001C1F453BF90>,0.3380419909954071,-0.15566539764404297,-0.2626515030860901,1053383,46,2,False,Left,Back,Right,Centre,65
<_io.BytesIO object at 0x000001C1F453B040>,0.3727503716945648,-0.16962869465351105,-0.2865569293498993,1053383,46,2,False,Left,Back,Right,Centre,65
<_io.BytesIO object at 0x000001C1F453B400>,0.3869675099849701,-0.2137477546930313,-0.2888427972793579,1053383,46,2,False,Left,Back,Right,Centre,65
<_io.BytesIO object at 0x000001C1F465AB30>,0.35580122470855713,-0.14265389740467072,-0.22292017936706543,1053384,46,2,False,Left,Back,Right,Centre,65
<_io.BytesIO object at 0x000001C1F465A9A0>,0.3648008108139038,-0.225816547870636,-0.20681454241275787,1053384,46,2,False,Left,Back,Right,Centre,65
<_io.BytesIO object at 0x000001C1F46777C0>,0.3380419909954071,-0.15566539764404297,-0.2626515030860901,1053384,46,2,False,Left,Back,Right,Centre,65
<_io.BytesIO object at 0x000001C1F46773B0>,0.3727503716945648,-0.16962869465351105,-0.2865569293498993,1053384,46,2,False,Left,Back,Right,Centre,65
<_io.BytesIO object at 0x000001C1F46772C0>,0.3869675099849701,-0.2137477546930313,-0.2888427972793579,1053384,46,2,False,Left,Back,Right,Centre,65
<_io.BytesIO object at 0x000001C1F4565450>,0.35580122470855713,-0.14265389740467072,-0.22292017936706543,1053385,46,2,False,Left,Back,Right,Centre,65
<_io.BytesIO object at 0x000001C1F4653BD0>,0.3648008108139038,-0.225816547870636,-0.20681454241275787,1053385,46,2,False,Left,Back,Right,Centre,65
<_io.BytesIO object at 0x000001C1F4653F90>,0.3380419909954071,-0.15566539764404297,-0.2626515030860901,1053385,46,2,False,Left,Back,Right,Centre,65
<_io.BytesIO object at 0x000001C1F4653EF0>,0.3727503716945648,-0.16962869465351105,-0.2865569293498993,1053385,46,2,False,Left,Back,Right,Centre,65
<_io.BytesIO object at 0x000001C1F4653540>,0.3869675099849701,-0.2137477546930313,-0.2888427972793579,1053385,46,2,False,Left,Back,Right,Centre,65
<_io.BytesIO object at 0x000001C1F4653A40>,0.35580122470855713,-0.14265389740467072,-0.22292017936706543,1053386,46,2,False,Left,Back,Right,Centre,65
<_io.BytesIO object at 0x000001C1F4653B80>,0.3648008108139038,-0.225816547870636,-0.20681454241275787,1053386,46,2,False,Left,Back,Right,Centre,65
<_io.BytesIO object at 0x000001C1F4565540>,0.3380419909954071,-0.15566539764404297,-0.2626515030860901,1053386,46,2,False,Left,Back,Right,Centre,65
<_io.BytesIO object at 0x000001C1F45653B0>,0.3727503716945648,-0.16962869465351105,-0.2865569293498993,1053386,46,2,False,Left,Back,Right,Centre,65
<_io.BytesIO object at 0x000001C1F45659F0>,0.3869675099849701,-0.2137477546930313,-0.2888427972793579,1053386,46,2,False,Left,Back,Right,Centre,65
<_io.BytesIO object at 0x000001C1F46778B0>,0.35580122470855713,-0.14265389740467072,-0.22292017936706543,1053387,46,2,False,Left,Back,Right,Centre,65
<_io.BytesIO object at 0x000001C1F465A9A0>,0.3648008108139038,-0.225816547870636,-0.20681454241275787,1053387,46,2,False,Left,Back,Right,Centre,65
<_io.BytesIO object at 0x000001C1F465AF40>,0.3380419909954071,-0.15566539764404297,-0.2626515030860901,1053387,46,2,False,Left,Back,Right,Centre,65
<_io.BytesIO object at 0x000001C1F465A4A0>,0.3727503716945648,-0.16962869465351105,-0.2865569293498993,1053387,46,2,False,Left,Back,Right,Centre,65
<_io.BytesIO object at 0x000001C1F465A630>,0.3869675099849701,-0.2137477546930313,-0.2888427972793579,1053387,46,2,False,Left,Back,Right,Centre,65
<_io.BytesIO object at 0x000001C1F453B770>,0.35580122470855713,-0.14265389740467072,-0.22292017936706543,1053388,46,2,False,Left,Back,Right,Centre,65
<_io.BytesIO object at 0x000001C1F453BCC0>,0.3648008108139038,-0.225816547870636,-0.20681454241275787,1053388,46,2,False,Left,Back,Right,Centre,65
<_io.BytesIO object at 0x000001C1F4667E50>,0.3380419909954071,-0.15566539764404297,-0.2626515030860901,1053388,46,2,False,Left,Back,Right,Centre,65
<_io.BytesIO object at 0x000001C1F46670E0>,0.3727503716945648,-0.16962869465351105,-0.2865569293498993,1053388,46,2,False,Left,Back,Right,Centre,65
<_io.BytesIO object at 0x000001C1F4667720>,0.3869675099849701,-0.2137477546930313,-0.2888427972793579,1053388,46,2,False,Left,Back,Right,Centre,65
<_io.BytesIO object at 0x000001C1F4561810>,0.35580122470855713,-0.14265389740467072,-0.22292017936706543,1053389,46,2,False,Left,Back,Right,Centre,65
<_io.BytesIO object at 0x000001C1F4561540>,0.3648008108139038,-0.225816547870636,-0.20681454241275787,1053389,46,2,False,Left,Back,Right,Centre,65
<_io.BytesIO object at 0x000001C1F4561090>,0.3380419909954071,-0.15566539764404297,-0.2626515030860901,1053389,46,2,False,Left,Back,Right,Centre,65
<_io.BytesIO object at 0x000001C1F4563450>,0.3727503716945648,-0.16962869465351105,-0.2865569293498993,1053389,46,2,False,Left,Back,Right,Centre,65
<_io.BytesIO object at 0x000001C1F4563D10>,0.3869675099849701,-0.2137477546930313,-0.2888427972793579,1053389,46,2,False,Left,Back,Right,Centre,65
<_io.BytesIO object at 0x000001C1F45359F0>,0.35580122470855713,-0.14265389740467072,-0.22292017936706543,1053390,46,2,False,Left,Back,Right,Centre,65
<_io.BytesIO object at 0x000001C1F4535310>,0.3648008108139038,-0.225816547870636,-0.20681454241275787,1053390,46,2,False,Left,Back,Right,Centre,65
<_io.BytesIO object at 0x000001C1F456E5E0>,0.3380419909954071,-0.15566539764404297,-0.2626515030860901,1053390,46,2,False,Left,Back,Right,Centre,65
<_io.BytesIO object at 0x000001C1F456E270>,0.3727503716945648,-0.16962869465351105,-0.2865569293498993,1053390,46,2,False,Left,Back,Right,Centre,65
<_io.BytesIO object at 0x000001C1F456ED60>,0.3869675099849701,-0.2137477546930313,-0.2888427972793579,1053390,46,2,False,Left,Back,Right,Centre,65
<_io.BytesIO object at 0x000001C1F4654AE0>,0.35580122470855713,-0.14265389740467072,-0.22292017936706543,1053391,46,2,False,Left,Back,Right,Centre,65
<_io.BytesIO object at 0x000001C1F46547C0>,0.3648008108139038,-0.225816547870636,-0.20681454241275787,1053391,46,2,False,Left,Back,Right,Centre,65
<_io.BytesIO object at 0x000001C1F46544A0>,0.3380419909954071,-0.15566539764404297,-0.2626515030860901,1053391,46,2,False,Left,Back,Right,Centre,65
<_io.BytesIO object at 0x000001C1F456ECC0>,0.3727503716945648,-0.16962869465351105,-0.2865569293498993,1053391,46,2,False,Left,Back,Right,Centre,65
<_io.BytesIO object at 0x000001C1F456E360>,0.3869675099849701,-0.2137477546930313,-0.2888427972793579,1053391,46,2,False,Left,Back,Right,Centre,65
<_io.BytesIO object at 0x000001C1F455C0E0>,0.35580122470855713,-0.14265389740467072,-0.22292017936706543,1053392,46,2,False,Left,Back,Right,Centre,65
<_io.BytesIO object at 0x000001C1F4563C70>,0.3648008108139038,-0.225816547870636,-0.20681454241275787,1053392,46,2,False,Left,Back,Right,Centre,65
<_io.BytesIO object at 0x000001C1F4563400>,0.3380419909954071,-0.15566539764404297,-0.2626515030860901,1053392,46,2,False,Left,Back,Right,Centre,65
<_io.BytesIO object at 0x000001C1F4563630>,0.3727503716945648,-0.16962869465351105,-0.2865569293498993,1053392,46,2,False,Left,Back,Right,Centre,65
<_io.BytesIO object at 0x000001C1F4563A90>,0.3869675099849701,-0.2137477546930313,-0.2888427972793579,1053392,46,2,False,Left,Back,Right,Centre,65
<_io.BytesIO object at 0x000001C1F467A950>,0.35580122470855713,-0.14265389740467072,-0.22292017936706543,1053393,46,2,False,Left,Back,Right,Centre,65
<_io.BytesIO object at 0x000001C1F467A810>,0.3648008108139038,-0.225816547870636,-0.20681454241275787,1053393,46,2,False,Left,Back,Right,Centre,65
<_io.BytesIO object at 0x000001C1F4667040>,0.3380419909954071,-0.15566539764404297,-0.2626515030860901,1053393,46,2,False,Left,Back,Right,Centre,65
<_io.BytesIO object at 0x000001C1F4667450>,0.3727503716945648,-0.16962869465351105,-0.2865569293498993,1053393,46,2,False,Left,Back,Right,Centre,65
<_io.BytesIO object at 0x000001C1F4667B30>,0.3869675099849701,-0.2137477546930313,-0.2888427972793579,1053393,46,2,False,Left,Back,Right,Centre,65
<_io.BytesIO object at 0x000001C1F456CEA0>,0.35580122470855713,-0.14265389740467072,-0.22292017936706543,1053394,46,2,False,Left,Back,Right,Centre,65
<_io.BytesIO object at 0x000001C1F456C450>,0.3648008108139038,-0.225816547870636,-0.20681454241275787,1053394,46,2,False,Left,Back,Right,Centre,65
<_io.BytesIO object at 0x000001C1F465A090>,0.3380419909954071,-0.15566539764404297,-0.2626515030860901,1053394,46,2,False,Left,Back,Right,Centre,65
<_io.BytesIO object at 0x000001C1F465A180>,0.3727503716945648,-0.16962869465351105,-0.2865569293498993,1053394,46,2,False,Left,Back,Right,Centre,65
<_io.BytesIO object at 0x000001C1F465A310>,0.3869675099849701,-0.2137477546930313,-0.2888427972793579,1053394,46,2,False,Left,Back,Right,Centre,65
<_io.BytesIO object at 0x000001C1F4569400>,0.35580122470855713,-0.14265389740467072,-0.22292017936706543,1053395,46,2,False,Left,Back,Right,Centre,65
<_io.BytesIO object at 0x000001C1F4569F90>,0.3648008108139038,-0.225816547870636,-0.20681454241275787,1053395,46,2,False,Left,Back,Right,Centre,65
<_io.BytesIO object at 0x000001C1F4565CC0>,0.3380419909954071,-0.15566539764404297,-0.2626515030860901,1053395,46,2,False,Left,Back,Right,Centre,65
<_io.BytesIO object at 0x000001C1F4565590>,0.3727503716945648,-0.16962869465351105,-0.2865569293498993,1053395,46,2,False,Left,Back,Right,Centre,65
<_io.BytesIO object at 0x000001C1F4565310>,0.3869675099849701,-0.2137477546930313,-0.2888427972793579,1053395,46,2,False,Left,Back,Right,Centre,65
<_io.BytesIO object at 0x000001C1F4687400>,0.35580122470855713,-0.14265389740467072,-0.22292017936706543,1053396,46,2,False,Left,Back,Right,Centre,65
<_io.BytesIO object at 0x000001C1F4687630>,0.3648008108139038,-0.225816547870636,-0.20681454241275787,1053396,46,2,False,Left,Back,Right,Centre,65
<_io.BytesIO object at 0x000001C1F4687B80>,0.3380419909954071,-0.15566539764404297,-0.2626515030860901,1053396,46,2,False,Left,Back,Right,Centre,65
<_io.BytesIO object at 0x000001C1F46872C0>,0.3727503716945648,-0.16962869465351105,-0.2865569293498993,1053396,46,2,False,Left,Back,Right,Centre,65
<_io.BytesIO object at 0x000001C1F1805360>,0.3869675099849701,-0.2137477546930313,-0.2888427972793579,1053396,46,2,False,Left,Back,Right,Centre,65
<_io.BytesIO object at 0x000001C1F46538B0>,0.35580122470855713,-0.14265389740467072,-0.22292017936706543,1053397,46,2,False,Left,Back,Right,Centre,65
<_io.BytesIO object at 0x000001C1F46537C0>,0.3648008108139038,-0.225816547870636,-0.20681454241275787,1053397,46,2,False,Left,Back,Right,Centre,65
<_io.BytesIO object at 0x000001C1F4565D60>,0.3380419909954071,-0.15566539764404297,-0.2626515030860901,1053397,46,2,False,Left,Back,Right,Centre,65
<_io.BytesIO object at 0x000001C1F4565540>,0.3727503716945648,-0.16962869465351105,-0.2865569293498993,1053397,46,2,False,Left,Back,Right,Centre,65
<_io.BytesIO object at 0x000001C1F4565630>,0.3869675099849701,-0.2137477546930313,-0.2888427972793579,1053397,46,2,False,Left,Back,Right,Centre,65
<_io.BytesIO object at 0x000001C1F46774A0>,0.35580122470855713,-0.14265389740467072,-0.22292017936706543,1053398,46,2,False,Left,Back,Right,Centre,65
<_io.BytesIO object at 0x000001C1F46772C0>,0.3648008108139038,-0.225816547870636,-0.20681454241275787,1053398,46,2,False,Left,Back,Right,Centre,65
<_io.BytesIO object at 0x000001C1F465A9A0>,0.3380419909954071,-0.15566539764404297,-0.2626515030860901,1053398,46,2,False,Left,Back,Right,Centre,65
<_io.BytesIO object at 0x000001C1F465AF40>,0.3727503716945648,-0.16962869465351105,-0.2865569293498993,1053398,46,2,False,Left,Back,Right,Centre,65
<_io.BytesIO object at 0x000001C1F465A540>,0.3869675099849701,-0.2137477546930313,-0.2888427972793579,1053398,46,2,False,Left,Back,Right,Centre,65
<_io.BytesIO object at 0x000001C1F453B680>,0.35580122470855713,-0.14265389740467072,-0.22292017936706543,1053399,46,2,False,Left,Back,Right,Centre,65
<_io.BytesIO object at 0x000001C1F453B900>,0.3648008108139038,-0.225816547870636,-0.20681454241275787,1053399,46,2,False,Left,Back,Right,Centre,65
<_io.BytesIO object at 0x000001C1F4667310>,0.3380419909954071,-0.15566539764404297,-0.2626515030860901,1053399,46,2,False,Left,Back,Right,Centre,65
<_io.BytesIO object at 0x000001C1F4667590>,0.3727503716945648,-0.16962869465351105,-0.2865569293498993,1053399,46,2,False,Left,Back,Right,Centre,65
<_io.BytesIO object at 0x000001C1F4667860>,0.3869675099849701,-0.2137477546930313,-0.2888427972793579,1053399,46,2,False,Left,Back,Right,Centre,65
<_io.BytesIO object at 0x000001C1F45618B0>,0.35580122470855713,-0.14265389740467072,-0.22292017936706543,1053400,46,2,False,Left,Back,Right,Centre,65
<_io.BytesIO object at 0x000001C1F45613B0>,0.3648008108139038,-0.225816547870636,-0.20681454241275787,1053400,46,2,False,Left,Back,Right,Centre,65
<_io.BytesIO object at 0x000001C1F4561E50>,0.3380419909954071,-0.15566539764404297,-0.2626515030860901,1053400,46,2,False,Left,Back,Right,Centre,65
<_io.BytesIO object at 0x000001C1F4561630>,0.3727503716945648,-0.16962869465351105,-0.2865569293498993,1053400,46,2,False,Left,Back,Right,Centre,65
<_io.BytesIO object at 0x000001C1F4563090>,0.3869675099849701,-0.2137477546930313,-0.2888427972793579,1053400,46,2,False,Left,Back,Right,Centre,65
<_io.BytesIO object at 0x000001C1F4535450>,0.35580122470855713,-0.14265389740467072,-0.22292017936706543,1053401,46,2,False,Left,Back,Right,Centre,65
<_io.BytesIO object at 0x000001C1F4535540>,0.3648008108139038,-0.225816547870636,-0.20681454241275787,1053401,46,2,False,Left,Back,Right,Centre,65
<_io.BytesIO object at 0x000001C1F456EEF0>,0.3380419909954071,-0.15566539764404297,-0.2626515030860901,1053401,46,2,False,Left,Back,Right,Centre,65
<_io.BytesIO object at 0x000001C1F456EA40>,0.3727503716945648,-0.16962869465351105,-0.2865569293498993,1053401,46,2,False,Left,Back,Right,Centre,65
<_io.BytesIO object at 0x000001C1F456EA90>,0.3869675099849701,-0.2137477546930313,-0.2888427972793579,1053401,46,2,False,Left,Back,Right,Centre,65
<_io.BytesIO object at 0x000001C1F4654680>,0.35580122470855713,-0.14265389740467072,-0.22292017936706543,1053402,46,2,False,Left,Back,Right,Centre,65
<_io.BytesIO object at 0x000001C1F4654AE0>,0.3648008108139038,-0.225816547870636,-0.20681454241275787,1053402,46,2,False,Left,Back,Right,Centre,65
<_io.BytesIO object at 0x000001C1F456E680>,0.3380419909954071,-0.15566539764404297,-0.2626515030860901,1053402,46,2,False,Left,Back,Right,Centre,65
<_io.BytesIO object at 0x000001C1F456EF40>,0.3727503716945648,-0.16962869465351105,-0.2865569293498993,1053402,46,2,False,Left,Back,Right,Centre,65
<_io.BytesIO object at 0x000001C1F456E450>,0.3869675099849701,-0.2137477546930313,-0.2888427972793579,1053402,46,2,False,Left,Back,Right,Centre,65
<_io.BytesIO object at 0x000001C1F455C770>,0.35580122470855713,-0.14265389740467072,-0.22292017936706543,1053403,46,2,False,Left,Back,Right,Centre,65
<_io.BytesIO object at 0x000001C1F4563E50>,0.3648008108139038,-0.225816547870636,-0.20681454241275787,1053403,46,2,False,Left,Back,Right,Centre,65
<_io.BytesIO object at 0x000001C1F45638B0>,0.3380419909954071,-0.15566539764404297,-0.2626515030860901,1053403,46,2,False,Left,Back,Right,Centre,65
<_io.BytesIO object at 0x000001C1F4563C20>,0.3727503716945648,-0.16962869465351105,-0.2865569293498993,1053403,46,2,False,Left,Back,Right,Centre,65
<_io.BytesIO object at 0x000001C1F4563F40>,0.3869675099849701,-0.2137477546930313,-0.2888427972793579,1053403,46,2,False,Left,Back,Right,Centre,65
<_io.BytesIO object at 0x000001C1F467ABD0>,0.35580122470855713,-0.14265389740467072,-0.22292017936706543,1053404,46,2,False,Left,Back,Right,Centre,65
<_io.BytesIO object at 0x000001C1F4667130>,0.3648008108139038,-0.225816547870636,-0.20681454241275787,1053404,46,2,False,Left,Back,Right,Centre,65
<_io.BytesIO object at 0x000001C1F4667630>,0.3380419909954071,-0.15566539764404297,-0.2626515030860901,1053404,46,2,False,Left,Back,Right,Centre,65
<_io.BytesIO object at 0x000001C1F4667090>,0.3727503716945648,-0.16962869465351105,-0.2865569293498993,1053404,46,2,False,Left,Back,Right,Centre,65
<_io.BytesIO object at 0x000001C1F4667D60>,0.3869675099849701,-0.2137477546930313,-0.2888427972793579,1053404,46,2,False,Left,Back,Right,Centre,65
<_io.BytesIO object at 0x000001C1F456C540>,0.35580122470855713,-0.14265389740467072,-0.22292017936706543,1053405,46,2,False,Left,Back,Right,Centre,65
<_io.BytesIO object at 0x000001C1F456CF90>,0.3648008108139038,-0.225816547870636,-0.20681454241275787,1053405,46,2,False,Left,Back,Right,Centre,65
<_io.BytesIO object at 0x000001C1F17BCA90>,0.3380419909954071,-0.15566539764404297,-0.2626515030860901,1053405,46,2,False,Left,Back,Right,Centre,65
<_io.BytesIO object at 0x000001C1F465A450>,0.3727503716945648,-0.16962869465351105,-0.2865569293498993,1053405,46,2,False,Left,Back,Right,Centre,65
<_io.BytesIO object at 0x000001C1F465ADB0>,0.3869675099849701,-0.2137477546930313,-0.2888427972793579,1053405,46,2,False,Left,Back,Right,Centre,65
<_io.BytesIO object at 0x000001C1F4569220>,0.35580122470855713,-0.14265389740467072,-0.22292017936706543,1053406,46,2,False,Left,Back,Right,Centre,65
<_io.BytesIO object at 0x000001C1F45699A0>,0.3648008108139038,-0.225816547870636,-0.20681454241275787,1053406,46,2,False,Left,Back,Right,Centre,65
<_io.BytesIO object at 0x000001C1F4565180>,0.3380419909954071,-0.15566539764404297,-0.2626515030860901,1053406,46,2,False,Left,Back,Right,Centre,65
<_io.BytesIO object at 0x000001C1F45658B0>,0.3727503716945648,-0.16962869465351105,-0.2865569293498993,1053406,46,2,False,Left,Back,Right,Centre,65
<_io.BytesIO object at 0x000001C1F4565EA0>,0.3869675099849701,-0.2137477546930313,-0.2888427972793579,1053406,46,2,False,Left,Back,Right,Centre,65
<_io.BytesIO object at 0x000001C1ECBE52C0>,0.35580122470855713,-0.14265389740467072,-0.22292017936706543,1053407,46,2,False,Left,Back,Right,Centre,65
<_io.BytesIO object at 0x000001C1F4687EF0>,0.3648008108139038,-0.225816547870636,-0.20681454241275787,1053407,46,2,False,Left,Back,Right,Centre,65
<_io.BytesIO object at 0x000001C1F4687630>,0.3380419909954071,-0.15566539764404297,-0.2626515030860901,1053407,46,2,False,Left,Back,Right,Centre,65
<_io.BytesIO object at 0x000001C1F46878B0>,0.3727503716945648,-0.16962869465351105,-0.2865569293498993,1053407,46,2,False,Left,Back,Right,Centre,65
<_io.BytesIO object at 0x000001C1F1805310>,0.3869675099849701,-0.2137477546930313,-0.2888427972793579,1053407,46,2,False,Left,Back,Right,Centre,65
<_io.BytesIO object at 0x000001C1F4687C70>,0.35580122470855713,-0.14265389740467072,-0.22292017936706543,1053408,46,2,False,Left,Back,Right,Centre,65
<_io.BytesIO object at 0x000001C1F4653F90>,0.3648008108139038,-0.225816547870636,-0.20681454241275787,1053408,46,2,False,Left,Back,Right,Centre,65
<_io.BytesIO object at 0x000001C1F4653A40>,0.3380419909954071,-0.15566539764404297,-0.2626515030860901,1053408,46,2,False,Left,Back,Right,Centre,65
<_io.BytesIO object at 0x000001C1F4565AE0>,0.3727503716945648,-0.16962869465351105,-0.2865569293498993,1053408,46,2,False,Left,Back,Right,Centre,65
<_io.BytesIO object at 0x000001C1F4565D10>,0.3869675099849701,-0.2137477546930313,-0.2888427972793579,1053408,46,2,False,Left,Back,Right,Centre,65
<_io.BytesIO object at 0x000001C1F4677310>,0.35580122470855713,-0.14265389740467072,-0.22292017936706543,1053409,46,2,False,Left,Back,Right,Centre,65
<_io.BytesIO object at 0x000001C1F4677400>,0.3648008108139038,-0.225816547870636,-0.20681454241275787,1053409,46,2,False,Left,Back,Right,Centre,65
<_io.BytesIO object at 0x000001C1F17BCA90>,0.3380419909954071,-0.15566539764404297,-0.2626515030860901,1053409,46,2,False,Left,Back,Right,Centre,65
<_io.BytesIO object at 0x000001C1F465A180>,0.3727503716945648,-0.16962869465351105,-0.2865569293498993,1053409,46,2,False,Left,Back,Right,Centre,65
<_io.BytesIO object at 0x000001C1F465AEA0>,0.3869675099849701,-0.2137477546930313,-0.2888427972793579,1053409,46,2,False,Left,Back,Right,Centre,65
<_io.BytesIO object at 0x000001C1F453B1D0>,0.35580122470855713,-0.14265389740467072,-0.22292017936706543,1053410,46,2,False,Left,Back,Right,Centre,65
<_io.BytesIO object at 0x000001C1F453B4F0>,0.3648008108139038,-0.225816547870636,-0.20681454241275787,1053410,46,2,False,Left,Back,Right,Centre,65
<_io.BytesIO object at 0x000001C1F453B950>,0.3380419909954071,-0.15566539764404297,-0.2626515030860901,1053410,46,2,False,Left,Back,Right,Centre,65
<_io.BytesIO object at 0x000001C1F453B720>,0.3727503716945648,-0.16962869465351105,-0.2865569293498993,1053410,46,2,False,Left,Back,Right,Centre,65
<_io.BytesIO object at 0x000001C1F46679F0>,0.3869675099849701,-0.2137477546930313,-0.2888427972793579,1053410,46,2,False,Left,Back,Right,Centre,65
<_io.BytesIO object at 0x000001C1F467A270>,0.35580122470855713,-0.14265389740467072,-0.22292017936706543,1053411,46,2,False,Left,Back,Right,Centre,65
<_io.BytesIO object at 0x000001C1F45619A0>,0.3648008108139038,-0.225816547870636,-0.20681454241275787,1053411,46,2,False,Left,Back,Right,Centre,65
<_io.BytesIO object at 0x000001C1F4561B80>,0.3380419909954071,-0.15566539764404297,-0.2626515030860901,1053411,46,2,False,Left,Back,Right,Centre,65
<_io.BytesIO object at 0x000001C1F4561400>,0.3727503716945648,-0.16962869465351105,-0.2865569293498993,1053411,46,2,False,Left,Back,Right,Centre,65
<_io.BytesIO object at 0x000001C1F45612C0>,0.3869675099849701,-0.2137477546930313,-0.2888427972793579,1053411,46,2,False,Left,Back,Right,Centre,65
<_io.BytesIO object at 0x000001C1F455C590>,0.35580122470855713,-0.14265389740467072,-0.22292017936706543,1053412,46,2,False,Left,Back,Right,Centre,65
<_io.BytesIO object at 0x000001C1F4535B30>,0.3648008108139038,-0.225816547870636,-0.20681454241275787,1053412,46,2,False,Left,Back,Right,Centre,65
<_io.BytesIO object at 0x000001C1F4535F90>,0.3380419909954071,-0.15566539764404297,-0.2626515030860901,1053412,46,2,False,Left,Back,Right,Centre,65
<_io.BytesIO object at 0x000001C1F4535AE0>,0.3727503716945648,-0.16962869465351105,-0.2865569293498993,1053412,46,2,False,Left,Back,Right,Centre,65
<_io.BytesIO object at 0x000001C1F456E9A0>,0.3869675099849701,-0.2137477546930313,-0.2888427972793579,1053412,46,2,False,Left,Back,Right,Centre,65
<_io.BytesIO object at 0x000001C1F4561B80>,0.35580122470855713,-0.14265389740467072,-0.22292017936706543,1053413,46,2,False,Left,Back,Right,Centre,65
<_io.BytesIO object at 0x000001C1F4561540>,0.3648008108139038,-0.225816547870636,-0.20681454241275787,1053413,46,2,False,Left,Back,Right,Centre,65
<_io.BytesIO object at 0x000001C1F45610E0>,0.3380419909954071,-0.15566539764404297,-0.2626515030860901,1053413,46,2,False,Left,Back,Right,Centre,65
<_io.BytesIO object at 0x000001C1F4561DB0>,0.3727503716945648,-0.16962869465351105,-0.2865569293498993,1053413,46,2,False,Left,Back,Right,Centre,65
<_io.BytesIO object at 0x000001C1F467A360>,0.3869675099849701,-0.2137477546930313,-0.2888427972793579,1053413,46,2,False,Left,Back,Right,Centre,65
<_io.BytesIO object at 0x000001C1F453B810>,0.35580122470855713,-0.14265389740467072,-0.22292017936706543,1053414,46,2,False,Left,Back,Right,Centre,65
<_io.BytesIO object at 0x000001C1F453B450>,0.3648008108139038,-0.225816547870636,-0.20681454241275787,1053414,46,2,False,Left,Back,Right,Centre,65
<_io.BytesIO object at 0x000001C1F456C4F0>,0.3380419909954071,-0.15566539764404297,-0.2626515030860901,1053414,46,2,False,Left,Back,Right,Centre,65
<_io.BytesIO object at 0x000001C1F456C590>,0.3727503716945648,-0.16962869465351105,-0.2865569293498993,1053414,46,2,False,Left,Back,Right,Centre,65
<_io.BytesIO object at 0x000001C1F456C220>,0.3869675099849701,-0.2137477546930313,-0.2888427972793579,1053414,46,2,False,Left,Back,Right,Centre,65
<_io.BytesIO object at 0x000001C1F4677A40>,0.35580122470855713,-0.14265389740467072,-0.22292017936706543,1053415,46,2,False,Left,Back,Right,Centre,65
<_io.BytesIO object at 0x000001C1F4677950>,0.3648008108139038,-0.225816547870636,-0.20681454241275787,1053415,46,2,False,Left,Back,Right,Centre,65
<_io.BytesIO object at 0x000001C1F4569220>,0.3380419909954071,-0.15566539764404297,-0.2626515030860901,1053415,46,2,False,Left,Back,Right,Centre,65
<_io.BytesIO object at 0x000001C1F45696D0>,0.3727503716945648,-0.16962869465351105,-0.2865569293498993,1053415,46,2,False,Left,Back,Right,Centre,65
<_io.BytesIO object at 0x000001C1F4569EA0>,0.3869675099849701,-0.2137477546930313,-0.2888427972793579,1053415,46,2,False,Left,Back,Right,Centre,65
<_io.BytesIO object at 0x000001C1F4653D10>,0.35580122470855713,-0.14265389740467072,-0.22292017936706543,1053416,46,2,False,Left,Back,Right,Centre,65
<_io.BytesIO object at 0x000001C1F4653EA0>,0.3648008108139038,-0.225816547870636,-0.20681454241275787,1053416,46,2,False,Left,Back,Right,Centre,65
<_io.BytesIO object at 0x000001C1F4687C20>,0.3380419909954071,-0.15566539764404297,-0.2626515030860901,1053416,46,2,False,Left,Back,Right,Centre,65
<_io.BytesIO object at 0x000001C1F46871D0>,0.3727503716945648,-0.16962869465351105,-0.2865569293498993,1053416,46,2,False,Left,Back,Right,Centre,65
<_io.BytesIO object at 0x000001C1F4687BD0>,0.3869675099849701,-0.2137477546930313,-0.2888427972793579,1053416,46,2,False,Left,Back,Right,Centre,65
<_io.BytesIO object at 0x000001C1F4654B30>,0.35580122470855713,-0.14265389740467072,-0.22292017936706543,1053417,46,2,False,Left,Back,Right,Centre,65
<_io.BytesIO object at 0x000001C1F4654720>,0.3648008108139038,-0.225816547870636,-0.20681454241275787,1053417,46,2,False,Left,Back,Right,Centre,65
<_io.BytesIO object at 0x000001C1F4654400>,0.3380419909954071,-0.15566539764404297,-0.2626515030860901,1053417,46,2,False,Left,Back,Right,Centre,65
<_io.BytesIO object at 0x000001C1F4563A90>,0.3727503716945648,-0.16962869465351105,-0.2865569293498993,1053417,46,2,False,Left,Back,Right,Centre,65
<_io.BytesIO object at 0x000001C1F45634F0>,0.3869675099849701,-0.2137477546930313,-0.2888427972793579,1053417,46,2,False,Left,Back,Right,Centre,65
<_io.BytesIO object at 0x000001C1F456E220>,0.35580122470855713,-0.14265389740467072,-0.22292017936706543,1053418,46,2,False,Left,Back,Right,Centre,65
<_io.BytesIO object at 0x000001C1F456EE00>,0.3648008108139038,-0.225816547870636,-0.20681454241275787,1053418,46,2,False,Left,Back,Right,Centre,65
<_io.BytesIO object at 0x000001C1F4563C70>,0.3380419909954071,-0.15566539764404297,-0.2626515030860901,1053418,46,2,False,Left,Back,Right,Centre,65
<_io.BytesIO object at 0x000001C1F45635E0>,0.3727503716945648,-0.16962869465351105,-0.2865569293498993,1053418,46,2,False,Left,Back,Right,Centre,65
<_io.BytesIO object at 0x000001C1F4563A40>,0.3869675099849701,-0.2137477546930313,-0.2888427972793579,1053418,46,2,False,Left,Back,Right,Centre,65
<_io.BytesIO object at 0x000001C1F455CA40>,0.35580122470855713,-0.14265389740467072,-0.22292017936706543,1053419,46,2,False,Left,Back,Right,Centre,65
<_io.BytesIO object at 0x000001C1F455CBD0>,0.3648008108139038,-0.225816547870636,-0.20681454241275787,1053419,46,2,False,Left,Back,Right,Centre,65
<_io.BytesIO object at 0x000001C1F4687270>,0.3380419909954071,-0.15566539764404297,-0.2626515030860901,1053419,46,2,False,Left,Back,Right,Centre,65
<_io.BytesIO object at 0x000001C1F4687540>,0.3727503716945648,-0.16962869465351105,-0.2865569293498993,1053419,46,2,False,Left,Back,Right,Centre,65
<_io.BytesIO object at 0x000001C1F4687B80>,0.3869675099849701,-0.2137477546930313,-0.2888427972793579,1053419,46,2,False,Left,Back,Right,Centre,65
<_io.BytesIO object at 0x000001C1ECBE51D0>,0.35580122470855713,-0.14265389740467072,-0.22292017936706543,1053420,46,2,False,Left,Back,Right,Centre,65
<_io.BytesIO object at 0x000001C1F4569590>,0.3648008108139038,-0.225816547870636,-0.20681454241275787,1053420,46,2,False,Left,Back,Right,Centre,65
<_io.BytesIO object at 0x000001C1F4569180>,0.3380419909954071,-0.15566539764404297,-0.2626515030860901,1053420,46,2,False,Left,Back,Right,Centre,65
<_io.BytesIO object at 0x000001C1F4569220>,0.3727503716945648,-0.16962869465351105,-0.2865569293498993,1053420,46,2,False,Left,Back,Right,Centre,65
<_io.BytesIO object at 0x000001C1F45697C0>,0.3869675099849701,-0.2137477546930313,-0.2888427972793579,1053420,46,2,False,Left,Back,Right,Centre,65
<_io.BytesIO object at 0x000001C1F456CB30>,0.35580122470855713,-0.14265389740467072,-0.22292017936706543,1053421,46,2,False,Left,Back,Right,Centre,65
<_io.BytesIO object at 0x000001C1F456C4A0>,0.3648008108139038,-0.225816547870636,-0.20681454241275787,1053421,46,2,False,Left,Back,Right,Centre,65
<_io.BytesIO object at 0x000001C1F456C220>,0.3380419909954071,-0.15566539764404297,-0.2626515030860901,1053421,46,2,False,Left,Back,Right,Centre,65
<_io.BytesIO object at 0x000001C1F456C950>,0.3727503716945648,-0.16962869465351105,-0.2865569293498993,1053421,46,2,False,Left,Back,Right,Centre,65
<_io.BytesIO object at 0x000001C1F456CE50>,0.3869675099849701,-0.2137477546930313,-0.2888427972793579,1053421,46,2,False,Left,Back,Right,Centre,65
<_io.BytesIO object at 0x000001C1F46677C0>,0.35580122470855713,-0.14265389740467072,-0.22292017936706543,1053422,46,2,False,Left,Back,Right,Centre,65
<_io.BytesIO object at 0x000001C1F46674F0>,0.3648008108139038,-0.225816547870636,-0.20681454241275787,1053422,46,2,False,Left,Back,Right,Centre,65
<_io.BytesIO object at 0x000001C1F4667630>,0.3380419909954071,-0.15566539764404297,-0.2626515030860901,1053422,46,2,False,Left,Back,Right,Centre,65
<_io.BytesIO object at 0x000001C1F46674A0>,0.3727503716945648,-0.16962869465351105,-0.2865569293498993,1053422,46,2,False,Left,Back,Right,Centre,65
<_io.BytesIO object at 0x000001C1F4667130>,0.3869675099849701,-0.2137477546930313,-0.2888427972793579,1053422,46,2,False,Left,Back,Right,Centre,65
<_io.BytesIO object at 0x000001C1F45617C0>,0.35580122470855713,-0.14265389740467072,-0.22292017936706543,1053423,46,2,False,Left,Back,Right,Centre,65
<_io.BytesIO object at 0x000001C1F4561040>,0.3648008108139038,-0.225816547870636,-0.20681454241275787,1053423,46,2,False,Left,Back,Right,Centre,65
<_io.BytesIO object at 0x000001C1F4561E00>,0.3380419909954071,-0.15566539764404297,-0.2626515030860901,1053423,46,2,False,Left,Back,Right,Centre,65
<_io.BytesIO object at 0x000001C1F45610E0>,0.3727503716945648,-0.16962869465351105,-0.2865569293498993,1053423,46,2,False,Left,Back,Right,Centre,65
<_io.BytesIO object at 0x000001C1F4561720>,0.3869675099849701,-0.2137477546930313,-0.2888427972793579,1053423,46,2,False,Left,Back,Right,Centre,65
<_io.BytesIO object at 0x000001C1F46679F0>,0.35580122470855713,-0.14265389740467072,-0.22292017936706543,1053424,46,2,False,Left,Back,Right,Centre,65
<_io.BytesIO object at 0x000001C1F45658B0>,0.3648008108139038,-0.225816547870636,-0.20681454241275787,1053424,46,2,False,Left,Back,Right,Centre,65
<_io.BytesIO object at 0x000001C1F4565B80>,0.3380419909954071,-0.15566539764404297,-0.2626515030860901,1053424,46,2,False,Left,Back,Right,Centre,65
<_io.BytesIO object at 0x000001C1F4565BD0>,0.3727503716945648,-0.16962869465351105,-0.2865569293498993,1053424,46,2,False,Left,Back,Right,Centre,65
<_io.BytesIO object at 0x000001C1F4565D10>,0.3869675099849701,-0.2137477546930313,-0.2888427972793579,1053424,46,2,False,Left,Back,Right,Centre,65
<_io.BytesIO object at 0x000001C1F456CD10>,0.35580122470855713,-0.14265389740467072,-0.22292017936706543,1053425,46,2,False,Left,Back,Right,Centre,65
<_io.BytesIO object at 0x000001C1F465A1D0>,0.3648008108139038,-0.225816547870636,-0.20681454241275787,1053425,46,2,False,Left,Back,Right,Centre,65
<_io.BytesIO object at 0x000001C1F465A8B0>,0.3380419909954071,-0.15566539764404297,-0.2626515030860901,1053425,46,2,False,Left,Back,Right,Centre,65
<_io.BytesIO object at 0x000001C1F465A630>,0.3727503716945648,-0.16962869465351105,-0.2865569293498993,1053425,46,2,False,Left,Back,Right,Centre,65
<_io.BytesIO object at 0x000001C1F465ACC0>,0.3869675099849701,-0.2137477546930313,-0.2888427972793579,1053425,46,2,False,Left,Back,Right,Centre,65
<_io.BytesIO object at 0x000001C1F4569270>,0.35580122470855713,-0.14265389740467072,-0.22292017936706543,1053426,46,2,False,Left,Back,Right,Centre,65
<_io.BytesIO object at 0x000001C1ECBE5180>,0.3648008108139038,-0.225816547870636,-0.20681454241275787,1053426,46,2,False,Left,Back,Right,Centre,65
<_io.BytesIO object at 0x000001C1F46537C0>,0.3380419909954071,-0.15566539764404297,-0.2626515030860901,1053426,46,2,False,Left,Back,Right,Centre,65
<_io.BytesIO object at 0x000001C1F46538B0>,0.3727503716945648,-0.16962869465351105,-0.2865569293498993,1053426,46,2,False,Left,Back,Right,Centre,65
<_io.BytesIO object at 0x000001C1F4653CC0>,0.3869675099849701,-0.2137477546930313,-0.2888427972793579,1053426,46,2,False,Left,Back,Right,Centre,65
<_io.BytesIO object at 0x000001C1F455C8B0>,0.35580122470855713,-0.14265389740467072,-0.22292017936706543,1053427,46,2,False,Left,Back,Right,Centre,65
<_io.BytesIO object at 0x000001C1F4654810>,0.3648008108139038,-0.225816547870636,-0.20681454241275787,1053427,46,2,False,Left,Back,Right,Centre,65
<_io.BytesIO object at 0x000001C1F4654D60>,0.3380419909954071,-0.15566539764404297,-0.2626515030860901,1053427,46,2,False,Left,Back,Right,Centre,65
<_io.BytesIO object at 0x000001C1F4654040>,0.3727503716945648,-0.16962869465351105,-0.2865569293498993,1053427,46,2,False,Left,Back,Right,Centre,65
<_io.BytesIO object at 0x000001C1F4654860>,0.3869675099849701,-0.2137477546930313,-0.2888427972793579,1053427,46,2,False,Left,Back,Right,Centre,65
<_io.BytesIO object at 0x000001C1F4563220>,0.35580122470855713,-0.14265389740467072,-0.22292017936706543,1053428,46,2,False,Left,Back,Right,Centre,65
<_io.BytesIO object at 0x000001C1F4563E00>,0.3648008108139038,-0.225816547870636,-0.20681454241275787,1053428,46,2,False,Left,Back,Right,Centre,65
<_io.BytesIO object at 0x000001C1F46540E0>,0.3380419909954071,-0.15566539764404297,-0.2626515030860901,1053428,46,2,False,Left,Back,Right,Centre,65
<_io.BytesIO object at 0x000001C1F4654CC0>,0.3727503716945648,-0.16962869465351105,-0.2865569293498993,1053428,46,2,False,Left,Back,Right,Centre,65
<_io.BytesIO object at 0x000001C1F46542C0>,0.3869675099849701,-0.2137477546930313,-0.2888427972793579,1053428,46,2,False,Left,Back,Right,Centre,65
<_io.BytesIO object at 0x000001C1F4687D10>,0.35580122470855713,-0.14265389740467072,-0.22292017936706543,1053429,46,2,False,Left,Back,Right,Centre,65
<_io.BytesIO object at 0x000001C1F4687E50>,0.3648008108139038,-0.225816547870636,-0.20681454241275787,1053429,46,2,False,Left,Back,Right,Centre,65
<_io.BytesIO object at 0x000001C1F4687A90>,0.3380419909954071,-0.15566539764404297,-0.2626515030860901,1053429,46,2,False,Left,Back,Right,Centre,65
<_io.BytesIO object at 0x000001C1F4653D10>,0.3727503716945648,-0.16962869465351105,-0.2865569293498993,1053429,46,2,False,Left,Back,Right,Centre,65
<_io.BytesIO object at 0x000001C1F4653F40>,0.3869675099849701,-0.2137477546930313,-0.2888427972793579,1053429,46,2,False,Left,Back,Right,Centre,65
<_io.BytesIO object at 0x000001C1F45693B0>,0.35580122470855713,-0.14265389740467072,-0.22292017936706543,1053430,46,2,False,Left,Back,Right,Centre,65
<_io.BytesIO object at 0x000001C1F4677AE0>,0.3648008108139038,-0.225816547870636,-0.20681454241275787,1053430,46,2,False,Left,Back,Right,Centre,65
<_io.BytesIO object at 0x000001C1F4677680>,0.3380419909954071,-0.15566539764404297,-0.2626515030860901,1053430,46,2,False,Left,Back,Right,Centre,65
<_io.BytesIO object at 0x000001C1F4677400>,0.3727503716945648,-0.16962869465351105,-0.2865569293498993,1053430,46,2,False,Left,Back,Right,Centre,65
<_io.BytesIO object at 0x000001C1F4677770>,0.3869675099849701,-0.2137477546930313,-0.2888427972793579,1053430,46,2,False,Left,Back,Right,Centre,65
<_io.BytesIO object at 0x000001C1F456C4F0>,0.35580122470855713,-0.14265389740467072,-0.22292017936706543,1053431,46,2,False,Left,Back,Right,Centre,65
<_io.BytesIO object at 0x000001C1F453B680>,0.3648008108139038,-0.225816547870636,-0.20681454241275787,1053431,46,2,False,Left,Back,Right,Centre,65
<_io.BytesIO object at 0x000001C1F453BBD0>,0.3380419909954071,-0.15566539764404297,-0.2626515030860901,1053431,46,2,False,Left,Back,Right,Centre,65
<_io.BytesIO object at 0x000001C1F453BB30>,0.3727503716945648,-0.16962869465351105,-0.2865569293498993,1053431,46,2,False,Left,Back,Right,Centre,65
<_io.BytesIO object at 0x000001C1F453BAE0>,0.3869675099849701,-0.2137477546930313,-0.2888427972793579,1053431,46,2,False,Left,Back,Right,Centre,65
<_io.BytesIO object at 0x000001C1F4667450>,0.35580122470855713,-0.14265389740467072,-0.22292017936706543,1053432,46,2,False,Left,Back,Right,Centre,65
<_io.BytesIO object at 0x000001C1F46679A0>,0.3648008108139038,-0.225816547870636,-0.20681454241275787,1053432,46,2,False,Left,Back,Right,Centre,65
<_io.BytesIO object at 0x000001C1F467AA40>,0.3380419909954071,-0.15566539764404297,-0.2626515030860901,1053432,46,2,False,Left,Back,Right,Centre,65
<_io.BytesIO object at 0x000001C1F467AD60>,0.3727503716945648,-0.16962869465351105,-0.2865569293498993,1053432,46,2,False,Left,Back,Right,Centre,65
<_io.BytesIO object at 0x000001C1F467AF90>,0.3869675099849701,-0.2137477546930313,-0.2888427972793579,1053432,46,2,False,Left,Back,Right,Centre,65
<_io.BytesIO object at 0x000001C1F456E950>,0.35580122470855713,-0.14265389740467072,-0.22292017936706543,1053433,46,2,False,Left,Back,Right,Centre,65
<_io.BytesIO object at 0x000001C1F456E630>,0.3648008108139038,-0.225816547870636,-0.20681454241275787,1053433,46,2,False,Left,Back,Right,Centre,65
<_io.BytesIO object at 0x000001C1F45359A0>,0.3380419909954071,-0.15566539764404297,-0.2626515030860901,1053433,46,2,False,Left,Back,Right,Centre,65
<_io.BytesIO object at 0x000001C1F4535860>,0.3727503716945648,-0.16962869465351105,-0.2865569293498993,1053433,46,2,False,Left,Back,Right,Centre,65
<_io.BytesIO object at 0x000001C1F4535770>,0.3869675099849701,-0.2137477546930313,-0.2888427972793579,1053433,46,2,False,Left,Back,Right,Centre,65
<_io.BytesIO object at 0x000001C1F456EC70>,0.35580122470855713,-0.14265389740467072,-0.22292017936706543,1053434,46,2,False,Left,Back,Right,Centre,65
<_io.BytesIO object at 0x000001C1F45614F0>,0.3648008108139038,-0.225816547870636,-0.20681454241275787,1053434,46,2,False,Left,Back,Right,Centre,65
<_io.BytesIO object at 0x000001C1F4561B80>,0.3380419909954071,-0.15566539764404297,-0.2626515030860901,1053434,46,2,False,Left,Back,Right,Centre,65
<_io.BytesIO object at 0x000001C1F4561860>,0.3727503716945648,-0.16962869465351105,-0.2865569293498993,1053434,46,2,False,Left,Back,Right,Centre,65
<_io.BytesIO object at 0x000001C1F4561220>,0.3869675099849701,-0.2137477546930313,-0.2888427972793579,1053434,46,2,False,Left,Back,Right,Centre,65
<_io.BytesIO object at 0x000001C1F4667EA0>,0.35580122470855713,-0.14265389740467072,-0.22292017936706543,1053435,46,2,False,Left,Back,Right,Centre,65
<_io.BytesIO object at 0x000001C1F4667040>,0.3648008108139038,-0.225816547870636,-0.20681454241275787,1053435,46,2,False,Left,Back,Right,Centre,65
<_io.BytesIO object at 0x000001C1F4565950>,0.3380419909954071,-0.15566539764404297,-0.2626515030860901,1053435,46,2,False,Left,Back,Right,Centre,65
<_io.BytesIO object at 0x000001C1F4565860>,0.3727503716945648,-0.16962869465351105,-0.2865569293498993,1053435,46,2,False,Left,Back,Right,Centre,65
<_io.BytesIO object at 0x000001C1F4565630>,0.3869675099849701,-0.2137477546930313,-0.2888427972793579,1053435,46,2,False,Left,Back,Right,Centre,65
<_io.BytesIO object at 0x000001C1F456CA90>,0.35580122470855713,-0.14265389740467072,-0.22292017936706543,1053436,46,2,False,Left,Back,Right,Centre,65
<_io.BytesIO object at 0x000001C1F456CEA0>,0.3648008108139038,-0.225816547870636,-0.20681454241275787,1053436,46,2,False,Left,Back,Right,Centre,65
<_io.BytesIO object at 0x000001C1F465ACC0>,0.3380419909954071,-0.15566539764404297,-0.2626515030860901,1053436,46,2,False,Left,Back,Right,Centre,65
<_io.BytesIO object at 0x000001C1F465AE50>,0.3727503716945648,-0.16962869465351105,-0.2865569293498993,1053436,46,2,False,Left,Back,Right,Centre,65
<_io.BytesIO object at 0x000001C1F465A040>,0.3869675099849701,-0.2137477546930313,-0.2888427972793579,1053436,46,2,False,Left,Back,Right,Centre,65
<_io.BytesIO object at 0x000001C1F4569C70>,0.35580122470855713,-0.14265389740467072,-0.22292017936706543,1053437,46,2,False,Left,Back,Right,Centre,65
<_io.BytesIO object at 0x000001C1F4569B80>,0.3648008108139038,-0.225816547870636,-0.20681454241275787,1053437,46,2,False,Left,Back,Right,Centre,65
<_io.BytesIO object at 0x000001C1ECBE55E0>,0.3380419909954071,-0.15566539764404297,-0.2626515030860901,1053437,46,2,False,Left,Back,Right,Centre,65
<_io.BytesIO object at 0x000001C1ECBE54A0>,0.3727503716945648,-0.16962869465351105,-0.2865569293498993,1053437,46,2,False,Left,Back,Right,Centre,65
<_io.BytesIO object at 0x000001C1ECBE5590>,0.3869675099849701,-0.2137477546930313,-0.2888427972793579,1053437,46,2,False,Left,Back,Right,Centre,65
<_io.BytesIO object at 0x000001C1F4687180>,0.35580122470855713,-0.14265389740467072,-0.22292017936706543,1053438,46,2,False,Left,Back,Right,Centre,65
<_io.BytesIO object at 0x000001C1F455CA40>,0.3648008108139038,-0.225816547870636,-0.20681454241275787,1053438,46,2,False,Left,Back,Right,Centre,65
<_io.BytesIO object at 0x000001C1F455CE00>,0.3380419909954071,-0.15566539764404297,-0.2626515030860901,1053438,46,2,False,Left,Back,Right,Centre,65
<_io.BytesIO object at 0x000001C1F455C270>,0.3727503716945648,-0.16962869465351105,-0.2865569293498993,1053438,46,2,False,Left,Back,Right,Centre,65
<_io.BytesIO object at 0x000001C1F455C8B0>,0.3869675099849701,-0.2137477546930313,-0.2888427972793579,1053438,46,2,False,Left,Back,Right,Centre,65
<_io.BytesIO object at 0x000001C1F4654D60>,0.35580122470855713,-0.14265389740467072,-0.22292017936706543,1053439,46,2,False,Left,Back,Right,Centre,65
<_io.BytesIO object at 0x000001C1F4654F40>,0.3648008108139038,-0.225816547870636,-0.20681454241275787,1053439,46,2,False,Left,Back,Right,Centre,65
<_io.BytesIO object at 0x000001C1F4654860>,0.3380419909954071,-0.15566539764404297,-0.2626515030860901,1053439,46,2,False,Left,Back,Right,Centre,65
<_io.BytesIO object at 0x000001C1F455C4A0>,0.3727503716945648,-0.16962869465351105,-0.2865569293498993,1053439,46,2,False,Left,Back,Right,Centre,65
<_io.BytesIO object at 0x000001C1F455C090>,0.3869675099849701,-0.2137477546930313,-0.2888427972793579,1053439,46,2,False,Left,Back,Right,Centre,65
<_io.BytesIO object at 0x000001C1F4653A40>,0.35580122470855713,-0.14265389740467072,-0.22292017936706543,1053440,46,2,False,Left,Back,Right,Centre,65
<_io.BytesIO object at 0x000001C1F4653810>,0.3648008108139038,-0.225816547870636,-0.20681454241275787,1053440,46,2,False,Left,Back,Right,Centre,65
<_io.BytesIO object at 0x000001C1ECBE5360>,0.3380419909954071,-0.15566539764404297,-0.2626515030860901,1053440,46,2,False,Left,Back,Right,Centre,65
<_io.BytesIO object at 0x000001C1ECBE5180>,0.3727503716945648,-0.16962869465351105,-0.2865569293498993,1053440,46,2,False,Left,Back,Right,Centre,65
<_io.BytesIO object at 0x000001C1ECBE5680>,0.3869675099849701,-0.2137477546930313,-0.2888427972793579,1053440,46,2,False,Left,Back,Right,Centre,65
<_io.BytesIO object at 0x000001C1F46774A0>,0.35580122470855713,-0.14265389740467072,-0.22292017936706543,1053441,46,2,False,Left,Back,Right,Centre,65
<_io.BytesIO object at 0x000001C1F465ABD0>,0.3648008108139038,-0.225816547870636,-0.20681454241275787,1053441,46,2,False,Left,Back,Right,Centre,65
<_io.BytesIO object at 0x000001C1F465A180>,0.3380419909954071,-0.15566539764404297,-0.2626515030860901,1053441,46,2,False,Left,Back,Right,Centre,65
<_io.BytesIO object at 0x000001C1F465A2C0>,0.3727503716945648,-0.16962869465351105,-0.2865569293498993,1053441,46,2,False,Left,Back,Right,Centre,65
<_io.BytesIO object at 0x000001C1F456CD60>,0.3869675099849701,-0.2137477546930313,-0.2888427972793579,1053441,46,2,False,Left,Back,Right,Centre,65
<_io.BytesIO object at 0x000001C1F453B950>,0.35580122470855713,-0.14265389740467072,-0.22292017936706543,1053442,46,2,False,Left,Back,Right,Centre,65
<_io.BytesIO object at 0x000001C1F45651D0>,0.3648008108139038,-0.225816547870636,-0.20681454241275787,1053442,46,2,False,Left,Back,Right,Centre,65
<_io.BytesIO object at 0x000001C1F4565F90>,0.3380419909954071,-0.15566539764404297,-0.2626515030860901,1053442,46,2,False,Left,Back,Right,Centre,65
<_io.BytesIO object at 0x000001C1F45659F0>,0.3727503716945648,-0.16962869465351105,-0.2865569293498993,1053442,46,2,False,Left,Back,Right,Centre,65
<_io.BytesIO object at 0x000001C1F45659A0>,0.3869675099849701,-0.2137477546930313,-0.2888427972793579,1053442,46,2,False,Left,Back,Right,Centre,65
<_io.BytesIO object at 0x000001C1F467A450>,0.35580122470855713,-0.14265389740467072,-0.22292017936706543,1053443,46,2,False,Left,Back,Right,Centre,65
<_io.BytesIO object at 0x000001C1F4561F90>,0.3648008108139038,-0.225816547870636,-0.20681454241275787,1053443,46,2,False,Left,Back,Right,Centre,65
<_io.BytesIO object at 0x000001C1F45610E0>,0.3380419909954071,-0.15566539764404297,-0.2626515030860901,1053443,46,2,False,Left,Back,Right,Centre,65
<_io.BytesIO object at 0x000001C1F4561E50>,0.3727503716945648,-0.16962869465351105,-0.2865569293498993,1053443,46,2,False,Left,Back,Right,Centre,65
<_io.BytesIO object at 0x000001C1F45612C0>,0.3869675099849701,-0.2137477546930313,-0.2888427972793579,1053443,46,2,False,Left,Back,Right,Centre,65
<_io.BytesIO object at 0x000001C1F4535220>,0.35580122470855713,-0.14265389740467072,-0.22292017936706543,1053444,46,2,False,Left,Back,Right,Centre,65
<_io.BytesIO object at 0x000001C1F4535310>,0.3648008108139038,-0.225816547870636,-0.20681454241275787,1053444,46,2,False,Left,Back,Right,Centre,65
<_io.BytesIO object at 0x000001C1F4535270>,0.3380419909954071,-0.15566539764404297,-0.2626515030860901,1053444,46,2,False,Left,Back,Right,Centre,65
<_io.BytesIO object at 0x000001C1F4535A40>,0.3727503716945648,-0.16962869465351105,-0.2865569293498993,1053444,46,2,False,Left,Back,Right,Centre,65
<_io.BytesIO object at 0x000001C1F456E950>,0.3869675099849701,-0.2137477546930313,-0.2888427972793579,1053444,46,2,False,Left,Back,Right,Centre,65
<_io.BytesIO object at 0x000001C1F467AD60>,0.35580122470855713,-0.14265389740467072,-0.22292017936706543,1053445,46,2,False,Left,Back,Right,Centre,65
<_io.BytesIO object at 0x000001C1F467A590>,0.3648008108139038,-0.225816547870636,-0.20681454241275787,1053445,46,2,False,Left,Back,Right,Centre,65
<_io.BytesIO object at 0x000001C1F4667590>,0.3380419909954071,-0.15566539764404297,-0.2626515030860901,1053445,46,2,False,Left,Back,Right,Centre,65
<_io.BytesIO object at 0x000001C1F46679A0>,0.3727503716945648,-0.16962869465351105,-0.2865569293498993,1053445,46,2,False,Left,Back,Right,Centre,65
<_io.BytesIO object at 0x000001C1F4667F40>,0.3869675099849701,-0.2137477546930313,-0.2888427972793579,1053445,46,2,False,Left,Back,Right,Centre,65
<_io.BytesIO object at 0x000001C1F453BE00>,0.35580122470855713,-0.14265389740467072,-0.22292017936706543,1053446,46,2,False,Left,Back,Right,Centre,65
<_io.BytesIO object at 0x000001C1F453B180>,0.3648008108139038,-0.225816547870636,-0.20681454241275787,1053446,46,2,False,Left,Back,Right,Centre,65
<_io.BytesIO object at 0x000001C1F456C8B0>,0.3380419909954071,-0.15566539764404297,-0.2626515030860901,1053446,46,2,False,Left,Back,Right,Centre,65
<_io.BytesIO object at 0x000001C1F456C950>,0.3727503716945648,-0.16962869465351105,-0.2865569293498993,1053446,46,2,False,Left,Back,Right,Centre,65
<_io.BytesIO object at 0x000001C1F456C4A0>,0.3869675099849701,-0.2137477546930313,-0.2888427972793579,1053446,46,2,False,Left,Back,Right,Centre,65
<_io.BytesIO object at 0x000001C1F46779F0>,0.35580122470855713,-0.14265389740467072,-0.22292017936706543,1053447,46,2,False,Left,Back,Right,Centre,65
<_io.BytesIO object at 0x000001C1F45699A0>,0.3648008108139038,-0.225816547870636,-0.20681454241275787,1053447,46,2,False,Left,Back,Right,Centre,65
<_io.BytesIO object at 0x000001C1F4569220>,0.3380419909954071,-0.15566539764404297,-0.2626515030860901,1053447,46,2,False,Left,Back,Right,Centre,65
<_io.BytesIO object at 0x000001C1F4569900>,0.3727503716945648,-0.16962869465351105,-0.2865569293498993,1053447,46,2,False,Left,Back,Right,Centre,65
<_io.BytesIO object at 0x000001C1F4569F40>,0.3869675099849701,-0.2137477546930313,-0.2888427972793579,1053447,46,2,False,Left,Back,Right,Centre,65
<_io.BytesIO object at 0x000001C1F4687630>,0.35580122470855713,-0.14265389740467072,-0.22292017936706543,1053448,46,2,False,Left,Back,Right,Centre,65
<_io.BytesIO object at 0x000001C1F46874A0>,0.3648008108139038,-0.225816547870636,-0.20681454241275787,1053448,46,2,False,Left,Back,Right,Centre,65
<_io.BytesIO object at 0x000001C1F455CF90>,0.3380419909954071,-0.15566539764404297,-0.2626515030860901,1053448,46,2,False,Left,Back,Right,Centre,65
<_io.BytesIO object at 0x000001C1F455CC70>,0.3727503716945648,-0.16962869465351105,-0.2865569293498993,1053448,46,2,False,Left,Back,Right,Centre,65
<_io.BytesIO object at 0x000001C1F455C860>,0.3869675099849701,-0.2137477546930313,-0.2888427972793579,1053448,46,2,False,Left,Back,Right,Centre,65
<_io.BytesIO object at 0x000001C1F4654AE0>,0.35580122470855713,-0.14265389740467072,-0.22292017936706543,1053449,46,2,False,Left,Back,Right,Centre,65
<_io.BytesIO object at 0x000001C1F4654C70>,0.3648008108139038,-0.225816547870636,-0.20681454241275787,1053449,46,2,False,Left,Back,Right,Centre,65
<_io.BytesIO object at 0x000001C1F455C9A0>,0.3380419909954071,-0.15566539764404297,-0.2626515030860901,1053449,46,2,False,Left,Back,Right,Centre,65
<_io.BytesIO object at 0x000001C1F455C860>,0.3727503716945648,-0.16962869465351105,-0.2865569293498993,1053449,46,2,False,Left,Back,Right,Centre,65
<_io.BytesIO object at 0x000001C1F455C590>,0.3869675099849701,-0.2137477546930313,-0.2888427972793579,1053449,46,2,False,Left,Back,Right,Centre,65
<_io.BytesIO object at 0x000001C1F4677180>,0.35580122470855713,-0.14265389740467072,-0.22292017936706543,1053450,46,2,False,Left,Back,Right,Centre,65
<_io.BytesIO object at 0x000001C1F4677540>,0.3648008108139038,-0.225816547870636,-0.20681454241275787,1053450,46,2,False,Left,Back,Right,Centre,65
<_io.BytesIO object at 0x000001C1F46777C0>,0.3380419909954071,-0.15566539764404297,-0.2626515030860901,1053450,46,2,False,Left,Back,Right,Centre,65
<_io.BytesIO object at 0x000001C1F465A180>,0.3727503716945648,-0.16962869465351105,-0.2865569293498993,1053450,46,2,False,Left,Back,Right,Centre,65
<_io.BytesIO object at 0x000001C1F465A3B0>,0.3869675099849701,-0.2137477546930313,-0.2888427972793579,1053450,46,2,False,Left,Back,Right,Centre,65
<_io.BytesIO object at 0x000001C1F453B860>,0.35580122470855713,-0.14265389740467072,-0.22292017936706543,1053451,46,2,False,Left,Back,Right,Centre,65
<_io.BytesIO object at 0x000001C1F453B8B0>,0.3648008108139038,-0.225816547870636,-0.20681454241275787,1053451,46,2,False,Left,Back,Right,Centre,65
<_io.BytesIO object at 0x000001C1F453B720>,0.3380419909954071,-0.15566539764404297,-0.2626515030860901,1053451,46,2,False,Left,Back,Right,Centre,65
<_io.BytesIO object at 0x000001C1F4565630>,0.3727503716945648,-0.16962869465351105,-0.2865569293498993,1053451,46,2,False,Left,Back,Right,Centre,65
<_io.BytesIO object at 0x000001C1F4565B30>,0.3869675099849701,-0.2137477546930313,-0.2888427972793579,1053451,46,2,False,Left,Back,Right,Centre,65
<_io.BytesIO object at 0x000001C1F467A860>,0.35580122470855713,-0.14265389740467072,-0.22292017936706543,1053452,46,2,False,Left,Back,Right,Centre,65
<_io.BytesIO object at 0x000001C1F467A360>,0.3648008108139038,-0.225816547870636,-0.20681454241275787,1053452,46,2,False,Left,Back,Right,Centre,65
<_io.BytesIO object at 0x000001C1F467A450>,0.3380419909954071,-0.15566539764404297,-0.2626515030860901,1053452,46,2,False,Left,Back,Right,Centre,65
<_io.BytesIO object at 0x000001C1F4561E00>,0.3727503716945648,-0.16962869465351105,-0.2865569293498993,1053452,46,2,False,Left,Back,Right,Centre,65
<_io.BytesIO object at 0x000001C1F45619F0>,0.3869675099849701,-0.2137477546930313,-0.2888427972793579,1053452,46,2,False,Left,Back,Right,Centre,65
<_io.BytesIO object at 0x000001C1F4535CC0>,0.35580122470855713,-0.14265389740467072,-0.22292017936706543,1053453,46,2,False,Left,Back,Right,Centre,65
<_io.BytesIO object at 0x000001C1ECBE52C0>,0.3648008108139038,-0.225816547870636,-0.20681454241275787,1053453,46,2,False,Left,Back,Right,Centre,65
<_io.BytesIO object at 0x000001C1ECBE58B0>,0.3380419909954071,-0.15566539764404297,-0.2626515030860901,1053453,46,2,False,Left,Back,Right,Centre,65
<_io.BytesIO object at 0x000001C1F4569EF0>,0.3727503716945648,-0.16962869465351105,-0.2865569293498993,1053453,46,2,False,Left,Back,Right,Centre,65
<_io.BytesIO object at 0x000001C1F4569E50>,0.3869675099849701,-0.2137477546930313,-0.2888427972793579,1053453,46,2,False,Left,Back,Right,Centre,65
<_io.BytesIO object at 0x000001C1F4569EF0>,0.35580122470855713,-0.14265389740467072,-0.22292017936706543,1053454,46,2,False,Left,Back,Right,Centre,65
<_io.BytesIO object at 0x000001C1F45359F0>,0.3648008108139038,-0.225816547870636,-0.20681454241275787,1053454,46,2,False,Left,Back,Right,Centre,65
<_io.BytesIO object at 0x000001C1F45357C0>,0.3380419909954071,-0.15566539764404297,-0.2626515030860901,1053454,46,2,False,Left,Back,Right,Centre,65
<_io.BytesIO object at 0x000001C1F456EEF0>,0.3727503716945648,-0.16962869465351105,-0.2865569293498993,1053454,46,2,False,Left,Back,Right,Centre,65
<_io.BytesIO object at 0x000001C1F456E270>,0.3869675099849701,-0.2137477546930313,-0.2888427972793579,1053454,46,2,False,Left,Back,Right,Centre,65
<_io.BytesIO object at 0x000001C1F467ABD0>,0.35580122470855713,-0.14265389740467072,-0.22292017936706543,1053455,46,2,False,Left,Back,Right,Centre,65
<_io.BytesIO object at 0x000001C1F467A590>,0.3648008108139038,-0.225816547870636,-0.20681454241275787,1053455,46,2,False,Left,Back,Right,Centre,65
<_io.BytesIO object at 0x000001C1F4667B80>,0.3380419909954071,-0.15566539764404297,-0.2626515030860901,1053455,46,2,False,Left,Back,Right,Centre,65
<_io.BytesIO object at 0x000001C1F4667DB0>,0.3727503716945648,-0.16962869465351105,-0.2865569293498993,1053455,46,2,False,Left,Back,Right,Centre,65
<_io.BytesIO object at 0x000001C1F4667E00>,0.3869675099849701,-0.2137477546930313,-0.2888427972793579,1053455,46,2,False,Left,Back,Right,Centre,65
<_io.BytesIO object at 0x000001C1F453B540>,0.35580122470855713,-0.14265389740467072,-0.22292017936706543,1053456,46,2,False,Left,Back,Right,Centre,65
<_io.BytesIO object at 0x000001C1F453B810>,0.3648008108139038,-0.225816547870636,-0.20681454241275787,1053456,46,2,False,Left,Back,Right,Centre,65
<_io.BytesIO object at 0x000001C1F456C4A0>,0.3380419909954071,-0.15566539764404297,-0.2626515030860901,1053456,46,2,False,Left,Back,Right,Centre,65
<_io.BytesIO object at 0x000001C1F456C950>,0.3727503716945648,-0.16962869465351105,-0.2865569293498993,1053456,46,2,False,Left,Back,Right,Centre,65
<_io.BytesIO object at 0x000001C1F456CBD0>,0.3869675099849701,-0.2137477546930313,-0.2888427972793579,1053456,46,2,False,Left,Back,Right,Centre,65
<_io.BytesIO object at 0x000001C1F4677F90>,0.35580122470855713,-0.14265389740467072,-0.22292017936706543,1053457,46,2,False,Left,Back,Right,Centre,65
<_io.BytesIO object at 0x000001C1F4653900>,0.3648008108139038,-0.225816547870636,-0.20681454241275787,1053457,46,2,False,Left,Back,Right,Centre,65
<_io.BytesIO object at 0x000001C1F4653770>,0.3380419909954071,-0.15566539764404297,-0.2626515030860901,1053457,46,2,False,Left,Back,Right,Centre,65
<_io.BytesIO object at 0x000001C1F4653BD0>,0.3727503716945648,-0.16962869465351105,-0.2865569293498993,1053457,46,2,False,Left,Back,Right,Centre,65
<_io.BytesIO object at 0x000001C1F4687450>,0.3869675099849701,-0.2137477546930313,-0.2888427972793579,1053457,46,2,False,Left,Back,Right,Centre,65
<_io.BytesIO object at 0x000001C1F4654C70>,0.35580122470855713,-0.14265389740467072,-0.22292017936706543,1053458,46,2,False,Left,Back,Right,Centre,65
<_io.BytesIO object at 0x000001C1F4654EA0>,0.3648008108139038,-0.225816547870636,-0.20681454241275787,1053458,46,2,False,Left,Back,Right,Centre,65
<_io.BytesIO object at 0x000001C1F4654CC0>,0.3380419909954071,-0.15566539764404297,-0.2626515030860901,1053458,46,2,False,Left,Back,Right,Centre,65
<_io.BytesIO object at 0x000001C1F4563130>,0.3727503716945648,-0.16962869465351105,-0.2865569293498993,1053458,46,2,False,Left,Back,Right,Centre,65
<_io.BytesIO object at 0x000001C1F46548B0>,0.3869675099849701,-0.2137477546930313,-0.2888427972793579,1053458,46,2,False,Left,Back,Right,Centre,65
<_io.BytesIO object at 0x000001C1F4687AE0>,0.35580122470855713,-0.14265389740467072,-0.22292017936706543,1053459,46,2,False,Left,Back,Right,Centre,65
<_io.BytesIO object at 0x000001C1F46875E0>,0.3648008108139038,-0.225816547870636,-0.20681454241275787,1053459,46,2,False,Left,Back,Right,Centre,65
<_io.BytesIO object at 0x000001C1F4653F90>,0.3380419909954071,-0.15566539764404297,-0.2626515030860901,1053459,46,2,False,Left,Back,Right,Centre,65
<_io.BytesIO object at 0x000001C1F4653590>,0.3727503716945648,-0.16962869465351105,-0.2865569293498993,1053459,46,2,False,Left,Back,Right,Centre,65
<_io.BytesIO object at 0x000001C1F4653EA0>,0.3869675099849701,-0.2137477546930313,-0.2888427972793579,1053459,46,2,False,Left,Back,Right,Centre,65
<_io.BytesIO object at 0x000001C1F456C630>,0.35580122470855713,-0.14265389740467072,-0.22292017936706543,1053460,46,2,False,Left,Back,Right,Centre,65
<_io.BytesIO object at 0x000001C1F456C8B0>,0.3648008108139038,-0.225816547870636,-0.20681454241275787,1053460,46,2,False,Left,Back,Right,Centre,65
<_io.BytesIO object at 0x000001C1F456C360>,0.3380419909954071,-0.15566539764404297,-0.2626515030860901,1053460,46,2,False,Left,Back,Right,Centre,65
<_io.BytesIO object at 0x000001C1F456C450>,0.3727503716945648,-0.16962869465351105,-0.2865569293498993,1053460,46,2,False,Left,Back,Right,Centre,65
<_io.BytesIO object at 0x000001C1F456CE50>,0.3869675099849701,-0.2137477546930313,-0.2888427972793579,1053460,46,2,False,Left,Back,Right,Centre,65
<_io.BytesIO object at 0x000001C1F46675E0>,0.35580122470855713,-0.14265389740467072,-0.22292017936706543,1053461,46,2,False,Left,Back,Right,Centre,65
<_io.BytesIO object at 0x000001C1F46677C0>,0.3648008108139038,-0.225816547870636,-0.20681454241275787,1053461,46,2,False,Left,Back,Right,Centre,65
<_io.BytesIO object at 0x000001C1F4667950>,0.3380419909954071,-0.15566539764404297,-0.2626515030860901,1053461,46,2,False,Left,Back,Right,Centre,65
<_io.BytesIO object at 0x000001C1F4667450>,0.3727503716945648,-0.16962869465351105,-0.2865569293498993,1053461,46,2,False,Left,Back,Right,Centre,65
<_io.BytesIO object at 0x000001C1F467ABD0>,0.3869675099849701,-0.2137477546930313,-0.2888427972793579,1053461,46,2,False,Left,Back,Right,Centre,65
<_io.BytesIO object at 0x000001C1F45357C0>,0.35580122470855713,-0.14265389740467072,-0.22292017936706543,1053462,46,2,False,Left,Back,Right,Centre,65
<_io.BytesIO object at 0x000001C1F4535220>,0.3648008108139038,-0.225816547870636,-0.20681454241275787,1053462,46,2,False,Left,Back,Right,Centre,65
<_io.BytesIO object at 0x000001C1F456E720>,0.3380419909954071,-0.15566539764404297,-0.2626515030860901,1053462,46,2,False,Left,Back,Right,Centre,65
<_io.BytesIO object at 0x000001C1F456E1D0>,0.3727503716945648,-0.16962869465351105,-0.2865569293498993,1053462,46,2,False,Left,Back,Right,Centre,65
<_io.BytesIO object at 0x000001C1F456E180>,0.3869675099849701,-0.2137477546930313,-0.2888427972793579,1053462,46,2,False,Left,Back,Right,Centre,65
<_io.BytesIO object at 0x000001C1F45693B0>,0.35580122470855713,-0.14265389740467072,-0.22292017936706543,1053463,46,2,False,Left,Back,Right,Centre,65
<_io.BytesIO object at 0x000001C1F4569040>,0.3648008108139038,-0.225816547870636,-0.20681454241275787,1053463,46,2,False,Left,Back,Right,Centre,65
<_io.BytesIO object at 0x000001C1F4569EF0>,0.3380419909954071,-0.15566539764404297,-0.2626515030860901,1053463,46,2,False,Left,Back,Right,Centre,65
<_io.BytesIO object at 0x000001C1F4569860>,0.3727503716945648,-0.16962869465351105,-0.2865569293498993,1053463,46,2,False,Left,Back,Right,Centre,65
<_io.BytesIO object at 0x000001C1ECBE55E0>,0.3869675099849701,-0.2137477546930313,-0.2888427972793579,1053463,46,2,False,Left,Back,Right,Centre,65
<_io.BytesIO object at 0x000001C1F45615E0>,0.35580122470855713,-0.14265389740467072,-0.22292017936706543,1053464,46,2,False,Left,Back,Right,Centre,65
<_io.BytesIO object at 0x000001C1F4561AE0>,0.3648008108139038,-0.225816547870636,-0.20681454241275787,1053464,46,2,False,Left,Back,Right,Centre,65
<_io.BytesIO object at 0x000001C1F467A860>,0.3380419909954071,-0.15566539764404297,-0.2626515030860901,1053464,46,2,False,Left,Back,Right,Centre,65
<_io.BytesIO object at 0x000001C1F467A450>,0.3727503716945648,-0.16962869465351105,-0.2865569293498993,1053464,46,2,False,Left,Back,Right,Centre,65
<_io.BytesIO object at 0x000001C1F467A4F0>,0.3869675099849701,-0.2137477546930313,-0.2888427972793579,1053464,46,2,False,Left,Back,Right,Centre,65
<_io.BytesIO object at 0x000001C1F453BB30>,0.35580122470855713,-0.14265389740467072,-0.22292017936706543,1053465,46,2,False,Left,Back,Right,Centre,65
<_io.BytesIO object at 0x000001C1F453BC70>,0.3648008108139038,-0.225816547870636,-0.20681454241275787,1053465,46,2,False,Left,Back,Right,Centre,65
<_io.BytesIO object at 0x000001C1F453B4A0>,0.3380419909954071,-0.15566539764404297,-0.2626515030860901,1053465,46,2,False,Left,Back,Right,Centre,65
<_io.BytesIO object at 0x000001C1F456CAE0>,0.3727503716945648,-0.16962869465351105,-0.2865569293498993,1053465,46,2,False,Left,Back,Right,Centre,65
<_io.BytesIO object at 0x000001C1F456C270>,0.3869675099849701,-0.2137477546930313,-0.2888427972793579,1053465,46,2,False,Left,Back,Right,Centre,65
<_io.BytesIO object at 0x000001C1F4677400>,0.35580122470855713,-0.14265389740467072,-0.22292017936706543,1053466,46,2,False,Left,Back,Right,Centre,65
<_io.BytesIO object at 0x000001C1F4677D60>,0.3648008108139038,-0.225816547870636,-0.20681454241275787,1053466,46,2,False,Left,Back,Right,Centre,65
<_io.BytesIO object at 0x000001C1F4677F90>,0.3380419909954071,-0.15566539764404297,-0.2626515030860901,1053466,46,2,False,Left,Back,Right,Centre,65
<_io.BytesIO object at 0x000001C1F4653770>,0.3727503716945648,-0.16962869465351105,-0.2865569293498993,1053466,46,2,False,Left,Back,Right,Centre,65
<_io.BytesIO object at 0x000001C1F4653D10>,0.3869675099849701,-0.2137477546930313,-0.2888427972793579,1053466,46,2,False,Left,Back,Right,Centre,65
<_io.BytesIO object at 0x000001C1F4687540>,0.35580122470855713,-0.14265389740467072,-0.22292017936706543,1053467,46,2,False,Left,Back,Right,Centre,65
<_io.BytesIO object at 0x000001C1F46879F0>,0.3648008108139038,-0.225816547870636,-0.20681454241275787,1053467,46,2,False,Left,Back,Right,Centre,65
<_io.BytesIO object at 0x000001C1F455CD60>,0.3380419909954071,-0.15566539764404297,-0.2626515030860901,1053467,46,2,False,Left,Back,Right,Centre,65
<_io.BytesIO object at 0x000001C1F455C900>,0.3727503716945648,-0.16962869465351105,-0.2865569293498993,1053467,46,2,False,Left,Back,Right,Centre,65
<_io.BytesIO object at 0x000001C1F455CB30>,0.3869675099849701,-0.2137477546930313,-0.2888427972793579,1053467,46,2,False,Left,Back,Right,Centre,65
<_io.BytesIO object at 0x000001C1F4654B80>,0.35580122470855713,-0.14265389740467072,-0.22292017936706543,1053468,46,2,False,Left,Back,Right,Centre,65
<_io.BytesIO object at 0x000001C1F4654630>,0.3648008108139038,-0.225816547870636,-0.20681454241275787,1053468,46,2,False,Left,Back,Right,Centre,65
<_io.BytesIO object at 0x000001C1F4654D60>,0.3380419909954071,-0.15566539764404297,-0.2626515030860901,1053468,46,2,False,Left,Back,Right,Centre,65
<_io.BytesIO object at 0x000001C1F4687F40>,0.3727503716945648,-0.16962869465351105,-0.2865569293498993,1053468,46,2,False,Left,Back,Right,Centre,65
<_io.BytesIO object at 0x000001C1F4687360>,0.3869675099849701,-0.2137477546930313,-0.2888427972793579,1053468,46,2,False,Left,Back,Right,Centre,65
<_io.BytesIO object at 0x000001C1F4653450>,0.35580122470855713,-0.14265389740467072,-0.22292017936706543,1053469,46,2,False,Left,Back,Right,Centre,65
<_io.BytesIO object at 0x000001C1F4653EA0>,0.3648008108139038,-0.225816547870636,-0.20681454241275787,1053469,46,2,False,Left,Back,Right,Centre,65
<_io.BytesIO object at 0x000001C1F46777C0>,0.3380419909954071,-0.15566539764404297,-0.2626515030860901,1053469,46,2,False,Left,Back,Right,Centre,65
<_io.BytesIO object at 0x000001C1F4677590>,0.3727503716945648,-0.16962869465351105,-0.2865569293498993,1053469,46,2,False,Left,Back,Right,Centre,65
<_io.BytesIO object at 0x000001C1F4677450>,0.3869675099849701,-0.2137477546930313,-0.2888427972793579,1053469,46,2,False,Left,Back,Right,Centre,65
<_io.BytesIO object at 0x000001C1F456C860>,0.35580122470855713,-0.14265389740467072,-0.22292017936706543,1053470,46,2,False,Left,Back,Right,Centre,65
<_io.BytesIO object at 0x000001C1F456CCC0>,0.3648008108139038,-0.225816547870636,-0.20681454241275787,1053470,46,2,False,Left,Back,Right,Centre,65
<_io.BytesIO object at 0x000001C1F453B9A0>,0.3380419909954071,-0.15566539764404297,-0.2626515030860901,1053470,46,2,False,Left,Back,Right,Centre,65
<_io.BytesIO object at 0x000001C1F453B2C0>,0.3727503716945648,-0.16962869465351105,-0.2865569293498993,1053470,46,2,False,Left,Back,Right,Centre,65
<_io.BytesIO object at 0x000001C1F453B270>,0.3869675099849701,-0.2137477546930313,-0.2888427972793579,1053470,46,2,False,Left,Back,Right,Centre,65
<_io.BytesIO object at 0x000001C1F467AD60>,0.35580122470855713,-0.14265389740467072,-0.22292017936706543,1053471,46,2,False,Left,Back,Right,Centre,65
<_io.BytesIO object at 0x000001C1F467AA40>,0.3648008108139038,-0.225816547870636,-0.20681454241275787,1053471,46,2,False,Left,Back,Right,Centre,65
<_io.BytesIO object at 0x000001C1F467A9F0>,0.3380419909954071,-0.15566539764404297,-0.2626515030860901,1053471,46,2,False,Left,Back,Right,Centre,65
<_io.BytesIO object at 0x000001C1F467A130>,0.3727503716945648,-0.16962869465351105,-0.2865569293498993,1053471,46,2,False,Left,Back,Right,Centre,65
<_io.BytesIO object at 0x000001C1F45619A0>,0.3869675099849701,-0.2137477546930313,-0.2888427972793579,1053471,46,2,False,Left,Back,Right,Centre,65
<_io.BytesIO object at 0x000001C1F45358B0>,0.35580122470855713,-0.14265389740467072,-0.22292017936706543,1053472,46,2,False,Left,Back,Right,Centre,65
<_io.BytesIO object at 0x000001C1F45355E0>,0.3648008108139038,-0.225816547870636,-0.20681454241275787,1053472,46,2,False,Left,Back,Right,Centre,65
<_io.BytesIO object at 0x000001C1F4535220>,0.3380419909954071,-0.15566539764404297,-0.2626515030860901,1053472,46,2,False,Left,Back,Right,Centre,65
<_io.BytesIO object at 0x000001C1F456E720>,0.3727503716945648,-0.16962869465351105,-0.2865569293498993,1053472,46,2,False,Left,Back,Right,Centre,65
<_io.BytesIO object at 0x000001C1F456E6D0>,0.3869675099849701,-0.2137477546930313,-0.2888427972793579,1053472,46,2,False,Left,Back,Right,Centre,65
<_io.BytesIO object at 0x000001C1F4569CC0>,0.35580122470855713,-0.14265389740467072,-0.22292017936706543,1053473,46,2,False,Left,Back,Right,Centre,65
<_io.BytesIO object at 0x000001C1F45632C0>,0.3648008108139038,-0.225816547870636,-0.20681454241275787,1053473,46,2,False,Left,Back,Right,Centre,65
<_io.BytesIO object at 0x000001C1F4563860>,0.3380419909954071,-0.15566539764404297,-0.2626515030860901,1053473,46,2,False,Left,Back,Right,Centre,65
<_io.BytesIO object at 0x000001C1F1805720>,0.3727503716945648,-0.16962869465351105,-0.2865569293498993,1053473,46,2,False,Left,Back,Right,Centre,65
<_io.BytesIO object at 0x000001C1F1805220>,0.3869675099849701,-0.2137477546930313,-0.2888427972793579,1053473,46,2,False,Left,Back,Right,Centre,65
<_io.BytesIO object at 0x000001C1F455CE00>,0.35580122470855713,-0.14265389740467072,-0.22292017936706543,1053474,46,2,False,Left,Back,Right,Centre,65
<_io.BytesIO object at 0x000001C1F455C590>,0.3648008108139038,-0.225816547870636,-0.20681454241275787,1053474,46,2,False,Left,Back,Right,Centre,65
<_io.BytesIO object at 0x000001C1F467A9F0>,0.3380419909954071,-0.15566539764404297,-0.2626515030860901,1053474,46,2,False,Left,Back,Right,Centre,65
<_io.BytesIO object at 0x000001C1F467AF40>,0.3727503716945648,-0.16962869465351105,-0.2865569293498993,1053474,46,2,False,Left,Back,Right,Centre,65
<_io.BytesIO object at 0x000001C1F467A9A0>,0.3869675099849701,-0.2137477546930313,-0.2888427972793579,1053474,46,2,False,Left,Back,Right,Centre,65
<_io.BytesIO object at 0x000001C1F453B1D0>,0.35580122470855713,-0.14265389740467072,-0.22292017936706543,1053475,46,2,False,Left,Back,Right,Centre,65
<_io.BytesIO object at 0x000001C1F453B7C0>,0.3648008108139038,-0.225816547870636,-0.20681454241275787,1053475,46,2,False,Left,Back,Right,Centre,65
<_io.BytesIO object at 0x000001C1F453B770>,0.3380419909954071,-0.15566539764404297,-0.2626515030860901,1053475,46,2,False,Left,Back,Right,Centre,65
<_io.BytesIO object at 0x000001C1F456CAE0>,0.3727503716945648,-0.16962869465351105,-0.2865569293498993,1053475,46,2,False,Left,Back,Right,Centre,65
<_io.BytesIO object at 0x000001C1F456C9F0>,0.3869675099849701,-0.2137477546930313,-0.2888427972793579,1053475,46,2,False,Left,Back,Right,Centre,65
<_io.BytesIO object at 0x000001C1F4565EF0>,0.35580122470855713,-0.14265389740467072,-0.22292017936706543,1053476,46,2,False,Left,Back,Right,Centre,65
<_io.BytesIO object at 0x000001C1F4565B80>,0.3648008108139038,-0.225816547870636,-0.20681454241275787,1053476,46,2,False,Left,Back,Right,Centre,65
<_io.BytesIO object at 0x000001C1F46870E0>,0.3380419909954071,-0.15566539764404297,-0.2626515030860901,1053476,46,2,False,Left,Back,Right,Centre,65
<_io.BytesIO object at 0x000001C1F4687AE0>,0.3727503716945648,-0.16962869465351105,-0.2865569293498993,1053476,46,2,False,Left,Back,Right,Centre,65
<_io.BytesIO object at 0x000001C1F46875E0>,0.3869675099849701,-0.2137477546930313,-0.2888427972793579,1053476,46,2,False,Left,Back,Right,Centre,65
<_io.BytesIO object at 0x000001C1F4653F90>,0.35580122470855713,-0.14265389740467072,-0.22292017936706543,1053477,46,2,False,Left,Back,Right,Centre,65
<_io.BytesIO object at 0x000001C1F465A220>,0.3648008108139038,-0.225816547870636,-0.20681454241275787,1053477,46,2,False,Left,Back,Right,Centre,65
<_io.BytesIO object at 0x000001C1F465A450>,0.3380419909954071,-0.15566539764404297,-0.2626515030860901,1053477,46,2,False,Left,Back,Right,Centre,65
<_io.BytesIO object at 0x000001C1F465AEF0>,0.3727503716945648,-0.16962869465351105,-0.2865569293498993,1053477,46,2,False,Left,Back,Right,Centre,65
<_io.BytesIO object at 0x000001C1F46543B0>,0.3869675099849701,-0.2137477546930313,-0.2888427972793579,1053477,46,2,False,Left,Back,Right,Centre,65
<_io.BytesIO object at 0x000001C1F4561720>,0.35580122470855713,-0.14265389740467072,-0.22292017936706543,1053478,46,2,False,Left,Back,Right,Centre,65
<_io.BytesIO object at 0x000001C1F1805270>,0.3648008108139038,-0.225816547870636,-0.20681454241275787,1053478,46,2,False,Left,Back,Right,Centre,65
<_io.BytesIO object at 0x000001C1F1805E00>,0.3380419909954071,-0.15566539764404297,-0.2626515030860901,1053478,46,2,False,Left,Back,Right,Centre,65
<_io.BytesIO object at 0x000001C1F1805720>,0.3727503716945648,-0.16962869465351105,-0.2865569293498993,1053478,46,2,False,Left,Back,Right,Centre,65
<_io.BytesIO object at 0x000001C1F1805D10>,0.3869675099849701,-0.2137477546930313,-0.2888427972793579,1053478,46,2,False,Left,Back,Right,Centre,65
<_io.BytesIO object at 0x000001C1F45619F0>,0.35580122470855713,-0.14265389740467072,-0.22292017936706543,1053479,46,2,False,Left,Back,Right,Centre,65
<_io.BytesIO object at 0x000001C1F4561E00>,0.3648008108139038,-0.225816547870636,-0.20681454241275787,1053479,46,2,False,Left,Back,Right,Centre,65
<_io.BytesIO object at 0x000001C1F46549F0>,0.3380419909954071,-0.15566539764404297,-0.2626515030860901,1053479,46,2,False,Left,Back,Right,Centre,65
<_io.BytesIO object at 0x000001C1F4654C70>,0.3727503716945648,-0.16962869465351105,-0.2865569293498993,1053479,46,2,False,Left,Back,Right,Centre,65
<_io.BytesIO object at 0x000001C1F4654B30>,0.3869675099849701,-0.2137477546930313,-0.2888427972793579,1053479,46,2,False,Left,Back,Right,Centre,65
<_io.BytesIO object at 0x000001C1F46537C0>,0.35580122470855713,-0.14265389740467072,-0.22292017936706543,1053480,46,2,False,Left,Back,Right,Centre,65
<_io.BytesIO object at 0x000001C1ECBE58B0>,0.3648008108139038,-0.225816547870636,-0.20681454241275787,1053480,46,2,False,Left,Back,Right,Centre,65
<_io.BytesIO object at 0x000001C1ECBE5090>,0.3380419909954071,-0.15566539764404297,-0.2626515030860901,1053480,46,2,False,Left,Back,Right,Centre,65
<_io.BytesIO object at 0x000001C1F4687180>,0.3727503716945648,-0.16962869465351105,-0.2865569293498993,1053480,46,2,False,Left,Back,Right,Centre,65
<_io.BytesIO object at 0x000001C1F46879F0>,0.3869675099849701,-0.2137477546930313,-0.2888427972793579,1053480,46,2,False,Left,Back,Right,Centre,65
<_io.BytesIO object at 0x000001C1F4677D10>,0.35580122470855713,-0.14265389740467072,-0.22292017936706543,1053481,46,2,False,Left,Back,Right,Centre,65
<_io.BytesIO object at 0x000001C1F4677540>,0.3648008108139038,-0.225816547870636,-0.20681454241275787,1053481,46,2,False,Left,Back,Right,Centre,65
<_io.BytesIO object at 0x000001C1F4677400>,0.3380419909954071,-0.15566539764404297,-0.2626515030860901,1053481,46,2,False,Left,Back,Right,Centre,65
<_io.BytesIO object at 0x000001C1F456C0E0>,0.3727503716945648,-0.16962869465351105,-0.2865569293498993,1053481,46,2,False,Left,Back,Right,Centre,65
<_io.BytesIO object at 0x000001C1F456C590>,0.3869675099849701,-0.2137477546930313,-0.2888427972793579,1053481,46,2,False,Left,Back,Right,Centre,65
<_io.BytesIO object at 0x000001C1F4667270>,0.35580122470855713,-0.14265389740467072,-0.22292017936706543,1053482,46,2,False,Left,Back,Right,Centre,65
<_io.BytesIO object at 0x000001C1F4667720>,0.3648008108139038,-0.225816547870636,-0.20681454241275787,1053482,46,2,False,Left,Back,Right,Centre,65
<_io.BytesIO object at 0x000001C1F4667A40>,0.3380419909954071,-0.15566539764404297,-0.2626515030860901,1053482,46,2,False,Left,Back,Right,Centre,65
<_io.BytesIO object at 0x000001C1F4667130>,0.3727503716945648,-0.16962869465351105,-0.2865569293498993,1053482,46,2,False,Left,Back,Right,Centre,65
<_io.BytesIO object at 0x000001C1F467AC70>,0.3869675099849701,-0.2137477546930313,-0.2888427972793579,1053482,46,2,False,Left,Back,Right,Centre,65
<_io.BytesIO object at 0x000001C1F45691D0>,0.35580122470855713,-0.14265389740467072,-0.22292017936706543,1053483,46,2,False,Left,Back,Right,Centre,65
<_io.BytesIO object at 0x000001C1F45693B0>,0.3648008108139038,-0.225816547870636,-0.20681454241275787,1053483,46,2,False,Left,Back,Right,Centre,65
<_io.BytesIO object at 0x000001C1F4569E00>,0.3380419909954071,-0.15566539764404297,-0.2626515030860901,1053483,46,2,False,Left,Back,Right,Centre,65
<_io.BytesIO object at 0x000001C1F4563F40>,0.3727503716945648,-0.16962869465351105,-0.2865569293498993,1053483,46,2,False,Left,Back,Right,Centre,65
<_io.BytesIO object at 0x000001C1F4563220>,0.3869675099849701,-0.2137477546930313,-0.2888427972793579,1053483,46,2,False,Left,Back,Right,Centre,65
<_io.BytesIO object at 0x000001C1F455C7C0>,0.35580122470855713,-0.14265389740467072,-0.22292017936706543,1053484,46,2,False,Left,Back,Right,Centre,65
<_io.BytesIO object at 0x000001C1F467AA40>,0.3648008108139038,-0.225816547870636,-0.20681454241275787,1053484,46,2,False,Left,Back,Right,Centre,65
<_io.BytesIO object at 0x000001C1F467A6D0>,0.3380419909954071,-0.15566539764404297,-0.2626515030860901,1053484,46,2,False,Left,Back,Right,Centre,65
<_io.BytesIO object at 0x000001C1F467A040>,0.3727503716945648,-0.16962869465351105,-0.2865569293498993,1053484,46,2,False,Left,Back,Right,Centre,65
<_io.BytesIO object at 0x000001C1F467AEF0>,0.3869675099849701,-0.2137477546930313,-0.2888427972793579,1053484,46,2,False,Left,Back,Right,Centre,65
<_io.BytesIO object at 0x000001C1F453B900>,0.35580122470855713,-0.14265389740467072,-0.22292017936706543,1053485,46,2,False,Left,Back,Right,Centre,65
<_io.BytesIO object at 0x000001C1F4677D10>,0.3648008108139038,-0.225816547870636,-0.20681454241275787,1053485,46,2,False,Left,Back,Right,Centre,65
<_io.BytesIO object at 0x000001C1F46774F0>,0.3380419909954071,-0.15566539764404297,-0.2626515030860901,1053485,46,2,False,Left,Back,Right,Centre,65
<_io.BytesIO object at 0x000001C1F46778B0>,0.3727503716945648,-0.16962869465351105,-0.2865569293498993,1053485,46,2,False,Left,Back,Right,Centre,65
<_io.BytesIO object at 0x000001C1F4565310>,0.3869675099849701,-0.2137477546930313,-0.2888427972793579,1053485,46,2,False,Left,Back,Right,Centre,65
<_io.BytesIO object at 0x000001C1F4687C20>,0.35580122470855713,-0.14265389740467072,-0.22292017936706543,1053486,46,2,False,Left,Back,Right,Centre,65
<_io.BytesIO object at 0x000001C1ECBE51D0>,0.3648008108139038,-0.225816547870636,-0.20681454241275787,1053486,46,2,False,Left,Back,Right,Centre,65
<_io.BytesIO object at 0x000001C1F4653B80>,0.3380419909954071,-0.15566539764404297,-0.2626515030860901,1053486,46,2,False,Left,Back,Right,Centre,65
<_io.BytesIO object at 0x000001C1F4653E00>,0.3727503716945648,-0.16962869465351105,-0.2865569293498993,1053486,46,2,False,Left,Back,Right,Centre,65
<_io.BytesIO object at 0x000001C1F4653AE0>,0.3869675099849701,-0.2137477546930313,-0.2888427972793579,1053486,46,2,False,Left,Back,Right,Centre,65
<_io.BytesIO object at 0x000001C1F4654090>,0.35580122470855713,-0.14265389740467072,-0.22292017936706543,1053487,46,2,False,Left,Back,Right,Centre,65
<_io.BytesIO object at 0x000001C1F4561DB0>,0.3648008108139038,-0.225816547870636,-0.20681454241275787,1053487,46,2,False,Left,Back,Right,Centre,65
<_io.BytesIO object at 0x000001C1F4561D10>,0.3380419909954071,-0.15566539764404297,-0.2626515030860901,1053487,46,2,False,Left,Back,Right,Centre,65
<_io.BytesIO object at 0x000001C1F4561310>,0.3727503716945648,-0.16962869465351105,-0.2865569293498993,1053487,46,2,False,Left,Back,Right,Centre,65
<_io.BytesIO object at 0x000001C1F45615E0>,0.3869675099849701,-0.2137477546930313,-0.2888427972793579,1053487,46,2,False,Left,Back,Right,Centre,65
<_io.BytesIO object at 0x000001C1F1805130>,0.35580122470855713,-0.14265389740467072,-0.22292017936706543,1053488,46,2,False,Left,Back,Right,Centre,65
<_io.BytesIO object at 0x000001C1F45633B0>,0.3648008108139038,-0.225816547870636,-0.20681454241275787,1053488,46,2,False,Left,Back,Right,Centre,65
<_io.BytesIO object at 0x000001C1F4563680>,0.3380419909954071,-0.15566539764404297,-0.2626515030860901,1053488,46,2,False,Left,Back,Right,Centre,65
<_io.BytesIO object at 0x000001C1F4563630>,0.3727503716945648,-0.16962869465351105,-0.2865569293498993,1053488,46,2,False,Left,Back,Right,Centre,65
<_io.BytesIO object at 0x000001C1F18057C0>,0.3869675099849701,-0.2137477546930313,-0.2888427972793579,1053488,46,2,False,Left,Back,Right,Centre,65
<_io.BytesIO object at 0x000001C1F4561220>,0.35580122470855713,-0.14265389740467072,-0.22292017936706543,1053489,46,2,False,Left,Back,Right,Centre,65
<_io.BytesIO object at 0x000001C1F4561540>,0.3648008108139038,-0.225816547870636,-0.20681454241275787,1053489,46,2,False,Left,Back,Right,Centre,65
<_io.BytesIO object at 0x000001C1F4561360>,0.3380419909954071,-0.15566539764404297,-0.2626515030860901,1053489,46,2,False,Left,Back,Right,Centre,65
<_io.BytesIO object at 0x000001C1F4654590>,0.3727503716945648,-0.16962869465351105,-0.2865569293498993,1053489,46,2,False,Left,Back,Right,Centre,65
<_io.BytesIO object at 0x000001C1F4654A90>,0.3869675099849701,-0.2137477546930313,-0.2888427972793579,1053489,46,2,False,Left,Back,Right,Centre,65
<_io.BytesIO object at 0x000001C1F46539F0>,0.35580122470855713,-0.14265389740467072,-0.22292017936706543,1053490,46,2,False,Left,Back,Right,Centre,65
<_io.BytesIO object at 0x000001C1F4653770>,0.3648008108139038,-0.225816547870636,-0.20681454241275787,1053490,46,2,False,Left,Back,Right,Centre,65
<_io.BytesIO object at 0x000001C1ECBE5680>,0.3380419909954071,-0.15566539764404297,-0.2626515030860901,1053490,46,2,False,Left,Back,Right,Centre,65
<_io.BytesIO object at 0x000001C1ECBE5310>,0.3727503716945648,-0.16962869465351105,-0.2865569293498993,1053490,46,2,False,Left,Back,Right,Centre,65
<_io.BytesIO object at 0x000001C1F4565BD0>,0.3869675099849701,-0.2137477546930313,-0.2888427972793579,1053490,46,2,False,Left,Back,Right,Centre,65
<_io.BytesIO object at 0x000001C1F453B9A0>,0.35580122470855713,-0.14265389740467072,-0.22292017936706543,1053491,46,2,False,Left,Back,Right,Centre,65
<_io.BytesIO object at 0x000001C1F453BB80>,0.3648008108139038,-0.225816547870636,-0.20681454241275787,1053491,46,2,False,Left,Back,Right,Centre,65
<_io.BytesIO object at 0x000001C1F453B040>,0.3380419909954071,-0.15566539764404297,-0.2626515030860901,1053491,46,2,False,Left,Back,Right,Centre,65
<_io.BytesIO object at 0x000001C1F4667CC0>,0.3727503716945648,-0.16962869465351105,-0.2865569293498993,1053491,46,2,False,Left,Back,Right,Centre,65
<_io.BytesIO object at 0x000001C1F4667860>,0.3869675099849701,-0.2137477546930313,-0.2888427972793579,1053491,46,2,False,Left,Back,Right,Centre,65
<_io.BytesIO object at 0x000001C1F4687220>,0.35580122470855713,-0.14265389740467072,-0.22292017936706543,1053492,46,2,False,Left,Back,Right,Centre,65
<_io.BytesIO object at 0x000001C1F4687B80>,0.3648008108139038,-0.225816547870636,-0.20681454241275787,1053492,46,2,False,Left,Back,Right,Centre,65
<_io.BytesIO object at 0x000001C1F4687860>,0.3380419909954071,-0.15566539764404297,-0.2626515030860901,1053492,46,2,False,Left,Back,Right,Centre,65
<_io.BytesIO object at 0x000001C1F4687360>,0.3727503716945648,-0.16962869465351105,-0.2865569293498993,1053492,46,2,False,Left,Back,Right,Centre,65
<_io.BytesIO object at 0x000001C1F4687F90>,0.3869675099849701,-0.2137477546930313,-0.2888427972793579,1053492,46,2,False,Left,Back,Right,Centre,65
<_io.BytesIO object at 0x000001C1F45693B0>,0.35580122470855713,-0.14265389740467072,-0.22292017936706543,1053493,46,2,False,Left,Back,Right,Centre,65
<_io.BytesIO object at 0x000001C1F4569F40>,0.3648008108139038,-0.225816547870636,-0.20681454241275787,1053493,46,2,False,Left,Back,Right,Centre,65
<_io.BytesIO object at 0x000001C1F4569D60>,0.3380419909954071,-0.15566539764404297,-0.2626515030860901,1053493,46,2,False,Left,Back,Right,Centre,65
<_io.BytesIO object at 0x000001C1F45699F0>,0.3727503716945648,-0.16962869465351105,-0.2865569293498993,1053493,46,2,False,Left,Back,Right,Centre,65
<_io.BytesIO object at 0x000001C1F45697C0>,0.3869675099849701,-0.2137477546930313,-0.2888427972793579,1053493,46,2,False,Left,Back,Right,Centre,65
<_io.BytesIO object at 0x000001C1F4687090>,0.35580122470855713,-0.14265389740467072,-0.22292017936706543,1053494,46,2,False,Left,Back,Right,Centre,65
<_io.BytesIO object at 0x000001C1F467A130>,0.3648008108139038,-0.225816547870636,-0.20681454241275787,1053494,46,2,False,Left,Back,Right,Centre,65
<_io.BytesIO object at 0x000001C1F467A4A0>,0.3380419909954071,-0.15566539764404297,-0.2626515030860901,1053494,46,2,False,Left,Back,Right,Centre,65
<_io.BytesIO object at 0x000001C1F467A680>,0.3727503716945648,-0.16962869465351105,-0.2865569293498993,1053494,46,2,False,Left,Back,Right,Centre,65
<_io.BytesIO object at 0x000001C1F467A090>,0.3869675099849701,-0.2137477546930313,-0.2888427972793579,1053494,46,2,False,Left,Back,Right,Centre,65
<_io.BytesIO object at 0x000001C1F453BD10>,0.35580122470855713,-0.14265389740467072,-0.22292017936706543,1053495,46,2,False,Left,Back,Right,Centre,65
<_io.BytesIO object at 0x000001C1F4677C20>,0.3648008108139038,-0.225816547870636,-0.20681454241275787,1053495,46,2,False,Left,Back,Right,Centre,65
<_io.BytesIO object at 0x000001C1F4677180>,0.3380419909954071,-0.15566539764404297,-0.2626515030860901,1053495,46,2,False,Left,Back,Right,Centre,65
<_io.BytesIO object at 0x000001C1F4677680>,0.3727503716945648,-0.16962869465351105,-0.2865569293498993,1053495,46,2,False,Left,Back,Right,Centre,65
<_io.BytesIO object at 0x000001C1F46779F0>,0.3869675099849701,-0.2137477546930313,-0.2888427972793579,1053495,46,2,False,Left,Back,Right,Centre,65
<_io.BytesIO object at 0x000001C1F4653EA0>,0.35580122470855713,-0.14265389740467072,-0.22292017936706543,1053496,46,2,False,Left,Back,Right,Centre,65
<_io.BytesIO object at 0x000001C1F465A130>,0.3648008108139038,-0.225816547870636,-0.20681454241275787,1053496,46,2,False,Left,Back,Right,Centre,65
<_io.BytesIO object at 0x000001C1F465AE50>,0.3380419909954071,-0.15566539764404297,-0.2626515030860901,1053496,46,2,False,Left,Back,Right,Centre,65
<_io.BytesIO object at 0x000001C1F465AC20>,0.3727503716945648,-0.16962869465351105,-0.2865569293498993,1053496,46,2,False,Left,Back,Right,Centre,65
<_io.BytesIO object at 0x000001C1F465AEF0>,0.3869675099849701,-0.2137477546930313,-0.2888427972793579,1053496,46,2,False,Left,Back,Right,Centre,65
<_io.BytesIO object at 0x000001C1F4561040>,0.35580122470855713,-0.14265389740467072,-0.22292017936706543,1053497,46,2,False,Left,Back,Right,Centre,65
<_io.BytesIO object at 0x000001C1F456CEF0>,0.3648008108139038,-0.225816547870636,-0.20681454241275787,1053497,46,2,False,Left,Back,Right,Centre,65
<_io.BytesIO object at 0x000001C1F456CAE0>,0.3380419909954071,-0.15566539764404297,-0.2626515030860901,1053497,46,2,False,Left,Back,Right,Centre,65
<_io.BytesIO object at 0x000001C1F456CC20>,0.3727503716945648,-0.16962869465351105,-0.2865569293498993,1053497,46,2,False,Left,Back,Right,Centre,65
<_io.BytesIO object at 0x000001C1F456C400>,0.3869675099849701,-0.2137477546930313,-0.2888427972793579,1053497,46,2,False,Left,Back,Right,Centre,65
<_io.BytesIO object at 0x000001C1F1805310>,0.35580122470855713,-0.14265389740467072,-0.22292017936706543,1053498,46,2,False,Left,Back,Right,Centre,65
<_io.BytesIO object at 0x000001C1F1805630>,0.3648008108139038,-0.225816547870636,-0.20681454241275787,1053498,46,2,False,Left,Back,Right,Centre,65
<_io.BytesIO object at 0x000001C1F18054A0>,0.3380419909954071,-0.15566539764404297,-0.2626515030860901,1053498,46,2,False,Left,Back,Right,Centre,65
<_io.BytesIO object at 0x000001C1F456C2C0>,0.3727503716945648,-0.16962869465351105,-0.2865569293498993,1053498,46,2,False,Left,Back,Right,Centre,65
<_io.BytesIO object at 0x000001C1F456C4F0>,0.3869675099849701,-0.2137477546930313,-0.2888427972793579,1053498,46,2,False,Left,Back,Right,Centre,65
<_io.BytesIO object at 0x000001C1F465A1D0>,0.35580122470855713,-0.14265389740467072,-0.22292017936706543,1053499,46,2,False,Left,Back,Right,Centre,65
<_io.BytesIO object at 0x000001C1F465AEA0>,0.3648008108139038,-0.225816547870636,-0.20681454241275787,1053499,46,2,False,Left,Back,Right,Centre,65
<_io.BytesIO object at 0x000001C1F465AA90>,0.3380419909954071,-0.15566539764404297,-0.2626515030860901,1053499,46,2,False,Left,Back,Right,Centre,65
<_io.BytesIO object at 0x000001C1F4653F90>,0.3727503716945648,-0.16962869465351105,-0.2865569293498993,1053499,46,2,False,Left,Back,Right,Centre,65
<_io.BytesIO object at 0x000001C1F46535E0>,0.3869675099849701,-0.2137477546930313,-0.2888427972793579,1053499,46,2,False,Left,Back,Right,Centre,65
<_io.BytesIO object at 0x000001C1F45654F0>,0.35580122470855713,-0.14265389740467072,-0.22292017936706543,1053500,46,2,False,Left,Back,Right,Centre,65
<_io.BytesIO object at 0x000001C1F46772C0>,0.3648008108139038,-0.225816547870636,-0.20681454241275787,1053500,46,2,False,Left,Back,Right,Centre,65
<_io.BytesIO object at 0x000001C1F4677450>,0.3380419909954071,-0.15566539764404297,-0.2626515030860901,1053500,46,2,False,Left,Back,Right,Centre,65
<_io.BytesIO object at 0x000001C1F4677A90>,0.3727503716945648,-0.16962869465351105,-0.2865569293498993,1053500,46,2,False,Left,Back,Right,Centre,65
<_io.BytesIO object at 0x000001C1F453B900>,0.3869675099849701,-0.2137477546930313,-0.2888427972793579,1053500,46,2,False,Left,Back,Right,Centre,65
<_io.BytesIO object at 0x000001C1F467A950>,0.35580122470855713,-0.14265389740467072,-0.22292017936706543,1053501,46,2,False,Left,Back,Right,Centre,65
<_io.BytesIO object at 0x000001C1F467A590>,0.3648008108139038,-0.225816547870636,-0.20681454241275787,1053501,46,2,False,Left,Back,Right,Centre,65
<_io.BytesIO object at 0x000001C1F467A360>,0.3380419909954071,-0.15566539764404297,-0.2626515030860901,1053501,46,2,False,Left,Back,Right,Centre,65
<_io.BytesIO object at 0x000001C1F467A3B0>,0.3727503716945648,-0.16962869465351105,-0.2865569293498993,1053501,46,2,False,Left,Back,Right,Centre,65
<_io.BytesIO object at 0x000001C1F467AF90>,0.3869675099849701,-0.2137477546930313,-0.2888427972793579,1053501,46,2,False,Left,Back,Right,Centre,65
<_io.BytesIO object at 0x000001C1F4687770>,0.35580122470855713,-0.14265389740467072,-0.22292017936706543,1053502,46,2,False,Left,Back,Right,Centre,65
<_io.BytesIO object at 0x000001C1F455CEF0>,0.3648008108139038,-0.225816547870636,-0.20681454241275787,1053502,46,2,False,Left,Back,Right,Centre,65
<_io.BytesIO object at 0x000001C1F455C770>,0.3380419909954071,-0.15566539764404297,-0.2626515030860901,1053502,46,2,False,Left,Back,Right,Centre,65
<_io.BytesIO object at 0x000001C1F455CC70>,0.3727503716945648,-0.16962869465351105,-0.2865569293498993,1053502,46,2,False,Left,Back,Right,Centre,65
<_io.BytesIO object at 0x000001C1F455C680>,0.3869675099849701,-0.2137477546930313,-0.2888427972793579,1053502,46,2,False,Left,Back,Right,Centre,65
<_io.BytesIO object at 0x000001C1F4563E00>,0.35580122470855713,-0.14265389740467072,-0.22292017936706543,1053503,46,2,False,Left,Back,Right,Centre,65
<_io.BytesIO object at 0x000001C1F4569400>,0.3648008108139038,-0.225816547870636,-0.20681454241275787,1053503,46,2,False,Left,Back,Right,Centre,65
<_io.BytesIO object at 0x000001C1F4569130>,0.3380419909954071,-0.15566539764404297,-0.2626515030860901,1053503,46,2,False,Left,Back,Right,Centre,65
<_io.BytesIO object at 0x000001C1F45698B0>,0.3727503716945648,-0.16962869465351105,-0.2865569293498993,1053503,46,2,False,Left,Back,Right,Centre,65
<_io.BytesIO object at 0x000001C1F45690E0>,0.3869675099849701,-0.2137477546930313,-0.2888427972793579,1053503,46,2,False,Left,Back,Right,Centre,65
<_io.BytesIO object at 0x000001C1F4687B30>,0.35580122470855713,-0.14265389740467072,-0.22292017936706543,1053504,46,2,False,Left,Back,Right,Centre,65
<_io.BytesIO object at 0x000001C1F4654680>,0.3648008108139038,-0.225816547870636,-0.20681454241275787,1053504,46,2,False,Left,Back,Right,Centre,65
<_io.BytesIO object at 0x000001C1F46544A0>,0.3380419909954071,-0.15566539764404297,-0.2626515030860901,1053504,46,2,False,Left,Back,Right,Centre,65
<_io.BytesIO object at 0x000001C1F4654E00>,0.3727503716945648,-0.16962869465351105,-0.2865569293498993,1053504,46,2,False,Left,Back,Right,Centre,65
<_io.BytesIO object at 0x000001C1F4654090>,0.3869675099849701,-0.2137477546930313,-0.2888427972793579,1053504,46,2,False,Left,Back,Right,Centre,65
<_io.BytesIO object at 0x000001C1F4667360>,0.35580122470855713,-0.14265389740467072,-0.22292017936706543,1053505,46,2,False,Left,Back,Right,Centre,65
<_io.BytesIO object at 0x000001C1F453B950>,0.3648008108139038,-0.225816547870636,-0.20681454241275787,1053505,46,2,False,Left,Back,Right,Centre,65
<_io.BytesIO object at 0x000001C1F453B270>,0.3380419909954071,-0.15566539764404297,-0.2626515030860901,1053505,46,2,False,Left,Back,Right,Centre,65
<_io.BytesIO object at 0x000001C1F453B5E0>,0.3727503716945648,-0.16962869465351105,-0.2865569293498993,1053505,46,2,False,Left,Back,Right,Centre,65
<_io.BytesIO object at 0x000001C1F453B2C0>,0.3869675099849701,-0.2137477546930313,-0.2888427972793579,1053505,46,2,False,Left,Back,Right,Centre,65
<_io.BytesIO object at 0x000001C1F4565720>,0.35580122470855713,-0.14265389740467072,-0.22292017936706543,1053506,46,2,False,Left,Back,Right,Centre,65
<_io.BytesIO object at 0x000001C1ECBE50E0>,0.3648008108139038,-0.225816547870636,-0.20681454241275787,1053506,46,2,False,Left,Back,Right,Centre,65
<_io.BytesIO object at 0x000001C1F4653360>,0.3380419909954071,-0.15566539764404297,-0.2626515030860901,1053506,46,2,False,Left,Back,Right,Centre,65
<_io.BytesIO object at 0x000001C1F4653450>,0.3727503716945648,-0.16962869465351105,-0.2865569293498993,1053506,46,2,False,Left,Back,Right,Centre,65
<_io.BytesIO object at 0x000001C1F4653BD0>,0.3869675099849701,-0.2137477546930313,-0.2888427972793579,1053506,46,2,False,Left,Back,Right,Centre,65
<_io.BytesIO object at 0x000001C1F45616D0>,0.35580122470855713,-0.14265389740467072,-0.22292017936706543,1053507,46,2,False,Left,Back,Right,Centre,65
<_io.BytesIO object at 0x000001C1F456CA90>,0.3648008108139038,-0.225816547870636,-0.20681454241275787,1053507,46,2,False,Left,Back,Right,Centre,65
<_io.BytesIO object at 0x000001C1F456C6D0>,0.3380419909954071,-0.15566539764404297,-0.2626515030860901,1053507,46,2,False,Left,Back,Right,Centre,65
<_io.BytesIO object at 0x000001C1F456C680>,0.3727503716945648,-0.16962869465351105,-0.2865569293498993,1053507,46,2,False,Left,Back,Right,Centre,65
<_io.BytesIO object at 0x000001C1F456CE50>,0.3869675099849701,-0.2137477546930313,-0.2888427972793579,1053507,46,2,False,Left,Back,Right,Centre,65
<_io.BytesIO object at 0x000001C1F18058B0>,0.35580122470855713,-0.14265389740467072,-0.22292017936706543,1053508,46,2,False,Left,Back,Right,Centre,65
<_io.BytesIO object at 0x000001C1F456C590>,0.3648008108139038,-0.225816547870636,-0.20681454241275787,1053508,46,2,False,Left,Back,Right,Centre,65
<_io.BytesIO object at 0x000001C1F456C630>,0.3380419909954071,-0.15566539764404297,-0.2626515030860901,1053508,46,2,False,Left,Back,Right,Centre,65
<_io.BytesIO object at 0x000001C1F456CCC0>,0.3727503716945648,-0.16962869465351105,-0.2865569293498993,1053508,46,2,False,Left,Back,Right,Centre,65
<_io.BytesIO object at 0x000001C1F456CB30>,0.3869675099849701,-0.2137477546930313,-0.2888427972793579,1053508,46,2,False,Left,Back,Right,Centre,65
<_io.BytesIO object at 0x000001C1F465AE00>,0.35580122470855713,-0.14265389740467072,-0.22292017936706543,1053509,46,2,False,Left,Back,Right,Centre,65
<_io.BytesIO object at 0x000001C1F46534A0>,0.3648008108139038,-0.225816547870636,-0.20681454241275787,1053509,46,2,False,Left,Back,Right,Centre,65
<_io.BytesIO object at 0x000001C1F4653D10>,0.3380419909954071,-0.15566539764404297,-0.2626515030860901,1053509,46,2,False,Left,Back,Right,Centre,65
<_io.BytesIO object at 0x000001C1F4653360>,0.3727503716945648,-0.16962869465351105,-0.2865569293498993,1053509,46,2,False,Left,Back,Right,Centre,65
<_io.BytesIO object at 0x000001C1F4653C70>,0.3869675099849701,-0.2137477546930313,-0.2888427972793579,1053509,46,2,False,Left,Back,Right,Centre,65
<_io.BytesIO object at 0x000001C1F46771D0>,0.35580122470855713,-0.14265389740467072,-0.22292017936706543,1053510,46,2,False,Left,Back,Right,Centre,65
<_io.BytesIO object at 0x000001C1F4667AE0>,0.3648008108139038,-0.225816547870636,-0.20681454241275787,1053510,46,2,False,Left,Back,Right,Centre,65
<_io.BytesIO object at 0x000001C1F4667130>,0.3380419909954071,-0.15566539764404297,-0.2626515030860901,1053510,46,2,False,Left,Back,Right,Centre,65
<_io.BytesIO object at 0x000001C1F4667270>,0.3727503716945648,-0.16962869465351105,-0.2865569293498993,1053510,46,2,False,Left,Back,Right,Centre,65
<_io.BytesIO object at 0x000001C1F4667D60>,0.3869675099849701,-0.2137477546930313,-0.2888427972793579,1053510,46,2,False,Left,Back,Right,Centre,65
<_io.BytesIO object at 0x000001C1F46540E0>,0.35580122470855713,-0.14265389740467072,-0.22292017936706543,1053511,46,2,False,Left,Back,Right,Centre,65
<_io.BytesIO object at 0x000001C1F4654DB0>,0.3648008108139038,-0.225816547870636,-0.20681454241275787,1053511,46,2,False,Left,Back,Right,Centre,65
<_io.BytesIO object at 0x000001C1F453B220>,0.3380419909954071,-0.15566539764404297,-0.2626515030860901,1053511,46,2,False,Left,Back,Right,Centre,65
<_io.BytesIO object at 0x000001C1F453BC70>,0.3727503716945648,-0.16962869465351105,-0.2865569293498993,1053511,46,2,False,Left,Back,Right,Centre,65
<_io.BytesIO object at 0x000001C1F453BF90>,0.3869675099849701,-0.2137477546930313,-0.2888427972793579,1053511,46,2,False,Left,Back,Right,Centre,65
<_io.BytesIO object at 0x000001C1F455CEF0>,0.35580122470855713,-0.14265389740467072,-0.22292017936706543,1053512,46,2,False,Left,Back,Right,Centre,65
<_io.BytesIO object at 0x000001C1F455C680>,0.3648008108139038,-0.225816547870636,-0.20681454241275787,1053512,46,2,False,Left,Back,Right,Centre,65
<_io.BytesIO object at 0x000001C1F4569C20>,0.3380419909954071,-0.15566539764404297,-0.2626515030860901,1053512,46,2,False,Left,Back,Right,Centre,65
<_io.BytesIO object at 0x000001C1F4569220>,0.3727503716945648,-0.16962869465351105,-0.2865569293498993,1053512,46,2,False,Left,Back,Right,Centre,65
<_io.BytesIO object at 0x000001C1F45698B0>,0.3869675099849701,-0.2137477546930313,-0.2888427972793579,1053512,46,2,False,Left,Back,Right,Centre,65
<_io.BytesIO object at 0x000001C1F4687900>,0.35580122470855713,-0.14265389740467072,-0.22292017936706543,1053513,46,2,False,Left,Back,Right,Centre,65
<_io.BytesIO object at 0x000001C1F453B040>,0.3648008108139038,-0.225816547870636,-0.20681454241275787,1053513,46,2,False,Left,Back,Right,Centre,65
<_io.BytesIO object at 0x000001C1F453BF40>,0.3380419909954071,-0.15566539764404297,-0.2626515030860901,1053513,46,2,False,Left,Back,Right,Centre,65
<_io.BytesIO object at 0x000001C1F453B2C0>,0.3727503716945648,-0.16962869465351105,-0.2865569293498993,1053513,46,2,False,Left,Back,Right,Centre,65
<_io.BytesIO object at 0x000001C1F453B540>,0.3869675099849701,-0.2137477546930313,-0.2888427972793579,1053513,46,2,False,Left,Back,Right,Centre,65
<_io.BytesIO object at 0x000001C1F467A950>,0.35580122470855713,-0.14265389740467072,-0.22292017936706543,1053514,46,2,False,Left,Back,Right,Centre,65
<_io.BytesIO object at 0x000001C1F46677C0>,0.3648008108139038,-0.225816547870636,-0.20681454241275787,1053514,46,2,False,Left,Back,Right,Centre,65
<_io.BytesIO object at 0x000001C1F4667C20>,0.3380419909954071,-0.15566539764404297,-0.2626515030860901,1053514,46,2,False,Left,Back,Right,Centre,65
<_io.BytesIO object at 0x000001C1F4667EF0>,0.3727503716945648,-0.16962869465351105,-0.2865569293498993,1053514,46,2,False,Left,Back,Right,Centre,65
<_io.BytesIO object at 0x000001C1F4667BD0>,0.3869675099849701,-0.2137477546930313,-0.2888427972793579,1053514,46,2,False,Left,Back,Right,Centre,65
<_io.BytesIO object at 0x000001C1F4565C20>,0.35580122470855713,-0.14265389740467072,-0.22292017936706543,1053515,46,2,False,Left,Back,Right,Centre,65
<_io.BytesIO object at 0x000001C1ECBE5360>,0.3648008108139038,-0.225816547870636,-0.20681454241275787,1053515,46,2,False,Left,Back,Right,Centre,65
<_io.BytesIO object at 0x000001C1F4653AE0>,0.3380419909954071,-0.15566539764404297,-0.2626515030860901,1053515,46,2,False,Left,Back,Right,Centre,65
<_io.BytesIO object at 0x000001C1F4653A40>,0.3727503716945648,-0.16962869465351105,-0.2865569293498993,1053515,46,2,False,Left,Back,Right,Centre,65
<_io.BytesIO object at 0x000001C1F46534A0>,0.3869675099849701,-0.2137477546930313,-0.2888427972793579,1053515,46,2,False,Left,Back,Right,Centre,65
<_io.BytesIO object at 0x000001C1F4561040>,0.35580122470855713,-0.14265389740467072,-0.22292017936706543,1053516,46,2,False,Left,Back,Right,Centre,65
<_io.BytesIO object at 0x000001C1F456C310>,0.3648008108139038,-0.225816547870636,-0.20681454241275787,1053516,46,2,False,Left,Back,Right,Centre,65
<_io.BytesIO object at 0x000001C1F456CD10>,0.3380419909954071,-0.15566539764404297,-0.2626515030860901,1053516,46,2,False,Left,Back,Right,Centre,65
<_io.BytesIO object at 0x000001C1F456C680>,0.3727503716945648,-0.16962869465351105,-0.2865569293498993,1053516,46,2,False,Left,Back,Right,Centre,65
<_io.BytesIO object at 0x000001C1F456C590>,0.3869675099849701,-0.2137477546930313,-0.2888427972793579,1053516,46,2,False,Left,Back,Right,Centre,65
<_io.BytesIO object at 0x000001C1F4569B30>,0.35580122470855713,-0.14265389740467072,-0.22292017936706543,1053517,46,2,False,Left,Back,Right,Centre,65
<_io.BytesIO object at 0x000001C1F4563130>,0.3648008108139038,-0.225816547870636,-0.20681454241275787,1053517,46,2,False,Left,Back,Right,Centre,65
<_io.BytesIO object at 0x000001C1F4563C20>,0.3380419909954071,-0.15566539764404297,-0.2626515030860901,1053517,46,2,False,Left,Back,Right,Centre,65
<_io.BytesIO object at 0x000001C1F4563F40>,0.3727503716945648,-0.16962869465351105,-0.2865569293498993,1053517,46,2,False,Left,Back,Right,Centre,65
<_io.BytesIO object at 0x000001C1F4563EA0>,0.3869675099849701,-0.2137477546930313,-0.2888427972793579,1053517,46,2,False,Left,Back,Right,Centre,65
<_io.BytesIO object at 0x000001C1F1805900>,0.35580122470855713,-0.14265389740467072,-0.22292017936706543,1053518,46,2,False,Left,Back,Right,Centre,65
<_io.BytesIO object at 0x000001C1F456CBD0>,0.3648008108139038,-0.225816547870636,-0.20681454241275787,1053518,46,2,False,Left,Back,Right,Centre,65
<_io.BytesIO object at 0x000001C1F456CC70>,0.3380419909954071,-0.15566539764404297,-0.2626515030860901,1053518,46,2,False,Left,Back,Right,Centre,65
<_io.BytesIO object at 0x000001C1F456CA90>,0.3727503716945648,-0.16962869465351105,-0.2865569293498993,1053518,46,2,False,Left,Back,Right,Centre,65
<_io.BytesIO object at 0x000001C1F456CB80>,0.3869675099849701,-0.2137477546930313,-0.2888427972793579,1053518,46,2,False,Left,Back,Right,Centre,65
<_io.BytesIO object at 0x000001C1F465A360>,0.35580122470855713,-0.14265389740467072,-0.22292017936706543,1053519,46,2,False,Left,Back,Right,Centre,65
<_io.BytesIO object at 0x000001C1F4653BD0>,0.3648008108139038,-0.225816547870636,-0.20681454241275787,1053519,46,2,False,Left,Back,Right,Centre,65
<_io.BytesIO object at 0x000001C1F4653EF0>,0.3380419909954071,-0.15566539764404297,-0.2626515030860901,1053519,46,2,False,Left,Back,Right,Centre,65
<_io.BytesIO object at 0x000001C1F4653C70>,0.3727503716945648,-0.16962869465351105,-0.2865569293498993,1053519,46,2,False,Left,Back,Right,Centre,65
<_io.BytesIO object at 0x000001C1ECBE5360>,0.3869675099849701,-0.2137477546930313,-0.2888427972793579,1053519,46,2,False,Left,Back,Right,Centre,65
<_io.BytesIO object at 0x000001C1F46775E0>,0.35580122470855713,-0.14265389740467072,-0.22292017936706543,1053520,46,2,False,Left,Back,Right,Centre,65
<_io.BytesIO object at 0x000001C1F467AC20>,0.3648008108139038,-0.225816547870636,-0.20681454241275787,1053520,46,2,False,Left,Back,Right,Centre,65
<_io.BytesIO object at 0x000001C1F467ACC0>,0.3380419909954071,-0.15566539764404297,-0.2626515030860901,1053520,46,2,False,Left,Back,Right,Centre,65
<_io.BytesIO object at 0x000001C1F467AF40>,0.3727503716945648,-0.16962869465351105,-0.2865569293498993,1053520,46,2,False,Left,Back,Right,Centre,65
<_io.BytesIO object at 0x000001C1F467A3B0>,0.3869675099849701,-0.2137477546930313,-0.2888427972793579,1053520,46,2,False,Left,Back,Right,Centre,65
<_io.BytesIO object at 0x000001C1F453B720>,0.35580122470855713,-0.14265389740467072,-0.22292017936706543,1053521,46,2,False,Left,Back,Right,Centre,65
<_io.BytesIO object at 0x000001C1F4667590>,0.3648008108139038,-0.225816547870636,-0.20681454241275787,1053521,46,2,False,Left,Back,Right,Centre,65
<_io.BytesIO object at 0x000001C1F4667EF0>,0.3380419909954071,-0.15566539764404297,-0.2626515030860901,1053521,46,2,False,Left,Back,Right,Centre,65
<_io.BytesIO object at 0x000001C1F46674A0>,0.3727503716945648,-0.16962869465351105,-0.2865569293498993,1053521,46,2,False,Left,Back,Right,Centre,65
<_io.BytesIO object at 0x000001C1F46679A0>,0.3869675099849701,-0.2137477546930313,-0.2888427972793579,1053521,46,2,False,Left,Back,Right,Centre,65
<_io.BytesIO object at 0x000001C1F455C220>,0.35580122470855713,-0.14265389740467072,-0.22292017936706543,1053522,46,2,False,Left,Back,Right,Centre,65
<_io.BytesIO object at 0x000001C1F455C950>,0.3648008108139038,-0.225816547870636,-0.20681454241275787,1053522,46,2,False,Left,Back,Right,Centre,65
<_io.BytesIO object at 0x000001C1F455CF90>,0.3380419909954071,-0.15566539764404297,-0.2626515030860901,1053522,46,2,False,Left,Back,Right,Centre,65
<_io.BytesIO object at 0x000001C1F455CF40>,0.3727503716945648,-0.16962869465351105,-0.2865569293498993,1053522,46,2,False,Left,Back,Right,Centre,65
<_io.BytesIO object at 0x000001C1F455C630>,0.3869675099849701,-0.2137477546930313,-0.2888427972793579,1053522,46,2,False,Left,Back,Right,Centre,65
<_io.BytesIO object at 0x000001C1F4667360>,0.35580122470855713,-0.14265389740467072,-0.22292017936706543,1053523,46,2,False,Left,Back,Right,Centre,65
<_io.BytesIO object at 0x000001C1F453B450>,0.3648008108139038,-0.225816547870636,-0.20681454241275787,1053523,46,2,False,Left,Back,Right,Centre,65
<_io.BytesIO object at 0x000001C1F453BB80>,0.3380419909954071,-0.15566539764404297,-0.2626515030860901,1053523,46,2,False,Left,Back,Right,Centre,65
<_io.BytesIO object at 0x000001C1F453B2C0>,0.3727503716945648,-0.16962869465351105,-0.2865569293498993,1053523,46,2,False,Left,Back,Right,Centre,65
<_io.BytesIO object at 0x000001C1F453BBD0>,0.3869675099849701,-0.2137477546930313,-0.2888427972793579,1053523,46,2,False,Left,Back,Right,Centre,65
<_io.BytesIO object at 0x000001C1F467AD10>,0.35580122470855713,-0.14265389740467072,-0.22292017936706543,1053524,46,2,False,Left,Back,Right,Centre,65
<_io.BytesIO object at 0x000001C1F46773B0>,0.3648008108139038,-0.225816547870636,-0.20681454241275787,1053524,46,2,False,Left,Back,Right,Centre,65
<_io.BytesIO object at 0x000001C1F46776D0>,0.3380419909954071,-0.15566539764404297,-0.2626515030860901,1053524,46,2,False,Left,Back,Right,Centre,65
<_io.BytesIO object at 0x000001C1F46772C0>,0.3727503716945648,-0.16962869465351105,-0.2865569293498993,1053524,46,2,False,Left,Back,Right,Centre,65
<_io.BytesIO object at 0x000001C1F4677C20>,0.3869675099849701,-0.2137477546930313,-0.2888427972793579,1053524,46,2,False,Left,Back,Right,Centre,65
<_io.BytesIO object at 0x000001C1F4653360>,0.35580122470855713,-0.14265389740467072,-0.22292017936706543,1053525,46,2,False,Left,Back,Right,Centre,65
<_io.BytesIO object at 0x000001C1F465AA90>,0.3648008108139038,-0.225816547870636,-0.20681454241275787,1053525,46,2,False,Left,Back,Right,Centre,65
<_io.BytesIO object at 0x000001C1F465ACC0>,0.3380419909954071,-0.15566539764404297,-0.2626515030860901,1053525,46,2,False,Left,Back,Right,Centre,65
<_io.BytesIO object at 0x000001C1F465A090>,0.3727503716945648,-0.16962869465351105,-0.2865569293498993,1053525,46,2,False,Left,Back,Right,Centre,65
<_io.BytesIO object at 0x000001C1F465A270>,0.3869675099849701,-0.2137477546930313,-0.2888427972793579,1053525,46,2,False,Left,Back,Right,Centre,65
<_io.BytesIO object at 0x000001C1F456C3B0>,0.35580122470855713,-0.14265389740467072,-0.22292017936706543,1053526,46,2,False,Left,Back,Right,Centre,65
<_io.BytesIO object at 0x000001C1F1805310>,0.3648008108139038,-0.225816547870636,-0.20681454241275787,1053526,46,2,False,Left,Back,Right,Centre,65
<_io.BytesIO object at 0x000001C1F18054A0>,0.3380419909954071,-0.15566539764404297,-0.2626515030860901,1053526,46,2,False,Left,Back,Right,Centre,65
<_io.BytesIO object at 0x000001C1F1805540>,0.3727503716945648,-0.16962869465351105,-0.2865569293498993,1053526,46,2,False,Left,Back,Right,Centre,65
<_io.BytesIO object at 0x000001C1F1805180>,0.3869675099849701,-0.2137477546930313,-0.2888427972793579,1053526,46,2,False,Left,Back,Right,Centre,65
<_io.BytesIO object at 0x000001C1F4563C20>,0.35580122470855713,-0.14265389740467072,-0.22292017936706543,1053527,46,2,False,Left,Back,Right,Centre,65
<_io.BytesIO object at 0x000001C1F4563400>,0.3648008108139038,-0.225816547870636,-0.20681454241275787,1053527,46,2,False,Left,Back,Right,Centre,65
<_io.BytesIO object at 0x000001C1F45693B0>,0.3380419909954071,-0.15566539764404297,-0.2626515030860901,1053527,46,2,False,Left,Back,Right,Centre,65
<_io.BytesIO object at 0x000001C1F4569860>,0.3727503716945648,-0.16962869465351105,-0.2865569293498993,1053527,46,2,False,Left,Back,Right,Centre,65
<_io.BytesIO object at 0x000001C1F4569130>,0.3869675099849701,-0.2137477546930313,-0.2888427972793579,1053527,46,2,False,Left,Back,Right,Centre,65
<_io.BytesIO object at 0x000001C1F456C5E0>,0.35580122470855713,-0.14265389740467072,-0.22292017936706543,1053528,46,2,False,Left,Back,Right,Centre,65
<_io.BytesIO object at 0x000001C1F4561EF0>,0.3648008108139038,-0.225816547870636,-0.20681454241275787,1053528,46,2,False,Left,Back,Right,Centre,65
<_io.BytesIO object at 0x000001C1F4561BD0>,0.3380419909954071,-0.15566539764404297,-0.2626515030860901,1053528,46,2,False,Left,Back,Right,Centre,65
<_io.BytesIO object at 0x000001C1F45617C0>,0.3727503716945648,-0.16962869465351105,-0.2865569293498993,1053528,46,2,False,Left,Back,Right,Centre,65
<_io.BytesIO object at 0x000001C1F4561220>,0.3869675099849701,-0.2137477546930313,-0.2888427972793579,1053528,46,2,False,Left,Back,Right,Centre,65
<_io.BytesIO object at 0x000001C1F4653C70>,0.35580122470855713,-0.14265389740467072,-0.22292017936706543,1053529,46,2,False,Left,Back,Right,Centre,65
<_io.BytesIO object at 0x000001C1ECBE54F0>,0.3648008108139038,-0.225816547870636,-0.20681454241275787,1053529,46,2,False,Left,Back,Right,Centre,65
<_io.BytesIO object at 0x000001C1F4565720>,0.3380419909954071,-0.15566539764404297,-0.2626515030860901,1053529,46,2,False,Left,Back,Right,Centre,65
<_io.BytesIO object at 0x000001C1F4565590>,0.3727503716945648,-0.16962869465351105,-0.2865569293498993,1053529,46,2,False,Left,Back,Right,Centre,65
<_io.BytesIO object at 0x000001C1F4565310>,0.3869675099849701,-0.2137477546930313,-0.2888427972793579,1053529,46,2,False,Left,Back,Right,Centre,65
<_io.BytesIO object at 0x000001C1F467A900>,0.35580122470855713,-0.14265389740467072,-0.22292017936706543,1053530,46,2,False,Left,Back,Right,Centre,65
<_io.BytesIO object at 0x000001C1F46540E0>,0.3648008108139038,-0.225816547870636,-0.20681454241275787,1053530,46,2,False,Left,Back,Right,Centre,65
<_io.BytesIO object at 0x000001C1F4654360>,0.3380419909954071,-0.15566539764404297,-0.2626515030860901,1053530,46,2,False,Left,Back,Right,Centre,65
<_io.BytesIO object at 0x000001C1F46549F0>,0.3727503716945648,-0.16962869465351105,-0.2865569293498993,1053530,46,2,False,Left,Back,Right,Centre,65
<_io.BytesIO object at 0x000001C1F4654900>,0.3869675099849701,-0.2137477546930313,-0.2888427972793579,1053530,46,2,False,Left,Back,Right,Centre,65
<_io.BytesIO object at 0x000001C1F4667720>,0.35580122470855713,-0.14265389740467072,-0.22292017936706543,1053531,46,2,False,Left,Back,Right,Centre,65
<_io.BytesIO object at 0x000001C1F4667540>,0.3648008108139038,-0.225816547870636,-0.20681454241275787,1053531,46,2,False,Left,Back,Right,Centre,65
<_io.BytesIO object at 0x000001C1F46876D0>,0.3380419909954071,-0.15566539764404297,-0.2626515030860901,1053531,46,2,False,Left,Back,Right,Centre,65
<_io.BytesIO object at 0x000001C1F4687C70>,0.3727503716945648,-0.16962869465351105,-0.2865569293498993,1053531,46,2,False,Left,Back,Right,Centre,65
<_io.BytesIO object at 0x000001C1F4687C20>,0.3869675099849701,-0.2137477546930313,-0.2888427972793579,1053531,46,2,False,Left,Back,Right,Centre,65
<_io.BytesIO object at 0x000001C1F455C8B0>,0.35580122470855713,-0.14265389740467072,-0.22292017936706543,1053532,46,2,False,Left,Back,Right,Centre,65
<_io.BytesIO object at 0x000001C1F455C270>,0.3648008108139038,-0.225816547870636,-0.20681454241275787,1053532,46,2,False,Left,Back,Right,Centre,65
<_io.BytesIO object at 0x000001C1F4687540>,0.3380419909954071,-0.15566539764404297,-0.2626515030860901,1053532,46,2,False,Left,Back,Right,Centre,65
<_io.BytesIO object at 0x000001C1F4687F40>,0.3727503716945648,-0.16962869465351105,-0.2865569293498993,1053532,46,2,False,Left,Back,Right,Centre,65
<_io.BytesIO object at 0x000001C1F4687C20>,0.3869675099849701,-0.2137477546930313,-0.2888427972793579,1053532,46,2,False,Left,Back,Right,Centre,65
<_io.BytesIO object at 0x000001C1F453BC70>,0.35580122470855713,-0.14265389740467072,-0.22292017936706543,1053533,46,2,False,Left,Back,Right,Centre,65
<_io.BytesIO object at 0x000001C1F453B950>,0.3648008108139038,-0.225816547870636,-0.20681454241275787,1053533,46,2,False,Left,Back,Right,Centre,65
<_io.BytesIO object at 0x000001C1F46775E0>,0.3380419909954071,-0.15566539764404297,-0.2626515030860901,1053533,46,2,False,Left,Back,Right,Centre,65
<_io.BytesIO object at 0x000001C1F4677A90>,0.3727503716945648,-0.16962869465351105,-0.2865569293498993,1053533,46,2,False,Left,Back,Right,Centre,65
<_io.BytesIO object at 0x000001C1F4677BD0>,0.3869675099849701,-0.2137477546930313,-0.2888427972793579,1053533,46,2,False,Left,Back,Right,Centre,65
<_io.BytesIO object at 0x000001C1F4653360>,0.35580122470855713,-0.14265389740467072,-0.22292017936706543,1053534,46,2,False,Left,Back,Right,Centre,65
<_io.BytesIO object at 0x000001C1F4561E00>,0.3648008108139038,-0.225816547870636,-0.20681454241275787,1053534,46,2,False,Left,Back,Right,Centre,65
<_io.BytesIO object at 0x000001C1F4561270>,0.3380419909954071,-0.15566539764404297,-0.2626515030860901,1053534,46,2,False,Left,Back,Right,Centre,65
<_io.BytesIO object at 0x000001C1F4561F90>,0.3727503716945648,-0.16962869465351105,-0.2865569293498993,1053534,46,2,False,Left,Back,Right,Centre,65
<_io.BytesIO object at 0x000001C1F4561950>,0.3869675099849701,-0.2137477546930313,-0.2888427972793579,1053534,46,2,False,Left,Back,Right,Centre,65
<_io.BytesIO object at 0x000001C1F465A4F0>,0.35580122470855713,-0.14265389740467072,-0.22292017936706543,1053535,46,2,False,Left,Back,Right,Centre,65
<_io.BytesIO object at 0x000001C1F465A310>,0.3648008108139038,-0.225816547870636,-0.20681454241275787,1053535,46,2,False,Left,Back,Right,Centre,65
<_io.BytesIO object at 0x000001C1F1805EA0>,0.3380419909954071,-0.15566539764404297,-0.2626515030860901,1053535,46,2,False,Left,Back,Right,Centre,65
<_io.BytesIO object at 0x000001C1F1805040>,0.3727503716945648,-0.16962869465351105,-0.2865569293498993,1053535,46,2,False,Left,Back,Right,Centre,65
<_io.BytesIO object at 0x000001C1F18059F0>,0.3869675099849701,-0.2137477546930313,-0.2888427972793579,1053535,46,2,False,Left,Back,Right,Centre,65
<_io.BytesIO object at 0x000001C1F467A0E0>,0.35580122470855713,-0.14265389740467072,-0.22292017936706543,1053536,46,2,False,Left,Back,Right,Centre,65
<_io.BytesIO object at 0x000001C1F467AB80>,0.3648008108139038,-0.225816547870636,-0.20681454241275787,1053536,46,2,False,Left,Back,Right,Centre,65
<_io.BytesIO object at 0x000001C1F467AD10>,0.3380419909954071,-0.15566539764404297,-0.2626515030860901,1053536,46,2,False,Left,Back,Right,Centre,65
<_io.BytesIO object at 0x000001C1F4654590>,0.3727503716945648,-0.16962869465351105,-0.2865569293498993,1053536,46,2,False,Left,Back,Right,Centre,65
<_io.BytesIO object at 0x000001C1F4654F90>,0.3869675099849701,-0.2137477546930313,-0.2888427972793579,1053536,46,2,False,Left,Back,Right,Centre,65
<_io.BytesIO object at 0x000001C1F4563540>,0.35580122470855713,-0.14265389740467072,-0.22292017936706543,1053537,46,2,False,Left,Back,Right,Centre,65
<_io.BytesIO object at 0x000001C1F4654EF0>,0.3648008108139038,-0.225816547870636,-0.20681454241275787,1053537,46,2,False,Left,Back,Right,Centre,65
<_io.BytesIO object at 0x000001C1F4654F40>,0.3380419909954071,-0.15566539764404297,-0.2626515030860901,1053537,46,2,False,Left,Back,Right,Centre,65
<_io.BytesIO object at 0x000001C1F4654CC0>,0.3727503716945648,-0.16962869465351105,-0.2865569293498993,1053537,46,2,False,Left,Back,Right,Centre,65
<_io.BytesIO object at 0x000001C1F4654720>,0.3869675099849701,-0.2137477546930313,-0.2888427972793579,1053537,46,2,False,Left,Back,Right,Centre,65
<_io.BytesIO object at 0x000001C1F456CA40>,0.35580122470855713,-0.14265389740467072,-0.22292017936706543,1053538,46,2,False,Left,Back,Right,Centre,65
<_io.BytesIO object at 0x000001C1F1805630>,0.3648008108139038,-0.225816547870636,-0.20681454241275787,1053538,46,2,False,Left,Back,Right,Centre,65
<_io.BytesIO object at 0x000001C1F1805EF0>,0.3380419909954071,-0.15566539764404297,-0.2626515030860901,1053538,46,2,False,Left,Back,Right,Centre,65
<_io.BytesIO object at 0x000001C1F18059A0>,0.3727503716945648,-0.16962869465351105,-0.2865569293498993,1053538,46,2,False,Left,Back,Right,Centre,65
<_io.BytesIO object at 0x000001C1F1805310>,0.3869675099849701,-0.2137477546930313,-0.2888427972793579,1053538,46,2,False,Left,Back,Right,Centre,65
<_io.BytesIO object at 0x000001C1F4569F90>,0.35580122470855713,-0.14265389740467072,-0.22292017936706543,1053539,46,2,False,Left,Back,Right,Centre,65
<_io.BytesIO object at 0x000001C1ECBE5720>,0.3648008108139038,-0.225816547870636,-0.20681454241275787,1053539,46,2,False,Left,Back,Right,Centre,65
<_io.BytesIO object at 0x000001C1ECBE5180>,0.3380419909954071,-0.15566539764404297,-0.2626515030860901,1053539,46,2,False,Left,Back,Right,Centre,65
<_io.BytesIO object at 0x000001C1F45612C0>,0.3727503716945648,-0.16962869465351105,-0.2865569293498993,1053539,46,2,False,Left,Back,Right,Centre,65
<_io.BytesIO object at 0x000001C1F4561950>,0.3869675099849701,-0.2137477546930313,-0.2888427972793579,1053539,46,2,False,Left,Back,Right,Centre,65
<_io.BytesIO object at 0x000001C1F45656D0>,0.35580122470855713,-0.14265389740467072,-0.22292017936706543,1053540,46,2,False,Left,Back,Right,Centre,65
<_io.BytesIO object at 0x000001C1F4565BD0>,0.3648008108139038,-0.225816547870636,-0.20681454241275787,1053540,46,2,False,Left,Back,Right,Centre,65
<_io.BytesIO object at 0x000001C1F4677180>,0.3380419909954071,-0.15566539764404297,-0.2626515030860901,1053540,46,2,False,Left,Back,Right,Centre,65
<_io.BytesIO object at 0x000001C1F4677720>,0.3727503716945648,-0.16962869465351105,-0.2865569293498993,1053540,46,2,False,Left,Back,Right,Centre,65
<_io.BytesIO object at 0x000001C1F46773B0>,0.3869675099849701,-0.2137477546930313,-0.2888427972793579,1053540,46,2,False,Left,Back,Right,Centre,65
<_io.BytesIO object at 0x000001C1F4667180>,0.35580122470855713,-0.14265389740467072,-0.22292017936706543,1053541,46,2,False,Left,Back,Right,Centre,65
<_io.BytesIO object at 0x000001C1F4667590>,0.3648008108139038,-0.225816547870636,-0.20681454241275787,1053541,46,2,False,Left,Back,Right,Centre,65
<_io.BytesIO object at 0x000001C1F4687590>,0.3380419909954071,-0.15566539764404297,-0.2626515030860901,1053541,46,2,False,Left,Back,Right,Centre,65
<_io.BytesIO object at 0x000001C1F4687E50>,0.3727503716945648,-0.16962869465351105,-0.2865569293498993,1053541,46,2,False,Left,Back,Right,Centre,65
<_io.BytesIO object at 0x000001C1F46877C0>,0.3869675099849701,-0.2137477546930313,-0.2888427972793579,1053541,46,2,False,Left,Back,Right,Centre,65
<_io.BytesIO object at 0x000001C1F453B950>,0.35580122470855713,-0.14265389740467072,-0.22292017936706543,1053542,46,2,False,Left,Back,Right,Centre,65
<_io.BytesIO object at 0x000001C1F4677810>,0.3648008108139038,-0.225816547870636,-0.20681454241275787,1053542,46,2,False,Left,Back,Right,Centre,65
<_io.BytesIO object at 0x000001C1F4677B80>,0.3380419909954071,-0.15566539764404297,-0.2626515030860901,1053542,46,2,False,Left,Back,Right,Centre,65
<_io.BytesIO object at 0x000001C1F46771D0>,0.3727503716945648,-0.16962869465351105,-0.2865569293498993,1053542,46,2,False,Left,Back,Right,Centre,65
<_io.BytesIO object at 0x000001C1F46772C0>,0.3869675099849701,-0.2137477546930313,-0.2888427972793579,1053542,46,2,False,Left,Back,Right,Centre,65
<_io.BytesIO object at 0x000001C1F45619F0>,0.35580122470855713,-0.14265389740467072,-0.22292017936706543,1053543,46,2,False,Left,Back,Right,Centre,65
<_io.BytesIO object at 0x000001C1F4561EF0>,0.3648008108139038,-0.225816547870636,-0.20681454241275787,1053543,46,2,False,Left,Back,Right,Centre,65
<_io.BytesIO object at 0x000001C1F45613B0>,0.3380419909954071,-0.15566539764404297,-0.2626515030860901,1053543,46,2,False,Left,Back,Right,Centre,65
<_io.BytesIO object at 0x000001C1ECBE5220>,0.3727503716945648,-0.16962869465351105,-0.2865569293498993,1053543,46,2,False,Left,Back,Right,Centre,65
<_io.BytesIO object at 0x000001C1ECBE5900>,0.3869675099849701,-0.2137477546930313,-0.2888427972793579,1053543,46,2,False,Left,Back,Right,Centre,65
<_io.BytesIO object at 0x000001C1F465A310>,0.35580122470855713,-0.14265389740467072,-0.22292017936706543,1053544,46,2,False,Left,Back,Right,Centre,65
<_io.BytesIO object at 0x000001C1F1805B80>,0.3648008108139038,-0.225816547870636,-0.20681454241275787,1053544,46,2,False,Left,Back,Right,Centre,65
<_io.BytesIO object at 0x000001C1F1805590>,0.3380419909954071,-0.15566539764404297,-0.2626515030860901,1053544,46,2,False,Left,Back,Right,Centre,65
<_io.BytesIO object at 0x000001C1F1805360>,0.3727503716945648,-0.16962869465351105,-0.2865569293498993,1053544,46,2,False,Left,Back,Right,Centre,65
<_io.BytesIO object at 0x000001C1F18051D0>,0.3869675099849701,-0.2137477546930313,-0.2888427972793579,1053544,46,2,False,Left,Back,Right,Centre,65
<_io.BytesIO object at 0x000001C1F467ABD0>,0.35580122470855713,-0.14265389740467072,-0.22292017936706543,1053545,46,2,False,Left,Back,Right,Centre,65
<_io.BytesIO object at 0x000001C1F4654590>,0.3648008108139038,-0.225816547870636,-0.20681454241275787,1053545,46,2,False,Left,Back,Right,Centre,65
<_io.BytesIO object at 0x000001C1F4654E50>,0.3380419909954071,-0.15566539764404297,-0.2626515030860901,1053545,46,2,False,Left,Back,Right,Centre,65
<_io.BytesIO object at 0x000001C1F4654180>,0.3727503716945648,-0.16962869465351105,-0.2865569293498993,1053545,46,2,False,Left,Back,Right,Centre,65
<_io.BytesIO object at 0x000001C1F4654C70>,0.3869675099849701,-0.2137477546930313,-0.2888427972793579,1053545,46,2,False,Left,Back,Right,Centre,65
